
16
5
-14
-38
-57
-70
-77
-79
-74
-59
-37
-11
11
28
38
45
47
43
35
24
14
2
-7
-14
-20
-24
-27
-28
-27
-21
-12
0
11
22
39
59
81
99
105
98
82
60
33
5
-21
-39
-47
-46
-40
-28
-12
7
27
40
52
57
54
48
41
34
28
14
-6
-25
-34
-38
-41
-47
-50
-50
-42
-35
-22
-11
0
9
17
23
26
23
17
7
-2
-10
-18
-24
-27
-28
-26
-22
-16
-9
-1
5
13
21
31
37
39
39
39
40
39
35
29
23
16
10
4
3
4
6
4
4
7
14
22
27
30
31
30
25
20
17
15
15
20
26
28
26
24
25
25
21
14
11
15
20
27
32
37
41
44
42
38
32
27
23
21
21
24
28
34
38
42
43
43
37
26
10
-8
-23
-33
-37
-39
-37
-29
-18
-5
6
13
19
25
25
25
21
17
13
5
-4
-13
-23
-36
-48
-53
-50
-41
-32
-23
-13
-3
6
11
17
20
22
23
24
27
29
27
20
14
9
0
-10
-15
-11
0
15
30
46
57
66
71
74
76
73
65
58
53
51
51
51
51
54
56
60
66
69
66
56
49
41
32
21
15
15
19
23
27
34
35
29
19
7
-6
-27
-50
-70
-80
-87
-90
-91
-89
-82
-76
-66
-52
-35
-26
-25
-24
-20
-15
-12
-11
-11
-11
-15
-23
-31
-38
-39
-36
-26
-11
9
25
32
31
28
24
21
23
36
65
108
152
186
199
186
150
101
45
-14
-71
-117
-143
-143
-115
-66
-7
50
98
139
171
188
181
157
124
87
46
6
-30
-59
-83
-107
-125
-134
-131
-122
-109
-89
-58
-23
18
58
91
113
122
115
94
60
20
-23
-66
-109
-149
-185
-214
-226
-216
-182
-134
-80
-21
43
105
156
185
195
188
169
136
91
39
-14
-59
-94
-114
-121
-115
-94
-61
-21
17
49
73
93
106
109
101
86
73
63
54
34
5
-31
-63
-90
-107
-117
-116
-107
-91
-69
-40
-8
19
38
56
74
87
83
62
34
12
-5
-17
-24
-24
-18
-9
2
16
34
44
42
33
27
23
23
19
14
12
18
27
31
24
9
-6
-14
-15
-14
-14
-15
-13
-7
3
12
18
15
10
10
13
14
8
-3
-12
-13
-16
-21
-29
-27
-14
5
19
26
28
28
24
17
10
3
-9
-26
-40
-43
-39
-33
-28
-24
-12
2
8
7
4
1
3
8
10
17
27
40
52
59
61
59
47
30
15
4
-3
-13
-21
-19
-8
4
12
16
19
21
21
18
15
14
14
9
0
-9
-10
-6
-1
-3
-8
-14
-18
-21
-24
-28
-28
-28
-28
-31
-32
-32
-30
-28
-26
-24
-22
-14
0
16
24
25
26
26
22
4
-17
-32
-40
-42
-43
-43
-39
-29
-14
6
28
44
54
61
66
63
52
36
21
9
-2
-9
-12
-12
-9
-3
11
27
39
47
53
61
66
67
63
56
46
30
15
2
-6
-12
-16
-17
-14
-9
-1
5
13
19
24
28
31
30
27
20
10
-2
-14
-27
-39
-48
-55
-59
-61
-59
-54
-43
-27
-11
1
10
21
31
36
37
33
29
24
14
2
-6
-11
-16
-21
-22
-17
-10
0
13
29
46
61
73
83
88
88
84
83
81
76
66
55
44
37
26
13
2
-2
-1
1
1
2
11
29
50
74
103
137
172
204
222
218
188
136
69
2
-60
-115
-163
-190
-186
-159
-123
-87
-48
-4
37
65
77
79
67
36
-16
-67
-103
-129
-157
-184
-198
-193
-180
-172
-163
-142
-112
-80
-57
-40
-28
-13
-1
12
18
18
14
11
14
15
15
13
12
15
19
26
34
41
41
35
34
43
56
63
64
71
84
93
90
80
68
61
53
46
40
43
55
80
109
138
161
175
182
177
160
135
108
82
55
23
-6
-25
-36
-45
-60
-76
-83
-74
-47
-18
2
20
45
81
112
116
96
65
40
12
-29
-85
-138
-175
-192
-195
-189
-174
-144
-97
-36
27
77
112
136
150
150
134
99
56
2
-56
-115
-165
-201
-226
-238
-233
-209
-173
-132
-90
-50
-20
-9
-13
-20
-24
-35
-61
-92
-107
-107
-107
-120
-133
-129
-107
-88
-85
-92
-92
-80
-64
-52
-45
-28
3
48
94
137
172
203
223
224
207
174
130
82
33
-7
-29
-21
14
65
126
198
287
379
449
461
415
333
249
180
116
43
-26
-60
-33
26
62
36
-26
-64
-51
-25
-40
-92
-118
-69
33
112
132
122
136
175
185
118
-7
-129
-214
-272
-328
-375
-383
-339
-257
-169
-84
4
90
150
167
145
116
94
64
10
-62
-120
-140
-127
-109
-104
-112
-113
-93
-57
-33
-37
-52
-33
42
145
214
234
249
305
385
421
368
248
119
15
-83
-199
-325
-422
-450
-402
-305
-204
-116
-23
91
211
286
285
227
159
91
8
-105
-223
-311
-363
-389
-393
-360
-301
-242
-196
-151
-90
-30
6
19
32
54
69
64
48
34
20
-5
-29
-36
-28
-28
-40
-38
-3
44
67
69
71
85
93
79
60
68
115
190
286
409
553
685
757
744
648
481
260
-2
-273
-507
-657
-696
-627
-478
-282
-49
223
516
774
921
926
816
635
410
142
-149
-408
-590
-699
-754
-753
-677
-533
-374
-253
-166
-82
11
84
119
135
179
266
364
428
431
381
294
172
8
-198
-425
-622
-745
-773
-714
-590
-415
-200
47
302
523
666
716
682
594
466
308
138
-4
-82
-94
-69
-45
-39
-43
-53
-84
-152
-245
-328
-370
-362
-305
-193
-30
142
272
352
421
485
490
380
177
-35
-205
-349
-508
-659
-742
-723
-623
-488
-351
-231
-132
-42
50
130
157
109
25
-27
-31
-29
-61
-113
-150
-175
-214
-282
-380
-521
-709
-891
-953
-790
-386
199
893
1651
2453
3217
3718
3639
2829
1510
127
-1055
-2118
-3173
-3988
-4099
-3324
-2013
-711
345
1292
2276
3142
3535
3234
2374
1365
572
44
-424
-966
-1437
-1574
-1348
-1030
-892
-950
-1041
-1077
-1095
-1114
-1033
-735
-224
374
934
1429
1873
2205
2276
1978
1403
757
136
-573
-1469
-2372
-2912
-2869
-2385
-1775
-1222
-681
-40
707
1400
1804
1790
1491
1228
1194
1229
1007
460
-96
-322
-266
-287
-620
-1103
-1393
-1344
-1112
-921
-803
-602
-189
370
879
1197
1330
1366
1350
1258
1053
736
330
-120
-543
-859
-1050
-1162
-1223
-1186
-988
-647
-267
50
279
439
546
618
664
654
529
286
25
-134
-182
-212
-297
-394
-418
-354
-267
-221
-214
-205
-172
-135
-120
-108
-54
63
189
242
197
101
1
-91
-171
-200
-154
-85
-55
-43
38
180
262
209
108
77
98
47
-106
-227
-211
-121
-67
-47
25
154
256
291
308
329
288
136
-39
-97
-28
42
22
-31
-6
106
216
249
215
155
77
-24
-115
-145
-109
-60
-35
-4
75
176
216
167
95
75
100
108
76
45
51
66
56
39
64
161
288
388
420
374
259
102
-53
-171
-251
-305
-320
-266
-142
-17
40
41
63
142
211
179
50
-78
-140
-177
-254
-365
-448
-471
-466
-460
-424
-330
-204
-99
-29
31
86
105
49
-60
-164
-224
-259
-312
-399
-466
-451
-341
-199
-104
-89
-114
-123
-96
-63
-54
-58
-32
42
124
153
119
62
0
-103
-277
-483
-633
-689
-688
-664
-609
-516
-417
-309
-79
418
1192
2106
3010
3811
4373
4441
3788
2451
741
-977
-2465
-3619
-4374
-4651
-4344
-3358
-1770
50
1582
2566
3181
3691
3980
3645
2563
1180
77
-615
-1188
-1828
-2323
-2382
-2041
-1631
-1398
-1306
-1197
-1023
-860
-751
-616
-327
154
724
1227
1601
1908
2186
2300
2018
1272
278
-659
-1441
-2187
-2922
-3399
-3305
-2617
-1648
-743
11
709
1398
1967
2240
2122
1674
1105
669
470
363
119
-259
-515
-491
-382
-531
-965
-1336
-1336
-1057
-819
-740
-615
-225
388
995
1422
1651
1716
1629
1390
1025
573
90
-344
-653
-827
-929
-997
-993
-884
-723
-593
-488
-333
-127
18
45
69
239
507
663
612
514
548
638
538
175
-238
-471
-542
-638
-844
-1045
-1091
-955
-728
-511
-354
-230
-65
153
330
353
243
144
144
182
166
94
21
-61
-188
-335
-424
-454
-497
-579
-620
-557
-439
-362
-341
-320
-269
-221
-201
-180
-105
81
439
1018
1794
2639
3356
3755
3687
3048
1840
254
-1365
-2692
-3596
-4123
-4288
-3944
-2933
-1360
346
1747
2717
3413
3913
4022
3504
2423
1173
134
-604
-1181
-1661
-1937
-1886
-1586
-1279
-1117
-1053
-954
-814
-744
-758
-687
-350
220
823
1323
1747
2148
2427
2383
1928
1165
287
-580
-1409
-2194
-2865
-3258
-3197
-2631
-1738
-825
-93
502
1102
1677
2012
1959
1637
1299
1058
832
525
186
-86
-266
-421
-609
-834
-1059
-1207
-1197
-1029
-807
-620
-406
-30
509
1066
1525
1901
2196
2270
1967
1338
601
-99
-803
-1547
-2205
-2550
-2454
-1963
-1243
-486
162
677
1127
1510
1666
1436
881
271
-190
-534
-883
-1215
-1360
-1210
-849
-455
-131
119
319
449
471
365
163
-62
-234
-330
-390
-462
-530
-539
-467
-361
-275
-187
-56
87
139
74
-6
-22
-57
-253
-596
-910
-1060
-1045
-834
-271
748
2096
3507
4740
5493
5308
3903
1638
-638
-2398
-3845
-5307
-6409
-6287
-4649
-2277
-252
1125
2377
3916
5340
5783
4840
3000
1196
-28
-830
-1619
-2439
-2903
-2716
-2071
-1419
-986
-660
-359
-246
-492
-926
-1137
-889
-317
303
856
1427
2084
2695
2977
2729
2012
1088
142
-904
-2177
-3484
-4311
-4264
-3466
-2386
-1369
-430
548
1560
2425
2883
2752
2135
1437
1035
854
459
-291
-951
-997
-542
-234
-444
-850
-945
-712
-564
-721
-920
-783
-282
294
714
1022
1370
1766
2021
1952
1544
928
221
-540
-1332
-2054
-2558
-2733
-2538
-2018
-1274
-422
453
1294
1973
2295
2153
1650
968
206
-606
-1354
-1860
-2058
-2017
-1765
-1232
-464
279
762
1026
1246
1404
1310
897
359
-93
-428
-686
-844
-877
-866
-880
-838
-611
-240
75
235
337
479
599
580
451
319
187
-68
-484
-908
-1120
-1005
-554
245
1436
2940
4402
5222
4873
3332
1217
-643
-1935
-3022
-4264
-5297
-5262
-3828
-1713
45
1179
2248
3618
4761
4805
3582
1844
418
-556
-1434
-2346
-2958
-2917
-2281
-1423
-637
-6
428
572
377
-34
-445
-689
-723
-617
-439
-148
390
1192
1959
2258
1973
1446
1049
687
-61
-1326
-2645
-3346
-3174
-2398
-1464
-647
14
607
1207
1736
1941
1620
915
288
50
34
-155
-572
-814
-569
-64
195
51
-162
-141
-15
-92
-382
-579
-501
-279
-65
205
627
1063
1268
1193
979
670
166
-506
-1077
-1322
-1325
-1314
-1315
-1149
-718
-149
357
721
952
1037
927
615
152
-375
-873
-1251
-1445
-1442
-1266
-939
-490
23
512
884
1076
1079
939
722
458
130
-254
-621
-856
-906
-818
-673
-500
-261
71
426
684
783
782
730
574
218
-297
-778
-1095
-1312
-1492
-1455
-867
394
2085
3825
5293
6123
5865
4329
1954
-465
-2477
-4202
-5736
-6623
-6221
-4529
-2343
-457
1043
2552
4169
5377
5529
4501
2808
1134
-205
-1313
-2333
-3097
-3279
-2807
-2001
-1240
-637
-121
255
298
-48
-562
-943
-1046
-880
-472
157
954
1800
2528
2936
2868
2356
1597
727
-328
-1635
-2956
-3800
-3844
-3233
-2366
-1502
-618
384
1447
2309
2650
2355
1667
1053
790
702
412
-137
-557
-493
-126
11
-306
-718
-776
-548
-503
-822
-1122
-958
-410
79
319
541
929
1286
1311
1041
748
533
224
-296
-882
-1314
-1522
-1554
-1437
-1194
-884
-549
-147
315
678
746
530
227
-38
-319
-659
-928
-964
-783
-526
-235
160
641
1028
1150
1015
737
367
-90
-559
-912
-1094
-1146
-1086
-860
-468
-39
298
557
824
1079
1183
1069
820
523
156
-314
-790
-1128
-1311
-1421
-1417
-1068
-164
1281
3054
4830
6129
6363
5216
3039
641
-1399
-3125
-4759
-6055
-6352
-5316
-3384
-1378
246
1615
2993
4276
4972
4664
3427
1807
366
-707
-1555
-2268
-2702
-2663
-2179
-1488
-842
-388
-186
-214
-370
-556
-772
-1015
-1124
-871
-241
524
1199
1779
2291
2569
2398
1819
1070
262
-710
-1850
-2860
-3370
-3271
-2740
-2009
-1235
-475
293
1108
1846
2181
1904
1256
784
729
755
436
-123
-396
-145
232
206
-209
-529
-485
-334
-426
-691
-780
-586
-342
-204
-22
363
802
1030
1036
1025
1044
886
403
-258
-843
-1250
-1505
-1598
-1499
-1266
-979
-613
-116
390
638
540
312
177
72
-210
-651
-984
-1008
-802
-536
-243
133
538
825
929
889
720
375
-124
-605
-917
-1060
-1102
-1024
-752
-324
105
452
763
1044
1153
975
602
247
-20
-305
-654
-943
-1044
-987
-824
-396
589
2198
4052
5510
6061
5551
4165
2273
245
-1695
-3451
-4890
-5718
-5631
-4609
-3009
-1291
321
1853
3305
4434
4887
4484
3357
1853
329
-973
-1953
-2606
-2924
-2867
-2430
-1748
-1061
-541
-195
40
141
22
-307
-665
-841
-736
-360
239
963
1627
2031
2116
1996
1739
1232
313
-929
-2105
-2829
-3000
-2779
-2333
-1710
-908
12
939
1716
2146
2083
1610
1051
692
501
233
-176
-462
-360
42
379
436
321
235
191
65
-170
-398
-533
-604
-633
-549
-302
-7
165
197
243
390
518
476
297
128
-10
-231
-559
-839
-949
-975
-1036
-1056
-866
-502
-224
-163
-171
-82
10
-76
-278
-340
-199
-56
-49
-38
137
360
391
231
96
71
-12
-280
-580
-674
-551
-397
-308
-198
22
281
440
422
246
-34
-342
-575
-666
-646
-601
-527
-260
421
1623
3210
4830
6005
6298
5518
3855
1786
-258
-2148
-3938
-5481
-6301
-5963
-4562
-2691
-908
695
2303
3871
4969
5154
4420
3171
1837
565
-676
-1828
-2683
-3070
-3008
-2634
-2056
-1383
-805
-517
-516
-579
-520
-381
-304
-286
-164
156
618
1104
1512
1751
1773
1658
1510
1208
448
-841
-2227
-3099
-3240
-2923
-2495
-2042
-1446
-617
401
1414
2088
2170
1809
1471
1393
1247
604
-377
-1014
-930
-501
-311
-426
-446
-161
189
305
198
47
-97
-272
-412
-400
-263
-143
-64
111
435
734
794
601
310
29
-259
-553
-784
-908
-976
-1028
-982
-743
-386
-134
-125
-235
-255
-166
-141
-282
-443
-401
-130
180
353
394
389
369
300
161
-35
-273
-505
-627
-577
-428
-320
-268
-159
46
219
216
74
-73
-187
-338
-536
-680
-709
-668
-564
-222
587
1908
3530
5083
6127
6254
5288
3467
1309
-788
-2749
-4577
-6000
-6530
-5903
-4352
-2397
-436
1416
3133
4560
5409
5430
4586
3094
1336
-297
-1568
-2451
-3022
-3299
-3177
-2569
-1624
-721
-203
-100
-178
-211
-164
-114
-106
-110
-60
128
558
1212
1836
2099
1914
1531
1215
872
154
-1047
-2337
-3144
-3223
-2800
-2239
-1694
-1069
-241
750
1654
2154
2123
1790
1544
1486
1300
708
-71
-515
-468
-320
-449
-720
-743
-483
-282
-321
-411
-340
-186
-104
-26
177
397
421
308
348
592
717
465
19
-265
-357
-528
-887
-1205
-1257
-1102
-914
-721
-457
-186
-49
-34
8
99
61
-217
-547
-663
-539
-364
-224
-11
337
671
814
765
620
352
-116
-679
-1050
-1073
-887
-714
-577
-332
64
495
812
974
994
879
632
288
-107
-515
-888
-1153
-1237
-1089
-666
78
1176
2602
4179
5490
5965
5239
3506
1409
-544
-2315
-4027
-5415
-5875
-5111
-3533
-1844
-373
1041
2557
3932
4684
4533
3591
2229
815
-433
-1443
-2215
-2719
-2875
-2628
-2026
-1242
-516
-57
80
13
-94
-183
-311
-495
-610
-497
-122
401
905
1276
1481
1567
1577
1411
865
-116
-1236
-2047
-2356
-2326
-2177
-1920
-1443
-731
108
936
1563
1780
1552
1150
911
828
601
117
-290
-246
140
369
157
-254
-440
-315
-133
-107
-177
-186
-117
-50
24
174
365
444
345
200
140
106
-47
-278
-379
-282
-194
-320
-568
-657
-505
-319
-286
-337
-313
-236
-266
-441
-611
-663
-666
-711
-723
-554
-217
107
289
386
509
636
645
462
149
-186
-467
-662
-773
-830
-846
-766
-520
-140
213
412
468
464
400
212
-89
-394
-603
-687
-560
-15
1113
2718
4390
5613
5978
5325
3816
1883
-35
-1784
-3459
-5018
-6026
-5944
-4706
-2830
-929
820
2585
4330
5577
5788
4896
3354
1707
217
-1123
-2326
-3244
-3647
-3429
-2728
-1850
-1057
-450
-36
159
138
10
-95
-185
-350
-501
-350
242
1011
1531
1689
1723
1792
1696
1125
61
-1195
-2283
-2988
-3230
-3040
-2558
-1932
-1174
-219
848
1707
2077
2023
1889
1892
1871
1501
722
-117
-588
-620
-524
-593
-752
-702
-359
0
85
-63
-169
-105
-1
0
-63
-74
5
126
274
422
490
415
246
71
-138
-461
-841
-1066
-1029
-856
-705
-560
-321
-54
59
-19
-120
-145
-225
-500
-837
-940
-701
-303
34
280
499
678
728
623
415
141
-204
-578
-877
-1023
-1029
-922
-699
-375
-45
205
366
467
458
255
-89
-410
-620
-798
-955
-827
-64
1391
3202
4923
6203
6722
6170
4541
2328
178
-1695
-3515
-5315
-6525
-6464
-5139
-3277
-1546
37
1784
3647
5079
5554
5040
3915
2551
1128
-277
-1548
-2538
-3131
-3259
-2921
-2233
-1448
-847
-564
-516
-523
-510
-547
-700
-881
-882
-550
99
917
1703
2299
2639
2744
2612
2106
1054
-477
-2075
-3239
-3747
-3741
-3460
-2986
-2252
-1210
34
1220
2035
2333
2265
2143
2072
1852
1289
572
105
17
5
-253
-680
-927
-840
-608
-479
-479
-470
-370
-205
-2
256
530
708
707
585
473
413
328
131
-155
-441
-675
-858
-980
-1023
-1005
-948
-797
-477
-59
222
222
55
-82
-189
-420
-757
-940
-791
-448
-153
74
374
729
924
837
584
302
-45
-510
-962
-1182
-1122
-928
-698
-386
26
406
599
599
481
261
-96
-527
-879
-1054
-1039
-747
42
1472
3352
5230
6637
7208
6662
4953
2487
-24
-2148
-3992
-5715
-6929
-6940
-5596
-3569
-1610
194
2141
4130
5523
5816
5138
3941
2501
910
-651
-1902
-2709
-3122
-3168
-2786
-2049
-1256
-691
-375
-195
-146
-333
-724
-1082
-1188
-1014
-622
-11
815
1699
2408
2848
3076
3044
2507
1295
-369
-1990
-3210
-3961
-4269
-4094
-3446
-2486
-1385
-163
1112
2130
2570
2520
2407
2404
2183
1426
420
-181
-132
132
76
-302
-593
-564
-414
-447
-705
-995
-1146
-1114
-890
-462
85
570
890
1133
1394
1546
1348
775
97
-423
-812
-1219
-1606
-1767
-1628
-1325
-976
-563
-104
207
217
44
-64
-90
-238
-579
-869
-827
-457
12
399
669
814
799
637
387
60
-367
-826
-1141
-1208
-1107
-948
-710
-338
67
291
266
143
61
-42
-295
-662
-958
-1040
-857
-304
813
2543
4579
6335
7231
6955
5556
3400
968
-1393
-3576
-5479
-6764
-6977
-5986
-4213
-2276
-481
1262
3046
4607
5454
5296
4302
2919
1514
206
-1004
-2053
-2769
-3013
-2771
-2159
-1401
-760
-429
-397
-494
-594
-736
-987
-1250
-1306
-1001
-370
450
1309
2061
2599
2907
2998
2752
1947
544
-1112
-2513
-3397
-3857
-4034
-3881
-3264
-2214
-936
328
1380
2074
2390
2488
2524
2412
1937
1143
443
170
166
-6
-451
-819
-789
-507
-367
-521
-767
-868
-792
-605
-332
5
324
572
813
1109
1346
1298
894
324
-175
-546
-882
-1227
-1501
-1624
-1597
-1432
-1084
-566
-71
152
73
-79
-96
-39
-112
-350
-544
-502
-259
33
290
513
659
632
412
68
-337
-775
-1155
-1328
-1239
-1007
-767
-491
-82
386
685
698
533
338
92
-309
-829
-1257
-1376
-1052
-214
1164
2964
4877
6449
7166
6633
4860
2398
-20
-2092
-4041
-5950
-7214
-7033
-5400
-3237
-1377
258
2174
4267
5706
5861
4949
3624
2236
757
-773
-2068
-2873
-3151
-2961
-2364
-1536
-811
-446
-394
-430
-451
-553
-827
-1184
-1405
-1282
-734
155
1144
1958
2482
2818
3072
3111
2607
1389
-293
-1937
-3162
-3898
-4213
-4127
-3618
-2745
-1616
-338
913
1848
2271
2333
2379
2479
2307
1645
794
268
156
107
-96
-283
-284
-263
-441
-712
-807
-743
-764
-897
-858
-482
22
401
695
1057
1405
1489
1257
900
534
49
-608
-1238
-1593
-1685
-1715
-1730
-1551
-1065
-458
-23
155
228
305
286
72
-210
-310
-174
-2
67
148
414
764
913
744
413
67
-340
-853
-1317
-1534
-1501
-1353
-1116
-702
-149
334
602
723
788
722
401
-100
-540
-736
-622
-85
1049
2786
4754
6323
6917
6274
4545
2245
-40
-2048
-3910
-5674
-6845
-6718
-5218
-3133
-1253
411
2309
4350
5725
5801
4829
3518
2221
842
-632
-1915
-2759
-3162
-3166
-2726
-1914
-1078
-547
-331
-248
-249
-414
-707
-943
-1011
-916
-598
75
1030
1905
2413
2644
2824
2849
2313
1022
-681
-2205
-3208
-3731
-3930
-3848
-3416
-2572
-1366
-8
1147
1810
2015
2106
2340
2558
2345
1602
755
312
282
219
-164
-641
-825
-708
-634
-792
-989
-953
-718
-511
-405
-240
89
468
733
884
1039
1202
1226
987
527
12
-424
-744
-991
-1219
-1449
-1610
-1577
-1289
-864
-530
-413
-398
-276
-4
229
238
83
4
136
373
549
645
724
756
594
182
-344
-800
-1127
-1349
-1445
-1359
-1097
-744
-374
-3
354
649
828
849
662
247
-282
-683
-736
-340
538
1924
3732
5585
6840
6913
5685
3588
1278
-881
-2968
-5071
-6769
-7281
-6262
-4283
-2279
-605
1100
3106
4959
5879
5595
4527
3194
1765
238
-1222
-2330
-2952
-3136
-2923
-2323
-1508
-805
-447
-385
-432
-511
-666
-892
-1087
-1120
-896
-341
523
1491
2270
2726
2954
3033
2800
1987
584
-1051
-2456
-3387
-3871
-4025
-3900
-3430
-2521
-1221
166
1228
1768
1984
2215
2525
2629
2256
1512
801
417
296
179
-90
-434
-705
-867
-991
-1146
-1301
-1375
-1310
-1087
-699
-180
377
858
1211
1454
1581
1525
1241
785
274
-226
-691
-1085
-1366
-1540
-1648
-1651
-1444
-1035
-619
-387
-298
-168
58
217
176
30
-18
98
271
417
556
711
797
692
380
-29
-399
-674
-891
-1104
-1299
-1383
-1266
-964
-583
-210
123
391
542
551
448
263
-22
-346
-446
18
1193
2904
4759
6278
6961
6438
4776
2527
274
-1835
-3953
-5932
-7120
-6952
-5597
-3791
-2049
-279
1752
3820
5300
5765
5301
4259
2898
1356
-172
-1455
-2370
-2911
-3043
-2718
-2061
-1398
-973
-737
-519
-336
-380
-691
-1042
-1173
-1013
-602
65
929
1752
2294
2597
2864
3041
2731
1656
51
-1534
-2733
-3526
-3986
-4096
-3804
-3116
-2057
-715
622
1537
1863
1915
2122
2473
2518
1967
1124
554
440
457
259
-119
-420
-553
-671
-885
-1116
-1243
-1259
-1187
-965
-512
98
656
1069
1417
1769
1978
1817
1262
549
-78
-568
-999
-1371
-1572
-1539
-1347
-1126
-911
-659
-377
-166
-112
-195
-331
-467
-571
-573
-399
-78
255
514
722
903
970
823
500
124
-258
-686
-1138
-1500
-1687
-1702
-1555
-1207
-695
-179
207
473
663
722
564
241
-87
-297
-291
134
1201
2872
4739
6234
6864
6339
4684
2362
27
-2014
-3967
-5945
-7364
-7348
-5748
-3450
-1422
231
2018
4053
5693
6225
5593
4293
2798
1273
-232
-1604
-2688
-3355
-3486
-3029
-2175
-1352
-918
-862
-887
-803
-716
-806
-1030
-1139
-941
-426
324
1214
2081
2725
3071
3212
3166
2670
1438
-375
-2159
-3370
-3949
-4145
-4082
-3658
-2787
-1563
-191
1064
1911
2215
2219
2327
2575
2516
1828
873
335
387
523
276
-214
-524
-576
-677
-1004
-1394
-1634
-1702
-1614
-1269
-611
167
790
1215
1604
1982
2131
1849
1229
535
-74
-616
-1118
-1510
-1720
-1749
-1618
-1314
-860
-398
-110
-41
-83
-128
-200
-361
-542
-565
-347
1
302
506
690
884
984
858
485
-27
-554
-1005
-1327
-1473
-1437
-1275
-1057
-800
-491
-134
215
484
613
559
306
-79
-429
-525
-183
697
2124
3964
5831
7099
7173
5904
3739
1371
-831
-2967
-5127
-6872
-7445
-6552
-4746
-2862
-1183
614
2732
4732
5900
5927
5087
3811
2355
831
-627
-1858
-2747
-3201
-3144
-2621
-1896
-1309
-1028
-953
-904
-834
-842
-989
-1158
-1135
-793
-186
558
1352
2143
2834
3282
3381
3058
2219
825
-908
-2516
-3610
-4155
-4344
-4237
-3688
-2601
-1152
293
1400
2001
2170
2167
2223
2263
2012
1419
840
631
684
587
193
-235
-451
-572
-836
-1228
-1539
-1679
-1690
-1531
-1059
-302
467
1043
1486
1925
2242
2161
1614
841
120
-482
-1026
-1495
-1788
-1853
-1720
-1429
-1030
-618
-301
-106
13
44
-99
-412
-706
-760
-545
-230
37
260
521
835
1096
1159
931
443
-159
-697
-1093
-1388
-1627
-1741
-1620
-1268
-821
-413
-45
336
693
898
851
579
197
-168
-357
-149
674
2156
4050
5859
6987
6970
5707
3586
1250
-867
-2816
-4772
-6444
-7098
-6311
-4547
-2701
-1139
523
2608
4683
5904
5884
4974
3719
2351
878
-586
-1813
-2661
-3084
-3020
-2476
-1713
-1146
-979
-1018
-967
-815
-786
-974
-1181
-1155
-833
-296
419
1292
2188
2905
3374
3621
3499
2659
983
-1066
-2747
-3715
-4196
-4477
-4451
-3820
-2581
-1090
277
1334
2010
2312
2408
2500
2522
2159
1365
611
389
564
562
147
-307
-438
-428
-683
-1196
-1597
-1698
-1644
-1508
-1097
-336
475
1026
1399
1843
2258
2215
1561
676
5
-432
-892
-1435
-1837
-1927
-1758
-1449
-1049
-603
-235
-30
41
27
-92
-314
-506
-523
-390
-242
-124
68
392
741
962
990
831
475
-51
-618
-1066
-1359
-1563
-1683
-1623
-1327
-885
-445
-66
281
580
743
689
414
26
-269
-211
394
1568
3154
4870
6261
6752
5958
4077
1792
-361
-2399
-4502
-6361
-7224
-6680
-5141
-3394
-1794
-122
1851
3865
5309
5738
5199
4088
2797
1484
145
-1168
-2270
-2944
-3095
-2768
-2135
-1485
-1103
-1039
-1075
-1000
-885
-943
-1161
-1245
-947
-309
472
1268
2009
2614
3057
3376
3441
2864
1392
-628
-2423
-3510
-4029
-4323
-4407
-4012
-3011
-1594
-99
1140
1869
2098
2157
2369
2595
2367
1561
704
395
583
689
371
-119
-398
-481
-665
-1067
-1502
-1760
-1779
-1548
-1030
-279
485
1071
1500
1876
2132
2047
1533
778
62
-527
-1057
-1549
-1887
-1953
-1748
-1354
-854
-356
-18
63
-34
-131
-186
-331
-646
-964
-1021
-750
-329
71
450
842
1154
1235
1057
712
262
-288
-880
-1372
-1690
-1872
-1935
-1782
-1336
-705
-122
271
489
585
545
338
-6
-337
-403
68
1206
2885
4760
6348
7111
6601
4803
2312
-80
-2097
-4081
-6177
-7688
-7627
-5920
-3639
-1808
-333
1533
3874
5761
6287
5521
4222
2905
1557
97
-1275
-2306
-2923
-3123
-2844
-2145
-1392
-996
-985
-1034
-932
-846
-1036
-1431
-1660
-1416
-710
231
1172
1995
2676
3234
3646
3732
3199
1862
-72
-2029
-3442
-4148
-4391
-4428
-4194
-3423
-2043
-381
1048
1895
2186
2222
2312
2474
2384
1754
808
198
287
691
721
235
-274
-428
-461
-787
-1366
-1793
-1850
-1656
-1315
-747
34
796
1362
1816
2245
2448
2147
1399
552
-179
-865
-1547
-2024
-2104
-1875
-1560
-1204
-729
-207
129
189
133
80
-104
-539
-1027
-1195
-934
-489
-111
232
668
1143
1436
1409
1095
580
-60
-722
-1285
-1709
-2026
-2194
-2071
-1594
-927
-322
115
443
705
830
717
376
-30
-229
43
925
2380
4199
5998
7200
7211
5825
3446
784
-1718
-4019
-6072
-7459
-7643
-6535
-4644
-2636
-789
1070
3077
4908
5925
5786
4789
3523
2254
880
-619
-1929
-2743
-3042
-2937
-2428
-1600
-847
-568
-706
-862
-901
-1060
-1435
-1696
-1491
-867
-69
816
1769
2591
3079
3315
3462
3324
2449
733
-1326
-3055
-4102
-4512
-4516
-4313
-3850
-2835
-1188
535
1547
1701
1638
1908
2356
2576
2553
2450
2111
1325
445
124
400
589
229
-320
-521
-472
-671
-1233
-1774
-1993
-1960
-1767
-1287
-458
470
1183
1677
2163
2627
2734
2214
1210
130
-738
-1386
-1884
-2201
-2238
-1989
-1548
-1015
-462
22
327
418
345
149
-174
-560
-829
-822
-599
-330
-72
277
757
1201
1383
1221
790
211
-395
-916
-1312
-1630
-1883
-1933
-1628
-1036
-434
-15
258
494
654
613
334
-62
-380
-372
244
1630
3603
5644
7123
7551
6714
4781
2335
42
-1877
-3730
-5691
-7184
-7262
-5722
-3482
-1616
-238
1327
3369
5204
5919
5363
4163
2919
1727
451
-862
-1965
-2646
-2824
-2542
-1953
-1329
-912
-758
-771
-864
-1034
-1271
-1478
-1524
-1304
-753
134
1206
2161
2762
3080
3370
3644
3452
2292
253
-1903
-3398
-4083
-4347
-4484
-4346
-3614
-2249
-588
896
1852
2217
2261
2359
2587
2567
1934
901
145
67
359
436
131
-256
-472
-609
-885
-1335
-1804
-2108
-2086
-1634
-824
73
811
1395
1978
2529
2755
2417
1630
741
-33
-743
-1473
-2116
-2442
-2352
-1957
-1421
-828
-241
202
379
323
170
-29
-329
-700
-939
-866
-553
-217
76
439
913
1293
1334
998
454
-128
-663
-1099
-1410
-1627
-1774
-1751
-1429
-849
-256
141
362
524
619
538
278
-4
-140
-18
499
1590
3292
5284
6935
7563
6793
4802
2274
-72
-2035
-3940
-5949
-7486
-7658
-6249
-4053
-2026
-334
1502
3626
5400
6050
5492
4307
3031
1751
377
-988
-2092
-2786
-3070
-2927
-2351
-1535
-870
-616
-674
-788
-894
-1115
-1449
-1632
-1411
-778
105
1097
2071
2847
3334
3639
3808
3515
2304
232
-1969
-3553
-4387
-4778
-4852
-4451
-3495
-2167
-673
847
2126
2811
2880
2780
2837
2769
2094
947
78
-38
257
331
27
-333
-525
-683
-986
-1409
-1812
-2086
-2089
-1646
-765
240
1030
1572
2076
2584
2823
2516
1721
755
-141
-938
-1654
-2197
-2449
-2401
-2098
-1555
-817
-93
318
324
146
32
-39
-272
-679
-991
-953
-613
-209
127
453
819
1125
1209
989
508
-109
-711
-1189
-1548
-1836
-2001
-1880
-1405
-756
-211
130
373
588
684
561
273
-38
-262
-242
304
1613
3570
5663
7240
7780
7025
5110
2608
207
-1858
-3880
-6005
-7622
-7793
-6322
-4103
-2181
-677
1061
3322
5416
6355
5880
4594
3182
1823
394
-1046
-2224
-2953
-3241
-3096
-2490
-1590
-815
-485
-523
-651
-779
-1031
-1396
-1609
-1425
-848
-31
919
1891
2719
3314
3755
4017
3727
2463
346
-1881
-3509
-4410
-4827
-4878
-4453
-3514
-2196
-658
913
2168
2750
2712
2536
2542
2457
1862
903
233
210
465
429
29
-352
-484
-555
-839
-1329
-1803
-2076
-2058
-1676
-925
14
851
1454
1933
2400
2715
2578
1890
902
-40
-810
-1485
-2076
-2424
-2403
-2091
-1650
-1127
-504
97
441
451
290
136
-15
-220
-393
-392
-243
-111
-27
159
512
839
904
688
346
-34
-465
-925
-1306
-1538
-1633
-1584
-1332
-888
-382
49
361
551
587
466
276
105
-51
-182
-106
467
1693
3441
5343
6844
7283
6249
4019
1475
-679
-2516
-4483
-6454
-7535
-7015
-5251
-3293
-1678
-18
2158
4491
6017
6191
5340
4106
2771
1293
-260
-1629
-2645
-3283
-3451
-2994
-2036
-1079
-562
-431
-368
-301
-466
-966
-1522
-1760
-1537
-900
66
1187
2164
2824
3308
3777
3947
3240
1482
-764
-2708
-3989
-4678
-4854
-4476
-3623
-2535
-1332
28
1411
2390
2685
2574
2536
2592
2294
1456
571
257
487
666
398
-98
-412
-529
-756
-1231
-1739
-2018
-2025
-1798
-1278
-423
555
1322
1793
2180
2580
2723
2277
1324
316
-441
-1036
-1642
-2190
-2480
-2447
-2153
-1612
-856
-124
258
275
253
383
457
207
-216
-408
-262
-75
-58
-53
150
428
502
334
123
-60
-351
-800
-1213
-1397
-1377
-1262
-1044
-687
-294
-17
162
374
605
678
510
244
22
-191
-442
-540
-132
973
2644
4539
6200
7068
6665
4976
2606
342
-1525
-3307
-5260
-6944
-7474
-6452
-4458
-2419
-635
1302
3608
5671
6561
6019
4642
3121
1623
16
-1594
-2836
-3464
-3510
-3099
-2342
-1450
-719
-300
-108
-56
-230
-703
-1280
-1626
-1575
-1174
-464
559
1744
2767
3429
3810
3973
3623
2360
259
-1989
-3620
-4385
-4517
-4299
-3835
-3102
-2058
-673
908
2238
2837
2712
2425
2426
2473
2004
998
128
-54
217
288
-81
-558
-818
-940
-1158
-1472
-1701
-1729
-1532
-1050
-263
616
1257
1559
1765
2083
2355
2215
1555
648
-175
-834
-1429
-1982
-2375
-2488
-2296
-1838
-1195
-531
-28
264
461
655
757
611
255
-69
-183
-165
-220
-406
-584
-590
-404
-132
86
134
-31
-345
-644
-786
-748
-619
-515
-462
-399
-247
-11
200
269
195
92
60
45
-107
-446
-749
-610
292
1951
4024
6001
7352
7623
6618
4597
2200
-62
-2208
-4492
-6688
-7938
-7563
-5854
-3773
-1886
31
2301
4584
6099
6418
5744
4466
2804
940
-826
-2218
-3154
-3602
-3439
-2653
-1587
-724
-255
-34
30
-202
-815
-1562
-2072
-2181
-1931
-1296
-195
1226
2553
3454
3975
4282
4245
3438
1654
-701
-2838
-4187
-4727
-4784
-4581
-4057
-3030
-1497
230
1658
2419
2545
2432
2447
2525
2268
1502
609
148
203
311
75
-382
-688
-771
-871
-1129
-1395
-1501
-1457
-1277
-832
-76
714
1193
1390
1661
2134
2441
2154
1325
408
-277
-800
-1362
-1982
-2507
-2752
-2590
-2015
-1220
-529
-109
186
569
973
1104
838
382
15
-207
-386
-575
-729
-801
-756
-548
-214
54
83
-61
-152
-132
-181
-403
-611
-575
-354
-220
-273
-308
-138
155
343
340
224
50
-218
-557
-753
-489
458
2096
4157
6130
7384
7431
6209
4108
1689
-699
-2990
-5121
-6757
-7407
-6837
-5314
-3381
-1410
572
2632
4571
5894
6161
5357
3889
2236
650
-795
-2017
-2859
-3193
-2993
-2339
-1447
-673
-323
-403
-659
-919
-1254
-1720
-2090
-2046
-1528
-722
262
1436
2667
3627
4118
4227
3983
3100
1344
-948
-2985
-4220
-4707
-4759
-4493
-3852
-2815
-1438
161
1669
2625
2827
2636
2587
2685
2412
1532
558
156
282
277
-219
-819
-986
-756
-616
-809
-1109
-1248
-1244
-1184
-949
-401
286
797
1113
1501
2034
2341
2060
1324
573
-14
-643
-1464
-2266
-2720
-2732
-2412
-1861
-1163
-478
54
477
914
1281
1303
886
287
-169
-427
-631
-822
-883
-748
-501
-250
-39
109
148
78
-12
-68
-158
-379
-677
-874
-823
-556
-238
-18
87
166
270
305
106
-351
-850
-1091
-854
-33
1418
3401
5556
7276
7949
7265
5387
2881
342
-2008
-4295
-6456
-7873
-7846
-6422
-4422
-2531
-640
1627
4041
5788
6324
5812
4696
3207
1485
-173
-1494
-2485
-3216
-3489
-3022
-1978
-952
-393
-255
-313
-561
-1065
-1625
-1906
-1820
-1534
-1084
-252
1048
2479
3554
4131
4414
4458
3928
2449
162
-2247
-4064
-5038
-5355
-5264
-4820
-3921
-2503
-694
1131
2469
3035
3037
2975
3065
2947
2186
949
-40
-294
-99
-82
-421
-730
-691
-513
-594
-973
-1322
-1389
-1241
-1014
-692
-210
371
949
1541
2152
2573
2498
1874
995
147
-636
-1440
-2210
-2756
-2950
-2752
-2151
-1235
-281
392
743
983
1204
1213
815
131
-485
-806
-860
-777
-634
-446
-202
115
466
708
705
482
187
-100
-411
-746
-1000
-1074
-982
-786
-522
-231
10
166
256
271
116
-246
-671
-919
-782
-71
1372
3470
5728
7405
7930
7166
5365
2991
519
-1820
-4069
-6199
-7708
-7904
-6652
-4623
-2611
-749
1316
3636
5680
6850
6984
6218
4681
2526
162
-1860
-3214
-3919
-4091
-3746
-2912
-1853
-1002
-636
-680
-869
-1084
-1436
-1971
-2411
-2309
-1486
-179
1242
2595
3864
4972
5705
5792
4996
3213
642
-2164
-4540
-6064
-6671
-6535
-5871
-4823
-3357
-1375
946
2977
4059
4174
3953
3864
3622
2697
1228
53
-251
-17
21
-359
-753
-826
-751
-883
-1269
-1671
-1909
-1956
-1748
-1166
-271
646
1389
2066
2837
3496
3577
2869
1674
454
-626
-1661
-2674
-3485
-3901
-3825
-3214
-2114
-811
274
939
1365
1752
1947
1619
752
-228
-854
-1019
-919
-764
-626
-479
-244
127
541
746
559
66
-449
-789
-963
-1046
-1037
-899
-663
-396
-121
183
469
594
443
79
-315
-622
-866
-1043
-906
-67
1641
3959
6360
8305
9294
8866
6878
3791
423
-2673
-5450
-7878
-9473
-9589
-8164
-5860
-3425
-1064
1447
4145
6561
7986
7980
6660
4581
2353
328
-1441
-2964
-4079
-4498
-4076
-3036
-1873
-1018
-580
-441
-540
-951
-1630
-2247
-2415
-2062
-1372
-392
1021
2799
4422
5360
5597
5424
4788
3239
624
-2430
-4952
-6396
-6836
-6599
-5916
-4852
-3311
-1183
1296
3374
4312
4171
3777
3709
3571
2621
952
-398
-640
-152
85
-316
-859
-1010
-876
-917
-1290
-1776
-2147
-2294
-2063
-1315
-224
776
1499
2205
3104
3851
3847
2967
1682
457
-689
-1885
-3000
-3741
-3995
-3817
-3184
-2052
-658
504
1172
1553
1905
2069
1675
735
-252
-834
-1022
-1082
-1113
-1017
-747
-372
46
434
610
410
-25
-319
-316
-273
-463
-744
-768
-506
-287
-315
-415
-358
-206
-159
-221
-250
-256
-397
-654
-736
-357
548
1960
3918
6288
8420
9289
8246
5621
2515
-131
-2277
-4528
-7105
-9202
-9596
-7906
-5064
-2391
-322
1722
4255
6785
8139
7635
5731
3496
1619
39
-1558
-3114
-4166
-4333
-3667
-2579
-1539
-847
-583
-621
-771
-959
-1251
-1652
-1960
-1849
-1114
205
1813
3276
4258
4761
5018
5018
4259
2263
-676
-3517
-5361
-6125
-6234
-5951
-5227
-4001
-2301
-190
2044
3724
4259
3892
3513
3517
3277
2133
543
-359
-234
89
-166
-737
-925
-705
-665
-1044
-1472
-1667
-1794
-1944
-1738
-852
364
1256
1732
2239
2932
3306
2914
1985
1051
204
-851
-2138
-3223
-3732
-3685
-3228
-2373
-1215
-121
586
995
1376
1673
1537
889
115
-381
-600
-761
-902
-895
-715
-476
-233
34
255
286
143
26
29
-12
-259
-566
-649
-466
-269
-250
-321
-303
-198
-140
-168
-181
-149
-190
-395
-642
-670
-297
543
1917
3883
6201
8142
8780
7659
5203
2403
-6
-2054
-4240
-6669
-8575
-8872
-7252
-4591
-2119
-205
1756
4238
6659
7825
7178
5316
3269
1535
-33
-1649
-3175
-4247
-4555
-4009
-2822
-1506
-618
-347
-422
-506
-594
-903
-1419
-1784
-1610
-811
427
1826
3103
4027
4553
4778
4628
3697
1660
-1127
-3688
-5224
-5716
-5662
-5395
-4808
-3639
-1823
380
2417
3692
3989
3710
3449
3279
2705
1451
34
-738
-692
-383
-309
-398
-376
-296
-424
-789
-1172
-1457
-1708
-1849
-1597
-840
134
967
1644
2347
2984
3178
2746
1941
1087
169
-990
-2271
-3249
-3624
-3473
-2995
-2243
-1242
-204
605
1130
1484
1658
1487
949
307
-169
-470
-736
-1007
-1190
-1227
-1112
-830
-418
-73
2
-109
-84
216
545
597
398
222
168
58
-255
-644
-864
-841
-714
-612
-522
-361
-109
141
270
218
16
-214
-259
225
1553
3705
6113
7876
8307
7323
5337
2835
76
-2843
-5713
-8022
-9125
-8705
-7070
-4896
-2627
-216
2467
5127
7084
7804
7243
5719
3653
1443
-606
-2386
-3873
-4868
-4986
-4097
-2659
-1394
-649
-232
93
215
-99
-780
-1454
-1767
-1572
-853
300
1613
2718
3446
3920
4213
4042
2977
1008
-1298
-3254
-4576
-5343
-5608
-5281
-4347
-2968
-1304
556
2323
3439
3583
3113
2694
2457
1906
785
-351
-737
-374
21
-28
-266
-267
-83
-87
-420
-865
-1206
-1403
-1399
-1061
-403
311
843
1240
1681
2129
2297
1999
1335
536
-281
-1081
-1778
-2256
-2496
-2527
-2281
-1642
-705
159
650
861
1078
1321
1279
778
71
-467
-775
-1044
-1319
-1413
-1238
-948
-666
-313
199
724
1053
1183
1228
1144
767
152
-399
-708
-920
-1225
-1529
-1588
-1339
-939
-518
-105
225
341
237
75
-42
-173
-284
-5
1118
3142
5559
7600
8600
8163
6303
3558
753
-1645
-3887
-6348
-8610
-9496
-8284
-5637
-2909
-646
1736
4664
7343
8452
7663
5874
4000
2113
-17
-2104
-3571
-4282
-4510
-4278
-3332
-1841
-570
-62
-30
56
133
-242
-1016
-1536
-1371
-755
-48
775
1825
2842
3460
3702
3771
3438
2156
-88
-2458
-4040
-4681
-4829
-4792
-4478
-3697
-2395
-623
1367
2971
3586
3270
2756
2562
2354
1517
192
-740
-730
-219
19
-172
-345
-223
-52
-146
-479
-861
-1237
-1591
-1717
-1381
-702
-63
368
842
1583
2350
2641
2294
1636
1001
317
-667
-1854
-2759
-3002
-2693
-2223
-1792
-1289
-575
270
1022
1502
1630
1403
919
373
-77
-455
-861
-1254
-1425
-1236
-804
-372
-50
219
501
751
856
736
385
-98
-530
-768
-852
-960
-1164
-1294
-1130
-703
-284
-62
39
187
358
369
136
-230
-558
-713
-487
438
2240
4622
6852
8155
8080
6616
4163
1380
-1177
-3442
-5666
-7724
-8779
-8022
-5705
-3033
-871
1069
3450
6018
7604
7438
5964
4176
2503
736
-1215
-2951
-4013
-4310
-3971
-3099
-1882
-726
12
353
507
432
-103
-1003
-1715
-1803
-1382
-788
-32
1081
2399
3445
3963
4112
3942
3068
1216
-1149
-3138
-4307
-4901
-5216
-5129
-4378
-2987
-1224
647
2296
3275
3385
3008
2710
2490
1830
564
-647
-1034
-654
-245
-249
-364
-140
318
490
110
-586
-1244
-1727
-2020
-2011
-1584
-857
-83
668
1533
2468
3071
2986
2373
1696
1096
268
-946
-2167
-2867
-2960
-2751
-2424
-1874
-1050
-161
549
1035
1326
1354
1060
579
116
-276
-658
-963
-1018
-784
-441
-145
121
411
622
629
477
308
124
-195
-616
-883
-830
-655
-679
-893
-943
-601
-114
95
-33
-140
57
408
555
369
1
-392
-753
-926
-569
576
2430
4600
6542
7638
7346
5601
3039
522
-1634
-3769
-6034
-7767
-8014
-6652
-4574
-2695
-1012
1068
3656
5993
7119
6744
5324
3532
1778
156
-1369
-2765
-3807
-4157
-3629
-2438
-1117
-156
288
348
202
-104
-623
-1349
-2078
-2435
-2117
-1139
157
1391
2426
3353
4201
4713
4420
3065
905
-1386
-3214
-4396
-5024
-5164
-4773
-3848
-2453
-682
1184
2568
2961
2566
2212
2341
2385
1556
102
-804
-531
234
467
126
-34
296
546
141
-752
-1604
-2214
-2656
-2798
-2366
-1437
-456
348
1207
2299
3276
3591
3167
2413
1645
765
-380
-1618
-2596
-3146
-3307
-3092
-2458
-1518
-565
213
865
1437
1737
1545
961
371
13
-221
-531
-874
-1015
-837
-458
-90
162
317
418
445
334
79
-206
-351
-299
-169
-126
-236
-430
-596
-644
-556
-410
-317
-276
-162
87
323
335
98
-251
-629
-1001
-1148
-638
782
2886
5108
6890
7784
7443
5855
3524
1125
-1123
-3481
-5966
-7875
-8330
-7212
-5271
-3308
-1442
700
3240
5658
7125
7145
5913
4073
2182
407
-1305
-2850
-3874
-4051
-3379
-2213
-1034
-184
283
474
412
-46
-957
-2025
-2724
-2737
-2111
-1034
362
1897
3259
4241
4869
5107
4585
2963
531
-1878
-3652
-4790
-5503
-5712
-5223
-4091
-2541
-728
1134
2555
3122
3050
2977
3079
2799
1723
381
-274
-65
237
-10
-505
-558
-134
95
-328
-1114
-1739
-2080
-2297
-2319
-1861
-934
62
873
1696
2718
3605
3777
3137
2162
1246
285
-941
-2239
-3147
-3464
-3363
-2998
-2303
-1255
-102
831
1441
1788
1871
1611
1057
425
-95
-481
-787
-989
-1024
-880
-614
-306
-44
85
60
-31
-64
-17
27
10
-25
-22
8
13
-5
-29
-95
-260
-474
-576
-485
-318
-242
-272
-297
-306
-462
-876
-1358
-1493
-928
386
2247
4371
6416
7860
8063
6695
4161
1371
-1084
-3371
-5816
-7997
-8852
-7835
-5633
-3400
-1485
679
3447
6137
7599
7340
5875
4032
2232
454
-1337
-2932
-3978
-4191
-3545
-2335
-1070
-187
196
229
43
-409
-1182
-2059
-2599
-2485
-1731
-572
776
2145
3336
4186
4673
4797
4353
3023
813
-1712
-3795
-5037
-5504
-5428
-4926
-3996
-2599
-753
1268
2864
3498
3275
2861
2680
2404
1536
283
-535
-493
-46
117
-84
-231
-116
20
-97
-460
-960
-1554
-2091
-2220
-1725
-871
-126
432
1172
2293
3392
3809
3315
2261
1116
63
-962
-1975
-2846
-3381
-3417
-2897
-1965
-942
-107
516
1059
1517
1678
1398
825
252
-193
-584
-977
-1278
-1353
-1183
-844
-417
25
364
492
416
277
211
223
191
7
-270
-461
-459
-378
-428
-643
-819
-751
-466
-154
50
149
173
102
-95
-420
-849
-1261
-1357
-784
584
2542
4724
6740
8082
8129
6588
3876
854
-1943
-4579
-7114
-8991
-9353
-7980
-5617
-3216
-1017
1408
4250
6853
8169
7756
6125
4123
2159
170
-1841
-3520
-4460
-4540
-3901
-2750
-1378
-217
374
380
68
-389
-1027
-1820
-2456
-2527
-1862
-620
863
2263
3387
4238
4887
5176
4660
3020
524
-2066
-4072
-5293
-5838
-5808
-5213
-4068
-2402
-344
1718
3153
3575
3259
2878
2696
2289
1203
-246
-1146
-985
-221
285
250
121
320
637
545
-115
-1003
-1737
-2199
-2357
-2113
-1479
-694
77
977
2175
3371
3920
3518
2506
1421
426
-630
-1778
-2796
-3426
-3531
-3081
-2204
-1217
-428
166
785
1432
1771
1544
934
327
-127
-525
-859
-953
-768
-519
-373
-236
27
296
336
153
17
64
100
-102
-444
-614
-520
-417
-549
-819
-920
-750
-518
-417
-362
-158
162
346
247
-14
-271
-514
-741
-734
-149
1166
3030
5092
6899
7868
7458
5656
3149
763
-1320
-3529
-6024
-8066
-8580
-7318
-5134
-3009
-1001
1444
4332
6695
7533
6870
5538
4103
2449
404
-1696
-3298
-4175
-4387
-3938
-2861
-1548
-584
-166
-22
39
-199
-930
-1852
-2390
-2261
-1563
-453
966
2433
3592
4322
4780
4962
4475
2963
624
-1883
-3968
-5380
-6052
-5951
-5153
-3847
-2182
-259
1637
2974
3380
3082
2704
2528
2193
1276
64
-619
-383
216
372
33
-162
114
374
12
-866
-1660
-2082
-2329
-2477
-2233
-1436
-411
490
1394
2551
3678
4112
3633
2718
1823
853
-450
-1881
-2936
-3424
-3543
-3389
-2798
-1764
-662
158
760
1358
1837
1840
1309
624
146
-146
-463
-816
-1017
-949
-698
-397
-116
90
155
81
-17
-23
38
21
-164
-427
-587
-562
-478
-527
-733
-893
-793
-455
-97
100
127
78
27
-17
-120
-373
-753
-996
-715
244
1716
3470
5370
7116
8003
7331
5121
2178
-684
-3282
-5747
-7794
-8700
-8052
-6261
-4159
-2182
-93
2446
5164
7156
7634
6647
4964
3241
1500
-479
-2484
-3891
-4321
-3975
-3253
-2317
-1246
-332
81
0
-284
-638
-1176
-1850
-2239
-1923
-924
400
1754
3003
4026
4673
4859
4526
3508
1676
-729
-3059
-4703
-5488
-5620
-5307
-4560
-3271
-1440
640
2384
3259
3263
2966
2885
2859
2308
1109
-72
-485
-164
199
145
-104
-140
20
10
-355
-916
-1480
-1987
-2327
-2246
-1637
-780
-25
669
1619
2795
3627
3613
2901
2049
1307
430
-763
-2010
-2894
-3290
-3289
-2911
-2137
-1183
-404
136
692
1354
1754
1529
875
355
201
92
-280
-738
-895
-696
-456
-408
-453
-415
-306
-249
-257
-246
-191
-151
-149
-153
-185
-325
-548
-688
-625
-443
-300
-197
-12
239
370
280
89
-72
-282
-679
-1152
-1344
-978
-3
1544
3604
5897
7774
8472
7632
5551
2945
411
-1954
-4359
-6736
-8409
-8583
-7174
-4952
-2711
-526
1937
4551
6560
7303
6792
5462
3639
1512
-595
-2294
-3439
-4130
-4331
-3784
-2466
-923
96
326
107
-157
-447
-942
-1580
-1997
-1877
-1184
-65
1295
2661
3744
4373
4600
4495
3856
2357
56
-2392
-4190
-5031
-5169
-4951
-4416
-3388
-1820
28
1671
2669
2902
2672
2420
2284
1971
1198
180
-490
-442
55
423
379
140
35
85
7
-423
-1123
-1795
-2180
-2178
-1829
-1249
-550
232
1143
2160
3040
3417
3134
2408
1583
771
-155
-1239
-2247
-2857
-2940
-2610
-2056
-1408
-730
-47
602
1124
1359
1219
806
367
50
-185
-423
-629
-672
-498
-198
84
246
262
179
92
60
13
-187
-550
-889
-991
-854
-661
-559
-532
-490
-385
-216
8
228
322
245
109
74
111
20
-309
-720
-949
-888
-602
-88
833
2348
4344
6275
7316
6827
4862
2242
-73
-1820
-3532
-5618
-7512
-8020
-6622
-4118
-1774
-12
1759
4018
6245
7315
6658
4764
2614
833
-592
-1930
-3215
-4094
-4110
-3151
-1691
-511
-66
-144
-214
-87
-94
-559
-1300
-1755
-1561
-809
223
1345
2420
3265
3801
4121
4215
3687
2104
-319
-2680
-4165
-4739
-4869
-4806
-4353
-3298
-1749
-31
1503
2534
2893
2765
2587
2519
2218
1331
141
-608
-566
-147
35
-120
-256
-169
-52
-166
-550
-1080
-1651
-2111
-2203
-1791
-1048
-269
493
1412
2455
3197
3235
2681
1999
1419
702
-391
-1653
-2577
-2907
-2782
-2424
-1888
-1191
-471
123
614
1068
1367
1279
811
277
-31
-131
-199
-275
-258
-105
102
287
412
402
183
-157
-403
-490
-602
-889
-1194
-1208
-880
-473
-223
-94
69
283
426
431
351
274
229
209
178
64
-187
-523
-797
-935
-1019
-1148
-1184
-734
544
2585
4871
6698
7486
6975
5302
2997
689
-1361
-3412
-5660
-7553
-8018
-6600
-4153
-1992
-452
1285
3784
6249
7250
6336
4447
2698
1259
-331
-2130
-3550
-4060
-3700
-2860
-1850
-884
-192
120
213
273
187
-293
-1060
-1597
-1509
-916
-171
605
1487
2417
3195
3715
3937
3589
2280
97
-2207
-3825
-4601
-4898
-4913
-4465
-3383
-1826
-106
1512
2738
3288
3188
2862
2596
2124
1061
-307
-1120
-959
-379
-174
-381
-412
-23
320
99
-603
-1328
-1819
-2096
-2118
-1733
-974
-125
636
1410
2261
2912
2994
2496
1788
1136
430
-531
-1626
-2443
-2700
-2504
-2128
-1665
-1027
-240
402
643
598
647
938
1173
999
491
90
57
226
282
168
72
138
322
470
436
152
-289
-677
-882
-997
-1182
-1367
-1305
-908
-398
-17
245
530
845
1048
1042
843
506
105
-214
-323
-298
-344
-529
-682
-668
-611
-752
-1125
-1497
-1581
-1209
-307
1144
3056
5149
6923
7772
7264
5461
2931
311
-2190
-4701
-7069
-8565
-8460
-6842
-4603
-2512
-511
1883
4591
6684
7222
6193
4432
2704
1123
-537
-2218
-3505
-4034
-3739
-2778
-1448
-196
576
835
874
822
408
-575
-1772
-2496
-2409
-1725
-745
461
1827
3095
4027
4578
4632
3788
1823
-748
-2940
-4207
-4794
-5101
-5070
-4378
-2996
-1246
526
2042
2979
3148
2784
2372
2039
1438
386
-658
-1050
-760
-367
-280
-291
-47
346
434
7
-674
-1223
-1495
-1541
-1398
-1077
-642
-157
422
1156
1883
2261
2114
1661
1242
900
378
-432
-1251
-1700
-1727
-1573
-1405
-1149
-736
-292
11
164
266
328
286
168
106
146
181
132
65
67
106
77
-55
-263
-514
-770
-930
-934
-871
-867
-865
-678
-261
180
442
550
637
706
646
438
186
-43
-283
-533
-675
-624
-469
-384
-451
-616
-823
-1081
-1399
-1693
-1765
-1388
-421
1115
3056
5156
7078
8310
8274
6724
4061
1081
-1702
-4333
-6881
-8817
-9283
-8035
-5796
-3470
-1217
1355
4218
6549
7481
6932
5508
3801
2025
237
-1404
-2688
-3454
-3564
-2989
-1981
-1016
-432
-159
19
65
-264
-975
-1666
-1903
-1631
-1088
-404
495
1612
2703
3481
3862
3871
3382
2175
306
-1714
-3262
-4073
-4304
-4213
-3880
-3221
-2147
-697
851
2039
2516
2402
2177
2092
1843
1045
-82
-805
-742
-298
-108
-237
-254
83
494
583
266
-283
-887
-1400
-1632
-1489
-1133
-832
-602
-175
616
1544
2170
2270
1991
1607
1223
744
59
-766
-1488
-1858
-1813
-1518
-1202
-936
-600
-72
542
951
936
572
142
-148
-312
-444
-542
-526
-405
-284
-196
-51
193
397
400
235
87
11
-119
-346
-491
-397
-195
-130
-193
-131
133
313
144
-217
-401
-340
-322
-516
-709
-659
-517
-621
-994
-1305
-1352
-1271
-1165
-755
380
2262
4460
6453
7828
8155
7067
4679
1705
-1136
-3713
-6201
-8287
-9112
-8173
-6011
-3673
-1614
514
3003
5402
6851
6929
5934
4439
2813
1166
-449
-1927
-3085
-3674
-3491
-2621
-1524
-721
-360
-188
41
208
-5
-670
-1434
-1828
-1630
-965
-94
782
1603
2425
3270
3939
4001
3120
1441
-466
-2074
-3248
-4075
-4523
-4433
-3775
-2697
-1336
212
1647
2492
2582
2337
2247
2160
1495
188
-962
-1181
-664
-234
-240
-218
263
912
1109
711
86
-480
-1024
-1553
-1827
-1679
-1275
-852
-340
461
1439
2165
2364
2193
1927
1586
995
152
-697
-1299
-1605
-1677
-1540
-1205
-745
-285
104
395
533
448
160
-195
-500
-743
-941
-1024
-870
-472
17
436
748
996
1144
1079
752
264
-233
-658
-993
-1197
-1215
-1043
-747
-389
-16
289
418
356
208
74
-75
-307
-576
-740
-724
-601
-492
-470
-550
-697
-802
-761
-592
-399
-109
624
2101
4169
6175
7353
7261
5940
3838
1533
-655
-2820
-5090
-7080
-7945
-7218
-5408
-3497
-1885
-130
2181
4621
6232
6489
5674
4367
2873
1242
-421
-1876
-2938
-3499
-3473
-2841
-1844
-909
-308
34
288
391
110
-584
-1364
-1833
-1825
-1382
-574
501
1623
2552
3212
3650
3760
3226
1878
23
-1726
-2934
-3603
-3956
-4082
-3825
-2987
-1589
19
1313
1959
2053
1983
1988
1894
1353
366
-581
-934
-614
-61
268
330
377
542
658
496
7
-684
-1377
-1843
-1887
-1553
-1151
-925
-685
-37
1047
2072
2558
2537
2336
2050
1506
665
-217
-899
-1360
-1631
-1633
-1355
-1007
-799
-664
-413
-107
-24
-256
-561
-668
-580
-446
-287
-13
378
770
1086
1321
1418
1245
774
182
-331
-724
-1072
-1349
-1416
-1222
-908
-620
-351
-35
263
375
276
129
56
-20
-196
-378
-386
-231
-116
-148
-213
-211
-254
-500
-877
-1146
-1171
-980
-559
270
1645
3444
5286
6664
7076
6238
4372
2164
214
-1491
-3357
-5401
-6916
-7097
-5907
-4089
-2330
-655
1275
3426
5188
5903
5473
4357
3074
1797
423
-1073
-2432
-3249
-3302
-2715
-1848
-1041
-438
-31
212
260
49
-443
-1136
-1812
-2158
-1920
-1092
38
1123
2036
2892
3727
4237
3937
2658
792
-996
-2298
-3167
-3815
-4251
-4251
-3603
-2334
-764
626
1448
1689
1697
1788
1842
1452
539
-363
-611
-171
375
549
490
627
1016
1237
905
103
-782
-1477
-1944
-2224
-2299
-2151
-1779
-1112
-64
1237
2364
2900
2837
2530
2229
1818
1079
91
-803
-1358
-1612
-1700
-1667
-1509
-1276
-1015
-719
-433
-316
-466
-692
-659
-276
194
479
621
853
1231
1534
1533
1197
670
113
-366
-731
-1014
-1265
-1460
-1495
-1303
-954
-574
-228
94
376
545
557
464
357
257
114
-95
-315
-469
-573
-696
-815
-804
-609
-396
-400
-634
-882
-976
-949
-793
-245
989
2842
4835
6409
7152
6835
5457
3380
1138
-1042
-3307
-5631
-7372
-7759
-6748
-5071
-3368
-1573
659
3196
5354
6503
6502
5600
4153
2460
720
-988
-2552
-3660
-3926
-3291
-2179
-1141
-403
143
568
701
326
-522
-1539
-2359
-2709
-2444
-1566
-266
1131
2378
3442
4357
4915
4672
3379
1361
-700
-2329
-3509
-4368
-4845
-4753
-4023
-2763
-1182
388
1508
1927
1870
1803
1857
1693
1063
305
8
294
683
752
615
648
860
851
326
-549
-1391
-2011
-2451
-2700
-2638
-2209
-1520
-671
357
1502
2462
2915
2872
2621
2318
1816
997
59
-688
-1171
-1500
-1678
-1618
-1417
-1326
-1372
-1258
-823
-364
-253
-390
-327
103
601
875
1016
1237
1472
1471
1179
786
412
-12
-525
-991
-1285
-1445
-1547
-1524
-1264
-834
-445
-195
29
351
690
847
731
446
159
-25
-99
-130
-225
-442
-696
-787
-607
-303
-166
-320
-572
-648
-528
-454
-587
-751
-570
184
1453
3025
4644
5956
6489
5891
4257
2130
66
-1790
-3638
-5479
-6794
-6932
-5803
-4005
-2170
-345
1737
3933
5541
6009
5485
4491
3273
1760
19
-1592
-2741
-3337
-3376
-2843
-1927
-1058
-540
-269
-32
70
-228
-882
-1475
-1656
-1397
-799
86
1132
2047
2656
3095
3533
3766
3327
2039
257
-1471
-2833
-3796
-4378
-4557
-4298
-3574
-2376
-861
564
1489
1885
2128
2495
2774
2524
1721
908
594
672
632
256
-133
-192
-51
-118
-527
-1029
-1411
-1723
-2041
-2213
-2029
-1512
-846
-83
838
1835
2613
2970
2993
2846
2495
1779
726
-381
-1259
-1833
-2147
-2215
-2038
-1730
-1446
-1199
-862
-389
59
297
374
514
820
1129
1247
1208
1191
1248
1213
920
433
-47
-414
-723
-1047
-1355
-1545
-1559
-1402
-1115
-760
-415
-124
126
359
526
548
434
308
262
242
122
-112
-339
-465
-515
-546
-530
-443
-368
-424
-596
-732
-750
-734
-768
-733
-342
616
2122
3914
5533
6453
6351
5316
3735
1904
-164
-2471
-4696
-6267
-6773
-6248
-5052
-3549
-1901
-74
1966
4004
5513
5990
5394
4178
2824
1444
-76
-1666
-2978
-3671
-3644
-3030
-2106
-1201
-531
-57
371
678
580
-12
-744
-1142
-1063
-692
-185
454
1198
1914
2518
2992
3190
2817
1740
224
-1289
-2554
-3540
-4200
-4390
-4027
-3167
-1926
-474
888
1846
2336
2583
2746
2662
2123
1294
643
415
381
207
-86
-221
-111
-21
-232
-716
-1230
-1630
-1938
-2140
-2116
-1786
-1235
-567
240
1214
2163
2754
2849
2623
2275
1772
992
28
-818
-1338
-1567
-1619
-1527
-1309
-1063
-864
-666
-400
-151
-76
-155
-145
132
556
870
992
1085
1291
1515
1532
1235
739
215
-256
-695
-1123
-1485
-1690
-1687
-1497
-1185
-834
-501
-207
62
302
464
484
386
275
237
249
239
185
112
4
-176
-408
-600
-706
-775
-837
-836
-720
-561
-472
-460
-432
-344
-212
6
426
1135
2136
3354
4549
5242
4965
3738
2130
657
-737
-2381
-4127
-5263
-5277
-4426
-3358
-2337
-1123
478
2232
3682
4510
4619
4043
2949
1630
343
-811
-1803
-2483
-2647
-2269
-1564
-826
-242
118
244
194
44
-191
-566
-1047
-1407
-1378
-900
-149
642
1353
1964
2467
2775
2695
2037
830
-578
-1748
-2504
-2991
-3335
-3392
-2932
-1978
-837
184
965
1517
1877
2104
2229
2167
1785
1141
546
253
154
-54
-444
-773
-837
-757
-784
-967
-1164
-1272
-1303
-1222
-934
-463
-2
320
632
1107
1646
1920
1779
1426
1136
896
491
-142
-809
-1299
-1573
-1683
-1631
-1425
-1152
-871
-500
34
584
874
845
746
792
894
842
641
482
427
331
101
-134
-237
-281
-413
-620
-745
-741
-734
-778
-747
-520
-212
-33
-11
26
173
316
309
172
28
-81
-178
-241
-224
-188
-255
-418
-504
-419
-305
-349
-501
-492
-97
710
1814
3005
3949
4302
3961
3126
2027
698
-888
-2524
-3796
-4407
-4361
-3829
-2951
-1797
-445
1010
2414
3514
4027
3841
3117
2123
1015
-149
-1237
-2049
-2461
-2482
-2159
-1556
-811
-130
358
657
773
625
177
-386
-769
-840
-685
-422
-35
512
1134
1668
2006
2099
1855
1186
174
-878
-1659
-2096
-2324
-2445
-2395
-2012
-1265
-318
562
1167
1442
1481
1423
1320
1118
782
420
219
229
305
290
196
127
82
-55
-337
-676
-976
-1234
-1433
-1437
-1135
-629
-166
153
454
871
1321
1564
1465
1094
611
126
-309
-670
-927
-1055
-1028
-832
-504
-162
51
76
-7
-55
-25
-9
-94
-211
-203
-40
138
219
269
417
622
707
589
391
235
88
-136
-397
-581
-665
-729
-783
-734
-530
-273
-87
22
126
251
359
422
424
331
147
-39
-125
-135
-198
-364
-529
-560
-472
-381
-340
-316
-272
-229
-201
-146
38
465
1185
2112
2985
3464
3346
2672
1683
627
-389
-1396
-2419
-3309
-3752
-3520
-2724
-1741
-829
85
1181
2335
3116
3214
2754
2109
1477
760
-138
-1079
-1790
-2106
-2040
-1674
-1117
-521
-52
237
423
540
482
137
-373
-732
-723
-428
-83
213
556
1028
1535
1869
1896
1599
1006
173
-776
-1629
-2211
-2490
-2529
-2352
-1896
-1137
-236
532
999
1231
1415
1584
1567
1220
675
258
144
180
109
-93
-225
-165
-62
-138
-419
-737
-958
-1081
-1135
-1089
-928
-700
-422
-10
577
1187
1550
1552
1337
1084
788
353
-203
-715
-1043
-1179
-1167
-1017
-749
-457
-245
-134
-67
-17
-7
-39
-60
-2
131
294
459
631
803
925
941
816
571
255
-80
-399
-679
-893
-999
-979
-854
-677
-483
-268
-28
209
394
499
531
504
426
304
158
6
-143
-286
-406
-467
-450
-378
-300
-255
-241
-227
-196
-169
-196
-280
-322
-159
308
1055
1977
2934
3715
4031
3658
2633
1265
-115
-1380
-2554
-3592
-4268
-4338
-3749
-2704
-1479
-214
1082
2352
3360
3811
3615
2957
2083
1091
1
-1062
-1846
-2184
-2110
-1770
-1276
-708
-198
117
201
133
-23
-287
-665
-1023
-1139
-884
-350
260
825
1372
1934
2400
2554
2257
1544
556
-548
-1590
-2376
-2800
-2920
-2827
-2489
-1796
-818
151
852
1283
1591
1808
1826
1592
1211
826
507
277
147
77
-17
-170
-323
-432
-568
-827
-1183
-1491
-1623
-1543
-1266
-831
-321
180
667
1161
1579
1752
1607
1274
926
586
178
-292
-702
-946
-1028
-1013
-965
-937
-930
-866
-667
-385
-179
-106
-23
220
564
817
909
939
992
1012
904
660
343
-7
-358
-641
-804
-875
-930
-958
-856
-567
-185
122
272
336
410
476
422
215
-26
-166
-221
-304
-418
-418
-233
-17
46
-11
-6
98
123
-52
-306
-442
-452
-465
-514
-497
-345
-69
356
1030
1943
2862
3488
3666
3389
2692
1652
446
-717
-1761
-2689
-3381
-3587
-3203
-2453
-1650
-857
93
1229
2272
2886
2991
2736
2246
1542
658
-261
-1050
-1618
-1920
-1892
-1530
-990
-511
-228
-96
-21
0
-101
-318
-549
-689
-692
-534
-186
332
903
1388
1735
1945
1950
1590
817
-175
-1073
-1722
-2181
-2526
-2674
-2468
-1878
-1042
-145
655
1236
1546
1656
1679
1611
1325
793
243
-51
-79
-80
-201
-326
-303
-204
-242
-482
-794
-1058
-1262
-1392
-1339
-1043
-618
-200
231
771
1344
1704
1707
1482
1226
938
478
-156
-763
-1154
-1349
-1450
-1452
-1275
-936
-566
-244
77
413
654
690
596
557
631
681
594
438
358
363
333
194
-12
-211
-386
-544
-670
-748
-789
-803
-743
-569
-311
-65
105
221
326
409
411
298
113
-65
-190
-268
-322
-347
-321
-242
-136
-32
31
2
-134
-303
-405
-414
-415
-457
-471
-349
-111
132
338
604
1048
1685
2430
3095
3419
3185
2437
1487
594
-281
-1302
-2385
-3164
-3366
-3075
-2544
-1877
-1009
72
1206
2179
2829
3047
2801
2194
1449
736
65
-607
-1203
-1544
-1520
-1214
-825
-516
-323
-195
-97
-64
-173
-449
-791
-1023
-1005
-718
-254
258
750
1237
1722
2084
2100
1651
860
3
-743
-1377
-1934
-2349
-2494
-2309
-1815
-1079
-234
515
1002
1256
1429
1551
1440
972
332
-120
-243
-225
-286
-382
-322
-86
121
126
-40
-268
-529
-832
-1099
-1205
-1129
-945
-657
-175
510
1192
1620
1743
1695
1544
1185
541
-242
-894
-1267
-1412
-1424
-1312
-1042
-633
-165
269
598
766
768
648
469
261
50
-104
-148
-101
-44
-9
48
151
239
230
120
-21
-152
-288
-434
-539
-548
-479
-399
-341
-280
-172
-39
53
61
15
-15
2
30
28
4
-4
15
24
11
0
5
-10
-82
-192
-283
-332
-354
-355
-319
-257
-207
-189
-183
-140
-19
249
732
1425
2205
2881
3289
3323
2947
2211
1236
138
-1022
-2159
-3065
-3497
-3387
-2895
-2205
-1330
-197
1101
2262
2996
3229
3068
2620
1930
1038
57
-845
-1517
-1853
-1845
-1591
-1241
-896
-577
-290
-89
-51
-195
-440
-672
-790
-732
-483
-87
379
849
1295
1689
1950
1945
1577
873
-12
-858
-1519
-1970
-2251
-2345
-2161
-1660
-948
-230
339
731
1006
1205
1301
1226
953
555
186
-33
-107
-129
-152
-151
-105
-73
-141
-312
-500
-632
-710
-748
-718
-564
-274
100
498
874
1181
1357
1352
1171
867
485
50
-401
-793
-1044
-1127
-1069
-923
-714
-447
-139
165
403
531
538
452
318
151
-39
-210
-298
-277
-195
-113
-30
76
164
173
103
20
-59
-178
-344
-473
-507
-490
-487
-454
-301
-58
131
181
147
126
125
106
56
-15
-102
-186
-213
-155
-80
-69
-102
-106
-75
-94
-198
-299
-302
-224
-159
-148
-155
-137
-81
6
104
189
277
467
874
1491
2143
2617
2783
2622
2173
1506
698
-193
-1139
-2041
-2688
-2883
-2623
-2097
-1464
-702
246
1274
2110
2557
2619
2397
1949
1295
513
-262
-928
-1424
-1681
-1658
-1413
-1102
-832
-586
-317
-92
-41
-179
-366
-439
-367
-215
-13
275
665
1079
1400
1557
1541
1344
922
270
-503
-1226
-1778
-2150
-2353
-2328
-1996
-1388
-664
3
526
906
1161
1288
1274
1086
720
275
-61
-172
-146
-164
-256
-273
-114
92
127
-49
-281
-440
-552
-663
-714
-609
-348
-8
373
797
1199
1446
1467
1313
1060
693
188
-389
-889
-1218
-1384
-1418
-1309
-1032
-623
-176
208
476
623
687
698
642
484
241
10
-127
-182
-220
-253
-241
-177
-124
-122
-138
-122
-94
-122
-223
-344
-426
-445
-403
-292
-129
36
146
181
169
144
117
71
-5
-93
-160
-194
-217
-256
-292
-278
-209
-147
-138
-153
-140
-98
-74
-82
-86
-49
26
115
212
298
333
303
241
196
160
90
-28
-149
-208
-156
34
367
807
1271
1668
1914
1954
1767
1391
897
347
-235
-821
-1325
-1642
-1711
-1557
-1248
-823
-296
302
873
1284
1444
1363
1124
789
378
-74
-485
-777
-952
-1037
-1017
-844
-547
-251
-60
29
56
14
-128
-324
-473
-515
-464
-342
-142
120
385
600
752
814
718
440
65
-294
-613
-928
-1207
-1330
-1231
-967
-643
-301
59
394
628
732
732
654
505
310
133
28
-3
6
31
71
135
222
304
327
259
123
-22
-142
-253
-369
-449
-440
-335
-186
-33
122
278
391
422
378
306
230
139
14
-131
-266
-364
-415
-401
-340
-271
-231
-219
-202
-162
-100
-28
38
68
52
30
58
138
201
188
126
88
95
93
29
-92
-227
-342
-426
-482
-505
-498
-449
-334
-154
44
192
261
289
307
305
241
112
-17
-76
-62
-24
-11
-23
-22
13
75
118
96
-4
-129
-198
-159
-9
254
657
1190
1744
2145
2266
2099
1727
1227
625
-80
-842
-1533
-1992
-2127
-1976
-1645
-1189
-585
165
941
1549
1874
1912
1726
1354
834
234
-354
-849
-1200
-1370
-1341
-1132
-812
-471
-163
84
247
283
161
-79
-325
-472
-492
-423
-290
-87
184
486
758
926
914
689
323
-51
-369
-683
-1022
-1276
-1299
-1099
-820
-554
-253
116
458
658
735
768
747
591
327
111
33
2
-80
-157
-111
38
135
100
6
-67
-140
-256
-384
-454
-453
-401
-277
-49
242
489
634
712
752
722
583
364
122
-116
-335
-501
-582
-598
-580
-522
-389
-203
-46
25
33
29
28
19
7
7
24
54
107
174
215
189
111
29
-32
-78
-120
-157
-188
-214
-216
-179
-125
-101
-111
-115
-78
-15
48
98
126
113
72
42
51
68
57
30
15
-2
-60
-140
-168
-120
-63
-59
-75
-39
50
125
143
141
172
219
222
152
45
-30
-47
-27
-9
-7
-13
-13
-7
8
43
102
148
150
112
75
69
77
72
52
41
52
94
201
400
660
881
969
909
757
564
328
32
-304
-619
-842
-933
-902
-780
-591
-345
-46
271
543
711
750
672
511
294
43
-218
-456
-629
-715
-713
-647
-532
-388
-233
-93
7
54
47
6
-35
-43
-19
4
2
5
59
157
235
238
184
119
47
-73
-241
-387
-438
-398
-326
-253
-161
-26
123
237
290
301
288
256
207
147
90
40
-4
-43
-72
-85
-82
-86
-111
-143
-159
-151
-146
-168
-191
-177
-130
-85
-59
-26
33
92
116
106
84
47
-14
-83
-128
-145
-163
-186
-186
-149
-109
-97
-103
-93
-68
-55
-56
-56
-42
-29
-30
-33
-26
-15
-14
-13
8
47
80
88
69
49
40
42
51
72
136
279
514
802
1057
1184
1129
911
592
238
-139
-541
-924
-1173
-1184
-962
-626
-288
56
476
954
1325
1430
1279
1025
765
451
1
-521
-949
-1170
-1204
-1121
-944
-678
-361
-47
225
428
514
467
338
205
81
-60
-209
-301
-288
-201
-87
33
146
207
166
24
-168
-364
-544
-689
-765
-744
-619
-407
-131
164
414
568
636
651
616
497
274
1
-230
-360
-424
-476
-508
-440
-248
-15
143
204
241
291
307
237
119
31
-8
-32
-47
-5
95
192
239
255
267
242
129
-40
-169
-220
-248
-297
-324
-255
-104
29
93
127
189
256
254
165
49
-28
-63
-86
-107
-104
-65
-5
50
82
88
66
20
-40
-111
-190
-260
-296
-287
-249
-199
-131
-37
69
142
166
171
183
184
141
57
-22
-66
-91
-116
-129
-113
-78
-58
-62
-66
-54
-38
-29
-9
38
90
107
78
44
38
46
21
-54
-147
-201
-212
-209
-208
-184
-102
26
141
202
225
251
291
304
262
177
96
49
22
-14
-68
-119
-142
-127
-89
-37
26
94
156
193
212
229
242
235
202
160
122
84
25
-39
-79
-80
-61
-44
-22
15
56
69
51
29
24
24
-2
-50
-80
-69
-46
-56
-95
-115
-75
-1
54
69
69
76
69
20
-58
-135
-190
-225
-238
-221
-175
-119
-72
-37
-9
19
49
78
104
115
98
59
12
-19
-25
-10
1
-2
-13
-12
-4
-8
-35
-72
-97
-110
-115
-114
-81
-13
66
125
156
168
172
161
136
104
67
22
-26
-63
-80
-86
-93
-100
-89
-59
-24
9
41
70
85
76
54
32
10
-22
-60
-84
-85
-79
-91
-120
-149
-157
-141
-113
-93
-82
-64
-24
35
84
106
104
92
67
23
-36
-87
-121
-135
-137
-130
-113
-92
-78
-71
-64
-54
-37
-9
34
98
178
255
304
316
296
247
163
41
-95
-210
-281
-313
-319
-285
-195
-57
95
239
365
462
500
466
381
285
208
161
151
175
207
213
186
149
121
90
30
-57
-152
-226
-270
-285
-262
-193
-77
77
246
390
470
472
394
250
52
-172
-383
-545
-642
-676
-635
-515
-343
-165
-15
104
192
232
205
119
7
-114
-234
-339
-398
-395
-342
-261
-165
-67
15
65
88
102
108
86
34
-15
-25
9
56
81
77
61
47
38
22
-10
-43
-52
-22
39
106
163
211
249
271
268
236
181
107
14
-97
-217
-320
-372
-353
-268
-144
-9
128
244
322
344
312
235
116
-34
-188
-323
-426
-497
-523
-488
-395
-269
-128
15
140
229
268
256
189
72
-44
-102
-105
-112
-164
-230
-249
-217
-169
-122
-62
10
59
64
45
33
33
35
47
98
213
398
632
857
1007
1029
913
682
365
-7
-376
-675
-849
-886
-811
-648
-396
-34
419
875
1221
1380
1355
1176
865
436
-75
-593
-1034
-1335
-1460
-1404
-1186
-835
-395
61
452
720
859
892
811
587
237
-157
-489
-703
-799
-785
-660
-448
-201
34
229
369
425
379
240
57
-122
-267
-362
-394
-365
-288
-188
-72
57
185
277
297
250
165
69
-32
-126
-180
-173
-118
-46
29
118
205
242
210
148
105
73
3
-102
-184
-200
-171
-135
-87
-3
107
205
268
293
274
193
63
-65
-152
-208
-263
-314
-326
-279
-197
-110
-31
45
114
167
202
216
194
125
35
-25
-27
4
16
4
-5
1
10
18
42
94
141
140
103
68
65
74
67
37
-3
-50
-88
-97
-73
-42
-34
-43
-46
-32
-18
-19
-26
-23
-12
-9
-26
-60
-100
-124
-118
-86
-59
-55
-62
-58
-42
-30
-30
-33
-21
10
52
86
98
82
54
41
46
49
28
-18
-64
-80
-51
8
66
96
105
116
133
132
103
71
65
67
38
-23
-67
-61
-29
-7
7
51
119
168
164
128
98
80
50
-5
-67
-104
-109
-93
-76
-57
-26
24
83
126
130
105
68
29
-18
-77
-132
-164
-167
-150
-118
-73
-18
32
66
86
96
91
59
4
-54
-95
-123
-147
-164
-166
-151
-124
-90
-50
-14
7
5
-7
-14
-6
11
31
56
81
101
111
116
108
69
2
-73
-129
-160
-175
-179
-165
-129
-76
-7
80
179
266
315
324
295
234
143
39
-52
-122
-176
-215
-232
-216
-171
-105
-24
59
132
183
209
215
194
143
70
-11
-88
-151
-190
-203
-191
-158
-101
-30
34
66
65
47
35
27
8
-29
-69
-91
-85
-65
-49
-47
-48
-44
-44
-59
-80
-83
-66
-46
-40
-40
-27
4
37
55
56
44
23
0
-18
-28
-32
-23
11
68
126
168
195
216
220
198
152
97
39
-21
-72
-91
-72
-34
14
76
157
234
276
274
242
183
93
-16
-116
-180
-205
-202
-175
-119
-40
34
85
110
115
95
52
-3
-48
-74
-81
-73
-54
-26
2
27
52
72
81
68
39
-1
-46
-94
-140
-167
-166
-138
-98
-58
-20
24
67
97
103
82
52
14
-32
-88
-138
-158
-146
-118
-92
-67
-34
0
24
31
31
26
9
-24
-60
-81
-89
-94
-103
-107
-97
-78
-56
-37
-19
-13
-23
-44
-65
-80
-90
-92
-81
-62
-44
-22
9
48
77
82
66
46
23
-9
-53
-91
-105
-91
-61
-21
29
85
137
167
174
161
137
105
66
27
-5
-25
-38
-40
-31
0
40
69
78
69
52
23
-26
-86
-130
-145
-134
-110
-80
-37
18
75
115
131
127
102
51
-23
-109
-181
-217
-209
-159
-63
74
244
417
566
667
711
683
583
426
249
78
-69
-179
-237
-237
-183
-83
66
256
449
597
669
663
582
432
231
12
-192
-367
-508
-604
-634
-592
-485
-338
-179
-40
66
135
165
145
65
-60
-195
-318
-429
-523
-581
-581
-529
-450
-360
-265
-173
-89
-16
38
61
40
-20
-91
-153
-200
-242
-272
-270
-223
-141
-52
29
101
162
200
204
178
145
123
114
104
92
78
69
69
81
103
124
134
135
141
143
129
112
116
141
144
97
29
-7
-15
-43
-110
-173
-188
-174
-168
-173
-159
-124
-96
-88
-71
-30
10
16
-6
-27
-42
-68
-106
-126
-109
-79
-63
-58
-36
11
60
86
96
105
110
102
82
66
61
61
54
42
37
37
35
38
54
83
110
128
141
156
169
172
169
169
168
145
89
14
-53
-100
-127
-139
-123
-77
-7
73
143
193
217
220
212
198
163
102
22
-60
-126
-171
-192
-180
-134
-62
20
100
173
231
260
254
219
165
97
24
-40
-82
-98
-102
-103
-88
-46
12
70
112
134
140
128
100
63
24
-16
-53
-81
-93
-100
-109
-109
-87
-46
-6
19
32
40
37
14
-26
-69
-108
-147
-181
-200
-199
-187
-175
-165
-159
-149
-131
-100
-65
-43
-40
-49
-62
-79
-109
-143
-169
-180
-185
-188
-182
-160
-130
-104
-76
-42
-5
20
32
39
46
47
38
30
26
18
3
-6
2
22
31
26
22
39
69
95
112
127
135
128
106
84
74
62
39
11
-6
-8
-5
-2
7
25
52
76
92
101
108
107
93
66
29
-4
-28
-40
-45
-42
-30
-10
9
27
45
71
98
115
116
105
87
75
67
58
41
17
-5
-17
-13
-3
14
35
58
79
100
122
147
170
185
188
176
143
90
26
-24
-45
-44
-31
-11
16
55
98
135
160
168
160
127
69
-3
-71
-129
-174
-201
-203
-175
-126
-72
-15
43
90
107
92
53
6
-50
-115
-179
-229
-258
-270
-264
-239
-197
-144
-93
-51
-24
-12
-18
-38
-64
-91
-119
-143
-156
-157
-159
-161
-154
-130
-95
-63
-42
-25
-4
17
26
19
2
-16
-37
-58
-73
-79
-78
-73
-59
-30
11
48
79
102
114
110
83
43
3
-23
-39
-46
-46
-37
-23
-5
24
60
103
139
165
181
187
174
137
87
43
15
-1
-12
-17
-12
4
25
44
59
74
91
106
119
125
125
118
111
106
103
97
83
61
39
27
26
27
26
22
25
40
60
78
83
75
63
57
59
65
63
57
47
36
25
8
-15
-35
-41
-27
-7
6
4
-3
-5
3
13
23
32
38
36
24
5
-10
-15
-13
-4
10
25
34
35
25
19
11
2
-9
-19
-25
-31
-37
-40
-40
-40
-39
-35
-20
0
15
20
23
27
22
0
-35
-67
-89
-106
-122
-125
-115
-98
-82
-64
-42
-22
-19
-33
-53
-68
-76
-84
-90
-92
-91
-96
-103
-106
-100
-86
-73
-72
-75
-80
-80
-79
-75
-67
-51
-31
-18
-12
-9
3
14
18
8
-9
-24
-38
-49
-52
-43
-20
7
34
60
85
105
116
121
120
111
92
66
43
24
11
-3
-11
-4
15
38
60
84
107
127
138
139
137
124
100
65
28
-4
-29
-51
-62
-60
-41
-12
21
58
93
119
132
133
124
108
82
47
2
-45
-87
-111
-110
-89
-56
-12
35
78
111
129
135
130
112
78
32
-14
-54
-87
-103
-98
-70
-26
26
74
118
155
172
165
131
80
24
-25
-66
-96
-114
-117
-101
-71
-33
6
48
85
108
114
102
78
42
-2
-52
-103
-148
-178
-185
-172
-147
-109
-60
-8
32
51
53
43
20
-20
-72
-125
-163
-190
-208
-210
-192
-162
-126
-86
-41
1
32
43
35
15
-12
-41
-73
-101
-126
-141
-145
-136
-117
-85
-39
14
63
100
116
115
95
63
26
-10
-39
-60
-74
-77
-69
-49
-16
29
76
113
134
140
137
126
110
90
71
49
24
1
-10
-7
0
6
16
36
63
84
96
105
117
121
113
93
71
50
28
6
-8
-7
1
4
3
3
12
28
45
60
71
80
86
83
70
50
29
5
-18
-41
-58
-63
-60
-52
-40
-20
9
38
64
81
90
85
66
35
1
-31
-64
-90
-109
-119
-119
-111
-86
-48
-4
38
70
88
91
77
49
12
-28
-65
-98
-122
-134
-132
-116
-90
-57
-23
11
40
64
80
85
77
59
30
-6
-41
-66
-83
-93
-94
-83
-61
-33
-2
28
56
76
82
72
48
18
-13
-41
-63
-78
-88
-91
-84
-69
-45
-14
17
38
47
52
55
50
35
8
-18
-44
-67
-89
-101
-100
-84
-54
-14
24
53
68
78
81
75
55
24
-7
-31
-45
-49
-47
-42
-31
-16
1
17
35
54
70
77
72
60
48
32
13
-5
-17
-21
-23
-27
-28
-15
8
36
58
76
90
95
85
64
37
13
-7
-24
-37
-41
-34
-18
0
17
29
39
48
55
56
50
39
24
8
-7
-19
-27
-30
-29
-24
-16
-6
4
12
21
28
32
32
27
18
8
0
-6
-10
-12
-12
-9
-4
0
5
10
18
25
26
25
21
15
11
4
-3
-12
-14
-12
-9
-5
1
6
11
17
21
24
26
23
15
3
-8
-16
-19
-17
-13
-8
1
9
16
22
30
38
42
36
25
14
3
-7
-19
-25
-24
-18
-9
0
10
20
30
37
39
38
33
28
19
6
-14
-35
-47
-45
-30
-15
-5
4
16
33
39
33
23
16
12
2
-11
-16
-14
-12
-18
-27
-20
1
25
39
41
41
40
38
25
8
-6
-11
-14
-19
-30
-34
-25
-9
12
32
46
54
56
51
42
30
14
-2
-12
-18
-22
-21
-15
-2
9
13
14
21
35
46
43
33
25
22
13
-1
-12
-12
-7
-6
-10
-10
-2
13
23
27
30
33
31
21
12
8
6
1
-6
-10
-10
-10
-9
-2
12
23
25
19
15
18
26
31
29
22
14
8
1
-10
-22
-23
-14
-2
5
9
16
28
37
39
33
29
27
23
14
5
-2
-8
-15
-19
-16
-4
9
19
25
28
31
37
42
42
36
28
23
21
18
6
-9
-18
-21
-17
-10
1
18
31
37
34
31
33
37
40
35
23
9
-5
-17
-20
-15
-4
4
10
15
21
26
30
31
29
26
23
19
15
12
7
-1
-13
-18
-15
-2
10
18
26
31
32
28
24
22
20
14
3
-6
-10
-8
-4
-1
2
6
10
13
12
12
15
17
17
12
9
12
19
24
22
17
9
6
4
2
7
13
17
16
15
17
24
30
37
41
42
38
35
33
35
36
34
26
16
5
-1
-2
6
16
25
30
33
38
43
49
53
53
46
33
16
