4
6
6
4
4
4
5
5
4
4
5
5
4
4
4
5
4
4
4
6
8
12
16
17
15
13
14
15
12
4
2
3
7
6
3
3
6
6
4
4
5
6
4
3
5
6
5
4
4
6
4
4
5
6
5
3
4
6
5
3
3
6
11
14
14
15
16
14
12
9
5
3
4
7
6
5
5
10
15
17
15
14
16
16
15
14
15
16
14
14
15
16
16
13
10
7
5
4
4
4
5
5
8
13
15
13
9
10
14
18
16
12
14
17
15
14
16
21
24
26
26
26
24
21
18
14
14
15
16
16
18
20
25
28
27
24
24
26
22
14
11
14
18
17
14
14
16
17
15
13
16
17
16
12
10
10
13
16
17
17
15
14
15
15
15
14
15
16
15
15
15
16
15
15
14
16
16
14
10
7
5
4
5
9
13
16
17
19
24
26
27
24
21
16
14
14
16
17
15
15
15
15
15
15
15
15
15
15
15
16
17
19
23
27
27
26
25
26
26
27
26
25
26
27
26
26
26
26
26
26
26
26
27
26
26
26
25
25
26
26
26
26
26
26
26
26
25
23
18
15
13
14
19
24
25
25
25
26
25
26
27
26
26
27
26
25
26
26
25
26
27
30
32
31
25
18
16
18
20
21
20
19
20
20
19
19
18
19
19
17
17
15
13
9
7
9
11
11
9
9
10
10
9
9
10
10
9
8
10
11
9
9
10
10
10
8
10
10
11
9
8
9
6
3
2
3
6
6
3
5
8
12
15
16
15
12
13
12
10
5
2
2
6
8
11
13
15
14
13
12
13
15
15
13
13
14
14
14
16
20
25
25
24
24
24
24
24
23
21
17
12
11
13
15
15
12
12
13
14
14
14
11
9
5
2
2
5
7
5
5
8
14
16
14
11
13
18
22
23
24
25
24
23
20
18
15
12
11
13
15
14
14
14
13
14
15
19
24
27
24
22
23
25
22
17
13
12
13
13
13
14
14
13
13
14
14
13
13
14
14
13
13
14
14
13
14
14
14
13
13
14
13
13
14
13
14
13
13
13
14
14
13
13
13
12
14
14
13
13
13
14
13
13
13
14
13
14
13
14
14
13
13
13
14
13
14
13
15
16
18
17
15
13
13
14
14
13
13
13
13
13
13
13
14
13
14
13
13
13
13
14
14
14
14
15
13
14
16
20
25
26
25
21
21
19
13
12
12
14
14
13
13
14
13
13
13
14
13
13
13
14
14
14
13
13
13
13
13
14
12
8
4
1
4
5
5
4
4
5
10
14
14
14
14
14
13
13
13
15
15
14
16
20
24
25
25
24
22
20
15
13
11
10
5
4
8
15
18
15
13
12
15
15
14
12
9
5
3
3
5
4
5
4
8
14
17
16
13
12
12
13
15
14
14
14
17
21
25
27
25
24
24
25
25
24
24
25
26
25
24
24
24
20
15
13
13
14
14
14
14
14
14
15
14
14
14
14
14
14
15
15
13
14
14
14
14
14
13
14
13
14
15
14
15
19
24
27
26
23
24
25
25
24
23
24
26
24
24
25
26
25
24
24
25
22
16
12
13
13
15
15
13
13
13
15
14
14
17
22
26
26
24
23
25
25
25
24
25
25
24
24
24
24
24
24
24
24
25
24
24
24
24
25
25
25
24
25
25
25
25
24
24
19
14
11
12
14
14
14
16
19
25
27
25
23
24
25
25
24
24
24
26
25
23
24
25
25
24
25
25
24
24
24
25
25
24
25
25
25
24
25
25
25
24
24
26
25
22
26
25
25
23
23
25
23
18
16
20
26
30
31
29
27
26
24
24
24
24
22
18
14
12
14
16
19
21
24
27
24
23
24
24
22
16
12
14
18
16
14
13
15
15
10
4
3
6
6
4
4
4
6
5
7
12
19
18
11
7
4
4
1
-2
-2
3
8
12
16
21
24
25
22
19
15
14
14
18
22
27
31
31
29
27
24
24
24
23
17
12
11
9
7
4
2
5
9
12
14
16
17
16
15
14
15
16
15
15
14
15
12
8
5
3
6
12
16
18
16
15
15
15
15
14
17
20
23
27
31
34
32
28
25
24
26
22
16
13
12
12
6
0
-5
-7
-8
-10
-10
-6
1
9
13
19
26
34
39
37
31
23
16
9
1
-5
-10
-10
-5
1
7
16
22
28
29
29
30
31
29
26
25
30
34
33
28
26
29
30
25
14
5
-2
-10
-20
-28
-29
-25
-20
-12
1
17
30
39
41
42
41
37
29
21
16
12
5
-3
-5
0
9
13
13
13
12
14
13
13
13
13
14
18
27
35
41
45
50
54
52
41
27
13
1
-11
-23
-28
-27
-24
-20
-15
-6
5
15
23
32
37
38
36
33
30
28
27
26
24
24
23
19
11
2
-5
-13
-16
-15
-8
2
11
19
27
36
39
40
39
39
35
26
16
7
4
1
-2
-2
4
12
20
22
19
15
7
-3
-10
-12
-6
3
14
26
40
53
56
52
42
35
31
27
20
13
7
4
1
-1
0
3
5
10
16
23
24
19
9
1
-2
1
9
21
32
41
45
44
40
29
13
-4
-15
-21
-21
-18
-11
1
19
34
43
46
44
39
31
18
4
-7
-12
-12
-15
-16
-14
-8
2
9
13
16
21
26
30
31
33
36
38
39
39
39
39
33
22
10
-1
-7
-10
-14
-18
-19
-16
-11
-5
2
14
28
38
40
37
30
23
15
5
2
3
6
5
3
-1
-7
-21
-43
-65
-77
-78
-71
-54
-27
14
58
99
130
152
163
159
133
82
15
-58
-120
-165
-189
-188
-162
-109
-37
36
98
143
172
182
165
121
65
9
-40
-85
-126
-154
-158
-132
-85
-36
6
37
57
53
17
-48
-126
-194
-241
-253
-229
-156
-36
117
277
413
495
523
517
494
451
370
238
72
-101
-259
-383
-461
-480
-451
-394
-319
-216
-77
76
199
264
292
318
348
349
301
217
134
67
-3
-92
-188
-272
-332
-375
-401
-397
-350
-266
-160
-43
74
186
279
345
380
391
380
345
283
193
86
-21
-123
-222
-327
-426
-493
-514
-489
-427
-336
-220
-77
86
260
428
560
634
644
596
496
341
143
-64
-236
-355
-426
-472
-494
-477
-408
-305
-203
-115
-15
115
257
369
442
499
545
541
450
289
108
-71
-271
-499
-716
-860
-891
-812
-634
-374
-62
261
552
780
906
886
712
426
98
-220
-495
-693
-767
-705
-555
-375
-196
-29
101
151
93
-61
-284
-536
-766
-905
-887
-677
-261
346
1103
1944
2769
3402
3594
3144
2078
682
-698
-1873
-2830
-3558
-3932
-3780
-3035
-1827
-454
755
1642
2285
2820
3173
3071
2384
1361
439
-172
-579
-914
-1117
-1084
-880
-699
-636
-653
-723
-894
-1158
-1364
-1338
-1055
-618
-121
440
1110
1874
2597
3053
3048
2555
1749
849
-69
-1060
-2099
-2970
-3394
-3279
-2764
-2077
-1360
-639
118
901
1591
1982
1971
1707
1498
1477
1463
1219
774
376
160
-11
-321
-767
-1216
-1597
-1906
-2090
-2049
-1766
-1332
-829
-242
458
1211
1885
2360
2590
2588
2402
2066
1553
809
-131
-1083
-1823
-2253
-2428
-2443
-2326
-2045
-1579
-963
-292
315
793
1155
1436
1613
1637
1517
1335
1146
920
619
272
-76
-434
-840
-1259
-1578
-1716
-1687
-1540
-1281
-878
-335
281
849
1257
1456
1474
1378
1179
839
357
-167
-575
-781
-818
-757
-636
-467
-278
-134
-79
-123
-254
-451
-677
-873
-985
-991
-880
-623
-182
454
1278
2261
3310
4212
4645
4349
3284
1675
-116
-1763
-3098
-4112
-4809
-5060
-4621
-3404
-1685
10
1321
2264
3026
3605
3766
3334
2424
1348
388
-332
-817
-1126
-1313
-1373
-1280
-1079
-931
-999
-1282
-1640
-1922
-2032
-1886
-1420
-674
202
1086
1968
2850
3567
3852
3575
2857
1907
806
-476
-1871
-3125
-3927
-4130
-3799
-3122
-2290
-1417
-535
353
1175
1769
1994
1903
1740
1733
1869
1929
1756
1409
1041
688
238
-404
-1185
-1952
-2556
-2892
-2894
-2572
-2021
-1324
-466
585
1709
2641
3161
3261
3055
2619
1978
1178
294
-609
-1450
-2061
-2298
-2212
-2004
-1790
-1479
-969
-374
73
285
379
448
455
361
250
220
245
237
173
126
134
141
80
-73
-306
-570
-784
-874
-846
-773
-701
-586
-386
-155
-7
16
-30
-60
-48
-18
-6
-19
-13
67
216
350
374
272
79
-182
-497
-770
-790
-373
519
1792
3246
4532
5163
4752
3371
1562
-92
-1413
-2602
-3774
-4643
-4716
-3792
-2217
-610
646
1622
2573
3476
3958
3695
2795
1686
687
-182
-957
-1514
-1727
-1686
-1585
-1443
-1140
-749
-588
-844
-1275
-1456
-1231
-791
-346
89
629
1322
2090
2727
2963
2652
1959
1215
524
-355
-1624
-3001
-3892
-3957
-3382
-2574
-1757
-917
-8
919
1714
2165
2130
1736
1376
1336
1448
1278
704
104
-124
-71
-167
-586
-1063
-1295
-1337
-1418
-1557
-1547
-1281
-869
-402
221
1073
1955
2532
2691
2593
2358
1873
996
-155
-1256
-2063
-2545
-2758
-2709
-2381
-1796
-1003
-76
835
1509
1812
1805
1638
1349
858
162
-556
-1084
-1359
-1451
-1411
-1216
-879
-492
-158
96
282
385
378
293
212
189
199
181
98
-42
-192
-295
-343
-379
-448
-499
-416
-161
153
363
407
356
279
157
-69
-390
-723
-984
-1101
-969
-434
591
2024
3631
5091
5975
5798
4342
2025
-277
-1993
-3328
-4730
-5990
-6234
-4960
-2766
-758
605
1732
3046
4260
4702
4092
2780
1338
137
-711
-1225
-1474
-1544
-1466
-1212
-808
-416
-270
-514
-1067
-1670
-2049
-2086
-1836
-1386
-745
113
1134
2142
2897
3206
3034
2564
2024
1396
394
-1095
-2636
-3531
-3509
-2962
-2405
-1937
-1355
-577
251
958
1406
1451
1108
760
849
1294
1484
1065
453
302
596
688
176
-603
-1097
-1245
-1376
-1630
-1796
-1685
-1366
-910
-217
766
1770
2399
2542
2400
2127
1635
836
-112
-949
-1594
-2115
-2476
-2500
-2142
-1582
-995
-351
407
1097
1412
1292
991
728
433
-57
-671
-1132
-1281
-1214
-1106
-986
-765
-394
51
428
641
705
714
719
643
397
39
-239
-339
-369
-468
-591
-586
-437
-305
-292
-293
-155
84
242
226
123
38
-58
-272
-607
-907
-950
-590
222
1471
3049
4648
5699
5609
4217
2041
-97
-1751
-3114
-4509
-5701
-5975
-4922
-2991
-1070
379
1601
2957
4261
4871
4386
3074
1603
450
-374
-1059
-1649
-2001
-1995
-1688
-1251
-834
-559
-536
-803
-1204
-1458
-1401
-1130
-816
-434
227
1251
2355
3081
3186
2835
2362
1896
1236
115
-1418
-2907
-3803
-3890
-3385
-2676
-1989
-1295
-457
566
1591
2249
2289
1874
1501
1487
1583
1308
615
9
-91
93
2
-527
-1128
-1430
-1485
-1538
-1635
-1632
-1451
-1122
-601
203
1200
2079
2601
2809
2837
2639
2035
1003
-219
-1337
-2216
-2844
-3215
-3274
-2983
-2362
-1480
-452
558
1387
1933
2178
2147
1854
1309
569
-232
-924
-1402
-1671
-1778
-1711
-1420
-927
-378
81
400
600
668
587
434
338
305
207
-15
-219
-237
-114
-20
8
90
239
269
46
-273
-446
-473
-546
-717
-805
-693
-471
-200
290
1222
2573
4088
5423
6117
5627
3776
1203
-1031
-2464
-3601
-4978
-6174
-6156
-4590
-2340
-535
569
1536
2794
4055
4677
4336
3256
1930
747
-182
-931
-1557
-1995
-2135
-1962
-1576
-1122
-779
-732
-1027
-1432
-1596
-1391
-1022
-699
-321
398
1494
2587
3188
3132
2666
2168
1753
1160
57
-1532
-3116
-4098
-4247
-3785
-3087
-2349
-1519
-443
871
2091
2720
2548
1963
1617
1705
1755
1246
310
-395
-483
-244
-207
-514
-903
-1142
-1276
-1429
-1579
-1620
-1528
-1304
-858
-74
972
1969
2641
2986
3145
3076
2504
1284
-307
-1748
-2722
-3263
-3507
-3429
-2933
-2064
-1014
19
901
1526
1831
1842
1643
1244
602
-197
-905
-1306
-1393
-1295
-1097
-803
-453
-132
127
355
524
506
240
-141
-405
-453
-378
-312
-273
-193
-25
208
437
592
627
558
445
333
180
-101
-493
-838
-946
-764
-382
116
781
1718
2907
4082
4788
4611
3436
1600
-286
-1736
-2685
-3358
-3870
-4005
-3452
-2191
-587
884
1960
2655
3074
3228
3020
2370
1370
279
-628
-1211
-1500
-1597
-1579
-1462
-1233
-903
-560
-359
-410
-668
-953
-1097
-1027
-749
-283
318
961
1567
2072
2366
2286
1768
957
107
-662
-1394
-2092
-2600
-2728
-2455
-1902
-1228
-568
-15
439
899
1376
1664
1524
1037
601
502
586
515
212
-66
-107
-20
-56
-280
-532
-661
-662
-604
-530
-473
-487
-536
-455
-80
525
1094
1435
1620
1821
2010
1930
1361
370
-741
-1664
-2260
-2546
-2594
-2445
-2074
-1427
-543
379
1073
1411
1483
1444
1316
996
439
-218
-786
-1194
-1490
-1676
-1645
-1306
-749
-193
223
525
781
927
835
502
95
-216
-423
-614
-793
-854
-706
-383
-5
314
515
591
586
529
382
62
-419
-903
-1242
-1399
-1341
-882
155
1668
3292
4735
5827
6235
5422
3253
468
-1907
-3584
-5063
-6514
-7132
-6060
-3650
-1225
414
1673
3216
4828
5647
5224
3915
2302
708
-681
-1662
-2183
-2439
-2555
-2358
-1680
-789
-213
-207
-551
-919
-1206
-1444
-1602
-1579
-1283
-607
527
1938
3112
3579
3385
2976
2586
1927
635
-1139
-2772
-3736
-3967
-3700
-3139
-2399
-1551
-608
449
1488
2123
2044
1445
941
923
1138
1051
551
85
59
345
489
278
-95
-370
-533
-702
-912
-1116
-1305
-1459
-1407
-940
-119
688
1203
1530
1941
2399
2521
2029
1079
38
-882
-1672
-2299
-2636
-2612
-2269
-1664
-845
31
716
1083
1229
1277
1162
738
43
-660
-1128
-1309
-1286
-1132
-887
-554
-122
389
868
1128
1075
784
401
1
-409
-800
-1101
-1264
-1300
-1203
-960
-600
-218
94
335
554
749
817
672
347
-17
-321
-581
-784
-709
-10
1452
3390
5215
6312
6251
4918
2691
328
-1574
-3077
-4603
-6063
-6623
-5620
-3481
-1352
151
1415
2957
4506
5276
4926
3841
2527
1129
-331
-1599
-2367
-2644
-2667
-2513
-2039
-1265
-544
-238
-336
-555
-712
-866
-1081
-1244
-1144
-645
224
1289
2268
2920
3180
3155
2886
2200
908
-841
-2543
-3677
-4066
-3875
-3372
-2720
-1925
-904
356
1624
2459
2569
2123
1626
1398
1285
935
310
-228
-350
-143
9
-136
-452
-665
-702
-731
-896
-1123
-1238
-1162
-920
-520
44
709
1349
1930
2503
2989
3077
2482
1287
-103
-1327
-2296
-3034
-3485
-3520
-3088
-2254
-1154
-14
901
1468
1803
2045
2089
1676
802
-149
-793
-1135
-1440
-1778
-1910
-1627
-1032
-411
63
403
659
818
838
709
450
117
-209
-448
-569
-586
-521
-417
-324
-244
-116
74
194
84
-209
-446
-487
-456
-513
-552
-262
579
1944
3667
5424
6619
6560
5020
2561
97
-1912
-3648
-5307
-6521
-6628
-5436
-3516
-1644
-98
1373
2954
4343
5010
4740
3803
2608
1357
93
-1052
-1861
-2261
-2384
-2329
-2038
-1483
-913
-687
-876
-1172
-1272
-1214
-1215
-1265
-1058
-345
757
1866
2663
3070
3184
3095
2763
2025
748
-941
-2600
-3725
-4103
-3911
-3466
-2916
-2191
-1162
153
1479
2375
2560
2210
1853
1793
1760
1279
358
-414
-567
-303
-196
-458
-769
-800
-654
-653
-891
-1169
-1277
-1195
-964
-560
44
771
1488
2124
2665
3005
2929
2290
1192
-63
-1209
-2154
-2878
-3292
-3283
-2844
-2111
-1247
-357
467
1125
1550
1732
1650
1257
596
-115
-636
-931
-1140
-1334
-1409
-1247
-897
-508
-172
97
290
405
479
514
422
160
-124
-210
-101
-49
-224
-476
-547
-409
-259
-237
-269
-249
-203
-244
-398
-544
-500
-127
618
1726
3170
4790
6103
6373
5150
2824
387
-1495
-3015
-4619
-6063
-6462
-5369
-3421
-1650
-404
767
2243
3727
4593
4546
3758
2568
1286
173
-601
-1094
-1527
-1987
-2257
-2066
-1480
-936
-827
-1103
-1362
-1337
-1170
-1148
-1264
-1169
-577
437
1531
2391
2887
3045
3001
2847
2456
1512
-101
-1954
-3303
-3736
-3480
-3055
-2730
-2368
-1671
-533
783
1751
2013
1772
1635
1896
2145
1791
874
78
-108
60
20
-371
-787
-938
-875
-795
-818
-974
-1226
-1389
-1204
-607
143
736
1163
1670
2361
2956
3027
2415
1354
210
-822
-1739
-2536
-3098
-3273
-2996
-2314
-1367
-369
443
962
1274
1490
1562
1306
706
5
-509
-790
-996
-1226
-1378
-1303
-984
-530
-71
287
461
442
331
246
194
85
-110
-283
-307
-202
-105
-102
-142
-139
-88
-59
-116
-265
-478
-692
-801
-682
-238
582
1809
3408
5149
6493
6763
5592
3307
792
-1198
-2637
-4016
-5495
-6445
-6034
-4249
-2029
-294
917
2153
3574
4626
4694
3803
2493
1230
160
-698
-1292
-1620
-1769
-1782
-1573
-1125
-657
-499
-762
-1204
-1470
-1440
-1306
-1299
-1320
-975
0
1350
2461
2929
2898
2771
2674
2319
1391
-65
-1644
-2897
-3560
-3613
-3236
-2705
-2188
-1580
-669
497
1471
1804
1565
1314
1475
1844
1869
1361
730
468
542
489
20
-659
-1145
-1305
-1290
-1256
-1228
-1208
-1196
-1080
-667
56
803
1298
1600
1986
2502
2818
2570
1732
592
-558
-1580
-2421
-3011
-3263
-3108
-2543
-1670
-706
133
763
1218
1513
1599
1435
1064
563
-3
-557
-1001
-1274
-1404
-1427
-1302
-970
-497
-75
159
252
330
423
439
292
16
-275
-483
-565
-528
-420
-301
-180
-1
267
521
569
308
-148
-587
-846
-847
-498
333
1694
3429
5180
6408
6524
5210
2776
56
-2253
-4082
-5667
-6803
-6810
-5360
-3066
-942
606
1948
3442
4802
5401
4952
3705
2116
552
-737
-1623
-2159
-2511
-2707
-2561
-1946
-1093
-464
-329
-540
-774
-876
-921
-1016
-1104
-985
-464
479
1600
2477
2821
2717
2497
2285
1788
625
-1131
-2873
-3940
-4120
-3691
-3069
-2463
-1781
-792
554
1924
2749
2730
2168
1689
1574
1509
1059
284
-313
-385
-121
24
-176
-585
-949
-1116
-1077
-948
-948
-1185
-1417
-1188
-365
599
1141
1277
1549
2251
2958
3025
2342
1341
357
-653
-1761
-2739
-3303
-3422
-3201
-2610
-1604
-436
445
902
1225
1659
1985
1811
1144
417
-36
-322
-698
-1159
-1458
-1451
-1241
-976
-692
-381
-106
83
244
440
576
478
163
-114
-165
-116
-203
-419
-502
-299
50
314
427
429
299
-7
-391
-665
-744
-631
-192
864
2632
4676
6190
6498
5459
3483
1235
-775
-2456
-3974
-5274
-5863
-5252
-3599
-1673
-129
1051
2232
3453
4284
4311
3547
2323
988
-200
-1051
-1536
-1828
-2095
-2250
-2014
-1331
-575
-236
-416
-763
-908
-842
-815
-933
-991
-705
-7
912
1762
2291
2416
2269
2071
1823
1225
35
-1500
-2754
-3292
-3215
-2892
-2530
-2075
-1387
-380
874
2055
2682
2534
1951
1520
1420
1262
678
-123
-560
-391
-3
64
-264
-578
-554
-336
-320
-638
-1025
-1164
-1007
-684
-250
325
980
1571
2032
2393
2588
2393
1687
634
-463
-1440
-2281
-2922
-3198
-3013
-2425
-1567
-604
252
839
1182
1444
1646
1582
1103
377
-252
-636
-910
-1233
-1539
-1626
-1394
-940
-452
-55
245
480
644
687
588
390
146
-112
-353
-518
-591
-623
-655
-623
-433
-139
65
64
-42
-78
-27
-30
-121
-66
494
1731
3450
5156
6232
6169
4822
2600
261
-1631
-3103
-4480
-5704
-6139
-5214
-3178
-974
660
1792
2902
4081
4830
4625
3491
1945
517
-569
-1323
-1825
-2147
-2323
-2291
-1944
-1332
-763
-571
-752
-948
-863
-607
-501
-624
-665
-282
519
1406
2030
2262
2199
2032
1850
1500
690
-645
-2121
-3149
-3447
-3213
-2830
-2476
-2056
-1359
-275
1018
2041
2345
2009
1642
1699
1884
1532
543
-368
-509
-57
199
-160
-770
-1048
-886
-644
-643
-876
-1143
-1256
-1085
-590
103
755
1251
1717
2288
2775
2747
2006
845
-245
-1054
-1734
-2422
-2961
-3064
-2611
-1760
-801
-7
485
733
931
1164
1260
980
361
-259
-606
-737
-875
-1085
-1225
-1149
-847
-410
41
369
490
448
371
309
183
-83
-435
-724
-863
-862
-773
-628
-430
-158
201
569
759
632
249
-156
-408
-490
-405
-32
792
2084
3659
5124
5910
5458
3685
1257
-884
-2412
-3803
-5402
-6601
-6343
-4428
-1899
73
1332
2519
3938
5071
5218
4263
2700
1121
-145
-1043
-1667
-2132
-2431
-2427
-2050
-1459
-961
-758
-828
-1020
-1163
-1146
-971
-754
-585
-338
246
1218
2208
2714
2580
2133
1785
1529
948
-279
-1900
-3210
-3658
-3308
-2693
-2268
-2026
-1611
-711
596
1827
2438
2313
1882
1685
1760
1633
966
57
-486
-466
-249
-264
-540
-833
-984
-1016
-981
-917
-905
-987
-1019
-757
-149
555
1103
1510
1954
2427
2637
2286
1384
237
-816
-1618
-2196
-2613
-2829
-2694
-2095
-1144
-172
518
873
1058
1196
1224
996
508
-72
-555
-870
-1052
-1157
-1187
-1107
-875
-508
-97
240
437
520
543
519
413
192
-119
-451
-718
-852
-838
-717
-553
-368
-127
166
400
427
234
-23
-180
-192
-68
285
1074
2427
4182
5828
6670
6182
4403
1971
-342
-2260
-4030
-5762
-6931
-6780
-5199
-2962
-972
559
2009
3604
5000
5596
5113
3768
2076
529
-605
-1372
-1986
-2539
-2836
-2603
-1872
-1059
-638
-726
-1047
-1241
-1167
-946
-760
-659
-498
-44
806
1852
2668
2950
2786
2489
2155
1504
269
-1380
-2889
-3792
-3987
-3635
-2969
-2236
-1580
-867
183
1504
2501
2637
2123
1719
1790
1885
1433
572
-28
-45
138
9
-453
-895
-1104
-1158
-1177
-1163
-1127
-1136
-1145
-940
-359
448
1151
1606
1958
2346
2615
2445
1719
671
-367
-1246
-1999
-2619
-2974
-2928
-2470
-1709
-801
69
740
1156
1386
1487
1392
981
311
-361
-783
-945
-1034
-1181
-1310
-1226
-850
-323
110
321
386
467
597
639
453
76
-309
-554
-643
-631
-558
-459
-371
-288
-147
60
222
222
106
13
-30
-127
-236
-28
852
2417
4270
5832
6547
6033
4322
1991
-232
-2073
-3790
-5510
-6702
-6600
-5097
-2937
-968
600
2068
3596
4872
5385
4886
3574
1962
541
-477
-1219
-1893
-2491
-2777
-2549
-1893
-1156
-694
-658
-911
-1154
-1156
-933
-702
-597
-462
16
936
1987
2681
2807
2588
2364
2145
1561
318
-1370
-2877
-3705
-3841
-3592
-3211
-2730
-2051
-1075
200
1540
2486
2688
2311
1925
1875
1861
1369
406
-419
-598
-309
-135
-347
-683
-785
-641
-539
-683
-1000
-1247
-1222
-865
-245
491
1197
1769
2142
2268
2118
1688
1017
174
-731
-1557
-2172
-2502
-2537
-2296
-1807
-1123
-348
374
902
1165
1197
1074
810
372
-211
-756
-1070
-1138
-1126
-1140
-1093
-831
-353
163
521
647
599
475
357
243
39
-318
-732
-990
-975
-787
-608
-485
-314
-36
247
397
395
326
226
72
-79
-9
547
1712
3362
5114
6381
6558
5408
3301
956
-1120
-2919
-4631
-6121
-6833
-6263
-4506
-2271
-298
1239
2693
4277
5572
5828
4797
3041
1372
133
-838
-1712
-2407
-2778
-2784
-2424
-1728
-962
-583
-791
-1218
-1312
-990
-658
-609
-636
-332
431
1429
2343
2933
3081
2839
2394
1811
899
-512
-2171
-3484
-4045
-3942
-3510
-2951
-2302
-1540
-602
574
1813
2632
2695
2295
2090
2250
2211
1437
234
-570
-612
-349
-356
-657
-904
-966
-990
-1050
-1043
-961
-957
-1010
-805
-123
781
1461
1836
2185
2581
2648
2034
913
-202
-1024
-1667
-2265
-2689
-2729
-2359
-1721
-936
-115
572
973
1113
1131
1061
792
278
-311
-753
-969
-1020
-972
-847
-691
-541
-351
-51
296
508
483
337
242
211
113
-122
-400
-582
-623
-568
-479
-397
-344
-316
-286
-245
-208
-186
-168
-140
-97
34
422
1249
2573
4248
5848
6698
6192
4322
1823
-433
-2220
-3935
-5742
-7018
-6907
-5308
-3022
-930
749
2309
3902
5233
5808
5356
4030
2314
721
-486
-1364
-2074
-2646
-2931
-2755
-2126
-1322
-792
-801
-1152
-1346
-1128
-752
-594
-612
-393
324
1356
2339
3014
3262
3054
2531
1914
1181
34
-1633
-3342
-4364
-4403
-3795
-3037
-2351
-1670
-818
328
1631
2597
2760
2283
1905
2054
2258
1782
695
-161
-272
-68
-227
-762
-1161
-1197
-1136
-1183
-1197
-1058
-933
-937
-794
-199
663
1298
1569
1799
2168
2352
1979
1163
325
-377
-1119
-1953
-2597
-2768
-2509
-2016
-1362
-557
243
799
1051
1142
1164
1040
689
197
-268
-618
-845
-961
-985
-948
-847
-634
-323
-58
32
24
116
333
462
320
-8
-279
-395
-462
-583
-703
-688
-488
-188
83
231
243
168
88
31
-63
-235
-342
-60
900
2544
4490
6098
6733
6065
4289
2036
-80
-1929
-3776
-5637
-6869
-6678
-5030
-2817
-947
519
2100
3908
5303
5593
4778
3417
1975
593
-663
-1640
-2283
-2694
-2890
-2703
-2076
-1335
-922
-918
-996
-874
-651
-610
-802
-937
-668
96
1122
2037
2581
2739
2654
2446
2061
1320
97
-1461
-2912
-3770
-3863
-3456
-2956
-2504
-1906
-930
394
1718
2598
2785
2455
2083
1957
1834
1263
291
-446
-480
-137
-116
-603
-1110
-1192
-959
-770
-752
-809
-879
-907
-696
-82
748
1378
1647
1780
1963
2016
1648
870
-10
-775
-1433
-2020
-2424
-2514
-2276
-1780
-1079
-260
489
973
1174
1225
1195
973
456
-225
-774
-1028
-1096
-1157
-1205
-1086
-743
-311
28
222
324
409
503
546
417
59
-396
-705
-767
-717
-706
-684
-507
-203
35
86
29
-7
1
11
9
13
49
230
790
1932
3572
5239
6234
5993
4467
2228
55
-1721
-3379
-5173
-6641
-6853
-5445
-3153
-1069
459
1918
3666
5260
5892
5290
3915
2382
955
-365
-1527
-2396
-2905
-3066
-2866
-2321
-1630
-1131
-987
-1028
-980
-788
-616
-570
-538
-323
184
948
1811
2504
2773
2594
2205
1807
1268
258
-1259
-2814
-3791
-3952
-3561
-3024
-2531
-1983
-1165
23
1383
2449
2806
2516
2094
1950
1902
1443
511
-318
-513
-261
-193
-566
-1010
-1115
-933
-774
-749
-773
-817
-884
-809
-357
407
1112
1521
1782
2086
2264
1962
1133
137
-676
-1275
-1794
-2227
-2418
-2274
-1835
-1198
-453
266
791
1038
1067
971
738
310
-245
-720
-952
-998
-1023
-1053
-932
-562
-86
257
404
483
579
613
497
250
-55
-402
-755
-981
-966
-791
-648
-583
-429
-72
347
573
523
347
195
56
-152
-372
-365
166
1386
3165
5028
6290
6386
5223
3239
1046
-1019
-2990
-4903
-6411
-6901
-6035
-4146
-1998
-145
1427
3006
4570
5613
5593
4500
2871
1296
-23
-1178
-2185
-2884
-3129
-2964
-2504
-1831
-1079
-517
-351
-471
-548
-439
-321
-390
-493
-262
462
1426
2200
2532
2491
2300
2073
1658
768
-672
-2295
-3483
-3848
-3520
-2951
-2465
-2019
-1333
-241
1057
2076
2434
2230
1941
1908
1938
1575
713
-190
-616
-547
-404
-505
-753
-864
-749
-559
-454
-480
-593
-700
-642
-278
318
841
1065
1094
1210
1437
1469
1050
321
-361
-844
-1250
-1669
-1972
-1992
-1722
-1255
-647
28
569
785
718
592
515
356
-12
-483
-821
-937
-912
-842
-717
-498
-198
120
373
480
419
284
209
191
76
-231
-597
-802
-815
-785
-787
-679
-344
89
348
338
216
152
124
8
-195
-314
-131
515
1700
3343
5076
6260
6296
5051
3009
878
-981
-2729
-4564
-6162
-6764
-5917
-4010
-1928
-208
1298
2910
4498
5500
5481
4509
2999
1377
-85
-1238
-2044
-2567
-2848
-2809
-2374
-1692
-1123
-910
-946
-943
-785
-600
-529
-529
-431
-97
498
1277
2048
2554
2649
2413
2009
1437
517
-820
-2294
-3403
-3817
-3597
-3059
-2468
-1872
-1146
-187
931
1925
2475
2495
2240
2035
1906
1568
843
28
-388
-306
-140
-305
-724
-1011
-997
-856
-769
-705
-587
-457
-323
-32
501
1050
1305
1295
1335
1511
1488
983
199
-424
-779
-1128
-1611
-1991
-1982
-1628
-1169
-701
-171
373
733
804
694
540
312
-57
-487
-782
-850
-774
-674
-588
-480
-307
-35
306
571
609
439
269
218
165
-70
-429
-669
-699
-682
-757
-809
-652
-322
-29
122
212
318
377
322
210
180
330
771
1666
3077
4695
5842
5868
4630
2613
554
-1155
-2676
-4316
-5883
-6615
-5904
-4005
-1854
-113
1358
2972
4610
5608
5496
4457
3005
1466
-50
-1394
-2361
-2908
-3141
-3090
-2659
-1895
-1116
-657
-553
-575
-536
-439
-366
-334
-255
12
567
1345
2085
2504
2525
2317
2023
1529
579
-871
-2447
-3570
-3882
-3494
-2836
-2255
-1754
-1087
-82
1118
2114
2564
2479
2202
2049
1960
1595
826
10
-387
-329
-240
-436
-779
-959
-920
-837
-793
-735
-680
-703
-687
-344
376
1101
1471
1559
1663
1795
1634
1022
212
-469
-997
-1529
-2046
-2330
-2244
-1865
-1308
-619
117
706
1000
1060
1039
941
633
105
-428
-740
-816
-800
-767
-690
-554
-398
-234
-44
126
172
111
128
311
456
290
-148
-532
-659
-660
-715
-781
-691
-439
-163
76
299
462
462
324
194
119
30
-1
396
1557
3344
5098
6046
5752
4339
2359
388
-1410
-3243
-5131
-6508
-6620
-5341
-3363
-1483
123
1771
3559
5043
5632
5154
3937
2441
954
-412
-1575
-2434
-2930
-3059
-2835
-2304
-1646
-1151
-958
-879
-623
-224
-52
-301
-640
-550
107
1003
1770
2282
2529
2486
2210
1834
1313
357
-1139
-2735
-3748
-3912
-3531
-2996
-2385
-1603
-650
385
1417
2285
2720
2619
2279
2069
1920
1400
406
-522
-808
-555
-383
-603
-898
-869
-589
-405
-443
-543
-606
-660
-625
-295
321
902
1206
1388
1690
1983
1875
1260
452
-261
-926
-1643
-2226
-2380
-2115
-1696
-1240
-622
169
848
1155
1174
1140
1043
691
84
-485
-792
-917
-1040
-1149
-1099
-862
-558
-267
21
269
380
366
379
479
493
244
-163
-446
-516
-576
-783
-993
-952
-629
-238
43
236
412
536
521
356
133
-29
27
535
1676
3316
4926
5838
5664
4494
2730
769
-1168
-2984
-4564
-5686
-6045
-5422
-3905
-1943
-49
1584
3077
4455
5356
5325
4328
2819
1297
-40
-1202
-2156
-2801
-3067
-2935
-2442
-1767
-1205
-912
-744
-486
-184
-63
-168
-267
-155
141
535
1042
1639
2103
2205
1998
1697
1306
576
-606
-1939
-2918
-3274
-3100
-2678
-2242
-1828
-1264
-334
926
2094
2669
2551
2143
1891
1777
1401
561
-367
-799
-628
-342
-415
-750
-904
-703
-429
-379
-515
-642
-699
-684
-491
-41
497
863
1070
1371
1814
2058
1768
1025
191
-516
-1129
-1695
-2130
-2324
-2235
-1850
-1192
-414
238
651
933
1205
1363
1200
698
105
-323
-559
-742
-944
-1083
-1031
-775
-440
-170
-3
138
323
525
626
538
272
-73
-379
-584
-705
-803
-890
-882
-686
-314
94
395
540
550
465
313
105
-154
-408
-473
-68
1001
2625
4382
5693
6053
5251
3506
1368
-655
-2432
-4074
-5462
-6096
-5546
-3987
-2088
-388
1081
2531
3927
4886
5023
4282
2963
1491
182
-879
-1767
-2523
-3026
-3073
-2603
-1817
-1067
-601
-395
-255
-63
67
-41
-344
-543
-379
114
709
1246
1664
1904
1937
1854
1714
1315
346
-1108
-2437
-3098
-3175
-3124
-3092
-2762
-1858
-542
794
1852
2476
2582
2291
1936
1706
1370
628
-304
-807
-627
-249
-266
-612
-726
-372
42
42
-330
-679
-806
-813
-773
-588
-215
197
554
983
1578
2090
2126
1633
950
345
-284
-1092
-1902
-2345
-2317
-2038
-1676
-1173
-495
177
633
880
1016
1012
770
354
-40
-336
-622
-916
-1065
-971
-742
-536
-342
-69
255
486
574
568
460
164
-293
-684
-816
-764
-746
-824
-807
-528
-62
354
590
693
735
685
483
151
-220
-555
-758
-595
237
1796
3678
5199
5816
5368
4029
2169
209
-1560
-3109
-4481
-5454
-5542
-4512
-2771
-1039
363
1679
3119
4358
4821
4335
3272
2064
839
-420
-1583
-2426
-2883
-3032
-2862
-2276
-1359
-485
13
165
225
283
173
-192
-603
-757
-551
-100
459
1035
1528
1857
2035
2072
1813
1016
-307
-1747
-2822
-3355
-3479
-3322
-2851
-2005
-837
477
1668
2408
2491
2077
1606
1342
1104
576
-168
-671
-648
-336
-163
-240
-329
-258
-157
-239
-510
-819
-1075
-1236
-1196
-827
-206
395
830
1258
1843
2389
2480
1974
1155
353
-400
-1208
-1966
-2420
-2485
-2303
-1964
-1394
-589
210
753
1055
1276
1397
1217
697
97
-322
-571
-820
-1067
-1145
-985
-718
-469
-215
78
303
331
208
106
60
-40
-225
-347
-309
-246
-334
-482
-431
-136
128
128
-35
-102
-12
59
-28
-233
-455
-626
-630
-279
533
1718
3100
4492
5546
5698
4579
2516
356
-1333
-2715
-4167
-5482
-5917
-5059
-3354
-1617
-209
1103
2560
3960
4818
4827
4034
2715
1215
-158
-1236
-2050
-2688
-3059
-2926
-2217
-1240
-462
-93
17
54
-16
-328
-810
-1191
-1248
-939
-313
549
1460
2152
2492
2609
2628
2354
1440
-114
-1791
-2979
-3481
-3498
-3254
-2791
-2082
-1124
40
1250
2138
2352
1970
1521
1401
1406
1044
275
-362
-430
-120
67
-40
-201
-249
-319
-563
-876
-1065
-1120
-1132
-1047
-718
-176
356
754
1156
1687
2176
2287
1897
1214
497
-187
-899
-1603
-2131
-2354
-2276
-1966
-1467
-830
-157
453
957
1332
1479
1281
785
227
-169
-405
-635
-896
-1032
-900
-583
-286
-102
45
207
321
310
217
120
20
-128
-275
-315
-263
-272
-420
-564
-531
-338
-147
-17
142
364
515
457
218
-90
-401
-636
-585
-31
1026
2372
3762
4915
5396
4780
3137
1106
-706
-2287
-3920
-5415
-6050
-5375
-3795
-2114
-683
744
2380
3937
4865
4857
4044
2790
1432
170
-928
-1852
-2556
-2928
-2848
-2298
-1439
-585
-51
68
-54
-190
-312
-554
-912
-1142
-986
-427
337
1130
1857
2433
2760
2758
2347
1449
118
-1333
-2499
-3176
-3437
-3383
-2996
-2261
-1271
-152
969
1846
2167
1917
1535
1461
1552
1271
453
-381
-657
-420
-170
-178
-278
-288
-303
-468
-706
-844
-885
-940
-947
-701
-159
449
905
1264
1685
2103
2227
1875
1174
381
-376
-1104
-1772
-2260
-2470
-2390
-2041
-1441
-665
132
792
1240
1458
1429
1148
692
185
-286
-692
-990
-1121
-1074
-918
-731
-529
-298
-68
117
232
286
279
219
154
134
129
50
-143
-376
-538
-600
-608
-602
-542
-364
-65
256
467
502
386
163
-157
-523
-733
-483
411
1860
3541
5030
5855
5605
4218
2172
167
-1496
-3077
-4797
-6182
-6379
-5114
-3099
-1279
130
1595
3352
4893
5466
4874
3565
2100
745
-473
-1548
-2440
-3069
-3265
-2850
-1897
-861
-263
-224
-400
-433
-355
-462
-856
-1250
-1225
-629
312
1236
1920
2354
2630
2771
2638
2023
852
-645
-2037
-2972
-3390
-3438
-3240
-2788
-2023
-944
328
1524
2276
2381
2052
1755
1683
1512
880
-5
-519
-407
-120
-203
-590
-777
-569
-294
-293
-506
-710
-868
-1028
-1041
-703
-100
436
779
1148
1703
2217
2303
1872
1155
370
-452
-1280
-1955
-2326
-2385
-2190
-1732
-1016
-193
495
919
1121
1176
1073
782
358
-82
-450
-724
-890
-932
-864
-721
-534
-314
-78
127
269
345
362
299
142
-68
-224
-256
-221
-246
-386
-529
-532
-395
-262
-212
-145
71
386
587
523
233
-152
-542
-823
-772
-123
1196
2951
4682
5866
6058
5094
3269
1221
-566
-2144
-3819
-5468
-6361
-5859
-4179
-2230
-643
735
2327
4011
5124
5188
4342
3053
1643
243
-1004
-1957
-2595
-2952
-2929
-2389
-1483
-655
-243
-181
-213
-281
-505
-880
-1173
-1165
-839
-283
450
1292
2073
2607
2853
2858
2561
1786
492
-1059
-2444
-3379
-3803
-3778
-3372
-2660
-1685
-450
962
2199
2783
2586
2051
1709
1560
1146
285
-559
-828
-556
-269
-281
-403
-356
-203
-179
-359
-647
-979
-1301
-1401
-1053
-344
351
799
1159
1663
2206
2421
2116
1435
603
-282
-1152
-1840
-2219
-2340
-2307
-2049
-1418
-497
333
774
924
1073
1256
1201
735
70
-444
-717
-931
-1171
-1274
-1079
-683
-314
-48
210
493
668
630
455
288
155
-18
-239
-422
-514
-580
-680
-766
-739
-588
-373
-132
133
371
477
397
181
-109
-454
-784
-862
-390
767
2437
4218
5594
6053
5324
3638
1645
-108
-1647
-3331
-5109
-6268
-6083
-4645
-2776
-1144
314
1962
3718
4980
5262
4613
3427
2028
592
-723
-1793
-2601
-3130
-3214
-2704
-1776
-895
-387
-183
-80
-81
-320
-741
-1072
-1111
-868
-409
270
1122
1953
2558
2902
3013
2768
1969
623
-944
-2319
-3268
-3762
-3836
-3525
-2869
-1882
-574
902
2144
2722
2571
2097
1751
1555
1161
395
-415
-772
-592
-271
-191
-310
-348
-235
-172
-325
-634
-945
-1185
-1281
-1080
-524
176
730
1109
1543
2100
2480
2324
1634
734
-124
-913
-1640
-2183
-2415
-2332
-1995
-1424
-662
111
687
1022
1217
1302
1164
736
163
-321
-637
-867
-1066
-1143
-996
-665
-317
-75
52
115
134
107
59
36
53
74
52
-25
-149
-309
-480
-613
-662
-629
-545
-395
-139
193
455
511
375
137
-160
-517
-808
-737
-61
1202
2817
4464
5703
5969
4937
2931
721
-1200
-2972
-4783
-6211
-6503
-5469
-3745
-2053
-502
1198
3068
4685
5566
5490
4529
2976
1293
-127
-1229
-2208
-3084
-3539
-3278
-2423
-1434
-697
-295
-125
-100
-204
-444
-789
-1122
-1235
-948
-237
734
1702
2451
2894
3080
3041
2633
1636
64
-1667
-3037
-3820
-4112
-4004
-3455
-2460
-1162
254
1604
2569
2802
2352
1769
1529
1453
986
55
-745
-885
-540
-274
-314
-415
-349
-220
-250
-487
-843
-1220
-1479
-1415
-941
-264
310
719
1182
1828
2435
2616
2232
1469
586
-298
-1147
-1866
-2342
-2551
-2512
-2190
-1535
-664
143
689
1023
1286
1437
1292
833
277
-157
-464
-733
-919
-899
-703
-519
-436
-341
-120
124
193
75
-32
48
261
414
369
148
-123
-341
-497
-639
-776
-831
-713
-436
-99
218
495
693
708
463
35
-392
-651
-642
-255
660
2143
3928
5418
5973
5345
3847
2038
236
-1618
-3588
-5340
-6278
-6052
-4862
-3235
-1572
58
1759
3497
4941
5595
5190
3950
2414
971
-357
-1669
-2829
-3526
-3566
-3030
-2144
-1187
-424
-10
116
120
20
-282
-725
-1005
-872
-374
292
1032
1801
2447
2813
2913
2804
2304
1122
-656
-2417
-3549
-3937
-3858
-3504
-2816
-1732
-372
1011
2118
2681
2622
2189
1765
1458
1016
291
-432
-707
-494
-198
-154
-278
-303
-188
-127
-272
-595
-982
-1317
-1439
-1205
-657
-34
484
968
1566
2205
2560
2373
1700
830
8
-711
-1370
-1975
-2447
-2636
-2421
-1806
-967
-160
454
885
1212
1425
1407
1067
492
-83
-463
-657
-806
-989
-1094
-974
-638
-266
-16
103
180
266
366
470
541
503
306
21
-238
-422
-592
-767
-859
-793
-608
-393
-168
97
349
464
382
176
-68
-348
-657
-800
-437
664
2377
4241
5695
6304
5868
4464
2445
312
-1586
-3248
-4822
-6127
-6545
-5610
-3653
-1589
35
1505
3274
5055
5953
5478
4091
2583
1249
-99
-1521
-2724
-3428
-3603
-3298
-2521
-1456
-535
-85
6
42
59
-162
-646
-1049
-1020
-537
192
1012
1840
2537
2958
3088
2964
2462
1366
-303
-2119
-3520
-4213
-4260
-3867
-3171
-2192
-913
584
1987
2836
2876
2363
1843
1577
1302
674
-177
-728
-695
-358
-177
-260
-349
-275
-176
-265
-560
-913
-1206
-1355
-1252
-826
-221
309
721
1252
2022
2702
2771
2117
1174
399
-212
-925
-1777
-2462
-2708
-2514
-2017
-1317
-531
149
620
982
1335
1526
1312
741
175
-134
-293
-531
-823
-958
-853
-636
-420
-201
0
75
20
21
212
434
398
78
-231
-289
-208
-260
-514
-768
-807
-601
-278
24
224
317
351
351
263
18
-364
-752
-986
-948
-560
194
1257
2549
3988
5337
6047
5525
3712
1293
-878
-2529
-3973
-5374
-6272
-6033
-4594
-2586
-685
946
2522
4086
5264
5564
4841
3383
1666
56
-1278
-2292
-2994
-3376
-3333
-2741
-1705
-655
-46
68
5
-26
-156
-518
-893
-914
-512
88
756
1535
2319
2802
2856
2711
2504
1903
521
-1402
-3062
-3882
-3958
-3675
-3170
-2356
-1243
-26
1090
1927
2291
2109
1634
1269
1115
859
252
-449
-727
-435
24
188
36
-144
-207
-300
-566
-919
-1179
-1276
-1233
-1039
-656
-132
431
1018
1687
2360
2739
2546
1822
911
106
-592
-1324
-2079
-2617
-2699
-2319
-1669
-954
-290
281
759
1140
1367
1330
981
457
0
-267
-427
-583
-697
-657
-454
-210
-26
83
130
106
33
-4
26
34
-91
-309
-446
-408
-302
-309
-461
-574
-461
-162
81
92
-31
-36
167
404
445
253
-25
-266
-472
-673
-791
-650
-86
974
2445
4023
5195
5425
4500
2740
814
-808
-2205
-3710
-5224
-6007
-5397
-3618
-1637
-141
1077
2546
4181
5209
5017
3795
2244
878
-269
-1334
-2301
-2973
-3144
-2747
-1929
-1024
-393
-187
-238
-292
-270
-306
-492
-692
-659
-297
298
968
1585
2036
2257
2292
2205
1880
1038
-377
-1934
-3015
-3385
-3305
-3075
-2683
-1971
-967
121
1119
1893
2260
2126
1732
1467
1366
1034
248
-560
-751
-310
95
-49
-502
-685
-470
-278
-455
-881
-1224
-1330
-1223
-903
-371
233
735
1169
1696
2252
2487
2177
1518
860
242
-544
-1490
-2234
-2471
-2289
-1954
-1539
-942
-203
456
886
1129
1225
1100
738
319
34
-133
-326
-539
-620
-503
-316
-184
-68
96
213
134
-112
-323
-390
-412
-492
-537
-387
-98
89
65
13
127
310
286
6
-249
-234
-54
23
-59
-130
-108
-124
-298
-540
-670
-624
-389
161
1210
2704
4225
5168
5101
4016
2337
620
-893
-2372
-3961
-5276
-5611
-4718
-3161
-1700
-472
927
2637
4124
4728
4348
3403
2276
1055
-217
-1333
-2105
-2542
-2730
-2607
-2074
-1278
-589
-232
-69
121
286
204
-129
-403
-365
-97
205
530
991
1533
1941
2127
2165
1982
1275
-86
-1699
-2907
-3394
-3356
-3117
-2756
-2141
-1175
66
1317
2215
2509
2287
1924
1669
1369
743
-125
-740
-751
-375
-159
-342
-636
-664
-442
-325
-533
-898
-1113
-1074
-874
-575
-151
354
805
1164
1540
1954
2168
1928
1315
653
98
-491
-1207
-1846
-2133
-2045
-1752
-1340
-792
-190
286
594
845
1042
997
641
229
61
90
35
-187
-342
-260
-85
-52
-174
-302
-399
-543
-724
-799
-701
-541
-421
-289
-58
212
387
449
506
597
609
432
120
-158
-296
-316
-285
-243
-197
-164
-169
-247
-433
-735
-1070
-1234
-989
-218
1022
2554
4130
5365
5777
5082
3495
1569
-312
-2179
-4073
-5593
-6123
-5497
-4198
-2788
-1343
367
2299
3958
4820
4745
3965
2804
1492
170
-1052
-2044
-2677
-2855
-2581
-1954
-1146
-379
159
415
478
414
160
-341
-918
-1224
-1047
-474
269
1044
1792
2433
2834
2888
2476
1482
-35
-1674
-2894
-3417
-3379
-3047
-2529
-1792
-841
239
1301
2112
2419
2182
1701
1301
961
429
-263
-681
-529
-98
53
-199
-460
-394
-171
-169
-466
-808
-978
-989
-895
-670
-297
125
512
896
1296
1578
1579
1338
1049
786
420
-147
-766
-1201
-1385
-1415
-1345
-1130
-779
-420
-161
29
215
354
351
236
147
159
193
165
106
86
73
-33
-234
-408
-481
-511
-572
-617
-553
-410
-306
-264
-159
88
372
523
510
439
381
301
149
-44
-217
-350
-445
-476
-430
-344
-278
-254
-272
-359
-557
-838
-1078
-1112
-791
-5
1282
2933
4562
5642
5769
4890
3330
1551
-178
-1883
-3615
-5114
-5831
-5405
-4055
-2406
-908
482
1984
3479
4450
4488
3706
2585
1486
443
-587
-1467
-1992
-2108
-1925
-1539
-1016
-518
-267
-303
-411
-408
-378
-503
-730
-777
-485
41
615
1170
1676
2037
2149
2000
1601
902
-76
-1119
-1915
-2310
-2353
-2163
-1837
-1451
-989
-332
540
1313
1575
1331
1064
1108
1190
827
50
-595
-718
-506
-355
-365
-370
-294
-225
-222
-224
-203
-244
-404
-575
-576
-356
-53
162
276
444
787
1180
1352
1195
889
647
429
46
-508
-996
-1224
-1241
-1175
-1017
-692
-257
134
423
667
859
879
672
353
62
-178
-415
-614
-678
-598
-479
-386
-277
-99
86
163
106
22
9
53
70
37
7
18
41
35
12
-9
-66
-195
-341
-386
-296
-184
-158
-194
-216
-246
-363
-554
-694
-697
-607
-463
-171
425
1388
2621
3871
4726
4722
3690
2016
361
-951
-2150
-3498
-4697
-5066
-4299
-2848
-1430
-314
758
2022
3262
3983
3894
3139
2107
1114
250
-512
-1191
-1715
-1976
-1900
-1529
-1041
-669
-514
-459
-313
-75
42
-122
-420
-537
-325
93
527
919
1274
1562
1740
1790
1619
1050
48
-1088
-1912
-2254
-2310
-2297
-2188
-1807
-1085
-134
823
1503
1699
1494
1251
1196
1094
560
-318
-951
-934
-533
-295
-336
-304
30
435
549
312
-72
-432
-713
-851
-788
-602
-454
-357
-115
396
995
1381
1463
1401
1292
1035
516
-139
-677
-1000
-1209
-1357
-1322
-999
-515
-110
144
368
596
673
475
129
-133
-260
-381
-548
-612
-447
-136
122
243
282
291
255
154
1
-187
-384
-513
-505
-390
-275
-201
-101
56
171
150
48
-20
-54
-144
-276
-321
-227
-114
-106
-161
-161
-126
-190
-388
-584
-643
-541
-276
279
1270
2626
3952
4727
4600
3597
2098
580
-737
-2001
-3391
-4660
-5167
-4507
-3028
-1515
-375
674
2001
3391
4186
4035
3227
2274
1357
363
-715
-1638
-2193
-2380
-2276
-1889
-1273
-652
-269
-135
-77
-15
-57
-268
-503
-556
-409
-173
144
637
1269
1800
2028
1977
1749
1261
353
-859
-1933
-2482
-2548
-2434
-2291
-1952
-1223
-179
836
1475
1611
1373
1050
853
729
434
-115
-620
-685
-305
90
156
36
89
341
441
155
-330
-711
-921
-1049
-1055
-835
-482
-232
-84
227
810
1366
1565
1466
1350
1246
918
306
-325
-732
-960
-1126
-1172
-1004
-736
-559
-466
-309
-93
2
-85
-178
-127
9
103
177
319
488
565
526
453
366
186
-119
-461
-726
-882
-931
-859
-660
-390
-125
107
304
441
478
408
265
83
-124
-336
-504
-554
-453
-254
-101
-79
-141
-173
-174
-258
-470
-671
-675
-410
126
999
2260
3697
4802
5076
4388
3028
1460
3
-1337
-2721
-4109
-5044
-4982
-3906
-2443
-1198
-133
1182
2762
3995
4305
3777
2923
2043
1082
-2
-1026
-1806
-2317
-2548
-2368
-1750
-965
-382
-101
63
237
294
71
-373
-785
-949
-795
-355
269
909
1416
1776
2045
2156
1862
1006
-217
-1347
-2055
-2383
-2569
-2684
-2535
-1902
-835
319
1139
1432
1342
1191
1157
1099
745
84
-515
-646
-311
95
243
191
212
389
519
379
-22
-523
-985
-1339
-1523
-1480
-1247
-898
-428
242
1069
1790
2114
2023
1753
1490
1179
667
-24
-685
-1137
-1361
-1416
-1342
-1164
-937
-707
-487
-300
-203
-208
-209
-76
174
399
504
539
603
688
709
611
408
134
-187
-511
-781
-969
-1076
-1081
-940
-661
-328
-41
166
312
393
388
308
211
119
-3
-185
-372
-460
-428
-374
-409
-516
-577
-521
-420
-413
-522
-619
-550
-264
221
944
1981
3267
4454
5047
4725
3564
1970
360
-1120
-2564
-3984
-5054
-5279
-4497
-3103
-1652
-314
1147
2806
4230
4840
4513
3631
2586
1460
220
-1007
-1995
-2634
-2894
-2699
-2027
-1127
-419
-89
45
180
212
-86
-656
-1133
-1215
-910
-378
295
1054
1769
2286
2558
2584
2249
1387
74
-1285
-2264
-2768
-2995
-3077
-2889
-2236
-1155
48
1002
1507
1606
1517
1433
1336
1019
389
-262
-473
-138
324
450
282
229
437
562
240
-444
-1100
-1515
-1730
-1766
-1526
-1025
-444
129
809
1599
2170
2178
1742
1318
1132
942
458
-221
-751
-971
-1004
-1005
-1008
-1000
-986
-947
-832
-659
-539
-516
-477
-281
64
429
735
986
1189
1288
1236
1041
715
251
-324
-873
-1247
-1410
-1446
-1426
-1300
-986
-506
-9
357
567
692
778
795
686
447
135
-172
-405
-532
-579
-609
-657
-685
-632
-509
-401
-364
-372
-385
-425
-505
-528
-308
259
1132
2220
3452
4625
5278
4942
3610
1809
65
-1567
-3302
-4992
-5998
-5801
-4580
-2995
-1493
-1
1691
3443
4785
5290
4875
3780
2374
963
-308
-1418
-2327
-2877
-2889
-2368
-1580
-851
-350
-51
81
-3
-352
-861
-1291
-1443
-1253
-736
64
1035
1952
2601
2934
3026
2860
2251
1079
-467
-1957
-3038
-3617
-3771
-3576
-3065
-2263
-1212
-18
1073
1727
1811
1586
1455
1488
1357
831
196
-31
259
636
667
388
118
-25
-228
-635
-1133
-1509
-1690
-1713
-1575
-1242
-760
-212
398
1108
1822
2291
2361
2134
1830
1531
1137
575
-81
-699
-1219
-1626
-1873
-1913
-1785
-1573
-1302
-932
-483
-78
195
409
709
1083
1343
1345
1164
984
867
693
346
-136
-606
-959
-1189
-1338
-1415
-1381
-1196
-873
-503
-180
86
340
585
748
756
629
445
260
65
-155
-372
-547
-646
-651
-568
-454
-372
-344
-332
-291
-237
-228
-306
-433
-499
-359
127
1044
2355
3825
5011
5433
4878
3567
1954
339
-1313
-3080
-4717
-5693
-5637
-4680
-3277
-1763
-155
1605
3323
4569
4998
4612
3681
2478
1154
-182
-1373
-2269
-2804
-2959
-2698
-2048
-1226
-552
-195
-65
-6
-21
-185
-449
-608
-503
-136
408
1030
1604
2006
2219
2317
2268
1838
866
-447
-1651
-2455
-2899
-3104
-3054
-2675
-2013
-1186
-260
669
1365
1646
1653
1721
1898
1823
1249
499
136
257
397
182
-213
-388
-316
-323
-587
-936
-1171
-1319
-1462
-1493
-1246
-771
-266
228
842
1572
2145
2306
2114
1803
1446
927
209
-538
-1123
-1509
-1744
-1813
-1692
-1443
-1177
-909
-568
-153
213
419
503
581
696
800
844
831
770
667
546
431
283
20
-363
-742
-997
-1140
-1243
-1282
-1153
-841
-474
-172
80
349
604
747
741
638
475
251
0
-201
-327
-426
-527
-568
-501
-384
-314
-304
-301
-305
-372
-484
-536
-458
-282
-6
537
1548
2970
4383
5225
5143
4179
2683
1035
-601
-2265
-3928
-5249
-5720
-5121
-3765
-2205
-740
741
2375
3939
4923
4997
4282
3175
1975
751
-518
-1746
-2722
-3232
-3169
-2602
-1768
-954
-339
67
322
417
300
-9
-372
-610
-602
-320
163
701
1167
1566
1964
2300
2289
1668
493
-843
-1943
-2679
-3143
-3394
-3343
-2857
-1924
-702
523
1461
1956
2087
2064
2000
1784
1255
495
-139
-341
-177
14
9
-97
-121
-94
-218
-574
-1018
-1386
-1637
-1760
-1642
-1196
-540
124
756
1445
2122
2504
2425
2059
1658
1205
512
-393
-1203
-1666
-1823
-1825
-1704
-1442
-1129
-858
-569
-154
288
526
523
523
713
954
988
799
608
547
513
349
56
-254
-525
-772
-988
-1126
-1159
-1098
-950
-706
-393
-91
135
281
379
432
416
338
256
221
198
99
-99
-313
-457
-537
-617
-692
-685
-580
-452
-390
-383
-389
-422
-486
-458
-122
652
1809
3181
4514
5431
5492
4507
2783
908
-764
-2329
-3947
-5359
-5967
-5420
-4014
-2375
-831
767
2577
4278
5242
5128
4205
2994
1766
471
-918
-2177
-3024
-3344
-3182
-2599
-1699
-733
-1
383
535
558
390
-22
-514
-792
-691
-275
317
969
1569
2032
2346
2493
2314
1574
274
-1223
-2439
-3137
-3359
-3233
-2847
-2271
-1517
-535
622
1628
2083
1955
1651
1520
1441
1070
412
-106
-174
33
141
53
-48
-69
-178
-522
-989
-1353
-1555
-1680
-1707
-1464
-888
-178
433
965
1552
2107
2315
2040
1552
1170
850
312
-457
-1105
-1378
-1422
-1494
-1572
-1465
-1181
-919
-726
-443
-31
284
357
402
701
1146
1343
1142
824
692
683
523
131
-317
-656
-895
-1107
-1285
-1378
-1364
-1226
-947
-559
-177
111
328
552
785
932
908
719
448
194
1
-160
-361
-614
-819
-848
-710
-543
-438
-337
-164
22
75
-55
-267
-449
-567
-578
-344
276
1287
2561
3896
4977
5347
4649
3011
1056
-650
-2095
-3581
-5046
-5871
-5500
-4098
-2355
-743
792
2430
3973
4944
5053
4393
3243
1846
401
-898
-1928
-2660
-3050
-2965
-2335
-1361
-444
118
340
397
360
144
-281
-750
-1015
-951
-591
-21
669
1352
1890
2221
2381
2343
1915
935
-455
-1819
-2764
-3198
-3270
-3084
-2615
-1810
-724
449
1425
1959
2028
1867
1735
1632
1335
770
207
-22
54
98
-109
-433
-624
-674
-762
-974
-1199
-1335
-1403
-1399
-1191
-693
-59
455
815
1196
1649
1926
1806
1416
1064
825
495
-37
-601
-989
-1202
-1354
-1449
-1431
-1323
-1176
-916
-449
97
438
518
594
881
1224
1321
1129
884
741
600
322
-62
-439
-765
-1054
-1255
-1307
-1247
-1175
-1095
-897
-529
-102
230
438
620
824
967
926
690
373
81
-174
-431
-689
-886
-971
-941
-821
-631
-396
-170
6
123
183
169
44
-176
-403
-497
-328
165
967
2021
3222
4333
4920
4563
3240
1449
-215
-1611
-2981
-4350
-5211
-5025
-3886
-2439
-1147
109
1602
3175
4303
4628
4216
3335
2161
816
-502
-1565
-2272
-2636
-2659
-2305
-1623
-825
-160
247
420
412
233
-93
-472
-765
-854
-665
-183
492
1160
1649
1978
2254
2396
2094
1134
-284
-1649
-2590
-3090
-3292
-3233
-2845
-2101
-1075
94
1194
1946
2200
2101
1951
1834
1518
825
-25
-575
-648
-516
-529
-714
-826
-725
-531
-441
-510
-671
-862
-1021
-1033
-808
-407
-9
307
651
1112
1548
1707
1534
1241
1025
825
457
-91
-633
-1005
-1214
-1333
-1363
-1265
-1062
-803
-481
-78
316
552
603
603
656
704
660
586
599
650
543
208
-168
-389
-515
-731
-1030
-1187
-1079
-850
-691
-582
-366
-40
228
334
363
430
508
482
328
130
-24
-106
-110
-66
-48
-134
-300
-448
-520
-546
-560
-530
-439
-339
-280
-215
-73
104
181
117
22
27
158
420
929
1812
2951
3904
4176
3600
2455
1204
82
-1036
-2341
-3679
-4535
-4468
-3562
-2307
-1091
109
1477
2942
4098
4526
4125
3134
1930
785
-230
-1174
-2044
-2666
-2821
-2465
-1804
-1134
-617
-229
101
346
391
170
-219
-542
-586
-306
174
678
1101
1441
1738
1961
1946
1484
533
-649
-1680
-2353
-2729
-2928
-2907
-2521
-1729
-671
419
1303
1814
1945
1872
1750
1505
950
154
-486
-672
-560
-525
-648
-650
-363
-12
74
-148
-461
-718
-930
-1085
-1070
-845
-503
-111
404
1084
1745
2106
2086
1843
1502
1007
279
-560
-1259
-1667
-1812
-1757
-1501
-1066
-554
-71
368
771
1051
1090
900
645
456
302
96
-132
-260
-233
-142
-103
-122
-127
-96
-94
-180
-317
-405
-385
-294
-218
-198
-206
-189
-147
-117
-114
-114
-94
-62
-4
100
228
299
250
106
-50
-183
-307
-412
-451
-424
-383
-351
-287
-174
-89
-121
-245
-359
-419
-464
-480
-326
158
1009
2104
3188
3930
4022
3389
2283
1078
-79
-1308
-2654
-3806
-4288
-3918
-2985
-1895
-789
442
1798
3016
3768
3917
3537
2755
1698
539
-512
-1330
-1895
-2193
-2160
-1771
-1150
-533
-104
86
102
32
-87
-277
-540
-772
-786
-478
59
630
1135
1602
2029
2261
2075
1395
359
-757
-1699
-2332
-2650
-2706
-2526
-2081
-1350
-412
528
1223
1541
1559
1466
1370
1178
753
174
-255
-331
-212
-220
-405
-486
-279
0
-11
-360
-753
-970
-1055
-1089
-979
-622
-129
330
779
1331
1862
2033
1726
1227
842
502
-41
-743
-1254
-1358
-1210
-1056
-912
-658
-309
-6
177
294
368
356
261
182
181
202
173
120
104
116
108
78
53
12
-97
-254
-384
-468
-563
-679
-730
-650
-498
-378
-287
-145
69
251
308
261
202
180
169
131
51
-67
-203
-319
-386
-397
-370
-320
-260
-215
-197
-192
-171
-147
-176
-276
-375
-368
-218
49
459
1111
2047
3070
3776
3813
3150
2080
954
-103
-1190
-2367
-3431
-3990
-3798
-2988
-1919
-837
296
1578
2860
3743
3924
3454
2631
1684
661
-421
-1417
-2118
-2408
-2304
-1891
-1299
-704
-255
22
188
261
179
-89
-432
-680
-711
-492
-62
471
967
1352
1661
1907
1929
1500
610
-451
-1351
-1986
-2424
-2667
-2602
-2187
-1525
-750
71
833
1355
1532
1486
1407
1274
909
312
-208
-373
-283
-258
-404
-521
-435
-262
-229
-388
-620
-835
-1010
-1071
-899
-519
-109
216
556
1033
1534
1797
1718
1442
1128
750
222
-382
-879
-1175
-1323
-1354
-1213
-887
-506
-208
16
247
454
509
389
248
222
261
247
171
129
147
155
114
76
68
22
-117
-300
-440
-533
-616
-670
-631
-511
-398
-326
-234
-81
76
163
198
243
278
247
162
116
135
131
30
-129
-245
-310
-395
-519
-603
-574
-459
-341
-239
-116
50
198
256
214
112
-10
-96
-36
317
1013
1918
2766
3317
3436
3080
2292
1213
43
-1096
-2170
-3096
-3628
-3519
-2790
-1753
-703
333
1448
2543
3302
3494
3175
2555
1748
775
-269
-1171
-1761
-2026
-2035
-1822
-1417
-930
-504
-210
-9
122
121
-76
-403
-660
-651
-339
144
616
994
1321
1629
1816
1695
1167
319
-647
-1538
-2227
-2631
-2725
-2549
-2151
-1523
-660
292
1056
1444
1522
1497
1446
1249
807
229
-249
-486
-538
-539
-537
-499
-412
-328
-292
-303
-348
-458
-636
-788
-761
-497
-101
298
688
1106
1488
1662
1551
1253
897
488
-29
-601
-1064
-1327
-1431
-1417
-1245
-878
-406
19
333
559
698
698
567
426
374
367
279
88
-81
-117
-74
-98
-230
-354
-351
-247
-164
-166
-223
-290
-354
-405
-393
-309
-219
-196
-216
-190
-78
67
187
273
347
390
359
243
75
-109
-285
-431
-517
-518
-459
-380
-317
-281
-261
-228
-151
-29
83
98
-15
-165
-192
-5
353
821
1425
2205
3019
3518
3408
2708
1704
663
-367
-1434
-2474
-3238
-3471
-3102
-2302
-1323
-304
771
1896
2874
3400
3338
2840
2163
1404
531
-410
-1237
-1789
-2052
-2079
-1873
-1450
-947
-553
-327
-183
-70
-60
-213
-418
-473
-302
15
379
764
1145
1430
1537
1468
1222
729
-52
-969
-1739
-2198
-2407
-2473
-2345
-1887
-1111
-231
524
1059
1388
1538
1520
1356
1059
642
162
-246
-457
-466
-390
-335
-310
-271
-227
-233
-319
-456
-585
-662
-661
-562
-361
-66
304
718
1119
1413
1520
1429
1192
863
456
-18
-507
-918
-1180
-1290
-1273
-1139
-868
-475
-36
345
598
728
779
769
675
485
242
32
-77
-94
-76
-59
-48
-40
-59
-126
-233
-339
-412
-453
-495
-548
-577
-518
-346
-125
57
163
238
320
367
308
136
-57
-187
-239
-248
-233
-193
-147
-125
-128
-124
-98
-73
-71
-76
-65
-64
-118
-214
-286
-273
-202
-145
-117
-54
132
481
989
1638
2351
2947
3179
2915
2244
1370
413
-643
-1767
-2737
-3254
-3196
-2699
-1971
-1094
-44
1137
2252
3052
3386
3243
2726
1972
1098
184
-709
-1494
-2049
-2280
-2171
-1786
-1257
-737
-361
-170
-102
-80
-102
-204
-344
-378
-186
195
607
925
1144
1310
1407
1327
955
283
-555
-1345
-1930
-2270
-2405
-2335
-2012
-1416
-628
199
903
1368
1547
1485
1285
1028
709
300
-131
-439
-527
-450
-342
-288
-273
-253
-216
-179
-175
-223
-318
-409
-424
-332
-165
35
275
574
887
1120
1214
1179
1027
720
250
-270
-673
-894
-1008
-1088
-1086
-917
-590
-220
98
352
534
595
523
395
306
248
133
-56
-228
-292
-262
-214
-185
-165
-141
-123
-127
-166
-249
-369
-475
-513
-473
-389
-286
-161
-10
135
226
230
146
13
-111
-183
-216
-251
-291
-274
-169
-22
77
99
76
30
-40
-133
-212
-258
-285
-293
-240
-92
94
210
219
171
131
91
7
-98
-123
45
448
1044
1728
2349
2728
2726
2311
1591
727
-166
-1046
-1845
-2408
-2562
-2267
-1658
-932
-188
577
1349
1998
2358
2344
2017
1488
836
115
-586
-1165
-1562
-1757
-1733
-1476
-1056
-635
-347
-171
0
183
259
144
-71
-200
-152
11
196
361
508
633
731
781
707
407
-121
-711
-1155
-1388
-1492
-1525
-1430
-1140
-682
-153
350
741
941
932
805
672
539
340
80
-129
-209
-219
-252
-300
-282
-196
-135
-144
-165
-136
-85
-74
-90
-57
49
184
308
427
540
593
547
435
320
213
71
-118
-290
-379
-386
-349
-276
-157
-24
59
86
116
171
175
68
-81
-132
-58
19
5
-34
16
149
238
207
113
27
-52
-158
-264
-324
-343
-367
-397
-384
-311
-237
-212
-214
-194
-153
-125
-115
-79
11
131
228
276
277
241
174
80
-40
-173
-288
-363
-403
-434
-450
-406
-272
-84
98
251
384
493
541
508
422
327
220
81
-84
-235
-347
-427
-481
-476
-350
-50
434
1047
1661
2103
2240
2059
1659
1155
579
-95
-835
-1487
-1859
-1881
-1647
-1296
-859
-299
354
955
1351
1495
1426
1188
809
344
-123
-523
-819
-973
-960
-805
-589
-376
-190
-40
35
7
-100
-235
-377
-516
-598
-544
-335
-49
231
486
715
877
892
710
357
-100
-566
-936
-1140
-1189
-1143
-1019
-763
-361
89
435
608
657
649
599
476
268
16
-193
-272
-193
-31
93
133
141
184
227
200
91
-44
-155
-233
-273
-256
-186
-99
-6
127
304
437
442
345
260
239
208
91
-85
-226
-290
-308
-309
-292
-248
-197
-140
-73
-17
-23
-100
-174
-166
-95
-44
-34
0
104
223
270
223
129
28
-74
-175
-255
-317
-374
-410
-386
-288
-165
-78
-35
-5
50
129
208
240
191
80
-13
-25
11
7
-72
-155
-165
-113
-67
-67
-79
-54
12
83
120
120
120
162
238
283
246
150
64
26
-5
-80
-187
-269
-274
-194
-31
213
548
963
1401
1735
1827
1619
1190
687
182
-350
-913
-1392
-1625
-1565
-1319
-1012
-658
-204
334
843
1197
1338
1295
1107
811
442
36
-360
-692
-909
-993
-960
-855
-699
-510
-317
-161
-75
-46
-47
-53
-53
-34
20
108
212
308
388
445
464
409
262
37
-224
-473
-663
-768
-793
-771
-706
-552
-274
72
343
454
470
513
602
624
493
265
77
-17
-66
-123
-168
-159
-108
-74
-78
-86
-72
-48
-37
-24
27
115
193
238
271
321
361
330
209
56
-71
-158
-224
-279
-308
-305
-266
-180
-47
85
146
118
67
51
50
7
-91
-186
-228
-224
-201
-148
-56
55
149
207
242
241
178
56
-79
-180
-248
-303
-339
-319
-256
-196
-170
-144
-76
12
51
23
-10
15
90
150
153
122
93
83
80
72
50
7
-55
-127
-180
-197
-181
-146
-94
-18
75
173
266
345
405
416
351
219
69
-50
-133
-193
-226
-214
-162
-105
-66
-28
35
133
262
442
692
984
1230
1332
1241
981
613
203
-216
-633
-1007
-1254
-1292
-1133
-858
-547
-207
177
557
842
972
957
840
645
381
68
-250
-524
-716
-818
-831
-765
-629
-453
-286
-159
-70
-3
33
27
-2
-16
1
21
30
61
143
252
328
345
306
202
20
-211
-416
-542
-606
-641
-629
-524
-317
-64
162
327
433
494
519
489
387
230
82
16
35
72
67
39
46
102
161
166
110
14
-95
-198
-269
-299
-303
-284
-224
-102
53
184
271
335
386
386
306
176
57
-26
-95
-159
-196
-204
-206
-220
-221
-185
-137
-117
-121
-106
-49
29
97
147
187
208
209
186
141
73
-12
-101
-187
-266
-326
-346
-318
-267
-209
-139
-38
73
145
152
117
86
79
79
71
59
50
46
42
37
30
27
23
21
13
-14
-54
-84
-84
-57
-21
16
67
128
181
206
196
156
88
3
-76
-124
-135
-123
-105
-89
-75
-60
-26
60
228
478
768
1013
1120
1049
838
561
250
-117
-540
-941
-1195
-1242
-1121
-907
-636
-301
93
490
812
1001
1035
933
723
440
116
-213
-505
-711
-800
-764
-638
-476
-313
-157
-8
118
176
138
39
-52
-84
-65
-34
-5
40
126
254
389
468
439
284
48
-194
-396
-548
-656
-700
-645
-495
-283
-55
160
335
452
515
534
499
382
187
-10
-124
-141
-119
-107
-101
-69
-8
51
82
72
23
-43
-94
-100
-71
-44
-40
-33
9
72
111
99
62
44
49
40
-7
-73
-125
-151
-155
-130
-67
3
30
4
-26
-24
-16
-49
-113
-140
-109
-62
-41
-28
15
84
135
146
140
136
121
83
28
-34
-100
-168
-213
-217
-191
-159
-133
-97
-43
16
61
90
116
144
166
174
157
127
102
94
88
59
5
-48
-84
-103
-115
-114
-94
-69
-55
-49
-25
29
90
134
163
189
202
178
116
45
-8
-45
-81
-117
-139
-134
-112
-89
-75
-71
-65
-56
-49
-59
-85
-93
-47
66
215
373
531
678
774
766
635
422
187
-50
-285
-509
-675
-748
-720
-609
-427
-193
61
294
475
594
638
593
464
293
128
-25
-177
-305
-363
-337
-272
-226
-209
-194
-167
-138
-122
-121
-131
-147
-151
-111
-22
79
160
226
296
353
357
283
151
-2
-157
-294
-385
-411
-389
-346
-284
-182
-47
74
142
166
185
213
235
222
173
107
57
39
41
28
-23
-88
-133
-149
-169
-203
-228
-210
-154
-89
-30
32
96
154
204
254
287
276
213
129
60
0
-86
-191
-267
-270
-215
-152
-101
-45
32
108
151
147
119
83
44
-2
-46
-74
-84
-82
-68
-41
-12
-1
-10
-21
-18
-9
-21
-53
-78
-71
-48
-32
-26
-7
27
48
39
19
13
22
26
19
11
13
16
13
7
6
8
7
3
-5
-18
-40
-58
-58
-43
-27
-24
-29
-28
-22
-16
-16
-16
-11
-4
11
57
164
331
507
634
665
595
448
251
28
-198
-414
-586
-670
-636
-505
-334
-152
55
298
531
670
679
590
459
307
125
-82
-272
-407
-475
-484
-435
-337
-214
-101
-10
65
124
150
128
73
19
-16
-30
-26
1
45
93
130
152
151
108
10
-125
-250
-332
-366
-367
-334
-266
-161
-29
113
228
291
307
304
294
245
134
-13
-123
-165
-167
-171
-175
-158
-115
-69
-34
-7
7
2
-12
-15
-5
3
9
26
66
112
140
135
105
61
14
-27
-62
-99
-133
-141
-108
-54
-9
15
39
65
81
73
50
25
-2
-30
-45
-34
-13
-6
-9
10
59
109
130
115
92
66
35
-5
-51
-91
-120
-132
-119
-91
-68
-64
-62
-38
3
33
36
33
52
96
131
134
108
74
43
10
-29
-71
-108
-134
-145
-138
-116
-87
-58
-23
14
44
53
47
36
28
26
27
26
24
23
33
53
72
74
61
41
23
2
-33
-73
-103
-110
-100
-76
-39
11
66
113
149
175
194
194
178
147
107
59
-2
-61
-97
-88
-33
55
146
214
247
239
203
153
99
30
-53
-127
-164
-154
-118
-89
-65
-20
54
128
171
176
159
125
71
0
-71
-133
-185
-219
-215
-177
-129
-90
-56
-13
27
41
24
-3
-24
-40
-57
-68
-70
-67
-69
-59
-25
21
40
15
-31
-69
-90
-105
-112
-105
-81
-49
-11
35
79
98
91
81
84
84
53
-4
-58
-82
-80
-77
-83
-77
-45
2
44
70
82
88
82
61
30
5
-13
-37
-61
-66
-40
-6
5
-3
0
29
54
46
15
-10
-16
-14
-17
-19
-15
-10
-12
-16
-17
-18
-27
-41
-42
-29
-16
-16
-23
-24
-14
-9
-12
-19
-21
-18
-11
2
16
26
21
12
8
11
5
-13
-32
-33
-13
12
29
37
59
119
216
320
389
401
361
285
184
61
-74
-204
-306
-360
-355
-297
-202
-93
20
137
248
331
367
348
281
180
64
-49
-149
-230
-281
-293
-259
-192
-117
-52
-1
39
62
64
45
19
-6
-22
-24
-17
-6
7
27
60
93
100
74
25
-29
-80
-128
-170
-195
-196
-168
-114
-42
28
79
105
120
131
130
101
48
-3
-35
-49
-59
-71
-70
-44
-3
37
61
65
56
30
-6
-38
-56
-60
-59
-56
-37
2
47
82
103
113
111
91
56
14
-29
-68
-93
-92
-72
-55
-44
-26
8
39
46
29
3
-12
-17
-16
-10
2
19
39
60
78
84
77
53
23
-7
-31
-50
-66
-82
-95
-94
-79
-51
-17
21
57
79
84
77
66
51
25
0
-16
-23
-33
-46
-55
-52
-42
-36
-32
-28
-19
-8
6
17
16
4
-14
-22
-18
-13
-12
-15
-15
-13
-16
-24
-35
-46
-54
-56
-53
-45
-27
-4
25
53
78
91
92
84
70
56
39
13
-19
-50
-64
-60
-45
-28
-2
32
70
102
120
123
115
104
87
68
47
28
10
-5
-14
-18
-14
-6
7
22
37
50
53
44
27
11
7
13
17
14
10
10
10
0
-18
-35
-45
-44
-32
-18
-7
1
9
23
37
34
17
0
-4
-3
-14
-45
-74
-82
-69
-51
-37
-22
3
38
67
78
72
55
33
6
-21
-49
-75
-92
-93
-80
-64
-49
-34
-14
8
22
20
9
-2
-10
-19
-27
-26
-15
0
10
18
24
25
19
2
-15
-28
-35
-33
-24
-12
5
24
38
45
40
30
18
10
2
-6
-18
-28
-28
-18
-4
-3
-9
-9
2
12
8
-7
-21
-29
-34
-39
-41
-36
-22
-5
11
22
22
13
3
0
0
3
11
26
41
49
46
37
25
14
5
0
0
2
2
5
8
11
10
4
2
4
8
8
8
13
21
25
28
34
50
81
124
183
255
319
352
331
257
150
34
-82
-191
-288
-349
-351
-287
-172
-36
99
225
339
426
461
422
317
173
23
-126
-265
-389
-467
-489
-458
-393
-305
-196
-79
24
94
127
124
92
39
-22
-85
-146
-195
-219
-208
-176
-143
-125
-115
-104
-90
-90
-105
-122
-120
-98
-71
-50
-24
22
75
113
119
103
83
72
57
36
8
-10
0
35
72
97
109
124
132
117
70
15
-25
-55
-89
-126
-133
-100
-43
15
76
147
208
228
203
149
80
-11
-123
-232
-309
-345
-348
-328
-283
-213
-125
-33
45
95
119
127
124
104
56
-8
-61
-87
-100
-112
-119
-110
-88
-66
-46
-25
2
22
31
36
40
37
26
19
21
27
24
20
34
69
109
144
176
207
232
244
240
217
175
118
64
30
17
25
68
150
264
384
490
563
584
536
421
253
57
-145
-321
-435
-466
-417
-302
-136
54
238
383
473
497
457
351
193
2
-193
-361
-474
-524
-523
-476
-387
-261
-119
3
86
135
157
140
69
-39
-140
-199
-226
-251
-270
-255
-191
-113
-65
-47
-25
6
15
-20
-70
-90
-86
-90
-104
-92
-41
12
24
-1
-31
-47
-58
-67
-63
-43
-19
4
45
110
174
205
200
179
153
113
49
-29
-99
-152
-181
-186
-163
-116
-55
14
82
139
175
182
155
97
18
-65
-139
-191
-215
-204
-162
-96
-23
48
105
140
150
133
93
34
-30
-83
-118
-142
-158
-154
-120
-66
-21
8
33
64
83
79
59
45
39
24
-5
-27
-25
-9
1
-3
-8
-4
9
25
43
62
79
87
82
70
55
32
-2
-42
-78
-98
-109
-109
-91
-41
32
101
144
168
186
194
175
119
50
-9
-51
-82
-107
-116
-106
-83
-56
-28
3
36
64
84
94
100
104
100
84
58
28
3
-14
-24
-28
-22
-9
14
51
99
140
161
155
133
106
79
44
0
-44
-75
-89
-93
-84
-65
-32
13
62
103
129
138
133
115
90
61
27
-8
-40
-61
-66
-57
-44
-36
-35
-35
-29
-22
-16
-15
-14
-13
-11
-5
7
20
24
18
9
1
-8
-28
-50
-65
-67
-59
-47
-27
-4
13
19
18
14
4
-18
-50
-81
-100
-110
-115
-116
-109
-92
-67
-39
-18
-3
5
9
1
-23
-60
-90
-108
-119
-131
-135
-118
-84
-51
-31
-17
3
26
38
30
9
-16
-41
-67
-89
-102
-101
-85
-59
-29
-2
27
57
87
107
109
92
68
43
15
-20
-55
-80
-85
-71
-47
-17
17
48
73
87
95
99
100
91
70
49
39
44
55
58
55
53
54
56
51
41
36
38
46
54
67
81
91
94
93
88
82
78
80
96
123
150
171
189
204
203
179
135
83
29
-21
-70
-114
-140
-136
-98
-38
25
86
148
205
237
223
170
97
13
-90
-211
-322
-394
-423
-425
-400
-333
-227
-106
-5
71
129
171
179
138
64
-21
-100
-168
-230
-277
-302
-292
-253
-195
-132
-74
-18
32
65
72
59
44
39
29
7
-20
-32
-20
6
42
79
113
136
144
151
164
170
154
123
96
83
64
24
-20
-38
-28
-14
-11
-11
3
28
43
37
23
16
19
12
-16
-59
-102
-136
-166
-194
-213
-213
-193
-163
-133
-105
-73
-39
-12
-3
-15
-39
-59
-74
-86
-100
-114
-119
-113
-96
-75
-49
-18
17
45
60
66
71
75
72
60
41
23
4
-15
-26
-19
4
34
61
89
121
154
179
196
209
216
203
164
110
63
32
12
-6
-13
4
41
82
115
141
168
187
188
167
133
92
47
2
-33
-51
-51
-40
-23
0
29
61
88
105
107
95
70
38
5
-27
-56
-73
-78
-68
-54
-38
-19
9
42
66
71
67
56
43
27
1
-30
-60
-83
-99
-111
-122
-128
-126
-112
-94
-78
-69
-64
-59
-57
-60
-73
-82
-83
-77
-78
-87
-93
-86
-70
-56
-49
-40
-25
-8
3
8
11
16
16
10
-1
-14
-31
-50
-63
-68
-67
-69
-69
-69
-61
-51
-42
-32
-20
-7
0
7
12
14
15
8
-3
-14
-22
-30
-39
-48
-48
-41
-31
-26
-23
-23
-18
-16
-22
-38
-56
-71
-78
-80
-75
-63
-43
-22
-4
13
30
48
64
74
76
76
73
65
55
44
31
20
14
13
17
20
22
28
41
60
76
91
105
122
137
142
139
132
122
105
82
59
46
42
46
56
67
85
103
118
123
116
103
86
66
39
9
-10
-20
-16
-3
20
55
94
127
144
145
132
109
80
46
8
-32
-65
-86
-95
-90
-76
-54
-26
0
15
14
2
-20
-45
