SAMPLES:	12917
BITSPERSAMPLE:	16
CHANNELS:	1
SAMPLERATE:	16000
NORMALIZED:	FALSE
13
19
22
23
25
25
24
21
15
13
13
16
24
29
30
25
20
19
21
23
23
21
20
22
22
21
21
23
26
28
28
25
24
24
26
23
19
14
8
4
3
5
6
6
4
5
10
17
21
22
24
26
25
19
12
6
6
5
5
4
5
7
11
15
17
17
15
14
15
16
15
11
6
4
4
4
5
3
-1
-3
-1
3
4
5
5
4
5
6
4
3
5
5
4
4
5
5
5
4
4
4
2
-1
-2
3
8
11
10
9
8
9
8
8
8
9
9
8
8
6
3
-1
-3
0
5
9
9
8
7
7
9
9
8
7
8
9
8
7
9
14
18
18
18
17
17
17
17
18
17
17
17
17
18
21
23
26
26
25
24
24
26
25
24
24
25
24
20
15
13
14
16
18
18
20
24
26
25
23
20
16
14
14
15
16
15
14
18
23
26
26
25
24
25
25
26
25
23
19
16
15
19
25
30
31
31
30
27
21
18
14
10
5
3
5
5
5
5
10
15
17
15
14
16
16
12
6
0
-3
-1
2
8
16
22
23
25
27
29
29
25
21
18
16
13
13
16
18
18
19
24
27
27
24
23
22
19
13
11
14
16
10
2
1
5
10
10
11
19
27
26
18
10
6
4
4
4
6
8
10
14
18
20
23
25
27
26
25
22
18
12
5
0
5
10
12
13
15
17
16
14
14
16
16
15
14
16
16
15
14
15
16
15
15
14
16
15
14
10
6
2
0
1
6
11
15
17
19
21
20
19
19
19
20
19
19
19
19
19
19
19
21
24
25
27
27
26
26
26
27
25
26
26
25
24
20
16
13
14
16
17
17
21
25
26
22
16
12
13
15
17
16
14
14
17
21
25
26
27
26
25
24
21
18
15
17
22
27
29
28
29
31
30
26
23
24
27
26
24
23
25
25
21
17
13
13
15
16
16
14
11
7
5
4
5
5
4
5
4
6
5
4
4
5
5
4
4
8
11
16
16
15
15
13
9
5
3
4
6
9
11
15
17
16
14
14
16
14
10
4
2
5
7
5
2
2
1
-1
-2
2
6
7
5
4
5
6
4
4
5
5
5
4
4
5
5
7
13
17
17
14
18
24
27
23
16
12
12
13
13
14
15
14
13
12
14
14
13
13
13
13
13
10
5
1
-4
-3
0
3
5
8
13
16
16
13
13
15
15
15
13
13
16
20
25
25
25
24
24
25
26
25
24
24
25
26
25
25
27
30
31
29
25
24
24
21
17
13
12
13
9
5
6
12
18
18
14
14
15
14
8
4
2
3
3
2
2
6
11
14
14
18
22
26
26
26
25
24
23
18
13
14
16
16
16
17
17
17
16
14
15
16
14
14
15
16
15
14
15
16
16
14
15
16
15
15
15
15
14
7
3
3
5
5
5
7
13
16
16
14
11
8
7
9
14
17
17
15
15
15
15
14
15
13
9
4
6
12
17
18
15
16
21
22
18
13
14
16
18
13
9
5
3
-1
-3
-1
3
6
7
9
14
17
16
12
14
15
15
15
13
14
14
14
14
14
16
18
21
25
26
25
22
23
25
29
30
29
24
20
18
17
19
21
19
18
18
17
14
9
8
6
6
5
1
2
5
8
6
3
3
8
13
15
14
15
15
15
13
13
14
17
19
21
25
26
24
23
24
24
20
14
11
12
17
16
14
16
21
25
22
16
12
10
8
0
-11
-18
-18
-15
-14
-12
-6
4
12
17
21
26
32
37
38
40
36
29
22
17
15
11
5
-1
0
11
22
33
44
52
55
53
45
38
29
20
8
0
-3
-2
-1
-2
-2
0
4
6
8
12
18
21
22
23
26
25
21
15
14
12
10
8
8
14
25
32
32
27
19
13
10
5
-2
-8
-12
-9
-6
0
4
9
16
23
31
35
35
31
24
18
13
14
13
11
7
5
8
10
6
2
3
10
14
13
12
16
23
27
27
24
19
15
12
15
16
10
3
-4
-7
-7
-9
-10
-8
-2
4
7
9
13
19
22
24
28
36
43
45
42
37
33
26
17
7
2
0
-1
1
3
9
12
12
14
18
24
28
26
25
29
34
34
28
19
12
6
0
-6
-11
-12
-13
-11
-10
-7
-4
1
6
13
19
24
27
32
40
47
50
49
44
37
28
19
12
6
3
0
-1
0
-1
0
4
11
18
21
22
23
25
26
26
25
24
23
21
17
13
11
9
5
2
-1
-1
-3
-5
-3
3
11
20
25
32
39
45
51
57
57
51
38
27
20
11
-2
-15
-23
-23
-21
-16
-5
8
20
32
42
52
56
57
54
48
39
26
15
7
-4
-17
-27
-30
-27
-24
-18
-12
-4
3
9
11
14
15
18
22
28
32
35
39
44
48
48
45
39
31
17
0
-16
-30
-38
-41
-36
-27
-14
4
23
45
63
74
81
88
93
93
81
58
30
3
-22
-43
-61
-74
-83
-86
-81
-70
-58
-47
-34
-20
-4
9
17
20
22
26
27
26
21
10
-9
-29
-50
-67
-80
-90
-93
-88
-78
-63
-46
-28
-9
10
33
59
78
87
88
87
83
72
55
37
16
-4
-24
-38
-46
-47
-45
-35
-18
0
11
19
28
36
38
35
32
31
31
26
22
21
23
23
21
21
21
21
16
10
4
-1
-2
0
10
33
64
101
145
188
220
235
229
205
167
112
38
-45
-122
-178
-216
-241
-250
-237
-205
-162
-118
-73
-29
10
42
67
88
103
102
84
54
22
-13
-54
-107
-165
-216
-253
-272
-278
-268
-238
-191
-131
-66
3
70
126
163
179
185
179
154
109
53
2
-42
-86
-133
-178
-219
-254
-267
-236
-153
-22
158
402
710
1015
1209
1203
1007
696
341
-33
-418
-773
-1022
-1105
-1025
-836
-602
-359
-107
158
416
614
701
673
597
549
546
531
445
300
148
19
-115
-289
-493
-689
-835
-899
-860
-726
-539
-338
-114
146
410
599
662
627
555
485
407
300
153
-26
-214
-366
-453
-489
-524
-575
-611
-583
-479
-328
-165
-5
149
306
458
584
646
623
539
435
327
199
30
-160
-317
-400
-422
-423
-430
-433
-397
-302
-164
-17
117
230
327
415
489
524
494
404
291
186
90
-22
-151
-272
-352
-386
-386
-361
-314
-250
-171
-70
54
181
283
352
404
449
469
438
358
250
141
39
-54
-146
-233
-304
-341
-337
-302
-249
-188
-119
-50
5
46
81
109
127
136
146
158
142
85
4
-64
-108
-151
-207
-264
-301
-310
-301
-277
-241
-200
-158
-111
-54
6
44
52
41
31
34
55
84
106
104
80
51
27
-4
-49
-91
-108
-92
-68
-41
-4
50
99
122
124
136
175
240
326
434
553
644
670
612
485
309
105
-106
-304
-481
-627
-711
-706
-609
-445
-235
15
287
539
707
774
751
660
508
310
99
-85
-229
-343
-442
-512
-543
-539
-523
-505
-468
-385
-264
-131
-4
123
256
387
493
552
559
514
435
332
204
29
-200
-442
-628
-719
-732
-694
-603
-446
-236
2
243
469
645
738
748
706
622
480
277
55
-136
-291
-423
-532
-588
-592
-572
-533
-455
-335
-211
-123
-52
42
156
244
269
245
211
181
137
54
-70
-212
-331
-395
-407
-397
-381
-332
-231
-99
24
122
209
288
332
330
300
265
224
171
104
39
-26
-105
-206
-308
-374
-373
-298
-141
105
438
819
1152
1326
1298
1108
831
489
69
-401
-828
-1101
-1180
-1094
-888
-596
-238
152
509
751
820
730
567
415
299
191
80
-9
-43
-17
27
15
-109
-328
-544
-664
-686
-693
-722
-703
-538
-221
140
440
658
820
926
935
815
579
273
-44
-325
-553
-720
-822
-834
-756
-631
-512
-401
-257
-62
137
281
382
488
616
711
726
673
612
567
503
378
177
-72
-318
-511
-635
-719
-792
-820
-723
-452
-72
293
551
700
784
814
766
605
341
35
-242
-453
-613
-750
-862
-901
-828
-650
-421
-211
-62
25
90
174
266
314
275
170
76
47
64
56
-27
-159
-272
-315
-317
-347
-433
-526
-547
-466
-325
-189
-89
-24
19
25
-34
-198
-469
-787
-1018
-1011
-689
-93
656
1456
2289
3163
3935
4235
3660
2131
76
-1830
-3148
-3905
-4335
-4470
-4056
-2899
-1233
352
1397
1928
2300
2706
2934
2683
2009
1338
1029
1011
936
578
16
-537
-990
-1417
-1935
-2553
-3098
-3303
-3011
-2321
-1470
-566
459
1615
2677
3342
3515
3333
2931
2314
1487
568
-308
-1119
-1887
-2541
-2925
-2964
-2739
-2390
-1998
-1564
-1034
-361
436
1210
1778
2092
2293
2522
2702
2582
2031
1220
465
-81
-550
-1141
-1836
-2367
-2485
-2219
-1818
-1474
-1128
-596
157
939
1510
1795
1890
1910
1877
1724
1392
876
250
-370
-890
-1275
-1548
-1706
-1709
-1547
-1285
-1012
-741
-429
-81
226
437
597
773
942
1016
957
817
638
390
41
-363
-725
-988
-1145
-1190
-1110
-928
-702
-460
-208
7
119
135
158
250
321
227
-25
-267
-365
-338
-299
-308
-349
-353
-220
144
743
1468
2192
2868
3459
3791
3580
2663
1180
-472
-1890
-2883
-3521
-3959
-4164
-3848
-2774
-1140
448
1494
2039
2486
3023
3370
3122
2270
1267
603
349
188
-202
-790
-1299
-1575
-1750
-2042
-2456
-2792
-2858
-2611
-2072
-1256
-237
832
1810
2655
3349
3788
3815
3355
2497
1421
302
-756
-1738
-2672
-3493
-3985
-3923
-3324
-2478
-1693
-1039
-363
474
1411
2223
2670
2714
2575
2540
2629
2524
1919
925
-15
-627
-1068
-1640
-2339
-2842
-2887
-2528
-1997
-1426
-782
1
896
1774
2469
2861
2925
2727
2334
1746
928
-64
-1055
-1844
-2338
-2584
-2650
-2535
-2175
-1570
-846
-171
371
772
1022
1074
947
748
571
400
170
-84
-249
-279
-273
-352
-515
-668
-735
-706
-615
-509
-431
-376
-278
-91
142
321
395
379
297
142
-72
-319
-592
-894
-1164
-1277
-1131
-695
43
1111
2489
4026
5444
6360
6322
5008
2576
-256
-2669
-4391
-5717
-6845
-7355
-6587
-4484
-1854
314
1715
2771
3912
4961
5311
4625
3252
1912
1088
709
405
-52
-592
-1046
-1433
-1972
-2815
-3815
-4574
-4755
-4323
-3492
-2438
-1140
472
2266
3888
5014
5549
5585
5192
4345
3048
1427
-339
-2124
-3802
-5130
-5787
-5619
-4822
-3808
-2867
-1961
-865
500
1879
2860
3270
3357
3540
3935
4192
3870
2952
1860
958
145
-942
-2388
-3796
-4645
-4775
-4423
-3872
-3134
-2034
-510
1185
2633
3565
4017
4192
4191
3894
3125
1877
386
-1023
-2136
-2932
-3461
-3695
-3557
-3065
-2391
-1697
-972
-169
586
1047
1148
1108
1144
1199
1089
837
657
639
605
363
-47
-427
-705
-964
-1238
-1411
-1366
-1152
-907
-666
-334
139
640
994
1126
1074
876
549
137
-257
-543
-688
-694
-591
-444
-317
-160
183
848
1882
3264
4873
6293
6799
5797
3448
689
-1492
-2850
-3878
-5030
-6045
-6123
-4790
-2509
-351
994
1782
2696
3866
4629
4307
3039
1640
748
313
-73
-584
-1022
-1166
-1073
-1069
-1449
-2194
-2953
-3345
-3279
-2935
-2437
-1681
-550
824
2140
3211
3999
4435
4358
3716
2685
1503
240
-1155
-2613
-3846
-4510
-4463
-3853
-3008
-2197
-1468
-663
368
1508
2396
2716
2521
2200
2076
2062
1808
1176
462
44
-104
-382
-1019
-1717
-1986
-1741
-1404
-1362
-1475
-1285
-610
234
830
1111
1335
1691
2087
2289
2146
1647
855
-103
-1075
-1950
-2673
-3164
-3275
-2919
-2201
-1354
-550
173
804
1270
1514
1526
1309
864
268
-264
-544
-604
-645
-766
-839
-700
-392
-147
-102
-182
-218
-146
-9
166
398
639
760
690
524
406
345
218
-39
-331
-542
-668
-768
-810
-707
-458
-193
-55
-103
-326
-597
-595
74
1525
3423
5251
6630
7229
6591
4468
1396
-1492
-3524
-5078
-6725
-8042
-7855
-5770
-2897
-652
778
2255
4187
5783
6023
4866
3183
1740
670
-204
-934
-1452
-1718
-1724
-1511
-1288
-1387
-1911
-2556
-2924
-2948
-2813
-2527
-1824
-567
992
2431
3502
4134
4253
3857
3155
2396
1539
308
-1312
-2873
-3850
-4127
-3936
-3482
-2829
-2059
-1262
-394
644
1679
2271
2214
1856
1710
1819
1769
1302
707
420
484
532
264
-228
-641
-811
-851
-966
-1212
-1431
-1406
-1070
-572
-134
143
329
555
841
1053
1013
696
267
-85
-362
-695
-1082
-1311
-1211
-915
-710
-671
-595
-323
15
148
-17
-332
-624
-822
-906
-844
-623
-282
144
652
1189
1593
1721
1584
1312
961
473
-160
-770
-1160
-1280
-1221
-1049
-766
-395
-31
268
503
642
590
317
-43
-319
-486
-652
-861
-990
-830
-229
872
2444
4329
6193
7480
7553
6043
3284
254
-2121
-3744
-5211
-6785
-7759
-7124
-4831
-2018
149
1565
2898
4421
5530
5461
4213
2511
1047
-17
-828
-1411
-1642
-1509
-1221
-1020
-1037
-1298
-1759
-2261
-2567
-2570
-2373
-2080
-1568
-634
653
1937
2881
3400
3567
3453
3112
2555
1684
375
-1262
-2792
-3792
-4175
-4085
-3623
-2849
-1948
-1088
-181
937
2049
2607
2429
2004
1869
1892
1540
776
209
294
717
834
460
-47
-366
-554
-816
-1180
-1507
-1662
-1552
-1132
-470
184
593
753
847
965
958
650
132
-313
-548
-710
-950
-1163
-1128
-859
-622
-589
-630
-558
-407
-336
-357
-347
-302
-362
-566
-732
-688
-488
-277
-49
313
795
1202
1376
1336
1182
956
650
275
-124
-510
-850
-1109
-1262
-1278
-1102
-697
-152
342
643
770
776
650
381
100
-21
-15
-73
-219
-179
337
1347
2682
4162
5483
6046
5303
3390
1189
-509
-1747
-3097
-4689
-5845
-5787
-4519
-2796
-1314
-106
1215
2776
4148
4702
4195
2973
1653
618
-206
-1095
-2085
-2812
-2855
-2231
-1462
-1060
-1007
-857
-344
259
465
161
-288
-440
-190
251
623
818
896
1009
1235
1457
1422
990
270
-524
-1277
-1935
-2357
-2380
-2045
-1603
-1199
-704
45
926
1579
1774
1604
1309
1012
674
248
-206
-518
-548
-313
-9
171
218
280
421
502
335
-72
-487
-680
-624
-471
-369
-328
-247
-57
171
288
220
29
-189
-405
-613
-751
-777
-760
-792
-812
-654
-308
-17
11
-131
-186
-102
-82
-258
-481
-528
-396
-270
-240
-191
-22
191
309
323
374
545
769
930
988
941
736
314
-231
-673
-839
-774
-640
-515
-358
-153
19
98
155
307
542
699
637
363
-10
-408
-841
-1268
-1442
-1000
239
2048
3925
5393
6109
5832
4518
2516
432
-1399
-3121
-4841
-6086
-6155
-5012
-3417
-2023
-699
995
2908
4305
4659
4111
3096
1892
635
-498
-1340
-1847
-2003
-1750
-1178
-637
-456
-598
-781
-899
-1112
-1494
-1805
-1738
-1263
-588
101
750
1347
1868
2304
2618
2678
2323
1547
523
-558
-1588
-2448
-2932
-2903
-2476
-1908
-1299
-557
319
1050
1331
1222
1089
1120
1079
674
37
-372
-294
62
345
467
564
696
760
651
360
-95
-671
-1232
-1586
-1697
-1712
-1733
-1635
-1237
-593
25
438
711
954
1115
1053
756
355
-48
-444
-819
-1065
-1091
-946
-770
-660
-601
-542
-474
-410
-357
-316
-274
-192
-1
310
657
929
1096
1200
1244
1166
925
566
181
-182
-507
-755
-882
-904
-885
-833
-683
-403
-83
155
284
360
400
357
193
-57
-343
-634
-814
-678
-61
996
2334
3817
5226
6042
5649
3947
1631
-434
-2066
-3715
-5509
-6725
-6512
-4945
-2981
-1363
32
1651
3384
4557
4689
3959
2880
1766
640
-485
-1428
-1972
-2065
-1858
-1574
-1356
-1221
-1156
-1184
-1311
-1459
-1532
-1495
-1341
-980
-293
639
1497
2032
2323
2581
2770
2594
1886
839
-263
-1337
-2387
-3203
-3453
-3088
-2455
-1889
-1339
-543
493
1390
1804
1768
1599
1488
1362
1084
696
379
222
129
-29
-236
-339
-271
-139
-93
-136
-165
-160
-226
-414
-593
-589
-421
-279
-276
-314
-239
-33
214
432
600
641
457
63
-375
-702
-906
-1047
-1119
-1060
-882
-707
-627
-585
-456
-216
21
148
192
269
417
566
651
720
843
976
978
777
471
187
-55
-327
-641
-907
-1017
-928
-687
-396
-159
8
173
375
514
451
212
-3
-64
-78
-245
-578
-880
-915
-535
353
1773
3560
5303
6451
6540
5393
3231
586
-1984
-4169
-5843
-6824
-6848
-5885
-4333
-2683
-1061
730
2715
4436
5267
4962
3840
2451
1141
-48
-1126
-1924
-2180
-1893
-1419
-1152
-1132
-1105
-951
-874
-1078
-1457
-1691
-1602
-1225
-627
156
997
1704
2213
2622
2945
2975
2493
1528
282
-1080
-2410
-3405
-3729
-3370
-2722
-2164
-1647
-846
339
1544
2252
2272
1879
1497
1305
1136
764
209
-245
-367
-223
-69
-63
-136
-149
-82
-52
-155
-361
-545
-600
-511
-374
-291
-287
-295
-257
-190
-155
-163
-165
-125
-94
-149
-305
-501
-671
-790
-851
-830
-727
-596
-487
-367
-175
25
52
-167
-438
-490
-310
-129
-66
65
467
992
1261
1121
819
653
615
464
79
-400
-744
-845
-762
-612
-483
-366
-199
34
253
342
251
16
-280
-536
-692
-780
-876
-889
-480
652
2417
4371
6081
7228
7417
6249
3837
1006
-1389
-3266
-5077
-6791
-7581
-6777
-4797
-2718
-1047
627
2708
4726
5722
5307
4032
2675
1512
360
-860
-1879
-2363
-2258
-1787
-1241
-860
-792
-1018
-1329
-1498
-1525
-1580
-1679
-1547
-918
101
1133
1924
2498
2922
3101
2918
2411
1686
708
-603
-2116
-3409
-4043
-3884
-3154
-2247
-1441
-724
110
1111
1956
2223
1879
1370
1094
968
661
173
-123
-1
301
409
276
131
72
-60
-395
-812
-1115
-1227
-1167
-905
-442
73
420
553
611
683
674
478
149
-194
-530
-873
-1118
-1114
-897
-679
-551
-396
-151
-11
-171
-493
-623
-450
-227
-200
-294
-270
-62
189
335
353
305
296
407
597
698
598
402
293
257
121
-143
-319
-251
-101
-145
-397
-604
-573
-357
-119
59
167
185
114
16
-81
-251
-548
-776
-556
361
1893
3752
5622
7074
7492
6398
3991
1132
-1420
-3621
-5744
-7518
-8072
-6940
-4760
-2605
-808
1128
3435
5420
6156
5529
4215
2817
1415
-40
-1304
-2044
-2218
-2031
-1652
-1184
-830
-828
-1164
-1539
-1710
-1729
-1755
-1722
-1369
-559
524
1568
2378
2932
3246
3286
2986
2305
1246
-104
-1555
-2859
-3799
-4218
-4051
-3375
-2436
-1492
-586
452
1655
2680
3065
2726
2055
1460
983
450
-116
-459
-447
-264
-163
-190
-217
-175
-131
-182
-370
-674
-986
-1110
-891
-384
182
634
971
1234
1351
1214
827
311
-248
-831
-1393
-1827
-2033
-1994
-1717
-1215
-584
-31
293
443
586
732
703
388
-54
-378
-525
-631
-771
-848
-734
-450
-110
204
474
682
804
837
789
662
446
177
-75
-267
-397
-467
-460
-384
-284
-230
-234
-226
-114
97
257
184
-150
-580
-857
-770
-191
941
2577
4507
6366
7618
7639
6080
3307
305
-2163
-4212
-6314
-8186
-8701
-7209
-4490
-1910
115
2232
4709
6642
6946
5684
3889
2311
886
-604
-1942
-2725
-2874
-2587
-2039
-1379
-894
-851
-1181
-1519
-1628
-1604
-1583
-1456
-986
-160
783
1634
2376
3014
3375
3234
2604
1725
755
-384
-1773
-3176
-4134
-4349
-3913
-3124
-2219
-1268
-248
866
1954
2711
2848
2430
1873
1462
1039
345
-457
-876
-733
-397
-288
-388
-415
-291
-187
-216
-316
-441
-612
-762
-745
-536
-294
-96
172
571
865
759
306
-114
-264
-311
-537
-915
-1149
-1063
-811
-642
-609
-589
-508
-414
-361
-345
-370
-480
-659
-778
-721
-528
-328
-159
46
311
543
639
610
530
450
377
305
204
14
-280
-571
-716
-689
-586
-498
-429
-386
-426
-563
-673
-588
-295
13
115
5
-44
335
1378
3045
5065
7004
8287
8286
6695
3889
767
-1970
-4322
-6556
-8400
-9015
-7923
-5657
-3207
-994
1271
3749
5910
6970
6686
5470
3873
2176
478
-1080
-2270
-2889
-2884
-2441
-1932
-1674
-1708
-1862
-2001
-2121
-2200
-2115
-1753
-1138
-351
571
1588
2554
3282
3697
3804
3557
2861
1729
304
-1257
-2855
-4280
-5129
-5075
-4226
-3103
-2130
-1247
-103
1351
2651
3268
3189
2867
2606
2243
1516
568
-159
-452
-495
-517
-513
-410
-281
-247
-295
-352
-452
-652
-833
-801
-541
-230
42
369
804
1177
1260
1026
621
156
-359
-892
-1322
-1557
-1616
-1556
-1361
-987
-491
-55
171
178
53
-134
-350
-545
-671
-741
-796
-760
-480
62
623
950
1069
1180
1306
1219
786
205
-232
-464
-622
-734
-704
-532
-388
-374
-397
-342
-248
-216
-229
-207
-178
-252
-441
-610
-592
-247
569
1953
3848
5966
7836
8804
8208
5849
2375
-1102
-3951
-6383
-8643
-10128
-9804
-7531
-4455
-1808
335
2706
5445
7588
8080
6902
4938
2969
1161
-570
-2076
-3037
-3300
-2993
-2368
-1720
-1369
-1532
-2099
-2648
-2815
-2583
-2189
-1737
-1081
-62
1226
2507
3541
4214
4460
4237
3582
2581
1223
-557
-2633
-4537
-5691
-5809
-5063
-3907
-2738
-1656
-478
923
2303
3170
3321
3094
2925
2770
2238
1256
301
-160
-167
-95
-150
-285
-451
-670
-901
-1039
-1073
-1081
-1059
-889
-516
-27
474
930
1250
1319
1144
877
600
210
-405
-1136
-1740
-2082
-2175
-2046
-1678
-1116
-494
59
477
707
695
437
21
-410
-720
-815
-701
-518
-413
-362
-211
101
435
634
702
727
713
607
452
373
385
353
162
-146
-450
-705
-940
-1139
-1217
-1119
-918
-748
-669
-632
-557
-399
-99
486
1544
3162
5210
7317
8853
9084
7572
4594
1035
-2272
-5086
-7489
-9251
-9757
-8701
-6595
-4310
-2199
96
2867
5622
7365
7517
6412
4833
3259
1674
8
-1481
-2366
-2488
-2135
-1802
-1810
-2150
-2597
-2936
-3112
-3173
-3089
-2711
-1931
-839
371
1614
2886
4033
4747
4872
4559
3985
3031
1449
-713
-3000
-4854
-5892
-5974
-5253
-4172
-3150
-2133
-736
1045
2533
3081
2901
2788
3056
3163
2542
1449
654
487
536
286
-265
-769
-1047
-1224
-1447
-1661
-1720
-1565
-1217
-700
-72
524
944
1182
1338
1433
1368
1068
603
88
-462
-1060
-1604
-1918
-1958
-1844
-1660
-1347
-859
-325
52
215
249
184
-30
-345
-554
-515
-341
-236
-203
-72
214
464
480
313
179
185
237
219
144
100
118
133
59
-125
-364
-584
-755
-906
-1063
-1198
-1229
-1117
-911
-736
-654
-548
-109
956
2677
4803
6984
8822
9713
8964
6372
2696
-844
-3688
-6210
-8710
-10457
-10279
-8050
-5018
-2455
-388
1949
4691
6894
7566
6710
5171
3682
2355
976
-472
-1673
-2265
-2197
-1822
-1623
-1831
-2308
-2783
-3118
-3314
-3333
-3057
-2411
-1447
-263
1078
2496
3816
4803
5294
5265
4788
3896
2523
602
-1747
-4118
-5940
-6762
-6512
-5534
-4318
-3083
-1663
116
1959
3193
3470
3218
3140
3342
3238
2418
1296
630
585
589
128
-661
-1298
-1612
-1812
-2060
-2251
-2203
-1849
-1197
-293
669
1406
1808
2041
2240
2232
1784
997
227
-383
-1014
-1772
-2412
-2655
-2557
-2352
-2033
-1393
-475
297
562
420
249
230
209
8
-313
-531
-501
-249
89
357
421
232
-111
-403
-486
-377
-234
-184
-213
-228
-160
-5
208
422
532
433
125
-248
-539
-752
-983
-1217
-1288
-1116
-851
-637
-264
730
2570
4967
7357
9192
9901
8919
6190
2560
-808
-3500
-5981
-8449
-10038
-9652
-7397
-4585
-2266
-265
2086
4694
6621
7112
6285
4796
3191
1670
266
-961
-1858
-2222
-2009
-1530
-1286
-1545
-2121
-2677
-3061
-3284
-3297
-2987
-2362
-1555
-614
577
2039
3496
4560
5066
5135
4879
4173
2786
695
-1777
-4095
-5725
-6300
-5839
-4826
-3864
-3043
-1832
141
2309
3568
3520
2930
2712
2817
2540
1694
922
780
998
927
391
-260
-754
-1153
-1535
-1789
-1818
-1704
-1510
-1121
-434
411
1157
1729
2204
2528
2476
1929
1086
233
-538
-1290
-2009
-2545
-2801
-2811
-2586
-2049
-1207
-302
339
632
741
787
683
332
-143
-518
-697
-721
-589
-263
131
320
213
28
0
51
-71
-392
-644
-609
-353
-67
157
310
361
286
144
4
-182
-522
-984
-1366
-1480
-1327
-1081
-893
-662
-19
1413
3651
6267
8610
10040
9989
8151
4849
1059
-2296
-5066
-7575
-9641
-10377
-9194
-6684
-4050
-1837
368
2968
5518
7060
7076
5895
4276
2791
1547
371
-813
-1774
-2176
-1996
-1633
-1560
-1913
-2484
-3017
-3370
-3464
-3253
-2766
-2075
-1199
-85
1262
2682
3934
4822
5258
5246
4806
3863
2264
-9
-2593
-4822
-6108
-6286
-5653
-4711
-3795
-2811
-1388
552
2423
3422
3421
3132
3184
3317
2835
1697
704
500
792
810
260
-492
-1048
-1408
-1755
-2111
-2350
-2379
-2120
-1470
-454
663
1573
2218
2715
3025
2903
2252
1330
450
-396
-1380
-2412
-3121
-3295
-3110
-2800
-2322
-1520
-506
355
827
983
979
840
536
135
-242
-525
-647
-515
-144
218
298
116
-38
-10
11
-217
-630
-916
-879
-591
-228
102
346
451
418
319
203
30
-242
-561
-825
-1003
-1126
-1201
-1159
-876
-222
922
2600
4729
7042
8974
9690
8498
5497
1669
-1884
-4807
-7374
-9522
-10464
-9505
-6998
-4114
-1676
467
2826
5315
7102
7387
6169
4262
2544
1281
164
-1004
-1895
-2044
-1552
-1085
-1156
-1649
-2175
-2619
-3070
-3401
-3299
-2733
-2034
-1388
-521
869
2551
3925
4670
4980
5099
4885
3983
2267
-40
-2549
-4809
-6304
-6673
-6062
-5069
-4130
-3048
-1369
797
2631
3422
3342
3159
3250
3207
2522
1377
498
312
502
473
15
-603
-1071
-1355
-1571
-1764
-1882
-1873
-1691
-1249
-515
372
1175
1793
2297
2685
2750
2337
1591
782
-66
-1120
-2310
-3214
-3506
-3318
-2958
-2448
-1600
-509
394
838
1009
1191
1300
1032
378
-256
-508
-417
-272
-231
-237
-212
-173
-154
-142
-129
-178
-353
-595
-729
-600
-237
140
308
237
96
57
111
107
-65
-373
-722
-1054
-1353
-1591
-1691
-1506
-849
397
2182
4321
6607
8732
10037
9647
7206
3461
-228
-3125
-5581
-8052
-9983
-10178
-8262
-5308
-2707
-764
1243
3754
6128
7271
6754
5140
3333
1836
618
-511
-1498
-2066
-2067
-1707
-1389
-1374
-1702
-2311
-3057
-3634
-3703
-3222
-2522
-1878
-1126
82
1752
3436
4677
5346
5524
5224
4383
2978
1046
-1325
-3825
-5803
-6585
-6092
-4998
-4074
-3378
-2282
-392
1760
3170
3436
3123
2975
3029
2751
1903
903
311
208
266
212
4
-345
-843
-1409
-1858
-2090
-2157
-2091
-1770
-1094
-184
712
1476
2150
2739
3085
2992
2418
1485
354
-852
-2004
-2931
-3476
-3585
-3310
-2722
-1869
-857
96
769
1104
1196
1106
784
237
-314
-609
-604
-472
-349
-178
96
363
448
326
107
-161
-525
-927
-1115
-885
-340
197
523
713
891
989
824
352
-244
-737
-1054
-1274
-1483
-1664
-1699
-1466
-944
-180
858
2330
4366
6776
8929
9960
9212
6686
3174
-209
-2886
-5172
-7557
-9630
-10136
-8385
-5283
-2493
-637
1124
3601
6208
7510
6888
5128
3394
2084
912
-312
-1353
-1877
-1837
-1478
-1181
-1265
-1824
-2639
-3348
-3726
-3771
-3534
-3011
-2178
-1028
467
2238
3964
5139
5505
5292
4887
4278
3037
897
-1790
-4244
-5781
-6164
-5629
-4718
-3914
-3205
-2093
-259
1808
3129
3292
2903
2793
3002
2874
2055
993
355
266
336
228
-92
-538
-1058
-1552
-1867
-1965
-1961
-1906
-1651
-1032
-131
782
1511
2056
2471
2720
2720
2419
1806
880
-298
-1523
-2524
-3140
-3388
-3320
-2886
-2040
-950
18
600
858
991
1021
803
337
-130
-381
-459
-515
-550
-475
-324
-212
-121
56
235
133
-325
-808
-905
-579
-125
227
462
610
617
452
189
-102
-445
-834
-1148
-1250
-1163
-1013
-847
-606
-282
29
320
858
2052
4067
6555
8720
9642
8731
6132
2759
-304
-2677
-4855
-7284
-9356
-9761
-7958
-4993
-2421
-630
1280
3935
6555
7708
6908
5013
3128
1605
227
-1067
-2017
-2436
-2430
-2193
-1874
-1676
-1846
-2393
-2955
-3173
-3061
-2863
-2590
-1931
-684
950
2562
3893
4832
5258
5088
4420
3408
2010
73
-2235
-4315
-5582
-5888
-5474
-4645
-3628
-2547
-1335
175
1831
3005
3206
2771
2535
2735
2703
1892
763
220
420
664
395
-214
-740
-1107
-1444
-1698
-1745
-1670
-1618
-1445
-855
122
1069
1672
2014
2285
2440
2297
1828
1141
285
-738
-1773
-2543
-2911
-2963
-2780
-2300
-1492
-563
158
520
616
586
488
356
219
32
-307
-734
-954
-736
-241
119
187
192
342
463
265
-160
-393
-248
1
19
-135
-180
-61
19
-40
-111
-112
-178
-411
-647
-644
-433
-277
-302
-354
-289
-179
-108
149
1029
2754
5066
7310
8678
8485
6582
3601
564
-1988
-4332
-6805
-8879
-9435
-8044
-5553
-3148
-1105
1139
3817
6191
7233
6646
5017
3140
1460
81
-1014
-1825
-2308
-2376
-2000
-1395
-1003
-1153
-1756
-2406
-2783
-2880
-2818
-2559
-1931
-868
483
1888
3157
4117
4583
4502
4018
3281
2218
647
-1348
-3278
-4571
-4973
-4643
-3961
-3286
-2701
-1920
-578
1200
2656
3106
2716
2293
2276
2280
1767
859
167
2
106
121
-42
-325
-700
-1084
-1306
-1363
-1484
-1754
-1832
-1330
-371
517
1042
1409
1872
2306
2389
2030
1407
666
-163
-998
-1654
-2025
-2169
-2158
-1944
-1487
-904
-388
-16
272
514
647
592
355
15
-333
-611
-739
-665
-402
-63
182
222
101
-6
10
87
53
-156
-415
-550
-513
-395
-300
-263
-260
-248
-209
-161
-161
-269
-461
-616
-580
-314
35
216
76
-261
-427
-26
1141
3003
5229
7240
8295
7827
5848
3007
81
-2594
-5117
-7432
-8944
-8919
-7285
-4811
-2414
-365
1684
3940
5929
6805
6178
4508
2689
1278
203
-835
-1796
-2305
-2162
-1657
-1287
-1271
-1484
-1776
-2120
-2459
-2606
-2430
-2004
-1442
-676
445
1816
3014
3659
3747
3594
3422
3083
2226
708
-1175
-2891
-4051
-4557
-4489
-4021
-3385
-2715
-1835
-453
1279
2611
2911
2431
2024
2086
2149
1682
900
460
549
721
563
166
-189
-446
-713
-1003
-1255
-1488
-1698
-1708
-1327
-635
88
710
1342
2037
2602
2775
2501
1905
1109
185
-756
-1570
-2167
-2519
-2604
-2402
-1952
-1354
-701
-59
484
830
916
756
409
-32
-422
-616
-588
-454
-331
-213
-21
249
503
646
635
453
119
-264
-553
-702
-793
-878
-863
-632
-233
137
355
449
479
443
337
227
139
0
-249
-529
-749
-963
-1252
-1404
-960
329
2237
4337
6318
7810
8124
6654
3651
218
-2701
-5084
-7277
-8932
-9073
-7333
-4627
-2254
-530
1247
3546
5740
6693
5953
4155
2327
1012
70
-843
-1753
-2302
-2172
-1506
-855
-699
-1051
-1570
-1977
-2266
-2535
-2736
-2678
-2188
-1226
87
1484
2629
3323
3646
3837
3960
3750
2886
1354
-522
-2336
-3788
-4639
-4769
-4338
-3709
-3005
-1909
-196
1625
2599
2388
1730
1550
1865
1931
1349
586
297
527
841
942
850
598
152
-411
-903
-1305
-1781
-2302
-2508
-2106
-1260
-395
327
1074
1932
2662
2941
2713
2167
1450
559
-495
-1528
-2283
-2649
-2699
-2531
-2129
-1466
-679
-11
412
638
719
592
238
-169
-423
-502
-511
-449
-216
131
366
400
392
459
444
174
-218
-459
-552
-731
-985
-982
-560
-60
92
-56
-79
205
519
548
354
217
228
216
8
-363
-762
-1123
-1432
-1566
-1227
-137
1692
3937
6159
7885
8521
7493
4840
1521
-1307
-3395
-5421
-7635
-9025
-8353
-5840
-3101
-1269
183
2323
4969
6687
6499
4925
3192
1880
734
-516
-1634
-2208
-2125
-1607
-982
-565
-599
-1108
-1824
-2399
-2728
-2932
-3040
-2808
-1979
-644
807
2058
3071
3911
4514
4690
4291
3290
1757
-152
-2141
-3816
-4821
-5014
-4567
-3869
-3175
-2318
-952
806
2161
2404
1806
1408
1774
2321
2169
1343
714
814
1197
1156
609
13
-370
-709
-1186
-1708
-2137
-2457
-2588
-2265
-1371
-222
711
1333
1933
2662
3236
3261
2706
1864
940
-80
-1183
-2165
-2798
-3046
-2995
-2643
-1958
-1086
-310
208
566
891
1107
1033
665
217
-97
-262
-363
-416
-376
-265
-187
-194
-216
-187
-169
-286
-522
-693
-661
-491
-338
-232
-73
198
480
634
602
415
150
-76
-141
-42
77
61
-85
-250
-439
-793
-1313
-1607
-1072
589
3059
5619
7615
8620
8327
6619
3876
913
-1698
-4121
-6661
-8789
-9300
-7747
-5183
-2984
-1214
1133
4306
6959
7584
6214
4200
2567
1251
-140
-1490
-2357
-2557
-2208
-1498
-695
-251
-497
-1270
-2074
-2608
-2915
-3058
-2942
-2472
-1663
-498
1060
2787
4142
4723
4659
4345
3845
2832
1112
-990
-2867
-4113
-4678
-4734
-4490
-4062
-3335
-2079
-349
1256
2042
1999
1866
2231
2746
2570
1547
527
367
896
1205
803
91
-343
-479
-712
-1202
-1746
-2143
-2354
-2290
-1776
-896
-41
566
1174
2071
2990
3330
2918
2178
1473
662
-499
-1781
-2693
-3078
-3169
-3068
-2574
-1597
-460
402
859
1043
1040
819
410
-38
-391
-588
-614
-501
-349
-235
-108
111
353
432
274
16
-187
-341
-536
-752
-844
-706
-396
-80
119
216
288
338
273
51
-190
-247
-99
44
-18
-285
-645
-1069
-1544
-1848
-1556
-384
1549
3846
6109
7914
8639
7711
5207
2032
-853
-3300
-5775
-8226
-9611
-8920
-6450
-3566
-1198
946
3448
5940
7271
6799
5043
3023
1313
-64
-1178
-1936
-2207
-1983
-1388
-712
-322
-440
-966
-1639
-2310
-2937
-3392
-3450
-3012
-2177
-1023
484
2237
3780
4616
4717
4516
4301
3779
2458
338
-1956
-3733
-4737
-5056
-4844
-4265
-3490
-2510
-1118
622
2048
2478
2108
1869
2212
2504
1988
940
346
571
971
885
427
72
-103
-354
-744
-1139
-1565
-2125
-2568
-2388
-1496
-425
326
887
1677
2664
3329
3311
2759
1981
1045
-127
-1420
-2528
-3219
-3449
-3239
-2609
-1665
-641
232
840
1165
1193
946
535
108
-260
-579
-832
-928
-789
-454
-68
236
402
448
410
303
116
-130
-346
-417
-325
-187
-144
-188
-204
-143
-102
-199
-409
-599
-654
-549
-316
-34
179
214
12
-397
-874
-1112
-686
697
2914
5428
7573
8770
8588
6896
4099
1004
-1817
-4438
-7050
-9136
-9638
-8151
-5572
-3166
-1199
1008
3744
6157
7115
6440
4924
3340
1878
450
-856
-1817
-2303
-2279
-1803
-1141
-753
-927
-1503
-2095
-2521
-2859
-3133
-3171
-2771
-1885
-587
966
2505
3710
4435
4781
4867
4553
3552
1802
-367
-2436
-3999
-4868
-5055
-4768
-4267
-3587
-2456
-699
1241
2485
2602
2141
1998
2311
2369
1658
638
159
370
656
546
246
121
72
-252
-877
-1515
-2022
-2458
-2687
-2350
-1402
-339
373
882
1651
2695
3487
3597
3105
2273
1171
-169
-1470
-2397
-2927
-3248
-3328
-2901
-1939
-871
-134
277
637
986
1078
794
342
-29
-286
-503
-645
-614
-433
-216
-10
197
346
336
171
-23
-189
-404
-701
-928
-892
-600
-221
116
383
532
461
170
-168
-370
-440
-511
-616
-643
-530
-448
-630
-1011
-1118
-403
1300
3647
6055
7967
8868
8323
6285
3326
287
-2441
-5035
-7537
-9246
-9245
-7486
-4996
-2836
-1057
1032
3679
6099
7162
6499
4799
3065
1752
652
-517
-1595
-2148
-1996
-1436
-945
-816
-1080
-1646
-2342
-2934
-3246
-3288
-3134
-2705
-1788
-347
1310
2746
3756
4413
4838
4959
4523
3323
1437
-742
-2685
-4038
-4753
-4969
-4837
-4394
-3551
-2192
-410
1321
2363
2497
2204
2144
2358
2264
1518
603
306
736
1205
1093
506
-38
-322
-560
-987
-1571
-2145
-2544
-2578
-2073
-1123
-132
576
1112
1798
2653
3290
3358
2895
2141
1202
90
-1067
-2053
-2782
-3269
-3427
-3084
-2309
-1465
-825
-292
328
903
1097
860
553
472
493
323
-42
-313
-305
-145
-58
-94
-141
-117
-62
-71
-201
-420
-600
-626
-503
-350
-234
-91
136
339
357
208
88
115
185
165
83
48
9
-229
-763
-1387
-1660
-1152
314
2522
4972
7123
8519
8730
7436
4806
1640
-1229
-3708
-6190
-8490
-9509
-8443
-5964
-3550
-1710
406
3400
6315
7544
6703
4929
3388
2171
824
-658
-1803
-2300
-2218
-1714
-988
-448
-532
-1215
-2012
-2553
-2901
-3191
-3232
-2750
-1774
-567
755
2205
3597
4549
4898
4845
4530
3710
2102
-104
-2296
-3943
-4889
-5210
-5041
-4540
-3770
-2562
-776
1187
2446
2539
2047
1939
2341
2437
1654
524
0
241
557
450
162
83
87
-206
-813
-1414
-1864
-2268
-2542
-2326
-1500
-487
261
837
1659
2741
3545
3603
3008
2147
1202
117
-1065
-2132
-2918
-3393
-3494
-3092
-2219
-1198
-385
147
547
886
1038
893
541
185
-40
-137
-197
-308
-490
-646
-645
-482
-316
-283
-335
-326
-229
-154
-167
-200
-164
-93
-77
-114
-87
72
279
346
180
-109
-290
-242
-74
2
-119
-408
-839
-1404
-1927
-2017
-1320
183
2223
4504
6759
8514
9037
7793
5009
1599
-1586
-4367
-6949
-9087
-9900
-8760
-6191
-3490
-1372
666
3325
6175
7801
7320
5359
3301
1873
775
-472
-1747
-2492
-2368
-1568
-637
-137
-360
-1182
-2162
-2909
-3348
-3603
-3660
-3294
-2302
-737
1118
2896
4254
5006
5211
5085
4700
3834
2209
-97
-2569
-4554
-5628
-5754
-5215
-4385
-3407
-2081
-249
1665
2789
2697
1991
1657
1880
1926
1266
374
100
568
1119
1243
1039
750
313
-368
-1108
-1675
-2150
-2670
-2988
-2671
-1733
-693
96
842
1864
2992
3709
3729
3189
2325
1233
21
-1082
-1907
-2499
-2906
-2994
-2603
-1894
-1271
-911
-598
-109
392
552
338
98
100
231
246
123
49
100
146
50
-173
-409
-557
-565
-450
-307
-248
-279
-291
-224
-145
-138
-171
-157
-96
-65
-92
-106
-68
-28
-42
-72
-54
-20
-100
-410
-980
-1702
-2314
-2431
-1724
-161
1985
4361
6674
8505
9142
7933
4997
1346
-1960
-4707
-7259
-9481
-10375
-9168
-6401
-3481
-1166
994
3598
6199
7602
7144
5322
3173
1368
-5
-1096
-1925
-2344
-2154
-1372
-406
95
-255
-1260
-2347
-3092
-3469
-3633
-3612
-3239
-2295
-708
1323
3295
4659
5214
5260
5201
5001
4144
2248
-401
-3002
-4861
-5761
-5852
-5396
-4602
-3520
-2026
-96
1799
2842
2669
1904
1539
1772
1857
1208
299
87
759
1526
1655
1252
833
511
-12
-841
-1740
-2507
-3145
-3529
-3319
-2420
-1236
-194
785
1999
3295
4076
3999
3317
2420
1407
271
-780
-1508
-1973
-2365
-2611
-2455
-1901
-1291
-899
-697
-566
-484
-395
-156
215
442
369
261
446
806
917
666
385
301
198
-196
-724
-982
-856
-618
-516
-516
-474
-388
-326
-305
-277
-232
-201
-181
-112
57
303
501
524
376
220
158
51
-350
-1048
-1743
-2146
-2202
-1913
-1090
506
2810
5399
7702
9099
8947
6943
3642
240
-2468
-4756
-7193
-9361
-9913
-8132
-4974
-2117
-171
1653
4079
6500
7514
6483
4207
2052
705
-112
-929
-1796
-2258
-1926
-970
-64
115
-624
-1882
-3024
-3630
-3702
-3495
-3151
-2520
-1353
373
2325
4005
5063
5466
5427
5126
4453
3077
858
-1793
-4074
-5378
-5643
-5191
-4388
-3476
-2535
-1457
-132
1187
1903
1743
1267
1314
1911
2217
1692
892
732
1259
1672
1432
814
274
-192
-820
-1576
-2241
-2788
-3264
-3436
-2940
-1810
-531
501
1349
2221
3039
3496
3395
2797
1901
939
115
-517
-1060
-1570
-1880
-1785
-1368
-987
-880
-947
-942
-795
-656
-683
-844
-923
-673
-44
726
1294
1498
1447
1317
1149
888
505
32
-468
-874
-1059
-1038
-1001
-1097
-1230
-1183
-937
-708
-650
-647
-477
-82
391
764
978
1056
1040
951
774
472
33
-490
-988
-1372
-1658
-1933
-2183
-2149
-1436
135
2321
4657
6758
8240
8503
7037
4127
904
-1675
-3734
-5897
-7946
-8651
-7255
-4608
-2287
-819
655
2867
5196
6292
5626
3980
2452
1393
481
-492
-1275
-1530
-1270
-827
-539
-604
-1077
-1841
-2585
-2989
-2976
-2713
-2332
-1741
-777
544
1984
3214
3973
4192
4036
3741
3306
2425
850
-1202
-3108
-4313
-4664
-4395
-3893
-3442
-2995
-2180
-747
939
2074
2271
2022
2077
2479
2538
1821
801
317
589
1042
1035
524
-92
-538
-880
-1303
-1827
-2330
-2661
-2670
-2215
-1332
-332
429
936
1486
2201
2734
2671
2104
1513
1145
790
241
-347
-729
-918
-1052
-1080
-894
-669
-713
-1009
-1192
-1094
-976
-1058
-1095
-703
58
748
1116
1324
1546
1673
1515
1125
684
213
-373
-1006
-1470
-1684
-1783
-1845
-1732
-1325
-774
-344
-84
168
462
633
551
354
274
368
530
693
838
867
638
147
-424
-955
-1489
-2076
-2613
-2952
-3026
-2729
-1794
-58
2243
4590
6621
8133
8701
7699
5025
1527
-1712
-4383
-6798
-8800
-9429
-8068
-5459
-3028
-1289
506
2987
5491
6649
5942
4193
2578
1515
683
-214
-1013
-1355
-1119
-561
-124
-145
-648
-1367
-1990
-2414
-2733
-2989
-3026
-2605
-1629
-213
1375
2820
3857
4393
4527
4366
3838
2727
960
-1201
-3228
-4586
-5017
-4669
-3995
-3358
-2676
-1546
123
1725
2440
2137
1571
1504
1820
1768
1007
98
-193
203
665
686
348
-7
-267
-546
-915
-1345
-1830
-2313
-2502
-2089
-1190
-333
132
443
1022
1827
2397
2442
2104
1630
1079
493
54
-143
-296
-627
-1001
-1089
-842
-576
-529
-582
-524
-380
-308
-331
-318
-208
-36
191
493
793
934
866
701
537
330
-7
-429
-799
-1024
-1098
-1040
-891
-728
-603
-470
-243
70
352
513
566
564
515
419
325
288
297
277
187
32
-201
-533
-924
-1251
-1454
-1607
-1824
-2053
-2097
-1835
-1350
-724
181
1626
3650
5911
7862
8946
8665
6769
3652
351
-2261
-4269
-6354
-8506
-9570
-8504
-5812
-3097
-1223
479
2883
5520
6984
6642
5289
4043
3120
2053
639
-739
-1639
-1960
-1835
-1486
-1234
-1374
-1851
-2267
-2360
-2313
-2434
-2663
-2589
-1920
-721
763
2256
3451
4114
4330
4441
4515
4071
2578
191
-2244
-3972
-4867
-5198
-5116
-4580
-3585
-2225
-615
1016
2177
2433
1949
1449
1410
1504
1137
392
39
521
1335
1661
1323
797
419
13
-681
-1586
-2483
-3268
-3820
-3809
-3034
-1805
-662
275
1314
2523
3440
3632
3237
2681
2090
1347
529
-75
-396
-647
-876
-837
-468
-177
-356
-830
-1121
-1160
-1329
-1779
-2107
-1843
-1059
-202
486
1098
1716
2174
2284
2059
1629
1035
284
-477
-1025
-1291
-1427
-1557
-1588
-1339
-856
-436
-307
-382
-424
-342
-239
-211
-225
-202
-115
46
260
434
462
390
389
481
429
35
-562
-1033
-1277
-1493
-1832
-2203
-2418
-2318
-1676
-233
1972
4457
6652
8250
8989
8361
6055
2686
-463
-2711
-4582
-6712
-8538
-8706
-6823
-4090
-1890
-242
1766
4311
6297
6620
5457
3928
2781
1844
708
-517
-1314
-1414
-1072
-740
-688
-938
-1410
-2013
-2606
-3026
-3193
-3141
-2884
-2298
-1204
369
2074
3446
4253
4629
4816
4816
4319
3046
1100
-1050
-2922
-4271
-5035
-5219
-4950
-4449
-3777
-2706
-1094
640
1742
1968
1913
2241
2815
2931
2345
1623
1360
1452
1376
915
277
-364
-1053
-1771
-2345
-2742
-3152
-3597
-3677
-3023
-1829
-663
255
1222
2464
3654
4269
4191
3724
3109
2304
1259
142
-816
-1551
-2096
-2405
-2423
-2249
-2066
-1912
-1659
-1231
-744
-340
-11
355
810
1307
1756
2032
2023
1748
1410
1197
1048
703
56
-702
-1308
-1696
-1958
-2129
-2161
-2047
-1841
-1545
-1125
-632
-209
97
400
780
1129
1291
1284
1258
1240
1087
713
213
-283
-771
-1281
-1716
-1921
-1886
-1758
-1639
-1469
-1169
-791
-479
-287
-123
175
732
1626
2901
4526
6247
7485
7535
6080
3540
757
-1740
-4048
-6319
-8103
-8587
-7494
-5467
-3395
-1548
435
2763
5019
6457
6656
5790
4387
2918
1584
359
-780
-1692
-2159
-2111
-1751
-1429
-1405
-1701
-2134
-2460
-2538
-2389
-2116
-1739
-1143
-209
1027
2344
3466
4206
4531
4519
4187
3391
1923
-181
-2485
-4353
-5387
-5638
-5439
-5022
-4325
-3101
-1272
796
2411
3105
3089
3019
3237
3359
2812
1650
594
197
243
117
-420
-1056
-1455
-1655
-1874
-2185
-2507
-2759
-2827
-2484
-1598
-395
698
1517
2268
3080
3676
3679
3091
2248
1369
418
-577
-1374
-1819
-2052
-2234
-2230
-1828
-1155
-614
-375
-207
118
466
585
522
556
790
1042
1126
1083
1022
930
718
382
0
-394
-814
-1203
-1429
-1403
-1196
-973
-835
-724
-526
-227
29
96
-4
-96
-65
17
30
-27
-45
49
227
381
381
136
-289
-643
-710
-560
-486
-643
-851
-855
-657
-475
-440
-476
-497
-561
-736
-885
-703
55
1402
3167
5067
6668
7371
6696
4724
2184
-118
-2018
-3953
-6057
-7576
-7510
-5820
-3586
-1803
-323
1611
4011
5823
6071
4945
3472
2356
1487
494
-601
-1440
-1749
-1548
-1062
-647
-669
-1233
-2006
-2501
-2571
-2501
-2529
-2470
-1930
-812
577
1874
2919
3670
4080
4134
3863
3203
1985
205
-1741
-3307
-4220
-4583
-4578
-4250
-3589
-2620
-1348
182
1682
2670
2933
2815
2792
2802
2356
1306
207
-323
-320
-311
-568
-885
-1046
-1156
-1406
-1745
-2032
-2266
-2460
-2379
-1725
-589
553
1374
2028
2788
3542
3878
3560
2731
1644
434
-771
-1755
-2365
-2653
-2690
-2385
-1653
-712
43
445
672
886
989
852
603
480
514
557
577
667
776
672
281
-144
-375
-532
-858
-1267
-1411
-1172
-849
-724
-703
-510
-151
60
-73
-387
-576
-534
-391
-274
-159
50
364
690
905
948
795
445
-48
-548
-912
-1125
-1287
-1441
-1456
-1171
-623
-65
267
322
198
-22
-311
-668
-1040
-1254
-1006
-18
1695
3758
5667
7037
7588
7044
5283
2612
-334
-3070
-5479
-7453
-8528
-8218
-6638
-4499
-2337
-34
2672
5401
7210
7473
6454
4906
3339
1801
248
-1163
-2152
-2555
-2433
-2025
-1633
-1460
-1524
-1697
-1891
-2114
-2363
-2516
-2382
-1831
-858
443
1882
3205
4174
4690
4797
4535
3822
2514
619
-1563
-3512
-4802
-5337
-5315
-4944
-4224
-3034
-1407
338
1745
2529
2753
2729
2687
2542
2039
1176
377
98
303
487
257
-278
-776
-1133
-1531
-2066
-2573
-2828
-2762
-2420
-1798
-877
260
1422
2406
3081
3378
3301
2897
2209
1274
211
-763
-1458
-1855
-2037
-2017
-1747
-1269
-752
-342
-18
309
639
891
1017
1040
989
867
708
585
540
512
383
127
-145
-312
-375
-452
-593
-698
-647
-475
-340
-341
-431
-544
-661
-751
-730
-577
-410
-362
-401
-358
-153
113
290
360
419
532
609
488
117
-348
-687
-854
-981
-1142
-1188
-946
-510
-165
-39
23
150
200
-27
-469
-849
-1044
-1165
-1240
-1015
-187
1251
3040
4883
6458
7252
6721
4816
2223
-196
-2206
-4177
-6207
-7566
-7344
-5558
-3241
-1313
293
2151
4243
5777
6078
5292
4060
2800
1551
309
-775
-1554
-2005
-2143
-1982
-1648
-1415
-1524
-1964
-2475
-2739
-2608
-2170
-1613
-975
-74
1231
2720
3876
4337
4224
3933
3608
2955
1606
-381
-2482
-4107
-5017
-5291
-5065
-4386
-3319
-2004
-572
877
2137
2865
2906
2539
2215
2012
1586
752
-113
-473
-302
-91
-222
-576
-833
-933
-1078
-1384
-1732
-1926
-1873
-1576
-1052
-312
573
1465
2212
2741
3057
3136
2860
2139
1094
28
-831
-1497
-2089
-2583
-2775
-2501
-1810
-947
-162
461
988
1466
1769
1735
1416
1080
889
727
444
139
50
172
263
167
-40
-269
-586
-1010
-1356
-1449
-1365
-1280
-1158
-814
-253
279
618
830
992
998
731
282
-161
-540
-895
-1166
-1218
-1040
-771
-523
-282
-24
192
304
311
213
2
-238
-341
-259
-172
-251
-400
-360
-67
246
326
162
-95
-362
-665
-1000
-1228
-1155
-667
229
1458
2942
4555
5955
6558
5890
4078
1854
-93
-1723
-3395
-5089
-6127
-5892
-4579
-3001
-1651
-280
1513
3512
4930
5186
4443
3304
2205
1169
95
-925
-1640
-1884
-1735
-1422
-1166
-1080
-1160
-1314
-1439
-1505
-1565
-1663
-1716
-1515
-896
90
1182
2094
2713
3104
3339
3316
2819
1734
211
-1407
-2793
-3750
-4197
-4155
-3755
-3146
-2329
-1169
296
1640
2340
2320
2037
1921
1873
1496
744
82
-63
162
254
-19
-397
-531
-439
-438
-742
-1220
-1573
-1621
-1387
-975
-473
58
565
1033
1466
1805
1918
1717
1297
842
421
-36
-538
-922
-1023
-885
-712
-620
-567
-497
-424
-343
-188
52
255
323
357
540
887
1211
1357
1366
1322
1185
835
273
-343
-843
-1159
-1313
-1365
-1387
-1386
-1286
-1030
-703
-477
-380
-238
74
417
537
402
238
216
267
250
156
55
-82
-321
-588
-715
-683
-658
-727
-735
-508
-121
180
270
248
231
221
177
126
121
165
245
353
426
326
-24
-513
-939
-1226
-1437
-1553
-1354
-610
669
2237
3861
5383
6524
6780
5771
3708
1304
-898
-2938
-5000
-6720
-7279
-6315
-4421
-2520
-911
775
2730
4452
5203
4789
3677
2458
1405
506
-287
-941
-1371
-1486
-1256
-831
-549
-705
-1288
-1978
-2458
-2688
-2827
-2894
-2639
-1799
-417
1164
2586
3674
4344
4508
4143
3341
2197
710
-1081
-2871
-4193
-4775
-4719
-4281
-3575
-2565
-1274
111
1307
2072
2324
2204
1951
1694
1360
872
378
170
372
767
1006
904
521
22
-491
-1019
-1595
-2176
-2594
-2623
-2151
-1271
-228
757
1599
2311
2875
3153
2958
2250
1231
203
-644
-1289
-1751
-1995
-1976
-1716
-1279
-748
-262
24
87
86
149
189
75
-69
68
574
1152
1468
1506
1456
1358
1077
558
-75
-702
-1310
-1860
-2181
-2123
-1751
-1271
-805
-322
187
607
786
709
530
411
355
245
19
-197
-240
-120
-18
-41
-109
-122
-140
-274
-483
-611
-622
-628
-645
-507
-112
361
646
714
764
887
945
776
424
54
-233
-434
-550
-560
-487
-395
-327
-291
-304
-383
-496
-569
-550
-413
-104
483
1429
2707
4134
5344
5840
5247
3633
1523
-540
-2406
-4182
-5730
-6528
-6165
-4825
-3118
-1481
82
1712
3284
4401
4703
4154
3064
1868
838
-34
-840
-1488
-1746
-1530
-1063
-684
-581
-747
-1094
-1488
-1790
-1949
-2044
-2090
-1874
-1136
54
1293
2238
2875
3324
3557
3434
2896
1965
651
-945
-2480
-3525
-3941
-3926
-3683
-3182
-2320
-1171
22
1036
1711
1953
1838
1645
1579
1516
1221
776
575
796
1118
1123
794
405
47
-458
-1179
-1904
-2396
-2643
-2679
-2381
-1628
-602
346
1084
1774
2490
2988
2994
2527
1835
1053
169
-725
-1386
-1689
-1772
-1804
-1723
-1395
-899
-496
-295
-140
104
324
350
249
261
480
745
871
845
766
678
569
422
209
-133
-587
-985
-1159
-1142
-1117
-1129
-1014
-640
-131
282
531
728
923
1021
952
794
646
499
299
91
-20
-43
-102
-250
-377
-348
-207
-139
-246
-414
-436
-259
-28
89
100
139
270
385
359
229
143
155
140
-13
-221
-306
-219
-104
-91
-140
-138
-85
-92
-214
-364
-419
-364
-271
-178
-66
71
173
168
26
-222
-526
-838
-1104
-1264
-1215
-828
-42
1052
2259
3424
4407
4938
4644
3397
1583
-191
-1685
-3124
-4603
-5642
-5570
-4326
-2597
-1082
162
1507
3028
4233
4551
3914
2792
1714
862
108
-650
-1283
-1575
-1493
-1239
-1038
-956
-953
-1034
-1248
-1546
-1775
-1799
-1611
-1255
-701
117
1160
2212
3006
3412
3467
3252
2732
1785
391
-1207
-2609
-3523
-3910
-3890
-3569
-2969
-2085
-952
309
1470
2254
2517
2386
2126
1852
1443
790
66
-381
-394
-173
-38
-111
-288
-455
-628
-876
-1210
-1572
-1854
-1917
-1658
-1088
-363
373
1109
1878
2573
2945
2837
2331
1622
825
-44
-931
-1701
-2223
-2439
-2343
-1982
-1456
-881
-318
211
653
923
1009
999
973
915
788
638
551
566
649
733
746
606
287
-131
-522
-826
-1046
-1181
-1200
-1098
-893
-580
-149
329
711
921
1024
1095
1104
960
671
340
64
-148
-327
-470
-551
-555
-495
-407
-334
-278
-191
-34
147
274
331
373
414
408
311
161
20
-87
-174
-249
-313
-370
-406
-401
-391
-439
-536
-562
-424
-193
-17
42
49
85
164
263
342
342
222
34
-120
-207
-286
-378
-417
-348
-246
-206
-198
-111
62
190
184
105
52
20
-80
-267
-471
-608
-634
-500
-131
500
1346
2295
3173
3732
3699
2979
1794
547
-519
-1481
-2500
-3463
-3967
-3678
-2715
-1553
-581
235
1173
2288
3197
3403
2822
1887
1098
561
40
-580
-1074
-1175
-941
-716
-742
-963
-1191
-1337
-1432
-1490
-1480
-1380
-1161
-766
-158
617
1414
2087
2545
2761
2743
2492
1954
1052
-164
-1439
-2445
-3030
-3253
-3213
-2916
-2346
-1568
-679
259
1153
1803
2043
1965
1829
1745
1534
1046
481
199
245
293
77
-286
-523
-612
-765
-1076
-1397
-1577
-1619
-1538
-1221
-601
167
839
1364
1856
2293
2460
2229
1731
1158
523
-224
-972
-1486
-1693
-1732
-1703
-1530
-1147
-680
-332
-130
50
265
432
491
514
605
759
888
940
928
858
702
446
130
-201
-549
-924
-1270
-1473
-1453
-1253
-976
-680
-341
61
451
727
862
911
901
814
669
545
471
378
206
17
-99
-186
-364
-627
-813
-826
-761
-735
-702
-528
-209
124
385
609
826
976
994
896
740
547
306
48
-187
-389
-571
-704
-724
-608
-399
-173
18
130
147
99
56
53
68
64
57
103
238
440
628
698
599
386
182
44
-89
-289
-505
-614
-590
-533
-513
-465
-294
-30
193
298
320
310
272
209
163
162
170
145
102
88
90
40
-88
-240
-362
-442
-484
-474
-410
-328
-255
-168
-29
157
333
459
529
537
471
344
193
38
-142
-341
-487
-525
-492
-477
-490
-449
-300
-112
24
104
181
261
281
223
151
132
147
150
151
195
270
330
394
564
876
1186
1282
1077
677
243
-141
-485
-814
-1131
-1377
-1438
-1219
-773
-306
18
256
601
1074
1433
1421
1087
726
531
390
95
-344
-700
-801
-721
-650
-663
-692
-652
-558
-471
-415
-372
-326
-264
-159
18
260
512
717
840
872
821
707
540
285
-107
-602
-1055
-1302
-1311
-1177
-996
-768
-444
-26
409
749
921
906
763
602
494
386
197
-40
-164
-77
115
203
117
-28
-128
-217
-378
-590
-743
-778
-714
-554
-261
148
550
834
1013
1145
1197
1064
724
295
-96
-425
-724
-964
-1067
-1010
-838
-604
-331
-55
159
271
310
323
311
264
205
177
176
171
162
182
224
205
66
-139
-302
-379
-438
-539
-644
-659
-541
-330
-98
127
361
597
782
847
765
581
367
161
-42
-255
-442
-539
-522
-436
-346
-274
-194
-93
0
42
39
40
79
134
169
185
219
276
324
333
312
280
218
96
-75
-235
-346
-419
-474
-497
-451
-328
-164
8
167
304
407
469
498
496
446
330
164
-7
-140
-230
-303
-372
-412
-384
-286
-174
-117
-119
-136
-120
-80
-39
5
74
170
267
339
378
378
325
229
119
17
-84
-197
-308
-387
-414
-395
-336
-242
-122
6
115
195
235
236
210
176
149
130
108
69
23
4
34
78
73
-6
-101
-138
-113
-94
-117
-138
-105
-32
24
40
50
85
127
141
123
101
89
81
70
59
54
51
40
15
-31
-94
-155
-187
-181
-155
-128
-91
-27
59
127
149
131
103
73
31
-26
-74
-89
-71
-36
9
59
104
120
95
47
7
-20
-48
-94
-159
-220
-250
-226
-161
-98
-73
-67
-35
35
104
134
126
108
96
84
70
62
54
29
-20
-73
-101
-100
-97
-105
-114
-95
-41
24
66
75
76
104
166
236
277
265
208
130
55
-4
-60
-129
-207
-259
-248
-174
-77
2
64
155
299
459
546
488
295
42
-193
-375
-521
-643
-728
-728
-594
-333
-40
170
262
312
408
521
528
369
126
-71
-174
-252
-348
-424
-410
-298
-152
-40
-2
-40
-118
-174
-172
-140
-134
-152
-126
-9
158
286
335
331
302
260
206
138
35
-123
-296
-400
-389
-300
-194
-58
134
348
495
547
560
577
553
427
226
55
-44
-112
-188
-237
-214
-146
-107
-106
-89
-35
-1
-30
-75
-60
12
72
104
168
291
397
394
300
209
154
63
-110
-298
-412
-452
-475
-488
-429
-280
-107
26
134
252
355
380
320
230
141
34
-102
-219
-278
-304
-343
-387
-385
-321
-250
-212
-185
-122
-14
84
129
133
129
138
152
163
165
153
130
108
92
70
29
-34
-99
-150
-197
-249
-290
-281
-204
-81
44
155
262
356
408
395
329
239
138
21
-100
-196
-239
-235
-213
-180
-131
-67
-3
42
71
91
106
113
117
135
164
180
167
133
102
80
44
-23
-110
-183
-221
-229
-224
-219
-207
-178
-128
-64
-2
46
86
130
171
189
174
140
114
96
69
24
-32
-84
-126
-158
-169
-154
-122
-94
-67
-20
47
96
96
60
42
60
83
70
26
-11
-23
-28
-49
-69
-77
-74
-77
-75
-51
-4
39
56
62
75
95
110
115
118
115
103
92
95
104
90
39
-23
-62
-69
-70
-79
-80
-53
-4
38
56
62
76
96
105
91
65
44
28
13
1
-2
0
-9
-30
-43
-39
-35
-51
-80
-94
-82
-61
-53
-52
-50
-48
-46
-37
-12
20
40
52
71
97
102
64
6
-34
-47
-64
-104
-150
-169
-155
-125
-93
-63
-29
3
30
57
87
103
89
56
37
50
70
64
30
3
3
11
-6
-49
-93
-117
-125
-131
-130
-106
-55
15
91
157
206
228
224
199
157
102
41
-6
-27
-24
-13
-7
-8
-12
-15
-26
-49
-79
-105
-118
-111
-82
-41
3
35
53
63
68
60
33
-8
-40
-52
-44
-33
-28
-21
-6
11
18
6
-18
-40
-60
-77
-92
-95
-79
-50
-15
15
48
82
109
125
127
121
103
75
44
20
5
-11
-33
-52
-59
-58
-60
-63
-69
-72
-76
-73
-53
-11
42
93
130
160
187
208
212
186
137
77
20
-39
-102
-159
-196
-206
-200
-185
-158
-113
-52
8
55
93
124
146
152
140
120
102
80
49
13
-21
-41
-54
-73
-105
-134
-147
-137
-117
-94
-66
-25
26
75
113
139
158
166
154
121
75
26
-22
-67
-103
-122
-123
-104
-67
-17
33
69
87
90
83
69
43
10
-28
-60
-76
-77
-66
-51
-26
8
47
76
87
85
75
58
35
7
-24
-56
-84
-99
-96
-80
-63
-54
-50
-44
-28
-10
5
16
25
34
43
49
52
48
41
31
16
-7
-33
-58
-75
-86
-87
-74
-48
-11
26
57
77
85
84
75
59
36
13
-4
-14
-15
-3
22
51
71
80
77
68
51
19
-22
-63
-90
-98
-89
-64
-29
7
40
66
91
111
120
112
93
76
64
51
32
8
-16
-43
-66
-82
-90
-93
-96
-90
-65
-28
11
37
56
72
83
82
70
51
34
13
-14
-45
-69
-85
-98
-107
-104
-85
-55
-29
-7
17
48
75
90
89
80
67
50
28
5
-20
-48
-70
-79
-74
-68
-66
-63
-50
-29
-5
14
28
40
53
67
76
80
77
68
52
31
9
-9
-22
-33
-46
-57
-67
-73
-75
-67
-51
-28
2
34
67
99
128
145
146
127
96
61
26
-6
-32
-50
-61
-63
-57
-46
-33
-23
-15
-8
0
8
13
18
23
31
38
45
45
39
27
13
-5
-21
-40
-60
-77
-87
-84
-69
-45
-17
5
20
28
33
32
24
9
-10
-25
-33
-32
-24
-20
-20
-24
-25
-17
-8
-5
-11
-17
-15
1
21
35
37
38
41
46
46
36
19
1
-12
-20
-20
-12
-1
14
30
44
52
57
59
61
59
51
38
24
13
3
-4
-11
-13
-12
-13
-15
-16
-13
-9
-4
-3
0
8
17
26
33
42
51
54
47
35
19
-2
-28
-58
-85
-102
-107
-99
-80
-50
-15
14
34
50
61
69
65
51
32
13
-9
-30
-46
-54
-56
-57
-55
-51
-45
-39
-32
-19
2
23
39
53
65
76
80
75
64
52
35
13
-14
-38
-49
-49
-43
-35
-25
-13
2
14
27
39
48
54
54
54
52
49
41
33
26
17
4
-11
-23
-30
-33
-35
-33
-26
-17
-7
4
22
35
37
31
24
24
25
23
17
11
6
-1
-13
-22
-32
-37
-41
-40
-34
-28
-20
-11
4
22
38
50
57
64
66
64
53
35
15
-4
-22
-35
-44
-49
-47
-37
-23
-12
-2
7
17
27
35
38
43
47
50
54
55
55
52
48
44
38
31
22
11
0
-8
-17
-27
-34
-32
-18
0
20
38
57
79
97
103
94
73
51
29
6
-19
-39
-51
-52
-46
-36
-30
-26
-19
-13
-10
-14
-19
-20
-10
5
21
35
51
58
53
41
28
17
1
-19
-35
-45
-47
-46
-40
-29
-13
1
6
6
5
1
-4
-10
-11
-6
2
10
19
30
37
40
33
24
11
-5
-23
-39
-44
-41
-32
-24
-16
-5
9
22
30
35
34
28
19
10
7
9
13
18
25
32
35
31
24
13
4
-9
-23
-33
-33
-25
-9
12
35
54
61
61
58
53
42
27
10
-3
-11
-15
-12
-7
-5
-8
-8
-7
-5
-14
-27
-35
-32
-25
-17
-11
-1
16
32
41
42
39
34
26
12
-6
-22
-32
-40
-48
-50
-43
-32
-25
-22
-18
-4
8
10
6
2
7
13
16
17
15
12
10
9
6
2
-5
-7
-5
-2
-1
-2
-1
3
8
7
5
5
6
11
13
11
6
4
4
4
6
6
7
8
6
5
6
14
18
16
15
14
16
16
13
10
7
2
-3
-3
1
8
14
18
23
29
31
31
28
26
22
16
9
5
2
1
-2
-5
-7
-8
-7
-6
-3
-3
1
3
5
7
13
20
28
32
35
38
39
39
36
32
25
13
0
-13
-22
-29
-35
-36
-27
-10
9
23
34
44
54
61
62
57
49
35
16
1
-5
-6
-8
-8
-5
0
-4
-12
-15
-9
-1
1
2
10
26
41
50
53
57
58
51
39
29
22
12
-1
-14
-17
-12
-5
2
9
17
22
25
27
32
40
43
38
30
26
29
32
28
17
7
3
3
4
4
2
0
-2
1
7
12
11
9
12
21
27
27
20
16
16
19
14
6
-2
-5
-2
3
5
3
1
2
5
14
24
35
43
45
41
33
22
6
-8
-15
-17
-21
-29
-34
-31
-21
-10
-5
3
10
19
25
31
33
34
35
41
46
45
37
24
11
-1
-15
-29
-36
-35
-28
-20
-11
-1
11
21
29
37
41
44
45
42
39
33
23
12
0
-6
-6
-4
-3
-3
2
8
13
16
18
21
27
32
33
34
35
37
37
36
35
34
31
26
20
16
14
12
10
7
4
5
8
12
19
23
25
26
24
21
16
13
13
14
11
5
-2
-5
-3
4
14
24
29
31
29
30
31
30
24
15
9
5
-2
-9
-13
-9
-1
6
10
16
22
26
28
29
31
27
20
15
14
17
19
20
20
18
13
2
-5
-4
0
0
-5
-9
-5
5
15
19
24
29
35
40
42
44
44
36
25
13
3
-2
-3
-2
4
10
14
16
20
23
23
19
17
21
27
28
26
26
30
32
26
14
1
-5
-8
-10
-14
-14
-10
-3
3
12
22
34
43
45
42
35
24
14
6
3
1
-3
-8
-12
-11
-6
0
8
14
17
18
19
24
29
31
27
19
12
10
12
13
13
12
12
13
13
13
13
17
22
24
22
18
18
20
23
26
28
29
28
24
18
14
7
4
-2
-3
-1
3
9
17
25
34
38
37
32
29
27
22
16
15
18
21
21
22
25
27
23
16
12
13
16
17
17
21
28
35
38
38
34
29
25
20
10
0
-9
-12
-11
-11
-8
1
15
26
31
33
37
41
39
32
25
22
20
17
11
5
-2
-7
-6
0
3
-3
-9
-13
-10
-9
-6
1
12
18
17
14
18
23
21
11
2
1
4
7
5
5
11
15
17
14
11
10
7
4
3
10
18
27
30
33
37
42
42
37
29
20
13
8
6
5
5
10
17
23
25
26
29
31
31
25
19
15
14
12
7
4
3
6
6
5
4
1
-1
-4
-7
-7
-3
4
13
19
22
22
18
11
5
-3
-6
-6
-3
-2
-1
3
8
13
15
13
12
11
11
12
12
13
13
12
15
18
22
25
24
22
21
20
16
9
3
3
6
12
17
25
30
31
29
26
25
27
26
25
22
22
25
30
34
35
33
28
24
21
17
14
9
4
3
5
10
14
17
20
23
24
25
20
14
8
8
12
17
18
16
12
10
6
1
-3
-3
0
5
9
11
16
22
25
25
23
22
24
21
12
5
1
2
-1
-5
-9
-8
-3
0
1
5
13
24
32
34
34
33
31
29
22
14
5
-1
-3
-4
0
5
18
33
44
51
53
50
41
29
19
10
2
-6
-12
-12
-8
-4
1
6
13
19
21
24
28
31
31
27
23
18
15
14
16
19
21
24
25
28
27
28
30
28
22
14
9
9
10
10
9
9
13
17
18
19
18
14
4
0
1
3
2
-1
-4
-1
4
9
15
21
25
26
24
23
24
22
17
10
6
2
-2
-6
-5
1
10
16
15
15
16
21
26
27
25
22
23
23
22
16
13
12
13
17
19
25
35
49
56
56
54
47
33
16
1
-10
-16
-16
-9
5
14
21
29
40
46
43
35
28
23
16
4
-7
-10
-8
-5
-2
1
8
19
29
36
38
36
32
28
19
6
-8
-14
-16
-17
-17
-11
3
19
31
41
50
55
51
42
32
23
12
-2
-14
-21
-23
-20
-15
-8
3
17
26
35
41
40
35
28
21
16
11
7
1
-6
-9
-10
-6
0
8
20
32
39
36
26
14
5
3
0
-4
-10
-14
-13
-8
3
17
35
46
49
44
35
25
12
-4
-18
-26
-30
-29
-23
-10
9
27
43
53
59
62
64
60
49
31
15
1
-11
-21
-22
-13
3
15
24
33
47
53
50
40
31
25
19
9
-2
-10
-14
-14
-7
4
13
22
29
36
42
47
47
49
46
37
24
11
0
-12
-23
-27
-23
-12
3
22
42
56
61
56
45
28
8
-15
-33
-43
-48
-49
-46
-38
-24
-4
20
47
69
82
85
82
67
39
-1
-37
-60
-74
-84
-88
-81
-60
-30
5
39
69
91
100
98
83
54
20
-10
-34
-55
-76
-93
-93
-77
-50
-19
17
53
83
98
103
97
80
52
18
-14
-43
-67
-81
-79
-65
-47
-30
-12
7
22
32
43
58
69
65
52
31
10
-12
-31
-41
-41
-41
-48
-58
-57
-43
-20
0
19
37
51
56
51
45
39
34
22
3
-21
-43
-55
-56
-46
-34
-21
-8
5
18
27
32
33
30
22
12
6
5
8
7
4
-6
-18
-30
-32
-19
-1
14
19
16
11
6
8
17
30
40
43
35
22
4
-15
-29
-33
-33
-31
-32
-25
-13
4
18
32
46
60
65
56
35
7
-25
-57
-81
-84
-66
-35
-7
11
14
11
12
20
34
45
47
38
20
-3
-23
-32
-28
-17
-5
5
11
8
1
-3
-1
5
7
9
17
30
39
40
38
36
29
12
-7
-20
-27
-33
-41
-45
-43
-32
-18
3
28
49
55
47
31
17
7
1
-2
-6
-15
-27
-37
-40
-34
-20
-4
13
22
26
23
18
14
16
16
12
5
1
-2
-6
-10
-14
-12
-6
1
9
19
30
36
33
24
19
19
26
35
40
38
28
11
-10
-26
-33
-24
-5
12
24
24
19
9
4
6
19
33
38
32
16
1
-14
-26
-35
-37
-32
-24
-18
-15
-12
-5
5
14
20
27
33
36
34
23
8
-7
-16
-22
-23
-21
-17
-18
-22
-26
-18
-2
19
38
53
63
65
53
31
9
-4
-10
-17
-26
-32
-31
-24
-14
-6
7
21
34
35
29
26
26
22
11
-5
-13
-15
-17
-22
-20
-10
6
15
18
19
19
17
8
-4
-11
-7
5
17
27
38
45
43
23
2
-15
-17
-13
-7
0
7
12
12
9
13
27
42
51
51
41
24
4
-9
-12
-5
2
7
8
8
6
0
-5
-1
16
41
60
66
54
27
-8
-40
-53
-42
-15
9
21
14
-3
-28
-52
-57
-35
5
47
72
72
48
11
-24
-43
-40
-19
7
18
13
-8
-31
-47
-49
-32
0
33
54
53
41
26
18
15
19
31
42
42
22
-12
-45
-65
-72
-69
-53
-21
21
57
69
55
28
10
6
18
37
54
56
31
-17
-75
-123
-144
-130
-85
-25
26
56
65
61
61
69
83
98
99
77
33
-27
-91
-142
-159
-139
-96
-48
-7
30
64
85
94
105
124
142
142
116
71
13
-56
-127
-177
-188
-159
-109
-52
3
45
69
76
75
81
98
122
137
131
95
43
-17
-76
-129
-163
-168
-149
-117
-81
-36
20
75
117
142
152
148
127
93
54
12
-39
-97
-142
-162
-159
-147
-124
-80
-15
52
103
134
155
172
171
143
97
46
-7
-62
-118
-157
-162
-140
-111
-87
-59
-13
39
75
90
103
123
135
118
77
39
12
-24
-81
-136
-162
-151
-125
-93
-46
17
74
99
95
90
95
96
78
49
24
4
-25
-70
-109
-123
-111
-93
-69
-32
20
69
96
107
115
118
104
72
42
24
-1
-48
-101
-130
-121
-95
-70
-47
-14
22
43
46
47
62
90
108
103
81
48
4
-50
-98
-115
-99
-72
-58
-56
-47
-24
-1
8
21
53
96
124
121
101
77
49
4
-48
-86
-97
-90
-75
-54
-35
-19
-13
-8
16
60
110
141
139
107
60
12
-29
-55
-68
-69
-68
-67
-68
-61
-38
-5
27
47
58
63
68
69
63
49
26
-4
-30
-47
-53
-52
-43
-35
-32
-34
-31
-16
10
38
60
73
75
63
41
23
16
13
3
-10
-19
-23
-28
-37
-40
-28
-7
10
18
22
32
43
49
49
40
27
10
-6
-17
-24
-33
-46
-56
-58
-50
-33
-10
17
38
49
52
54
58
61
56
47
35
15
-10
-38
-58
-65
-64
-66
-69
-60
-34
1
34
56
70
74
65
50
41
41
39
27
6
-16
-40
-67
-87
-90
-71
-40
-13
5
21
38
52
57
56
55
55
51
33
6
-18
-35
-49
-63
-65
-53
-33
-19
-12
-3
13
27
31
30
37
49
51
40
22
10
1
-14
-30
-35
-28
-19
-20
-24
-20
-4
12
21
30
44
60
61
46
29
16
3
-11
-23
-23
-17
-11
-9
-7
1
10
15
20
31
37
36
26
9
-6
-16
-18
-14
-9
-5
-4
-6
-7
-8
-4
10
30
45
53
51
47
37
22
8
0
-3
-9
-17
-21
-18
-14
-13
-11
-3
12
29
44
58
66
61
46
29
14
1
-8
-15
-16
-17
-26
-38
-48
-44
-27
-4
15
24
27
27
26
28
32
31
25
9
-4
-11
-12
-13
-18
-25
-32
-35
-28
-10
13
28
23
5
-8
-8
2
14
22
28
27
15
-2
-13
-14
-7
4
15
24
28
18
0
-16
-21
-15
-2
8
10
6
6
15
24
24
13
1
-8
-13
-13
-8
1
6
5
-2
-3
6
23
40
45
39
22
4
-9
-15
-16
-23
-37
-51
-48
-18
25
55
64
61
63
69
64
45
25
18
16
7
-13
-28
-27
-20
-20
-28
-30
-24
-15
-6
7
25
40
39
22
4
-1
4
9
10
11
12
8
-7
-23
-23
-8
7
8
-2
-8
-3
5
4
-4
-5
4
14
12
5
7
19
25
19
4
-4
-8
-15
-24
-27
-20
-13
-12
-6
8
24
32
27
20
17
12
2
-9
-16
-12
-8
-6
-5
0
10
21
28
27
24
22
24
24
20
9
1
-1
1
0
2
12
24
30
25
19
22
28
26
10
-6
-10
-2
6
8
10
19
32
35
29
17
17
26
37
43
41
35
21
7
-5
-12
-10
-9
-9
-7
3
14
18
13
13
23
37
39
24
6
5
16
27
23
16
18
30
37
33
24
23
26
23
16
10
7
1
-10
-19
-11
3
8
5
10
28
45
36
4
-20
-17
2
7
-2
2
28
52
41
6
-19
-18
-9
-13
-24
-26
-17
-14
-17
-15
-4
2
-10
-21
-14
12
33
33
24
23
27
21
2
-8
-1
17
22
2
-24
-37
-32
-22
-13
-6
-1
3
4
5
6
9
12
14
15
7
-8
-19
-17
-4
10
20
24
26
22
14
2
-5
-7
-8
-9
-6
1
9
13
11
7
3
4
13
23
26
21
17
23
29
23
4
-11
-13
-2
8
14
15
16
18
22
28
28
20
15
22
41
51
38
14
1
3
7
4
-6
-9
-4
3
7
15
27
38
39
31
23
15
5
-3
-5
4
19
27
24
13
9
8
5
-3
-8
-5
4
11
13
13
13
15
13
8
3
6
17
37
53
55
37
4
-25
-34
-27
-15
-10
-10
-5
4
5
-7
-25
-26
-5
27
45
45
33
20
13
9
2
-14
-38
-50
-42
-15
9
16
8
8
24
40
34
8
-18
-21
-3
15
17
7
1
4
10
9
4
3
6
7
4
0
-5
-14
-23
-26
-15
1
11
17
21
31
43
42
35
27
22
15
2
-14
-24
-22
-10
3
6
-2
-12
-17
-14
-8
-3
-1
2
13
32
50
55
39
9
