13
14
15
15
14
15
13
14
13
14
15
14
13
14
15
16
19
22
23
20
14
11
13
15
16
14
14
16
20
21
20
17
12
12
16
22
24
24
24
23
20
15
13
12
15
15
14
13
14
15
15
16
19
22
23
19
13
11
13
16
15
13
13
13
8
4
3
4
5
4
3
5
6
4
4
5
6
4
3
4
5
5
4
4
5
6
4
5
5
4
4
3
5
5
4
4
5
6
6
9
14
16
13
8
3
1
4
5
5
4
4
5
5
4
3
4
5
4
4
5
5
3
4
5
5
4
4
5
5
5
4
4
5
5
4
4
5
5
3
4
6
5
4
4
6
5
3
4
7
10
11
13
14
13
6
2
3
8
13
16
16
14
15
16
14
14
12
14
15
15
14
13
14
16
15
15
18
21
26
26
25
23
22
19
14
12
14
15
15
13
13
15
15
13
13
15
15
15
16
20
25
26
23
18
14
13
13
15
16
16
14
13
14
15
14
14
15
14
14
14
14
9
4
1
3
5
5
3
0
-1
-2
-3
0
7
12
15
14
14
14
13
13
13
10
4
1
3
5
5
4
4
6
4
4
7
12
16
15
12
12
11
9
3
3
5
5
4
3
2
-1
-2
-3
2
11
14
13
10
12
16
20
22
21
20
21
21
17
14
13
15
20
22
23
21
19
20
21
25
26
27
27
26
25
26
26
25
21
17
14
14
17
22
25
27
27
25
26
26
26
26
25
27
26
27
26
26
26
23
19
15
13
14
16
11
7
6
11
18
22
25
24
23
17
13
12
15
16
16
14
16
19
22
23
25
23
18
13
12
15
18
17
16
20
26
28
25
17
14
15
15
15
15
15
16
15
14
13
11
7
4
3
5
5
4
4
5
4
4
4
5
5
4
3
0
-2
-2
1
5
7
9
13
16
13
5
0
2
6
7
5
6
13
17
15
12
13
14
12
6
1
3
7
12
15
16
15
13
13
15
15
14
13
14
15
14
13
14
15
17
19
23
26
26
24
24
25
26
25
24
24
25
25
24
25
24
25
24
24
24
25
24
25
24
25
25
25
25
25
24
24
23
24
21
16
15
21
27
28
24
22
24
26
26
24
24
25
25
25
26
30
31
29
24
22
20
18
15
13
15
16
15
14
14
15
15
12
8
5
3
4
6
6
4
3
4
5
3
-2
-3
0
6
6
4
3
5
6
6
10
13
17
14
5
2
3
6
8
10
13
16
15
14
13
14
12
9
3
2
4
9
13
15
14
14
13
14
15
15
12
7
5
6
12
19
24
24
24
24
21
17
14
12
13
18
23
28
31
32
30
26
24
23
22
17
12
12
15
18
18
19
22
27
26
20
12
5
4
4
9
13
17
17
16
15
16
13
6
1
3
5
6
4
4
8
14
17
16
15
15
13
9
5
2
3
7
13
15
16
15
15
16
14
11
5
3
4
5
6
5
5
4
5
5
4
5
4
5
6
10
16
17
14
13
14
14
9
3
0
-1
0
2
8
17
23
21
19
17
18
15
9
6
10
14
19
20
19
15
10
9
11
12
11
10
7
4
2
3
5
7
6
7
10
14
16
12
4
3
7
13
16
14
14
13
14
12
6
3
3
4
5
5
4
5
5
4
4
5
5
4
4
5
4
4
4
5
5
5
7
12
14
10
4
1
4
8
9
12
18
26
26
22
17
12
7
2
2
8
13
16
14
13
13
16
14
10
6
4
2
4
5
5
4
4
5
5
5
4
5
5
4
4
4
5
5
6
9
14
17
15
13
14
14
15
14
12
16
16
16
15
13
13
13
15
18
22
25
26
25
22
19
18
19
23
26
25
19
13
11
12
17
19
21
23
26
26
23
23
25
26
25
23
25
30
32
26
19
12
11
10
11
13
17
21
22
21
20
19
20
20
20
19
21
20
17
14
10
9
9
11
11
12
12
11
9
8
4
1
2
8
12
15
15
15
12
9
4
3
4
6
4
4
5
6
4
3
5
5
4
4
4
5
5
4
6
11
15
16
14
12
11
9
5
3
3
9
13
15
15
14
15
13
7
4
3
5
7
10
15
16
16
14
13
12
7
2
2
5
6
4
4
5
5
5
4
7
11
14
15
14
14
13
14
16
19
23
25
27
25
24
25
24
23
19
15
12
12
15
16
15
16
18
22
27
26
25
24
28
33
32
27
24
25
26
22
16
13
15
19
23
25
23
17
11
11
16
19
17
14
13
15
17
15
13
16
17
15
11
7
5
4
4
7
11
13
14
11
8
3
2
5
6
8
10
13
16
13
8
2
2
1
0
-3
-4
-2
-1
-2
0
3
6
8
10
13
16
16
13
11
13
14
14
11
10
7
2
2
4
6
5
4
7
13
17
18
18
22
25
27
23
18
13
8
3
2
4
5
5
3
3
5
5
4
4
9
12
15
15
14
13
14
13
13
13
13
14
14
13
14
14
15
14
14
18
22
26
26
24
23
23
25
26
24
24
24
26
26
23
19
15
13
12
11
10
7
4
4
9
15
17
17
21
23
22
15
10
10
11
7
1
2
5
7
4
2
4
7
5
3
8
15
17
15
14
19
25
27
26
24
23
22
17
13
12
13
13
11
7
8
12
17
21
21
24
26
26
25
24
24
26
25
23
24
23
22
20
19
17
14
13
19
26
28
25
23
24
25
25
22
24
24
21
15
11
8
7
4
3
5
6
5
3
5
5
5
3
6
12
16
15
13
11
8
5
2
4
5
5
4
4
5
5
6
10
15
16
15
14
16
23
26
25
23
23
24
21
16
13
12
14
13
14
13
13
13
16
20
24
28
24
22
23
25
24
21
17
13
12
13
14
15
13
11
13
18
23
24
24
25
25
26
28
30
30
27
23
24
25
23
16
13
13
15
16
16
16
17
13
10
7
5
3
4
6
8
12
14
16
16
16
14
15
16
15
14
13
10
6
2
4
6
6
4
3
4
6
10
13
17
18
15
14
15
17
16
13
14
17
15
10
6
5
5
4
5
7
10
13
13
8
4
2
5
6
4
3
4
5
5
3
4
6
5
0
-2
-1
3
5
4
4
6
11
14
15
15
13
13
13
14
13
14
14
11
8
3
2
5
6
4
3
2
4
3
3
3
7
11
14
15
16
15
14
12
8
4
3
4
6
6
5
4
6
7
10
14
16
18
17
21
26
29
28
28
30
29
22
15
10
9
6
1
0
4
8
10
13
19
24
25
25
24
25
26
25
24
24
25
23
20
15
13
13
14
14
15
13
14
15
20
27
31
31
29
25
23
20
16
14
13
11
6
2
3
5
6
4
3
5
10
14
16
19
20
22
24
25
20
13
9
10
8
4
1
2
2
-1
-2
1
7
10
11
16
23
27
25
23
22
22
18
13
11
13
11
5
0
2
6
7
6
8
14
21
23
23
25
29
31
27
20
15
12
11
6
1
-2
-3
-2
-2
0
5
10
13
14
16
21
25
25
24
22
23
23
18
13
11
11
13
14
11
7
5
5
8
15
19
23
26
29
32
32
30
27
25
25
24
23
20
14
10
6
5
4
5
8
14
17
17
15
15
20
24
26
26
26
26
24
24
19
15
13
11
9
6
3
3
6
9
10
15
20
22
19
14
11
14
17
17
15
14
12
8
5
4
5
5
5
5
6
11
16
17
15
15
15
16
16
15
14
14
11
6
2
3
5
7
10
14
16
16
16
17
22
25
27
27
25
25
25
23
20
14
12
15
17
16
14
14
15
16
15
13
15
17
15
13
15
17
15
14
15
16
16
13
13
15
12
5
3
5
6
6
4
7
13
17
16
15
14
16
15
15
15
15
15
15
14
14
10
7
4
4
8
11
15
19
21
24
27
26
26
26
26
26
25
24
23
22
17
12
6
-2
-5
-2
3
6
5
8
16
26
29
27
24
21
20
18
14
10
4
0
-2
-3
-1
1
4
9
12
17
21
25
28
30
29
28
26
25
25
24
26
22
17
11
7
4
4
6
6
5
4
6
8
13
17
18
16
16
20
26
28
24
18
16
20
23
23
17
8
3
5
11
17
19
18
21
25
27
27
27
30
32
29
27
25
26
27
26
26
24
20
14
9
7
5
4
4
4
6
6
9
14
17
18
19
21
26
27
26
22
19
16
14
14
13
9
4
3
4
6
6
3
4
5
6
8
12
17
21
22
24
26
27
23
18
11
5
1
-1
-2
-1
-1
0
0
-2
-1
2
7
8
4
4
10
18
23
24
25
25
25
25
24
22
18
12
6
5
5
4
4
5
7
10
15
20
25
29
30
31
28
26
23
23
23
21
16
13
14
17
19
19
21
20
17
13
16
22
28
30
29
30
31
29
25
21
16
9
4
4
9
16
18
17
17
23
28
27
26
24
26
25
20
16
19
24
25
19
13
11
12
14
14
15
16
18
21
24
25
21
15
12
16
22
26
25
20
15
14
14
15
16
16
20
32
50
69
80
78
70
57
44
25
2
-21
-39
-49
-51
-50
-48
-45
-40
-32
-20
-4
15
37
60
80
95
97
80
43
-2
-47
-82
-111
-135
-152
-152
-134
-103
-71
-40
-15
12
43
74
95
100
96
93
95
93
75
36
-17
-66
-110
-148
-180
-202
-210
-204
-184
-158
-133
-109
-77
-28
34
89
132
164
195
228
260
287
316
347
373
382
376
355
314
235
115
-28
-164
-276
-362
-416
-426
-375
-269
-131
7
127
224
297
337
327
264
160
37
-86
-202
-311
-406
-474
-496
-475
-425
-365
-308
-249
-184
-107
-27
47
106
150
176
184
161
111
46
-12
-59
-110
-172
-239
-288
-308
-296
-258
-201
-133
-74
-52
-69
-98
-92
-12
165
459
881
1404
1908
2208
2151
1719
1030
253
-497
-1169
-1729
-2099
-2190
-1958
-1460
-830
-210
326
777
1152
1411
1486
1349
1070
754
476
244
42
-125
-241
-318
-396
-513
-673
-847
-1000
-1100
-1125
-1063
-909
-651
-300
110
520
887
1188
1398
1479
1388
1131
768
358
-80
-538
-959
-1252
-1362
-1324
-1223
-1101
-927
-653
-304
27
268
427
579
781
1016
1197
1255
1198
1100
1015
908
700
365
-28
-408
-776
-1172
-1555
-1792
-1782
-1555
-1219
-830
-363
183
722
1129
1354
1422
1369
1194
886
454
-44
-523
-893
-1128
-1265
-1355
-1385
-1292
-1060
-776
-546
-395
-252
-70
106
201
219
235
295
368
409
431
462
443
269
-95
-549
-937
-1160
-1152
-842
-194
727
1789
2829
3606
3783
3152
1908
584
-446
-1277
-2171
-3034
-3379
-2883
-1793
-703
29
518
1052
1676
2116
2074
1539
833
338
186
222
238
186
142
127
46
-176
-502
-851
-1187
-1526
-1831
-1984
-1858
-1434
-810
-128
527
1155
1739
2173
2315
2140
1765
1302
719
-63
-958
-1683
-1988
-1882
-1619
-1459
-1440
-1377
-1067
-526
-10
229
224
293
682
1275
1701
1739
1533
1367
1306
1147
704
43
-592
-1026
-1257
-1363
-1374
-1262
-1008
-660
-304
1
251
476
679
826
891
891
846
728
490
165
-127
-314
-446
-621
-838
-977
-945
-783
-622
-566
-607
-648
-591
-417
-224
-134
-152
-145
3
239
400
401
307
200
65
-156
-434
-680
-844
-941
-990
-993
-1004
-1092
-1264
-1437
-1471
-1201
-466
736
2153
3470
4603
5590
6103
5416
3234
330
-2078
-3614
-4939
-6458
-7378
-6550
-4052
-1332
343
1113
1968
3308
4477
4622
3681
2376
1439
1012
748
355
-70
-252
-188
-240
-722
-1533
-2315
-2878
-3315
-3692
-3840
-3503
-2629
-1382
21
1426
2739
3871
4683
4986
4657
3804
2696
1469
6
-1744
-3394
-4298
-4205
-3575
-3100
-2971
-2750
-1993
-826
147
489
401
522
1273
2407
3231
3294
2840
2507
2577
2627
2002
591
-1029
-2200
-2831
-3283
-3748
-3965
-3574
-2582
-1325
-104
1017
2062
2959
3541
3700
3451
2909
2209
1403
463
-580
-1526
-2117
-2315
-2353
-2432
-2433
-2100
-1446
-829
-543
-472
-261
209
686
880
805
719
788
926
952
801
544
279
23
-260
-606
-1008
-1401
-1686
-1782
-1692
-1493
-1258
-991
-662
-286
70
335
471
442
215
-181
-598
-813
-620
97
1351
3024
4846
6408
7219
6846
5135
2468
-309
-2447
-3870
-5052
-6229
-6874
-6190
-4091
-1445
706
2036
2953
3878
4689
4855
4025
2448
856
-121
-423
-458
-563
-686
-621
-430
-410
-749
-1341
-1995
-2623
-3172
-3472
-3299
-2573
-1416
-58
1301
2548
3634
4476
4887
4677
3863
2685
1362
-93
-1697
-3201
-4153
-4307
-3876
-3290
-2807
-2360
-1747
-904
-11
623
861
943
1288
2043
2861
3256
3126
2810
2595
2360
1727
562
-822
-1944
-2582
-2882
-3072
-3140
-2871
-2181
-1288
-477
193
867
1579
2151
2429
2482
2439
2249
1750
942
52
-711
-1338
-1904
-2379
-2633
-2598
-2329
-1917
-1448
-1005
-631
-265
187
677
1007
1054
955
936
1019
988
677
179
-266
-544
-726
-931
-1178
-1400
-1528
-1537
-1431
-1248
-1050
-902
-820
-742
-593
-346
-9
481
1258
2439
4007
5743
7180
7642
6564
4053
1040
-1409
-3041
-4472
-6135
-7448
-7332
-5492
-2853
-603
893
2089
3398
4621
5199
4811
3674
2356
1325
626
7
-639
-1078
-1092
-884
-900
-1293
-1815
-2244
-2639
-3064
-3317
-3143
-2553
-1720
-662
698
2217
3509
4293
4565
4408
3847
2945
1830
537
-992
-2590
-3744
-4047
-3686
-3243
-3039
-2865
-2359
-1457
-430
386
800
915
1093
1648
2452
2998
2980
2642
2405
2278
1879
1006
-81
-993
-1620
-2078
-2431
-2605
-2529
-2203
-1663
-991
-339
171
580
1021
1503
1841
1866
1633
1347
1117
852
430
-127
-652
-1037
-1308
-1550
-1760
-1863
-1829
-1725
-1606
-1431
-1137
-768
-441
-188
102
530
1035
1433
1594
1522
1289
954
538
64
-422
-880
-1295
-1648
-1890
-1977
-1938
-1857
-1797
-1719
-1551
-1222
-622
409
1944
3835
5792
7518
8619
8494
6700
3592
310
-2213
-4098
-6023
-7924
-8695
-7457
-4761
-2117
-402
829
2402
4274
5547
5518
4428
3118
2151
1433
620
-313
-996
-1139
-908
-763
-976
-1435
-1919
-2386
-2919
-3493
-3903
-3901
-3326
-2154
-530
1234
2832
4113
5056
5582
5524
4783
3438
1646
-425
-2497
-4114
-4873
-4772
-4220
-3637
-3098
-2385
-1349
-175
739
1134
1135
1143
1427
1867
2140
2159
2198
2510
2894
2840
2097
952
-131
-1014
-1887
-2833
-3601
-3847
-3478
-2652
-1559
-331
871
1843
2474
2807
2895
2684
2108
1279
451
-192
-679
-1107
-1469
-1675
-1674
-1493
-1179
-812
-562
-600
-893
-1183
-1255
-1154
-1052
-958
-688
-142
524
1084
1471
1725
1814
1637
1197
644
101
-461
-1090
-1708
-2142
-2285
-2163
-1884
-1579
-1356
-1235
-1129
-971
-788
-577
-119
931
2701
4922
7101
8710
9180
8017
5283
1871
-1089
-3238
-5125
-7141
-8639
-8509
-6526
-3722
-1303
437
2006
3737
5279
5966
5485
4156
2661
1505
690
-83
-881
-1358
-1234
-793
-652
-1070
-1720
-2211
-2545
-2938
-3377
-3575
-3289
-2470
-1193
382
1983
3338
4313
4879
4975
4551
3680
2471
897
-1049
-3009
-4342
-4699
-4374
-3910
-3504
-2948
-2041
-857
321
1161
1441
1288
1200
1594
2272
2644
2493
2265
2379
2535
2049
809
-507
-1243
-1487
-1821
-2483
-3090
-3123
-2477
-1467
-480
303
896
1402
1893
2304
2411
2025
1260
502
43
-218
-597
-1171
-1653
-1755
-1536
-1286
-1155
-1059
-908
-759
-685
-669
-692
-785
-872
-703
-122
644
1170
1305
1282
1332
1346
1079
517
-119
-652
-1086
-1456
-1703
-1736
-1560
-1296
-1111
-1106
-1221
-1291
-1202
-928
-372
711
2486
4749
6992
8673
9290
8375
5830
2340
-945
-3375
-5259
-7080
-8508
-8596
-6951
-4286
-1693
383
2204
4007
5474
6026
5450
4135
2693
1430
276
-801
-1517
-1561
-1101
-696
-698
-947
-1162
-1405
-1903
-2601
-3144
-3292
-3074
-2538
-1590
-216
1349
2801
3998
4883
5311
5113
4268
2897
1133
-860
-2744
-4088
-4660
-4578
-4139
-3541
-2805
-1869
-753
352
1142
1435
1393
1399
1673
2024
2105
1884
1725
1925
2253
2152
1388
352
-426
-894
-1429
-2216
-2927
-3112
-2675
-1850
-877
110
962
1547
1878
2033
1932
1424
640
-14
-315
-472
-751
-1028
-993
-673
-437
-474
-565
-479
-367
-531
-976
-1404
-1592
-1584
-1483
-1244
-756
-38
727
1332
1691
1833
1803
1551
1002
200
-625
-1238
-1600
-1839
-2001
-1959
-1605
-1079
-674
-536
-553
-574
-606
-682
-604
-2
1326
3223
5339
7261
8391
7994
5798
2520
-606
-2980
-5006
-7092
-8642
-8523
-6483
-3587
-1087
765
2493
4314
5713
6077
5362
4023
2502
990
-416
-1555
-2229
-2359
-2045
-1509
-974
-603
-516
-781
-1329
-1982
-2577
-3024
-3170
-2755
-1670
-181
1299
2612
3817
4764
5059
4540
3510
2289
812
-1063
-3013
-4397
-4899
-4712
-4128
-3251
-2181
-1121
-143
833
1675
1940
1481
870
819
1274
1535
1299
1085
1399
1912
1867
1115
248
-255
-562
-1045
-1657
-2012
-1930
-1559
-1073
-513
47
422
535
549
623
667
493
163
-40
26
176
178
58
2
52
34
-182
-513
-801
-1004
-1190
-1383
-1524
-1561
-1500
-1343
-1039
-533
130
806
1339
1661
1804
1808
1647
1249
615
-124
-794
-1302
-1655
-1876
-1945
-1845
-1630
-1401
-1216
-1075
-951
-812
-549
46
1157
2796
4774
6744
8144
8248
6606
3632
515
-1806
-3485
-5270
-7142
-8004
-6950
-4499
-2060
-326
1205
3089
4893
5700
5258
4169
3022
1844
504
-787
-1627
-1891
-1769
-1461
-1038
-582
-284
-337
-778
-1468
-2189
-2735
-2965
-2810
-2235
-1250
53
1483
2831
3910
4552
4619
4088
3051
1615
-133
-1986
-3532
-4379
-4473
-4078
-3454
-2656
-1663
-572
421
1144
1511
1517
1286
1036
905
869
888
1042
1380
1692
1636
1140
505
41
-290
-698
-1196
-1566
-1666
-1562
-1349
-1014
-571
-162
84
195
265
289
247
254
445
682
636
235
-182
-283
-180
-233
-513
-737
-735
-724
-972
-1382
-1624
-1575
-1407
-1252
-997
-505
146
747
1181
1455
1554
1454
1202
878
472
-77
-700
-1194
-1424
-1470
-1474
-1479
-1465
-1442
-1445
-1443
-1381
-1222
-867
-75
1367
3392
5622
7542
8588
8218
6236
3148
-80
-2837
-5213
-7367
-8771
-8580
-6711
-4131
-1847
54
2062
4185
5693
5949
5115
3864
2639
1432
173
-957
-1687
-1950
-1877
-1586
-1128
-649
-450
-741
-1389
-2047
-2530
-2896
-3112
-2874
-1941
-509
950
2223
3412
4470
4993
4679
3745
2612
1330
-340
-2300
-3915
-4596
-4386
-3800
-3227
-2624
-1764
-607
563
1345
1558
1426
1346
1441
1470
1253
1003
1047
1337
1479
1262
891
608
335
-127
-723
-1193
-1421
-1502
-1507
-1383
-1137
-895
-701
-401
122
710
1069
1092
949
826
721
527
196
-206
-571
-837
-993
-1045
-1010
-927
-885
-968
-1157
-1328
-1377
-1309
-1170
-930
-518
49
649
1170
1559
1762
1711
1414
988
535
56
-477
-1005
-1399
-1603
-1678
-1729
-1819
-1946
-2052
-2033
-1785
-1212
-224
1254
3203
5437
7555
8955
8983
7328
4357
965
-2115
-4747
-7051
-8728
-9069
-7735
-5273
-2664
-425
1602
3658
5490
6488
6270
5006
3247
1531
134
-899
-1612
-2023
-2121
-1916
-1471
-929
-525
-498
-933
-1672
-2444
-3040
-3320
-3146
-2428
-1257
146
1631
3132
4454
5238
5257
4630
3576
2099
132
-2050
-3824
-4743
-4886
-4613
-4107
-3322
-2225
-925
357
1338
1770
1705
1561
1703
1960
1833
1238
760
904
1388
1480
939
236
-172
-410
-807
-1318
-1624
-1661
-1642
-1622
-1378
-808
-175
250
541
904
1260
1330
1068
737
516
274
-163
-681
-1021
-1095
-1028
-931
-805
-657
-559
-551
-613
-757
-1016
-1307
-1423
-1263
-952
-647
-285
317
1130
1823
2072
1877
1493
1104
662
30
-778
-1554
-2070
-2261
-2217
-2064
-1868
-1678
-1557
-1486
-1274
-648
497
2046
3856
5849
7742
8771
8069
5546
2235
-575
-2569
-4468
-6735
-8579
-8657
-6670
-3783
-1339
451
2239
4247
5795
6140
5327
3989
2579
1167
-187
-1225
-1753
-1848
-1718
-1495
-1244
-1052
-984
-1046
-1275
-1753
-2414
-2945
-2997
-2489
-1603
-484
843
2305
3617
4476
4773
4581
3935
2770
1099
-841
-2626
-3888
-4474
-4469
-4075
-3460
-2669
-1677
-545
484
1115
1280
1262
1414
1756
1943
1721
1314
1177
1403
1569
1272
613
7
-380
-739
-1180
-1476
-1388
-1042
-792
-768
-781
-661
-454
-232
65
474
814
859
654
462
400
310
37
-324
-569
-660
-692
-696
-612
-489
-505
-736
-1036
-1238
-1356
-1480
-1546
-1378
-935
-368
204
821
1502
2056
2211
1925
1420
905
363
-334
-1153
-1862
-2258
-2356
-2309
-2191
-1976
-1674
-1411
-1188
-711
431
2336
4655
6886
8581
9252
8377
5876
2483
-727
-3306
-5564
-7641
-8843
-8341
-6302
-3817
-1695
220
2360
4512
5958
6289
5702
4552
3010
1247
-356
-1412
-1870
-1980
-1962
-1823
-1468
-965
-609
-717
-1307
-2049
-2541
-2648
-2472
-2069
-1359
-304
967
2252
3404
4264
4632
4399
3647
2507
983
-886
-2765
-4097
-4553
-4273
-3676
-3063
-2434
-1600
-460
752
1548
1670
1442
1444
1763
1887
1470
904
827
1235
1493
1208
653
218
-166
-766
-1493
-1964
-2031
-1887
-1665
-1254
-612
14
397
620
886
1152
1188
966
697
486
167
-388
-978
-1258
-1150
-893
-731
-684
-638
-549
-464
-428
-478
-654
-942
-1215
-1305
-1154
-854
-514
-128
366
921
1345
1464
1298
1034
816
583
167
-484
-1194
-1713
-1942
-1977
-1963
-1943
-1881
-1765
-1566
-1095
-49
1712
3982
6311
8204
9137
8575
6361
3124
-54
-2630
-4951
-7350
-9147
-9145
-7120
-4255
-1821
119
2249
4629
6388
6773
5958
4601
3057
1353
-323
-1545
-2084
-2107
-1918
-1654
-1308
-926
-662
-721
-1219
-2025
-2742
-2963
-2611
-1956
-1235
-361
872
2409
3853
4762
4969
4591
3800
2647
1070
-886
-2880
-4344
-4852
-4475
-3723
-3069
-2527
-1759
-582
695
1518
1674
1493
1435
1562
1573
1302
997
1004
1285
1445
1194
655
160
-161
-472
-937
-1443
-1690
-1534
-1177
-934
-872
-757
-384
152
574
759
827
932
1037
958
587
28
-465
-708
-737
-749
-864
-974
-902
-673
-527
-633
-886
-1029
-956
-772
-627
-558
-510
-393
-120
339
867
1258
1404
1407
1396
1320
1008
404
-366
-1153
-1876
-2419
-2609
-2422
-2107
-1949
-1919
-1673
-900
433
2209
4332
6616
8560
9372
8436
5851
2527
-449
-2683
-4652
-6812
-8621
-8851
-6988
-4022
-1439
344
2050
4151
5981
6561
5814
4491
3129
1662
63
-1221
-1780
-1814
-1818
-1878
-1673
-1131
-700
-836
-1486
-2233
-2760
-2973
-2811
-2187
-1161
32
1217
2405
3583
4511
4876
4604
3854
2716
1109
-910
-2895
-4253
-4737
-4585
-4159
-3597
-2812
-1723
-410
859
1722
1980
1824
1680
1742
1765
1464
994
793
975
1147
932
430
-14
-326
-721
-1267
-1712
-1797
-1559
-1186
-765
-295
122
348
419
519
717
857
786
573
369
162
-175
-606
-886
-878
-768
-826
-1036
-1115
-916
-657
-647
-892
-1105
-1074
-873
-688
-565
-390
-74
345
773
1150
1431
1548
1431
1083
605
117
-352
-852
-1392
-1850
-2065
-2016
-1857
-1751
-1724
-1661
-1390
-722
523
2413
4765
7118
8828
9260
8080
5553
2485
-363
-2856
-5301
-7636
-9053
-8714
-6733
-4138
-1828
159
2228
4352
5927
6419
5879
4736
3324
1752
170
-1115
-1865
-2159
-2267
-2296
-2084
-1533
-937
-788
-1232
-1893
-2291
-2310
-2120
-1778
-1137
-126
1102
2329
3441
4325
4769
4614
3902
2746
1145
-867
-2931
-4446
-5030
-4805
-4193
-3506
-2733
-1690
-318
1106
2079
2325
2119
1994
2091
2029
1521
868
588
723
839
669
393
202
-72
-635
-1307
-1707
-1753
-1680
-1574
-1238
-586
100
507
697
942
1262
1382
1151
755
417
98
-353
-863
-1181
-1220
-1185
-1240
-1247
-968
-474
-154
-277
-656
-880
-772
-528
-404
-423
-430
-307
-48
328
791
1208
1378
1244
965
737
529
129
-555
-1328
-1884
-2097
-2064
-1935
-1796
-1694
-1651
-1549
-1081
40
1810
3959
6165
8079
9128
8610
6332
3048
-93
-2617
-4919
-7248
-8900
-8841
-6999
-4433
-2146
-180
1908
4079
5730
6413
6188
5274
3776
1902
141
-1056
-1659
-1945
-2074
-2007
-1734
-1419
-1241
-1269
-1507
-1937
-2421
-2695
-2557
-2035
-1282
-338
872
2321
3719
4651
4877
4486
3732
2723
1325
-546
-2582
-4156
-4830
-4736
-4335
-3876
-3194
-2049
-537
897
1813
2117
2075
2034
2061
1914
1425
859
689
970
1198
919
309
-130
-297
-566
-1134
-1680
-1828
-1648
-1404
-1070
-440
357
885
964
895
970
1059
892
507
148
-155
-566
-1047
-1293
-1152
-859
-708
-652
-462
-153
-20
-255
-684
-975
-993
-850
-709
-621
-529
-336
44
613
1221
1628
1682
1457
1141
810
393
-177
-821
-1397
-1813
-2023
-2001
-1821
-1676
-1682
-1694
-1472
-1016
-509
74
1107
2877
5175
7395
8873
8991
7330
4145
574
-2192
-4058
-5892
-8006
-9298
-8456
-5706
-2671
-497
1206
3289
5584
7043
7054
5988
4479
2763
914
-739
-1833
-2389
-2680
-2750
-2412
-1690
-1001
-770
-1047
-1578
-2101
-2465
-2546
-2254
-1624
-750
352
1711
3183
4377
4915
4766
4209
3438
2285
495
-1771
-3821
-4969
-5107
-4686
-4160
-3565
-2635
-1219
459
1883
2578
2490
2080
1900
2001
1922
1365
704
543
886
1094
736
113
-274
-458
-843
-1487
-1966
-1991
-1773
-1584
-1302
-654
255
991
1341
1490
1648
1723
1498
967
308
-328
-873
-1258
-1449
-1513
-1533
-1443
-1114
-628
-275
-241
-373
-400
-274
-165
-176
-218
-180
-64
108
372
726
1003
1017
807
604
521
396
15
-604
-1234
-1671
-1878
-1909
-1832
-1716
-1590
-1400
-1076
-679
-304
174
1130
2827
5081
7318
8833
8968
7353
4323
957
-1741
-3763
-5826
-8032
-9290
-8479
-5892
-2993
-778
1063
3204
5465
6928
7014
5984
4423
2672
884
-695
-1802
-2413
-2692
-2725
-2441
-1840
-1164
-754
-788
-1188
-1744
-2239
-2480
-2329
-1761
-877
223
1532
2992
4292
4972
4849
4205
3395
2359
769
-1371
-3466
-4818
-5218
-4962
-4409
-3674
-2666
-1294
332
1791
2557
2475
2024
1836
1973
1917
1343
629
355
539
696
530
234
31
-201
-652
-1173
-1461
-1508
-1568
-1683
-1548
-959
-156
467
813
1062
1275
1300
1068
740
440
65
-500
-1087
-1399
-1405
-1349
-1355
-1241
-839
-339
-85
-141
-267
-307
-377
-578
-764
-714
-428
-62
334
788
1206
1393
1344
1256
1201
935
239
-709
-1482
-1887
-2059
-2158
-2170
-2034
-1776
-1441
-1046
-663
-361
52
1050
2928
5394
7697
9072
8972
7187
4106
773
-1827
-3697
-5613
-7766
-9085
-8365
-5841
-3010
-868
978
3233
5551
6826
6586
5437
4117
2696
988
-734
-1905
-2390
-2570
-2687
-2504
-1802
-922
-522
-863
-1573
-2106
-2245
-2112
-1872
-1529
-937
80
1539
3143
4371
4885
4798
4422
3787
2566
557
-1883
-3983
-5143
-5305
-4873
-4289
-3670
-2765
-1337
402
1815
2401
2283
2021
1954
1909
1569
974
498
442
739
1045
1046
665
78
-464
-826
-1061
-1274
-1468
-1555
-1459
-1149
-651
-69
430
766
1014
1254
1370
1159
629
43
-382
-668
-903
-1049
-1072
-1066
-1086
-964
-560
-118
-67
-459
-845
-871
-725
-783
-1018
-1049
-693
-148
381
909
1420
1689
1550
1193
882
558
-56
-938
-1690
-2010
-2010
-1954
-1871
-1653
-1344
-1124
-1049
-984
-769
-274
700
2336
4553
6876
8568
8902
7493
4645
1313
-1612
-4048
-6460
-8733
-9792
-8723
-6015
-3146
-954
1006
3373
5768
7132
6972
5772
4230
2581
811
-849
-2022
-2612
-2830
-2799
-2390
-1570
-707
-332
-617
-1251
-1833
-2234
-2506
-2585
-2245
-1356
-29
1519
3062
4319
4991
5002
4560
3812
2545
515
-1972
-4088
-5200
-5365
-5041
-4499
-3687
-2504
-995
611
1922
2542
2449
2115
2013
2043
1748
1057
482
433
668
689
436
207
61
-282
-909
-1485
-1715
-1737
-1802
-1786
-1352
-497
361
902
1219
1516
1729
1606
1088
393
-250
-762
-1143
-1358
-1422
-1421
-1399
-1243
-830
-279
75
28
-264
-473
-516
-620
-949
-1303
-1322
-898
-249
387
940
1367
1531
1376
1061
769
429
-165
-979
-1682
-1987
-1907
-1656
-1423
-1323
-1378
-1482
-1463
-1247
-849
-138
1201
3326
5909
8232
9540
9295
7371
4260
907
-2011
-4596
-7177
-9330
-9941
-8472
-5728
-3003
-724
1586
4164
6389
7445
7157
5931
4178
2133
100
-1510
-2471
-2865
-2892
-2629
-2065
-1264
-474
-74
-320
-1101
-1959
-2475
-2588
-2480
-2176
-1453
-127
1629
3356
4601
5153
5069
4520
3566
2084
-5
-2394
-4400
-5436
-5463
-4918
-4224
-3435
-2343
-832
852
2175
2691
2453
1998
1808
1812
1562
930
375
380
803
1054
832
388
21
-358
-935
-1546
-1838
-1775
-1655
-1591
-1303
-588
302
951
1292
1553
1772
1700
1212
540
-31
-490
-967
-1421
-1670
-1656
-1473
-1184
-781
-364
-141
-177
-293
-332
-384
-636
-1049
-1330
-1249
-845
-302
264
816
1279
1520
1479
1242
919
499
-110
-874
-1564
-1930
-1924
-1688
-1402
-1195
-1143
-1231
-1340
-1338
-1186
-815
37
1689
4122
6799
8932
9801
8944
6374
2847
-473
-2978
-5117
-7489
-9559
-9890
-7853
-4556
-1623
541
2694
5188
7203
7735
6762
5041
3131
1135
-784
-2177
-2768
-2789
-2615
-2286
-1620
-713
-78
-172
-929
-1836
-2432
-2637
-2595
-2359
-1793
-756
733
2479
4119
5197
5418
4931
4125
3099
1519
-779
-3237
-4926
-5454
-5216
-4728
-4038
-2950
-1499
26
1353
2272
2571
2261
1787
1641
1770
1660
1115
572
490
711
742
433
45
-269
-643
-1139
-1535
-1667
-1684
-1758
-1707
-1196
-249
666
1165
1329
1480
1680
1659
1198
425
-319
-834
-1166
-1428
-1614
-1644
-1465
-1076
-528
33
374
330
-10
-404
-708
-987
-1304
-1512
-1355
-768
37
779
1325
1676
1838
1769
1441
879
141
-683
-1456
-2014
-2238
-2135
-1838
-1530
-1332
-1221
-1100
-956
-886
-885
-641
305
2136
4571
7034
8865
9381
8087
5142
1488
-1841
-4580
-7079
-9285
-10285
-9231
-6475
-3330
-745
1406
3630
5817
7242
7349
6234
4393
2322
400
-1090
-2021
-2463
-2558
-2377
-1945
-1355
-808
-522
-636
-1133
-1802
-2328
-2495
-2292
-1821
-1085
26
1540
3193
4519
5167
5134
4635
3770
2411
463
-1818
-3860
-5137
-5475
-5078
-4333
-3534
-2673
-1514
5
1456
2219
2158
1810
1752
1929
1845
1314
744
612
880
1094
925
433
-143
-663
-1115
-1490
-1773
-1973
-2082
-1996
-1555
-737
235
1034
1495
1680
1703
1572
1244
742
148
-473
-1048
-1466
-1656
-1689
-1659
-1489
-1008
-296
249
322
70
-140
-235
-479
-989
-1465
-1509
-1091
-494
81
656
1241
1671
1764
1538
1147
667
48
-703
-1400
-1801
-1815
-1574
-1323
-1250
-1363
-1485
-1421
-1164
-904
-717
-288
878
2933
5469
7837
9449
9747
8248
5070
1259
-1954
-4309
-6488
-8739
-10045
-9178
-6311
-2977
-398
1571
3649
5804
7198
7209
6043
4290
2342
398
-1253
-2293
-2690
-2705
-2542
-2167
-1517
-792
-387
-538
-1140
-1884
-2481
-2757
-2624
-2095
-1241
-68
1470
3229
4703
5344
5103
4420
3616
2468
611
-1774
-3944
-5241
-5565
-5227
-4551
-3721
-2760
-1550
-33
1500
2489
2626
2212
1809
1643
1532
1318
1094
981
923
806
638
446
144
-357
-952
-1428
-1726
-1978
-2238
-2299
-1881
-969
114
990
1492
1682
1663
1475
1148
729
230
-373
-1014
-1499
-1654
-1517
-1270
-1007
-687
-318
-62
-31
-148
-266
-403
-679
-1055
-1290
-1192
-813
-328
188
733
1239
1546
1559
1326
954
475
-103
-702
-1160
-1394
-1476
-1525
-1544
-1440
-1221
-1054
-1081
-1235
-1317
-1159
-624
480
2299
4698
7218
9204
9952
8925
6159
2494
-939
-3646
-5962
-8141
-9559
-9235
-7060
-4071
-1393
744
2751
4779
6361
6925
6328
4889
3078
1259
-349
-1591
-2335
-2523
-2294
-1906
-1505
-1067
-623
-439
-794
-1599
-2422
-2880
-2898
-2539
-1784
-581
970
2606
3994
4815
4917
4454
3750
2890
1571
-442
-2779
-4590
-5279
-4963
-4225
-3537
-2934
-2129
-853
761
2095
2518
2059
1462
1397
1713
1740
1251
774
840
1250
1370
971
403
-21
-437
-1077
-1806
-2297
-2478
-2478
-2239
-1516
-324
857
1552
1747
1749
1721
1560
1156
549
-152
-841
-1358
-1538
-1395
-1141
-937
-727
-409
-68
86
-24
-276
-544
-834
-1169
-1428
-1392
-956
-255
451
976
1312
1517
1586
1438
1042
486
-89
-588
-966
-1214
-1375
-1537
-1728
-1853
-1787
-1551
-1292
-1114
-1003
-852
-516
218
1548
3496
5810
7996
9354
9115
6933
3427
-66
-2636
-4579
-6677
-8767
-9551
-8085
-5041
-2050
19
1637
3513
5457
6655
6660
5714
4209
2327
300
-1357
-2214
-2383
-2337
-2296
-2029
-1341
-540
-214
-612
-1415
-2122
-2508
-2604
-2421
-1867
-900
365
1749
3069
4106
4636
4602
4153
3382
2131
231
-2064
-4050
-5094
-5144
-4650
-4078
-3517
-2703
-1391
277
1704
2272
1945
1380
1277
1642
1884
1621
1161
1051
1354
1601
1395
816
166
-423
-1015
-1628
-2173
-2588
-2838
-2766
-2136
-941
425
1460
2000
2269
2488
2567
2264
1512
508
-469
-1239
-1715
-1883
-1814
-1606
-1300
-898
-492
-257
-260
-359
-403
-439
-596
-805
-834
-584
-209
132
473
882
1234
1302
1062
703
373
33
-355
-690
-864
-945
-1101
-1359
-1563
-1593
-1517
-1483
-1512
-1499
-1351
-1041
-490
473
1972
3924
6068
8013
9153
8733
6390
2780
-736
-3304
-5285
-7374
-9206
-9467
-7508
-4315
-1474
488
2225
4264
6166
7108
6786
5478
3569
1411
-531
-1813
-2370
-2515
-2509
-2266
-1635
-783
-174
-176
-777
-1649
-2421
-2849
-2851
-2451
-1717
-692
628
2189
3727
4796
5095
4751
4131
3320
1971
-155
-2629
-4558
-5378
-5278
-4805
-4259
-3549
-2452
-894
874
2244
2608
1984
1196
1079
1552
1798
1388
853
887
1381
1622
1274
674
153
-432
-1289
-2196
-2759
-2950
-2986
-2789
-1973
-490
1086
2114
2536
2735
2902
2810
2199
1136
-46
-1033
-1658
-1916
-1925
-1840
-1681
-1329
-743
-135
205
193
-1
-218
-476
-812
-1095
-1095
-764
-290
114
434
758
1045
1126
948
682
492
291
-124
-746
-1309
-1627
-1779
-1887
-1868
-1614
-1260
-1058
-978
-753
-338
-19
105
493
1753
3927
6416
8435
9313
8546
6091
2720
-379
-2703
-4794
-7164
-9152
-9395
-7470
-4500
-1946
-133
1652
3878
6040
7220
7006
5683
3795
1763
-100
-1506
-2288
-2547
-2543
-2392
-1955
-1166
-378
-177
-772
-1713
-2365
-2528
-2436
-2258
-1847
-991
296
1816
3301
4442
4955
4816
4273
3465
2183
199
-2207
-4280
-5374
-5417
-4824
-4087
-3399
-2555
-1211
555
2018
2415
1835
1231
1328
1824
1933
1492
1109
1251
1634
1694
1290
688
51
-681
-1501
-2247
-2827
-3275
-3492
-3161
-2100
-577
876
1936
2634
3116
3366
3242
2664
1703
541
-598
-1508
-2076
-2326
-2371
-2277
-1996
-1475
-819
-266
33
172
310
402
252
-126
-404
-339
-92
16
-2
182
672
1122
1157
848
527
279
-123
-793
-1473
-1851
-1900
-1814
-1676
-1402
-972
-559
-355
-371
-500
-666
-780
-592
255
1915
4180
6574
8482
9177
8081
5324
1908
-1069
-3412
-5710
-8119
-9686
-9267
-6929
-3958
-1487
501
2642
5055
7040
7770
7002
5151
2906
874
-642
-1668
-2371
-2793
-2799
-2293
-1445
-634
-220
-344
-898
-1615
-2236
-2622
-2732
-2523
-1898
-790
709
2329
3711
4575
4868
4731
4262
3298
1586
-773
-3128
-4701
-5207
-4996
-4584
-4149
-3460
-2249
-595
994
1901
1905
1427
1157
1369
1697
1675
1356
1199
1412
1667
1546
1042
420
-233
-1043
-1975
-2735
-3132
-3281
-3292
-2916
-1839
-236
1268
2236
2806
3294
3658
3553
2844
1766
603
-556
-1655
-2483
-2846
-2828
-2675
-2444
-1979
-1245
-503
-24
235
486
719
685
302
-141
-310
-200
-33
94
262
477
578
471
264
64
-205
-658
-1198
-1573
-1659
-1573
-1462
-1313
-1027
-631
-296
-164
-209
-331
-488
-652
-631
-36
1429
3674
6203
8311
9258
8505
6094
2835
-222
-2681
-4953
-7341
-9193
-9375
-7569
-4735
-2103
-6
2052
4339
6306
7133
6576
5116
3383
1670
28
-1391
-2305
-2616
-2533
-2291
-1872
-1199
-508
-291
-751
-1527
-2103
-2346
-2456
-2459
-2062
-1040
451
2014
3306
4135
4455
4385
4081
3449
2144
58
-2272
-4024
-4804
-4852
-4585
-4177
-3601
-2766
-1546
31
1479
2069
1670
1122
1375
2303
2875
2487
1682
1310
1435
1437
961
238
-459
-1175
-1960
-2606
-2952
-3141
-3301
-3138
-2242
-702
881
2061
2912
3641
4132
4076
3404
2339
1082
-281
-1600
-2600
-3139
-3356
-3421
-3249
-2632
-1616
-559
226
754
1163
1402
1270
758
171
-174
-264
-271
-257
-120
159
416
481
361
128
-234
-748
-1258
-1533
-1533
-1440
-1365
-1181
-750
-189
207
293
173
2
-201
-486
-795
-893
-449
785
2800
5249
7487
8733
8342
6226
3102
103
-2173
-4151
-6483
-8786
-9638
-8092
-4902
-1784
374
2084
4065
6050
7095
6722
5299
3419
1424
-454
-1841
-2475
-2520
-2364
-2155
-1719
-983
-282
-104
-590
-1401
-2073
-2395
-2429
-2242
-1794
-1017
76
1388
2729
3792
4305
4310
4093
3703
2719
783
-1691
-3712
-4658
-4809
-4788
-4762
-4381
-3337
-1727
13
1336
1873
1764
1659
2076
2735
2848
2143
1270
986
1222
1252
669
-201
-858
-1250
-1654
-2206
-2752
-3099
-3128
-2725
-1815
-563
683
1712
2623
3530
4215
4275
3592
2454
1191
-132
-1535
-2809
-3631
-3910
-3821
-3473
-2747
-1591
-294
711
1274
1527
1566
1293
679
-26
-494
-644
-635
-580
-407
-40
422
757
813
589
190
-282
-756
-1178
-1478
-1568
-1427
-1167
-965
-859
-719
-435
-103
58
-36
-270
-483
-556
-288
639
2408
4784
7116
8615
8636
6939
3957
715
-1875
-3818
-5817
-8022
-9338
-8473
-5582
-2307
-2
1577
3452
5704
7222
7102
5652
3807
2052
362
-1139
-2083
-2394
-2440
-2460
-2211
-1475
-623
-301
-660
-1244
-1658
-1968
-2318
-2507
-2194
-1364
-265
947
2261
3511
4376
4750
4794
4475
3399
1353
-1161
-3278
-4571
-5225
-5482
-5291
-4559
-3416
-2012
-397
1186
2198
2373
2222
2479
3085
3215
2441
1400
952
1061
986
393
-290
-649
-886
-1394
-2092
-2571
-2704
-2716
-2672
-2287
-1324
64
1528
2864
3966
4618
4592
3924
2877
1613
82
-1660
-3237
-4200
-4426
-4126
-3508
-2596
-1418
-183
841
1530
1876
1840
1382
654
-25
-447
-689
-895
-983
-748
-192
397
738
794
652
328
-176
-729
-1163
-1467
-1729
-1877
-1695
-1156
-545
-136
107
360
582
545
168
-373
-843
-1046
-712
479
2570
5126
7398
8641
8301
6278
3190
124
-2274
-4333
-6627
-8746
-9334
-7623
-4528
-1745
54
1635
3784
6040
7177
6622
4963
3107
1428
-112
-1416
-2230
-2529
-2541
-2349
-1786
-876
-127
-80
-710
-1495
-2059
-2433
-2696
-2672
-2174
-1290
-207
1061
2514
3851
4663
4912
4853
4439
3187
882
-1877
-4126
-5392
-5851
-5786
-5271
-4348
-3119
-1624
89
1658
2527
2608
2526
2839
3245
2961
1856
729
345
577
740
484
19
-405
-825
-1339
-1871
-2305
-2648
-2893
-2829
-2201
-1020
394
1710
2803
3683
4286
4426
3925
2774
1177
-529
-2007
-3050
-3634
-3855
-3774
-3337
-2448
-1193
76
957
1307
1294
1126
825
344
-186
-511
-528
-379
-210
32
436
872
1050
838
385
-112
-612
-1163
-1698
-2036
-2055
-1778
-1295
-700
-76
481
893
1097
1042
703
137
-525
-1127
-1457
-1214
-100
1928
4520
7019
8649
8751
7107
4224
1100
-1556
-3837
-6136
-8183
-8952
-7760
-5191
-2566
-592
1112
3136
5288
6716
6805
5672
3887
1991
323
-925
-1698
-2103
-2281
-2240
-1895
-1289
-718
-554
-910
-1543
-2118
-2494
-2710
-2732
-2376
-1504
-222
1203
2544
3664
4455
4837
4787
4249
3052
1097
-1350
-3648
-5212
-5877
-5844
-5341
-4443
-3150
-1528
225
1771
2733
2990
2844
2728
2708
2417
1628
682
167
226
445
431
222
19
-245
-810
-1653
-2433
-2882
-3003
-2833
-2239
-1144
218
1505
2654
3796
4782
5088
4360
2873
1252
-177
-1508
-2782
-3710
-3997
-3727
-3191
-2473
-1472
-307
619
1052
1165
1233
1220
925
434
89
10
-40
-227
-320
-56
383
521
186
-324
-676
-878
-1102
-1357
-1495
-1444
-1231
-860
-329
216
551
614
555
491
342
-18
-551
-1073
-1422
-1452
-944
324
2329
4720
6940
8349
8310
6518
3466
332
-1983
-3685
-5598
-7751
-8899
-7867
-5087
-2240
-366
1096
3128
5531
7050
6893
5509
3822
2258
774
-586
-1606
-2232
-2595
-2696
-2388
-1724
-1086
-852
-1074
-1538
-2006
-2328
-2388
-2149
-1673
-1023
-138
1079
2534
3867
4693
4887
4593
3913
2699
740
-1785
-4184
-5678
-5985
-5446
-4601
-3693
-2603
-1155
544
2050
2876
2915
2571
2362
2369
2201
1607
915
688
981
1239
980
320
-330
-865
-1506
-2312
-2994
-3276
-3177
-2799
-2049
-808
735
2165
3255
4056
4580
4595
3906
2674
1274
-74
-1381
-2611
-3551
-4002
-3978
-3594
-2884
-1878
-767
153
748
1129
1443
1655
1624
1307
822
341
-12
-181
-179
-122
-168
-373
-610
-696
-614
-548
-685
-996
-1248
-1236
-951
-563
-260
-97
25
260
619
878
779
328
-196
-574
-870
-1170
-1212
-495
1205
3575
5984
7760
8243
7012
4366
1370
-1041
-2953
-5070
-7370
-8700
-8020
-5744
-3308
-1536
53
2218
4762
6663
7164
6354
4769
2872
979
-629
-1802
-2616
-3165
-3323
-2887
-1976
-1088
-671
-729
-942
-1101
-1284
-1619
-2008
-2170
-1868
-1057
169
1610
2976
3975
4500
4621
4334
3411
1645
-746
-3113
-4822
-5642
-5687
-5162
-4263
-3161
-1904
-422
1201
2505
3013
2834
2609
2720
2781
2217
1154
356
282
560
549
97
-481
-975
-1465
-2007
-2444
-2644
-2652
-2487
-1983
-1027
177
1282
2206
3104
3976
4488
4331
3549
2412
1080
-413
-1938
-3232
-4109
-4544
-4519
-3957
-2892
-1605
-436
496
1272
1932
2342
2340
1939
1331
744
298
-42
-373
-732
-1038
-1191
-1176
-1052
-888
-762
-777
-933
-1034
-842
-405
-61
-25
-105
35
424
772
867
788
668
469
68
-537
-1209
-1733
-1780
-985
780
3186
5629
7521
8325
7582
5311
2313
-364
-2452
-4565
-7014
-8881
-8836
-6737
-3899
-1603
170
2195
4602
6511
7032
6141
4482
2632
825
-817
-2125
-2960
-3304
-3146
-2470
-1401
-329
261
154
-444
-1132
-1692
-2164
-2607
-2840
-2543
-1561
-31
1727
3367
4577
5176
5185
4716
3719
1976
-498
-3115
-5004
-5716
-5520
-4987
-4399
-3592
-2278
-436
1505
2864
3207
2826
2511
2694
2912
2423
1263
309
209
590
613
40
-653
-1081
-1389
-1817
-2244
-2429
-2413
-2361
-2140
-1430
-242
983
1911
2668
3487
4234
4480
3992
2914
1522
-4
-1524
-2865
-3897
-4568
-4781
-4373
-3336
-1982
-731
279
1194
2081
2707
2786
2341
1689
1076
501
-114
-715
-1161
-1385
-1423
-1310
-1095
-880
-770
-743
-681
-554
-455
-424
-340
-103
198
404
503
597
702
712
573
309
-102
-719
-1443
-1985
-2103
-1741
-886
585
2718
5221
7468
8706
8329
6234
3094
41
-2275
-4225
-6430
-8518
-9158
-7560
-4553
-1748
135
1677
3551
5470
6506
6164
4770
2993
1279
-189
-1290
-1928
-2150
-2130
-1984
-1651
-1075
-475
-305
-816
-1733
-2508
-2859
-2909
-2804
-2396
-1429
96
1875
3529
4758
5357
5296
4722
3747
2237
51
-2501
-4613
-5609
-5531
-4989
-4463
-3856
-2755
-1013
977
2536
3215
3128
2798
2640
2590
2267
1500
629
166
234
430
289
-222
-776
-1131
-1350
-1605
-1937
-2264
-2488
-2443
-1906
-841
426
1497
2338
3204
4091
4559
4241
3285
2072
683
-999
-2774
-4110
-4709
-4768
-4530
-3870
-2607
-981
500
1570
2290
2678
2599
2085
1457
943
434
-228
-893
-1258
-1298
-1272
-1309
-1275
-1065
-821
-703
-613
-353
16
212
138
40
189
513
697
565
243
-54
-242
-371
-502
-660
-828
-965
-1010
-950
-759
-260
883
2867
5382
7587
8536
7741
5499
2713
286
-1585
-3450
-5790
-8084
-8994
-7708
-4928
-2229
-420
1058
3042
5313
6751
6640
5368
3781
2256
701
-831
-1985
-2557
-2727
-2703
-2411
-1781
-1133
-962
-1340
-1838
-2101
-2226
-2413
-2490
-2036
-913
594
2145
3569
4698
5275
5195
4625
3675
2134
-171
-2811
-4874
-5764
-5682
-5223
-4675
-3876
-2580
-786
1188
2806
3546
3342
2751
2462
2540
2394
1611
576
28
140
356
141
-434
-947
-1245
-1515
-1908
-2343
-2670
-2779
-2513
-1706
-444
848
1811
2508
3211
3861
4055
3582
2689
1681
500
-1015
-2611
-3737
-4139
-4053
-3728
-3094
-2061
-882
85
790
1408
1903
2017
1719
1333
1112
899
415
-290
-880
-1160
-1247
-1328
-1408
-1368
-1126
-716
-261
98
303
418
542
642
588
332
4
-216
-270
-220
-152
-110
-98
-118
-182
-332
-600
-944
-1226
-1245
-762
432
2377
4763
6919
8044
7603
5649
2883
217
-1950
-3974
-6248
-8270
-8817
-7291
-4549
-2037
-251
1470
3668
5800
6819
6362
4968
3301
1609
-30
-1379
-2204
-2589
-2788
-2810
-2433
-1638
-876
-654
-1015
-1528
-1817
-1894
-1931
-1856
-1368
-324
1086
2510
3671
4396
4601
4355
3807
2914
1387
-863
-3272
-4907
-5282
-4762
-4064
-3529
-2950
-1955
-436
1282
2561
2915
2518
2139
2318
2684
2409
1346
311
67
356
314
-355
-1074
-1277
-1143
-1224
-1645
-2036
-2112
-1952
-1679
-1190
-397
489
1175
1671
2213
2831
3196
3035
2460
1745
954
-36
-1186
-2213
-2909
-3313
-3498
-3344
-2722
-1769
-799
55
876
1635
2062
1977
1582
1233
976
551
-161
-886
-1266
-1252
-1077
-943
-836
-672
-425
-153
58
134
69
-33
-48
6
-33
-255
-521
-585
-364
-19
220
273
206
85
-108
-422
-834
-1259
-1552
-1483
-735
900
3259
5750
7600
8161
7134
4763
1882
-573
-2383
-4180
-6431
-8362
-8479
-6317
-3196
-820
527
1890
3927
5933
6750
6086
4546
2764
973
-672
-1900
-2591
-2908
-2984
-2682
-1898
-919
-281
-226
-532
-868
-1149
-1457
-1728
-1719
-1269
-449
559
1639
2691
3515
3925
3939
3678
3037
1684
-416
-2649
-4176
-4698
-4607
-4377
-4012
-3190
-1754
54
1707
2660
2713
2276
2060
2304
2437
1792
564
-341
-395
-10
135
-52
-205
-221
-391
-870
-1423
-1810
-2106
-2410
-2485
-1999
-1031
-32
725
1439
2380
3389
3966
3809
3084
2136
1101
-80
-1377
-2561
-3406
-3861
-3934
-3544
-2630
-1379
-177
720
1342
1789
1997
1854
1454
1024
631
153
-401
-775
-802
-679
-735
-944
-954
-586
-117
82
-16
-135
-106
-20
-20
-121
-272
-443
-542
-420
-79
239
307
227
283
509
584
236
-427
-1091
-1569
-1777
-1507
-472
1361
3630
5763
7151
7221
5731
3164
533
-1525
-3318
-5374
-7320
-7957
-6637
-4153
-1931
-527
702
2502
4654
6139
6160
4826
2908
1142
-204
-1215
-1975
-2435
-2518
-2210
-1543
-632
205
555
264
-401
-1070
-1665
-2265
-2714
-2641
-1904
-766
466
1746
3073
4198
4792
4768
4198
3008
1083
-1294
-3407
-4674
-5083
-4956
-4476
-3609
-2332
-768
844
2141
2712
2478
1935
1737
1944
1947
1300
397
19
358
823
815
394
-26
-323
-735
-1383
-2078
-2616
-2973
-3063
-2610
-1500
-124
967
1695
2439
3347
3986
3875
3103
2156
1278
321
-813
-1922
-2767
-3318
-3586
-3425
-2736
-1759
-880
-216
405
1016
1386
1384
1246
1249
1288
1058
564
180
85
12
-333
-808
-1040
-974
-889
-942
-958
-761
-448
-213
-72
51
117
53
-55
-50
33
-12
-216
-337
-182
106
229
102
-116
-333
-667
-1189
-1642
-1568
-679
955
3038
5150
6695
6991
5757
3527
1286
-496
-2260
-4539
-6869
-7954
-7053
-4867
-2776
-1335
83
2174
4599
6251
6390
5259
3642
2118
816
-326
-1314
-2062
-2448
-2371
-1834
-1052
-400
-160
-349
-791
-1355
-2005
-2640
-2992
-2801
-2029
-825
670
2330
3892
4962
5307
5021
4297
3105
1273
-1094
-3425
-5021
-5546
-5195
-4446
-3638
-2729
-1445
248
1831
2598
2426
2008
2077
2501
2479
1640
606
240
571
831
477
-218
-700
-898
-1196
-1783
-2399
-2745
-2805
-2662
-2208
-1292
-74
1050
1890
2603
3307
3769
3670
3057
2273
1502
622
-463
-1572
-2475
-3135
-3565
-3581
-3003
-2039
-1171
-599
-60
678
1405
1742
1670
1491
1365
1146
734
286
-14
-218
-486
-813
-1060
-1172
-1216
-1224
-1141
-942
-676
-401
-159
-5
34
55
201
441
549
373
28
-230
-291
-230
-166
-140
-169
-317
-666
-1218
-1816
-2102
-1626
-157
2077
4496
6480
7562
7422
6008
3734
1325
-803
-2882
-5236
-7411
-8281
-7229
-4947
-2717
-1035
691
2999
5384
6716
6453
5091
3448
1874
309
-1166
-2199
-2567
-2420
-2036
-1495
-772
-71
172
-304
-1282
-2249
-2825
-2960
-2748
-2204
-1263
86
1690
3241
4401
4963
4977
4610
3882
2580
549
-1912
-4079
-5307
-5502
-5090
-4523
-3848
-2769
-1077
922
2489
3045
2737
2328
2369
2578
2211
1070
-96
-394
175
749
630
-22
-603
-893
-1169
-1662
-2234
-2614
-2690
-2440
-1821
-877
151
1032
1812
2669
3511
3946
3680
2847
1841
921
85
-754
-1593
-2319
-2767
-2811
-2491
-2044
-1704
-1427
-944
-133
731
1242
1316
1241
1270
1327
1190
830
433
123
-143
-429
-686
-859
-990
-1131
-1216
-1137
-917
-673
-452
-193
114
361
462
461
409
263
-5
-244
-258
-73
57
-35
-236
-361
-451
-730
-1278
-1862
-2082
-1621
-382
1531
3845
6145
7856
8343
7231
4790
1883
-713
-2950
-5248
-7537
-8868
-8331
-6192
-3714
-1770
-31
2202
4700
6333
6360
5224
3872
2660
1307
-276
-1616
-2264
-2349
-2270
-2064
-1477
-594
-20
-230
-1029
-1846
-2404
-2799
-3029
-2814
-1951
-589
989
2634
4173
5215
5450
5034
4350
3340
1510
-1223
-3994
-5681
-5977
-5498
-4869
-4095
-2881
-1231
490
1874
2635
2678
2248
1898
1944
2029
1549
575
-73
164
835
1061
603
-59
-568
-1084
-1781
-2440
-2808
-2976
-3061
-2764
-1725
-191
1122
1895
2505
3281
3875
3704
2787
1720
917
262
-459
-1148
-1601
-1829
-1971
-1997
-1782
-1421
-1161
-1044
-815
-296
306
614
527
317
315
595
981
1249
1297
1129
806
386
-89
-592
-1086
-1509
-1772
-1799
-1569
-1155
-683
-254
98
387
600
679
597
439
336
323
279
77
-224
-405
-353
-235
-322
-686
-1121
-1394
-1433
-1213
-549
830
2948
5344
7206
7779
6777
4573
2031
-59
-1572
-3066
-5010
-6973
-7774
-6636
-4107
-1570
133
1392
3012
4961
6270
6128
4737
2958
1378
43
-1095
-1876
-2213
-2294
-2272
-1991
-1309
-567
-383
-915
-1651
-2035
-2071
-2070
-2030
-1607
-629
670
1985
3203
4237
4835
4793
4200
3212
1714
-485
-3043
-5029
-5693
-5190
-4322
-3641
-3000
-1961
-434
1193
2398
2894
2772
2418
2220
2211
2024
1368
520
130
425
855
702
-67
-851
-1228
-1435
-1902
-2601
-3076
-2994
-2407
-1522
-474
641
1677
2527
3176
3569
3561
3081
2269
1337
368
-604
-1386
-1728
-1657
-1501
-1508
-1560
-1416
-1104
-882
-833
-733
-407
-20
145
108
196
578
1029
1233
1183
1123
1146
1068
711
152
-427
-977
-1526
-1964
-2105
-1932
-1616
-1268
-811
-198
415
835
1069
1231
1292
1084
587
47
-265
-307
-225
-149
-113
-112
-166
-311
-603
-1086
-1675
-2058
-1822
-746
1055
3218
5286
6706
6926
5758
3685
1531
-328
-2253
-4595
-6809
-7698
-6678
-4490
-2399
-843
735
2798
4853
5918
5571
4276
2742
1295
-65
-1253
-2005
-2162
-1863
-1413
-1007
-659
-376
-277
-496
-993
-1538
-1926
-2123
-2166
-1960
-1316
-173
1275
2674
3737
4356
4552
4353
3626
2140
-89
-2509
-4272
-4916
-4717
-4262
-3785
-3045
-1803
-201
1328
2357
2683
2431
2024
1847
1804
1419
542
-237
-203
524
1041
750
25
-431
-562
-901
-1665
-2418
-2713
-2613
-2365
-1878
-930
311
1360
2031
2573
3113
3314
2824
1802
734
-136
-890
-1539
-1857
-1710
-1275
-808
-373
33
275
177
-197
-561
-745
-820
-889
-854
-560
-34
514
929
1237
1516
1699
1609
1168
519
-120
-657
-1149
-1624
-1968
-2034
-1817
-1440
-983
-427
216
810
1177
1268
1156
928
637
325
54
-131
-242
-295
-285
-221
-197
-352
-744
-1278
-1806
-2244
-2528
-2437
-1641
-13
2157
4375
6279
7607
7929
6787
4302
1328
-1321
-3621
-5966
-8088
-8920
-7798
-5410
-3121
-1474
142
2335
4691
6149
6136
4995
3441
1920
547
-603
-1396
-1756
-1744
-1490
-1083
-619
-278
-298
-773
-1537
-2280
-2796
-3025
-2913
-2338
-1281
90
1559
2994
4241
4981
4956
4268
3261
2040
364
-1809
-3895
-5078
-5101
-4470
-3824
-3247
-2336
-815
998
2366
2741
2274
1692
1604
1892
1916
1359
671
523
944
1269
962
206
-444
-771
-1028
-1468
-2037
-2524
-2799
-2750
-2235
-1274
-184
674
1281
1921
2688
3251
3212
2560
1639
742
-57
-721
-1139
-1288
-1307
-1299
-1150
-761
-323
-154
-283
-410
-362
-338
-547
-799
-710
-259
190
395
533
832
1155
1186
905
587
373
80
-465
-1125
-1614
-1820
-1803
-1585
-1135
-535
30
476
879
1239
1379
1146
645
142
-214
-453
-603
-621
-507
-400
-454
-682
-986
-1285
-1574
-1859
-2070
-2004
-1385
-56
1853
4009
6069
7655
8196
7145
4621
1608
-886
-2841
-4987
-7445
-9095
-8676
-6316
-3462
-1312
268
2086
4281
6024
6459
5587
4126
2711
1467
262
-856
-1645
-1996
-2055
-1983
-1729
-1238
-754
-686
-1120
-1679
-1977
-2033
-2059
-2015
-1607
-690
580
1981
3362
4476
4972
4708
3914
2835
1393
-563
-2719
-4340
-4948
-4759
-4317
-3846
-3071
-1687
146
1783
2577
2440
1925
1671
1741
1630
987
175
-118
290
848
970
683
423
350
164
-424
-1303
-2160
-2828
-3246
-3241
-2619
-1502
-340
565
1357
2300
3250
3694
3313
2351
1319
486
-205
-839
-1326
-1507
-1333
-872
-245
343
645
537
152
-260
-628
-1093
-1708
-2209
-2207
-1576
-581
392
1145
1694
2089
2305
2275
1951
1343
510
-409
-1223
-1783
-2046
-2055
-1859
-1472
-928
-327
201
574
782
817
655
311
-86
-363
-443
-393
-318
-268
-237
-211
-190
-183
-264
-542
-1041
-1585
-1850
-1573
-645
919
2991
5194
6854
7286
6277
4293
2111
186
-1657
-3815
-6165
-7833
-7859
-6171
-3737
-1597
113
1988
4248
6165
6761
5883
4292
2765
1434
71
-1257
-2173
-2470
-2310
-1920
-1341
-628
-95
-106
-652
-1337
-1845
-2211
-2561
-2734
-2349
-1227
420
2176
3672
4659
5024
4831
4221
3178
1509
-775
-3141
-4792
-5347
-5111
-4623
-4033
-3074
-1564
215
1679
2402
2404
2034
1664
1429
1207
849
445
319
676
1296
1664
1479
902
284
-287
-1006
-1984
-3009
-3711
-3847
-3397
-2496
-1390
-330
627
1635
2758
3674
3895
3335
2435
1656
1007
267
-540
-1110
-1295
-1260
-1157
-917
-516
-225
-344
-772
-1112
-1208
-1297
-1562
-1753
-1480
-732
133
867
1546
2270
2857
3007
2638
1909
978
-79
-1115
-1899
-2339
-2569
-2699
-2598
-2084
-1259
-487
16
352
676
913
895
673
490
470
496
428
316
274
285
222
28
-264
-659
-1218
-1907
-2530
-2840
-2680
-1985
-715
1078
3206
5356
7116
7944
7332
5264
2460
-151
-2301
-4455
-6804
-8512
-8432
-6515
-3997
-2008
-431
1516
3878
5706
6175
5456
4293
3093
1782
349
-910
-1691
-1965
-1865
-1490
-955
-475
-277
-441
-913
-1594
-2340
-2925
-3141
-2917
-2278
-1211
313
2143
3876
5079
5591
5533
5008
3882
1967
-571
-3077
-4802
-5432
-5245
-4732
-4135
-3332
-2103
-461
1196
2283
2462
1996
1552
1538
1698
1527
1008
707
1039
1705
2029
1724
1059
365
-376
-1329
-2436
-3395
-3948
-4037
-3715
-3033
-2021
-726
741
2171
3300
3940
4067
3766
3122
2199
1116
63
-779
-1346
-1676
-1810
-1718
-1359
-851
-496
-542
-880
-1131
-1090
-963
-1017
-1122
-882
-183
636
1250
1727
2257
2694
2680
2129
1344
601
-129
-951
-1778
-2413
-2767
-2842
-2593
-2016
-1288
-641
-98
491
1142
1606
1655
1345
931
594
346
135
-92
-369
-650
-792
-711
-570
-680
-1151
-1748
-2153
-2271
-2165
-1752
-791
824
2894
5084
7041
8252
8036
6108
3123
265
-1913
-3923
-6330
-8549
-9183
-7643
-4923
-2492
-718
1152
3614
6010
7198
6758
5255
3509
1932
558
-620
-1502
-1991
-2068
-1785
-1262
-712
-409
-561
-1151
-1929
-2596
-2991
-3105
-2913
-2292
-1125
538
2433
4177
5365
5752
5417
4678
3695
2228
9
-2639
-4801
-5745
-5591
-5024
-4480
-3799
-2646
-1046
548
1608
1891
1627
1391
1633
2203
2490
2174
1656
1555
1866
1959
1395
426
-442
-1114
-1841
-2684
-3376
-3708
-3731
-3489
-2819
-1632
-200
1052
1998
2808
3541
3950
3781
3091
2147
1152
184
-666
-1291
-1656
-1802
-1743
-1493
-1188
-1005
-930
-754
-404
-144
-257
-611
-756
-452
92
562
931
1356
1830
2123
2088
1816
1433
907
156
-736
-1548
-2112
-2391
-2405
-2193
-1851
-1489
-1094
-551
141
757
1054
1055
1027
1130
1223
1062
628
145
-197
-422
-631
-832
-969
-1067
-1230
-1477
-1697
-1798
-1797
-1690
-1291
-339
1245
3289
5483
7401
8422
7896
5719
2683
-60
-2022
-3722
-5803
-7930
-8868
-7752
-5098
-2313
-279
1330
3249
5393
6764
6573
5146
3480
2131
872
-568
-1864
-2470
-2354
-2002
-1741
-1451
-1033
-806
-1132
-1858
-2443
-2587
-2440
-2176
-1658
-661
791
2401
3836
4813
5157
4919
4342
3508
2137
-11
-2552
-4581
-5511
-5550
-5269
-4863
-4078
-2715
-978
685
1877
2404
2404
2335
2595
3011
2942
2092
1044
666
1056
1405
992
-1
-870
-1323
-1717
-2414
-3269
-3850
-3926
-3551
-2803
-1689
-305
1101
2306
3255
3968
4364
4277
3633
2555
1281
23
-1086
-1947
-2472
-2621
-2438
-2039
-1527
-971
-456
-111
-20
-101
-173
-139
-60
-15
67
320
740
1167
1463
1631
1715
1664
1382
850
157
-600
-1344
-1970
-2342
-2393
-2190
-1868
-1501
-1058
-502
103
612
905
1005
1033
1082
1123
1061
850
534
178
-195
-579
-920
-1142
-1221
-1228
-1261
-1355
-1477
-1591
-1675
-1645
-1309
-474
889
2647
4616
6545
7932
8039
6404
3427
230
-2259
-4059
-5782
-7572
-8637
-8023
-5737
-2855
-459
1334
3123
5157
6791
7124
5986
4085
2239
721
-611
-1802
-2660
-3009
-2857
-2295
-1466
-664
-287
-505
-1073
-1588
-1878
-2016
-2033
-1788
-1118
-10
1411
2915
4200
4973
5135
4783
3982
2612
561
-1928
-4218
-5654
-5983
-5465
-4583
-3647
-2604
-1232
442
1960
2779
2823
2571
2521
2626
2409
1669
846
574
919
1272
1042
284
-500
-1046
-1579
-2353
-3226
-3818
-3936
-3619
-2868
-1627
-56
1432
2557
3398
4082
4430
4139
3242
2120
1044
-19
-1111
-2023
-2504
-2582
-2460
-2184
-1655
-956
-386
-123
-6
192
416
460
334
308
533
847
1029
1109
1256
1456
1480
1184
680
151
-376
-965
-1570
-2014
-2198
-2197
-2125
-1970
-1639
-1117
-506
81
595
1022
1326
1487
1528
1463
1237
797
213
-338
-753
-1062
-1305
-1416
-1326
-1143
-1076
-1182
-1288
-1250
-1151
-1143
-1132
-755
288
1954
3952
5950
7555
8179
7257
4810
1677
-1108
-3238
-5210
-7338
-8938
-8850
-6796
-3835
-1262
674
2615
4842
6638
7075
6058
4334
2619
1070
-413
-1713
-2537
-2750
-2469
-1883
-1130
-403
7
-123
-721
-1479
-2121
-2567
-2785
-2610
-1837
-493
1117
2658
3949
4878
5284
5078
4328
3087
1239
-1210
-3725
-5446
-5942
-5570
-4941
-4235
-3214
-1736
-19
1526
2533
2817
2541
2209
2233
2449
2322
1707
1098
965
1114
970
335
-497
-1277
-2056
-2867
-3483
-3720
-3695
-3560
-3135
-2093
-486
1188
2470
3302
3854
4167
4111
3590
2658
1467
204
-921
-1733
-2191
-2393
-2452
-2394
-2154
-1688
-1046
-368
199
575
779
891
988
1107
1216
1225
1091
905
843
957
1052
853
313
-317
-764
-1003
-1229
-1557
-1878
-1995
-1835
-1483
-1049
-587
-114
339
710
943
1045
1086
1114
1055
779
288
-220
-554
-725
-880
-1034
-1044
-858
-640
-557
-572
-558
-537
-650
-903
-1113
-1119
-895
-409
511
2017
3996
6015
7471
7788
6655
4303
1501
-954
-2857
-4595
-6425
-7884
-8067
-6553
-3919
-1278
691
2180
3741
5412
6500
6274
4782
2811
1105
-170
-1178
-1912
-2200
-2073
-1783
-1472
-1062
-599
-415
-778
-1510
-2160
-2477
-2497
-2256
-1671
-706
522
1886
3296
4496
5083
4865
4076
3020
1644
-282
-2558
-4457
-5347
-5271
-4731
-4089
-3296
-2152
-653
925
2158
2714
2606
2239
2069
2135
2055
1556
889
532
584
644
315
-349
-1028
-1560
-2028
-2497
-2899
-3131
-3131
-2784
-1951
-721
533
1492
2209
2908
3554
3795
3414
2612
1741
894
-67
-1150
-2122
-2753
-3027
-3019
-2708
-2059
-1208
-417
192
727
1297
1787
1956
1748
1397
1173
1088
953
639
231
-123
-393
-634
-846
-975
-1049
-1176
-1370
-1460
-1274
-846
-393
-74
126
297
467
599
650
591
416
165
-75
-239
-333
-372
-309
-126
53
29
-233
-517
-623
-619
-732
-1001
-1194
-1110
-853
-671
-639
-628
-534
-375
-117
444
1529
3115
4864
6233
6642
5732
3699
1318
-614
-1971
-3314
-5046
-6674
-7144
-5946
-3712
-1553
34
1443
3165
4981
6087
5915
4665
3029
1567
419
-519
-1339
-1999
-2385
-2370
-1929
-1249
-689
-566
-901
-1411
-1762
-1839
-1764
-1657
-1429
-817
331
1851
3318
4325
4714
4577
4037
3072
1560
-472
-2652
-4379
-5205
-5171
-4691
-4112
-3388
-2228
-547
1258
2537
2907
2580
2159
2056
2109
1839
1084
296
43
322
539
226
-440
-970
-1246
-1609
-2285
-3012
-3339
-3135
-2594
-1862
-907
273
1514
2628
3542
4174
4339
3910
3003
1840
535
-882
-2222
-3170
-3578
-3582
-3316
-2693
-1659
-492
390
912
1357
1862
2160
1983
1509
1180
1124
1037
663
125
-294
-528
-715
-918
-1076
-1167
-1256
-1314
-1190
-822
-377
-73
64
160
246
243
143
69
73
22
-188
-431
-482
-340
-193
-134
-42
148
251
77
-270
-494
-509
-519
-687
-884
-874
-616
-295
-111
-140
-365
-692
-972
-1103
-1086
-886
-272
1041
3010
5132
6732
7309
6637
4790
2262
-154
-1952
-3382
-5027
-6810
-7714
-6805
-4368
-1706
221
1622
3230
5100
6403
6366
5096
3372
1824
546
-587
-1522
-2069
-2175
-1959
-1556
-1052
-633
-575
-983
-1608
-2105
-2372
-2530
-2544
-2100
-958
692
2369
3733
4709
5274
5308
4727
3574
1904
-255
-2671
-4746
-5864
-5929
-5397
-4695
-3806
-2468
-700
1065
2311
2795
2666
2327
2147
2144
1961
1316
480
94
386
821
679
-111
-1006
-1618
-2113
-2749
-3364
-3574
-3280
-2679
-1836
-612
928
2356
3294
3785
4053
4057
3550
2504
1220
-23
-1164
-2150
-2788
-2972
-2885
-2725
-2389
-1657
-639
225
679
928
1276
1683
1855
1686
1382
1169
1062
951
762
451
-8
-543
-963
-1140
-1181
-1290
-1485
-1572
-1408
-1068
-702
-343
44
422
712
902
1020
980
664
121
-374
-598
-610
-608
-629
-538
-269
32
182
163
75
-33
-200
-435
-659
-780
-772
-666
-490
-265
-39
107
98
-73
-339
-599
-768
-765
-436
429
1938
3885
5716
6762
6593
5260
3247
1128
-820
-2680
-4563
-6228
-7096
-6690
-5067
-2815
-628
1176
2740
4282
5636
6245
5724
4293
2585
1041
-314
-1508
-2336
-2614
-2501
-2293
-2011
-1485
-844
-585
-975
-1649
-2022
-1953
-1719
-1443
-880
199
1632
3024
4075
4641
4648
4127
3229
2018
359
-1787
-3969
-5433
-5800
-5383
-4708
-3923
-2801
-1238
498
1978
2895
3151
2870
2374
1984
1714
1301
617
-33
-243
-39
114
-136
-661
-1121
-1431
-1779
-2253
-2664
-2764
-2486
-1883
-966
240
1540
2638
3389
3871
4122
3943
3113
1741
238
-1043
-2037
-2793
-3257
-3322
-3006
-2405
-1577
-592
337
974
1334
1644
1978
2115
1880
1460
1186
1084
881
451
-9
-300
-492
-748
-1041
-1216
-1251
-1255
-1254
-1156
-939
-695
-469
-168
264
686
891
842
677
502
284
-26
-367
-621
-747
-799
-810
-727
-502
-204
19
75
12
-70
-154
-294
-513
-730
-828
-753
-545
-286
-42
158
280
264
43
-359
-776
-964
-729
26
1334
3110
5013
6428
6741
5745
3781
1513
-507
-2146
-3652
-5214
-6502
-6731
-5410
-3011
-642
1011
2243
3661
5174
5993
5573
4231
2687
1300
1
-1228
-2162
-2641
-2794
-2776
-2507
-1868
-1073
-602
-729
-1216
-1597
-1625
-1364
-947
-380
380
1295
2268
3190
3904
4176
3847
2984
1777
291
-1514
-3455
-4960
-5478
-5028
-4176
-3405
-2647
-1519
53
1628
2647
2929
2746
2505
2371
2184
1711
975
317
52
86
0
-454
-1075
-1510
-1711
-1923
-2261
-2509
-2407
-1960
-1350
-638
257
1328
2357
3097
3455
3459
3137
2496
1593
535
-565
-1591
-2395
-2847
-2924
-2697
-2224
-1534
-701
100
708
1112
1408
1634
1704
1553
1280
1063
947
802
525
200
-25
-151
-327
-635
-976
-1218
-1350
-1410
-1350
-1083
-655
-229
93
343
549
641
556
336
70
-203
-456
-600
-567
-418
-285
-186
-39
160
268
159
-116
-399
-593
-700
-748
-771
-792
-775
-623
-289
87
298
293
217
184
118
-107
-436
-669
-662
-377
272
1436
3095
4855
6059
6171
5100
3237
1201
-572
-2087
-3617
-5172
-6209
-6037
-4556
-2465
-614
753
2005
3438
4771
5386
4959
3748
2288
925
-303
-1410
-2258
-2656
-2606
-2306
-1892
-1340
-706
-319
-495
-1078
-1490
-1361
-938
-680
-605
-267
624
1818
2821
3385
3555
3403
2902
2004
694
-987
-2814
-4310
-4990
-4803
-4168
-3496
-2750
-1614
-22
1619
2745
3089
2848
2456
2199
1988
1529
758
31
-239
-117
-98
-470
-963
-1154
-1082
-1164
-1571
-1983
-2024
-1709
-1276
-779
-73
836
1718
2402
2921
3285
3298
2770
1823
783
-164
-1060
-1898
-2483
-2638
-2434
-2068
-1596
-951
-179
497
922
1158
1322
1373
1213
926
737
715
664
414
77
-101
-85
-94
-279
-537
-703
-796
-932
-1080
-1075
-873
-656
-583
-579
-460
-193
78
249
345
384
295
57
-168
-194
-56
39
-11
-89
-71
-33
-123
-341
-535
-615
-638
-672
-712
-738
-754
-705
-474
-46
382
560
450
222
25
-135
-254
-208
188
1028
2293
3839
5283
5985
5419
3682
1509
-376
-1894
-3450
-5164
-6453
-6510
-5143
-3009
-991
549
1884
3368
4850
5715
5474
4264
2688
1237
-25
-1198
-2184
-2758
-2879
-2708
-2325
-1685
-898
-368
-423
-919
-1377
-1497
-1365
-1177
-924
-423
453
1629
2833
3723
4062
3863
3294
2414
1076
-777
-2815
-4431
-5198
-5168
-4685
-3995
-3079
-1819
-235
1414
2725
3375
3331
2886
2416
2063
1643
946
99
-472
-506
-237
-164
-496
-978
-1279
-1417
-1652
-2084
-2484
-2544
-2146
-1357
-315
815
1865
2735
3403
3828
3878
3437
2540
1353
58
-1187
-2203
-2857
-3133
-3118
-2854
-2300
-1473
-546
255
832
1244
1562
1764
1764
1555
1269
1066
974
855
595
251
-36
-260
-573
-1036
-1470
-1648
-1582
-1481
-1438
-1293
-882
-296
211
511
675
784
809
699
498
265
0
-287
-490
-505
-372
-253
-245
-317
-416
-523
-598
-573
-443
-318
-291
-314
-289
-210
-162
-150
-76
124
375
523
476
237
-110
-455
-670
-656
-327
429
1705
3408
5091
6088
5894
4548
2608
723
-863
-2393
-4119
-5768
-6566
-5933
-4100
-1975
-305
937
2267
3864
5212
5583
4782
3287
1726
365
-831
-1853
-2529
-2754
-2613
-2229
-1628
-894
-345
-335
-826
-1359
-1535
-1420
-1335
-1339
-1096
-285
1012
2384
3433
3987
4044
3657
2856
1614
-85
-2070
-3887
-5008
-5217
-4762
-4052
-3245
-2183
-726
945
2352
3079
3082
2693
2300
2019
1657
1050
363
-40
-15
160
104
-251
-660
-945
-1194
-1584
-2084
-2464
-2523
-2227
-1629
-783
243
1303
2228
2917
3360
3548
3400
2825
1852
659
-540
-1610
-2471
-3021
-3158
-2876
-2305
-1601
-853
-113
553
1085
1473
1721
1823
1777
1630
1418
1131
775
439
216
58
-193
-594
-1011
-1294
-1444
-1540
-1568
-1434
-1127
-740
-345
52
406
612
643
627
649
596
309
-128
-426
-453
-400
-488
-649
-652
-467
-304
-305
-363
-322
-211
-167
-202
-208
-146
-97
-113
-133
-102
-56
-62
-89
-73
-36
-66
-191
-367
-536
-611
-373
468
1991
3856
5454
6259
6035
4836
2969
935
-849
-2387
-4003
-5713
-6821
-6450
-4572
-2222
-471
666
2005
3921
5654
6101
5056
3363
1906
775
-405
-1676
-2605
-2872
-2637
-2224
-1713
-1090
-608
-642
-1174
-1710
-1841
-1678
-1558
-1470
-1033
-15
1361
2685
3686
4272
4392
4028
3201
1890
40
-2168
-4151
-5288
-5445
-5027
-4447
-3710
-2569
-946
893
2461
3304
3295
2794
2403
2363
2280
1674
701
46
62
311
163
-424
-971
-1219
-1418
-1849
-2369
-2634
-2544
-2238
-1701
-761
548
1834
2745
3320
3776
4047
3815
2944
1698
410
-820
-2001
-2975
-3501
-3535
-3241
-2715
-1904
-875
81
732
1168
1587
1946
2027
1825
1619
1567
1475
1133
685
434
363
111
-505
-1197
-1586
-1691
-1823
-2075
-2155
-1785
-1066
-350
172
577
977
1331
1503
1426
1136
701
202
-274
-658
-945
-1174
-1330
-1325
-1099
-735
-407
-209
-67
146
394
491
314
-2
-196
-160
-31
15
-38
-77
-48
-4
-9
-70
-201
-464
-889
-1337
-1512
-1158
-246
1068
2622
4306
5870
6730
6258
4395
1878
-393
-2199
-3991
-5960
-7412
-7349
-5625
-3211
-1211
191
1614
3445
5179
5888
5202
3664
2118
919
-133
-1213
-2090
-2436
-2296
-2015
-1772
-1463
-1079
-934
-1290
-1913
-2254
-2081
-1663
-1322
-969
-233
1059
2635
3984
4712
4756
4308
3538
2375
646
-1537
-3637
-5049
-5570
-5438
-4946
-4163
-3012
-1507
174
1731
2824
3242
3104
2807
2644
2492
2015
1182
409
118
214
196
-238
-876
-1331
-1565
-1851
-2302
-2643
-2571
-2124
-1545
-865
115
1417
2691
3544
3909
3946
3719
3124
2118
829
-568
-1894
-2917
-3401
-3367
-3086
-2759
-2264
-1404
-312
601
1078
1260
1412
1588
1658
1571
1451
1424
1471
1474
1354
1100
696
105
-652
-1441
-2096
-2560
-2867
-2983
-2745
-2039
-1008
3
762
1318
1828
2278
2463
2205
1544
681
-175
-892
-1409
-1722
-1872
-1910
-1837
-1607
-1197
-667
-161
185
348
431
554
737
892
934
852
691
484
245
10
-192
-379
-590
-826
-1030
-1167
-1239
-1245
-1149
-968
-782
-599
-210
691
2199
4055
5797
6971
7188
6207
4161
1665
-575
-2372
-4129
-6104
-7766
-8080
-6611
-4090
-1751
-125
1304
3193
5301
6578
6278
4758
3043
1730
619
-645
-1907
-2701
-2883
-2726
-2452
-2001
-1379
-915
-940
-1351
-1739
-1843
-1711
-1416
-884
-16
1143
2436
3630
4407
4536
4098
3388
2451
952
-1276
-3677
-5326
-5792
-5445
-4839
-4071
-2877
-1183
696
2292
3261
3508
3236
2854
2619
2371
1753
779
-69
-357
-212
-121
-346
-725
-1018
-1220
-1476
-1805
-2099
-2252
-2208
-1868
-1132
-72
1022
1879
2472
2931
3248
3204
2622
1620
514
-464
-1283
-1974
-2487
-2739
-2701
-2390
-1824
-1091
-380
142
488
794
1079
1223
1174
1082
1111
1229
1275
1225
1198
1226
1133
736
68
-660
-1291
-1812
-2254
-2581
-2692
-2483
-1915
-1076
-162
641
1283
1818
2250
2444
2261
1724
1025
374
-155
-594
-963
-1213
-1304
-1282
-1225
-1128
-920
-627
-399
-317
-238
35
438
689
673
600
687
841
813
568
304
106
-151
-548
-946
-1185
-1285
-1314
-1209
-912
-613
-595
-836
-993
-846
-569
-392
-180
451
1675
3283
4906
6163
6598
5829
3939
1582
-566
-2410
-4276
-6182
-7512
-7534
-6128
-3923
-1734
38
1551
3169
4911
6199
6284
5015
3094
1416
240
-772
-1797
-2480
-2464
-1961
-1499
-1252
-983
-637
-575
-1057
-1765
-2129
-1985
-1640
-1317
-800
253
1830
3479
4641
5027
4736
4083
3231
1959
-41
-2566
-4780
-5886
-5852
-5272
-4571
-3594
-2050
-92
1709
2855
3216
2994
2560
2254
2119
1848
1201
451
172
507
909
786
189
-401
-820
-1382
-2285
-3194
-3629
-3512
-3095
-2457
-1402
121
1751
3034
3826
4267
4392
4018
3045
1685
296
-944
-2038
-2911
-3349
-3259
-2835
-2329
-1773
-1062
-267
347
644
779
943
1129
1239
1318
1465
1639
1692
1614
1522
1392
995
200
-770
-1573
-2100
-2495
-2825
-2916
-2562
-1772
-763
210
986
1523
1889
2186
2412
2415
2057
1411
728
197
-207
-594
-978
-1271
-1422
-1457
-1407
-1269
-1067
-871
-700
-465
-103
300
591
736
835
952
1020
949
760
524
259
-61
-398
-682
-916
-1157
-1372
-1424
-1257
-1000
-832
-778
-732
-627
-513
-453
-427
-377
-260
-29
408
1139
2162
3350
4507
5376
5642
4991
3350
1077
-1165
-2887
-4131
-5258
-6327
-6784
-5964
-3892
-1386
689
2186
3549
5000
6099
6180
5110
3438
1832
514
-665
-1776
-2595
-2887
-2719
-2376
-2023
-1608
-1132
-820
-906
-1297
-1594
-1483
-1007
-405
208
949
1949
3109
4071
4472
4217
3489
2485
1178
-541
-2512
-4230
-5211
-5377
-5005
-4336
-3371
-2027
-392
1221
2438
3023
3025
2744
2491
2325
2051
1515
839
326
128
87
-94
-564
-1227
-1896
-2477
-2969
-3331
-3419
-3109
-2433
-1498
-334
1041
2412
3398
3826
3910
3906
3673
2840
1390
-187
-1397
-2177
-2728
-3096
-3172
-2937
-2478
-1820
-963
-98
469
688
826
1097
1386
1504
1510
1572
1670
1655
1520
1364
1137
653
-77
-753
-1169
-1444
-1752
-1985
-1905
-1519
-1064
-652
-179
405
943
1279
1459
1593
1632
1450
1071
674
366
71
-301
-701
-995
-1134
-1177
-1182
-1143
-1029
-844
-615
-358
-83
191
432
625
772
878
947
987
979
858
569
166
-218
-509
-799
-1187
-1597
-1800
-1683
-1390
-1115
-855
-462
82
567
800
830
833
874
841
636
308
-29
-324
-614
-920
-1198
-1368
-1386
-1270
-1070
-765
-225
680
1904
3174
4147
4608
4479
3758
2555
1147
-175
-1365
-2591
-3829
-4608
-4392
-3225
-1790
-725
9
908
2157
3287
3658
3146
2224
1425
851
261
-478
-1152
-1438
-1291
-980
-747
-573
-372
-267
-501
-1030
-1460
-1483
-1244
-1086
-1010
-632
300
1496
2379
2649
2479
2193
1866
1286
251
-1138
-2447
-3198
-3249
-2871
-2443
-2058
-1485
-540
579
1423
1700
1515
1202
1003
922
820
601
308
85
39
107
107
-68
-340
-586
-805
-1076
-1368
-1532
-1492
-1326
-1078
-631
115
987
1661
2017
2224
2419
2444
2053
1259
350
-436
-1074
-1601
-1954
-2050
-1912
-1627
-1217
-689
-156
213
406
580
838
1062
1071
899
775
834
951
928
747
530
329
52
-370
-835
-1193
-1427
-1631
-1800
-1770
-1407
-802
-168
382
891
1384
1764
1902
1785
1495
1093
610
107
-312
-607
-821
-990
-1070
-1005
-839
-688
-610
-569
-501
-378
-174
129
485
768
901
949
1033
1140
1136
931
584
196
-204
-626
-1034
-1348
-1518
-1531
-1372
-1060
-682
-327
22
419
810
1046
1057
958
869
739
456
68
-238
-373
-450
-575
-682
-643
-486
-372
-402
-505
-560
-541
-517
-548
-621
-660
-582
-363
-57
267
625
1129
1883
2836
3732
4216
4026
3132
1745
193
-1252
-2473
-3480
-4294
-4786
-4660
-3687
-2041
-303
1008
1897
2745
3657
4175
3811
2704
1518
690
38
-754
-1555
-1926
-1764
-1463
-1383
-1404
-1196
-798
-616
-889
-1333
-1475
-1181
-702
-265
208
915
1843
2728
3270
3343
2994
2346
1488
428
-846
-2205
-3322
-3889
-3868
-3469
-2873
-2069
-1016
152
1180
1892
2270
2365
2262
2063
1824
1497
1038
569
287
201
66
-292
-734
-1005
-1104
-1275
-1621
-1930
-1954
-1707
-1369
-969
-359
500
1407
2102
2508
2692
2670
2359
1718
844
-99
-990
-1732
-2226
-2409
-2329
-2094
-1736
-1201
-514
134
540
711
824
976
1066
988
837
804
912
975
862
658
498
339
36
-427
-877
-1178
-1372
-1549
-1654
-1533
-1143
-604
-65
424
867
1226
1442
1501
1432
1262
1000
675
322
-31
-343
-553
-632
-636
-653
-690
-669
-557
-429
-373
-362
-282
-59
264
584
815
951
1051
1153
1191
1029
632
159
-198
-437
-719
-1104
-1412
-1444
-1235
-986
-797
-567
-210
188
464
576
620
662
661
572
444
372
354
282
63
-255
-535
-683
-732
-774
-831
-829
-693
-429
-117
160
369
525
639
686
623
424
123
-193
-440
-560
-550
-458
-361
-294
-227
-116
15
79
19
-134
-318
-497
-666
-813
-880
-792
-479
92
862
1712
2539
3278
3810
3888
3278
2018
481
-902
-1963
-2833
-3644
-4240
-4234
-3389
-1934
-440
677
1473
2247
3029
3457
3192
2353
1400
636
21
-576
-1092
-1350
-1315
-1137
-971
-847
-751
-711
-792
-987
-1183
-1220
-1029
-689
-324
73
650
1477
2335
2852
2840
2442
1891
1235
353
-792
-1979
-2864
-3228
-3101
-2680
-2134
-1486
-665
317
1256
1865
1998
1766
1431
1199
1073
904
572
153
-141
-196
-151
-243
-519
-789
-919
-1011
-1223
-1479
-1530
-1285
-899
-527
-88
564
1336
1917
2109
2016
1841
1612
1187
480
-390
-1190
-1749
-2014
-2029
-1869
-1594
-1215
-714
-121
455
875
1082
1121
1072
982
865
737
606
464
336
284
344
410
291
-71
-509
-805
-928
-1025
-1174
-1268
-1139
-769
-289
168
546
848
1077
1240
1323
1280
1072
727
340
-2
-272
-472
-606
-688
-767
-865
-913
-813
-574
-343
-252
-246
-140
155
506
719
777
834
976
1108
1071
844
540
249
-42
-373
-722
-1005
-1140
-1100
-930
-722
-521
-272
100
549
917
1097
1135
1112
997
716
326
-12
-230
-435
-706
-927
-922
-719
-527
-468
-430
-253
46
296
383
346
281
238
209
187
168
150
130
106
70
-4
-123
-256
-362
-432
-485
-516
-503
-415
-258
-70
104
237
323
372
379
340
273
208
144
28
-164
-365
-461
-421
-327
-259
-204
-109
2
49
-3
-112
-226
-337
-462
-591
-694
-718
-594
-271
229
794
1333
1831
2297
2638
2671
2264
1458
434
-588
-1454
-2125
-2632
-2966
-3000
-2573
-1697
-626
325
1043
1627
2162
2548
2593
2236
1620
956
351
-197
-691
-1069
-1262
-1289
-1213
-1066
-831
-570
-437
-515
-668
-652
-405
-111
53
152
394
849
1339
1639
1661
1468
1142
707
143
-557
-1329
-1999
-2377
-2392
-2140
-1751
-1261
-643
75
780
1342
1682
1754
1586
1301
1034
786
446
0
-365
-467
-380
-362
-538
-763
-855
-835
-846
-925
-940
-776
-467
-116
235
618
1030
1387
1582
1566
1370
1075
731
323
-176
-723
-1175
-1387
-1342
-1156
-959
-780
-552
-233
126
421
587
654
684
691
647
545
441
388
358
277
131
-4
-64
-95
-200
-407
-626
-750
-755
-692
-605
-485
-300
-56
207
440
617
738
802
786
678
512
340
176
-11
-229
-417
-501
-497
-501
-567
-631
-578
-381
-141
15
58
74
163
331
500
574
529
428
350
310
248
105
-102
-284
-380
-407
-415
-421
-397
-332
-252
-162
-33
147
315
392
383
365
387
400
342
223
105
37
17
22
17
-22
-102
-191
-247
-262
-258
-245
-212
-164
-114
-46
68
217
334
361
320
272
243
208
141
42
-69
-159
-198
-189
-184
-220
-266
-256
-189
-132
-130
-144
-123
-83
-69
-80
-79
-51
-18
19
75
127
113
29
-41
-34
4
-29
-153
-279
-316
-264
-178
-101
-55
-50
-63
-49
17
74
52
-37
-98
-58
45
116
113
76
47
12
-59
-176
-321
-468
-571
-546
-331
52
509
957
1381
1770
2028
1998
1594
911
156
-507
-1050
-1530
-1950
-2171
-2020
-1478
-750
-96
405
872
1383
1798
1894
1626
1186
779
422
33
-382
-696
-830
-837
-806
-755
-659
-557
-529
-582
-632
-596
-478
-327
-158
62
349
680
1020
1309
1450
1366
1077
686
264
-222
-790
-1331
-1649
-1658
-1457
-1206
-949
-622
-171
347
788
1026
1038
929
843
814
738
514
205
-18
-80
-88
-172
-317
-421
-463
-530
-655
-752
-737
-636
-520
-378
-136
207
553
808
970
1075
1106
1003
753
407
30
-338
-650
-857
-944
-949
-911
-798
-555
-210
100
256
291
329
422
491
462
383
366
425
465
412
310
230
156
26
-153
-308
-407
-508
-640
-728
-667
-468
-242
-66
94
290
501
649
689
643
538
387
208
40
-101
-229
-348
-426
-422
-353
-283
-242
-203
-123
-26
28
22
19
73
156
197
188
199
270
342
326
210
67
-47
-141
-248
-354
-417
-418
-384
-336
-273
-176
-40
103
217
275
290
291
283
259
216
169
129
75
-10
-100
-152
-149
-120
-99
-88
-79
-67
-60
-57
-45
-21
26
98
182
247
274
275
270
245
181
81
-25
-115
-194
-263
-299
-289
-248
-198
-140
-67
17
102
182
264
332
366
348
282
180
66
-35
-112
-189
-284
-376
-401
-327
-207
-123
-97
-71
4
98
142
119
76
50
27
-20
-67
-72
-45
-43
-79
-91
-42
22
21
-39
-70
-36
-2
-36
-105
-122
-75
-31
-38
-58
-34
28
80
104
120
140
146
124
93
77
69
35
-32
-101
-134
-123
-94
-73
-64
-48
-6
60
118
140
123
94
75
63
33
-26
-91
-129
-137
-142
-166
-199
-206
-153
-22
194
479
763
947
953
793
551
305
66
-201
-511
-790
-928
-873
-675
-454
-275
-95
151
441
654
705
621
499
377
227
33
-141
-219
-220
-215
-225
-199
-112
-36
-64
-180
-274
-285
-263
-292
-362
-361
-221
15
237
386
479
555
611
608
499
266
-43
-331
-516
-599
-646
-689
-683
-565
-348
-121
53
168
247
313
374
418
413
328
202
121
120
130
76
-19
-76
-82
-105
-181
-253
-267
-253
-260
-263
-197
-65
65
154
239
346
435
448
386
293
196
83
-44
-164
-254
-318
-353
-341
-275
-189
-112
-46
30
109
156
148
109
82
78
81
76
79
105
140
146
107
43
-13
-64
-132
-211
-265
-261
-214
-165
-128
-78
10
122
209
235
209
170
146
129
101
52
8
-10
0
3
-23
-68
-91
-73
-50
-63
-106
-123
-78
-9
30
32
44
101
173
211
205
176
141
96
40
-13
-49
-72
-97
-112
-104
-80
-58
-43
-19
19
45
37
13
2
14
23
15
8
24
59
83
83
65
49
43
39
22
-11
-52
-85
-97
-93
-79
-65
-54
-48
-38
-17
19
57
84
92
86
72
59
51
40
18
-12
-40
-53
-62
-72
-76
-68
-61
-73
-91
-79
-34
-4
-18
-44
-25
36
83
82
67
76
101
102
69
35
15
1
-19
-40
-54
-63
-74
-91
-107
-115
-102
-58
4
59
89
111
140
172
184
171
149
130
103
57
-3
-64
-109
-137
-145
-143
-139
-131
-106
-53
8
52
77
100
135
159
150
109
65
40
22
-7
-42
-57
-44
-23
-14
-23
-29
-21
-14
-25
-47
-54
-31
-1
5
-25
-64
-82
-69
-39
-12
1
0
-4
4
23
42
43
30
15
4
-8
-29
-51
-58
-49
-37
-22
-1
29
53
53
38
24
13
-5
-34
-52
-40
-1
39
65
75
75
65
51
40
38
39
35
28
25
24
21
11
-1
-13
-22
-24
-19
-19
-30
-44
-38
-12
23
47
62
73
86
88
80
62
38
10
-19
-42
-55
-59
-60
-56
-41
-16
12
21
6
-16
-26
-24
-28
-45
-65
-70
-55
-35
-13
12
40
64
68
54
27
-11
-59
-106
-134
-133
-114
-87
-60
-30
0
29
52
67
69
58
46
40
41
38
31
25
23
18
1
-27
-60
-90
-112
-119
-111
-87
-54
-10
48
114
163
183
178
163
146
117
70
12
-42
-77
-94
-103
-100
-83
-46
-3
28
36
23
0
-34
-76
-115
-114
-41
104
290
459
557
566
498
385
235
38
-192
-410
-561
-628
-630
-579
-465
-287
-73
133
311
453
543
549
465
326
183
58
-49
-148
-229
-274
-271
-234
-188
-161
-150
-145
-146
-163
-194
-221
-215
-164
-71
56
199
329
421
466
462
408
288
106
-102
-291
-430
-518
-554
-533
-448
-301
-116
68
214
312
367
386
367
309
230
157
108
70
30
-7
-28
-38
-59
-103
-162
-215
-257
-289
-303
-279
-204
-90
39
162
276
376
445
466
428
334
199
46
-97
-213
-302
-364
-388
-360
-283
-192
-113
-47
23
93
149
173
176
169
160
153
155
159
143
90
17
-42
-75
-106
-153
-198
-218
-208
-189
-164
-116
-42
49
133
196
230
228
199
163
132
92
37
-19
-53
-62
-60
-62
-58
-43
-31
-29
-31
-28
-21
-18
-20
-19
-8
10
32
50
66
75
81
83
72
45
7
-30
-61
-89
-120
-143
-142
-116
-70
-20
21
51
72
78
71
56
44
38
25
0
-23
-30
-27
-33
-53
-65
-52
-30
-23
-31
-33
-26
-30
-54
-81
-95
-92
-83
-76
-70
-74
-91
-111
-110
-70
22
169
356
546
688
750
725
623
449
212
-65
-345
-598
-794
-904
-900
-771
-540
-257
27
281
499
673
775
771
666
493
307
129
-42
-197
-308
-355
-348
-318
-286
-251
-214
-184
-177
-193
-217
-218
-173
-75
59
201
330
442
539
602
596
492
299
62
-176
-388
-571
-700
-746
-700
-586
-430
-244
-44
145
297
396
436
418
354
290
250
213
137
29
-49
-66
-67
-114
-199
-263
-280
-279
-289
-284
-245
-185
-119
-29
107
262
373
412
413
411
390
308
164
2
-136
-241
-317
-357
-350
-309
-252
-188
-114
-34
32
72
100
129
157
168
165
166
174
164
131
99
84
66
5
-88
-176
-232
-265
-292
-301
-266
-187
-85
18
113
190
238
254
251
243
225
178
105
29
-27
-60
-91
-129
-167
-181
-167
-142
-118
-88
-48
-10
17
37
68
106
133
143
141
142
138
120
89
55
12
-52
-126
-185
-217
-217
-197
-162
-116
-65
-7
58
118
157
171
171
180
187
175
133
77
26
-17
-58
-99
-126
-132
-127
-125
-125
-111
-75
-23
31
84
134
170
182
172
151
129
100
55
-3
-60
-104
-136
-154
-157
-143
-120
-92
-63
-33
0
29
52
67
77
84
92
96
89
62
21
-16
-32
-32
-35
-52
-81
-104
-118
-123
-120
-100
-66
-26
1
19
38
59
70
61
44
36
38
36
28
21
18
9
-13
-34
-45
-53
-70
-91
-93
-61
-18
13
30
46
72
92
97
93
92
95
86
54
7
-31
-52
-60
-68
-76
-71
-49
-17
12
41
68
93
103
94
77
63
51
31
-2
-38
-61
-66
-68
-73
-77
-67
-45
-22
-4
9
20
30
31
29
35
47
52
44
32
25
18
0
-31
-59
-74
-83
-95
-108
-106
-91
-70
-48
-21
13
46
65
73
78
88
98
98
86
59
25
-12
-34
-45
-53
-67
-83
-93
-84
-59
-23
12
40
64
87
104
107
92
70
46
21
-13
-46
-67
-71
-67
-60
-47
-26
-8
2
12
28
44
48
39
28
26
28
24
13
3
-6
-13
-17
-15
-10
-10
-14
-15
-12
-8
-7
-9
-10
-18
-27
-33
-29
-19
-12
-12
-15
-13
-4
8
17
17
13
9
8
3
-9
-24
-29
-19
-6
1
-2
-2
10
24
31
33
33
31
21
6
-6
-10
-12
-18
-21
-14
0
11
16
21
29
32
28
20
16
15
16
13
9
3
-5
-12
-14
-12
-10
-9
-7
0
12
16
12
6
6
10
11
10
8
8
7
0
-10
-15
-12
-4
4
10
12
13
9
7
11
20
22
13
0
-6
-6
-9
-14
-20
-23
-26
-31
-31
-20
-6
-1
-3
-4
4
13
11
5
4
6
3
-8
-22
-27
-27
-27
-26
-23
-14
-3
7
16
21
24
24
25
27
25
14
0
-9
-13
-14
-22
-26
-25
-18
-15
-19
-22
-14
1
16
21
20
19
22
24
25
26
25
22
11
-2
-7
-5
0
-1
-6
-8
-4
-1
3
9
15
21
23
28
33
35
33
28
26
25
24
19
11
6
5
5
6
4
4
3
3
-2
-6
-8
-7
-2
3
11
20
29
35
38
38
37
37
35
26
12
-3
-11
-9
-3
4
11
17
24
32
40
46
50
41
24
5
-11
-23
-32
-41
-41
-33
-23
-9
8
25
42
55
65
69
66
55
42
32
21
1
-24
-43
-47
-45
-43
-42
-35
-19
-8
-3
-3
3
13
22
29
33
33
33
30
28
26
17
1
-13
-17
-12
-11
-16
-21
-15
-2
6
5
0
-1
1
1
-3
-3
3
13
20
21
22
25
31
37
41
37
25
10
0
0
2
0
-9
-17
-19
-18
-17
-15
-7
2
8
9
11
13
14
8
0
-3
-4
0
-1
0
2
4
7
13
16
15
9
4
4
6
6
-1
-8
-7
-1
2
3
5
12
24
34
38
37
32
26
19
12
2
-8
-19
-25
-24
-19
-10
0
12
25
41
51
55
56
54
49
37
18
2
-6
-9
-11
-11
-8
1
12
21
25
27
22
15
12
14
16
13
7
3
6
12
21
26
32
37
39
37
31
24
18
9
-4
-22
-34
-38
-34
-27
-19
-8
8
24
36
43
53
64
71
69
60
48
37
27
13
-6
-30
-51
-62
-61
-57
-54
-44
-21
11
38
52
60
69
78
77
61
36
10
-5
-15
-25
-39
-49
-47
-34
-16
-4
6
14
24
30
26
18
8
-1
-11
-19
-22
-18
-12
-3
11
25
37
44
42
33
21
12
6
-3
-14
-25
-27
-18
-8
-2
-1
3
11
15
16
14
12
12
7
-2
-7
-11
-14
-16
-11
-1
11
18
21
22
26
29
30
22
10
-1
-8
-13
-21
-33
-42
-45
-36
-20
-4
10
22
33
43
55
62
62
57
52
46
37
26
13
5
-2
-8
-15
-16
-10
-4
-2
-3
1
8
15
18
17
13
12
13
20
29
31
28
23
26
31
35
32
26
23
25
26
23
17
13
13
12
6
-4
-9
-6
2
15
27
38
45
48
43
32
21
14
11
7
0
-7
-7
3
15
26
34
41
46
49
43
26
4
-14
-20
-20
-21
-25
-29
-26
-17
-9
-1
10
24
39
47
52
58
60
60
55
48
41
30
22
14
10
5
-2
-8
-13
-18
-28
-33
-33
-28
-24
-24
-17
-4
10
21
33
49
65
74
76
72
64
52
38
23
7
-8
-22
-34
-46
-53
-53
-41
-23
-9
-4
-1
7
21
31
33
30
24
14
0
-12
-19
-19
-17
-13
-6
2
7
5
4
6
15
22
21
16
10
9
6
0
-6
-7
-6
-10
-18
-25
-23
-16
-8
-4
3
16
25
24
20
18
21
26
27
23
20
17
17
15
15
12
10
3
-6
-15
-18
-17
-14
-13
-11
-5
4
12
16
21
29
36
38
38
36
36
36
33
29
25
22
14
5
-3
-3
1
5
5
5
6
10
12
11
5
1
2
5
7
5
3
4
6
9
14
19
25
25
19
15
20
27
26
16
8
7
7
5
2
3
5
4
-2
-8
-12
-17
-19
-18
-15
-8
-2
3
6
6
6
8
18
30
40
39
35
29
23
17
11
10
13
16
13
6
3
10
22
28
27
23
23
22
19
12
10
13
16
10
0
-5
-2
6
14
22
29
37
47
54
54
43
26
14
9
0
-14
-27
-26
-13
-1
2
0
6
19
30
36
37
36
36
35
32
27
20
12
3
-2
-1
2
1
-1
-3
1
10
18
20
19
16
14
16
21
26
26
25
28
35
40
40
36
35
37
35
27
16
5
-5
-15
-22
-23
-19
-10
1
9
13
17
25
33
38
40
37
37
35
26
15
8
6
11
17
16
15
14
15
14
9
3
2
3
3
1
-3
-1
2
2
-3
-9
-10
-6
0
5
10
18
25
28
26
22
17
9
-1
-8
-15
-17
-14
-7
0
5
13
27
40
45
36
27
21
18
12
3
-6
-10
-8
-7
-5
-5
-5
-5
1
11
19
26
31
39
48
52
50
44
34
24
14
9
7
8
11
15
19
21
21
22
19
11
3
0
4
8
7
4
3
6
10
15
27
41
50
52
51
47
41
35
27
18
4
-8
-16
-14
-9
-9
-10
-5
6
17
21
24
30
39
41
38
27
15
6
0
-7
-13
-11
-2
13
27
36
39
40
39
34
24
10
-4
-15
-20
-20
-16
-9
2
16
28
35
34
31
30
32
32
27
20
14
8
1
-6
-14
-17
-10
4
16
23
21
24
37
52
56
48
34
24
16
4
-11
-23
-27
-21
-10
1
8
13
21
33
43
47
40
26
12
4
-5
-13
-17
-10
1
10
15
18
22
26
26
23
17
10
1
-7
-11
-10
-7
1
12
21
26
27
30
37
49
56
58
53
41
29
17
4
-11
-21
-26
-25
-27
-29
-23
-4
23
42
51
51
48
43
35
26
16
6
-4
-10
-8
-4
-1
-2
-3
3
10
14
8
-1
-9
-7
-3
0
-4
-11
-15
-14
-9
2
15
26
34
39
39
36
29
24
19
11
-1
-14
-24
-30
-34
-35
-28
-15
0
7
