
-3
-2
3
10
16
21
25
30
32
31
28
24
24
24
23
17
11
5
4
5
6
5
3
5
7
11
14
18
20
23
26
27
26
25
25
26
26
24
22
16
8
1
-3
-2
1
6
14
22
30
33
36
37
39
36
30
21
15
11
7
3
1
0
-1
-2
-2
0
1
-1
-2
0
7
17
21
23
24
26
27
24
19
13
8
3
-1
-2
-2
1
5
8
11
16
23
27
31
33
34
33
28
18
12
11
14
15
14
13
12
10
5
2
2
5
5
4
4
5
4
4
3
6
10
14
16
15
11
5
-1
-3
-3
1
3
7
11
15
20
24
26
25
21
18
15
12
11
14
15
16
15
14
14
15
14
13
14
15
12
8
5
5
9
14
15
15
14
14
14
14
14
14
15
14
14
14
14
16
15
15
22
25
29
30
30
29
26
24
24
26
27
26
26
26
26
26
25
26
26
26
26
25
26
25
21
16
13
13
16
16
13
14
16
17
20
22
26
28
26
20
16
13
13
14
18
23
26
26
24
21
17
10
5
3
5
5
9
12
17
22
24
25
25
26
26
27
27
26
24
24
20
15
12
14
16
18
15
14
15
18
20
22
26
29
26
20
15
14
13
14
16
16
16
15
14
15
15
11
5
3
4
7
12
18
23
27
26
26
26
26
25
24
20
12
6
1
-1
0
1
6
10
15
19
21
23
22
20
21
21
20
18
14
9
4
3
3
4
5
4
8
12
15
14
14
14
15
14
13
13
16
18
22
25
26
25
23
23
23
19
13
10
13
16
14
13
13
16
20
21
25
26
25
21
17
14
13
13
14
16
16
15
14
13
14
14
13
14
14
14
14
15
16
20
23
27
31
31
29
28
23
18
14
13
15
17
18
21
25
26
26
23
19
15
13
15
15
16
15
14
14
15
16
13
11
5
2
3
6
6
4
4
10
15
17
15
14
15
16
15
14
14
16
15
14
14
17
17
12
8
4
0
-3
-3
2
4
2
1
3
10
16
20
21
23
26
25
22
20
16
10
5
3
4
7
12
15
17
16
14
14
15
15
15
15
16
17
16
18
23
28
26
25
23
22
17
13
13
16
19
18
20
24
27
26
24
23
23
19
15
12
14
17
16
14
16
21
25
26
26
25
26
25
24
24
25
24
24
24
24
24
24
24
25
25
24
24
23
20
17
17
21
27
30
30
30
30
29
26
23
23
24
19
13
12
14
18
17
16
20
26
28
26
21
18
17
14
14
15
17
16
12
7
5
5
9
16
17
16
13
15
16
15
13
14
17
16
14
15
19
23
25
24
27
26
21
16
13
10
7
4
4
5
6
8
12
18
17
14
13
18
24
26
25
25
24
18
10
2
-1
-4
-4
0
6
11
13
15
17
18
20
25
27
24
22
23
26
26
24
24
25
25
25
24
24
21
17
12
14
21
26
28
28
32
33
32
27
21
15
9
2
-4
-3
4
11
17
21
25
28
28
26
24
22
19
14
9
4
1
0
4
10
18
22
21
18
15
12
9
8
11
17
24
27
27
26
25
25
26
25
21
16
10
6
4
5
5
8
13
18
23
26
26
24
18
12
5
-1
-3
-2
1
6
10
12
16
22
25
26
24
23
20
14
11
13
16
17
18
22
30
34
31
22
14
11
10
8
8
12
16
18
20
22
25
26
26
24
19
13
6
3
5
5
6
6
8
12
15
17
16
13
9
2
-3
-5
-4
-3
-2
0
6
12
13
13
16
22
26
26
23
25
25
26
24
24
25
26
24
24
24
24
23
21
22
25
26
28
31
32
30
27
23
21
15
8
2
-3
-3
1
7
14
20
26
29
29
23
15
7
2
0
1
3
7
12
19
24
25
25
24
20
14
8
3
3
4
4
4
8
12
16
15
11
5
2
0
1
-1
-3
-1
3
9
15
21
30
35
32
25
23
25
27
25
24
26
32
39
44
49
52
47
38
27
15
0
-12
-16
-11
-2
6
18
32
49
59
60
52
41
28
13
-1
-10
-12
-11
-8
-2
7
18
26
31
32
28
19
8
-1
-4
-4
-2
4
12
20
27
28
25
15
3
-7
-16
-23
-30
-33
-27
-16
0
17
32
42
43
39
33
24
16
4
-6
-13
-19
-20
-19
-13
-3
7
16
22
25
25
23
18
15
13
14
17
22
24
25
25
24
25
26
27
25
24
23
24
27
31
36
43
49
52
55
56
55
48
39
31
27
22
19
19
21
23
22
20
20
22
22
20
21
21
21
21
20
21
21
18
13
8
5
2
1
-1
-4
-8
-10
-10
-8
-6
-3
0
4
7
10
16
21
22
21
20
17
12
10
11
14
13
12
11
13
14
14
14
20
27
31
33
36
39
42
42
38
32
26
23
23
26
25
24
24
25
25
24
23
25
24
21
16
12
13
18
21
23
25
27
24
21
17
12
6
2
1
-2
-3
-5
-9
-11
-10
-7
-5
-6
-7
-3
2
4
6
10
21
30
34
31
29
30
34
31
24
12
-4
-18
-29
-35
-33
-28
-15
4
28
50
64
74
83
88
85
71
50
29
8
-8
-19
-23
-22
-18
-9
1
11
19
23
29
35
39
39
35
31
26
22
13
1
-11
-25
-39
-54
-69
-77
-77
-69
-56
-38
-17
5
27
47
62
73
77
75
65
51
37
22
5
-12
-24
-32
-35
-41
-45
-45
-41
-36
-30
-16
2
20
34
50
69
87
96
94
86
69
39
1
-33
-58
-81
-110
-132
-140
-128
-107
-78
-40
8
58
101
134
156
167
163
144
117
85
53
24
-1
-21
-39
-53
-61
-64
-65
-67
-70
-74
-75
-66
-50
-28
-6
15
36
54
64
62
49
31
6
-31
-76
-125
-168
-202
-224
-235
-231
-208
-168
-116
-55
10
70
121
157
176
180
174
160
140
121
112
115
125
136
144
142
116
62
-7
-74
-133
-192
-247
-274
-248
-170
-65
45
159
282
402
484
502
457
371
257
119
-43
-207
-343
-421
-442
-420
-370
-288
-179
-63
40
117
175
214
226
203
165
137
126
119
104
80
54
15
-44
-122
-202
-275
-337
-382
-394
-364
-298
-207
-97
34
174
300
382
413
400
359
299
213
103
-17
-120
-186
-220
-237
-244
-232
-197
-147
-99
-56
-10
42
96
146
191
233
256
249
216
174
136
90
19
-72
-161
-226
-266
-282
-275
-243
-193
-135
-73
-6
62
121
166
200
222
233
224
198
157
103
41
-21
-80
-133
-177
-201
-200
-180
-157
-130
-91
-37
29
93
146
185
208
212
197
163
115
62
13
-30
-65
-93
-109
-110
-98
-82
-69
-63
-55
-39
-13
12
33
47
63
79
90
92
89
82
64
30
-11
-53
-86
-118
-145
-155
-143
-112
-76
-37
4
45
74
87
94
99
97
78
48
21
5
-4
-16
-27
-27
-18
-17
-32
-51
-52
-40
-26
-15
0
29
66
96
121
137
150
146
124
87
44
0
-38
-65
-81
-89
-94
-90
-72
-40
-7
18
35
51
66
72
68
56
40
22
3
-14
-25
-35
-43
-50
-49
-40
-30
-22
-16
-3
13
20
17
10
7
13
15
13
10
11
14
12
6
-4
-14
-21
-21
-14
-12
-14
-15
-13
-9
-9
-11
-11
-10
-9
-11
-10
-8
-13
-26
-36
-37
-24
-6
12
26
38
49
56
57
48
26
2
-15
-23
-28
-36
-42
-32
-10
18
39
46
44
42
37
27
12
-5
-20
-33
-39
-35
-21
-5
9
16
18
17
13
8
-3
-12
-17
-16
-11
-9
-10
-11
-4
9
18
18
9
-3
-15
-22
-29
-34
-31
-23
-12
0
14
26
30
25
17
11
3
-10
-26
-31
-26
-16
-11
-8
0
15
29
32
25
18
16
18
17
9
-3
-11
-11
-2
10
17
15
10
6
7
7
0
-9
-13
-11
-6
-5
-5
-1
11
22
28
26
20
14
3
-9
-17
-20
-15
-9
-9
-9
-7
-1
6
11
12
14
19
21
18
13
9
11
12
7
-2
-11
-17
-22
-26
-27
-25
-22
-19
-11
-4
0
-1
-1
7
15
19
18
17
17
17
10
3
-2
-7
-9
-9
-7
-6
-6
-11
-14
-13
-11
-7
-4
-1
4
11
15
16
12
9
6
2
-5
-10
-11
-8
-5
-1
9
21
33
41
46
52
53
46
30
10
-10
-23
-29
-29
-27
-21
-5
19
45
63
67
63
56
44
22
-8
-38
-59
-67
-68
-67
-62
-54
-41
-31
-24
-14
-8
-8
-11
-8
2
12
12
8
8
13
12
0
-13
-20
-21
-27
-32
-27
-13
-1
2
3
10
21
23
16
10
15
28
39
51
57
56
51
47
43
33
10
-20
-41
-47
-47
-50
-47
-35
-9
14
28
36
43
50
50
44
38
32
27
21
23
35
56
73
86
99
112
113
98
68
30
-12
-52
-85
-110
-126
-135
-131
-105
-62
-22
5
22
39
54
55
38
14
-6
-23
-47
-72
-93
-106
-119
-130
-135
-131
-121
-112
-101
-90
-76
-64
-54
-37
-13
10
29
41
51
56
51
31
5
-25
-55
-83
-105
-119
-121
-110
-88
-55
-14
31
68
98
115
118
104
82
58
38
25
23
42
86
157
253
355
429
437
370
248
108
-37
-188
-339
-459
-507
-455
-317
-133
63
249
408
501
495
402
281
163
32
-134
-294
-365
-325
-237
-181
-148
-85
18
94
79
-17
-124
-189
-210
-206
-182
-124
-25
100
216
290
310
285
231
149
32
-115
-261
-373
-425
-415
-358
-267
-152
-25
87
165
203
219
218
184
111
27
-24
-25
-2
17
34
57
73
66
43
14
-21
-80
-146
-178
-155
-106
-56
0
90
199
277
298
284
264
228
155
47
-60
-140
-187
-208
-207
-181
-138
-84
-23
37
77
98
101
95
77
40
-3
-41
-61
-62
-52
-37
-28
-28
-32
-26
-20
-23
-42
-69
-92
-106
-108
-97
-77
-64
-53
-36
-9
16
21
9
-1
-2
-12
-42
-78
-100
-96
-77
-56
-34
-7
30
63
87
100
93
65
19
-30
-68
-87
-85
-61
-12
76
219
410
598
710
695
568
390
203
5
-232
-492
-701
-772
-676
-473
-264
-88
94
324
564
697
654
478
292
157
47
-86
-238
-346
-358
-282
-171
-92
-70
-84
-92
-86
-102
-168
-243
-263
-199
-87
31
155
291
407
458
443
397
330
204
-10
-264
-464
-549
-536
-481
-413
-333
-225
-80
85
216
261
226
183
191
224
210
131
55
58
124
161
118
24
-53
-98
-146
-218
-294
-343
-344
-288
-177
-36
91
176
243
321
393
404
346
270
217
167
70
-64
-172
-214
-219
-232
-251
-240
-189
-126
-71
-16
40
85
112
136
163
173
153
128
132
151
132
55
-32
-85
-116
-165
-224
-254
-238
-210
-197
-171
-102
-17
33
40
47
82
116
103
56
21
17
10
-26
-75
-112
-137
-166
-198
-203
-173
-132
-100
-66
-7
65
115
115
87
65
61
57
32
-8
-42
-54
-40
-8
26
49
58
54
44
30
11
-15
-36
-34
2
75
177
303
436
538
572
520
396
235
57
-133
-322
-485
-582
-579
-464
-249
18
272
447
513
493
440
387
305
131
-140
-389
-469
-354
-186
-121
-151
-129
23
201
228
68
-146
-268
-280
-265
-267
-243
-143
18
184
313
396
421
363
222
37
-138
-278
-393
-494
-556
-536
-410
-208
-9
125
190
241
313
366
324
177
16
-52
-11
68
105
97
100
145
204
213
139
0
-135
-215
-237
-245
-283
-322
-289
-143
52
187
230
254
328
407
384
229
33
-93
-146
-202
-289
-357
-350
-283
-215
-170
-121
-48
16
33
-1
-51
-85
-102
-118
-127
-117
-83
-24
48
115
160
166
136
87
24
-67
-181
-281
-327
-312
-268
-214
-129
-7
122
209
239
226
175
81
-45
-158
-226
-241
-200
-74
182
596
1119
1598
1796
1550
960
345
-76
-435
-1019
-1791
-2283
-2074
-1311
-572
-205
4
459
1164
1688
1688
1279
835
541
282
-61
-394
-532
-475
-409
-454
-504
-400
-196
-144
-387
-765
-974
-882
-629
-417
-285
-89
304
851
1328
1515
1391
1132
901
647
186
-505
-1164
-1486
-1416
-1183
-1001
-877
-678
-326
118
502
687
644
500
439
520
613
575
456
425
508
533
371
119
-48
-143
-330
-656
-937
-980
-804
-564
-327
-46
302
639
892
1045
1071
916
595
238
-43
-272
-535
-781
-852
-712
-509
-382
-296
-145
56
190
220
220
224
179
51
-79
-103
-18
85
127
90
2
-82
-123
-150
-236
-376
-462
-400
-252
-142
-82
36
239
402
393
242
59
-96
-250
-406
-524
-570
-539
-426
-220
32
235
331
326
238
71
-131
-280
-316
-253
-106
203
747
1452
2086
2432
2403
2009
1289
359
-572
-1319
-1893
-2415
-2839
-2845
-2160
-954
217
935
1300
1670
2128
2341
2011
1256
487
-39
-379
-650
-822
-806
-649
-507
-461
-450
-412
-421
-606
-961
-1277
-1311
-995
-476
51
525
1015
1571
2087
2333
2151
1589
858
141
-544
-1267
-1994
-2502
-2564
-2177
-1573
-997
-513
-48
433
850
1083
1094
950
769
667
691
779
808
720
581
477
379
163
-211
-636
-979
-1225
-1397
-1437
-1232
-797
-302
133
581
1133
1664
1872
1614
1085
618
335
79
-335
-859
-1247
-1301
-1063
-757
-561
-450
-268
56
393
547
461
274
154
143
155
102
-21
-174
-305
-364
-309
-173
-70
-104
-234
-302
-198
9
146
136
57
27
50
32
-113
-373
-654
-836
-833
-652
-405
-212
-76
95
330
501
462
216
-92
-342
-515
-582
-426
70
910
1985
3113
4001
4257
3639
2312
765
-603
-1778
-2960
-4147
-4962
-4895
-3754
-1900
-66
1205
1984
2733
3611
4121
3634
2214
662
-310
-740
-1103
-1545
-1736
-1442
-898
-498
-317
-206
-210
-586
-1364
-2102
-2270
-1776
-979
-218
518
1429
2540
3562
4086
3874
3005
1810
593
-584
-1836
-3135
-4119
-4351
-3764
-2751
-1771
-955
-152
726
1527
1995
2007
1657
1203
926
938
1080
1087
909
764
802
814
453
-310
-1124
-1685
-2050
-2391
-2604
-2387
-1655
-689
220
1087
2057
3024
3609
3546
2923
2017
988
-153
-1355
-2428
-3142
-3372
-3114
-2479
-1655
-821
-40
725
1445
1939
2014
1676
1118
534
-11
-523
-976
-1315
-1494
-1474
-1222
-787
-339
-34
121
220
300
309
234
146
88
-6
-176
-330
-360
-329
-391
-538
-560
-325
7
153
32
-197
-370
-468
-542
-598
-567
-337
253
1351
2936
4719
6207
6851
6237
4344
1724
-757
-2606
-4103
-5766
-7401
-7960
-6622
-3837
-981
1052
2551
4190
5848
6631
5982
4340
2580
1123
-148
-1320
-2182
-2562
-2591
-2507
-2368
-2105
-1763
-1546
-1609
-1897
-2184
-2216
-1839
-1092
-129
944
2146
3452
4612
5243
5103
4263
2983
1475
-217
-2124
-4123
-5781
-6529
-6107
-4860
-3418
-2109
-773
800
2407
3522
3789
3354
2725
2353
2266
2097
1540
774
307
304
287
-283
-1291
-2130
-2495
-2668
-2941
-3125
-2870
-2164
-1242
-152
1193
2627
3716
4236
4359
4277
3883
2994
1694
240
-1233
-2670
-3854
-4474
-4495
-4196
-3772
-3056
-1824
-250
1144
1998
2382
2548
2549
2237
1552
676
-107
-653
-998
-1242
-1416
-1476
-1373
-1160
-956
-822
-679
-420
-100
86
55
-14
114
412
603
522
316
226
275
302
228
150
140
109
-62
-356
-658
-939
-1279
-1669
-1870
-1542
-517
1077
2983
4997
6849
7952
7568
5484
2441
-444
-2740
-4886
-7167
-8839
-8723
-6612
-3659
-1164
671
2492
4545
6160
6518
5584
4018
2396
845
-606
-1724
-2285
-2394
-2360
-2266
-1929
-1333
-884
-1030
-1730
-2445
-2694
-2443
-1924
-1270
-421
693
2036
3460
4676
5283
5026
4073
2862
1597
46
-2008
-4222
-5798
-6173
-5478
-4291
-3078
-1900
-589
906
2313
3152
3148
2579
2097
2078
2203
1876
1006
177
-58
169
242
-176
-836
-1332
-1585
-1801
-2080
-2294
-2252
-1882
-1215
-343
576
1401
2109
2758
3310
3546
3266
2498
1431
198
-1151
-2478
-3493
-3960
-3906
-3519
-2889
-1932
-643
703
1698
2136
2144
1933
1530
842
-73
-917
-1389
-1437
-1231
-940
-598
-162
350
805
1032
934
564
83
-365
-714
-943
-1015
-917
-705
-445
-122
304
749
987
872
520
187
-21
-231
-612
-1140
-1596
-1725
-1355
-387
1212
3344
5691
7653
8473
7615
5205
2046
-975
-3582
-6029
-8296
-9601
-9041
-6675
-3666
-1150
781
2777
5065
6934
7453
6435
4526
2497
703
-824
-2041
-2831
-3142
-3035
-2597
-1942
-1281
-889
-896
-1192
-1572
-1942
-2266
-2409
-2141
-1345
-111
1373
2948
4370
5282
5434
4917
3995
2690
758
-1801
-4364
-6046
-6452
-5914
-5016
-3994
-2683
-915
1111
2826
3636
3407
2631
2028
1860
1738
1205
418
46
431
1084
1184
479
-499
-1129
-1369
-1633
-2138
-2624
-2691
-2235
-1433
-459
590
1581
2325
2746
2926
2935
2683
2022
948
-377
-1681
-2677
-3158
-3166
-2950
-2680
-2225
-1366
-214
774
1234
1236
1078
894
596
145
-322
-658
-852
-934
-838
-492
2
391
512
435
331
251
114
-150
-487
-771
-895
-848
-704
-571
-483
-362
-122
149
218
-34
-408
-567
-416
-209
-228
-447
-521
-66
1125
3017
5267
7219
8111
7505
5619
3189
893
-1157
-3347
-5840
-7974
-8622
-7314
-4852
-2507
-684
1236
3676
5946
6919
6359
5062
3735
2304
501
-1360
-2637
-3154
-3269
-3210
-2817
-2065
-1379
-1164
-1269
-1260
-1073
-1043
-1294
-1504
-1308
-700
171
1282
2572
3690
4240
4236
3984
3486
2287
147
-2390
-4340
-5167
-5127
-4789
-4421
-3846
-2743
-1021
964
2513
3094
2873
2586
2715
2884
2342
1042
-106
-258
346
705
314
-312
-473
-229
-196
-627
-1154
-1401
-1447
-1481
-1369
-893
-203
336
667
1081
1658
2033
1860
1277
676
180
-388
-1106
-1769
-2160
-2257
-2154
-1898
-1523
-1111
-725
-338
77
463
711
778
703
566
447
394
385
359
296
233
165
17
-258
-588
-827
-858
-657
-316
8
209
325
431
478
323
-49
-459
-769
-1033
-1352
-1664
-1799
-1598
-884
553
2722
5245
7534
9069
9387
8057
5124
1484
-1717
-4188
-6516
-8848
-10120
-9195
-6430
-3369
-926
1343
3985
6437
7608
7204
5857
4146
2166
70
-1644
-2641
-3123
-3368
-3222
-2429
-1269
-446
-349
-728
-1176
-1606
-2095
-2488
-2465
-1934
-1091
-91
1143
2607
3934
4623
4575
4118
3475
2386
511
-1903
-4003
-5056
-5074
-4582
-3964
-3169
-1999
-501
998
2096
2567
2508
2287
2227
2263
2026
1363
638
368
580
758
462
-189
-751
-1010
-1144
-1377
-1683
-1859
-1748
-1326
-677
60
736
1272
1668
1923
1978
1761
1283
631
-108
-867
-1567
-2098
-2377
-2379
-2133
-1691
-1102
-428
214
650
765
616
369
105
-244
-674
-976
-941
-648
-366
-178
97
529
862
842
575
351
197
-109
-616
-1046
-1166
-1061
-906
-667
-248
222
466
422
309
277
215
-53
-510
-977
-1282
-1270
-708
622
2694
5151
7423
8889
8990
7474
4689
1510
-1300
-3691
-6073
-8367
-9624
-8883
-6328
-3206
-540
1721
4078
6359
7668
7409
5912
3944
1935
-57
-1908
-3296
-4011
-4109
-3699
-2825
-1657
-597
-1
121
-24
-326
-797
-1315
-1581
-1425
-958
-317
592
1850
3174
4039
4226
3972
3458
2407
467
-2082
-4326
-5509
-5626
-5155
-4416
-3389
-2000
-345
1360
2806
3612
3597
3072
2612
2361
1854
754
-434
-844
-369
153
5
-563
-841
-688
-596
-871
-1226
-1311
-1183
-1031
-754
-149
638
1237
1556
1816
2064
1991
1375
446
-402
-1068
-1696
-2284
-2628
-2621
-2342
-1840
-1081
-200
448
658
630
686
809
693
199
-413
-781
-792
-611
-449
-397
-392
-301
-84
104
58
-208
-418
-366
-168
-70
-78
31
323
563
520
271
38
-129
-364
-688
-947
-1066
-1179
-1372
-1418
-930
277
2094
4286
6539
8296
8813
7694
5311
2508
-162
-2743
-5365
-7636
-8780
-8365
-6733
-4638
-2563
-478
1807
4172
6091
6979
6639
5370
3673
1901
207
-1288
-2448
-3230
-3692
-3804
-3424
-2598
-1747
-1344
-1386
-1437
-1212
-895
-773
-783
-604
-77
692
1548
2382
3039
3360
3363
3137
2531
1197
-880
-3074
-4584
-5133
-5051
-4724
-4188
-3255
-1829
-58
1653
2790
3075
2817
2679
2927
3074
2494
1300
297
16
104
-148
-885
-1561
-1693
-1394
-1093
-975
-873
-595
-170
244
533
658
651
630
728
931
1034
855
438
-26
-439
-858
-1329
-1764
-2036
-2108
-1966
-1549
-860
-138
274
300
236
361
538
389
-152
-689
-829
-616
-353
-165
34
241
296
161
20
-11
-81
-318
-554
-538
-317
-170
-166
-76
200
391
188
-320
-751
-906
-933
-1053
-1238
-1221
-719
396
2063
4066
6107
7770
8492
7760
5555
2536
-474
-3172
-5742
-8062
-9332
-8814
-6782
-4299
-2068
136
2712
5283
6885
6998
5998
4563
2978
1213
-582
-2007
-2815
-3117
-3070
-2634
-1797
-894
-441
-612
-1077
-1440
-1666
-1926
-2172
-2091
-1481
-475
660
1795
2886
3814
4414
4595
4279
3297
1556
-650
-2703
-4138
-4968
-5416
-5482
-4926
-3647
-1910
-181
1162
1983
2407
2701
3007
3117
2694
1777
920
636
803
842
453
-90
-412
-546
-794
-1266
-1769
-2076
-2081
-1710
-944
-4
728
1102
1358
1736
2074
1979
1361
534
-188
-792
-1372
-1850
-2056
-1987
-1803
-1586
-1259
-771
-242
130
264
228
118
-31
-222
-418
-519
-425
-129
264
606
799
816
677
415
62
-338
-730
-1050
-1249
-1313
-1213
-899
-374
202
586
669
550
358
63
-447
-1129
-1743
-1997
-1641
-497
1423
3803
6160
8061
9089
8717
6644
3358
-27
-2823
-5309
-7832
-9683
-9589
-7366
-4332
-1779
363
2815
5403
7022
7031
5923
4453
2774
803
-1097
-2371
-2962
-3206
-3151
-2520
-1417
-528
-358
-633
-804
-868
-1262
-2042
-2633
-2516
-1792
-866
163
1430
2810
3871
4379
4514
4404
3730
2086
-300
-2553
-3952
-4523
-4745
-4840
-4558
-3588
-1990
-211
1192
1890
1989
1957
2178
2520
2465
1803
1008
735
1018
1235
894
207
-291
-442
-573
-962
-1482
-1828
-1860
-1617
-1143
-487
194
718
1078
1420
1761
1903
1673
1151
550
-43
-680
-1343
-1880
-2174
-2244
-2154
-1901
-1489
-1005
-561
-200
78
226
205
87
28
72
118
82
42
140
375
598
656
508
189
-244
-693
-1037
-1224
-1312
-1352
-1264
-933
-388
155
498
617
576
367
-80
-728
-1331
-1509
-907
616
2877
5409
7646
9047
9129
7645
4913
1799
-983
-3506
-6209
-8803
-10058
-9060
-6338
-3267
-523
2272
5328
7812
8628
7692
5885
3923
1847
-377
-2348
-3570
-3986
-3811
-3155
-2107
-1042
-439
-379
-528
-689
-1039
-1719
-2423
-2660
-2250
-1368
-194
1183
2556
3598
4187
4508
4624
4135
2571
94
-2433
-4190
-5031
-5303
-5242
-4762
-3721
-2175
-399
1197
2168
2351
2120
2104
2462
2668
2210
1337
790
864
1085
908
383
-65
-279
-485
-860
-1331
-1767
-2117
-2237
-1884
-1053
-134
489
888
1390
2003
2329
2119
1610
1151
704
-9
-976
-1804
-2202
-2275
-2254
-2152
-1870
-1497
-1221
-997
-594
-7
401
352
53
-59
141
388
474
510
652
806
763
521
258
35
-269
-702
-1107
-1330
-1431
-1508
-1467
-1133
-606
-244
-251
-415
-414
-270
-276
-458
-368
491
2164
4301
6512
8400
9314
8533
5985
2545
-713
-3494
-6172
-8708
-10155
-9578
-7215
-4275
-1627
865
3581
6159
7658
7580
6320
4580
2720
781
-1105
-2625
-3531
-3750
-3315
-2381
-1333
-658
-563
-831
-1137
-1419
-1804
-2268
-2542
-2366
-1684
-580
806
2211
3279
3824
4019
4117
3985
3124
1289
-1046
-3020
-4134
-4563
-4751
-4826
-4515
-3504
-1827
39
1400
1849
1628
1447
1756
2228
2170
1445
735
720
1237
1545
1285
827
588
422
-87
-952
-1789
-2363
-2717
-2789
-2295
-1208
-17
787
1311
1984
2787
3147
2698
1751
851
111
-688
-1567
-2227
-2461
-2353
-2044
-1559
-1001
-620
-521
-463
-231
-25
-227
-789
-1213
-1147
-743
-314
101
634
1226
1665
1861
1849
1569
933
93
-617
-1089
-1532
-2062
-2428
-2347
-1906
-1421
-1013
-582
-128
190
316
389
526
752
1241
2370
4330
6726
8682
9311
8146
5427
2064
-940
-3327
-5651
-8204
-10091
-9915
-7427
-3961
-954
1457
3946
6506
8136
8060
6619
4707
2756
700
-1350
-2915
-3662
-3721
-3366
-2666
-1682
-774
-416
-708
-1276
-1741
-2065
-2372
-2581
-2395
-1627
-386
1042
2358
3341
3904
4150
4235
4043
3163
1356
-978
-2992
-4127
-4540
-4717
-4815
-4522
-3496
-1825
-35
1252
1738
1678
1687
2142
2733
2780
2093
1307
1143
1479
1520
851
-42
-478
-470
-577
-1056
-1600
-1901
-2027
-2092
-1913
-1308
-514
66
447
1001
1815
2433
2440
1980
1475
1019
351
-599
-1510
-2069
-2325
-2486
-2518
-2223
-1594
-921
-453
-167
54
157
18
-278
-436
-315
-109
-53
-57
179
695
1129
1152
860
591
426
132
-450
-1139
-1661
-1942
-2035
-1934
-1645
-1324
-1123
-953
-642
-260
29
459
1657
3911
6680
9020
10302
10269
8699
5584
1593
-2216
-5343
-8036
-10311
-11314
-10205
-7377
-4133
-1188
1820
5150
8005
9238
8625
6911
4781
2390
-108
-2199
-3443
-3909
-3878
-3377
-2300
-906
187
517
117
-658
-1510
-2300
-2948
-3316
-3197
-2401
-908
1014
2861
4171
4805
4993
4974
4580
3300
943
-1856
-4027
-5014
-5139
-4983
-4677
-3989
-2833
-1374
187
1595
2430
2433
1998
1861
2180
2336
1900
1351
1379
1804
1775
988
68
-379
-537
-905
-1514
-2022
-2308
-2479
-2412
-1810
-768
145
565
791
1308
2054
2465
2188
1467
768
249
-283
-982
-1718
-2241
-2420
-2301
-1963
-1467
-929
-512
-264
-76
128
212
-9
-435
-708
-625
-373
-256
-263
-102
398
1044
1503
1606
1390
943
337
-346
-1028
-1666
-2200
-2484
-2406
-2054
-1689
-1469
-1288
-946
-390
352
1406
3051
5367
7945
9969
10616
9477
6781
3301
-151
-3273
-6241
-8989
-10711
-10450
-8231
-5256
-2689
-525
2013
5067
7645
8638
7922
6217
4164
1948
-289
-2178
-3421
-4031
-4106
-3581
-2452
-1116
-186
34
-292
-860
-1520
-2188
-2699
-2881
-2645
-1914
-592
1192
2937
4109
4644
4871
4890
4274
2564
-27
-2630
-4433
-5263
-5449
-5341
-4990
-4210
-2841
-1035
662
1633
1747
1558
1731
2291
2611
2263
1666
1608
2197
2636
2167
980
-80
-585
-909
-1535
-2347
-2847
-2829
-2494
-2003
-1283
-355
497
1053
1434
1854
2234
2293
1948
1393
792
140
-546
-1119
-1502
-1819
-2161
-2375
-2255
-1876
-1533
-1330
-1075
-645
-239
-117
-176
-68
292
583
538
340
377
705
970
897
614
393
248
-38
-553
-1113
-1503
-1696
-1781
-1812
-1782
-1700
-1577
-1393
-1159
-942
-733
-273
814
2672
5047
7505
9602
10761
10239
7706
3863
77
-2878
-5432
-8200
-10611
-11175
-9243
-5911
-2771
-197
2563
5753
8357
9199
8241
6379
4308
2114
-156
-2144
-3520
-4290
-4527
-4120
-3037
-1683
-681
-323
-450
-810
-1307
-1895
-2448
-2780
-2720
-2063
-686
1208
3052
4323
4983
5350
5508
5000
3306
571
-2283
-4306
-5284
-5681
-5918
-5878
-5139
-3535
-1401
623
1937
2340
2199
2169
2523
2801
2423
1591
1198
1679
2333
2169
1166
199
-211
-502
-1260
-2297
-2974
-3080
-2894
-2533
-1770
-606
509
1243
1803
2471
3005
2915
2201
1365
720
81
-753
-1584
-2085
-2246
-2253
-2145
-1851
-1484
-1257
-1152
-905
-436
-31
30
-144
-196
41
396
615
614
486
358
302
304
303
241
106
-106
-407
-779
-1147
-1437
-1629
-1733
-1736
-1613
-1397
-1179
-1021
-895
-662
-80
1089
2915
5216
7632
9666
10602
9690
6793
2822
-882
-3791
-6452
-9240
-11244
-10992
-8254
-4522
-1414
937
3478
6506
8953
9497
7977
5416
2904
785
-1114
-2836
-4080
-4508
-4075
-3033
-1738
-546
197
272
-256
-1056
-1812
-2440
-2965
-3243
-2927
-1775
56
2053
3662
4652
5207
5596
5675
4813
2553
-653
-3618
-5437
-6145
-6299
-6136
-5463
-4160
-2416
-517
1245
2451
2760
2435
2233
2478
2573
1905
929
737
1550
2279
1933
868
151
41
-225
-1194
-2402
-3053
-2992
-2623
-2156
-1424
-382
680
1500
2122
2630
2853
2571
1879
1102
405
-311
-1107
-1793
-2134
-2112
-1902
-1648
-1400
-1204
-1059
-860
-510
-150
-93
-433
-818
-792
-319
191
412
440
561
794
888
721
488
402
368
110
-461
-1154
-1744
-2164
-2403
-2394
-2103
-1643
-1187
-816
-551
-409
-271
227
1446
3375
5659
7918
9748
10412
9066
5684
1506
-2006
-4616
-7175
-9920
-11572
-10663
-7422
-3644
-705
1657
4337
7204
9055
8991
7292
4879
2387
28
-2007
-3445
-4148
-4172
-3570
-2393
-970
80
302
-209
-981
-1683
-2305
-2912
-3351
-3306
-2536
-1049
894
2858
4403
5334
5757
5793
5256
3758
1238
-1700
-4136
-5531
-6010
-6001
-5724
-5063
-3831
-2046
-31
1668
2556
2584
2243
2111
2219
2090
1503
961
1111
1829
2248
1810
902
252
-54
-548
-1499
-2504
-3048
-3084
-2849
-2364
-1488
-347
680
1408
1990
2513
2734
2435
1786
1144
573
-131
-998
-1755
-2187
-2359
-2396
-2261
-1923
-1540
-1282
-1055
-675
-243
-68
-200
-272
14
462
656
524
413
594
912
1014
772
354
-30
-338
-640
-973
-1292
-1528
-1631
-1576
-1375
-1121
-964
-993
-1150
-1273
-1225
-869
2
1595
3867
6468
8905
10583
10736
8752
4930
620
-2886
-5574
-8265
-10911
-12030
-10342
-6502
-2514
437
2871
5615
8277
9578
8867
6709
4087
1551
-754
-2664
-3951
-4515
-4378
-3536
-2077
-453
621
708
12
-922
-1782
-2623
-3479
-4053
-3898
-2807
-927
1354
3534
5126
5919
6124
5989
5283
3434
373
-2971
-5355
-6320
-6386
-6204
-5821
-4831
-3028
-718
1405
2640
2723
2119
1692
1857
2151
1874
1080
599
1017
1914
2351
1917
1043
341
-102
-662
-1587
-2638
-3314
-3314
-2731
-1854
-900
62
1013
1925
2720
3225
3201
2557
1541
566
-206
-950
-1782
-2438
-2546
-2147
-1683
-1474
-1420
-1256
-912
-505
-163
-19
-193
-582
-777
-467
117
434
346
274
544
895
888
553
288
215
15
-538
-1215
-1671
-1879
-2037
-2187
-2150
-1824
-1327
-877
-617
-547
-463
16
1240
3261
5801
8410
10473
11179
9823
6512
2392
-1175
-3813
-6233
-8915
-10999
-10938
-8300
-4457
-1157
1248
3674
6573
8987
9597
8212
5784
3232
820
-1390
-3095
-4023
-4274
-4009
-3140
-1654
-97
714
499
-288
-1120
-1925
-2810
-3559
-3732
-3108
-1784
58
2201
4204
5542
6044
5984
5548
4394
2071
-1180
-4307
-6265
-6826
-6498
-5827
-4935
-3626
-1773
414
2344
3311
3071
2210
1676
1771
1835
1191
236
86
1114
2321
2487
1588
613
150
-251
-1212
-2537
-3474
-3647
-3279
-2608
-1554
-110
1345
2401
3062
3546
3760
3345
2259
992
24
-692
-1498
-2409
-3033
-3047
-2554
-1895
-1335
-959
-746
-570
-280
77
230
17
-320
-369
-62
238
231
76
138
486
808
821
598
401
299
83
-442
-1174
-1808
-2145
-2233
-2180
-1967
-1548
-1049
-721
-672
-719
-546
81
1294
3164
5628
8323
10545
11406
10222
7035
2850
-993
-3936
-6510
-9219
-11290
-11199
-8537
-4758
-1606
735
3323
6504
9099
9750
8406
6080
3584
1111
-1180
-2867
-3726
-3990
-3901
-3304
-2046
-574
279
107
-708
-1550
-2207
-2834
-3438
-3655
-3069
-1620
399
2561
4461
5760
6305
6224
5674
4472
2215
-1011
-4244
-6317
-6904
-6659
-6254
-5610
-4246
-2086
323
2278
3334
3400
2784
2095
1782
1693
1362
785
577
1135
1964
2182
1571
720
147
-320
-1133
-2303
-3351
-3835
-3661
-2925
-1748
-337
1010
2097
2958
3642
3974
3671
2704
1390
106
-1009
-1992
-2791
-3238
-3228
-2848
-2271
-1648
-1103
-714
-402
3
468
659
340
-210
-454
-245
25
18
-76
113
541
791
657
352
124
-66
-363
-719
-1002
-1232
-1523
-1826
-1929
-1739
-1424
-1202
-1100
-1005
-856
-664
-322
483
2053
4390
7109
9590
11097
10926
8759
5084
1075
-2310
-5113
-7921
-10576
-11788
-10441
-7031
-3275
-279
2342
5327
8273
9853
9325
7281
4814
2456
165
-2003
-3657
-4457
-4396
-3645
-2393
-947
177
513
12
-944
-1913
-2707
-3313
-3656
-3494
-2569
-822
1500
3858
5632
6487
6556
6171
5316
3536
574
-2952
-5815
-7182
-7219
-6631
-5830
-4701
-3051
-981
1144
2843
3662
3465
2687
2054
1853
1697
1207
707
855
1649
2246
1955
1029
197
-340
-1031
-2152
-3309
-3909
-3808
-3228
-2288
-969
562
1930
2960
3774
4376
4399
3562
2168
835
-221
-1297
-2534
-3507
-3713
-3231
-2601
-2158
-1759
-1184
-491
115
546
794
815
626
411
321
240
-38
-413
-495
-104
427
632
458
222
117
-12
-356
-819
-1169
-1378
-1604
-1877
-1998
-1828
-1490
-1184
-908
-557
-199
-16
77
566
1917
4137
6803
9313
10918
10755
8384
4469
497
-2556
-5050
-7823
-10605
-11854
-10422
-6966
-3274
-347
2315
5443
8537
10158
9499
7202
4514
2064
-236
-2392
-3960
-4556
-4308
-3570
-2462
-1062
160
523
-125
-1190
-2029
-2592
-3171
-3690
-3630
-2604
-748
1470
3568
5165
6074
6384
6243
5449
3533
458
-2926
-5491
-6798
-7215
-7165
-6600
-5295
-3302
-966
1258
2837
3329
2860
2234
2181
2503
2390
1603
893
1007
1665
1932
1408
560
-111
-712
-1571
-2613
-3467
-3948
-4061
-3631
-2400
-539
1282
2560
3418
4188
4740
4567
3488
1942
476
-778
-1976
-3075
-3754
-3807
-3392
-2818
-2218
-1546
-783
-24
633
1098
1241
970
427
-38
-210
-233
-331
-427
-241
256
727
875
765
589
330
-143
-736
-1192
-1466
-1773
-2196
-2447
-2213
-1574
-927
-520
-273
-34
148
162
152
580
1919
4251
7127
9725
11132
10663
8216
4503
730
-2300
-4836
-7597
-10420
-11878
-10668
-7204
-3294
-169
2580
5790
9009
10668
9880
7397
4601
2085
-337
-2664
-4355
-4985
-4717
-3925
-2741
-1263
29
516
88
-778
-1641
-2508
-3451
-4119
-3921
-2657
-691
1448
3405
4975
6028
6561
6592
5868
3941
791
-2764
-5564
-7042
-7443
-7231
-6551
-5314
-3506
-1282
1023
2838
3576
3241
2617
2490
2741
2597
1797
1058
1110
1664
1776
1056
41
-664
-1121
-1741
-2580
-3324
-3739
-3782
-3330
-2208
-582
1003
2186
3131
4100
4870
4887
3964
2512
1020
-417
-1895
-3269
-4169
-4404
-4116
-3517
-2685
-1646
-538
446
1171
1563
1538
1101
445
-156
-565
-821
-948
-849
-452
142
710
1093
1226
1067
582
-129
-853
-1440
-1931
-2413
-2775
-2731
-2141
-1262
-551
-246
-168
1
310
518
487
534
1288
3158
5905
8667
10382
10281
8266
5001
1552
-1370
-3917
-6671
-9564
-11408
-10866
-7941
-4118
-831
1909
4952
8272
10472
10261
7953
5018
2431
64
-2354
-4370
-5285
-5066
-4231
-3081
-1562
72
1051
839
-205
-1280
-2063
-2828
-3690
-4136
-3506
-1713
672
2969
4785
6032
6737
6883
6280
4591
1671
-1975
-5275
-7288
-7850
-7482
-6727
-5685
-4137
-1960
550
2682
3699
3504
2881
2781
3228
3280
2297
948
465
1050
1595
1128
-34
-905
-1186
-1440
-2119
-3004
-3661
-3896
-3611
-2634
-1035
675
2040
3157
4346
5414
5679
4767
3054
1187
-550
-2190
-3669
-4717
-5150
-4991
-4322
-3219
-1843
-462
714
1618
2186
2263
1757
847
-107
-826
-1248
-1405
-1329
-1048
-596
19
749
1369
1552
1184
506
-165
-804
-1568
-2405
-2965
-2984
-2564
-1987
-1396
-763
-77
566
1011
1104
812
417
521
1665
3886
6643
9069
10227
9440
6755
3159
-142
-2827
-5544
-8642
-11139
-11473
-9243
-5727
-2469
232
3079
6320
9037
10013
8966
6666
4025
1400
-1160
-3373
-4730
-5002
-4439
-3398
-2053
-614
434
657
148
-654
-1534
-2583
-3643
-4128
-3618
-2312
-633
1300
3452
5386
6532
6857
6694
5893
3778
261
-3526
-6179
-7357
-7703
-7684
-7074
-5561
-3295
-731
1660
3351
3921
3589
3232
3416
3652
3089
1781
740
629
967
876
224
-416
-707
-953
-1546
-2411
-3158
-3529
-3457
-2867
-1722
-256
1135
2284
3377
4500
5248
5044
3818
2134
559
-891
-2463
-4036
-5058
-5155
-4509
-3556
-2495
-1277
46
1235
2055
2393
2184
1438
401
-515
-1071
-1365
-1545
-1506
-1028
-153
768
1393
1605
1429
910
149
-680
-1459
-2176
-2768
-3013
-2732
-2047
-1282
-607
42
710
1207
1282
928
465
378
1145
3046
5870
8748
10439
10071
7735
4366
984
-2051
-5048
-8223
-10928
-11877
-10343
-7046
-3539
-652
2114
5418
8676
10367
9685
7363
4683
2155
-407
-2887
-4644
-5259
-4948
-4050
-2623
-857
534
876
307
-493
-1237
-2202
-3454
-4402
-4396
-3375
-1677
459
2800
4852
6171
6835
7117
6715
4854
1424
-2464
-5402
-6936
-7584
-7821
-7536
-6407
-4404
-1791
969
3183
4200
4052
3581
3559
3754
3278
1880
455
12
464
806
395
-398
-869
-925
-1082
-1695
-2564
-3227
-3403
-3037
-2166
-934
411
1711
3029
4383
5397
5485
4478
2854
1206
-338
-1968
-3615
-4810
-5155
-4700
-3756
-2554
-1227
39
1053
1768
2177
2130
1446
296
-791
-1406
-1611
-1650
-1487
-877
154
1152
1692
1733
1482
1017
303
-577
-1420
-2146
-2794
-3260
-3228
-2529
-1430
-413
309
887
1427
1689
1345
484
-276
-250
843
2840
5380
7932
9643
9582
7476
4129
749
-2190
-5126
-8316
-10882
-11408
-9455
-6109
-2813
64
3154
6665
9583
10546
9293
6830
4207
1631
-1055
-3512
-5028
-5324
-4730
-3589
-1993
-266
851
884
191
-580
-1347
-2456
-3805
-4643
-4351
-3006
-1046
1202
3441
5286
6528
7296
7536
6631
4023
186
-3535
-6136
-7634
-8429
-8530
-7683
-5930
-3577
-866
1885
3969
4715
4347
3905
3978
3954
2937
1160
-129
-201
288
244
-450
-976
-811
-412
-542
-1345
-2348
-3088
-3384
-3147
-2312
-1038
363
1775
3307
4828
5773
5657
4613
3161
1543
-353
-2453
-4232
-5195
-5332
-4928
-4095
-2783
-1162
359
1498
2269
2662
2457
1558
324
-681
-1245
-1560
-1737
-1553
-831
175
997
1418
1525
1366
846
15
-856
-1565
-2178
-2739
-2994
-2639
-1771
-837
-99
571
1299
1851
1864
1287
433
-362
-839
-651
611
3044
6126
8874
10314
9873
7622
4312
934
-2048
-4955
-8091
-10734
-11439
-9555
-6091
-2646
255
3216
6478
9070
9791
8575
6352
3875
1261
-1324
-3290
-4219
-4393
-4265
-3706
-2312
-379
1011
1061
73
-1073
-1948
-2752
-3617
-4194
-3995
-2869
-1002
1309
3689
5666
6882
7331
7135
6112
3815
249
-3676
-6699
-8244
-8664
-8476
-7654
-5850
-3105
-35
2594
4303
5007
4991
4728
4434
3772
2337
469
-787
-813
-171
125
-153
-397
-233
-68
-440
-1315
-2276
-3085
-3655
-3714
-2930
-1382
457
2224
3865
5271
6058
5902
4890
3331
1404
-800
-2959
-4595
-5443
-5575
-5117
-4061
-2490
-767
675
1653
2213
2364
2030
1273
369
-419
-1039
-1508
-1679
-1342
-542
338
905
1088
1056
906
543
-134
-1040
-1927
-2543
-2751
-2545
-2017
-1291
-452
441
1280
1867
2026
1714
1028
129
-790
-1472
-1587
-835
914
3536
6589
9280
10578
9710
6805
2995
-451
-3231
-5989
-9018
-11264
-11165
-8483
-4741
-1546
1027
3898
7129
9404
9521
7759
5355
3065
799
-1514
-3407
-4392
-4515
-4097
-3218
-1888
-516
207
-4
-745
-1477
-2104
-2848
-3649
-4015
-3446
-1892
262
2525
4515
6000
6872
7111
6620
5136
2437
-1221
-4947
-7700
-8970
-8955
-8080
-6538
-4318
-1539
1375
3816
5261
5558
5058
4354
3691
2737
1202
-437
-1204
-786
13
222
-164
-415
-240
-177
-767
-1853
-2903
-3610
-3856
-3408
-2129
-365
1324
2804
4316
5750
6408
5761
4111
2204
402
-1421
-3270
-4754
-5492
-5500
-4978
-3974
-2471
-714
827
1818
2263
2327
2086
1530
737
-75
-669
-944
-968
-851
-642
-329
46
329
348
72
-399
-935
-1423
-1750
-1824
-1646
-1316
-909
-411
192
783
1171
1245
1049
698
271
-207
-737
-1268
-1604
-1382
-253
1848
4598
7392
9460
9983
8469
5292
1672
-1299
-3628
-6097
-8824
-10606
-10082
-7350
-3923
-1040
1433
4192
7069
8946
8988
7472
5281
2984
684
-1529
-3356
-4532
-4991
-4747
-3789
-2290
-747
270
541
247
-362
-1194
-2166
-2987
-3252
-2741
-1527
154
2054
3907
5451
6509
6949
6506
4825
1837
-1889
-5319
-7571
-8375
-8026
-7003
-5612
-3813
-1403
1502
4143
5552
5455
4611
3946
3471
2439
611
-1082
-1503
-687
214
318
-117
-354
-284
-462
-1217
-2193
-2841
-2990
-2762
-2165
-1105
318
1815
3194
4423
5354
5618
4953
3543
1829
79
-1718
-3544
-5127
-6081
-6191
-5472
-4111
-2421
-785
536
1560
2430
3072
3143
2439
1253
165
-527
-975
-1396
-1692
-1636
-1280
-911
-646
-365
-88
-90
-485
-902
-901
-555
-311
-317
-253
129
611
854
871
877
885
699
264
-253
-714
-1115
-1412
-1413
-905
260
2210
4911
7827
9900
10147
8406
5451
2341
-370
-2914
-5764
-8756
-10770
-10568
-8075
-4600
-1524
1014
3788
6929
9281
9559
7774
5077
2439
-33
-2457
-4467
-5490
-5390
-4498
-3102
-1359
338
1340
1303
554
-384
-1390
-2607
-3836
-4439
-3955
-2499
-481
1807
4121
6047
7186
7418
6732
4906
1794
-2046
-5411
-7402
-8083
-8029
-7489
-6232
-4062
-1191
1833
4289
5548
5520
4826
4190
3585
2389
499
-1137
-1506
-763
-11
31
-312
-406
-200
-157
-581
-1346
-2143
-2686
-2728
-2177
-1214
-135
992
2334
3878
5158
5578
4956
3629
2036
328
-1583
-3628
-5354
-6186
-5915
-4877
-3600
-2321
-927
653
2139
3084
3275
2871
2177
1372
493
-430
-1277
-1875
-2106
-1981
-1611
-1143
-689
-312
-22
226
440
508
285
-174
-545
-549
-289
-122
-165
-149
157
573
723
516
163
-196
-643
-1179
-1588
-1650
-1307
-426
1362
4219
7531
10037
10688
9331
6620
3449
418
-2416
-5374
-8467
-10803
-11037
-8759
-5167
-1951
455
2954
6080
8791
9466
7804
5088
2649
657
-1347
-3310
-4589
-4789
-4135
-2993
-1555
-130
666
453
-403
-1208
-1788
-2527
-3543
-4232
-3862
-2353
-213
2078
4268
6087
7176
7358
6649
4968
2169
-1420
-4811
-7038
-7937
-7994
-7511
-6309
-4220
-1526
1210
3490
4928
5321
4905
4288
3769
2909
1221
-802
-1905
-1486
-372
176
-111
-489
-392
-100
-195
-793
-1575
-2221
-2547
-2376
-1650
-581
530
1661
2992
4411
5355
5301
4269
2710
972
-895
-2840
-4548
-5594
-5775
-5184
-4032
-2516
-851
730
2050
3017
3511
3367
2584
1461
384
-507
-1312
-2023
-2405
-2286
-1805
-1215
-615
-24
396
478
361
368
518
481
111
-240
-194
97
187
-6
-138
-26
115
59
-81
-140
-228
-523
-911
-1115
-1091
-959
-550
655
2948
5903
8540
9932
9637
7808
5079
2186
-549
-3364
-6461
-9276
-10647
-9891
-7529
-4679
-1878
1114
4366
7124
8472
8313
7268
5726
3562
857
-1680
-3367
-4264
-4770
-4808
-3962
-2390
-944
-219
2
80
-191
-1155
-2417
-3083
-2796
-1992
-1019
393
2456
4622
6047
6533
6421
5723
3935
921
-2527
-5319
-6985
-7689
-7630
-6808
-5282
-3208
-691
2063
4397
5495
5241
4444
3851
3229
1874
-105
-1615
-1844
-1214
-720
-683
-607
-135
377
371
-245
-1143
-2022
-2691
-2900
-2446
-1467
-375
637
1764
3152
4444
5008
4549
3340
1804
126
-1653
-3324
-4503
-4948
-4733
-4057
-3034
-1743
-362
871
1816
2425
2620
2324
1634
841
185
-355
-923
-1525
-1991
-2139
-1918
-1402
-757
-184
231
597
1049
1470
1534
1105
467
16
-203
-448
-838
-1155
-1147
-872
-578
-364
-113
238
557
645
430
-6
-492
-770
-529
460
2217
4545
6994
8789
9037
7351
4340
1184
-1463
-3948
-6770
-9418
-10539
-9356
-6555
-3472
-653
2282
5456
8028
8984
8267
6657
4691
2284
-523
-3039
-4509
-4937
-4867
-4476
-3445
-1758
-138
653
616
284
-100
-738
-1656
-2406
-2515
-1923
-808
714
2456
3976
4896
5282
5346
4806
3047
80
-3054
-5166
-6040
-6316
-6441
-6142
-4941
-2801
-145
2452
4383
5174
4889
4195
3671
3099
1845
-53
-1608
-1952
-1349
-788
-757
-839
-506
86
321
-101
-906
-1624
-2001
-2027
-1787
-1369
-813
-37
1070
2389
3495
3947
3704
3086
2331
1305
-202
-2007
-3541
-4370
-4532
-4297
-3744
-2780
-1464
-89
1087
1999
2588
2687
2252
1538
839
142
-729
-1673
-2265
-2221
-1715
-1107
-544
27
601
1043
1253
1198
854
240
-453
-929
-1046
-933
-805
-711
-551
-237
194
597
832
830
637
348
-1
-463
-1061
-1636
-1830
-1255
289
2687
5483
7945
9231
8743
6560
3511
578
-1923
-4419
-7167
-9413
-9884
-8167
-5259
-2489
-187
2235
5030
7452
8463
7783
5959
3656
1225
-1108
-3021
-4251
-4781
-4703
-3985
-2579
-772
773
1488
1379
881
263
-600
-1779
-2878
-3290
-2799
-1665
-182
1548
3351
4837
5703
5928
5442
3885
1127
-2144
-4771
-6173
-6669
-6711
-6183
-4705
-2331
377
2781
4414
5028
4732
4024
3292
2342
804
-994
-2061
-1886
-1101
-628
-498
-61
834
1478
1234
291
-767
-1713
-2604
-3241
-3220
-2507
-1490
-378
1052
2887
4579
5370
5093
4207
3083
1624
-299
-2344
-3912
-4735
-4962
-4757
-4070
-2858
-1334
160
1405
2302
2730
2599
2012
1247
499
-233
-982
-1623
-1932
-1798
-1311
-678
-76
395
712
879
871
627
143
-423
-824
-947
-932
-975
-1050
-902
-387
266
648
610
397
302
310
178
-200
-680
-1110
-1485
-1739
-1525
-374
1847
4713
7403
9031
8993
7288
4565
1675
-1019
-3748
-6651
-9074
-9902
-8676
-6161
-3582
-1418
811
3546
6266
7828
7630
6143
4244
2320
267
-1849
-3540
-4370
-4353
-3719
-2552
-955
586
1421
1358
756
-42
-1087
-2437
-3678
-4184
-3718
-2533
-896
1112
3296
5191
6381
6775
6351
4881
2243
-1062
-4052
-6028
-6987
-7215
-6739
-5380
-3188
-581
1880
3715
4588
4463
3737
2951
2249
1291
-76
-1307
-1623
-948
-50
369
400
536
817
751
-4
-1201
-2349
-3178
-3600
-3476
-2713
-1497
-139
1270
2820
4354
5354
5392
4562
3273
1773
75
-1737
-3355
-4473
-4987
-4908
-4225
-3009
-1548
-199
893
1795
2499
2774
2433
1662
883
327
-140
-686
-1176
-1314
-1075
-758
-586
-444
-147
201
318
134
-143
-341
-483
-596
-587
-425
-263
-202
-128
52
154
-40
-372
-456
-222
-19
-91
-270
-369
-570
-1093
-1639
-1523
-359
1656
4081
6481
8255
8639
7288
4763
2080
-282
-2672
-5470
-8200
-9673
-9089
-6859
-4177
-1822
447
3191
6184
8293
8543
7045
4742
2420
263
-1761
-3457
-4483
-4642
-3954
-2602
-978
366
1020
998
574
-132
-1192
-2500
-3583
-3922
-3357
-2051
-192
2037
4255
5926
6748
6790
6137
4568
1874
-1560
-4750
-6833
-7624
-7454
-6632
-5222
-3196
-654
2037
4208
5206
4962
4177
3566
2993
1769
-125
-1643
-1851
-1100
-505
-488
-473
-8
483
361
-362
-1224
-2034
-2847
-3413
-3256
-2321
-1105
31
1257
2775
4241
5031
4916
4175
3122
1816
255
-1415
-2945
-4120
-4765
-4762
-4134
-3057
-1754
-409
818
1793
2428
2672
2477
1881
1098
391
-137
-562
-924
-1155
-1229
-1208
-1096
-800
-380
-115
-174
-359
-353
-165
-65
-150
-222
-144
-40
-59
-127
-108
-31
11
91
324
610
663
362
-137
-653
-1209
-1883
-2524
-2703
-1964
-129
2565
5547
8112
9597
9521
7802
4945
1816
-1021
-3725
-6642
-9319
-10486
-9346
-6601
-3745
-1421
1013
4140
7241
8842
8301
6359
4139
2068
-16
-2076
-3653
-4355
-4185
-3337
-1965
-352
941
1376
909
-42
-1092
-2158
-3233
-4057
-4215
-3448
-1809
404
2754
4770
6154
6901
7065
6424
4526
1295
-2522
-5708
-7460
-7861
-7494
-6696
-5307
-3078
-210
2575
4476
5135
4814
4095
3353
2468
1135
-526
-1791
-1975
-1203
-318
48
93
347
783
766
-102
-1459
-2613
-3223
-3345
-3043
-2286
-1174
95
1493
3095
4650
5509
5227
4081
2717
1423
3
-1648
-3183
-4131
-4348
-4018
-3332
-2388
-1305
-255
673
1466
2035
2196
1875
1270
703
320
11
-376
-807
-1085
-1074
-853
-635
-554
-564
-531
-424
-329
-310
-315
-272
-201
-173
-185
-184
-209
-380
-657
-769
-488
25
343
272
37
-62
-102
-415
-1102
-1850
-2255
-2164
-1614
-569
1123
3497
6232
8579
9591
8658
6062
2875
45
-2442
-5204
-8232
-10359
-10310
-8136
-5191
-2635
-338
2472
5769
8370
9095
7921
5779
3465
1131
-1231
-3275
-4514
-4823
-4395
-3356
-1796
-156
833
827
209
-487
-1234
-2285
-3439
-4002
-3504
-2122
-277
1833
4052
5920
6954
7124
6664
5442
2989
-647
-4411
-6999
-7973
-7856
-7223
-6059
-4067
-1331
1544
3802
4948
4965
4307
3553
2880
1944
490
-1036
-1752
-1317
-364
260
396
499
809
961
485
-616
-1897
-2893
-3352
-3226
-2626
-1750
-679
692
2371
3972
4907
4931
4315
3435
2356
944
-753
-2388
-3560
-4066
-3948
-3392
-2598
-1700
-752
195
1022
1580
1761
1541
1030
480
132
11
-101
-355
-618
-645
-433
-241
-243
-330
-309
-187
-146
-298
-573
-796
-858
-750
-568
-440
-416
-432
-365
-162
132
398
517
454
301
196
159
24
-347
-860
-1265
-1445
-1465
-1318
-749
571
2721
5389
7874
9216
8620
6136
2870
110
-1917
-4092
-6948
-9497
-10041
-8107
-5003
-2250
51
2764
5980
8463
8996
7677
5534
3276
967
-1318
-3155
-4237
-4650
-4467
-3489
-1763
-62
696
430
-110
-397
-724
-1554
-2660
-3272
-2920
-1770
-179
1649
3518
5065
5992
6303
6046
4970
2727
-507
-3851
-6309
-7451
-7489
-6813
-5612
-3895
-1681
808
3078
4501
4752
4163
3458
2975
2319
1005
-650
-1640
-1385
-440
160
99
-50
226
628
468
-448
-1656
-2604
-3071
-3048
-2519
-1545
-341
935
2281
3608
4519
4623
4012
3148
2235
1014
-674
-2412
-3546
-3899
-3820
-3576
-3034
-2039
-819
202
877
1345
1662
1662
1265
704
306
139
8
-224
-473
-584
-521
-380
-271
-257
-359
-552
-758
-914
-1030
-1125
-1123
-893
-466
-66
121
176
310
525
608
450
205
43
-95
-306
-492
-495
-427
-555
-872
-1085
-1059
-974
-836
-109
1778
4597
7272
8678
8376
6662
4223
1779
-314
-2303
-4657
-7193
-8815
-8473
-6351
-3724
-1527
507
3056
5866
7702
7655
6088
4082
2258
477
-1417
-3070
-3955
-3969
-3394
-2454
-1267
-147
432
339
-48
-377
-789
-1565
-2471
-2842
-2305
-1106
355
1931
3536
4852
5554
5627
5154
3920
1618
-1486
-4435
-6307
-6894
-6597
-5827
-4689
-3082
-962
1442
3547
4672
4638
3991
3420
2926
1914
186
-1469
-2011
-1318
-327
60
-105
-149
217
531
204
-764
-1842
-2547
-2756
-2521
-1868
-875
252
1338
2380
3373
4051
4064
3382
2344
1242
75
-1193
-2341
-3053
-3263
-3113
-2668
-1901
-957
-151
369
729
1012
1045
702
235
44
182
325
251
98
78
154
165
79
-36
-211
-541
-963
-1272
-1373
-1353
-1269
-1009
-505
42
344
386
430
624
768
593
167
-153
-151
57
253
381
449
347
-51
-656
-1235
-1719
-2192
-2519
-2222
-888
1372
4016
6460
8151
8514
7252
4820
2172
-189
-2635
-5537
-8217
-9332
-8341
-6125
-3866
-1735
881
4027
6667
7670
6960
5370
3625
1814
-172
-2093
-3453
-3947
-3627
-2692
-1374
-20
939
1243
980
410
-351
-1330
-2443
-3360
-3678
-3175
-1870
12
2083
3923
5317
6264
6641
5963
3794
463
-2910
-5281
-6471
-6916
-6865
-6119
-4484
-2163
384
2669
4200
4596
3989
3079
2441
1858
757
-751
-1713
-1445
-431
253
227
69
330
754
654
-220
-1467
-2519
-3048
-2980
-2404
-1552
-652
285
1413
2672
3642
3910
3515
2841
2118
1227
34
-1260
-2256
-2740
-2779
-2528
-2077
-1514
-970
-515
-84
360
671
675
453
319
439
617
583
406
396
612
716
392
-236
-790
-1119
-1354
-1564
-1611
-1404
-1083
-797
-469
23
545
832
857
837
852
702
281
-136
-202
25
167
53
-92
-55
-11
-298
-976
-1788
-2515
-3099
-3371
-2884
-1259
1365
4354
7055
9038
9935
9340
7163
3962
585
-2563
-5634
-8559
-10503
-10510
-8608
-5869
-3214
-552
2607
5970
8358
8838
7571
5420
3051
694
-1444
-3015
-3814
-3941
-3525
-2530
-1036
464
1330
1345
786
-62
-1200
-2574
-3738
-4107
-3515
-2243
-564
1463
3678
5606
6776
7047
6418
4701
1806
-1696
-4676
-6343
-6824
-6686
-6144
-4974
-3064
-692
1679
3598
4640
4598
3811
2936
2227
1295
-119
-1442
-1815
-1231
-578
-454
-457
33
794
1010
349
-704
-1602
-2273
-2752
-2788
-2171
-1187
-293
510
1557
2787
3584
3505
2833
2146
1569
763
-418
-1616
-2367
-2572
-2441
-2162
-1757
-1223
-623
-34
478
841
981
897
715
578
514
407
144
-218
-459
-431
-263
-255
-530
-872
-966
-761
-511
-441
-486
-412
-124
242
526
713
857
916
768
402
-26
-343
-527
-643
-697
-640
-495
-375
-357
-441
-651
-1063
-1660
-2237
-2510
-2257
-1287
568
3249
6250
8736
9974
9630
7808
4934
1603
-1735
-4970
-8035
-10386
-11082
-9684
-6887
-3880
-1149
1692
4844
7548
8719
8097
6376
4337
2223
59
-1869
-3150
-3661
-3579
-3032
-2020
-737
301
621
222
-497
-1199
-1867
-2577
-3178
-3284
-2591
-1122
800
2737
4330
5412
5987
6031
5301
3481
641
-2498
-4965
-6240
-6488
-6172
-5516
-4416
-2692
-390
2039
3811
4323
3772
3060
2790
2499
1328
-603
-2002
-1884
-784
-39
-129
-326
38
621
669
51
-752
-1416
-2006
-2496
-2582
-2104
-1298
-451
465
1544
2580
3199
3292
3052
2608
1867
795
-367
-1285
-1850
-2154
-2257
-2104
-1691
-1152
-629
-122
390
763
769
413
13
-150
-160
-282
-490
-457
-50
384
429
144
-41
64
182
2
-391
-653
-624
-448
-336
-323
-288
-117
174
436
512
389
197
28
-152
-368
-500
-429
-239
-154
-265
-477
-715
-1009
-1348
-1590
-1611
-1414
-964
-41
1567
3768
6138
8078
8938
8180
5808
2610
-345
-2671
-4900
-7470
-9681
-10101
-8165
-4936
-1984
268
2618
5511
7997
8666
7302
5067
3092
1432
-384
-2257
-3533
-3855
-3501
-2830
-1898
-774
142
469
262
-193
-830
-1716
-2597
-2946
-2528
-1594
-429
1011
2771
4494
5640
5974
5568
4393
2279
-591
-3433
-5385
-6174
-6171
-5809
-5127
-3860
-1851
636
2933
4311
4491
3879
3146
2500
1539
-19
-1627
-2291
-1698
-620
14
148
391
971
1367
1037
82
-1021
-1969
-2663
-2933
-2644
-1984
-1277
-506
618
2055
3234
3669
3465
3019
2434
1549
404
-678
-1486
-2071
-2426
-2357
-1793
-1054
-540
-305
-127
73
119
-106
-450
-669
-688
-583
-407
-135
238
645
990
1207
1248
1063
628
18
-593
-1037
-1263
-1342
-1313
-1116
-697
-157
290
503
504
383
183
-91
-397
-675
-858
-883
-701
-352
-6
169
135
-37
-303
-688
-1190
-1693
-1983
-1807
-944
719
3068
5692
7919
8960
8280
6029
3088
440
-1680
-3832
-6387
-8660
-9320
-7804
-5001
-2330
-269
1828
4468
6981
8084
7280
5318
3242
1407
-358
-1999
-3137
-3591
-3548
-3104
-2115
-700
463
761
344
-172
-597
-1281
-2340
-3231
-3339
-2619
-1382
237
2181
4051
5254
5623
5457
4828
3301
640
-2484
-4903
-6024
-6191
-5975
-5441
-4225
-2149
411
2679
3938
3986
3290
2558
2049
1371
142
-1270
-1967
-1529
-521
203
449
676
1154
1535
1334
531
-543
-1633
-2618
-3247
-3251
-2709
-1998
-1236
-103
1572
3254
4118
3950
3302
2729
2165
1250
-26
-1242
-2030
-2349
-2297
-1933
-1363
-821
-487
-296
-99
41
-118
-615
-1104
-1162
-723
-103
387
726
1065
1436
1674
1626
1276
705
4
-705
-1258
-1565
-1691
-1722
-1609
-1222
-610
-29
318
482
614
690
546
143
-321
-593
-575
-339
-41
156
160
28
-101
-231
-548
-1162
-1881
-2333
-2266
-1622
-384
1492
3887
6376
8292
8935
7921
5518
2641
142
-1968
-4344
-7107
-9173
-9214
-7225
-4583
-2433
-500
2094
5209
7523
7986
6870
5175
3438
1568
-427
-2134
-3217
-3738
-3787
-3164
-1795
-238
669
678
287
-60
-548
-1510
-2700
-3413
-3245
-2371
-1065
619
2553
4270
5343
5785
5759
5016
3090
150
-2775
-4690
-5530
-5887
-6035
-5577
-4085
-1756
659
2412
3178
3137
2792
2516
2171
1294
-148
-1389
-1572
-758
135
451
504
927
1650
1922
1263
-38
-1377
-2437
-3139
-3362
-3053
-2431
-1743
-827
677
2614
4141
4542
3989
3221
2603
1843
657
-693
-1683
-2110
-2133
-1915
-1518
-1091
-826
-713
-557
-353
-394
-823
-1303
-1338
-858
-229
281
772
1373
1930
2165
2034
1693
1214
518
-390
-1287
-1932
-2260
-2339
-2204
-1822
-1216
-506
148
608
804
759
598
448
306
96
-169
-338
-297
-139
-59
-111
-197
-272
-460
-883
-1470
-2006
-2319
-2277
-1664
-233
2006
4645
7076
8756
9248
8269
5932
2873
-189
-3043
-5892
-8564
-10180
-9911
-7946
-5295
-2653
134
3307
6306
8082
8183
7123
5601
3801
1632
-659
-2525
-3673
-4170
-4032
-3093
-1498
12
690
554
221
-11
-522
-1672
-3105
-4011
-3919
-2931
-1314
760
3008
4936
6184
6759
6692
5678
3396
195
-2912
-5069
-6223
-6788
-6893
-6211
-4503
-2063
417
2311
3336
3560
3291
2853
2324
1532
435
-566
-890
-420
312
734
856
1101
1545
1664
930
-543
-2109
-3199
-3660
-3607
-3210
-2607
-1808
-625
1064
2915
4192
4441
3942
3322
2796
2052
856
-532
-1611
-2116
-2132
-1869
-1521
-1256
-1138
-1085
-966
-787
-662
-630
-582
-403
-83
333
823
1337
1779
2056
2124
1936
1411
560
-405
-1186
-1662
-1956
-2195
-2293
-2049
-1435
-690
-103
239
422
509
487
367
222
78
-116
-325
-339
-27
390
519
243
-161
-437
-686
-1180
-1926
-2598
-2815
-2349
-1155
648
2812
5093
7287
8958
9294
7678
4523
1150
-1498
-3740
-6344
-9008
-10282
-9181
-6365
-3306
-647
2042
5009
7530
8603
8035
6430
4375
2087
-224
-2142
-3368
-3957
-4035
-3504
-2288
-738
484
973
819
274
-592
-1752
-2940
-3719
-3795
-3141
-1798
183
2542
4736
6272
7026
7070
6248
4231
1143
-2172
-4732
-6202
-6895
-7074
-6568
-5134
-2932
-478
1681
3152
3746
3611
3170
2687
1956
713
-676
-1337
-855
196
913
1047
1041
1208
1285
853
-141
-1417
-2676
-3644
-4036
-3737
-2966
-2018
-880
644
2414
3839
4438
4316
3872
3206
2130
674
-705
-1589
-2013
-2233
-2302
-2095
-1665
-1264
-986
-684
-329
-209
-520
-976
-1066
-661
-90
362
767
1283
1836
2214
2314
2107
1535
626
-373
-1171
-1729
-2183
-2512
-2478
-1993
-1295
-681
-191
291
735
969
933
751
542
290
-10
-227
-241
-157
-219
-494
-755
-746
-523
-409
-642
-1113
-1522
-1711
-1725
-1575
-1077
27
1817
4117
6513
8351
8863
7657
5145
2293
-284
-2788
-5617
-8371
-9868
-9328
-7236
-4767
-2471
66
3214
6353
8283
8418
7255
5619
3819
1742
-527
-2522
-3814
-4303
-4040
-3096
-1738
-515
124
216
79
-227
-935
-2048
-3042
-3305
-2676
-1429
149
1911
3662
5100
6007
6315
5900
4523
2145
-763
-3434
-5334
-6394
-6779
-6554
-5661
-4095
-2028
171
2019
3121
3436
3320
3161
2936
2290
1150
90
-186
301
761
596
108
-12
279
281
-475
-1600
-2404
-2758
-3010
-3239
-3059
-2216
-974
284
1506
2748
3735
4038
3656
3047
2509
1829
734
-575
-1576
-2054
-2234
-2351
-2343
-2085
-1668
-1285
-953
-604
-313
-228
-261
-118
311
787
1072
1262
1568
1907
1960
1602
1032
462
-110
-719
-1277
-1697
-2021
-2244
-2162
-1650
-956
-467
-214
88
519
774
629
324
227
342
389
251
68
-76
-253
-451
-491
-343
-263
-494
-924
-1262
-1432
-1595
-1817
-1879
-1475
-419
1321
3632
6145
8159
8915
8069
5938
3245
551
-2097
-4898
-7633
-9439
-9462
-7765
-5314
-2944
-555
2362
5564
7866
8312
7161
5446
3774
1978
-133
-2184
-3590
-4180
-4127
-3500
-2310
-937
-79
-45
-419
-659
-810
-1317
-2201
-2839
-2622
-1573
-139
1344
2793
4111
5104
5630
5594
4787
2986
372
-2384
-4561
-5894
-6520
-6565
-5982
-4744
-2969
-883
1203
2847
3684
3790
3621
3444
2991
1931
572
-292
-278
144
291
69
-102
-14
39
-293
-991
-1824
-2642
-3342
-3679
-3423
-2629
-1557
-321
1163
2798
4120
4680
4501
3955
3259
2294
952
-529
-1742
-2477
-2809
-2869
-2692
-2283
-1725
-1123
-568
-151
32
-15
-125
-86
161
498
812
1122
1493
1872
2070
1928
1457
809
123
-564
-1269
-1957
-2486
-2697
-2534
-2097
-1552
-994
-423
157
656
958
1046
1022
977
885
670
341
13
-203
-285
-294
-316
-419
-603
-783
-897
-1006
-1235
-1577
-1879
-1990
-1844
-1292
-39
2062
4671
7084
8647
8968
7889
5572
2611
-280
-2877
-5461
-8028
-9758
-9688
-7810
-5094
-2416
168
2935
5644
7539
8068
7310
5714
3690
1521
-569
-2385
-3774
-4549
-4496
-3575
-2112
-683
269
685
746
533
-51
-1007
-2000
-2540
-2394
-1706
-684
636
2208
3750
4907
5539
5619
4907
3065
251
-2703
-4918
-6156
-6713
-6785
-6203
-4775
-2631
-204
1970
3445
4092
4196
4127
3845
2975
1490
76
-484
-195
210
192
-69
-131
9
-36
-501
-1253
-2075
-2851
-3433
-3539
-3002
-1981
-774
495
1856
3195
4173
4529
4309
3694
2734
1413
-100
-1434
-2336
-2825
-2985
-2778
-2198
-1477
-930
-587
-239
140
268
3
-311
-200
318
793
976
1117
1481
1891
1965
1622
1093
524
-160
-960
-1684
-2184
-2504
-2662
-2517
-1986
-1280
-685
-211
324
921
1324
1383
1248
1120
974
678
277
-45
-236
-421
-679
-906
-956
-836
-672
-565
-543
-615
-781
-1004
-1222
-1363
-1314
-842
338
2299
4707
6916
8266
8349
7112
4865
2197
-323
-2563
-4801
-7107
-8813
-8935
-7220
-4505
-1824
603
3143
5729
7568
7967
7056
5430
3425
1103
-1257
-3122
-4191
-4558
-4321
-3369
-1784
-155
838
1080
950
682
98
-920
-1998
-2559
-2416
-1811
-933
305
1892
3444
4525
5072
5202
4683
3039
316
-2589
-4655
-5658
-6074
-6196
-5737
-4340
-2170
188
2187
3515
4070
4003
3673
3262
2548
1304
-122
-975
-936
-489
-285
-407
-484
-360
-297
-585
-1193
-1880
-2421
-2657
-2496
-1979
-1255
-408
609
1810
2978
3786
4033
3743
3052
2094
991
-119
-1108
-1879
-2359
-2516
-2378
-2019
-1507
-924
-406
-107
-57
-86
19
293
560
668
694
842
1188
1573
1769
1684
1356
835
147
-639
-1394
-1998
-2395
-2554
-2445
-2079
-1558
-988
-383
296
986
1474
1578
1358
1064
860
645
228
-370
-887
-1119
-1144
-1155
-1155
-972
-565
-172
-50
-190
-390
-567
-812
-1154
-1391
-1187
-301
1322
3515
5856
7699
8386
7590
5541
2902
325
-2029
-4426
-6916
-8808
-9105
-7544
-4971
-2454
-213
2239
4985
7198
7934
7134
5519
3701
1752
-379
-2388
-3792
-4351
-4133
-3281
-1964
-524
588
1129
1200
971
397
-618
-1847
-2732
-2850
-2249
-1258
-84
1274
2759
4120
5053
5383
4971
3653
1439
-1231
-3614
-5189
-5951
-6170
-5921
-4999
-3250
-912
1398
3055
3815
3940
3860
3686
3108
1900
423
-594
-820
-661
-691
-950
-1035
-771
-476
-505
-829
-1228
-1648
-2120
-2457
-2327
-1665
-775
82
960
1995
3008
3605
3602
3152
2471
1605
541
-579
-1528
-2193
-2591
-2702
-2433
-1805
-1056
-463
-109
126
328
441
391
247
176
271
485
738
983
1166
1201
1060
807
484
30
-611
-1316
-1861
-2142
-2220
-2135
-1822
-1273
-650
-106
397
939
1387
1492
1242
920
728
528
98
-480
-888
-960
-845
-742
-673
-573
-470
-427
-414
-376
-388
-588
-948
-1232
-1220
-877
-209
916
2657
4867
6942
8054
7626
5733
3102
573
-1582
-3733
-6123
-8135
-8672
-7370
-5079
-2916
-1068
1082
3738
6096
7164
6818
5715
4374
2750
738
-1321
-2875
-3682
-3848
-3457
-2488
-1139
42
568
464
117
-265
-817
-1619
-2358
-2579
-2151
-1290
-187
1163
2694
4098
5061
5471
5237
4077
1836
-1014
-3540
-5118
-5846
-6109
-5957
-5136
-3554
-1471
704
2565
3755
4131
3934
3565
3075
2163
755
-618
-1295
-1198
-837
-661
-661
-630
-519
-440
-503
-812
-1446
-2260
-2823
-2750
-2101
-1268
-478
432
1639
2921
3782
3934
3514
2816
1970
939
-253
-1430
-2392
-3009
-3197
-2892
-2149
-1223
-413
164
607
991
1218
1167
915
696
635
644
578
464
450
611
831
891
652
148
-449
-969
-1350
-1634
-1833
-1865
-1653
-1234
-740
-267
175
593
926
1089
1066
916
682
359
-34
-384
-549
-514
-455
-545
-747
-843
-722
-509
-404
-447
-557
-703
-924
-1151
-1209
-1000
-579
32
973
2397
4211
5999
7163
7142
5743
3408
991
-991
-2815
-4988
-7238
-8445
-7792
-5706
-3364
-1395
537
2875
5292
6921
7231
6403
4929
3144
1205
-689
-2284
-3387
-3891
-3721
-2901
-1703
-583
127
407
395
136
-420
-1183
-1863
-2181
-2051
-1487
-484
885
2332
3538
4423
5036
5150
4251
2148
-575
-2935
-4411
-5217
-5741
-5945
-5440
-4014
-1933
252
2032
3156
3682
3859
3839
3456
2427
860
-571
-1193
-1043
-786
-887
-1092
-893
-313
75
-146
-825
-1581
-2231
-2699
-2781
-2323
-1506
-640
300
1576
3089
4218
4475
4037
3391
2629
1467
-121
-1676
-2727
-3202
-3248
-2911
-2200
-1269
-338
515
1269
1757
1773
1376
867
456
108
-216
-379
-241
107
435
646
792
860
713
286
-290
-814
-1208
-1513
-1743
-1817
-1658
-1292
-835
-388
12
362
657
883
1018
1016
832
498
160
-50
-165
-343
-640
-893
-919
-741
-552
-485
-527
-615
-724
-820
-856
-850
-874
-868
-577
262
1698
3556
5519
7090
7625
6720
4643
2215
94
-1757
-3776
-6018
-7807
-8242
-7024
-4743
-2336
-249
1786
4098
6321
7530
7155
5583
3676
1905
193
-1504
-2871
-3568
-3605
-3177
-2359
-1250
-236
228
113
-185
-408
-736
-1363
-2031
-2216
-1697
-690
526
1850
3199
4340
5026
5138
4554
3087
757
-1895
-4065
-5331
-5890
-6081
-5853
-4866
-3023
-713
1429
2930
3662
3843
3823
3710
3185
1911
196
-1049
-1227
-760
-564
-909
-1162
-761
-57
112
-562
-1586
-2354
-2718
-2785
-2522
-1830
-817
295
1478
2811
4085
4785
4620
3840
2859
1722
237
-1479
-2909
-3641
-3722
-3395
-2723
-1700
-526
469
1170
1666
1922
1739
1135
500
183
104
-28
-220
-186
156
514
586
435
283
140
-164
-644
-1089
-1329
-1430
-1510
-1537
-1399
-1096
-734
-374
13
416
726
840
778
649
538
463
377
202
-110
-486
-742
-756
-636
-617
-780
-944
-903
-685
-510
-508
-624
-748
-825
-793
-520
137
1244
2800
4674
6437
7371
6919
5216
3022
979
-956
-3202
-5732
-7761
-8360
-7336
-5398
-3409
-1580
525
3195
5922
7666
7787
6552
4740
2893
1087
-714
-2351
-3545
-4088
-3881
-2975
-1699
-576
57
296
382
284
-224
-1099
-1907
-2225
-1990
-1324
-259
1181
2733
4018
4876
5317
5160
4021
1820
-861
-3179
-4715
-5630
-6172
-6257
-5560
-3941
-1679
639
2430
3450
3880
4045
3976
3362
2017
342
-881
-1242
-1067
-983
-1154
-1208
-823
-237
-7
-404
-1188
-1921
-2341
-2408
-2174
-1701
-1022
-82
1199
2694
3967
4550
4354
3673
2774
1645
210
-1341
-2600
-3292
-3420
-3111
-2467
-1628
-777
-14
718
1411
1808
1632
1010
449
294
352
216
-147
-351
-119
365
693
688
459
148
-198
-559
-885
-1176
-1472
-1721
-1750
-1468
-1009
-599
-297
7
364
662
768
691
556
459
407
349
210
-68
-439
-737
-800
-666
-557
-640
-842
-939
-833
-668
-663
-870
-1124
-1216
-1069
-712
-138
820
2342
4372
6426
7742
7726
6380
4307
2205
306
-1701
-4115
-6599
-8213
-8196
-6707
-4643
-2659
-556
2146
5182
7430
7994
7083
5598
4066
2349
313
-1686
-3158
-3946
-4116
-3642
-2562
-1295
-406
-43
97
185
-12
-699
-1611
-2249
-2333
-1862
-870
553
2095
3389
4362
5118
5468
4869
3059
503
-1966
-3869
-5238
-6181
-6565
-6151
-4883
-2933
-659
1457
2960
3695
3899
3896
3677
2929
1517
-102
-1162
-1310
-949
-739
-824
-775
-317
158
30
-770
-1703
-2289
-2525
-2555
-2307
-1643
-654
476
1743
3143
4309
4683
4154
3193
2228
1170
-243
-1828
-3037
-3542
-3472
-3062
-2380
-1452
-438
467
1173
1610
1696
1474
1170
954
749
426
94
-16
100
223
258
329
462
430
86
-370
-650
-798
-1068
-1448
-1615
-1399
-1036
-802
-623
-269
229
598
718
741
768
662
316
-66
-176
-24
66
-125
-446
-627
-659
-778
-1074
-1332
-1295
-1010
-758
-696
-709
-631
-491
-413
-388
-253
174
1045
2481
4366
6110
6881
6276
4711
2985
1493
-23
-1998
-4403
-6593
-7705
-7297
-5716
-3775
-1930
109
2729
5497
7262
7341
6205
4770
3336
1616
-404
-2193
-3304
-3787
-3792
-3212
-2057
-855
-238
-232
-343
-344
-561
-1267
-2150
-2592
-2281
-1334
-1
1509
2960
4126
4937
5373
5208
4051
1833
-883
-3260
-4855
-5806
-6382
-6512
-5852
-4241
-1969
374
2240
3373
3884
4071
4075
3663
2523
842
-582
-1064
-791
-568
-813
-1093
-836
-209
48
-455
-1352
-2044
-2302
-2264
-2060
-1700
-1133
-261
1002
2497
3743
4303
4196
3748
3096
2063
598
-951
-2144
-2851
-3193
-3196
-2766
-1965
-1076
-313
369
1064
1626
1749
1364
798
452
405
417
297
151
180
361
454
337
145
24
-115
-447
-946
-1389
-1624
-1693
-1645
-1429
-1039
-605
-248
79
454
773
846
672
471
410
433
395
249
19
-281
-612
-875
-1002
-1066
-1177
-1311
-1325
-1166
-947
-801
-738
-682
-588
-477
-329
16
838
2342
4390
6383
7520
7323
5974
4111
2267
492
-1531
-3965
-6395
-7947
-7964
-6608
-4665
-2688
-515
2183
5044
7063
7580
6895
5717
4310
2508
403
-1469
-2687
-3323
-3573
-3348
-2522
-1413
-626
-421
-513
-579
-690
-1097
-1752
-2255
-2225
-1582
-460
933
2377
3652
4623
5235
5335
4598
2810
253
-2327
-4245
-5360
-5956
-6244
-6056
-5063
-3177
-760
1499
2982
3568
3684
3797
3809
3167
1709
138
-643
-556
-339
-534
-866
-817
-454
-311
-648
-1217
-1742
-2204
-2561
-2557
-2043
-1253
-473
386
1582
2976
4010
4296
3985
3402
2571
1329
-225
-1649
-2583
-3041
-3213
-3126
-2657
-1815
-847
-3
682
1276
1711
1798
1520
1143
955
946
858
548
159
-70
-79
-20
-82
-333
-676
-939
-1020
-994
-1022
-1109
-1056
-732
-303
-71
-63
-13
229
465
435
214
95
174
255
185
72
76
128
34
-217
-449
-555
-610
-705
-786
-745
-592
-452
-406
-401
-313
-95
158
249
71
-248
-436
-360
-104
320
1205
2817
4813
6240
6320
5175
3596
2174
823
-891
-3111
-5413
-7022
-7289
-6174
-4311
-2455
-758
1213
3643
5868
6928
6592
5475
4189
2757
1006
-843
-2342
-3299
-3792
-3764
-3072
-1930
-937
-495
-449
-476
-592
-983
-1535
-1847
-1666
-1062
-159
1026
2379
3586
4383
4781
4813
4209
2601
106
-2537
-4528
-5624
-6101
-6196
-5811
-4703
-2857
-593
1563
3127
3910
4120
4115
3934
3226
1818
220
-743
-815
-561
-603
-885
-937
-639
-378
-498
-938
-1488
-2048
-2496
-2543
-2004
-1080
-130
796
1903
3180
4208
4566
4209
3367
2209
801
-704
-2060
-3089
-3744
-3956
-3611
-2734
-1590
-490
467
1349
2134
2608
2574
2100
1483
962
557
180
-165
-372
-376
-248
-100
9
43
-69
-374
-805
-1214
-1508
-1680
-1705
-1493
-1016
-385
228
737
1121
1323
1281
1022
645
206
-299
-799
-1125
-1180
-1066
-931
-765
-462
-39
311
436
376
253
103
-131
-465
-816
-1063
-1103
-898
-513
-114
149
254
269
205
10
-306
-564
-471
225
1581
3340
4955
5837
5683
4655
3213
1739
286
-1381
-3405
-5450
-6744
-6679
-5370
-3512
-1601
442
2784
5034
6416
6547
5750
4545
3093
1335
-579
-2254
-3399
-3962
-3950
-3356
-2354
-1351
-698
-392
-214
-85
-148
-502
-994
-1313
-1220
-642
334
1509
2631
3509
4069
4268
3967
2956
1189
-1044
-3183
-4727
-5515
-5718
-5539
-4938
-3712
-1824
369
2283
3502
3991
4000
3768
3321
2516
1312
4
-901
-1135
-940
-787
-826
-807
-543
-287
-419
-949
-1522
-1881
-2039
-2000
-1572
-670
447
1435
2261
3075
3752
3878
3245
2125
915
-264
-1460
-2530
-3159
-3214
-2849
-2248
-1449
-475
508
1279
1738
1903
1786
1402
866
384
102
6
0
32
137
324
517
575
412
62
-348
-710
-1002
-1239
-1401
-1398
-1183
-820
-446
-158
45
190
262
240
162
107
107
126
118
84
60
63
69
22
-117
-312
-457
-479
-452
-515
-665
-736
-617
-424
-317
-263
-103
149
285
226
180
342
563
520
149
-278
-529
-674
-886
-1108
-1029
-337
1052
2932
4835
6184
6559
5904
4517
2827
1138
-524
-2372
-4492
-6395
-7147
-6231
-4237
-2321
-929
564
2733
5015
6184
5777
4505
3229
2051
653
-892
-2122
-2813
-3111
-3072
-2518
-1492
-495
-13
-6
-132
-302
-694
-1306
-1788
-1809
-1349
-539
545
1774
2838
3481
3762
3850
3572
2463
423
-1912
-3681
-4578
-4940
-5095
-4928
-4112
-2589
-669
1203
2623
3328
3360
3100
2874
2531
1643
249
-887
-1043
-413
119
59
-194
-64
336
369
-268
-1216
-1969
-2382
-2522
-2330
-1706
-780
187
1154
2271
3442
4176
4035
3127
1934
779
-355
-1517
-2535
-3171
-3345
-3085
-2431
-1489
-512
272
862
1385
1788
1853
1546
1163
972
890
658
275
26
74
218
164
-130
-484
-790
-1097
-1416
-1614
-1566
-1327
-1036
-703
-209
467
1122
1497
1523
1332
1044
664
175
-371
-859
-1214
-1395
-1366
-1130
-771
-397
-39
315
605
702
590
419
329
270
111
-130
-274
-202
4
194
305
352
318
168
-64
-289
-459
-576
-614
-547
-417
-329
-322
-319
-263
-192
-122
100
674
1654
2877
4086
4980
5207
4514
3025
1244
-403
-1951
-3648
-5358
-6414
-6221
-4894
-3157
-1609
-230
1367
3289
5042
5894
5513
4230
2649
1121
-338
-1718
-2812
-3401
-3467
-3086
-2284
-1180
-187
255
141
-120
-274
-511
-1056
-1688
-1909
-1473
-546
616
1851
2977
3749
4065
4009
3548
2391
397
-1990
-3934
-4916
-5098
-4931
-4544
-3663
-2065
12
1936
3112
3396
3134
2809
2559
2072
1047
-255
-1083
-946
-167
477
599
504
572
666
331
-554
-1631
-2521
-3123
-3395
-3146
-2272
-1026
225
1417
2705
3965
4686
4514
3644
2511
1287
-111
-1600
-2829
-3506
-3625
-3306
-2615
-1662
-698
47
564
964
1222
1208
951
695
625
657
632
594
734
1062
1320
1278
961
513
-44
-771
-1589
-2240
-2539
-2515
-2275
-1811
-1066
-119
821
1593
2141
2418
2365
2029
1579
1126
611
-29
-662
-1071
-1220
-1268
-1294
-1180
-841
-440
-214
-169
-88
156
437
563
546
542
635
751
780
705
573
416
217
-49
-383
-736
-1027
-1170
-1145
-1003
-815
-620
-412
-185
36
210
297
301
249
190
156
150
141
80
-74
-312
-574
-777
-882
-905
-896
-909
-978
-1074
-1091
-908
-478
191
1146
2465
3993
5176
5374
4444
2936
1553
444
-818
-2540
-4346
-5438
-5361
-4395
-3193
-2105
-945
614
2493
4108
4848
4609
3804
2882
1933
821
-424
-1525
-2238
-2541
-2483
-2054
-1343
-681
-414
-512
-620
-538
-474
-700
-1118
-1312
-982
-173
863
1877
2672
3166
3414
3471
3141
2068
223
-1824
-3312
-3973
-4128
-4134
-3933
-3232
-1945
-336
1189
2271
2723
2641
2379
2200
1940
1230
134
-694
-685
-59
429
370
69
-22
50
-139
-767
-1559
-2140
-2381
-2330
-2003
-1374
-508
456
1439
2415
3265
3722
3550
2746
1560
305
-811
-1711
-2384
-2811
-2942
-2711
-2117
-1295
-490
111
496
768
982
1077
993
795
632
610
734
941
1165
1335
1388
1296
1044
602
-38
-804
-1534
-2082
-2394
-2454
-2229
-1704
-944
-73
812
1631
2246
2484
2314
1918
1501
1057
447
-310
-941
-1207
-1180
-1116
-1108
-1010
-725
-411
-296
-369
-421
-333
-211
-176
-152
34
404
800
1086
1257
1347
1307
1076
685
234
-231
-719
-1193
-1533
-1651
-1577
-1379
-1072
-644
-139
331
677
885
971
963
911
855
764
557
239
-29
-90
15
90
9
-161
-287
-345
-397
-477
-558
-625
-656
-593
-378
-69
188
315
385
510
658
705
607
456
331
213
38
-186
-391
-520
-554
-500
-411
-384
-463
-570
-572
-454
-332
-297
-312
-288
-204
-102
1
107
168
144
93
169
457
901
1387
1863
2291
2541
2413
1823
901
-97
-990
-1758
-2457
-3040
-3298
-3013
-2187
-1108
-92
786
1665
2578
3271
3405
2906
2031
1102
253
-524
-1211
-1707
-1935
-1917
-1703
-1313
-791
-286
13
41
-69
-124
-72
-8
-15
-38
76
422
946
1474
1815
1886
1752
1507
1118
435
-565
-1614
-2338
-2592
-2541
-2383
-2093
-1520
-647
332
1178
1750
1998
1943
1689
1366
1004
540
-8
-441
-550
-379
-200
-221
-392
-521
-526
-501
-585
-811
-1073
-1204
-1086
-731
-258
209
647
1100
1548
1864
1894
1599
1082
481
-135
-740
-1276
-1635
-1744
-1613
-1303
-861
-340
150
489
644
691
691
619
437
209
69
67
138
219
324
471
592
589
449
232
-30
-357
-737
-1059
-1197
-1126
-918
-645
-299
146
649
1084
1321
1328
1182
964
688
320
-121
-536
-821
-944
-939
-835
-638
-375
-109
114
289
417
454
360
173
14
-30
11
52
77
142
280
424
473
380
168
-112
-408
-663
-829
-921
-966
-932
-723
-313
173
543
732
828
923
969
849
553
204
-79
-282
-445
-556
-561
-449
-286
-133
2
112
159
105
-13
-123
-189
-228
-237
-174
-15
190
360
466
538
595
612
547
396
197
-14
-221
-403
-525
-553
-498
-403
-302
-183
-18
179
366
525
678
817
840
645
276
-73
-242
-270
-323
-469
-598
-563
-381
-202
-131
-117
-42
110
224
189
20
-150
-214
-189
-172
-213
-259
-225
-107
38
147
198
190
132
61
22
-7
-99
-276
-434
-451
-337
-226
-212
-235
-197
-79
62
184
273
299
233
130
96
162
221
163
27
-63
-51
-10
-27
-111
-223
-326
-389
-395
-372
-389
-458
-466
-296
37
414
796
1254
1767
2108
2022
1527
919
435
17
-529
-1218
-1808
-2065
-1966
-1650
-1225
-716
-142
437
970
1416
1698
1698
1397
944
543
248
-51
-423
-763
-898
-789
-555
-352
-261
-288
-381
-454
-457
-437
-498
-635
-678
-461
-29
397
665
835
1041
1285
1402
1234
773
149
-467
-950
-1252
-1420
-1525
-1571
-1435
-994
-317
316
654
713
744
905
1071
1006
662
250
6
-30
18
30
-21
-111
-192
-218
-189
-207
-375
-654
-870
-874
-694
-460
-228
47
414
838
1227
1481
1519
1308
902
442
27
-356
-774
-1188
-1438
-1396
-1113
-757
-450
-190
79
355
562
626
539
375
224
148
151
200
260
299
310
314
323
295
153
-135
-476
-730
-831
-826
-785
-709
-545
-262
111
493
789
939
954
897
803
627
334
-17
-308
-469
-533
-555
-542
-478
-362
-213
-58
57
88
45
-1
3
35
49
60
134
272
396
437
409
363
304
197
28
-178
-384
-545
-625
-607
-522
-405
-252
-40
201
386
469
490
513
532
477
308
80
-102
-189
-214
-240
-283
-298
-245
-141
-44
-7
-32
-92
-141
-143
-84
1
55
61
64
125
226
288
262
181
107
49
-30
-144
-264
-340
-352
-313
-245
-171
-103
-41
28
108
179
216
205
164
126
110
111
107
87
67
60
56
27
-41
-125
-196
-239
-259
-255
-217
-149
-68
18
115
215
290
309
288
272
274
256
179
67
-19
-55
-78
-123
-181
-211
-204
-178
-154
-133
-112
-90
-52
19
108
176
201
214
244
272
258
199
131
66
-15
-119
-213
-265
-283
-288
-269
-206
-111
-27
32
83
137
182
196
182
153
113
61
14
-13
-26
-52
-104
-157
-172
-148
-125
-141
-170
-159
-90
-15
25
49
110
199
244
200
106
43
30
21
-36
-127
-188
-170
-79
17
58
59
86
170
245
228
129
46
30
19
-58
-167
-208
-153
-75
-29
0
49
91
92
74
84
101
57
-52
-134
-116
-39
1
-18
-31
7
65
92
90
80
54
-9
-92
-147
-162
-168
-190
-210
-194
-142
-83
-29
16
42
44
45
61
79
61
6
-35
-37
-39
-91
-167
-190
-133
-55
-28
-49
-57
-29
-1
-8
-20
37
194
405
589
678
655
542
394
256
123
-66
-340
-617
-752
-698
-563
-480
-434
-286
32
401
650
720
688
628
537
393
211
20
-177
-365
-479
-456
-316
-181
-139
-163
-149
-61
30
25
-88
-212
-241
-154
-20
81
135
197
316
487
624
621
440
155
-103
-265
-379
-524
-705
-827
-795
-603
-331
-70
124
251
356
476
594
616
476
230
31
-26
-1
-20
-118
-201
-191
-121
-80
-98
-140
-185
-248
-308
-306
-217
-111
-61
-28
92
313
512
570
513
451
415
337
161
-65
-264
-399
-470
-467
-385
-272
-186
-128
-40
94
206
231
182
133
123
125
111
88
76
86
106
129
140
111
30
-76
-164
-213
-247
-291
-334
-332
-261
-139
-11
97
184
255
311
348
357
322
229
97
-34
-119
-159
-183
-203
-204
-178
-136
-94
-57
-22
-4
-4
-2
26
65
80
64
57
92
149
179
162
130
107
83
33
-41
-113
-170
-212
-239
-235
-197
-138
-73
-3
79
152
192
197
182
158
121
74
29
-4
-37
-74
-91
-64
-13
3
-34
-82
-88
-54
-30
-34
-45
-37
-13
12
40
77
107
116
114
117
120
91
23
-52
-99
-114
-120
-137
-157
-162
-136
-83
-23
16
31
44
74
111
127
108
80
65
65
64
49
24
0
-19
-28
-37
-58
-95
-133
-150
-136
-101
-63
-32
-10
14
51
107
159
189
196
194
184
151
84
4
-63
-116
-167
-208
-224
-212
-188
-150
-87
-3
64
89
90
105
136
154
145
118
99
91
83
71
53
25
-13
-53
-96
-140
-177
-191
-171
-134
-102
-76
-33
32
100
140
148
139
124
107
90
76
58
30
-2
-26
-44
-67
-98
-127
-140
-140
-134
-118
-82
-27
30
76
111
138
153
154
136
106
67
21
-25
-58
-77
-86
-95
-106
-107
-89
-55
-21
-3
-5
-9
-2
21
51
71
82
93
113
135
142
125
92
55
19
-20
-68
-118
-161
-189
-201
-193
-167
-126
-71
-8
62
133
192
216
204
172
142
116
79
22
-53
-123
-172
-194
-199
-200
-201
-191
-152
-88
-28
8
34
71
128
179
200
193
175
156
127
82
24
-37
-92
-136
-159
-163
-149
-125
-91
-44
13
63
93
108
119
134
142
131
102
77
64
54
31
-2
-28
-40
-54
-77
-96
-92
-69
-51
-47
-39
-14
20
43
51
55
67
78
80
74
64
49
24
0
-19
-38
-64
-95
-111
-103
-86
-75
-75
-67
-39
4
42
61
64
64
66
70
65
47
26
13
11
4
-13
-39
-56
-55
-35
-15
-8
-12
-13
4
28
44
46
42
45
48
41
19
-2
-19
-36
-54
-60
-53
-37
-28
-23
-6
22
48
57
52
47
49
46
38
26
9
-15
-48
-71
-77
-72
-74
-78
-65
-30
7
27
40
64
103
132
132
107
74
45
21
-2
-25
-51
-79
-100
-107
-96
-84
-85
-90
-80
-48
-8
23
41
62
92
119
133
134
126
102
58
0
-51
-94
-135
-177
-203
-198
-166
-127
-86
-42
8
50
75
86
99
111
118
119
119
118
110
94
76
62
41
2
-53
-105
-140
-162
-173
-169
-136
-75
-1
69
136
197
245
268
263
245
214
169
110
44
-19
-77
-127
-157
-158
-144
-128
-114
-87
-43
-2
19
23
31
48
65
73
74
78
83
88
93
99
92
59
2
-64
-115
-148
-176
-215
-252
-255
-211
-137
-66
-15
32
89
143
163
143
108
82
62
25
-27
-69
-83
-79
-78
-78
-62
-33
-11
-11
-15
-6
14
25
21
21
38
62
75
81
87
94
83
57
29
12
-2
-25
-50
-56
-38
-14
2
12
28
49
67
71
65
57
47
39
25
-4
-55
-116
-166
-196
-221
-257
-298
-303
-252
-158
-53
54
174
310
448
555
601
570
475
334
171
-7
-198
-386
-535
-608
-603
-546
-461
-345
-194
-26
118
225
304
363
384
349
280
227
208
189
135
69
34
34
18
-44
-127
-180
-204
-233
-271
-284
-247
-183
-112
-22
108
256
371
433
462
475
450
359
213
50
-99
-225
-327
-396
-423
-412
-365
-288
-190
-90
-10
46
86
124
154
171
170
163
171
197
218
210
176
137
102
48
-48
-169
-276
-353
-405
-429
-400
-315
-196
-72
48
167
270
329
340
322
283
210
105
-6
-91
-149
-191
-221
-222
-195
-157
-132
-121
-110
-92
-66
-35
-2
26
51
80
117
152
171
176
176
171
146
95
30
-26
-70
-114
-154
-173
-160
-124
-91
-58
-18
32
75
98
108
109
100
83
68
62
61
57
52
60
77
89
78
53
25
-2
-33
-65
-86
-88
-77
-60
-34
0
35
63
79
83
79
66
51
36
14
-16
-45
-54
-43
-28
-26
-28
-27
-19
-15
-17
-18
-21
-32
-47
-53
-42
-28
-22
-23
-15
9
36
52
58
55
48
39
28
10
-13
-39
-58
-65
-67
-64
-57
-36
-6
21
38
50
61
65
62
61
66
69
54
26
5
0
0
-10
-23
-24
-14
-5
-9
-14
-10
-5
-5
-7
-1
16
30
28
19
14
12
13
12
12
13
12
5
-6
-20
-35
-44
-45
-38
-27
-17
-1
17
35
49
57
57
41
14
-20
-47
-64
-78
-89
-85
-67
-44
-22
-2
18
34
40
40
35
27
12
-3
-9
-4
7
16
27
42
55
61
60
52
39
17
-4
-15
-14
-12
-12
-10
-2
12
29
39
40
31
15
-2
-17
-30
-39
-42
-39
-29
-15
5
27
49
66
79
82
73
55
31
14
-2
-13
-21
-22
-18
-10
-3
6
14
15
6
-6
-18
-30
-42
-49
-47
-35
-18
0
16
30
41
48
47
36
20
0
-25
-49
-64
-65
-53
-40
-34
-28
-11
12
28
31
26
21
20
17
14
13
14
19
32
48
59
54
33
13
0
-10
-28
-50
-67
-70
-63
-46
-20
13
46
71
93
108
116
106
77
40
9
-11
-29
-51
-69
-76
-66
-50
-32
-19
-7
2
4
3
3
3
2
0
4
12
23
29
29
30
31
30
19
0
-21
-36
-43
-47
-51
-52
-47
-31
-12
5
17
27
32
32
30
27
22
12
5
3
5
3
-2
-5
-5
0
3
5
2
-2
-5
-7
-4
-2
-1
0
5
10
14
18
21
24
21
13
6
0
-2
-6
-8
-8
-4
3
8
11
13
17
23
27
23
14
3
-3
-8
-13
-13
-12
-10
-6
-1
7
17
27
32
35
35
35
31
28
25
25
21
12
4
1
0
-1
-4
-4
-2
0
0
1
5
10
16
22
30
36
39
42
46
47
43
37
29
23
15
6
-3
-7
-6
-4
-3
-2
4
14
24
31
35
39
45
48
45
40
33
27
20
13
4
-1
-5
-6
-6
-4
-2
1
5
10
18
28
36
42
48
53
59
64
63
58
52
48
41
29
13
1
-5
-6
-6
-8
-10
-11
-9
-3
3
9
11
13
17
22
27
27
24
20
15
10
5
2
2
-2
-9
-15
-19
-20
-22
-24
-24
-21
-16
-11
-4
5
12
18
24
33
40
40
34
28
26
21
12
1
-2
2
6
6
4
8
15
20
22
22
24
26
24
18
9
0
-5
-8
-6
-3
1
8
15
18
16
14
16
20
24
27
31
31
26
21
21
28
32
34
30
26
21
16
14
10
5
1
5
12
19
22
25
29
33
35
36
37
35
31
24
15
12
9
6
2
1
-2
-5
-5
-4
-3
-1
0
0
3
11
21
30
36
42
48
56
56
52
44
35
23
10
-4
-14
-20
-24
-26
-24
-21
-17
-11
-3
6
12
16
19
25
31
30
25
22
25
25
21
14
11
13
14
9
4
2
3
3
1
-2
3
13
22
27
31
39
48
54
54
50
40
30
20
9
-2
-11
-20
-24
-24
-17
-8
0
10
23
34
38
37
35
36
36
29
19
11
5
1
-4
-8
-10
-9
-5
-2
-2
-4
-5
-5
0
6
10
14
18
22
26
29
27
25
23
23
23
18
13
9
6
0
-2
-2
4
9
14
13
12
12
13
13
13
11
9
6
4
4
9
18
26
31
33
35
39
41
38
32
26
23
20
17
10
4
5
14
23
27
26
24
25
29
32
29
26
24
24
25
25
25
24
24
24
22
18
11
6
3
3
5
5
7
10
14
16
18
16
16
15
16
16
16
15
15
15
15
12
6
-1
-4
-4
-5
-7
-9
-7
-4
-1
-1
2
4
4
5
9
16
25
33
35
37
35
32
28
22
12
2
-6
-6
-2
0
1
5
13
25
34
38
38
36
35
32
27
19
13
13
15
18
19
21
26
27
26
24
25
24
20
14
11
9
8
8
13
19
26
28
26
25
27
31
27
20
10
5
0
-5
-10
-11
-5
-1
2
6
13
23
31
32
31
32
33
29
22
15
11
7
6
7
10
9
5
0
-2
-2
-2
-2
-1
1
5
6
4
4
5
5
4
5
7
10
12
9
6
1
3
5
7
8
10
13
14
6
-3
-6
-2
4
6
5
10
16
18
17
21
27
31
31
28
28
26
21
15
14
12
7
4
3
5
6
7
14
21
26
27
25
24
24
19
14
12
12
15
16
20
24
27
27
26
23
18
13
8
2
-1
-5
-6
-4
1
4
11
15
19
22
24
26
26
25
24
24
25
25
28
31
34
30
26
24
27
31
34
33
31
31
33
32
27
25
24
26
28
29
31
31
30
26
24
24
26
25
22
20
15
10
6
4
8
15
17
17
13
8
5
1
-1
-3
0
3
6
6
7
11
16
17
12
11
13
13
8
2
2
5
6
4
3
5
5
5
4
4
5
4
4
4
6
3
1
-2
-3
-5
-5
-4
-1
1
5
11
13
12
10
10
11
8
3
-2
-4
-2
1
3
6
11
14
16
14
14
13
14
15
14
13
14
15
18
21
25
26
25
23
23
21
16
11
11
16
20
19
19
26
35
39
38
37
39
39
31
24
20
21
19
13
10
9
11
11
12
16
21
24
25
27
28
27
20
14
9
5
2
3
5
6
4
4
5
6
4
3
4
6
5
3
4
4
2
-3
-4
0
6
5
4
2
1
0
1
4
9
11
12
13
17
21
21
18
16
18
17
13
4
-2
-7
-11
-13
-14
-10
-3
2
6
7
10
13
16
15
13
12
13
14
14
13
13
14
16
18
22
25
26
24
22
22
19
14
12
17
23
21
16
12
15
22
26
25
23
22
23
24
21
16
14
17
24
27
25
22
22
24
21
15
9
6
6
8
10
15
17
15
12
11
13
14
14
13
12
14
16
18
22
28
33
39
45
48
46
40
29
20
14
12
11
12
11
12
13
16
20
26
31
33
37
39
37
31
24
20
18
12
0
-12
-13
-10
-10
-15
-15
-3
10
17
17
22
33
41
38
30
26
25
26
20
13
11
11
7
-1
-5
-2
4
8
6
3
4
10
18
22
26
30
32
31
27
23
21
18
14
12
12
9
5
1
0
1
-2
-3
-1
1
0
-2
1
10
15
13
7
6
3
-4
-12
-14
-11
-10
-14
-14
-7
-2
0
1
6
13
15
15
19
25
29
30
30
34
37
39
36
34
31
29
26
26
26
31
34
35
35
37
39
38
33
28
27
26
22
16
11
13
14
9
3
2
5
7
5
4
3
6
5
4
6
12
17
17
16
13
12
9
5
3
2
2
-1
-3
-2
0
0
-2
-2
1
5
5
3
3
4
8
10
15
19
20
15
10
4
2
3
6
8
11
14
16
17
21
25
26
24
24
25
27
29
26
21
17
14
12
10
10
12
12
14
18
22
23
21
17
15
13
9
5
2
4
6
5
7
10
15
17
15
13
14
14
9
4
2
7
14
16
15
13
13
13
9
5
2
3
6
7
4
5
9
15
16
15
14
13
13
10
4
0
-3
-4
-1
1
3
4
5
6
9
13
16
16
13
14
17
22
26
26
26
27
30
32
32
32
33
31
29
26
24
25
24
22
20
22
25
25
20
16
17
22
27
26
19
13
11
9
6
-1
-4
-2
3
5
5
5
8
13
17
15
14
14
15
15
13
13
15
14
14
14
16
22
27
31
30
30
29
27
31
36
38
36
33
28
26
27
26
26
25
23
16
6
-2
-4
-2
3
5
5
5
5
5
4
2
0
-3
-9
-16
-22
-22
-18
-13
-11
-12
-10
-1
7
10
8
9
14
15
10
5
10
24
35
37
35
34
34
34
34
39
43
45
42
34
27
19
15
19
26
32
35
31
28
27
31
36
36
29
16
4
-6
-12
-18
-24
-31
-37
-44
-46
-44
-37
-25
-13
-7
-7
-9
-8
-3
3
7
8
6
2
0
4
6
8
10
16
27
