
-1
2
1
1
4
11
18
23
24
26
30
33
31
26
23
19
15
13
14
13
8
0
-5
-4
-2
-3
-3
1
10
18
22
27
33
36
32
26
23
21
14
3
-8
-11
-10
-9
-6
0
10
19
23
24
26
29
30
29
25
22
22
18
10
2
-5
-8
-8
-5
0
7
15
23
35
45
52
53
53
53
50
42
31
22
16
5
-7
-16
-17
-16
-16
-13
-6
5
18
26
33
38
40
39
35
29
21
16
9
4
-5
-10
-12
-10
-10
-9
-6
-1
5
10
15
21
25
26
26
26
26
23
19
14
13
14
16
15
14
15
16
17
17
19
22
27
29
26
28
34
40
38
32
27
28
29
24
17
12
11
9
4
3
4
8
11
12
13
10
8
10
15
19
17
14
14
15
15
9
1
-4
-7
-8
-5
-2
2
6
10
12
13
15
21
27
32
31
32
32
31
28
25
23
22
18
13
8
5
3
-1
-2
2
10
16
22
27
33
37
35
29
25
26
26
23
18
13
7
0
-5
-8
-7
-5
-2
1
5
9
15
20
25
28
29
29
27
25
24
23
17
8
-2
-9
-9
-5
-2
1
2
6
14
23
31
34
36
37
38
38
34
26
19
14
10
4
-3
-6
-5
-3
1
5
13
21
27
32
35
38
36
31
25
18
11
2
-7
-16
-21
-23
-20
-14
-4
6
16
27
35
42
44
44
42
36
29
21
14
5
-6
-14
-17
-14
-9
-2
4
11
19
27
37
46
52
54
53
52
48
39
23
7
-5
-13
-20
-24
-26
-24
-20
-14
-3
9
26
40
48
53
55
53
49
39
25
11
-3
-15
-21
-27
-28
-25
-18
-9
0
14
29
44
53
58
61
57
46
30
20
9
-1
-14
-22
-23
-23
-23
-23
-17
-7
6
18
27
37
46
51
51
47
38
28
21
12
1
-8
-13
-14
-12
-8
-2
7
13
20
29
39
44
45
45
46
44
37
25
14
5
-5
-16
-21
-20
-16
-12
-9
0
11
21
26
30
35
38
36
31
28
25
22
13
0
-10
-13
-13
-10
-6
-1
5
12
17
22
27
31
34
35
34
29
23
21
22
17
9
-1
-7
-7
-4
-2
1
6
15
22
26
28
29
30
28
23
17
14
14
13
9
6
3
3
3
2
4
8
13
17
20
23
26
25
26
29
29
26
18
14
14
14
10
6
7
13
18
18
18
18
18
15
12
8
6
3
2
2
3
6
11
17
23
27
30
30
30
27
23
18
11
4
-1
-4
-1
3
6
8
13
21
28
34
37
38
38
38
34
30
22
12
-2
-13
-19
-23
-24
-21
-12
1
14
26
36
45
53
57
58
54
46
32
15
1
-13
-26
-37
-44
-44
-37
-28
-13
3
21
37
51
59
62
61
58
52
44
34
23
11
-2
-16
-27
-33
-32
-25
-15
2
21
36
49
60
65
66
60
47
34
21
8
-5
-18
-29
-34
-36
-33
-25
-13
3
18
30
40
50
58
62
60
53
41
27
13
0
-12
-23
-32
-37
-36
-28
-19
-6
9
26
41
51
56
60
59
53
41
29
14
1
-11
-20
-26
-30
-31
-27
-16
-2
12
24
35
46
53
56
54
50
43
30
16
1
-10
-19
-24
-28
-27
-19
-8
4
14
25
36
48
57
61
63
58
49
37
23
9
-5
-17
-27
-37
-40
-35
-23
-7
11
27
44
59
66
67
64
60
52
38
21
7
-6
-17
-26
-31
-31
-28
-20
-6
8
24
34
41
47
52
52
47
42
35
25
11
-1
-11
-17
-19
-21
-20
-16
-7
5
17
28
35
40
43
43
41
37
31
24
17
12
5
-4
-9
-9
-6
-3
0
1
5
13
23
32
37
38
39
42
43
37
29
18
8
-3
-10
-9
-4
0
1
4
10
17
22
23
24
22
24
27
27
21
14
7
6
6
6
2
0
4
7
7
4
3
7
12
15
14
13
12
14
13
10
5
2
3
8
12
14
18
22
26
26
22
23
24
25
20
17
13
13
13
13
13
9
5
1
4
9
13
18
24
32
36
35
30
25
20
14
12
13
12
8
2
-2
-3
0
1
4
7
13
17
22
25
28
30
30
26
19
13
13
16
19
18
16
17
17
17
17
18
18
17
16
15
11
8
5
5
8
9
8
8
8
12
16
21
24
26
25
25
23
21
16
11
8
5
0
-5
-6
-3
0
2
7
15
25
28
33
36
38
36
31
27
22
16
8
1
-4
-8
-11
-9
-5
0
4
8
18
29
38
39
37
36
38
38
34
24
14
5
-2
-10
-15
-14
-10
-3
0
6
15
24
32
37
36
36
34
30
25
18
10
4
-1
-2
-4
-3
1
6
11
14
18
21
26
27
28
26
25
24
23
20
15
6
0
-6
-9
-10
-9
-6
-1
6
12
16
19
24
30
32
31
27
23
21
17
10
3
1
-1
-2
0
6
14
20
26
32
38
42
41
37
33
29
26
21
14
9
7
7
7
4
2
4
6
6
5
9
17
25
31
32
29
26
20
14
9
3
-4
-10
-12
-10
-10
-10
-9
-6
1
8
11
13
20
28
34
37
36
36
37
35
27
19
14
11
6
-2
-7
-6
-2
1
9
21
32
38
39
41
41
36
27
18
13
9
3
-3
-6
-6
-9
-12
-14
-13
-10
-6
-3
1
5
9
20
31
37
40
39
36
31
22
10
-1
-10
-17
-22
-26
-29
-29
-26
-19
-10
2
21
44
70
97
122
136
132
107
66
28
-6
-35
-64
-90
-101
-94
-77
-59
-43
-26
-1
28
51
65
72
75
80
81
78
69
56
36
13
-10
-31
-46
-60
-68
-68
-58
-40
-20
-4
7
15
22
30
34
38
39
38
33
27
21
14
-1
-17
-31
-35
-35
-38
-43
-44
-39
-30
-24
-20
-11
2
16
29
42
50
55
55
52
49
40
27
9
-8
-24
-39
-49
-54
-55
-51
-38
-20
3
18
25
27
26
26
24
21
19
18
14
5
-3
-6
-4
-5
-10
-15
-13
-7
-6
-9
-12
-9
-2
5
11
18
29
38
42
45
46
41
29
16
5
-4
-13
-22
-29
-33
-33
-35
-36
-33
-27
-22
-17
-9
2
11
21
31
41
48
49
41
27
10
-10
-30
-47
-59
-66
-69
-68
-65
-56
-42
-18
17
68
132
201
262
291
276
223
144
59
-29
-115
-194
-260
-299
-298
-255
-187
-118
-61
-5
62
131
183
207
212
210
205
190
156
105
41
-26
-89
-145
-188
-215
-224
-220
-207
-180
-132
-69
-6
50
99
149
198
228
236
228
206
167
106
29
-53
-131
-195
-235
-246
-236
-220
-199
-159
-88
-3
68
109
134
165
205
227
212
169
127
96
57
1
-62
-110
-139
-163
-183
-188
-169
-138
-108
-75
-29
28
79
117
147
173
190
184
156
120
79
29
-25
-74
-111
-139
-158
-167
-159
-131
-93
-60
-31
3
42
79
107
120
124
120
110
96
78
57
32
2
-26
-57
-91
-123
-139
-136
-119
-99
-69
-28
14
47
69
91
114
127
120
95
67
43
21
-3
-26
-40
-48
-51
-53
-52
-48
-39
-27
-11
8
23
32
37
39
42
39
33
28
25
27
28
32
36
29
9
-16
-38
-53
-72
-93
-107
-108
-101
-95
-86
-66
-35
0
33
64
97
123
137
134
116
91
58
13
-38
-85
-123
-151
-168
-174
-159
-123
-82
-46
-8
42
111
193
291
404
504
530
442
270
96
-28
-127
-257
-422
-557
-588
-503
-357
-221
-120
-28
102
265
405
461
430
366
314
269
196
89
-25
-123
-211
-299
-373
-406
-395
-361
-312
-238
-129
-2
115
208
278
330
367
385
379
336
254
156
67
-19
-136
-288
-423
-476
-439
-372
-334
-319
-261
-121
67
224
306
336
370
423
451
397
266
115
0
-80
-168
-278
-379
-429
-417
-361
-282
-194
-106
-26
48
128
211
274
302
305
305
306
283
222
133
40
-49
-139
-226
-292
-324
-317
-280
-214
-119
-13
87
168
235
284
306
293
253
192
112
19
-66
-124
-154
-168
-179
-181
-163
-121
-70
-24
7
30
48
63
73
80
77
52
3
-54
-101
-138
-174
-207
-216
-183
-117
-42
29
102
174
228
250
235
189
102
-15
-140
-239
-302
-341
-368
-379
-354
-287
-186
-60
77
225
407
679
1073
1514
1787
1661
1091
315
-329
-711
-1014
-1464
-1998
-2252
-1937
-1174
-387
134
474
875
1362
1693
1665
1368
1054
823
567
189
-212
-465
-548
-617
-816
-1104
-1325
-1359
-1219
-1017
-853
-713
-477
-44
522
1012
1279
1377
1457
1541
1487
1186
721
281
-80
-486
-1044
-1641
-2001
-1949
-1609
-1285
-1140
-1029
-659
39
789
1232
1295
1246
1357
1588
1644
1336
812
364
98
-159
-589
-1113
-1475
-1557
-1492
-1457
-1428
-1230
-791
-254
191
505
800
1158
1517
1743
1757
1601
1378
1142
842
388
-214
-827
-1279
-1515
-1609
-1645
-1596
-1371
-947
-412
108
545
903
1195
1393
1448
1332
1084
781
480
180
-150
-513
-856
-1113
-1248
-1278
-1229
-1120
-948
-719
-437
-104
273
639
899
980
897
733
551
342
71
-238
-502
-646
-661
-596
-505
-426
-378
-340
-281
-180
-67
8
16
-11
-4
72
169
168
-11
-319
-629
-828
-843
-618
-108
653
1573
2556
3452
3916
3506
2127
283
-1328
-2496
-3530
-4568
-5101
-4483
-2781
-838
567
1391
2086
2872
3463
3451
2781
1790
872
195
-276
-589
-730
-724
-729
-918
-1285
-1623
-1747
-1683
-1598
-1582
-1533
-1256
-632
254
1131
1724
1987
2124
2317
2447
2229
1588
778
51
-631
-1443
-2314
-2878
-2857
-2398
-1912
-1646
-1462
-1024
-182
821
1540
1742
1645
1698
2075
2421
2233
1455
585
107
-57
-401
-1160
-1991
-2391
-2274
-1964
-1738
-1531
-1137
-532
135
721
1193
1600
2000
2391
2645
2577
2145
1532
932
316
-474
-1398
-2150
-2465
-2385
-2142
-1846
-1427
-830
-153
445
885
1174
1343
1405
1355
1183
900
561
252
8
-230
-520
-826
-1038
-1102
-1066
-1013
-946
-820
-614
-363
-99
172
436
642
724
665
513
330
150
-38
-240
-429
-542
-535
-437
-327
-281
-317
-396
-471
-542
-650
-834
-1085
-1330
-1401
-1073
-185
1173
2698
4120
5355
6221
6167
4619
1776
-1238
-3359
-4589
-5688
-6903
-7413
-6262
-3555
-467
1837
3070
3683
4184
4640
4682
3931
2467
890
-177
-622
-797
-1015
-1284
-1534
-1824
-2183
-2463
-2510
-2394
-2280
-2149
-1809
-1140
-194
914
2008
2804
3106
3067
3047
3091
2784
1807
412
-841
-1742
-2532
-3348
-3897
-3803
-3122
-2309
-1709
-1234
-530
550
1704
2421
2464
2154
2044
2321
2567
2232
1276
234
-381
-614
-916
-1545
-2278
-2706
-2694
-2430
-2085
-1632
-971
-155
645
1327
1904
2391
2725
2824
2681
2337
1798
1068
207
-660
-1432
-2066
-2520
-2716
-2596
-2185
-1571
-842
-78
598
1059
1274
1327
1282
1103
750
323
-5
-179
-294
-417
-479
-399
-260
-238
-383
-588
-746
-843
-892
-844
-655
-382
-133
54
211
335
376
318
233
176
109
-37
-226
-325
-272
-164
-159
-339
-678
-1110
-1556
-1921
-2046
-1724
-787
749
2624
4501
6152
7336
7535
6128
3130
-402
-3131
-4674
-5780
-7083
-8037
-7446
-4947
-1579
1209
2797
3589
4230
4889
5226
4806
3543
1862
423
-377
-655
-783
-995
-1313
-1725
-2241
-2746
-3037
-3037
-2868
-2641
-2276
-1587
-483
946
2440
3604
4109
3990
3661
3456
3209
2467
1075
-620
-2171
-3420
-4369
-4875
-4715
-3935
-2931
-2091
-1425
-625
519
1824
2808
3123
2887
2597
2627
2809
2603
1710
449
-573
-1103
-1444
-1996
-2758
-3326
-3352
-2847
-2084
-1299
-539
275
1185
2103
2834
3227
3289
3128
2763
2088
1058
-135
-1182
-1947
-2549
-3090
-3417
-3235
-2464
-1377
-341
491
1184
1772
2136
2136
1775
1159
403
-376
-1022
-1407
-1539
-1510
-1334
-958
-443
-7
203
272
344
368
208
-78
-228
-124
43
46
-69
-103
-18
12
-130
-368
-579
-732
-825
-813
-686
-536
-463
-448
-407
-287
-23
544
1594
3136
4943
6588
7452
6855
4530
1137
-1982
-3902
-4932
-6054
-7505
-8201
-6861
-3544
178
2658
3596
3962
4692
5687
6057
5154
3224
1146
-336
-1096
-1472
-1820
-2235
-2634
-2952
-3181
-3247
-3001
-2406
-1705
-1268
-1168
-975
-98
1543
3281
4271
4301
3935
3781
3764
3269
1936
66
-1782
-3370
-4727
-5689
-5846
-5036
-3671
-2376
-1376
-392
894
2389
3594
3990
3492
2631
2169
2362
2615
2107
775
-564
-1165
-1231
-1560
-2497
-3561
-4080
-3859
-3138
-2162
-1036
159
1334
2450
3437
4068
4138
3743
3199
2616
1753
411
-1177
-2541
-3479
-4154
-4691
-4872
-4385
-3241
-1806
-430
797
1897
2743
3103
2915
2366
1669
868
-60
-976
-1626
-1914
-1986
-1981
-1841
-1478
-1003
-631
-381
-98
267
549
656
744
968
1198
1181
899
575
301
-58
-563
-1015
-1210
-1240
-1333
-1498
-1544
-1393
-1119
-678
154
1490
3176
5010
6849
8227
8190
6029
2263
-1518
-4114
-5772
-7466
-9274
-9941
-8253
-4536
-521
2237
3567
4381
5399
6384
6537
5464
3600
1744
345
-652
-1387
-1828
-1977
-2103
-2526
-3198
-3748
-3901
-3714
-3383
-2995
-2513
-1806
-641
1120
3149
4688
5232
5075
4910
4887
4425
2996
830
-1378
-3212
-4688
-5780
-6186
-5693
-4567
-3389
-2499
-1700
-503
1280
3176
4338
4355
3749
3480
3856
4146
3454
1829
218
-649
-1044
-1733
-2921
-4004
-4314
-3843
-3118
-2524
-1973
-1179
-57
1182
2262
3031
3511
3818
4002
3916
3298
2079
558
-845
-2008
-3106
-4193
-4936
-4938
-4187
-3040
-1816
-591
605
1619
2288
2565
2463
1954
1093
137
-603
-1021
-1234
-1326
-1240
-938
-533
-166
135
388
490
298
-153
-610
-834
-800
-658
-531
-431
-284
-27
320
628
762
705
572
439
249
-86
-519
-900
-1127
-1138
-759
296
2167
4619
7045
8598
8419
6136
2444
-1052
-3111
-4084
-5470
-7917
-10010
-9567
-6120
-1585
1690
3157
4026
5368
6835
7290
6200
4081
1837
32
-1227
-2025
-2473
-2690
-2818
-2979
-3220
-3415
-3295
-2704
-1897
-1439
-1581
-1812
-1256
384
2411
3820
4300
4384
4627
4896
4582
3372
1542
-450
-2424
-4378
-6062
-6919
-6527
-5083
-3332
-1941
-928
253
1985
3877
5009
4861
3880
3023
2738
2588
1908
651
-589
-1305
-1615
-1984
-2583
-3104
-3186
-2832
-2324
-1824
-1209
-324
767
1813
2613
3115
3358
3402
3270
2869
2013
659
-875
-2111
-2898
-3513
-4163
-4544
-4133
-2885
-1367
-145
732
1527
2269
2662
2485
1850
1022
163
-635
-1219
-1484
-1516
-1507
-1475
-1242
-736
-181
120
116
9
-24
45
185
387
586
651
530
328
140
-89
-438
-795
-927
-774
-537
-441
-501
-612
-759
-996
-1221
-1107
-322
1214
3330
5732
7989
9386
9054
6591
2662
-1276
-4158
-6150
-8066
-9921
-10478
-8549
-4561
-381
2464
4041
5346
6754
7553
6919
4960
2584
583
-888
-1999
-2730
-2869
-2445
-1901
-1729
-1973
-2225
-2126
-1759
-1505
-1594
-1839
-1759
-971
447
1938
2928
3374
3729
4250
4507
3829
2209
379
-1087
-2386
-3923
-5394
-5904
-5040
-3448
-2129
-1406
-795
264
1750
3114
3770
3557
2853
2252
2002
1797
1210
309
-391
-633
-790
-1344
-2181
-2690
-2545
-2053
-1664
-1378
-855
16
935
1568
1888
2079
2233
2265
2070
1616
940
132
-664
-1338
-1941
-2583
-3188
-3419
-2986
-2009
-927
-54
644
1290
1774
1864
1537
1022
489
-104
-780
-1334
-1515
-1342
-1078
-860
-560
-38
600
1091
1281
1197
911
490
18
-403
-752
-1031
-1131
-877
-302
260
495
465
490
678
778
525
-10
-547
-928
-1207
-1448
-1581
-1446
-862
343
2231
4603
6927
8407
8212
5974
2313
-1323
-3793
-5286
-6813
-8570
-9301
-7718
-4238
-676
1696
3197
4684
6129
6728
6067
4564
2821
1080
-558
-1824
-2499
-2713
-2751
-2691
-2443
-2053
-1723
-1550
-1451
-1391
-1448
-1559
-1390
-655
485
1553
2265
2783
3352
3827
3776
3024
1899
818
-253
-1664
-3411
-4866
-5311
-4682
-3571
-2564
-1711
-682
709
2229
3363
3688
3180
2278
1542
1184
936
461
-171
-582
-605
-514
-638
-907
-982
-748
-474
-424
-506
-436
-123
234
414
388
275
223
329
576
805
833
643
374
81
-358
-1015
-1670
-1965
-1804
-1453
-1197
-1012
-685
-177
284
473
397
194
-85
-462
-843
-1013
-878
-597
-362
-120
302
861
1251
1248
973
701
505
254
-132
-547
-848
-979
-923
-653
-224
181
396
436
416
336
101
-297
-710
-1033
-1282
-1392
-1059
27
1813
3949
6105
7926
8703
7582
4498
614
-2633
-4903
-6907
-8963
-10153
-9281
-6368
-2720
391
2693
4579
6215
7243
7187
5925
3806
1442
-636
-2177
-3154
-3564
-3426
-2933
-2433
-2148
-1961
-1613
-1062
-574
-454
-728
-1052
-949
-241
744
1476
1813
2119
2685
3207
3120
2325
1281
340
-664
-2001
-3449
-4400
-4457
-3741
-2702
-1750
-1026
-320
715
2095
3265
3570
3003
2249
1879
1720
1213
247
-657
-979
-769
-493
-495
-744
-996
-1035
-776
-319
75
185
45
-90
-58
54
119
205
431
693
733
520
291
180
-24
-545
-1205
-1573
-1481
-1184
-961
-786
-498
-138
66
25
-100
-142
-159
-337
-716
-1083
-1166
-881
-383
111
490
760
928
949
821
647
541
484
337
12
-412
-788
-1022
-1118
-1094
-968
-768
-529
-266
-26
95
56
-47
-64
4
66
197
731
1979
3912
6098
7796
8127
6516
3340
-65
-2515
-4123
-5916
-8185
-9711
-9034
-6170
-2611
305
2488
4503
6425
7657
7656
6448
4452
2109
-226
-2239
-3676
-4432
-4561
-4218
-3579
-2789
-1977
-1274
-803
-588
-536
-523
-455
-271
88
620
1238
1888
2606
3345
3818
3673
2868
1701
408
-1084
-2858
-4591
-5643
-5600
-4616
-3238
-1962
-932
77
1369
2875
4015
4200
3510
2675
2229
1915
1148
-70
-1076
-1388
-1278
-1284
-1464
-1459
-1140
-774
-546
-288
127
438
334
-47
-262
-154
33
104
195
447
693
673
402
108
-149
-511
-1020
-1482
-1717
-1752
-1672
-1436
-959
-349
127
298
244
155
91
-29
-257
-491
-568
-439
-208
22
264
557
816
892
765
585
451
280
-47
-470
-803
-965
-1021
-1042
-994
-826
-564
-282
-44
87
41
-203
-575
-903
-941
-402
886
2839
5121
7255
8615
8489
6511
3217
-129
-2639
-4606
-6834
-9195
-10351
-9207
-6241
-2977
-302
2144
4909
7599
9164
9010
7447
5140
2577
75
-2068
-3689
-4843
-5556
-5634
-4934
-3724
-2508
-1555
-799
-226
-8
-148
-246
54
583
914
1051
1491
2495
3630
4244
4163
3641
2751
1222
-1054
-3618
-5701
-6768
-6734
-5830
-4405
-2777
-1078
727
2570
4055
4714
4480
3804
3202
2744
2095
1026
-208
-1068
-1258
-1034
-911
-1114
-1397
-1405
-1118
-825
-734
-739
-602
-219
298
751
997
1051
1067
1168
1249
1057
526
-100
-566
-919
-1344
-1775
-1950
-1833
-1703
-1691
-1510
-881
-52
424
393
242
298
390
188
-267
-617
-665
-524
-326
-27
402
820
1066
1119
1008
689
151
-436
-860
-1108
-1284
-1328
-1061
-533
-111
-49
-148
-51
236
342
18
-576
-1064
-1126
-498
1026
3393
6113
8386
9404
8638
6146
2718
-537
-3096
-5381
-7899
-10086
-10542
-8600
-5259
-2166
66
2082
4484
6828
8112
7866
6439
4452
2321
304
-1371
-2592
-3438
-4008
-4237
-3956
-3200
-2324
-1747
-1590
-1602
-1482
-1186
-858
-549
-132
500
1319
2233
3169
3968
4381
4291
3822
3071
1832
-173
-2742
-5097
-6473
-6701
-6163
-5290
-4207
-2775
-879
1298
3213
4323
4565
4394
4200
3823
2875
1442
165
-465
-633
-837
-1219
-1499
-1504
-1431
-1521
-1665
-1540
-1047
-455
-78
84
275
634
1038
1302
1414
1460
1393
1057
437
-262
-853
-1339
-1764
-2029
-2040
-1912
-1833
-1730
-1331
-584
173
560
549
393
295
270
251
162
-24
-197
-109
338
854
1026
798
511
402
298
-60
-623
-1131
-1464
-1615
-1473
-915
-127
474
710
803
916
832
278
-632
-1475
-1931
-1849
-1042
658
3074
5687
7912
9192
8921
6760
3235
-442
-3467
-6077
-8675
-10635
-10675
-8434
-5063
-1954
621
3184
5774
7631
8109
7327
5776
3739
1379
-880
-2519
-3403
-3815
-3983
-3809
-3173
-2284
-1578
-1285
-1262
-1246
-1166
-1109
-1071
-904
-515
40
733
1677
2872
3948
4434
4281
3828
3175
1900
-315
-2977
-5053
-5957
-5945
-5557
-4928
-3852
-2254
-383
1384
2725
3495
3789
3883
3898
3578
2619
1225
86
-346
-352
-511
-940
-1243
-1189
-1051
-1172
-1424
-1416
-1087
-775
-667
-532
-85
560
1054
1299
1489
1732
1855
1647
1106
339
-581
-1513
-2168
-2387
-2379
-2472
-2600
-2319
-1438
-375
261
338
198
148
165
159
216
437
707
795
653
460
379
394
366
190
-160
-627
-1084
-1404
-1565
-1617
-1504
-1061
-273
559
1045
1104
980
853
608
73
-648
-1254
-1541
-1446
-831
540
2710
5322
7738
9214
9063
7000
3592
70
-2693
-4940
-7342
-9606
-10336
-8616
-5261
-1971
506
2771
5335
7570
8396
7586
5813
3688
1368
-950
-2767
-3771
-4206
-4406
-4243
-3412
-2105
-977
-436
-306
-288
-386
-701
-1039
-1081
-802
-428
17
792
1974
3165
3878
4022
3809
3254
2064
95
-2278
-4356
-5622
-5977
-5615
-4804
-3727
-2402
-765
1072
2683
3609
3794
3617
3404
3052
2286
1167
150
-414
-605
-718
-852
-908
-891
-963
-1156
-1247
-1066
-761
-598
-549
-296
294
937
1268
1308
1372
1592
1713
1428
754
-32
-715
-1272
-1731
-2050
-2184
-2166
-2033
-1741
-1243
-628
-106
184
299
407
581
729
716
520
262
111
168
415
730
946
925
640
166
-373
-893
-1356
-1730
-1944
-1881
-1436
-649
228
872
1161
1229
1224
1048
515
-304
-1058
-1502
-1679
-1592
-920
702
3176
5895
8139
9281
8766
6390
2803
-718
-3425
-5711
-8166
-10216
-10408
-8166
-4638
-1421
1083
3524
6122
8079
8548
7564
5735
3465
917
-1543
-3378
-4394
-4836
-4895
-4433
-3341
-1923
-693
71
384
278
-224
-880
-1268
-1187
-836
-452
115
1184
2676
4010
4665
4654
4241
3371
1666
-939
-3791
-5912
-6764
-6515
-5654
-4522
-3157
-1458
579
2651
4165
4652
4271
3694
3356
2937
1898
399
-728
-979
-776
-821
-1177
-1383
-1293
-1233
-1340
-1243
-686
-63
90
-114
-76
419
942
1094
1012
1002
1031
879
558
230
-154
-759
-1426
-1746
-1644
-1562
-1837
-2183
-2069
-1444
-779
-439
-300
-64
309
627
761
743
650
533
435
392
376
337
276
228
164
-21
-378
-821
-1194
-1406
-1437
-1253
-824
-247
266
562
690
785
846
730
352
-207
-813
-1353
-1642
-1364
-267
1608
3971
6443
8471
9221
8000
5021
1521
-1310
-3473
-5820
-8514
-10329
-9870
-7219
-3861
-1028
1358
3928
6595
8493
8937
7954
5936
3277
462
-1929
-3587
-4673
-5377
-5505
-4758
-3326
-1864
-866
-313
2
106
-82
-469
-794
-873
-673
-186
638
1778
3004
3944
4321
4118
3478
2410
718
-1672
-4284
-6194
-6734
-6064
-4914
-3791
-2560
-851
1280
3224
4329
4445
3953
3350
2820
2202
1303
205
-746
-1231
-1215
-966
-834
-982
-1271
-1406
-1246
-940
-746
-713
-628
-282
272
776
1008
948
790
769
971
1186
1071
510
-213
-703
-875
-1021
-1410
-1945
-2272
-2183
-1816
-1451
-1188
-904
-476
37
477
773
953
1015
920
715
553
522
534
472
355
263
145
-122
-520
-884
-1114
-1266
-1355
-1240
-810
-210
291
607
864
1153
1373
1365
1078
567
-112
-892
-1616
-2005
-1711
-451
1785
4588
7193
8782
8833
7333
4801
2030
-433
-2687
-5150
-7691
-9294
-8914
-6667
-3790
-1337
792
3238
5908
7768
7924
6514
4386
2184
74
-1882
-3458
-4452
-4829
-4596
-3756
-2531
-1381
-617
-121
324
566
259
-511
-1145
-1190
-776
-234
455
1469
2607
3363
3552
3456
3206
2388
587
-1866
-4013
-5101
-5086
-4403
-3501
-2616
-1718
-564
962
2485
3300
3114
2417
1918
1716
1333
533
-244
-392
96
621
653
227
-231
-428
-447
-557
-873
-1240
-1399
-1219
-795
-337
13
284
585
923
1156
1144
923
644
356
-35
-573
-1122
-1539
-1853
-2130
-2244
-1973
-1361
-766
-434
-209
216
832
1288
1289
872
292
-196
-444
-432
-291
-196
-183
-111
123
410
534
416
152
-112
-326
-517
-697
-794
-706
-409
-26
277
441
528
567
485
200
-278
-871
-1409
-1536
-785
1025
3540
6076
8012
8861
8221
6037
2958
-36
-2538
-4960
-7571
-9598
-9820
-7969
-5085
-2314
176
2828
5610
7759
8512
7746
5866
3421
936
-1193
-2855
-4172
-5117
-5362
-4662
-3301
-1924
-940
-276
239
509
336
-175
-615
-685
-453
-142
247
908
1872
2853
3498
3710
3552
2918
1525
-622
-2943
-4641
-5347
-5288
-4855
-4187
-3185
-1760
8
1840
3281
3964
3943
3678
3481
3097
2098
624
-599
-1077
-1075
-1146
-1384
-1450
-1171
-750
-371
37
466
624
306
-205
-435
-354
-349
-577
-673
-276
399
822
796
611
548
518
244
-387
-1232
-2038
-2544
-2592
-2269
-1856
-1532
-1175
-577
179
734
856
681
506
450
435
386
325
288
258
223
194
151
9
-289
-687
-1052
-1288
-1343
-1157
-683
-10
619
994
1123
1130
989
515
-341
-1290
-1953
-2183
-2025
-1386
-20
2114
4647
7015
8693
9107
7722
4553
518
-3184
-6086
-8468
-10316
-10793
-9172
-5965
-2556
259
2803
5488
7829
8852
8203
6386
4051
1496
-1054
-3153
-4408
-4839
-4700
-4090
-3023
-1745
-678
-3
429
668
485
-220
-1011
-1301
-1009
-542
-113
535
1605
2767
3504
3739
3726
3417
2374
431
-1869
-3725
-4779
-5150
-5006
-4379
-3362
-2127
-729
844
2347
3275
3409
3122
2937
2845
2378
1334
167
-504
-579
-496
-641
-932
-1033
-837
-569
-470
-515
-511
-397
-289
-275
-295
-247
-95
160
534
958
1222
1168
895
622
381
-33
-725
-1521
-2176
-2612
-2826
-2696
-2104
-1209
-402
109
483
938
1375
1464
1052
374
-179
-402
-366
-257
-190
-178
-181
-168
-132
-111
-175
-354
-581
-715
-661
-455
-204
29
238
427
563
577
393
-27
-604
-1171
-1605
-1866
-1807
-1089
562
2986
5635
7917
9320
9282
7406
4049
362
-2666
-5076
-7446
-9588
-10334
-8859
-5789
-2585
-19
2262
4729
7023
8239
7857
6135
3747
1310
-797
-2411
-3551
-4292
-4578
-4222
-3214
-1921
-884
-334
-56
201
311
-35
-756
-1291
-1219
-721
-209
329
1224
2450
3463
3852
3788
3537
2852
1266
-1088
-3357
-4777
-5299
-5332
-5104
-4509
-3390
-1777
107
1901
3216
3862
3994
3903
3642
2992
1849
525
-483
-973
-1166
-1359
-1576
-1623
-1394
-1000
-612
-293
-66
15
-57
-153
-134
-32
24
79
350
868
1315
1360
1047
676
357
-89
-784
-1589
-2277
-2725
-2859
-2582
-1933
-1174
-550
-48
470
947
1148
985
637
319
81
-98
-152
-1
289
533
603
533
390
167
-195
-687
-1189
-1535
-1621
-1428
-1001
-418
193
716
1106
1375
1461
1209
565
-297
-1108
-1719
-2009
-1664
-313
2011
4725
7105
8624
8865
7449
4508
1013
-1946
-4228
-6495
-8835
-10102
-9128
-6253
-2996
-313
2130
4828
7258
8357
7781
6144
4119
1872
-522
-2665
-4132
-4892
-5111
-4719
-3576
-1973
-597
130
403
570
576
123
-728
-1477
-1715
-1480
-985
-218
934
2325
3545
4306
4580
4314
3244
1231
-1321
-3604
-5025
-5562
-5529
-5154
-4447
-3303
-1654
380
2374
3757
4265
4178
3950
3599
2750
1293
-220
-1077
-1162
-990
-1051
-1318
-1449
-1242
-789
-319
-19
38
-71
-161
-120
-21
-1
-53
-4
275
712
1106
1286
1195
869
396
-132
-667
-1232
-1847
-2420
-2725
-2567
-1969
-1211
-612
-265
-3
352
766
1012
913
526
104
-79
76
428
692
670
401
74
-192
-443
-755
-1084
-1284
-1270
-1065
-729
-281
231
688
962
1013
860
501
-49
-685
-1252
-1662
-1843
-1558
-452
1596
4240
6861
8876
9769
9047
6559
2891
-909
-4175
-6949
-9318
-10721
-10334
-8110
-4994
-1978
752
3544
6356
8478
9108
8057
5810
3112
536
-1648
-3361
-4567
-5176
-5099
-4335
-3053
-1612
-450
188
408
463
369
-73
-831
-1440
-1467
-983
-332
425
1491
2790
3854
4360
4394
3973
2721
402
-2406
-4631
-5665
-5726
-5306
-4625
-3664
-2368
-691
1281
3094
4095
4121
3738
3510
3217
2227
594
-747
-1078
-768
-681
-1046
-1320
-1119
-696
-422
-257
-28
88
-191
-673
-826
-513
-183
-157
-128
338
1056
1406
1169
765
600
510
95
-681
-1476
-2038
-2380
-2532
-2393
-1932
-1329
-800
-346
137
617
886
831
597
430
418
442
395
348
458
724
931
864
532
107
-309
-736
-1149
-1375
-1294
-1021
-782
-608
-306
250
884
1262
1199
770
170
-450
-1019
-1440
-1494
-884
599
2876
5551
7984
9393
9071
6840
3350
-303
-3474
-6314
-8995
-10856
-10823
-8680
-5469
-2344
531
3595
6696
8887
9430
8483
6645
4236
1410
-1415
-3670
-5153
-6022
-6272
-5614
-4047
-2171
-696
241
944
1485
1516
828
-223
-1042
-1373
-1339
-1014
-275
887
2176
3253
4045
4548
4452
3263
921
-1901
-4263
-5623
-6009
-5705
-4975
-3985
-2719
-1023
1076
3050
4180
4304
3991
3762
3416
2428
878
-448
-989
-1005
-1073
-1306
-1372
-1119
-770
-509
-244
101
328
254
36
-29
54
15
-196
-230
205
907
1406
1491
1333
1091
677
-9
-835
-1567
-2146
-2635
-2930
-2772
-2104
-1248
-570
-106
345
834
1148
1118
837
510
212
-58
-207
-85
270
601
691
567
391
192
-122
-569
-1012
-1302
-1402
-1321
-1032
-534
39
502
792
950
959
708
171
-495
-1102
-1542
-1632
-975
780
3498
6485
8861
9937
9330
7074
3734
164
-3087
-6053
-8813
-10813
-11086
-9244
-6032
-2656
298
3073
5936
8445
9676
9076
6953
4139
1307
-1294
-3581
-5339
-6271
-6225
-5306
-3807
-2119
-650
347
878
1065
917
363
-457
-1121
-1286
-1006
-523
137
1144
2451
3664
4390
4516
4023
2748
597
-2052
-4431
-5907
-6370
-6092
-5375
-4351
-2960
-1084
1178
3300
4585
4802
4436
4095
3751
2876
1290
-373
-1309
-1408
-1269
-1396
-1678
-1683
-1254
-647
-204
-49
-89
-171
-188
-127
-60
-56
-83
-3
293
758
1197
1415
1338
1023
564
-8
-704
-1497
-2279
-2869
-3083
-2804
-2118
-1309
-649
-149
369
921
1242
1119
720
382
194
-5
-246
-318
-146
28
-20
-167
-155
-23
-55
-350
-670
-761
-640
-493
-415
-363
-260
-41
311
696
893
730
243
-376
-955
-1359
-1333
-485
1420
4163
7060
9223
9833
8477
5491
1926
-1189
-3714
-6248
-8944
-10757
-10374
-7755
-4264
-1157
1550
4439
7360
9310
9498
8060
5683
2953
247
-2109
-3913
-5176
-5888
-5809
-4753
-3052
-1449
-445
68
458
779
752
223
-544
-1105
-1226
-929
-268
758
2012
3136
3856
4213
4306
3827
2237
-437
-3279
-5208
-5952
-6012
-5801
-5175
-3868
-1993
55
1929
3376
4185
4362
4209
3952
3383
2188
585
-701
-1216
-1239
-1324
-1609
-1791
-1629
-1209
-741
-345
-88
-28
-123
-204
-154
-51
-8
50
321
817
1269
1398
1209
911
619
245
-306
-979
-1666
-2318
-2859
-3066
-2745
-2009
-1231
-639
-103
543
1124
1284
992
623
459
350
64
-246
-184
280
694
685
372
64
-218
-653
-1187
-1506
-1448
-1178
-877
-500
15
533
875
1061
1176
1105
666
-66
-813
-1410
-1803
-1672
-474
1950
4997
7703
9383
9701
8447
5677
2034
-1589
-4776
-7620
-9958
-10988
-10032
-7425
-4239
-1211
1685
4638
7337
9101
9404
8149
5655
2582
-288
-2482
-4067
-5297
-6052
-5851
-4490
-2509
-818
104
511
861
1151
952
74
-1024
-1642
-1534
-1003
-353
458
1549
2758
3770
4423
4611
3998
2247
-392
-3027
-4847
-5757
-6106
-6050
-5405
-4036
-2097
102
2198
3771
4537
4624
4450
4172
3472
2120
516
-617
-1039
-1154
-1340
-1485
-1329
-982
-767
-709
-561
-316
-273
-501
-601
-276
165
231
21
115
714
1347
1543
1399
1229
964
316
-643
-1486
-2008
-2390
-2739
-2802
-2359
-1618
-961
-451
123
788
1268
1351
1150
891
626
305
-9
-151
-81
45
61
-15
-58
-38
-90
-358
-784
-1135
-1223
-1081
-864
-646
-369
26
492
890
1051
851
304
-398
-999
-1324
-1241
-517
1100
3558
6342
8659
9741
9078
6671
3209
-248
-3105
-5636
-8235
-10376
-10783
-8820
-5340
-1833
1033
3641
6345
8629
9532
8627
6350
3538
843
-1466
-3359
-4824
-5719
-5819
-5037
-3597
-1980
-642
223
687
869
750
253
-505
-1146
-1330
-1062
-556
116
1075
2310
3514
4340
4619
4209
2898
684
-1912
-4115
-5484
-6079
-6078
-5505
-4350
-2760
-925
992
2717
3880
4332
4337
4173
3701
2600
1028
-314
-898
-932
-993
-1313
-1630
-1656
-1399
-1011
-589
-223
-66
-154
-280
-210
1
108
92
251
766
1351
1532
1237
853
677
522
33
-779
-1556
-2076
-2437
-2724
-2747
-2320
-1605
-959
-511
-106
325
633
718
731
828
915
808
559
419
460
499
393
205
27
-207
-581
-1013
-1357
-1588
-1727
-1649
-1200
-495
123
480
747
1057
1201
884
182
-533
-1036
-1339
-1288
-442
1479
4144
6802
8746
9424
8421
5777
2297
-947
-3613
-6206
-8941
-10874
-10702
-8267
-4756
-1349
1790
4954
7828
9538
9600
8309
6184
3495
504
-2251
-4276
-5529
-6193
-6147
-5108
-3270
-1427
-225
425
949
1325
1104
171
-943
-1616
-1748
-1536
-944
212
1746
3093
3930
4430
4687
4234
2535
-144
-2814
-4702
-5761
-6224
-6080
-5240
-3878
-2231
-299
1869
3730
4611
4536
4220
4065
3616
2344
602
-656
-1010
-952
-1107
-1504
-1757
-1656
-1298
-839
-383
-75
-37
-176
-248
-154
-41
-34
22
373
968
1432
1458
1148
816
554
163
-501
-1271
-1856
-2170
-2326
-2370
-2188
-1731
-1156
-660
-253
173
612
898
923
758
519
229
-73
-214
-17
402
674
590
329
175
96
-192
-771
-1333
-1552
-1446
-1260
-1093
-830
-386
153
646
988
1058
736
76
-655
-1167
-1260
-712
786
3287
6255
8710
9818
9271
7208
4040
371
-3203
-6391
-9120
-11036
-11352
-9593
-6381
-3017
-166
2633
5891
8961
10430
9623
7268
4562
2013
-533
-3060
-5094
-6192
-6308
-5601
-4215
-2450
-836
222
770
1039
981
389
-605
-1474
-1831
-1717
-1242
-282
1205
2808
3964
4570
4874
4770
3645
1203
-1879
-4449
-5915
-6512
-6640
-6286
-5198
-3352
-1052
1248
3090
4149
4461
4421
4340
4014
2993
1330
-241
-1028
-1115
-1136
-1433
-1736
-1678
-1331
-1045
-960
-930
-809
-593
-313
35
342
435
366
476
981
1590
1760
1315
614
81
-245
-596
-1100
-1648
-2080
-2303
-2267
-1958
-1468
-962
-547
-200
112
337
395
306
192
153
180
186
146
159
327
613
820
794
570
296
7
-381
-903
-1435
-1807
-1936
-1808
-1423
-830
-154
486
1038
1405
1414
979
275
-427
-982
-1292
-1014
331
2812
5811
8375
9717
9357
7197
3802
302
-2504
-4889
-7552
-10174
-11267
-9776
-6403
-2769
382
3476
6733
9303
10121
9094
6985
4469
1779
-880
-3161
-4856
-5970
-6381
-5778
-4189
-2258
-742
147
670
970
866
236
-655
-1381
-1727
-1688
-1214
-206
1252
2800
4071
4926
5314
4973
3519
960
-2044
-4584
-6175
-6904
-6976
-6384
-5053
-3125
-906
1317
3229
4465
4867
4727
4466
4020
2935
1189
-450
-1205
-1209
-1227
-1586
-1845
-1591
-1098
-882
-964
-959
-729
-493
-314
64
721
1267
1343
1197
1349
1817
2017
1541
689
27
-314
-668
-1271
-1967
-2476
-2671
-2546
-2116
-1477
-843
-365
27
440
793
891
725
499
343
160
-144
-417
-403
-67
338
549
528
394
222
-28
-424
-922
-1366
-1586
-1527
-1253
-869
-426
67
596
1108
1477
1517
1135
460
-248
-861
-1399
-1692
-1200
545
3338
6343
8667
9716
9110
6771
3285
-267
-3216
-5828
-8465
-10479
-10592
-8440
-5135
-1995
776
3709
6724
8870
9367
8342
6384
3875
1046
-1659
-3751
-5111
-5873
-5962
-5098
-3367
-1456
-82
640
1051
1269
995
49
-1133
-1822
-1739
-1207
-573
261
1541
3103
4419
5135
5239
4671
3108
461
-2629
-5127
-6449
-6765
-6498
-5801
-4577
-2769
-509
1843
3736
4708
4826
4640
4486
3993
2628
651
-921
-1421
-1244
-1208
-1497
-1628
-1324
-913
-790
-868
-824
-611
-428
-288
16
532
993
1177
1213
1335
1513
1486
1133
601
55
-515
-1175
-1874
-2460
-2816
-2856
-2502
-1781
-919
-205
275
661
1018
1168
916
386
-61
-245
-339
-543
-745
-650
-217
248
475
518
546
493
147
-456
-961
-1124
-1077
-1054
-990
-660
-98
386
638
828
1071
1136
758
50
-658
-1266
-1824
-2024
-1190
990
3987
6860
8959
9937
9401
7123
3632
48
-2952
-5662
-8457
-10693
-11069
-9111
-5799
-2507
328
3160
6194
8755
9847
9057
6804
3899
1028
-1479
-3561
-5180
-6110
-6047
-4965
-3298
-1653
-387
497
1046
1160
742
-79
-961
-1607
-1897
-1795
-1216
-85
1498
3183
4543
5318
5435
4815
3274
793
-2151
-4697
-6203
-6677
-6541
-6027
-4948
-3068
-560
1950
3795
4703
4918
4858
4626
3901
2425
555
-900
-1465
-1465
-1530
-1814
-1934
-1601
-1015
-542
-276
-104
-10
-64
-181
-134
151
529
873
1243
1672
1982
1950
1586
1074
465
-356
-1398
-2379
-3000
-3222
-3153
-2768
-1964
-872
108
723
1126
1542
1810
1538
693
-242
-804
-1030
-1205
-1336
-1157
-607
24
472
784
1062
1158
851
209
-422
-810
-993
-1075
-1046
-876
-604
-252
196
657
906
798
461
107
-250
-730
-1264
-1512
-1155
-104
1587
3864
6493
8771
9643
8392
5325
1672
-1431
-3879
-6337
-8950
-10673
-10215
-7564
-4085
-1043
1528
4228
7004
8942
9229
7881
5500
2707
-21
-2325
-4055
-5254
-5879
-5645
-4401
-2557
-877
184
742
1066
1117
675
-230
-1222
-1899
-2107
-1836
-1011
421
2225
3868
4899
5237
4984
4049
2177
-555
-3466
-5650
-6650
-6661
-6147
-5352
-4147
-2271
239
2793
4536
5090
4918
4711
4461
3491
1544
-576
-1777
-1893
-1690
-1766
-1897
-1584
-841
-125
260
346
213
-122
-503
-597
-262
268
679
971
1376
1941
2368
2305
1678
681
-436
-1515
-2459
-3181
-3590
-3583
-3074
-2092
-865
273
1085
1560
1799
1804
1442
630
-440
-1332
-1696
-1554
-1229
-961
-678
-175
532
1142
1354
1139
683
177
-298
-714
-1027
-1169
-1093
-808
-392
41
387
594
645
539
289
-57
-432
-791
-1112
-1343
-1348
-941
12
1513
3483
5767
7971
9277
8747
6166
2512
-798
-3247
-5513
-8142
-10334
-10548
-8316
-4864
-1743
734
3259
6100
8454
9285
8330
6124
3384
652
-1716
-3557
-4889
-5679
-5673
-4680
-3011
-1401
-373
133
455
662
519
-112
-1000
-1721
-1945
-1549
-570
829
2352
3660
4531
4930
4849
4094
2353
-366
-3385
-5683
-6667
-6585
-6047
-5273
-3972
-1914
595
2887
4416
5033
4922
4370
3559
2461
1036
-438
-1423
-1632
-1364
-1143
-1096
-956
-612
-333
-354
-526
-615
-684
-886
-1039
-758
-26
727
1209
1618
2187
2642
2444
1510
337
-614
-1379
-2204
-3017
-3428
-3195
-2447
-1473
-467
460
1180
1585
1660
1440
916
133
-689
-1239
-1388
-1275
-1090
-856
-495
-16
472
869
1099
1053
706
260
7
-21
-88
-354
-603
-559
-303
-164
-244
-321
-239
-98
1
146
361
384
-8
-631
-1073
-1189
-1095
-704
392
2431
5064
7501
8919
8685
6646
3433
200
-2376
-4676
-7305
-9750
-10514
-8791
-5509
-2274
357
2998
5997
8541
9455
8437
6189
3562
970
-1455
-3544
-5080
-5904
-5884
-4949
-3309
-1526
-168
629
1111
1399
1228
359
-881
-1736
-1742
-1106
-282
611
1709
2937
3915
4361
4238
3477
1854
-591
-3202
-5085
-5833
-5687
-5084
-4224
-3048
-1444
568
2640
4094
4392
3726
2890
2384
1892
870
-528
-1505
-1571
-1084
-725
-720
-789
-664
-364
-47
126
-7
-489
-1034
-1123
-536
348
945
1107
1190
1477
1751
1582
887
-2
-762
-1370
-1901
-2234
-2187
-1817
-1387
-1009
-516
192
872
1160
1006
701
453
155
-353
-953
-1338
-1364
-1191
-1016
-845
-556
-117
370
787
1069
1183
1122
940
714
426
0
-540
-1014
-1290
-1418
-1486
-1424
-1074
-461
171
606
808
836
709
410
-51
-628
-1170
-1338
-719
849
3120
5587
7670
8685
8015
5599
2211
-1129
-4030
-6730
-9148
-10396
-9601
-7026
-3929
-1228
1263
4119
7112
9133
9249
7568
4980
2283
-237
-2544
-4476
-5756
-6192
-5750
-4534
-2842
-1159
104
918
1486
1792
1514
546
-601
-1226
-1150
-745
-258
483
1595
2701
3301
3351
3095
2453
1027
-1164
-3345
-4638
-4873
-4545
-4116
-3570
-2596
-995
1049
2917
3885
3745
3076
2636
2451
1853
491
-1017
-1754
-1588
-1187
-1060
-1019
-687
-153
170
140
-29
-171
-363
-627
-725
-436
86
460
563
663
1003
1418
1521
1158
545
-64
-638
-1234
-1772
-2065
-2047
-1788
-1342
-727
-69
430
719
946
1146
1083
557
-223
-814
-1055
-1177
-1367
-1470
-1220
-608
139
821
1331
1570
1486
1190
853
479
-69
-783
-1384
-1591
-1442
-1204
-1034
-828
-439
102
605
914
996
875
572
122
-400
-920
-1346
-1473
-972
408
2604
5189
7519
8852
8547
6442
3136
-356
-3398
-6061
-8468
-10064
-9916
-7812
-4676
-1665
882
3367
5922
7916
8525
7538
5456
2946
453
-1782
-3594
-4874
-5555
-5528
-4682
-3135
-1361
78
958
1439
1668
1491
721
-424
-1369
-1708
-1526
-1089
-427
574
1788
2824
3413
3579
3311
2369
628
-1508
-3319
-4405
-4887
-4981
-4628
-3638
-2020
-40
1908
3361
3927
3616
2933
2383
1895
1014
-295
-1378
-1618
-1182
-747
-626
-510
-74
506
804
658
202
-413
-1064
-1487
-1397
-846
-247
108
393
908
1549
1871
1657
1168
710
218
-532
-1429
-2041
-2138
-1929
-1700
-1407
-843
-63
587
852
803
628
365
-52
-573
-1021
-1256
-1263
-1057
-639
-53
571
1096
1487
1757
1853
1640
1043
161
-757
-1476
-1903
-2048
-1942
-1611
-1095
-457
243
923
1435
1616
1418
964
420
-130
-668
-1167
-1580
-1846
-1815
-1217
159
2234
4644
6889
8370
8409
6645
3536
186
-2610
-4960
-7238
-9056
-9367
-7720
-4919
-2182
112
2404
4914
7052
7977
7395
5667
3384
1041
-1027
-2693
-3996
-4907
-5148
-4442
-2942
-1266
14
791
1263
1490
1266
461
-670
-1598
-1948
-1758
-1290
-660
248
1502
2851
3857
4227
3910
2921
1250
-909
-3024
-4507
-5136
-5100
-4635
-3770
-2428
-660
1244
2826
3634
3531
2873
2218
1759
1163
156
-912
-1345
-943
-265
27
-122
-300
-243
-99
-134
-449
-987
-1588
-1949
-1768
-1057
-195
493
1079
1802
2560
2910
2586
1794
902
31
-877
-1734
-2312
-2541
-2553
-2394
-1900
-1012
-26
664
994
1177
1294
1130
545
-225
-790
-1023
-1089
-1098
-926
-457
190
757
1107
1261
1242
1013
562
-32
-658
-1192
-1497
-1473
-1206
-935
-778
-558
-51
634
1100
1132
951
874
845
530
-182
-986
-1540
-1812
-1912
-1720
-903
679
2809
5100
7127
8285
7880
5734
2599
-412
-2882
-5243
-7710
-9438
-9239
-7021
-4029
-1473
654
3065
5790
7834
8238
7044
5017
2773
494
-1691
-3494
-4681
-5203
-5005
-3994
-2354
-675
481
1068
1385
1484
1073
33
-1224
-2090
-2311
-1988
-1219
-4
1496
2891
3863
4370
4395
3706
2095
-171
-2404
-4050
-5038
-5522
-5478
-4721
-3236
-1303
678
2340
3380
3680
3455
3104
2743
2063
824
-609
-1500
-1534
-1128
-844
-741
-520
-104
207
159
-180
-641
-1173
-1666
-1785
-1293
-404
411
1009
1647
2442
3040
3021
2410
1542
575
-563
-1780
-2728
-3192
-3295
-3182
-2728
-1780
-529
603
1398
1919
2191
2052
1433
573
-213
-827
-1318
-1626
-1609
-1279
-836
-406
81
670
1181
1351
1128
683
206
-229
-582
-811
-922
-980
-974
-770
-317
189
472
499
497
622
717
537
87
-384
-702
-979
-1414
-1944
-2152
-1543
65
2391
4903
7099
8555
8805
7471
4732
1460
-1450
-3889
-6316
-8633
-9768
-8763
-6036
-2994
-458
1963
4739
7272
8395
7722
5954
3888
1728
-561
-2707
-4292
-5154
-5296
-4611
-3084
-1217
202
848
1067
1186
988
114
-1181
-2123
-2257
-1827
-1237
-452
783
2317
3571
4142
4133
3748
2852
1155
-1194
-3504
-5069
-5674
-5537
-4908
-3836
-2265
-258
1850
3508
4251
4060
3399
2752
2131
1189
-162
-1436
-2014
-1810
-1295
-909
-652
-310
139
470
491
181
-347
-888
-1148
-940
-405
104
459
923
1702
2513
2789
2317
1417
465
-501
-1555
-2512
-3045
-3079
-2792
-2251
-1318
-45
1122
1722
1761
1588
1394
1036
379
-428
-1115
-1575
-1846
-1895
-1634
-1094
-460
131
668
1131
1370
1269
951
644
380
-22
-616
-1124
-1243
-1012
-739
-583
-416
-119
200
381
449
526
548
316
-211
-828
-1344
-1763
-2071
-1998
-1152
578
2912
5401
7609
9008
8964
7178
4121
782
-2176
-4832
-7415
-9472
-10002
-8512
-5683
-2743
-289
2006
4564
7040
8470
8184
6403
3953
1530
-661
-2657
-4313
-5243
-5146
-4131
-2651
-1199
-62
698
1120
1200
854
37
-1067
-2023
-2406
-2121
-1363
-325
949
2359
3609
4388
4611
4284
3259
1374
-1099
-3424
-4940
-5566
-5591
-5163
-4149
-2464
-336
1758
3326
4027
3855
3188
2474
1790
874
-312
-1267
-1464
-1030
-599
-508
-462
-118
329
437
128
-292
-645
-997
-1291
-1221
-680
-5
491
963
1699
2476
2680
2072
1063
134
-674
-1499
-2228
-2594
-2581
-2358
-1924
-1133
-101
749
1146
1256
1337
1317
928
155
-702
-1371
-1806
-2023
-1940
-1495
-810
-96
571
1204
1719
1907
1680
1211
729
260
-317
-974
-1435
-1471
-1191
-909
-759
-581
-207
276
641
811
883
888
689
187
-472
-1033
-1405
-1674
-1828
-1605
-697
948
3102
5430
7503
8679
8273
6137
2981
-174
-2889
-5446
-7945
-9675
-9651
-7739
-4863
-2046
479
3030
5653
7753
8565
7789
5800
3334
978
-1122
-3076
-4796
-5812
-5682
-4487
-2822
-1298
-166
623
1128
1263
865
-54
-1127
-1770
-1666
-1054
-374
335
1397
2833
4078
4570
4327
3637
2435
433
-2118
-4316
-5432
-5545
-5162
-4473
-3286
-1531
481
2276
3442
3772
3389
2746
2207
1617
593
-732
-1622
-1585
-999
-591
-522
-376
36
352
214
-235
-665
-1028
-1411
-1626
-1343
-605
159
711
1273
2054
2751
2839
2217
1307
499
-234
-1082
-1994
-2694
-2977
-2825
-2287
-1426
-415
479
1098
1486
1729
1734
1311
454
-536
-1285
-1621
-1632
-1464
-1169
-712
-87
618
1228
1555
1522
1247
927
626
197
-468
-1190
-1608
-1567
-1282
-1045
-878
-581
-53
569
1078
1373
1444
1285
916
417
-154
-799
-1497
-2091
-2335
-2045
-1164
291
2265
4611
6950
8597
8741
6975
3766
239
-2749
-5217
-7517
-9323
-9638
-7967
-5088
-2272
65
2463
5226
7637
8603
7803
5877
3616
1334
-958
-3112
-4757
-5576
-5482
-4585
-3133
-1501
-108
787
1195
1248
963
273
-703
-1544
-1823
-1476
-727
255
1455
2728
3699
4100
4009
3533
2451
492
-2019
-4187
-5334
-5528
-5195
-4491
-3280
-1561
349
2034
3158
3549
3334
2917
2571
2068
1028
-349
-1255
-1204
-638
-350
-508
-645
-474
-251
-255
-383
-458
-628
-1066
-1477
-1346
-633
143
635
1108
1891
2692
2845
2155
1135
333
-279
-1033
-1971
-2752
-3056
-2845
-2206
-1232
-119
817
1369
1610
1692
1574
1088
239
-696
-1412
-1806
-1914
-1760
-1357
-774
-105
595
1264
1751
1893
1701
1329
862
240
-551
-1326
-1851
-2074
-2074
-1833
-1250
-369
527
1147
1434
1483
1333
946
366
-256
-802
-1269
-1682
-1971
-1983
-1587
-745
486
2034
3876
5927
7772
8561
7501
4632
1035
-2034
-4207
-6024
-7852
-9081
-8655
-6337
-3112
-210
2041
4141
6341
7986
8144
6632
4179
1650
-601
-2566
-4147
-5091
-5247
-4633
-3353
-1683
-163
719
971
1004
998
666
-186
-1147
-1558
-1244
-561
188
1032
1982
2787
3231
3384
3302
2682
1178
-977
-2979
-4184
-4609
-4615
-4339
-3622
-2371
-775
820
2086
2797
2918
2696
2443
2178
1582
504
-650
-1237
-1099
-705
-547
-571
-400
38
369
248
-235
-734
-1030
-1111
-996
-677
-191
390
1055
1781
2368
2498
2069
1326
599
-47
-755
-1558
-2258
-2628
-2614
-2266
-1630
-774
119
848
1336
1631
1704
1395
634
-357
-1202
-1696
-1902
-1908
-1634
-995
-120
709
1324
1744
1990
1983
1663
1095
374
-450
-1275
-1869
-2051
-1889
-1594
-1260
-801
-191
420
847
1044
1059
942
740
515
259
-112
-628
-1145
-1471
-1517
-1271
-621
637
2560
4863
6940
8028
7538
5462
2513
-375
-2814
-5069
-7272
-8771
-8627
-6702
-3933
-1364
793
2958
5239
7038
7610
6753
4878
2588
318
-1712
-3413
-4701
-5405
-5299
-4298
-2674
-983
281
1022
1443
1663
1495
755
-299
-1045
-1105
-712
-316
32
646
1617
2567
3097
3168
2865
2014
424
-1600
-3328
-4289
-4607
-4572
-4147
-3119
-1539
208
1717
2754
3205
3101
2686
2228
1695
835
-314
-1236
-1453
-1100
-719
-573
-446
-127
210
251
-24
-394
-731
-1039
-1229
-1123
-708
-170
405
1148
2055
2730
2705
2007
1113
370
-341
-1262
-2282
-3009
-3197
-2892
-2218
-1237
-94
912
1546
1824
1879
1700
1163
284
-684
-1447
-1863
-1918
-1619
-1016
-267
427
947
1273
1395
1293
1010
651
271
-188
-763
-1329
-1664
-1682
-1510
-1306
-1049
-606
41
707
1176
1391
1423
1317
1041
589
41
-506
-1012
-1474
-1849
-2011
-1792
-1039
320
2217
4412
6456
7695
7488
5685
2919
182
-2041
-4070
-6233
-7985
-8234
-6640
-4129
-1865
-10
2094
4641
6783
7473
6532
4653
2593
657
-1160
-2831
-4199
-5002
-4955
-3981
-2443
-995
-81
392
769
1132
1191
712
-88
-699
-820
-581
-259
115
712
1553
2374
2898
3057
2822
1996
440
-1532
-3241
-4219
-4521
-4413
-3953
-3028
-1655
-40
1532
2758
3360
3305
2920
2530
2032
1084
-232
-1267
-1498
-1137
-791
-693
-567
-207
158
199
-82
-437
-731
-982
-1131
-1008
-572
11
595
1228
1955
2539
2591
2006
1103
251
-530
-1423
-2346
-2894
-2797
-2257
-1638
-1014
-227
675
1362
1619
1555
1328
867
114
-695
-1204
-1344
-1317
-1190
-816
-163
498
903
1066
1117
1023
671
149
-319
-657
-968
-1243
-1306
-1101
-815
-608
-376
59
615
1017
1146
1129
1051
827
412
-22
-300
-492
-793
-1191
-1471
-1520
-1425
-1149
-350
1282
3557
5785
7211
7370
6168
3927
1359
-882
-2746
-4656
-6595
-7685
-7060
-5009
-2737
-937
862
3256
5752
7123
6768
5243
3427
1667
-128
-1939
-3501
-4534
-4834
-4275
-3009
-1569
-500
138
689
1272
1528
1111
223
-564
-921
-977
-924
-674
-59
833
1709
2413
2977
3268
2845
1385
-773
-2765
-3951
-4386
-4476
-4329
-3669
-2324
-540
1208
2563
3355
3532
3215
2657
1998
1116
-59
-1175
-1681
-1465
-1008
-774
-691
-438
-31
181
50
-203
-383
-586
-880
-1003
-650
65
723
1135
1472
1825
1948
1593
878
117
-593
-1333
-2016
-2366
-2281
-1964
-1573
-982
-98
797
1283
1314
1192
1059
688
-71
-919
-1399
-1416
-1232
-1009
-635
-32
606
1011
1139
1101
923
558
64
-398
-751
-1037
-1246
-1250
-979
-559
-163
190
582
981
1219
1195
969
638
233
-207
-576
-808
-980
-1198
-1405
-1434
-1224
-841
-220
924
2768
5000
6878
7674
7076
5307
2967
692
-1296
-3274
-5456
-7337
-7922
-6778
-4630
-2570
-869
1039
3401
5485
6322
5791
4574
3233
1758
16
-1757
-3171
-4038
-4312
-3889
-2794
-1451
-429
141
599
1100
1274
742
-224
-921
-1032
-879
-790
-578
129
1256
2298
2925
3194
3133
2445
902
-1136
-2912
-3973
-4443
-4577
-4308
-3410
-1924
-201
1394
2619
3284
3307
2893
2367
1785
924
-192
-1042
-1171
-826
-658
-843
-901
-507
-10
67
-231
-462
-498
-594
-797
-723
-143
631
1169
1485
1830
2131
2021
1401
619
-37
-665
-1411
-2087
-2361
-2202
-1844
-1388
-711
187
1000
1425
1496
1430
1246
760
-57
-888
-1356
-1395
-1216
-986
-662
-176
368
789
1012
1079
998
725
299
-125
-446
-707
-959
-1120
-1084
-882
-645
-393
-46
393
747
860
772
645
567
501
375
145
-212
-657
-1071
-1348
-1528
-1691
-1712
-1212
103
2119
4342
6197
7216
7071
5717
3567
1304
-709
-2695
-4929
-6995
-7904
-7094
-5095
-2945
-1087
890
3341
5736
7004
6622
5091
3286
1575
-216
-2145
-3785
-4596
-4450
-3631
-2479
-1228
-87
763
1274
1479
1315
702
-192
-943
-1285
-1303
-1121
-586
447
1711
2693
3194
3368
3184
2256
450
-1649
-3204
-3934
-4162
-4163
-3796
-2855
-1431
171
1669
2796
3301
3180
2763
2324
1711
647
-654
-1527
-1599
-1201
-883
-749
-527
-144
122
68
-159
-354
-548
-830
-1014
-785
-141
562
1043
1382
1731
1945
1728
1086
354
-243
-812
-1497
-2104
-2292
-1993
-1470
-936
-368
268
817
1110
1192
1169
976
471
-226
-746
-892
-850
-881
-941
-799
-401
51
361
507
533
457
327
229
162
-15
-367
-729
-852
-715
-528
-449
-393
-190
172
522
691
652
510
393
349
307
134
-251
-780
-1293
-1680
-1941
-2093
-2012
-1429
-139
1789
4009
6055
7464
7785
6747
4517
1680
-1175
-3833
-6248
-8061
-8655
-7776
-5909
-3787
-1663
714
3410
5866
7263
7217
6009
4205
2203
152
-1815
-3427
-4369
-4492
-3886
-2812
-1588
-511
267
766
1059
1067
628
-198
-1022
-1426
-1326
-903
-261
650
1767
2787
3404
3527
3155
2180
524
-1544
-3412
-4547
-4841
-4539
-3900
-2985
-1719
-117
1552
2816
3334
3189
2794
2400
1834
837
-396
-1237
-1292
-838
-490
-501
-625
-567
-379
-284
-341
-457
-596
-759
-820
-585
-79
425
756
1047
1447
1776
1707
1214
606
65
-527
-1277
-1959
-2255
-2150
-1869
-1501
-922
-112
670
1168
1378
1415
1256
806
157
-407
-717
-875
-1041
-1176
-1100
-766
-348
-35
154
310
447
473
365
236
210
233
140
-112
-377
-512
-566
-626
-621
-408
-60
151
112
64
252
541
600
378
144
29
-183
-674
-1264
-1675
-1896
-1999
-1710
-558
1515
3968
6144
7662
8228
7474
5343
2436
-443
-3034
-5558
-7876
-9171
-8760
-6932
-4629
-2376
86
3013
5894
7739
8002
6952
5196
3113
846
-1389
-3273
-4562
-5121
-4834
-3739
-2251
-999
-247
310
986
1521
1353
439
-582
-1080
-1033
-750
-312
407
1344
2215
2861
3294
3344
2613
991
-1000
-2631
-3615
-4124
-4308
-4074
-3331
-2178
-775
738
2094
2905
3031
2759
2441
2017
1158
-103
-1196
-1599
-1403
-1113
-997
-878
-542
-111
125
84
-77
-231
-411
-618
-694
-501
-113
280
631
1010
1364
1477
1243
834
429
-48
-741
-1490
-1914
-1885
-1660
-1433
-1039
-299
548
1063
1168
1174
1222
1057
485
-261
-817
-1156
-1459
-1684
-1570
-1069
-456
52
497
953
1297
1399
1334
1199
888
287
-409
-844
-943
-984
-1146
-1251
-1034
-524
4
359
569
735
890
987
951
724
319
-173
-684
-1216
-1754
-2191
-2385
-2252
-1708
-600
1168
3424
5734
7582
8478
8016
6113
3238
181
-2578
-5089
-7392
-8956
-9004
-7401
-4913
-2444
-204
2167
4781
6993
7879
7095
5173
2993
1027
-795
-2581
-4051
-4719
-4420
-3479
-2375
-1361
-450
379
1030
1319
1079
331
-602
-1259
-1394
-1123
-660
-35
836
1867
2776
3320
3389
2873
1676
-41
-1791
-3084
-3759
-3935
-3753
-3271
-2503
-1425
-30
1476
2610
2997
2791
2492
2267
1746
646
-648
-1421
-1468
-1252
-1221
-1250
-953
-315
275
517
461
253
-96
-538
-805
-654
-207
174
369
623
1115
1610
1715
1350
774
207
-364
-977
-1491
-1736
-1708
-1499
-1098
-450
315
907
1176
1241
1222
1016
466
-292
-908
-1232
-1448
-1699
-1775
-1381
-597
165
635
923
1201
1395
1328
1002
569
91
-437
-902
-1120
-1095
-1020
-949
-698
-179
353
583
561
576
680
617
260
-157
-371
-455
-655
-1000
-1283
-1385
-1405
-1419
-1293
-814
109
1478
3280
5333
7062
7661
6677
4448
1831
-559
-2754
-5001
-7051
-8125
-7642
-5857
-3605
-1494
492
2599
4722
6305
6777
6002
4354
2415
601
-991
-2413
-3574
-4189
-4026
-3177
-2041
-1022
-273
287
767
1098
1066
537
-304
-1017
-1259
-1030
-541
53
726
1463
2178
2743
2989
2665
1605
-9
-1654
-2849
-3492
-3757
-3752
-3399
-2573
-1276
283
1718
2617
2831
2618
2345
2052
1436
348
-844
-1551
-1561
-1202
-915
-778
-567
-139
344
603
519
174
-271
-664
-865
-806
-563
-272
66
583
1253
1761
1793
1409
959
591
114
-628
-1415
-1884
-1941
-1745
-1370
-747
64
781
1193
1368
1404
1204
643
-128
-779
-1180
-1457
-1675
-1662
-1280
-671
-92
394
897
1421
1757
1712
1320
759
176
-358
-786
-1052
-1143
-1101
-972
-777
-522
-218
106
397
590
676
686
638
485
197
-167
-505
-795
-1088
-1390
-1614
-1697
-1640
-1362
-614
816
2816
4956
6736
7708
7451
5765
3055
242
-2010
-3880
-5871
-7741
-8417
-7170
-4578
-1918
195
2163
4398
6435
7328
6674
4953
2939
1057
-659
-2224
-3477
-4147
-4054
-3274
-2149
-1079
-267
341
842
1140
987
291
-655
-1331
-1434
-1116
-731
-350
292
1350
2515
3273
3404
3006
2124
680
-1144
-2753
-3641
-3866
-3823
-3622
-2974
-1696
-37
1525
2630
3127
3040
2566
1931
1144
80
-1104
-1847
-1770
-1200
-788
-685
-442
232
979
1265
1007
502
-64
-673
-1162
-1253
-952
-601
-407
-132
510
1354
1941
2055
1851
1476
857
-24
-900
-1458
-1674
-1720
-1614
-1202
-482
260
740
945
998
899
539
-45
-652
-1143
-1525
-1766
-1683
-1159
-386
285
725
1094
1501
1767
1638
1120
476
-80
-536
-931
-1209
-1293
-1210
-1026
-733
-305
149
403
370
200
112
150
190
153
88
53
-32
-293
-717
-1153
-1457
-1628
-1732
-1722
-1390
-507
1001
2993
5153
6975
7823
7211
5238
2608
70
-2208
-4491
-6704
-8083
-7865
-6195
-4035
-2129
-360
1759
4171
6120
6874
6342
4978
3272
1486
-256
-1815
-3029
-3775
-3963
-3553
-2664
-1619
-750
-130
402
870
975
453
-453
-1122
-1223
-994
-756
-391
432
1625
2654
3139
3170
2888
2117
665
-1143
-2611
-3363
-3611
-3710
-3633
-3061
-1845
-229
1298
2296
2612
2439
2124
1784
1203
205
-920
-1577
-1504
-1047
-671
-406
33
673
1142
1129
738
246
-293
-948
-1558
-1766
-1492
-1055
-705
-250
617
1741
2571
2760
2461
1962
1303
417
-558
-1355
-1865
-2130
-2094
-1632
-836
-63
425
700
903
940
606
-43
-672
-1031
-1166
-1207
-1131
-825
-314
260
784
1218
1479
1450
1120
641
173
-255
-667
-1003
-1159
-1134
-1028
-882
-625
-228
173
378
349
233
177
181
178
146
118
74
-54
-304
-627
-946
-1230
-1470
-1635
-1659
-1459
-937
20
1478
3344
5323
6924
7578
6874
4900
2326
-70
-2072
-4059
-6217
-7895
-8100
-6652
-4442
-2380
-403
2066
4872
6912
7284
6246
4753
3317
1744
-171
-2144
-3681
-4503
-4546
-3829
-2590
-1336
-457
143
765
1310
1272
442
-704
-1475
-1680
-1584
-1316
-663
495
1847
2922
3541
3745
3438
2372
601
-1329
-2786
-3617
-4096
-4371
-4186
-3236
-1646
53
1345
2051
2270
2179
1916
1517
894
2
-917
-1387
-1146
-481
70
316
532
933
1267
1089
317
-679
-1491
-1983
-2188
-2123
-1815
-1315
-616
371
1597
2697
3228
3090
2562
1903
1084
12
-1136
-1985
-2341
-2313
-2064
-1614
-973
-305
181
456
610
630
386
-98
-539
-666
-525
-362
-269
-110
226
634
928
1056
1048
880
504
14
-396
-634
-804
-1003
-1142
-1051
-716
-309
9
212
327
351
283
193
159
175
174
134
78
-20
-227
-532
-807
-952
-1022
-1159
-1399
-1600
-1579
-1233
-528
562
2057
3872
5737
7140
7482
6422
4198
1494
-1113
-3534
-5870
-7801
-8559
-7695
-5664
-3411
-1387
729
3262
5767
7272
7239
6034
4392
2689
862
-1120
-2959
-4220
-4646
-4252
-3256
-2014
-890
-39
607
1082
1152
553
-562
-1597
-2032
-1838
-1289
-522
512
1749
2907
3735
4157
4089
3316
1741
-295
-2179
-3511
-4280
-4607
-4473
-3812
-2687
-1276
216
1529
2342
2499
2235
1917
1596
1008
124
-570
-578
-49
373
362
249
422
704
585
-64
-863
-1467
-1889
-2220
-2314
-2003
-1400
-704
134
1269
2485
3217
3195
2743
2279
1779
949
-177
-1181
-1758
-1983
-2037
-1938
-1649
-1270
-912
-539
-104
247
315
153
26
68
147
146
172
382
710
948
984
862
614
229
-211
-532
-685
-814
-1032
-1204
-1092
-694
-286
-98
-60
59
329
563
566
338
46
-185
-344
-435
-431
-334
-234
-212
-243
-283
-392
-685
-1103
-1400
-1427
-1316
-1243
-1034
-223
1431
3635
5797
7418
8136
7620
5790
3115
355
-2136
-4583
-7061
-8873
-9050
-7450
-4970
-2568
-369
2044
4681
6851
7791
7339
5919
4061
2075
92
-1791
-3386
-4406
-4581
-3889
-2681
-1486
-624
-56
364
549
234
-597
-1495
-1899
-1655
-1043
-314
588
1774
3039
3984
4399
4313
3700
2388
393
-1817
-3598
-4645
-5084
-5107
-4703
-3746
-2266
-523
1087
2203
2681
2678
2507
2300
1902
1177
356
-109
-53
204
267
108
-7
17
-33
-360
-879
-1358
-1704
-1960
-2084
-1936
-1483
-853
-134
739
1783
2738
3252
3233
2909
2474
1860
934
-191
-1204
-1908
-2335
-2562
-2553
-2263
-1781
-1261
-749
-216
273
565
629
634
740
875
855
660
474
436
469
400
177
-138
-467
-738
-874
-878
-875
-958
-994
-772
-335
14
94
87
242
487
548
373
198
163
112
-119
-386
-426
-245
-105
-142
-217
-186
-148
-288
-608
-928
-1143
-1307
-1482
-1572
-1357
-626
737
2669
4871
6829
7975
7892
6501
4149
1479
-972
-3141
-5283
-7337
-8592
-8241
-6272
-3595
-1146
926
3046
5282
6977
7369
6387
4662
2836
1076
-739
-2549
-3987
-4680
-4533
-3743
-2644
-1558
-671
18
591
973
904
303
-453
-812
-616
-211
97
448
1154
2176
3109
3631
3670
3157
1912
-11
-2079
-3637
-4474
-4854
-4979
-4686
-3712
-2111
-279
1351
2543
3259
3567
3562
3257
2565
1503
391
-324
-514
-525
-723
-1016
-1001
-581
-196
-325
-936
-1594
-1994
-2151
-2122
-1801
-1123
-244
645
1556
2535
3361
3665
3357
2720
2009
1143
1
-1208
-2076
-2473
-2615
-2665
-2499
-1969
-1223
-561
-100
266
592
788
819
819
910
1014
960
754
569
523
539
478
303
59
-243
-624
-1044
-1386
-1544
-1496
-1312
-1085
-870
-640
-326
81
479
734
802
745
647
547
444
311
120
-126
-366
-538
-661
-799
-927
-932
-774
-585
-530
-628
-781
-921
-1032
-1023
-715
26
1205
2756
4576
6344
7432
7215
5611
3227
809
-1387
-3576
-5796
-7504
-7977
-7022
-5141
-3002
-903
1220
3402
5388
6702
6923
5964
4189
2180
329
-1319
-2810
-3935
-4327
-3840
-2746
-1501
-423
378
879
1043
822
207
-669
-1494
-1926
-1834
-1347
-608
391
1643
2899
3787
4112
3880
3041
1470
-669
-2760
-4165
-4771
-4927
-4848
-4324
-3068
-1205
737
2236
3087
3395
3402
3274
2957
2242
1102
-66
-715
-725
-548
-641
-923
-991
-768
-623
-840
-1243
-1498
-1540
-1493
-1318
-860
-176
478
1024
1633
2346
2857
2870
2461
1904
1284
523
-311
-978
-1390
-1684
-1939
-2024
-1828
-1470
-1136
-821
-398
136
610
900
1044
1138
1214
1258
1248
1165
998
769
514
239
-81
-452
-848
-1246
-1599
-1827
-1865
-1729
-1473
-1101
-598
-37
436
750
964
1127
1183
1065
802
473
99
-308
-653
-837
-893
-945
-1003
-961
-782
-597
-534
-543
-494
-380
-313
-367
-493
-608
-639
-433
261
1607
3436
5220
6352
6474
5614
4072
2194
207
-1827
-3860
-5643
-6706
-6640
-5501
-3814
-2104
-438
1445
3560
5369
6196
5825
4628
3150
1687
275
-1081
-2272
-3091
-3332
-2942
-2139
-1304
-704
-328
-42
116
-20
-473
-980
-1222
-1122
-815
-396
208
1068
2068
2964
3570
3765
3387
2269
506
-1448
-3052
-4059
-4548
-4648
-4339
-3548
-2288
-686
1018
2463
3311
3532
3438
3261
2842
1874
485
-705
-1222
-1231
-1245
-1443
-1521
-1204
-651
-293
-352
-689
-1031
-1226
-1252
-1130
-878
-502
27
749
1599
2346
2717
2637
2258
1750
1112
264
-730
-1626
-2199
-2388
-2244
-1839
-1252
-608
-6
526
965
1198
1135
877
665
617
627
556
430
361
359
341
269
175
42
-199
-540
-848
-1013
-1084
-1165
-1233
-1153
-845
-401
15
312
490
566
551
454
302
114
-73
-199
-209
-128
-68
-138
-323
-491
-525
-430
-332
-364
-517
-617
-491
-181
47
-26
-328
-600
-722
-774
-782
-511
350
1849
3672
5309
6247
6140
4988
3208
1326
-496
-2465
-4621
-6431
-7142
-6528
-5061
-3330
-1477
679
3075
5187
6406
6485
5629
4251
2684
1098
-452
-1876
-2958
-3444
-3254
-2620
-1919
-1365
-890
-360
133
287
-68
-734
-1283
-1431
-1182
-657
116
1119
2186
3045
3536
3668
3413
2585
1080
-846
-2647
-3903
-4550
-4717
-4459
-3732
-2545
-1050
514
1863
2757
3122
3105
2882
2419
1570
425
-566
-994
-897
-672
-591
-591
-517
-414
-463
-734
-1137
-1554
-1901
-2058
-1877
-1319
-519
346
1222
2142
3022
3593
3589
2992
2030
928
-238
-1421
-2417
-2958
-2953
-2565
-1997
-1297
-445
477
1262
1739
1877
1751
1458
1073
618
79
-504
-966
-1114
-919
-552
-216
43
297
569
759
730
445
-17
-507
-887
-1102
-1191
-1242
-1275
-1193
-894
-431
-15
179
204
262
468
722
852
797
615
377
104
-179
-425
-609
-759
-899
-991
-979
-864
-723
-612
-512
-357
-136
57
109
29
-52
-33
55
216
685
1770
3411
5000
5799
5514
4392
2855
1180
-531
-2248
-3943
-5422
-6226
-5894
-4475
-2612
-936
536
2185
4037
5485
5884
5217
4025
2776
1519
126
-1330
-2532
-3190
-3258
-2897
-2315
-1685
-1125
-707
-457
-388
-492
-710
-877
-808
-413
226
956
1672
2331
2891
3277
3383
3070
2195
737
-1068
-2788
-4045
-4722
-4891
-4615
-3865
-2628
-1063
537
1878
2782
3215
3245
2978
2470
1709
715
-306
-1001
-1167
-992
-886
-1013
-1106
-875
-446
-265
-545
-1025
-1329
-1365
-1244
-964
-412
363
1122
1718
2227
2707
2975
2783
2107
1150
124
-839
-1630
-2174
-2488
-2614
-2480
-1956
-1104
-210
479
960
1348
1625
1656
1426
1123
937
885
836
681
433
176
-16
-152
-306
-536
-813
-1044
-1186
-1264
-1279
-1145
-776
-236
278
621
809
936
1019
975
736
354
-40
-354
-585
-766
-898
-965
-956
-864
-667
-383
-92
114
245
377
518
537
319
-67
-425
-636
-723
-723
-598
-321
14
271
418
511
557
470
197
-183
-538
-828
-1096
-1330
-1391
-1104
-381
756
2203
3746
5000
5516
5051
3789
2218
712
-768
-2459
-4268
-5569
-5713
-4696
-3184
-1795
-508
1063
2899
4371
4847
4322
3317
2260
1194
20
-1177
-2141
-2655
-2642
-2172
-1453
-777
-341
-130
-37
-61
-296
-736
-1196
-1471
-1452
-1118
-481
382
1302
2115
2735
3098
3072
2495
1346
-160
-1675
-2871
-3588
-3850
-3769
-3400
-2667
-1520
-116
1172
2008
2330
2335
2222
1975
1444
634
-178
-648
-679
-467
-235
-45
129
235
175
-58
-393
-812
-1324
-1808
-2007
-1776
-1242
-632
10
789
1687
2449
2813
2743
2364
1760
930
-62
-1011
-1717
-2117
-2264
-2188
-1853
-1265
-549
123
646
996
1169
1153
983
750
527
323
149
55
79
150
155
92
71
132
115
-157
-622
-1020
-1178
-1161
-1097
-979
-704
-268
199
586
871
1050
1051
835
479
113
-213
-513
-757
-857
-786
-622
-442
-231
38
284
377
303
190
156
181
178
133
99
102
107
86
62
59
65
55
38
33
13
-76
-223
-334
-331
-240
-160
-150
-171
-160
-116
-102
-168
-293
-392
-355
-102
390
1103
1978
2876
3504
3526
2850
1766
704
-191
-1136
-2296
-3413
-3971
-3700
-2838
-1840
-950
-80
928
2007
2833
3086
2744
2103
1468
901
283
-419
-1042
-1421
-1535
-1440
-1171
-808
-535
-478
-555
-610
-657
-817
-1027
-999
-582
32
576
1034
1543
2070
2410
2439
2192
1652
712
-542
-1721
-2449
-2709
-2733
-2649
-2373
-1822
-1039
-139
733
1369
1610
1557
1501
1559
1499
1100
537
220
277
419
339
60
-213
-427
-701
-1081
-1446
-1687
-1824
-1861
-1687
-1183
-427
353
1010
1580
2125
2541
2619
2261
1584
794
40
-626
-1170
-1564
-1798
-1867
-1720
-1322
-772
-300
-66
10
127
335
482
448
330
331
510
738
894
954
929
786
518
182
-176
-587
-1052
-1430
-1555
-1424
-1182
-902
-519
-4
500
834
1007
1124
1190
1118
911
678
472
208
-154
-489
-651
-676
-714
-783
-741
-515
-220
-6
110
197
261
250
170
113
144
231
312
352
340
284
214
170
131
14
-214
-466
-624
-680
-710
-738
-676
-467
-186
45
199
345
506
602
560
413
256
112
-74
-319
-554
-695
-731
-697
-623
-523
-433
-386
-365
-318
-208
-5
377
1052
1978
2878
3374
3277
2681
1830
909
-32
-1029
-2097
-3104
-3747
-3738
-3089
-2129
-1171
-226
868
2059
2985
3315
3060
2480
1785
1035
243
-517
-1143
-1549
-1673
-1526
-1246
-1002
-827
-632
-387
-222
-260
-445
-592
-575
-403
-136
201
606
1058
1497
1813
1899
1704
1245
558
-310
-1214
-1908
-2239
-2310
-2312
-2216
-1787
-944
45
802
1213
1419
1535
1531
1353
1020
587
139
-185
-264
-180
-153
-266
-356
-278
-179
-323
-714
-1062
-1141
-1018
-874
-722
-440
17
552
1052
1476
1782
1891
1735
1335
775
154
-442
-941
-1318
-1596
-1770
-1768
-1503
-1004
-434
33
368
658
950
1157
1154
964
752
649
628
583
484
388
310
183
-35
-302
-546
-757
-946
-1082
-1099
-981
-750
-422
1
457
848
1112
1282
1382
1355
1125
715
258
-123
-396
-591
-723
-782
-757
-674
-572
-458
-327
-185
-79
-42
-38
33
199
374
452
447
475
583
677
628
414
123
-161
-418
-660
-884
-1064
-1135
-1034
-755
-388
-60
181
380
577
724
750
658
536
459
414
344
217
60
-75
-153
-184
-217
-293
-416
-545
-624
-607
-489
-316
-148
-5
144
333
526
634
603
474
329
202
77
-66
-211
-328
-398
-413
-374
-307
-251
-229
-206
-145
-61
-33
-114
-274
-418
-472
-413
-257
-12
335
793
1346
1908
2330
2426
2086
1366
472
-362
-1026
-1586
-2141
-2627
-2778
-2361
-1464
-488
219
678
1165
1770
2233
2237
1786
1182
668
241
-204
-658
-1014
-1197
-1192
-1012
-721
-465
-372
-409
-435
-395
-386
-468
-513
-340
51
496
869
1197
1513
1726
1701
1418
974
442
-182
-882
-1513
-1890
-1939
-1753
-1467
-1119
-672
-117
471
968
1263
1312
1169
962
794
644
428
151
-51
-89
-66
-153
-363
-535
-571
-571
-673
-843
-917
-827
-660
-491
-259
122
596
1001
1257
1407
1491
1434
1137
626
50
-462
-880
-1211
-1423
-1468
-1338
-1065
-679
-238
157
408
529
625
740
782
653
411
226
183
211
205
160
125
98
29
-96
-247
-414
-601
-766
-825
-740
-570
-389
-179
122
491
804
963
974
915
819
655
407
118
-152
-367
-520
-589
-560
-468
-380
-330
-288
-204
-79
34
104
158
230
324
413
475
510
516
474
377
239
76
-105
-305
-510
-679
-775
-776
-696
-567
-411
-223
10
262
464
564
583
575
558
487
335
153
9
-77
-149
-231
-303
-340
-348
-338
-312
-262
-212
-186
-170
-120
-3
164
327
438
488
492
465
399
285
146
20
-77
-162
-239
-282
-261
-205
-158
-126
-75
3
55
45
6
-1
49
124
202
281
353
393
380
317
227
117
-7
-127
-219
-278
-303
-289
-217
-94
31
91
52
-55
-155
-177
-111
-33
-27
-92
-108
29
251
367
265
66
-16
66
129
-1
-269
-464
-482
-427
-438
-491
-462
-299
-74
131
295
410
435
367
295
283
264
131
-86
-220
-186
-99
-107
-180
-177
-68
29
35
7
26
53
24
-14
42
173
236
176
93
101
150
118
-17
-158
-225
-220
-180
-114
-51
-33
-35
39
215
358
313
129
12
62
140
68
-118
-232
-189
-90
-51
-55
-26
29
47
27
24
32
-19
-139
-226
-198
-110
-63
-58
-12
95
180
181
129
74
1
-124
-259
-321
-284
-207
-118
26
257
522
739
888
999
1036
884
509
36
-337
-548
-700
-896
-1072
-1065
-808
-423
-88
134
319
545
773
897
855
685
471
275
97
-85
-270
-425
-510
-512
-458
-387
-335
-319
-334
-352
-334
-254
-129
-3
110
237
404
593
740
776
689
526
344
162
-59
-357
-694
-954
-1030
-930
-768
-645
-539
-351
-37
322
587
682
647
583
546
514
422
243
35
-106
-149
-149
-187
-270
-349
-387
-399
-408
-411
-393
-356
-285
-143
88
343
523
597
625
664
677
579
361
102
-108
-253
-366
-467
-548
-585
-562
-472
-337
-198
-86
12
125
247
339
382
402
429
453
436
368
276
184
95
6
-80
-163
-261
-369
-451
-462
-409
-332
-252
-146
10
180
304
362
398
443
470
430
311
166
41
-56
-146
-232
-298
-330
-330
-310
-276
-236
-199
-157
-96
-4
96
171
206
217
233
253
256
224
166
104
48
-14
-86
-164
-226
-253
-250
-232
-206
-167
-106
-30
32
62
69
81
110
141
160
162
154
135
112
94
77
45
-11
-78
-129
-165
-195
-218
-212
-168
-107
-47
14
90
167
215
228
226
226
213
174
121
79
43
-11
-89
-162
-193
-187
-177
-180
-182
-156
-88
1
76
118
143
169
193
189
144
82
31
-5
-51
-108
-155
-176
-177
-181
-193
-194
-165
-106
-44
-1
29
67
126
177
183
141
80
37
10
-22
-74
-125
-147
-131
-100
-80
-75
-72
-61
-48
-41
-31
-6
34
68
92
117
157
201
219
201
162
126
93
44
-23
-81
-108
-106
-99
-108
-116
-101
-53
13
71
108
122
122
123
123
109
63
5
-29
-25
-10
-20
-50
-67
-52
-28
-14
-3
16
37
41
34
35
43
34
8
-1
26
62
66
42
24
26
22
-5
-47
-85
-114
-137
-146
-127
-89
-54
-28
-6
17
30
19
-5
-25
-31
-27
-25
-26
-30
-22
7
50
81
82
64
48
46
39
19
-5
-17
-11
0
12
23
36
38
30
13
-5
-16
-21
-21
-15
1
26
63
103
120
96
43
-11
-47
-74
-105
-132
-129
-88
-26
32
78
108
125
124
107
78
41
-5
-49
-72
-68
-46
-26
-21
-23
-18
-3
11
4
-26
-61
-79
-73
-56
-38
-18
8
37
65
86
97
95
80
53
21
-15
-54
-92
-122
-139
-137
-112
-68
-23
5
19
38
68
96
100
82
71
77
85
78
59
40
25
0
-36
-72
-96
-109
-118
-116
-96
-57
-10
35
79
122
156
174
173
167
150
113
53
-19
-85
-142
-189
-221
-224
-195
-140
-79
-18
46
108
153
169
160
132
96
53
14
-16
-36
-49
-56
-51
-39
-27
-26
-27
-27
-27
-36
-47
-45
-30
-15
0
27
73
117
139
132
117
100
66
8
-61
-115
-141
-147
-144
-133
-110
-75
-36
6
44
76
102
124
135
133
104
52
-1
-31
-38
-48
-83
-126
-140
-113
-70
-46
-47
-44
-19
25
67
92
101
102
104
108
102
78
39
2
-21
-30
-36
-46
-59
-70
-71
-61
-50
-46
-43
-25
17
69
108
127
140
154
162
144
91
19
-51
-106
-138
-158
-178
-193
-184
-141
-77
-19
19
57
104
155
184
182
161
138
107
67
17
-35
-88
-140
-181
-191
-174
-151
-131
-105
-58
-11
16
29
53
88
101
78
52
62
96
101
70
42
47
57
33
-19
-56
-63
-66
-92
-122
-124
-98
-69
-46
-14
39
95
132
155
173
183
170
136
96
57
18
-26
-67
-102
-136
-164
-179
-175
-154
-122
-77
-18
49
112
170
224
268
281
262
219
162
88
-6
-102
-175
-221
-249
-263
-250
-201
-133
-67
-13
40
99
152
176
173
160
149
134
103
67
42
29
5
-41
-88
-114
-129
-155
-193
-212
-193
-147
-102
-54
7
79
140
180
201
206
186
133
66
3
-49
-100
-150
-183
-185
-162
-133
-110
-86
-52
-3
44
77
94
102
109
113
106
91
76
64
45
10
-31
-62
-80
-93
-105
-112
-101
-77
-49
-25
1
28
54
72
83
89
101
111
114
105
88
72
56
35
3
-30
-52
-59
-53
-44
-37
-32
-25
-13
5
27
48
63
74
85
94
92
77
54
25
-7
-38
-63
-82
-102
-120
-127
-115
-89
-60
-40
-20
7
39
65
79
82
82
83
79
65
39
8
-13
-27
-40
-62
-82
-94
-95
-97
-99
-94
-74
-40
-5
29
59
83
96
99
95
84
64
38
12
-5
-14
-20
-28
-34
-33
-27
-20
-17
-14
-14
-10
-1
17
40
64
84
103
121
134
133
115
87
54
18
-19
-53
-77
-90
-97
-95
-83
-58
-25
8
36
58
72
80
75
59
39
17
-3
-20
-32
-37
-36
-29
-22
-14
-8
2
13
21
21
15
13
14
13
5
-6
-16
-27
-43
-58
-68
-67
-61
-47
-34
-18
-2
16
35
48
51
45
36
27
17
0
-20
-35
-40
-40
-40
-39
-34
-22
-7
11
24
30
31
32
34
37
38
35
28
24
22
20
15
5
-3
-7
-6
-5
-6
-13
-16
-13
-8
-2
3
8
16
25
33
39
43
43
37
30
24
21
11
-1
-13
-19
-22
-26
-27
-25
-18
-9
-1
9
19
29
39
50
58
57
46
31
18
5
-11
-28
-41
-46
-48
-49
-46
-36
-22
-8
5
14
22
25
22
16
8
4
2
3
4
6
9
16
22
26
26
23
23
24
23
20
12
4
1
5
13
22
31
40
49
59
68
74
77
74
66
55
43
35
27
21
13
4
-3
-9
-13
-16
-16
-14
-9
0
9
19
31
38
40
36
32
27
24
19
17
13
7
1
0
1
-4
-15
-27
-32
-29
-28
-30
-29
-16
1
14
27
42
59
67
61
49
40
35
24
6
-13
-24
-27
-26
-26
-29
-27
-24
-16
-4
6
10
10
15
27
41
49
49
46
43
41
36
25
14
2
-8
-17
-26
-36
-45
-49
-46
-39
-28
-16
2
21
38
52
61
67
67
58
43
26
10
-6
-22
-34
-42
-46
-51
-53
-50
-40
-29
-15
-1
16
32
42
49
54
57
52
39
23
11
0
-14
-27
-35
-31
-23
-16
-14
-11
-7
-3
-2
0
2
9
16
23
28
30
30
26
23
21
17
11
5
-1
-6
-10
-12
-10
-6
-3
1
7
14
22
26
33
39
43
42
39
36
32
31
28
31
33
31
26
18
13
7
-1
-9
-15
-15
-7
7
23
36
46
55
64
70
70
63
51
40
32
24
15
0
-15
-22
-25
-33
-42
-48
-45
-33
-12
10
29
43
54
62
66
63
52
38
25
12
-4
-21
-35
-46
-54
-59
-57
-50
-41
-31
-21
-10
0
9
18
28
38
43
40
38
41
49
53
48
36
24
10
-12
-37
-57
-61
-50
-37
-23
-6
19
48
70
85
92
96
96
93
84
72
55
38
24
13
0
-16
-32
-44
-53
-59
-56
-41
-15
7
22
34
47
53
48
36
27
22
12
-5
-27
-43
-50
-56
-64
-69
-67
-61
-51
-39
-25
-8
11
27
36
38
35
29
19
9
-1
-7
-8
-4
-1
0
-1
0
4
8
11
9
10
15
23
28
27
28
31
33
28
21
17
14
11
9
12
22
28
28
25
20
18
11
2
-1
2
10
16
20
21
16
11
7
2
-3
-6
-11
-12
-10
-8
-7
-6
-5
-2
3
9
16
22
29
33
33
26
14
-1
-12
-23
-29
-30
-24
-14
-5
6
13
20
26
31
35
35
32
29
29
30
26
17
8
5
3
3
2
2
6
10
13
19
27
39
46
50
46
38
31
27
27
25
16
6
3
6
10
9
6
7
13
22
28
34
38
42
42
39
34
30
24
23
26
29
31
35
42
51
55
48
31
14
3
-2
-3
-1
4
9
12
18
24
26
22
14
9
7
5
3
2
2
-1
-10
-21
-28
-31
-29
-27
-26
-26
-23
-17
-8
-2
-2
-6
-11
-14
-15
-14
-10
-3
5
13
20
27
32
34
30
26
25
25
26
28
30
29
25
15
5
0
1
8
20
37
57
77
91
92
82
65
46
24
2
-14
-21
-22
-22
-22
-20
-16
-11
-10
-8
-5
2
15
30
43
53
52
41
18
-6
-26
-40
-49
-55
-55
-47
-38
-29
-21
-16
-11
-10
-10
-8
-5
-2
2
12
26
31
27
14
3
-4
-10
-14
-14
-9
-2
4
8
13
13
5
-8
-14
-10
-1
10
19
30
41
53
55
48
32
15
3
-5
-11
-13
-10
-2
5
6
3
-1
0
7
18
29
35
39
41
41
36
27
16
1
-13
-24
-26
-19
-9
0
8
17
23
27
25
21
21
23
26
26
27
30
36
38
34
23
13
7
4
-1
-1
8
24
34
34
28
22
12
0
-12
-17
-15
-8
6
21
35
41
40
33
25
16
7
3
4
6
10
14
15
9
-4
-16
-24
-30
-33
-27
-11
11
30
42
41
34
24
12
-4
-18
-26
-22
-12
-3
6
14
23
23
15
3
-7
-13
-16
-11
2
18
31
32
27
16
0
-17
-23
-17
-5
8
23
38
50
49
34
11
-12
-32
-46
-46
-33
-11
13
33
44
43
32
11
-9
-21
-20
-10
3
16
24
28
24
12
-4
-18
-25
-22
-15
-4
13
32
46
49
39
21
1
-14
-21
-18
-11
1
13
24
26
19
6
-9
-20
-25
-23
-11
7
26
39
44
42
33
16
-4
-15
-19
-14
-6
7
22
35
39
33
22
8
-4
-11
-12
-4
11
28
43
52
51
37
19
1
-11
-16
-11
1
18
36
47
51
45
32
15
-1
-10
-8
2
18
33
45
52
50
37
16
-4
-15
-16
-8
6
25
46
59
57
40
14
-8
-24
-27
-19
-5
12
27
41
47
39
20
-4
-24
-35
-34
-26
-11
4
16
19
18
9
-6
-20
-27
-23
-10
9
29
44
49
41
27
9
-10
-28
-38
-37
-27
-12
4
18
25
22
15
2
-11
-17
-21
-15
-3
8
13
13
8
0
-12
-23
-27
-24
-14
1
16
27
30
25
12
-5
-23
-36
-41
-33
-16
2
18
30
39
40
35
25
14
8
6
9
18
29
34
33
22
10
3
0
-1
2
13
29
46
57
59
55
43
25
2
-14
-22
-21
-11
-1
10
17
21
20
16
13
8
5
6
11
20
27
29
22
12
-2
-16
-25
-27
-21
-10
5
24
40
50
50
42
26
8
-8
-20
-20
-10
2
12
19
27
29
26
19
15
20
30
40
48
50
47
37
22
4
-13
-26
-33
-27
-12
10
36
58
73
76
68
52
31
9
-14
-31
-35
-30
-18
-8
-2
-2
-4
-3
-2
-1
-1
-2
4
13
24
28
24
13
0
-12
-22
-29
-30
-26
-13
3
20
32
36
33
23
8
-8
-19
-20
-15
-7
4
11
14
12
3
-4
-9
-10
-8
-3
5
13
16
14
10
5
-4
-17
-29
-34
-30
-19
-3
14
30
40
38
26
8
-11
-24
-27
-22
-11
4
16
26
31
29
21
10
0
-5
-3
2
11
20
31
36
34
26
12
2
-4
-3
3
13
27
38
47
47
41
27
9
-7
-14
-11
0
12
23
32
36
33
24
15
10
8
9
14
25
35
39
30
12
-5
-21
-34
-40
-38
-25
-4
22
46
61
62
50
30
6
-15
-32
-40
-37
-25
-10
4
16
22
22
14
5
1
6
16
24
30
35
39
37
24
2
-17
-26
-26
-20
-9
7
30
52
66
66
54
35
12
-7
-20
-24
-22
-16
-8
0
5
8
6
5
4
6
12
22
33
38
32
18
-2
-23
-42
-57
-63
-60
-47
-26
-5
17
30
35
31
21
7
-9
-22
-30
-30
-24
-14
-6
1
4
6
6
4
6
14
26
35
39
40
41
35
21
1
-17
-25
-25
-19
-6
12
30
45
53
54
49
36
22
11
4
3
5
10
15
15
8
-2
-12
-17
-14
-2
13
29
40
47
49
42
24
0
-25
-44
-53
-49
-29
-3
23
45
58
61
51
29
3
-16
-23
-19
-11
-1
8
13
11
3
-4
-8
-8
-5
5
20
36
43
41
33
26
17
0
-21
-34
-31
-17
0
15
30
41
41
28
8
-11
-21
-24
-19
-9
1
10
12
9
1
-8
-15
-16
-11
-1
10
21
32
34
27
13
-3
-20
-32
-39
-36
-23
-5
16
37
51
51
39
19
1
-11
-16
-15
-9
1
12
22
24
17
5
-2
-1
6
12
17
19
19
17
12
8
3
-9
-27
-45
-53
-46
-27
-3
18
34
39
35
18
-8
-33
-44
-41
-30
-16
-5
3
3
-6
-15
-22
-24
-18
-8
5
17
24
25
23
18
6
-8
-20
-27
-29
-27
-12
13
37
54
59
53
40
22
6
-4
-5
0
8
15
21
21
14
2
-6
-7
-2
7
14
20
24
30
32
29
20
8
0
-6
-13
-18
-16
-1
18
34
41
37
24
5
-13
-21
-16
-6
6
16
23
26
21
8
-4
-5
1
12
19
26
32
36
36
31
23
13
3
-7
-10
-9
0
