26
28
33
38
37
30
20
13
8
2
-4
-2
10
22
28
26
23
18
8
-6
-13
-9
5
15
18
14
7
-1
-8
-11
-6
-2
-4
-7
-4
1
5
7
8
10
4
-11
-24
-28
-22
-9
14
40
58
57
40
25
15
10
5
2
5
13
14
3
-13
-22
-19
-12
-8
-8
-11
-14
-14
-10
4
26
41
41
33
25
24
27
31
38
50
53
44
23
5
1
8
21
28
28
20
7
-4
-7
1
18
38
52
54
44
27
5
-16
-29
-33
-31
-28
-25
-25
-29
-33
-36
-38
-40
-42
-43
-38
-28
-11
4
13
15
11
5
0
-5
-9
-6
0
8
12
10
10
7
2
-7
-10
-8
0
6
12
21
28
31
23
15
12
15
17
19
24
32
38
39
35
31
28
22
13
4
1
4
12
21
30
30
26
19
15
14
13
11
11
17
29
37
35
29
25
22
16
7
4
10
20
26
28
26
25
26
26
27
25
26
27
30
32
30
28
28
25
19
8
-1
-2
6
14
21
20
16
9
0
-4
-3
1
1
-4
-10
-12
-10
-8
-10
-10
-11
-5
-4
-5
-11
-20
-28
-28
-18
-5
-1
-9
-20
-25
-20
-9
4
14
17
16
14
16
20
25
30
34
37
37
34
31
28
28
29
35
43
52
56
52
43
34
29
28
36
44
52
51
39
28
24
24
28
35
45
52
52
43
28
18
12
8
-1
-6
-9
-6
-5
-8
-9
-5
0
4
7
14
16
10
-2
-11
-12
-7
-2
7
19
28
29
23
21
25
26
20
8
-1
-7
-9
-2
11
28
38
39
32
21
16
17
27
38
42
37
31
29
33
38
39
38
35
28
22
18
15
14
17
26
36
41
34
21
10
5
3
5
8
13
17
15
11
6
2
-2
-6
-1
8
14
13
11
13
20
30
35
34
28
13
-3
-16
-19
-16
-7
2
11
13
7
-3
-12
-15
-14
-5
5
9
5
-5
-10
-7
1
10
16
18
12
1
-9
-12
-3
9
16
16
11
4
-3
-11
-15
-14
-11
-5
-1
2
7
11
10
5
0
0
2
5
6
6
8
15
20
24
31
44
57
65
63
58
56
55
48
35
25
20
24
26
26
25
23
26
34
43
50
53
49
44
42
44
49
52
46
38
30
26
24
25
25
24
19
8
-1
-6
-5
-2
1
-1
-9
-22
-30
-27
-16
-7
-5
-7
-8
-5
1
10
21
30
32
27
18
7
-2
-8
-7
-1
8
15
16
13
9
8
9
15
28
40
47
45
36
29
22
17
14
20
30
35
27
12
3
1
4
1
-1
-4
-9
-13
-16
-10
-4
-2
-3
-4
-2
4
7
8
7
8
12
16
17
16
15
19
25
34
38
40
37
34
34
35
31
26
19
13
9
13
22
29
30
25
20
17
14
6
-2
-4
0
5
10
16
21
22
20
18
12
1
-13
-22
-18
-4
11
20
20
15
7
0
-2
-1
7
18
33
44
48
41
26
13
5
3
4
3
5
7
13
21
28
32
34
34
35
34
29
26
25
27
26
26
26
26
24
20
14
13
13
12
9
4
6
13
17
9
-4
-12
-9
-2
2
8
15
20
20
12
4
1
2
4
9
17
23
23
19
11
4
2
3
3
-3
-11
-17
-16
-11
-4
-1
-1
0
8
19
30
38
40
41
37
28
16
2
-9
-10
2
21
35
36
24
12
4
-1
-3
-6
-8
-11
-14
-11
-4
6
14
16
14
7
4
6
12
22
33
39
43
48
53
60
64
59
49
36
29
29
36
45
49
41
28
15
8
8
13
20
26
27
24
19
15
15
20
28
35
40
41
35
22
5
-6
-10
-8
-5
-4
-1
2
3
1
-1
0
3
8
11
9
5
0
2
7
14
16
15
13
7
0
-4
-5
-5
-8
-20
-27
-25
-14
-2
4
7
7
9
8
6
2
-1
-3
-2
0
5
9
6
3
3
4
3
0
-2
2
9
14
15
19
27
35
37
31
27
26
27
29
32
37
39
36
30
27
28
28
26
23
24
26
27
25
21
13
7
2
3
9
15
23
32
42
47
44
36
28
21
13
5
1
3
3
0
-6
-7
-6
-8
-16
-28
-39
-45
-47
-42
-30
-15
0
13
22
24
19
9
0
-5
-2
8
20
30
35
34
29
24
18
13
10
11
13
19
27
32
35
33
29
29
32
34
35
36
38
41
44
42
35
28
22
23
27
31
37
38
36
32
29
28
27
24
20
15
15
14
13
14
12
8
-1
-5
-3
1
0
-5
-13
-20
-26
-28
-25
-19
-12
-11
-17
-26
-27
-18
-3
6
6
4
4
8
13
14
14
14
13
14
18
25
32
36
36
34
33
32
32
35
41
47
45
39
27
17
9
5
6
15
27
36
40
36
24
16
11
12
14
14
14
16
20
28
32
32
25
19
14
16
20
26
31
34
35
36
33
28
17
3
-9
-14
-9
-2
5
11
17
21
20
12
3
0
0
0
-1
-2
-5
-12
-22
-29
-29
-25
-20
-16
-13
-13
-13
-9
-2
10
17
16
6
-3
-6
-1
6
14
26
35
39
32
21
13
12
17
24
29
27
18
8
2
7
17
27
34
39
39
34
28
25
20
13
4
0
2
10
18
22
22
14
-2
-19
-31
-32
-23
-6
12
26
30
26
17
12
15
19
23
28
33
38
39
38
36
30
24
22
27
33
33
27
20
20
29
38
42
39
32
24
22
23
28
34
37
35
29
18
9
4
1
-2
-7
-11
-10
-5
5
15
16
10
-3
-17
-28
-29
-17
3
23
31
28
19
6
-2
-2
7
22
34
40
38
34
29
25
26
36
47
53
51
44
35
22
10
3
5
12
18
18
19
23
30
35
34
29
22
14
7
7
14
23
25
19
12
10
12
9
0
-15
-23
-24
-22
-18
-13
-7
-3
-3
1
7
11
10
7
2
-6
-16
-26
-30
-22
-12
-6
-1
6
11
14
13
12
17
23
24
23
26
34
42
46
44
44
46
45
38
28
19
16
10
1
-1
-2
1
6
16
31
46
54
54
52
50
47
41
33
27
25
25
23
19
14
12
14
16
12
7
7
14
25
34
38
34
24
10
0
1
3
-1
-11
-17
-16
-6
1
4
1
-5
-13
-17
-13
-4
7
19
29
38
38
33
24
18
12
10
16
22
26
22
15
8
5
4
4
7
11
9
0
-10
-12
-5
11
25
36
40
37
28
15
7
5
4
5
4
3
-1
-3
-1
2
5
6
3
3
5
9
13
18
25
31
32
26
19
17
17
19
18
18
19
22
25
26
27
23
18
13
11
14
15
13
9
2
-3
-9
-11
-5
3
11
15
18
19
19
22
25
31
34
29
21
13
10
9
9
11
14
18
21
23
26
24
21
15
14
18
23
26
24
18
11
6
10
20
31
41
40
32
24
15
7
-1
-5
-3
5
10
12
11
11
10
5
-1
-5
-5
-1
2
0
-3
-3
2
7
11
13
14
10
8
11
19
29
33
26
17
12
13
18
22
23
24
26
27
24
19
23
34
49
59
60
58
56
52
44
36
36
39
44
42
38
33
27
21
15
8
3
-3
-5
-2
2
5
3
-1
-5
-9
-12
-15
-17
-16
-7
3
10
14
12
6
0
-5
-7
-6
-6
-6
-8
-9
-9
-12
-22
-31
-32
-21
-5
9
15
16
17
20
26
31
30
22
9
1
-1
4
12
21
31
41
46
44
38
33
31
31
30
34
39
45
43
38
31
21
12
4
1
0
0
2
7
11
13
10
9
8
3
-7
-15
-12
2
15
26
33
38
38
32
22
14
6
0
-6
-3
6
15
20
20
20
20
18
13
11
14
24
36
44
40
29
22
24
34
42
43
41
38
32
23
10
4
4
7
13
20
25
23
13
1
-7
-15
-20
-24
-22
-16
-12
-14
-15
-12
-5
-1
-2
-4
-3
-5
-9
-10
-5
3
8
8
7
8
6
-1
-8
-11
-4
10
27
43
47
42
32
26
26
34
47
64
77
81
74
62
52
44
36
26
18
14
15
12
3
-7
-10
-5
-2
-7
-19
-27
-28
-29
-31
-32
-28
-21
-17
-14
-7
-1
-3
-13
-27
-36
-37
-36
-35
-35
-32
-25
-19
-16
-15
-6
4
12
12
8
6
5
7
5
8
15
23
29
33
33
29
21
12
4
5
8
10
9
5
1
-4
-4
2
13
23
26
21
17
13
7
0
-5
-2
4
10
13
17
20
19
14
10
8
7
3
-2
-4
2
11
21
31
36
35
28
22
19
22
28
31
31
27
19
9
-1
-5
-4
0
4
5
3
4
5
5
4
3
0
-1
0
6
17
25
29
26
21
17
10
-2
-12
-15
-12
-9
-5
4
16
25
30
34
39
38
32
26
23
22
22
27
41
56
63
59
53
47
40
29
18
13
14
21
29
33
27
10
-8
-16
-11
-1
8
9
4
-6
-20
-29
-26
-16
-8
-7
-19
-32
-43
-36
-16
10
26
21
2
-16
-23
-16
-1
12
18
12
-1
-12
-13
-4
7
12
10
9
13
20
23
18
13
13
17
21
25
34
43
41
24
2
-10
-12
-14
-20
-23
-18
-11
-8
-6
0
9
10
1
-7
-8
-5
-4
-5
-5
-5
-5
-5
-2
0
-2
-7
-9
-5
5
14
19
18
12
8
9
9
8
4
3
7
12
14
16
18
19
15
10
7
4
4
4
4
5
6
8
12
19
24
23
16
7
4
3
4
3
2
-2
-6
-8
-7
-2
4
7
6
1
-6
-10
-9
-8
-5
-2
2
3
4
6
13
21
26
25
23
23
24
21
17
15
17
19
14
4
-6
-9
0
17
36
48
47
34
13
-2
0
16
40
57
62
57
46
33
21
14
16
18
19
17
15
15
16
15
17
23
26
23
13
1
-6
-5
-1
13
29
41
43
32
15
-2
-15
-20
-18
-11
-5
-7
-15
-22
-20
-9
7
23
34
32
22
9
0
2
10
22
32
36
28
9
-8
-15
-3
22
44
56
58
54
48
43
44
46
49
46
38
29
25
20
14
5
2
5
10
9
6
6
9
8
0
-7
-12
-14
-16
-16
-11
-2
2
-5
-14
-16
-10
-6
-7
-13
-21
-29
-36
-38
-32
-22
-11
-1
6
9
4
-2
-7
-5
-1
5
15
24
25
15
-1
-7
-3
6
15
19
13
0
-15
-22
-21
-11
1
9
12
12
6
-2
-3
0
3
4
1
-3
-5
-4
4
17
28
31
31
26
18
10
8
13
22
30
34
31
25
21
19
24
32
37
38
35
32
27
23
20
16
11
4
-6
-9
-3
11
28
38
41
37
31
29
31
33
26
12
-2
-13
-17
-15
-9
1
11
13
5
-8
-19
-26
-32
-35
-30
-18
-4
8
11
9
3
0
2
5
6
4
2
3
2
1
4
13
27
39
47
52
54
47
37
29
30
35
36
29
18
10
5
5
15
33
48
50
40
23
8
-2
-3
8
27
43
48
39
25
9
-5
-14
-15
-11
-8
-13
-21
-23
-19
-8
3
9
10
9
10
13
17
20
18
13
7
2
1
5
13
24
33
40
37
29
20
12
12
13
14
14
9
4
3
7
17
25
29
30
29
25
15
6
0
0
2
5
6
11
16
20
25
33
39
34
19
3
-5
-2
8
20
32
35
27
11
-4
-7
-1
8
16
22
28
29
25
20
15
18
27
40
52
58
58
53
46
37
28
21
16
10
6
11
23
35
41
37
31
26
20
6
-9
-20
-22
-16
-6
1
5
1
-3
-5
-1
4
5
-1
-7
-12
-14
-17
-18
-13
-4
9
18
22
17
8
0
-7
-9
-3
8
24
37
43
42
39
36
35
36
38
41
40
38
37
37
40
36
26
14
7
9
16
24
30
34
35
28
19
12
11
13
13
11
8
5
0
-3
2
13
26
33
33
29
18
3
-9
-14
-7
5
12
13
13
9
4
2
2
5
7
7
10
20
34
45
47
42
33
23
15
14
21
29
31
25
13
1
-5
-4
0
1
-4
-11
-18
-20
-16
-4
11
23
28
26
21
15
7
4
3
1
-1
-3
-1
4
6
3
2
1
-1
0
3
10
12
8
0
-5
-3
3
10
21
30
33
26
14
11
16
27
36
38
35
30
25
23
19
18
18
21
23
26
28
31
32
30
27
24
25
24
25
25
26
28
29
25
15
4
-4
-9
-11
-7
2
14
23
30
27
16
1
-12
-13
-6
4
9
8
7
7
6
8
6
4
0
0
5
10
13
12
11
11
11
11
6
2
-3
-7
-8
-6
1
10
16
18
16
12
8
7
12
21
27
25
15
4
0
2
7
12
17
20
19
16
17
22
26
28
29
33
33
30
29
33
39
45
48
50
56
60
61
56
52
52
55
56
52
41
29
21
22
26
24
19
12
4
-3
-8
-9
-5
4
15
25
32
32
25
10
-3
-14
-19
-17
-10
-2
3
4
1
-5
-9
-8
0
10
18
19
13
1
-10
-11
-5
4
8
8
5
0
-8
-14
-13
-6
3
7
6
-1
-4
1
13
27
41
52
58
54
44
35
32
33
37
39
39
34
25
15
11
10
8
6
8
18
30
38
46
54
57
53
40
26
19
18
17
17
17
15
8
3
-2
-1
1
-2
-8
-13
-13
-9
-4
4
14
22
18
6
-6
-5
4
12
14
11
10
11
12
13
21
26
26
22
14
10
10
13
19
26
25
20
13
8
5
3
3
4
4
-1
-1
7
18
22
14
2
-3
5
16
23
23
20
12
-2
-14
-20
-16
-6
4
15
26
36
40
39
34
25
14
7
8
20
34
40
34
24
15
13
16
18
23
31
42
52
56
54
49
42
32
25
23
28
33
33
27
18
10
5
1
-1
0
2
4
0
-8
-19
-27
-34
-40
-42
-39
-29
-16
-1
6
5
-3
-10
-12
-10
-3
2
7
12
18
24
31
37
40
39
35
28
21
23
29
39
41
37
33
35
43
50
54
57
55
47
32
23
20
23
20
13
11
15
17
15
8
4
0
-2
-6
-8
-5
2
13
21
26
22
16
12
16
23
28
30
31
29
24
14
8
7
10
8
1
-9
-12
-4
9
25
36
43
44
37
26
14
4
-1
-5
-5
-4
-3
-8
-12
-14
-10
-4
-3
-12
-24
-28
-22
-10
-3
-3
-9
-8
-1
6
8
9
9
13
21
26
26
18
8
5
8
17
26
33
33
30
27
27
33
44
53
62
63
54
38
26
25
35
49
58
64
62
57
45
28
13
1
-4
-5
-2
3
9
12
12
10
10
13
17
22
26
27
22
11
-2
-12
-15
-10
0
9
11
3
-6
-13
-14
-9
-3
2
5
7
9
13
18
26
33
34
28
19
10
7
9
13
21
26
25
13
-2
-15
-16
-14
-4
8
20
24
24
20
16
11
6
2
3
6
8
12
17
23
25
28
28
23
17
14
21
32
37
27
14
4
3
9
13
17
15
12
10
8
4
0
-3
-4
0
3
8
13
21
33
44
48
43
34
22
14
8
5
9
19
31
36
32
22
12
8
7
13
22
32
35
31
26
19
12
6
3
2
2
0
-3
-5
-5
-7
-10
-14
-15
-12
-8
-5
-6
-11
-13
-12
-9
-9
-16
-25
-32
-33
-27
-15
-3
7
8
6
2
5
7
13
19
24
29
30
32
41
50
55
50
39
33
37
51
66
72
69
56
41
29
20
16
18
27
37
39
30
15
3
-2
0
7
23
41
51
50
41
27
12
1
-4
-3
0
2
4
5
6
8
13
20
22
12
1
-9
-10
-6
1
12
25
33
31
21
9
1
3
11
24
36
45
45
38
26
13
3
-3
-5
-6
-8
-10
-12
-12
-8
-1
5
10
12
11
4
-4
-7
1
12
17
14
5
-1
-2
2
11
22
32
35
33
23
14
10
15
26
39
47
48
41
32
26
32
42
51
54
52
46
36
27
21
23
31
36
35
30
24
21
23
29
33
32
18
1
-15
-26
-35
-39
-33
-18
-8
-8
-14
-16
-12
-3
5
9
9
4
-4
-6
-1
7
10
6
-1
-5
-10
-12
-12
-8
1
10
12
8
0
-4
-1
6
14
20
26
32
34
33
26
16
11
15
23
31
30
22
10
0
-3
2
12
21
23
23
25
32
42
48
46
36
22
8
3
5
12
18
17
15
12
8
1
-8
-13
-3
17
38
52
59
60
51
31
11
1
3
7
11
14
15
13
7
2
0
-1
-1
2
9
12
12
8
7
8
4
-5
-12
-11
-5
-1
3
6
7
-1
-16
-30
-39
-40
-31
-14
6
21
25
20
13
7
5
11
20
30
33
30
27
26
26
29
34
38
43
42
37
34
31
28
25
25
27
33
38
36
30
24
22
26
31
38
45
48
47
41
36
36
42
46
45
42
40
37
34
26
18
13
9
6
3
1
1
-1
-3
-3
1
3
-3
-12
-20
-24
-18
-8
1
5
0
-8
-15
-19
-18
-13
-6
5
16
21
21
19
17
18
20
25
30
34
31
21
8
-2
-2
4
15
26
33
32
23
9
0
0
3
7
4
-1
-6
-8
-4
9
25
37
36
26
16
12
17
23
26
26
24
20
17
19
25
32
37
37
35
32
30
27
23
17
7
-4
-11
-8
1
8
8
4
0
-3
-10
-24
-34
-37
-30
-18
-7
4
11
13
8
2
-3
-4
-2
3
7
14
20
28
35
35
27
18
13
15
23
29
32
28
20
11
5
4
4
5
9
13
16
16
16
18
24
31
35
37
42
46
48
44
37
31
27
27
29
31
32
33
31
31
28
22
12
2
-2
-1
1
5
9
13
12
6
-3
-11
-13
-11
-5
3
18
34
49
54
50
38
21
5
-7
-8
-2
12
26
34
33
24
17
14
13
9
-1
-12
-16
-8
7
22
31
27
18
6
-4
-10
-8
2
8
7
-1
-6
-6
-2
4
10
14
17
16
13
10
6
2
5
14
22
25
26
28
32
31
28
26
29
33
38
36
28
19
14
12
13
13
14
15
18
20
20
15
11
13
21
33
38
36
32
28
24
21
24
29
31
28
27
30
32
28
19
17
27
44
57
60
54
43
27
13
0
-8
-13
-16
-16
-13
-6
-3
-4
-8
-13
-19
-27
-39
-44
-39
-32
-27
-25
-18
-6
6
10
11
14
14
7
-4
-13
-17
-13
-3
12
23
23
13
1
-4
-1
7
18
28
35
34
29
25
26
32
42
51
55
50
42
35
34
39
42
41
39
37
43
53
61
57
38
20
8
3
2
2
9
16
22
21
18
16
18
23
23
20
14
17
27
34
32
23
17
15
15
11
3
-5
-6
-3
1
3
3
3
2
7
14
22
33
44
50
48
35
16
0
-10
-13
-12
-14
-16
-14
-9
-6
-9
-12
-13
-12
-14
-17
-17
-14
-15
-22
-24
-18
0
16
24
27
30
40
53
66
77
92
110
128
137
129
109
100
122
159
172
126
41
-16
9
79
96
6
-122
-162
-81
0
-49
-207
-308
-247
-109
-66
-163
-275
-275
-199
-167
-216
-259
-218
-130
-89
-117
-146
-114
-36
20
12
-26
-22
57
162
203
156
104
144
270
360
324
217
175
246
340
335
235
161
203
311
353
274
158
128
185
221
156
45
6
60
103
52
-52
-104
-72
-41
-93
-205
-287
-289
-262
-279
-348
-409
-412
-380
-368
-402
-450
-460
-416
-350
-308
-308
-318
-303
-257
-212
-195
-186
-142
-54
30
63
62
90
159
220
228
204
207
250
290
297
290
301
327
344
346
349
358
361
353
351
355
356
344
327
308
281
243
207
183
173
168
171
177
170
127
67
25
14
1
-48
-124
-186
-213
-226
-249
-281
-299
-291
-272
-278
-325
-393
-440
-451
-441
-447
-474
-499
-497
-480
-474
-477
-466
-433
-394
-367
-349
-322
-281
-240
-210
-182
-143
-81
-6
61
102
115
126
153
181
187
176
180
211
235
218
172
146
160
187
194
184
194
249
326
374
358
295
253
292
408
522
547
464
374
406
582
758
749
547
373
422
616
683
490
236
187
332
396
223
-24
-93
9
45
-104
-291
-330
-266
-298
-483
-653
-651
-529
-457
-505
-595
-632
-604
-558
-540
-576
-654
-699
-640
-504
-430
-493
-585
-546
-386
-272
-295
-342
-279
-140
-66
-78
-67
24
116
132
118
157
237
279
281
311
391
455
461
463
523
621
682
675
638
611
619
671
730
708
554
382
384
583
715
510
58
-223
-76
251
264
-173
-643
-669
-311
-94
-364
-856
-1051
-820
-547
-602
-899
-1090
-1048
-978
-1053
-1179
-1189
-1105
-1094
-1185
-1232
-1133
-986
-959
-1082
-1220
-1220
-1042
-787
-615
-610
-656
-514
-87
385
543
352
217
546
1247
1776
1749
1412
1360
1838
2435
2566
2179
1816
1948
2393
2563
2217
1754
1663
1862
1834
1352
816
720
979
1037
603
27
-183
-25
22
-352
-912
-1200
-1104
-940
-1035
-1365
-1638
-1642
-1449
-1315
-1430
-1717
-1901
-1794
-1523
-1385
-1491
-1609
-1473
-1143
-919
-927
-956
-780
-478
-303
-311
-289
-78
214
376
380
370
459
624
779
874
908
915
950
1049
1173
1236
1197
1116
1069
1059
1046
1020
1002
971
882
747
654
640
619
479
242
64
40
72
-18
-255
-479
-537
-484
-507
-684
-903
-1010
-1007
-1006
-1081
-1181
-1243
-1269
-1300
-1334
-1331
-1286
-1239
-1237
-1279
-1321
-1322
-1280
-1237
-1243
-1297
-1326
-1247
-1067
-888
-806
-809
-777
-616
-330
-13
247
415
524
641
846
1174
1567
1877
1996
1978
2027
2303
2723
2987
2862
2469
2229
2418
2815
2892
2431
1827
1619
1820
1924
1595
1089
827
772
562
137
-134
-72
-58
-477
-1093
-1326
-1083
-894
-1144
-1574
-1736
-1644
-1620
-1744
-1807
-1786
-1906
-2167
-2203
-1836
-1446
-1470
-1751
-1757
-1375
-1046
-1062
-1145
-954
-622
-508
-560
-416
-19
255
199
119
342
698
789
625
587
830
1073
1092
1057
1192
1362
1299
1105
1128
1404
1533
1267
905
887
1172
1318
1091
722
537
570
625
564
386
138
-96
-225
-242
-285
-464
-709
-861
-923
-1023
-1175
-1248
-1207
-1221
-1409
-1612
-1601
-1418
-1359
-1568
-1840
-1895
-1710
-1503
-1447
-1539
-1664
-1720
-1649
-1460
-1246
-1114
-1059
-956
-694
-322
16
223
329
444
680
1077
1542
1859
1874
1725
1792
2285
2898
3066
2652
2202
2328
2910
3200
2775
2092
1882
2170
2293
1861
1272
1089
1198
1038
485
51
86
227
-55
-643
-959
-828
-710
-989
-1437
-1634
-1593
-1614
-1726
-1715
-1611
-1718
-2029
-2096
-1694
-1277
-1372
-1775
-1812
-1336
-910
-935
-1089
-910
-541
-431
-566
-498
-106
202
156
47
225
550
672
635
763
1076
1232
1107
1046
1322
1684
1703
1375
1097
1147
1416
1649
1657
1347
815
479
753
1397
1530
663
-473
-622
370
1169
538
-1041
-1884
-1207
-87
-60
-1206
-2180
-2009
-1200
-888
-1354
-1901
-1959
-1762
-1789
-2020
-2072
-1854
-1708
-1875
-2141
-2147
-1844
-1516
-1443
-1641
-1865
-1787
-1272
-587
-232
-396
-635
-328
535
1262
1331
1099
1338
2169
2849
2769
2315
2395
3214
3939
3757
2937
2541
3089
3877
3844
2887
2007
2060
2685
2787
1950
954
728
1145
1268
641
-156
-403
-218
-285
-824
-1342
-1405
-1229
-1301
-1695
-2079
-2208
-2145
-2064
-2086
-2292
-2628
-2788
-2485
-1933
-1728
-2092
-2470
-2223
-1508
-1084
-1261
-1518
-1295
-760
-446
-434
-325
41
336
312
225
435
843
1069
1031
1013
1177
1361
1450
1582
1836
1954
1694
1320
1376
1927
2349
2033
1172
596
875
1658
1987
1279
20
-625
-67
932
977
-301
-1662
-1672
-485
288
-417
-1833
-2419
-1800
-1049
-1148
-1826
-2200
-2027
-1816
-1906
-2028
-1884
-1690
-1833
-2253
-2484
-2273
-1867
-1673
-1798
-2001
-1968
-1575
-985
-554
-495
-593
-389
245
904
1153
1137
1394
2074
2670
2684
2363
2422
3093
3758
3702
3037
2612
2972
3661
3745
2960
2067
1929
2440
2670
2062
1131
745
982
1094
591
-101
-293
-24
24
-506
-1179
-1402
-1178
-1016
-1240
-1679
-1994
-2044
-1918
-1802
-1871
-2167
-2463
-2431
-2049
-1722
-1806
-2104
-2092
-1627
-1161
-1107
-1278
-1191
-765
-392
-321
-316
-74
286
435
361
387
674
997
1101
1051
1071
1214
1386
1568
1777
1862
1637
1264
1241
1764
2310
2117
1143
292
453
1411
1949
1188
-307
-1027
-236
1054
1131
-389
-2006
-2056
-702
269
-381
-1913
-2650
-2038
-1125
-1068
-1762
-2267
-2144
-1848
-1883
-2111
-2115
-1883
-1807
-2060
-2335
-2249
-1810
-1383
-1298
-1547
-1801
-1665
-1037
-284
53
-120
-278
131
985
1643
1795
1823
2162
2648
2824
2719
2861
3414
3794
3440
2726
2594
3286
3917
3568
2496
1827
2117
2672
2501
1608
893
890
1116
863
222
-138
-24
9
-467
-1079
-1225
-974
-957
-1431
-1971
-2128
-2008
-1960
-2043
-2126
-2246
-2501
-2679
-2461
-1990
-1813
-2113
-2363
-2053
-1427
-1120
-1248
-1308
-997
-628
-556
-593
-353
89
305
207
208
582
1037
1156
989
958
1239
1607
1826
1898
1877
1714
1491
1539
1999
2404
2115
1217
634
1046
1924
2053
1027
-171
-331
524
1164
654
-557
-1254
-948
-360
-439
-1196
-1810
-1740
-1342
-1290
-1676
-1996
-1913
-1705
-1811
-2186
-2375
-2156
-1840
-1854
-2200
-2464
-2343
-1976
-1752
-1862
-2105
-2114
-1757
-1260
-932
-790
-567
-77
506
859
949
1106
1598
2266
2684
2671
2516
2671
3233
3800
3874
3423
2987
3099
3638
3887
3375
2505
2108
2398
2684
2286
1440
951
1061
1146
647
-100
-371
-135
-115
-732
-1479
-1640
-1289
-1150
-1587
-2186
-2404
-2243
-2080
-2112
-2262
-2445
-2613
-2604
-2296
-1909
-1836
-2079
-2145
-1724
-1169
-1013
-1194
-1168
-737
-314
-247
-284
-11
458
645
460
358
676
1168
1399
1342
1317
1489
1728
1920
2093
2192
2024
1611
1385
1716
2296
2348
1547
546
326
1042
1749
1399
54
-1074
-920
205
864
82
-1480
-2231
-1513
-405
-410
-1623
-2678
-2509
-1601
-1207
-1711
-2349
-2410
-2106
-2015
-2163
-2142
-1891
-1846
-2230
-2645
-2565
-2010
-1483
-1381
-1648
-1929
-1875
-1359
-596
-28
99
39
260
851
1448
1774
1998
2354
2678
2676
2530
2803
3603
4247
4046
3285
2951
3491
4199
4077
3102
2252
2288
2822
2877
2146
1299
1045
1212
1074
399
-258
-371
-183
-336
-939
-1422
-1349
-1029
-1089
-1657
-2231
-2348
-2087
-1866
-1945
-2251
-2556
-2662
-2489
-2146
-1895
-1911
-2061
-2028
-1708
-1337
-1162
-1132
-1041
-847
-678
-562
-357
-21
252
291
238
373
733
1064
1173
1167
1270
1544
1881
2148
2222
1987
1533
1270
1581
2233
2429
1694
641
411
1278
2117
1627
-16
-1217
-790
560
1012
-195
-1846
-2229
-1183
-214
-585
-1860
-2594
-2192
-1488
-1492
-2106
-2434
-2088
-1629
-1680
-2061
-2134
-1754
-1474
-1758
-2346
-2585
-2223
-1661
-1440
-1644
-1865
-1676
-1095
-557
-415
-518
-363
260
966
1270
1290
1628
2488
3257
3249
2692
2559
3335
4318
4440
3598
2818
3012
3863
4221
3510
2415
2025
2475
2822
2271
1207
654
911
1198
783
-8
-303
31
186
-447
-1413
-1814
-1494
-1180
-1477
-2155
-2567
-2460
-2152
-2056
-2279
-2656
-2937
-2908
-2559
-2158
-2037
-2178
-2195
-1836
-1350
-1163
-1265
-1237
-864
-443
-321
-365
-190
227
517
496
463
728
1151
1367
1328
1312
1489
1749
1975
2180
2291
2122
1755
1687
2225
2860
2672
1506
385
442
1535
2267
1536
-151
-1177
-646
539
675
-728
-2322
-2504
-1344
-460
-987
-2245
-2743
-2119
-1429
-1603
-2279
-2509
-2149
-1911
-2212
-2586
-2453
-1995
-1858
-2229
-2606
-2508
-2038
-1682
-1716
-1955
-1983
-1552
-818
-244
-131
-229
22
748
1401
1492
1357
1789
2865
3612
3224
2283
2225
3501
4830
4688
3274
2377
3136
4541
4689
3245
1901
2133
3250
3385
2046
740
817
1603
1439
91
-933
-555
356
248
-975
-1947
-1776
-1117
-1070
-1739
-2383
-2550
-2449
-2364
-2325
-2392
-2708
-3076
-2981
-2344
-1857
-2100
-2618
-2493
-1687
-1134
-1356
-1682
-1296
-493
-201
-522
-607
12
700
742
417
492
1027
1386
1312
1273
1633
2106
2303
2345
2466
2467
2085
1721
2025
2734
2696
1440
156
346
1754
2435
1172
-875
-1536
-333
941
477
-1339
-2522
-1986
-789
-663
-1860
-2978
-2829
-1849
-1376
-1933
-2717
-2768
-2157
-1719
-1913
-2331
-2367
-2020
-1816
-2088
-2537
-2586
-2087
-1522
-1470
-1888
-2091
-1548
-582
-35
-196
-375
197
1285
1886
1608
1297
1955
3280
3906
3197
2237
2580
4190
5309
4618
2981
2454
3662
4950
4513
2751
1745
2459
3485
3031
1392
470
1051
1743
1045
-486
-1074
-304
329
-393
-1760
-2247
-1644
-1124
-1492
-2274
-2678
-2646
-2538
-2418
-2239
-2287
-2784
-3221
-2886
-2024
-1696
-2258
-2716
-2154
-1136
-889
-1451
-1629
-853
-40
-139
-673
-528
334
879
640
347
696
1312
1490
1354
1575
2207
2606
2474
2242
2246
2204
1915
1843
2333
2664
1850
345
-108
1162
2440
1634
-773
-2056
-736
1355
1346
-999
-3013
-2564
-650
59
-1401
-3298
-3563
-2248
-1168
-1528
-2655
-3117
-2542
-1848
-1901
-2475
-2724
-2366
-1959
-2077
-2553
-2739
-2351
-1794
-1648
-1948
-2120
-1625
-625
106
70
-290
-84
867
1729
1797
1543
1985
3131
3824
3398
2794
3317
4669
5172
4106
2865
3151
4586
5118
3800
2121
2009
3206
3648
2320
639
458
1508
1849
622
-814
-902
-69
21
-1077
-2054
-1846
-1100
-1076
-1843
-2421
-2346
-2134
-2211
-2307
-2213
-2324
-2860
-3190
-2690
-1895
-1891
-2634
-2874
-2007
-1042
-1098
-1720
-1614
-655
-21
-292
-579
-3
881
1011
530
532
1306
1923
1783
1556
2028
2776
2829
2198
1848
2226
2718
2697
2316
1923
1438
876
826
1554
2042
1041
-892
-1637
-317
1161
445
-2006
-3370
-2222
-423
-555
-2503
-3826
-3139
-1741
-1564
-2617
-3337
-2880
-2037
-1874
-2351
-2660
-2423
-2027
-1938
-2155
-2352
-2281
-1973
-1683
-1663
-1844
-1778
-1142
-273
120
-120
-263
408
1593
2313
2216
2026
2491
3324
3687
3493
3538
4233
4832
4468
3566
3442
4403
5082
4199
2451
1767
2705
3610
2841
1036
198
901
1580
876
-463
-831
-189
-14
-983
-1971
-1824
-1107
-1182
-2155
-2810
-2495
-1967
-2078
-2536
-2624
-2438
-2578
-2930
-2774
-2101
-1835
-2393
-2869
-2331
-1294
-999
-1533
-1732
-1015
-253
-324
-695
-323
629
1034
618
421
1128
1995
2063
1681
1886
2680
3011
2470
1958
2265
2880
2838
2160
1639
1547
1431
1110
947
961
543
-432
-1031
-560
83
-549
-2221
-3030
-2018
-697
-1062
-2819
-3775
-2858
-1484
-1484
-2675
-3397
-2888
-2054
-1923
-2333
-2521
-2319
-2159
-2231
-2284
-2161
-2029
-2010
-1974
-1802
-1540
-1199
-694
-149
86
-25
76
870
1987
2564
2392
2206
2659
3472
3950
4009
4136
4436
4420
3918
3598
4041
4673
4359
3053
2102
2480
3357
3133
1656
455
614
1297
1028
-179
-952
-670
-319
-893
-1838
-1960
-1310
-1123
-1936
-2804
-2746
-2118
-1930
-2330
-2631
-2557
-2554
-2810
-2833
-2370
-2029
-2352
-2812
-2501
-1569
-1080
-1422
-1716
-1201
-397
-227
-532
-343
528
1150
934
558
917
1762
2170
1985
1957
2448
2841
2564
2031
2023
2528
2793
2406
1715
1225
1073
1176
1377
1273
471
-669
-1058
-263
549
-104
-1904
-2872
-1973
-633
-876
-2559
-3594
-2848
-1577
-1520
-2534
-3073
-2489
-1757
-1835
-2376
-2481
-2081
-1845
-2060
-2315
-2249
-2011
-1850
-1710
-1450
-1144
-894
-616
-275
-56
-3
297
1212
2325
2725
2209
1714
2214
3502
4457
4415
3799
3416
3578
4047
4479
4574
4123
3275
2645
2711
3108
2951
2006
1068
890
1119
849
1
-563
-400
-226
-827
-1759
-1924
-1249
-905
-1641
-2670
-2798
-2107
-1747
-2251
-2914
-2971
-2631
-2490
-2547
-2408
-2139
-2183
-2470
-2378
-1719
-1134
-1163
-1422
-1241
-714
-467
-544
-313
432
1003
860
530
883
1818
2388
2221
2027
2440
3005
2876
2153
1811
2300
2884
2619
1595
772
799
1304
1411
690
-420
-1036
-712
0
1
-1108
-2364
-2466
-1447
-789
-1560
-2960
-3320
-2309
-1339
-1633
-2660
-3015
-2345
-1671
-1856
-2526
-2778
-2430
-2089
-2199
-2518
-2594
-2366
-2109
-1945
-1687
-1157
-507
-114
-159
-323
0
1092
2459
3149
2717
1839
1775
3033
4706
5354
4544
3319
3044
3946
4980
5051
4115
3077
2735
3024
3237
2861
2097
1536
1397
1270
742
56
-194
6
-94
-962
-1946
-2040
-1313
-957
-1719
-2878
-3197
-2521
-1852
-1970
-2612
-3088
-3155
-2979
-2684
-2358
-2273
-2585
-2921
-2701
-1934
-1271
-1130
-1178
-947
-581
-508
-606
-288
525
1122
982
567
712
1449
2049
2139
2166
2545
2911
2699
2125
1987
2516
2963
2595
1642
964
974
1268
1221
656
-90
-517
-380
13
-47
-918
-1980
-2188
-1438
-933
-1709
-3137
-3603
-2628
-1547
-1731
-2804
-3286
-2661
-1924
-2041
-2675
-2871
-2430
-2008
-2069
-2369
-2481
-2346
-2112
-1778
-1268
-684
-273
-185
-346
-425
54
1293
2720
3244
2458
1426
1729
3591
5402
5479
4014
2822
3235
4691
5540
4928
3579
2822
3103
3636
3423
2420
1518
1376
1582
1248
300
-366
-187
138
-446
-1754
-2416
-1728
-748
-979
-2387
-3446
-3105
-2015
-1513
-2000
-2782
-3160
-3063
-2745
-2415
-2292
-2516
-2809
-2632
-1927
-1319
-1282
-1425
-1099
-438
-196
-531
-643
55
1004
1256
825
642
1220
2000
2269
2130
2174
2501
2651
2420
2195
2344
2634
2562
2034
1445
1173
1230
1334
1153
561
-151
-429
-119
105
-555
-1825
-2439
-1762
-842
-1190
-2701
-3671
-3027
-1746
-1492
-2424
-3186
-2870
-2081
-1861
-2269
-2580
-2427
-2139
-2065
-2131
-2131
-2052
-1921
-1618
-1068
-444
-54
-50
-325
-518
-134
1059
2557
3258
2543
1199
890
2391
4558
5397
4239
2570
2432
4079
5625
5241
3369
2164
2752
3833
3507
1902
908
1406
1978
1061
-626
-1041
139
886
-334
-2334
-2825
-1540
-491
-1182
-2782
-3504
-2877
-1924
-1621
-2015
-2687
-3257
-3350
-2766
-1973
-1857
-2559
-3080
-2528
-1419
-1017
-1519
-1778
-1038
-95
-107
-804
-820
297
1420
1454
842
793
1557
2267
2346
2206
2350
2547
2356
2005
2077
2555
2777
2357
1669
1268
1250
1329
1227
805
128
-406
-344
98
-19
-1191
-2507
-2576
-1435
-727
-1614
-3180
-3604
-2551
-1499
-1706
-2690
-3124
-2618
-1955
-1856
-2168
-2346
-2198
-1923
-1742
-1735
-1874
-1990
-1800
-1183
-392
135
190
-57
-233
44
969
2266
3114
2775
1547
849
1871
4060
5406
4611
2737
2148
3694
5574
5471
3451
1871
2337
3688
3715
2194
1037
1423
2104
1357
-353
-951
182
1163
183
-1937
-2825
-1739
-434
-743
-2330
-3434
-3158
-2214
-1691
-1914
-2565
-3204
-3381
-2810
-1863
-1475
-2047
-2730
-2433
-1343
-742
-1183
-1698
-1278
-397
-243
-820
-883
135
1192
1170
535
595
1524
2210
2036
1769
2210
2835
2616
1720
1396
2150
2944
2609
1424
698
1050
1726
1656
691
-359
-665
-189
308
-1
-1131
-2136
-2064
-1147
-676
-1478
-2797
-3147
-2177
-1137
-1296
-2392
-3069
-2627
-1760
-1510
-1991
-2461
-2397
-2039
-1885
-2026
-2162
-2070
-1778
-1354
-780
-150
205
32
-366
-190
1057
2792
3631
2776
1133
668
2337
4770
5554
3987
2086
2335
4609
6182
5049
2507
1528
2933
4401
3668
1586
791
1899
2643
1236
-905
-1097
703
1664
-39
-2653
-3199
-1404
124
-585
-2573
-3619
-3028
-1931
-1495
-1858
-2605
-3300
-3410
-2622
-1544
-1376
-2352
-3169
-2637
-1397
-1021
-1695
-1977
-1069
-99
-338
-1138
-872
514
1355
813
143
731
1986
2385
1880
1822
2614
2997
2164
1263
1713
2910
2957
1468
223
664
1906
2050
764
-463
-445
328
609
-65
-1108
-1753
-1698
-1179
-812
-1186
-2219
-2992
-2679
-1631
-1094
-1688
-2626
-2773
-2083
-1503
-1636
-2095
-2262
-2126
-2045
-2067
-1931
-1610
-1383
-1309
-1040
-376
253
226
-349
-486
652
2611
3819
3156
1367
598
2196
4990
6231
4574
1862
1274
3602
6086
5655
2795
1019
2313
4493
4192
1536
-76
1128
2706
1591
-1301
-2281
-258
1576
286
-2675
-3619
-1763
11
-632
-2628
-3564
-2925
-2003
-1674
-1783
-2214
-3039
-3602
-2925
-1413
-869
-2064
-3361
-2886
-1231
-601
-1540
-2212
-1296
-6
-130
-1207
-1229
261
1495
1183
350
580
1632
2089
1736
1709
2378
2633
1845
1161
1783
2898
2710
1170
185
882
2003
1763
327
-625
-296
401
366
-367
-1112
-1528
-1624
-1394
-1010
-1052
-1857
-2784
-2814
-1913
-1204
-1544
-2455
-2857
-2447
-1860
-1639
-1685
-1732
-1820
-2034
-2144
-1890
-1431
-1111
-909
-494
104
323
-133
-600
7
1838
3585
3619
1791
-51
298
2980
5547
5392
2867
1253
2931
6151
6868
3926
859
1402
4423
5352
2509
-505
86
2781
2987
-223
-2631
-978
2210
2122
-1558
-4298
-3052
-116
469
-1718
-3693
-3512
-2234
-1587
-1755
-2165
-2787
-3530
-3489
-2188
-935
-1387
-2988
-3446
-2016
-668
-1145
-2303
-1907
-172
500
-732
-1754
-659
1361
1825
623
-30
977
2221
2224
1640
1801
2402
2200
1380
1413
2529
3052
1926
486
577
1823
2205
990
-395
-556
102
356
-101
-731
-1275
-1819
-2074
-1657
-1068
-1390
-2684
-3536
-2825
-1348
-873
-1870
-3028
-3059
-2209
-1590
-1659
-1965
-2092
-2138
-2241
-2188
-1773
-1186
-722
-379
-43
90
-213
-547
17
1769
3556
3725
2022
273
712
3502
6162
5974
3115
863
2045
5500
7142
4907
1500
1043
3671
5377
3521
454
104
2338
3227
835
-1914
-1459
1191
1864
-886
-3823
-3559
-985
316
-1150
-3430
-4178
-3283
-2100
-1548
-1786
-2758
-3914
-4057
-2664
-1095
-1221
-2817
-3618
-2448
-928
-1054
-2196
-2124
-559
340
-612
-1627
-635
1450
1989
559
-452
592
2339
2722
1924
1616
2149
2344
1811
1681
2528
3120
2244
761
509
1635
2354
1413
-300
-1082
-481
490
684
-202
-1643
-2678
-2526
-1428
-734
-1534
-3183
-3866
-2816
-1342
-1174
-2336
-3319
-3121
-2269
-1769
-1808
-1930
-1967
-2125
-2365
-2266
-1625
-781
-196
16
-32
-258
-479
-224
911
2596
3713
3308
1716
618
1584
4267
6253
5394
2492
908
2770
6075
6787
3914
985
1503
4260
5018
2459
-13
739
2953
2578
-658
-2636
-775
2121
1723
-1827
-4241
-3004
-389
87
-1825
-3611
-3725
-2918
-2340
-2151
-2305
-3066
-4028
-3889
-2289
-929
-1530
-3225
-3582
-2086
-858
-1379
-2237
-1487
132
281
-1159
-1666
78
2013
1709
13
-266
1479
2976
2654
1751
1949
2704
2492
1588
1635
2772
3172
1881
437
646
1924
2210
879
-598
-856
-220
179
-134
-933
-1887
-2565
-2407
-1475
-900
-1722
-3327
-3928
-2843
-1487
-1581
-2928
-3788
-3196
-2038
-1660
-2163
-2647
-2617
-2432
-2400
-2200
-1427
-323
423
433
-88
-593
-481
662
2584
4109
3940
2143
582
1247
3992
6292
5803
3101
1320
2640
5541
6420
4036
1260
1482
4095
5222
3024
310
541
2784
3013
87
-2355
-1110
1805
1874
-1514
-4239
-3229
-452
208
-1825
-3795
-3814
-2804
-2296
-2380
-2567
-3025
-3776
-3854
-2660
-1432
-1793
-3176
-3396
-1894
-671
-1217
-2169
-1477
261
623
-797
-1580
-101
1953
2066
573
20
1340
2718
2542
1629
1576
2239
2393
2003
2172
2921
2794
1254
-1
734
2526
2817
869
-1212
-1239
337
1228
200
-1703
-2688
-2184
-1139
-812
-1594
-2809
-3448
-3112
-2350
-2036
-2463
-3128
-3403
-3158
-2699
-2327
-2160
-2236
-2500
-2700
-2505
-1833
-976
-338
-106
-201
-401
-394
161
1379
2823
3595
3061
1687
971
2135
4606
6158
5125
2546
1406
3230
5971
6264
3671
1403
2171
4523
4819
2337
285
1146
3016
2401
-523
-2001
-169
2093
1193
-2098
-3821
-2343
-278
-534
-2587
-3882
-3476
-2595
-2291
-2360
-2532
-3089
-3798
-3602
-2282
-1341
-2061
-3409
-3305
-1676
-632
-1310
-2195
-1523
-53
161
-947
-1278
144
1606
1318
138
220
1767
2892
2559
1897
2069
2433
1958
1270
1718
2917
2974
1364
-14
557
2096
2234
445
-1340
-1325
34
884
182
-1443
-2610
-2505
-1486
-773
-1334
-2813
-3753
-3214
-1938
-1467
-2250
-3199
-3190
-2392
-1779
-1789
-2035
-2138
-2224
-2439
-2482
-1949
-952
-66
254
31
-355
-398
359
1927
3516
3914
2673
945
695
2670
5284
5979
4020
1603
1597
4138
6194
5130
2125
861
2769
5048
4391
1549
276
1916
3400
1718
-1489
-2111
450
2225
245
-3280
-4104
-1749
230
-664
-2952
-3916
-3204
-2380
-2253
-2395
-2641
-3281
-3831
-3264
-1854
-1330
-2395
-3402
-2665
-1054
-713
-1732
-1993
-568
694
17
-1425
-1166
818
2033
1195
32
569
2175
2778
2056
1610
2211
2707
2156
1497
1966
2921
2699
1238
313
989
2108
1956
524
-740
-892
-351
-8
-292
-1138
-2139
-2613
-2133
-1281
-1286
-2489
-3672
-3488
-2260
-1640
-2478
-3769
-4003
-3015
-1951
-1730
-2166
-2578
-2697
-2652
-2447
-1908
-1050
-217
206
93
-345
-590
-7
1583
3364
3939
2761
1119
1156
3535
6304
6685
4217
1629
1957
4911
6972
5570
2355
1192
3168
5172
4156
1326
386
2197
3516
1724
-1251
-1624
756
2089
-18
-3242
-3880
-1831
-289
-1178
-3047
-3721
-3116
-2491
-2308
-2246
-2465
-3296
-4015
-3454
-2013
-1547
-2676
-3632
-2799
-1234
-1112
-2326
-2598
-1055
311
-289
-1597
-1181
827
1910
989
-22
795
2552
3096
2256
1755
2341
2856
2447
2018
2496
3013
2211
690
461
1937
3016
1891
-404
-1356
-277
956
509
-1230
-2468
-2289
-1401
-980
-1426
-2303
-2960
-3025
-2587
-2143
-2203
-2761
-3265
-3218
-2728
-2310
-2259
-2420
-2550
-2632
-2690
-2511
-1838
-825
-53
31
-399
-709
-364
722
2174
3274
3287
2175
1090
1627
4011
6276
6074
3534
1570
2641
5594
6830
4765
1938
1775
4091
5376
3632
1108
1040
2958
3343
807
-1711
-1066
1490
1959
-805
-3553
-3220
-932
-42
-1540
-3350
-3690
-3067
-2671
-2582
-2475
-2722
-3550
-3984
-3099
-1798
-1819
-3041
-3465
-2239
-1062
-1548
-2601
-2076
-232
519
-687
-1747
-738
1203
1649
500
-38
1139
2572
2652
1919
1834
2420
2555
2099
2119
2871
3086
1953
671
879
2177
2535
1110
-551
-628
583
1215
274
-1328
-2159
-1872
-1236
-1065
-1558
-2367
-2924
-2823
-2211
-1783
-2091
-2859
-3246
-2861
-2216
-2008
-2261
-2452
-2345
-2235
-2329
-2303
-1757
-871
-252
-200
-431
-495
-154
699
2029
3290
3504
2351
1093
1585
3989
6057
5482
2835
1237
2702
5555
6360
4188
1800
2066
4220
4939
2886
561
783
2654
2787
228
-1970
-994
1593
1878
-998
-3661
-3180
-850
-41
-1631
-3424
-3578
-2672
-2100
-2129
-2369
-2878
-3625
-3744
-2655
-1445
-1695
-3038
-3431
-2146
-941
-1388
-2409
-1963
-314
292
-840
-1672
-493
1458
1858
733
252
1412
2756
2792
2095
2021
2509
2545
2145
2311
3050
3021
1686
517
1022
2407
2508
785
-915
-855
413
989
58
-1417
-2134
-1836
-1225
-1073
-1623
-2509
-3070
-2909
-2312
-1981
-2273
-2848
-3111
-2880
-2462
-2203
-2174
-2267
-2399
-2510
-2462
-2091
-1400
-626
-85
50
-138
-352
-170
717
2134
3275
3261
2143
1228
1957
4206
6016
5508
3146
1575
2725
5371
6368
4462
1971
1895
3948
4925
3119
744
789
2633
2875
364
-1909
-1038
1473
1702
-1183
-3803
-3290
-996
-220
-1750
-3436
-3565
-2714
-2162
-2143
-2346
-2864
-3636
-3810
-2840
-1710
-1830
-2909
-3224
-2173
-1213
-1577
-2283
-1649
-60
445
-708
-1574
-486
1457
1973
897
265
1243
2590
2750
2097
1982
2466
2488
1918
1894
2788
3259
2219
705
571
1777
2385
1287
-302
-631
253
825
179
-1055
-1804
-1717
-1176
-789
-1060
-2046
-3060
-3158
-2270
-1484
-1762
-2719
-3192
-2791
-2267
-2305
-2644
-2685
-2443
-2378
-2531
-2417
-1770
-934
-399
-273
-347
-390
-179
559
1821
3012
3259
2326
1160
1230
3017
5166
5606
3906
2155
2739
5243
6583
4844
2018
1573
3744
5101
3329
593
477
2749
3592
1140
-1711
-1408
1174
1999
-414
-3095
-2930
-776
193
-1115
-2827
-3174
-2522
-2044
-1978
-2037
-2412
-3223
-3672
-2987
-1906
-1910
-2983
-3435
-2410
-1276
-1536
-2409
-1988
-303
511
-580
-1814
-1135
791
1619
748
23
834
2202
2524
1966
1842
2354
2479
1927
1720
2380
2837
2044
793
696
1771
2307
1263
-297
-720
92
775
342
-843
-1802
-2007
-1616
-1171
-1250
-1995
-2829
-2942
-2272
-1678
-1893
-2597
-2922
-2624
-2255
-2241
-2341
-2208
-2017
-2130
-2393
-2251
-1509
-623
-132
-122
-343
-534
-394
444
1972
3358
3471
2198
994
1583
3937
5948
5557
3196
1571
2650
5237
6254
4482
2129
2029
3934
4869
3233
1035
1037
2741
3031
695
-1652
-1182
1086
1654
-613
-3039
-2948
-1145
-390
-1591
-3118
-3457
-2914
-2445
-2250
-2208
-2600
-3422
-3755
-2903
-1766
-1829
-2925
-3327
-2327
-1347
-1715
-2509
-1956
-320
333
-722
-1642
-700
1165
1753
785
97
836
2022
2362
2119
2247
2607
2364
1726
1863
2919
3422
2346
781
570
1764
2548
1697
73
-685
-203
490
388
-524
-1561
-2042
-1736
-1076
-941
-1770
-2874
-3078
-2198
-1382
-1656
-2619
-3084
-2687
-2162
-2122
-2294
-2218
-2043
-2149
-2374
-2184
-1489
-768
-393
-268
-222
-298
-376
58
1340
2869
3428
2494
1096
1002
2847
5174
5744
4048
2178
2576
4987
6508
5137
2448
1664
3416
4902
3762
1330
685
2208
3031
1220
-1341
-1537
532
1621
-199
-2962
-3561
-1805
-323
-936
-2688
-3665
-3412
-2785
-2373
-2156
-2259
-2868
-3455
-3147
-2134
-1708
-2404
-3052
-2476
-1358
-1230
-2016
-2073
-818
201
-350
-1414
-1030
709
1771
1187
327
690
1798
2266
2020
2071
2592
2652
1982
1637
2304
3013
2483
1106
499
1234
2075
1696
363
-612
-531
91
342
-187
-1196
-1990
-2009
-1388
-991
-1524
-2613
-3141
-2627
-1838
-1789
-2472
-3005
-2863
-2421
-2242
-2325
-2328
-2205
-2220
-2421
-2466
-2057
-1297
-548
-89
-10
-228
-435
-152
891
2321
3224
2930
1824
1241
2268
4437
5850
5034
2799
1671
3059
5382
5820
3829
1915
2351
4118
4340
2339
619
1240
2775
2325
-188
-1749
-521
1453
1061
-1564
-3324
-2425
-573
-342
-1866
-3238
-3302
-2644
-2146
-1953
-2060
-2690
-3519
-3516
-2364
-1310
-1635
-2743
-2935
-1906
-1150
-1582
-2094
-1342
18
253
-740
-1172
-20
1452
1586
707
473
1385
2276
2262
1890
1953
2175
1958
1641
1999
2713
2569
1341
413
939
2103
2130
654
-809
-855
135
674
-3
-1265
-2025
-1874
-1298
-1082
-1581
-2407
-2818
-2516
-2002
-1952
-2389
-2732
-2647
-2434
-2462
-2571
-2382
-1973
-1817
-2057
-2259
-1983
-1320
-684
-307
-177
-261
-460
-407
356
1787
3103
3350
2342
1063
965
2556
4604
5137
3637
1964
2373
4641
6051
4747
2278
1656
3313
4527
3268
1093
849
2455
2950
876
-1433
-1101
1095
1739
-456
-2930
-2910
-1063
-212
-1422
-3053
-3444
-2860
-2372
-2221
-2175
-2471
-3269
-3727
-2959
-1652
-1429
-2457
-3024
-2086
-907
-1122
-2130
-1984
-474
460
-295
-1270
-644
1019
1689
917
320
1008
2072
2243
1791
1763
2154
2112
1632
1691
2506
2877
1895
474
236
1285
2069
1438
19
-771
-438
268
406
-274
-1286
-1886
-1683
-1053
-884
-1629
-2662
-2959
-2336
-1659
-1711
-2290
-2656
-2528
-2230
-2041
-1907
-1776
-1831
-2156
-2450
-2329
-1779
-1122
-611
-241
20
89
-46
-80
439
1604
2823
3185
2355
1177
1105
2690
4671
5071
3493
1895
2418
4626
5805
4368
2021
1595
3263
4333
3026
937
661
2027
2389
575
-1337
-1009
753
1124
-791
-2793
-2675
-1052
-237
-1188
-2701
-3320
-2935
-2296
-1921
-1959
-2477
-3204
-3378
-2575
-1522
-1397
-2234
-2780
-2220
-1326
-1245
-1739
-1593
-578
80
-409
-1080
-594
715
1303
711
204
839
1964
2338
1938
1703
1943
2078
1896
1971
2467
2559
1682
690
809
1794
2110
1047
-295
-503
320
844
273
-861
-1561
-1506
-1150
-1064
-1442
-2048
-2467
-2455
-2148
-1919
-1990
-2260
-2514
-2647
-2639
-2447
-2108
-1844
-1890
-2197
-2432
-2311
-1852
-1278
-763
-367
-129
-109
-250
-209
463
1774
2961
3028
1897
861
1439
3586
5385
4991
2837
1394
2399
4721
5604
4038
2039
2042
3674
4288
2673
779
907
2323
2265
69
-1678
-804
1225
1282
-1043
-2949
-2376
-651
-341
-1808
-3210
-3273
-2560
-2077
-1993
-2144
-2666
-3400
-3469
-2429
-1320
-1516
-2709
-3158
-2147
-1004
-1115
-1891
-1771
-649
25
-454
-975
-375
796
1177
665
432
1086
1889
2046
1819
1839
2036
1996
1904
2259
2790
2589
1528
729
1114
2040
2081
922
-271
-395
283
652
135
-838
-1510
-1549
-1184
-914
-1153
-1872
-2559
-2658
-2191
-1751
-1836
-2332
-2753
-2823
-2633
-2372
-2133
-2010
-2091
-2275
-2278
-1961
-1538
-1269
-1081
-713
-193
84
-93
-304
167
1490
2885
3234
2257
1046
1182
3026
4998
5060
3093
1352
1988
4371
5679
4357
2109
1681
3220
4154
2821
822
697
2202
2599
667
-1373
-971
1027
1469
-664
-2861
-2612
-744
6
-1247
-2798
-3060
-2395
-1908
-1802
-1756
-1964
-2642
-3097
-2489
-1376
-1228
-2257
-2933
-2209
-1115
-1164
-1989
-1921
-663
184
-423
-1323
-908
465
1090
495
17
665
1688
1922
1537
1526
2004
2165
1789
1657
2184
2586
2047
1075
862
1542
1984
1366
249
-266
61
505
373
-335
-1139
-1556
-1391
-908
-741
-1302
-2199
-2555
-2050
-1375
-1393
-2087
-2681
-2658
-2260
-1975
-1909
-1891
-1882
-1963
-2043
-1909
-1564
-1254
-1104
-918
-496
3
197
1
-135
398
1676
2920
3062
1910
713
1107
3183
4985
4579
2532
1514
3050
5399
5604
3319
1336
1903
3737
3854
1741
44
770
2403
2079
-263
-1745
-640
1165
830
-1497
-2999
-2110
-420
-239
-1615
-2797
-2807
-2244
-1870
-1717
-1753
-2273
-3055
-3114
-2075
-1094
-1426
-2496
-2617
-1504
-753
-1379
-2211
-1691
-300
146
-711
-1249
-362
910
1052
331
217
1084
1818
1685
1347
1583
2035
1968
1616
1776
2373
2429
1596
805
978
1715
1866
1075
139
-116
249
574
393
-242
-946
-1288
-1107
-739
-790
-1455
-2203
-2348
-1878
-1463
-1622
-2150
-2485
-2404
-2168
-2051
-2039
-1998
-1954
-2018
-2130
-2081
-1788
-1404
-1085
-773
-347
65
184
33
126
958
2291
3155
2753
1449
662
1541
3597
4930
4205
2354
1732
3290
5191
4972
2773
1274
2145
3759
3489
1440
275
1320
2590
1683
-662
-1560
-112
1321
451
-1814
-2781
-1633
-237
-424
-1824
-2857
-2854
-2357
-1977
-1856
-2079
-2673
-3137
-2766
-1754
-1260
-1899
-2746
-2556
-1543
-1047
-1521
-1882
-1239
-282
-193
-784
-791
158
981
814
288
479
1306
1818
1731
1687
2006
2133
1707
1356
1770
2498
2485
1619
949
1211
1836
1805
1001
219
73
380
573
309
-357
-1081
-1411
-1168
-758
-868
-1647
-2417
-2449
-1868
-1471
-1708
-2212
-2412
-2263
-2127
-2138
-2071
-1828
-1679
-1852
-2103
-1967
-1391
-822
-616
-580
-317
114
252
-9
-13
930
2486
3346
2626
1047
425
1740
3923
4851
3684
1937
1833
3638
5185
4459
2213
1119
2306
3843
3342
1270
276
1398
2550
1551
-650
-1273
260
1444
227
-2118
-2819
-1385
-14
-471
-2006
-2848
-2537
-1934
-1659
-1634
-1843
-2426
-2961
-2649
-1584
-999
-1618
-2476
-2203
-1045
-520
-1137
-1642
-993
21
12
-821
-970
82
1095
966
306
348
1076
1451
1185
1116
1704
2216
1916
1276
1250
1815
2071
1612
1036
956
1204
1278
1061
718
317
-59
-135
124
161
-535
-1510
-1741
-1051
-508
-1044
-2164
-2595
-1982
-1271
-1380
-2076
-2473
-2225
-1791
-1661
-1776
-1811
-1686
-1577
-1561
-1509
-1315
-1061
-878
-720
-422
15
324
268
24
145
999
2212
2854
2372
1367
1171
2425
4166
4700
3517
2020
1999
3489
4676
4105
2492
1778
2589
3459
2861
1342
721
1486
2046
1025
-651
-974
253
1019
-118
-1994
-2460
-1284
-310
-843
-2107
-2656
-2300
-1884
-1848
-1944
-2075
-2415
-2702
-2347
-1508
-1217
-1919
-2624
-2229
-1188
-867
-1491
-1822
-1089
-183
-256
-939
-896
144
1022
898
412
570
1242
1547
1324
1293
1775
2117
1775
1264
1406
2067
2335
1845
1224
1089
1260
1260
1073
925
707
219
-246
-193
163
10
-848
-1507
-1199
-502
-611
-1615
-2323
-1919
-1086
-1005
-1768
-2408
-2302
-1849
-1687
-1810
-1819
-1655
-1605
-1756
-1834
-1671
-1457
-1389
-1292
-863
-182
280
206
-136
-118
629
1824
2690
2591
1709
1076
1671
3251
4362
3874
2433
1850
2904
4269
4153
2650
1622
2196
3249
3015
1574
699
1277
2012
1311
-336
-969
55
1084
417
-1371
-2245
-1442
-339
-465
-1594
-2362
-2158
-1610
-1439
-1657
-1978
-2318
-2542
-2310
-1642
-1230
-1605
-2235
-2152
-1374
-927
-1287
-1600
-1021
-116
-85
-872
-1166
-332
649
679
131
142
839
1273
1025
818
1254
1816
1735
1221
1094
1523
1883
1811
1614
1537
1335
918
761
1147
1455
910
-152
-564
19
540
4
-1095
-1436
-752
-199
-743
-1845
-2237
-1624
-992
-1224
-2001
-2356
-1966
-1448
-1440
-1838
-2085
-1916
-1567
-1359
-1368
-1477
-1540
-1421
-1058
-559
-156
10
-17
-109
-94
281
1165
2181
2521
1876
1122
1517
3082
4294
3818
2252
1497
2446
3894
4092
2906
1830
1973
2716
2719
1785
1051
1340
1968
1685
440
-471
-153
636
500
-700
-1669
-1450
-649
-514
-1269
-2011
-2067
-1743
-1621
-1739
-1822
-1870
-2014
-2080
-1800
-1395
-1369
-1703
-1789
-1362
-965
-1109
-1408
-1169
-523
-290
-689
-952
-487
207
305
-90
-154
362
814
734
550
848
1429
1637
1353
1103
1228
1487
1593
1623
1672
1504
973
500
623
1139
1200
443
-420
-503
59
262
-417
-1335
-1548
-1030
-654
-1004
-1666
-1861
-1481
-1155
-1348
-1774
-1855
-1527
-1283
-1460
-1793
-1818
-1487
-1189
-1204
-1394
-1470
-1366
-1215
-1067
-827
-467
-150
-66
-173
-183
215
1031
1860
2141
1703
1104
1206
2230
3357
3537
2735
2039
2364
3309
3667
2985
2136
2104
2662
2737
1975
1248
1377
1869
1576
383
-491
-138
730
699
-450
-1475
-1356
-575
-331
-944
-1642
-1752
-1473
-1341
-1481
-1661
-1779
-1881
-1885
-1696
-1516
-1635
-1920
-1900
-1470
-1137
-1290
-1563
-1360
-794
-568
-911
-1166
-745
-8
241
-82
-265
115
631
735
589
745
1255
1618
1540
1306
1249
1309
1316
1367
1577
1680
1316
693
474
880
1278
947
61
-495
-263
217
118
-625
-1290
-1297
-893
-755
-1124
-1579
-1634
-1348
-1179
-1348
-1603
-1619
-1442
-1363
-1467
-1541
-1421
-1258
-1292
-1502
-1623
-1498
-1263
-1148
-1160
-1089
-792
-392
-171
-238
-342
-81
646
1417
1655
1270
880
1212
2260
3186
3194
2445
1925
2324
3229
3618
3104
2367
2258
2684
2783
2135
1373
1317
1773
1751
840
-126
-158
515
719
-67
-1029
-1144
-549
-247
-725
-1427
-1654
-1448
-1304
-1402
-1541
-1613
-1714
-1815
-1731
-1499
-1423
-1599
-1707
-1490
-1209
-1240
-1436
-1299
-791
-475
-695
-1016
-825
-247
55
-137
-300
2
479
611
457
513
911
1244
1242
1153
1263
1406
1304
1131
1281
1650
1646
1029
370
373
948
1310
930
115
-407
-300
102
212
-210
-826
-1090
-857
-558
-687
-1176
-1489
-1345
-1066
-1072
-1299
-1369
-1221
-1195
-1472
-1750
-1670
-1337
-1185
-1401
-1723
-1808
-1616
-1362
-1218
-1163
-1051
-799
-494
-309
-266
-124
375
1098
1545
1421
1101
1278
2119
2972
3077
2486
2020
2291
2974
3230
2760
2148
2064
2383
2410
1884
1370
1428
1752
1553
707
27
178
729
701
-102
-847
-812
-320
-209
-696
-1211
-1290
-1129
-1143
-1344
-1474
-1510
-1652
-1893
-1974
-1833
-1738
-1864
-1981
-1839
-1608
-1607
-1747
-1610
-1155
-858
-1003
-1191
-920
-359
-112
-304
-391
0
521
667
522
560
896
1174
1202
1219
1423
1596
1461
1175
1142
1430
1666
1529
1110
747
671
862
1070
953
383
-266
-383
131
564
184
-785
-1334
-935
-240
-245
-1017
-1671
-1566
-1060
-904
-1235
-1545
-1493
-1333
-1432
-1706
-1791
-1603
-1444
-1550
-1762
-1774
-1530
-1265
-1184
-1227
-1170
-893
-504
-228
-163
-139
143
743
1325
1476
1236
1162
1688
2538
2964
2646
2129
2179
2810
3265
2999
2377
2146
2412
2541
2108
1517
1409
1699
1671
1015
328
312
762
823
152
-604
-695
-260
-81
-523
-1130
-1349
-1223
-1165
-1314
-1475
-1564
-1709
-1910
-1943
-1758
-1675
-1919
-2210
-2130
-1764
-1574
-1681
-1690
-1348
-995
-1027
-1220
-1040
-478
-82
-140
-261
-30
373
513
420
506
850
1061
942
860
1189
1696
1831
1491
1133
1135
1378
1539
1501
1311
996
650
538
791
1043
756
-23
-537
-236
416
432
-433
-1311
-1308
-631
-288
-779
-1534
-1739
-1373
-1089
-1284
-1662
-1776
-1632
-1553
-1657
-1750
-1687
-1599
-1670
-1857
-1957
-1856
-1637
-1451
-1378
-1357
-1238
-917
-503
-254
-279
-316
9
707
1330
1483
1331
1409
1953
2596
2795
2502
2216
2388
2876
3126
2846
2365
2220
2475
2639
2328
1814
1653
1879
1889
1294
546
388
801
970
392
-412
-626
-267
-106
-541
-1093
-1191
-985
-1015
-1365
-1635
-1632
-1619
-1787
-1926
-1835
-1711
-1818
-1994
-1899
-1599
-1491
-1633
-1613
-1218
-840
-881
-1106
-972
-469
-129
-202
-295
-23
395
510
384
476
885
1178
1058
816
887
1232
1479
1494
1466
1479
1380
1170
1145
1436
1655
1340
662
314
622
1085
984
285
-344
-368
22
193
-179
-793
-1106
-943
-659
-726
-1184
-1608
-1624
-1361
-1253
-1469
-1732
-1744
-1608
-1613
-1779
-1839
-1683
-1555
-1699
-1968
-1989
-1655
-1268
-1161
-1295
-1341
-1060
-562
-170
-84
-172
-101
313
882
1241
1257
1179
1360
1858
2377
2579
2432
2240
2327
2693
2956
2777
2303
2059
2276
2534
2288
1665
1326
1521
1663
1187
445
253
649
764
81
-747
-820
-305
-178
-786
-1395
-1334
-947
-975
-1430
-1714
-1611
-1536
-1749
-1933
-1815
-1671
-1847
-2109
-1995
-1601
-1466
-1687
-1731
-1292
-821
-834
-1080
-915
-317
67
-85
-283
4
538
727
536
498
832
1132
1065
905
1052
1353
1369
1153
1207
1638
1882
1516
967
983
1560
1924
1569
903
645
921
1230
1125
640
117
-132
-36
179
101
-459
-1134
-1341
-1017
-771
-1097
-1702
-1902
-1580
-1317
-1521
-1885
-1905
-1647
-1590
-1852
-2002
-1741
-1373
-1384
-1743
-1945
-1700
-1280
-1106
-1231
-1355
-1244
-922
-545
-233
-57
-18
17
265
773
1292
1510
1419
1373
1699
2290
2689
2600
2272
2228
2619
2976
2804
2285
2086
2427
2700
2288
1512
1260
1701
1963
1358
426
200
709
917
243
-598
-673
-179
-78
-649
-1176
-1136
-940
-1164
-1625
-1759
-1584
-1600
-1893
-1988
-1711
-1534
-1779
-2026
-1783
-1354
-1382
-1778
-1779
-1170
-683
-891
-1293
-1098
-455
-196
-501
-623
-103
483
432
28
100
733
1165
971
659
831
1286
1441
1265
1213
1424
1539
1386
1274
1402
1459
1181
902
1069
1411
1233
535
168
596
1088
687
-353
-824
-259
379
20
-1043
-1603
-1194
-630
-804
-1520
-1911
-1657
-1299
-1395
-1808
-2010
-1831
-1600
-1649
-1895
-2000
-1806
-1514
-1431
-1628
-1849
-1774
-1369
-959
-888
-1127
-1280
-1021
-459
-5
99
22
93
442
943
1405
1700
1765
1675
1703
2102
2706
2972
2628
2148
2234
2857
3187
2709
1997
1962
2537
2712
1988
1166
1232
1906
1984
1064
149
223
853
838
-72
-873
-789
-315
-393
-1058
-1532
-1448
-1281
-1487
-1827
-1874
-1730
-1778
-1995
-2017
-1811
-1746
-1914
-1911
-1531
-1203
-1341
-1609
-1388
-784
-536
-858
-1062
-606
32
83
-311
-324
247
677
457
89
282
863
1098
829
639
886
1217
1233
1108
1179
1332
1270
1142
1330
1698
1630
999
546
911
1644
1712
870
10
5
633
943
442
-420
-867
-644
-169
-41
-472
-1116
-1414
-1165
-763
-768
-1236
-1663
-1626
-1299
-1168
-1358
-1549
-1514
-1439
-1570
-1758
-1662
-1295
-1091
-1327
-1723
-1777
-1392
-985
-967
-1261
-1441
-1230
-764
-387
-274
-287
-193
61
332
504
669
978
1369
1572
1496
1454
1810
2427
2724
2421
1999
2131
2742
3034
2554
1873
1845
2405
2624
2000
1199
1138
1685
1825
1092
217
106
591
739
171
-476
-540
-229
-222
-658
-1050
-1064
-941
-1019
-1237
-1346
-1347
-1427
-1572
-1600
-1512
-1518
-1662
-1710
-1548
-1419
-1537
-1686
-1509
-1091
-887
-1041
-1149
-866
-434
-307
-456
-439
-88
241
243
129
274
633
834
747
657
784
989
1043
985
983
1040
1036
1011
1128
1354
1426
1213
946
921
1123
1281
1230
1029
793
593
524
649
794
613
36
-479
-430
23
141
-458
-1237
-1386
-880
-531
-909
-1611
-1838
-1456
-1100
-1250
-1627
-1706
-1469
-1351
-1540
-1744
-1683
-1494
-1484
-1650
-1724
-1577
-1374
-1305
-1351
-1372
-1287
-1093
-835
-603
-491
-446
-274
92
447
578
615
909
1491
1932
1891
1637
1764
2391
2958
2932
2512
2365
2739
3142
3016
2487
2185
2394
2677
2480
1900
1531
1643
1800
1478
813
424
543
710
422
-168
-497
-376
-208
-407
-887
-1272
-1386
-1369
-1383
-1471
-1631
-1849
-2017
-1988
-1811
-1719
-1815
-1919
-1844
-1687
-1661
-1732
-1641
-1326
-1064
-1074
-1187
-1071
-723
-457
-439
-468
-295
16
209
221
236
379
542
585
572
668
872
1024
1038
1023
1096
1217
1281
1290
1322
1379
1395
1368
1379
1427
1389
1220
1074
1113
1240
1192
881
536
425
535
597
405
13
-339
-464
-392
-344
-520
-887
-1180
-1205
-1073
-1082
-1328
-1592
-1631
-1493
-1425
-1523
-1628
-1587
-1459
-1413
-1475
-1515
-1462
-1392
-1402
-1455
-1444
-1338
-1221
-1162
-1134
-1058
-926
-781
-649
-498
-295
-67
136
308
490
710
953
1204
1462
1706
1872
1945
2017
2212
2498
2672
2591
2389
2344
2541
2746
2688
2406
2178
2147
2147
1958
1623
1372
1287
1185
920
600
435
405
277
-70
-464
-670
-690
-723
-893
-1129
-1308
-1403
-1452
-1484
-1530
-1636
-1789
-1879
-1828
-1715
-1687
-1747
-1749
-1616
-1476
-1453
-1468
-1339
-1072
-870
-845
-853
-712
-463
-291
-246
-178
11
227
342
388
476
613
708
735
783
897
1005
1028
1008
1034
1111
1159
1144
1122
1131
1152
1154
1152
1159
1136
1039
912
853
883
904
816
629
434
294
203
139
75
-41
-243
-476
-609
-596
-567
-697
-971
-1193
-1215
-1123
-1111
-1239
-1399
-1464
-1434
-1395
-1403
-1444
-1480
-1490
-1466
-1411
-1346
-1295
-1270
-1271
-1267
-1216
-1104
-978
-910
-898
-859
-726
-542
-403
-331
-253
-98
110
325
522
702
847
951
1077
1310
1625
1875
1943
1896
1933
2173
2503
2668
2538
2266
2141
2255
2395
2300
2008
1795
1789
1793
1576
1224
1019
1013
946
624
226
47
75
7
-309
-670
-825
-813
-873
-1088
-1328
-1472
-1550
-1626
-1681
-1692
-1723
-1817
-1891
-1840
-1714
-1655
-1684
-1653
-1492
-1325
-1286
-1285
-1135
-845
-613
-550
-521
-366
-120
60
143
233
384
515
577
643
783
943
1012
996
1004
1080
1163
1191
1196
1218
1226
1164
1060
1004
1011
997
906
787
725
717
663
500
282
132
113
169
165
25
-197
-345
-322
-222
-232
-422
-633
-666
-534
-454
-571
-766
-817
-690
-578
-637
-797
-870
-816
-759
-794
-849
-824
-749
-746
-843
-920
-870
-739
-664
-689
-729
-693
-586
-489
-457
-480
-503
-480
-404
-322
-296
-321
-321
-240
-120
-49
-41
-4
137
351
539
637
653
661
752
990
1304
1504
1470
1352
1435
1775
2055
1947
1569
1385
1630
1978
1944
1512
1159
1204
1401
1297
888
609
685
793
533
36
-207
-46
91
-190
-701
-956
-832
-685
-799
-1045
-1175
-1184
-1224
-1305
-1334
-1331
-1417
-1542
-1518
-1331
-1216
-1302
-1397
-1290
-1097
-1085
-1196
-1118
-783
-527
-603
-775
-657
-279
-25
-46
-69
132
402
473
398
436
632
765
720
677
799
958
945
796
721
780
826
772
714
734
742
633
478
428
479
485
393
312
310
313
233
131
108
126
56
-103
-194
-117
10
-7
-194
-389
-433
-351
-280
-330
-471
-579
-562
-452
-375
-418
-525
-569
-511
-436
-426
-452
-442
-404
-407
-460
-472
-389
-280
-244
-277
-288
-233
-168
-167
-220
-257
-241
-202
-195
-239
-309
-352
-335
-281
-264
-332
-439
-483
-408
-274
-192
-208
-253
-220
-76
108
236
284
308
383
528
729
927
1035
988
844
795
987
1304
1427
1206
895
879
1185
1405
1218
832
721
969
1138
899
515
472
743
801
399
-34
7
351
383
-73
-502
-458
-176
-184
-540
-836
-834
-738
-770
-849
-847
-879
-1086
-1305
-1261
-1016
-894
-985
-1020
-850
-701
-801
-952
-817
-470
-317
-476
-588
-368
-42
14
-160
-194
35
254
248
173
258
426
456
352
328
459
574
547
485
528
622
631
577
575
628
616
512
440
474
515
450
324
264
282
277
213
159
148
121
35
-51
-59
-25
-54
-169
-292
-350
-357
-365
-388
-403
-403
-408
-429
-463
-508
-557
-594
-598
-573
-553
-561
-589
-606
-603
-591
-581
-564
-524
-458
-389
-337
-300
-270
-236
-198
-150
-86
-24
6
5
13
74
172
257
294
287
266
263
298
367
434
448
398
339
326
363
398
393
354
310
271
237
205
181
162
132
80
22
-5
25
84
111
58
-49
-134
-130
-29
112
206
203
126
83
165
338
448
394
249
199
322
493
536
419
286
258
304
314
256
205
217
242
203
115
71
105
126
42
-107
-181
-116
-2
31
-39
-130
-173
-167
-145
-132
-142
-185
-238
-251
-218
-189
-201
-231
-242
-238
-252
-264
-223
-137
-91
-130
-189
-188
-140
-126
-159
-163
-98
-17
16
18
44
71
41
-44
-87
-36
47
66
9
-57
-84
-85
-79
-53
-15
-7
-44
-74
-42
18
32
-16
-54
-30
14
8
-51
-93
-74
-35
-51
-132
-211
-219
-169
-133
-165
-235
-270
-246
-222
-257
-320
-336
-289
-250
-270
-301
-269
-183
-127
-144
-179
-161
-92
-38
-29
-40
-36
-9
37
93
140
157
143
145
189
246
257
217
183
208
268
309
303
269
238
225
235
253
259
235
195
174
190
215
214
190
172
173
182
189
201
219
236
243
249
258
270
280
289
300
307
310
315
325
319
287
245
225
239
256
238
178
109
61
42
27
-13
-82
-157
-212
-239
-253
-273
-297
-319
-344
-383
-432
-478
-508
-515
-505
-482
-464
-460
-470
-483
-493
-499
-498
-468
-412
-353
-331
-350
-376
-378
-363
-368
-398
-423
-417
-383
-350
-329
-308
-281
-265
-270
-269
-218
-97
38
117
121
119
204
381
546
597
571
625
841
1089
1153
1010
893
1016
1281
1368
1150
889
921
1190
1317
1096
778
716
869
881
604
318
323
497
474
168
-109
-108
17
-47
-315
-520
-510
-443
-510
-668
-759
-765
-795
-872
-898
-858
-868
-983
-1071
-1008
-883
-858
-915
-888
-746
-652
-691
-719
-602
-442
-428
-508
-451
-216
-36
-75
-182
-125
66
174
142
143
280
427
435
367
381
487
543
495
443
465
515
529
528
565
600
566
480
433
448
452
389
302
256
235
178
91
35
32
27
-22
-84
-105
-100
-126
-190
-241
-250
-253
-281
-315
-320
-306
-304
-309
-288
-248
-232
-256
-276
-247
-190
-153
-150
-146
-122
-95
-86
-85
-75
-56
-49
-51
-43
-12
33
66
74
60
42
33
42
69
101
120
117
104
110
152
210
254
271
280
296
308
304
302
327
369
384
353
306
290
301
296
256
204
175
165
140
89
33
4
-4
-23
-66
-114
-144
-159
-188
-232
-270
-284
-286
-298
-321
-335
-338
-344
-364
-384
-392
-397
-411
-425
-420
-405
-396
-398
-382
-343
-307
-296
-293
-264
-214
-174
-159
-142
-96
-33
15
39
63
106
162
214
260
294
310
317
334
369
404
417
413
417
439
463
471
461
445
431
421
415
408
396
370
341
316
290
254
214
185
169
152
113
61
9
-41
-92
-139
-166
-179
-199
-238
-283
-316
-338
-361
-389
-406
-402
-387
-382
-392
-405
-412
-403
-374
-341
-322
-319
-314
-287
-240
-201
-180
-163
-129
-83
-40
-12
5
23
45
67
88
110
134
158
176
184
184
190
207
230
243
245
247
259
266
251
220
202
216
251
279
278
252
222
206
202
196
174
146
129
127
117
80
30
-4
-14
-24
-49
-82
-98
-94
-91
-108
-126
-130
-125
-122
-125
-130
-133
-140
-150
-159
-159
-154
-142
-119
-91
-74
-80
-96
-96
-76
-54
-43
-36
-16
5
12
11
26
63
98
112
114
127
147
156
144
128
132
152
168
164
144
118
102
93
82
60
36
21
13
-8
-52
-98
-124
-124
-120
-125
-139
-152
-162
-174
-191
-207
-215
-214
-212
-214
-226
-235
-238
-245
-266
-295
-300
-262
-209
-188
-210
-229
-199
-137
-91
-87
-89
-51
16
59
65
71
118
190
237
244
250
297
367
401
380
350
367
429
480
472
420
390
420
478
493
444
384
372
399
396
330
252
226
237
224
161
98
79
84
57
-9
-68
-84
-78
-96
-151
-213
-257
-278
-290
-311
-341
-368
-374
-367
-361
-369
-382
-382
-373
-371
-370
-349
-303
-254
-232
-232
-224
-195
-159
-136
-128
-115
-88
-54
-21
6
32
57
79
94
101
97
84
71
73
96
126
146
143
127
115
121
139
150
148
133
111
84
61
56
70
83
80
66
63
73
81
71
53
43
42
35
22
25
46
61
42
1
-28
-28
-11
-6
-15
-29
-40
-49
-59
-63
-56
-45
-43
-52
-61
-63
-61
-63
-64
-60
-47
-37
-33
-31
-29
-29
-38
-55
-67
-67
-55
-43
-38
-38
-36
-30
-21
-7
11
29
33
13
-13
-18
15
60
84
77
66
72
88
91
79
69
74
81
74
54
43
50
63
64
48
25
15
25
39
41
25
9
13
38
58
55
37
28
35
49
54
51
42
35
27
17
4
-8
-11
-1
12
17
13
9
15
24
23
13
1
-7
-12
-13
-4
13
33
41
45
51
59
57
46
29
19
15
12
7
0
-11
-25
-32
-30
-31
-44
-64
-74
-66
-49
-44
-52
-59
-59
-57
-57
-48
-27
-10
-17
-44
-74
-89
-93
-99
-106
-101
-78
-56
-51
-64
-73
-70
-61
-63
-76
-81
-64
-34
-10
-1
-2
3
9
8
6
16
48
82
93
69
33
10
8
16
22
36
61
94
116
125
131
141
142
120
87
68
78
93
85
56
31
29
41
38
15
-12
-23
-20
-10
-3
5
9
4
-13
-31
-42
-43
-43
-51
-68
-88
-101
-98
-79
-56
-47
-56
-69
-70
-58
-45
-38
-36
-27
-14
2
13
25
40
46
39
30
34
54
71
68
49
33
25
25
26
30
29
15
-6
-19
-11
11
26
22
6
-7
-9
-7
0
6
13
11
1
-15
-25
-24
-22
-29
-51
-81
-101
-98
-80
-57
-34
-8
20
37
31
7
-13
-14
5
24
32
28
20
18
25
39
53
61
66
67
61
49
36
32
31
17
-14
-40
-39
-8
17
14
-6
-17
-13
-5
-11
-27
-41
-44
-44
-50
-54
-49
-32
-20
-22
-42
-57
-56
-42
-32
-36
-49
-52
-43
-29
-27
-40
-56
-54
-29
9
39
52
53
52
51
47
39
45
75
120
151
145
108
71
57
57
57
52
55
72
84
74
37
4
4
35
65
65
41
28
44
70
77
61
50
62
79
68
23
-32
-70
-92
-115
-146
-167
-158
-128
-108
-111
-124
-120
-89
-51
-29
-31
-36
-25
0
19
14
-2
-4
10
18
5
-14
-14
12
37
33
3
-29
-34
-15
4
0
-17
-15
22
75
100
80
40
26
40
62
73
82
107
131
119
59
-15
-58
-58
-37
-27
-30
-31
-25
-16
-16
-24
-40
-57
-67
-61
-44
-26
-11
-5
-9
-26
-49
-60
-48
-24
-12
-23
-39
-42
-37
-43
-63
-76
-67
-42
-18
-3
8
10
-9
-44
-65
-52
-19
8
24
59
109
133
95
27
-5
19
52
52
38
48
79
86
43
-18
-48
-37
-8
12
21
30
53
80
93
74
30
-4
-9
3
6
6
28
72
97
73
22
-9
1
21
23
10
5
10
7
-9
-23
-22
-7
6
8
-6
-28
-44
-50
-49
-53
-64
-62
-35
1
15
0
-24
-35
-36
-39
-43
-33
-9
15
24
30
38
41
23
-11
-43
-61
-59
-49
-30
-13
-8
-10
-9
0
2
-15
-35
-33
-1
39
63
75
89
106
113
103
91
90
93
89
79
74
69
55
27
4
-5
-13
-38
-73
-93
-89
-73
-53
-31
-6
15
20
6
-18
-31
-27
-7
15
27
22
7
-11
-27
-40
-48
-52
-57
-60
-56
-47
-38
-33
-30
-20
-1
24
47
61
64
58
54
60
74
85
86
78
63
44
26
15
15
18
16
5
-5
-4
8
28
46
55
53
44
29
17
4
-10
-23
-29
-28
-26
-31
-41
-49
-50
-49
-54
-61
-68
-67
-61
-55
-50
-44
-34
-24
-16
-14
-15
-20
-27
-30
-29
-23
-12
-2
4
6
7
6
4
5
10
16
20
21
23
27
32
31
25
24
32
44
50
46
39
38
47
57
58
52
43
36
29
21
20
25
26
14
-6
-25
-37
-42
-40
-31
-14
1
13
18
20
24
28
33
42
52
62
63
58
43
17
-19
-56
-84
-91
-81
-73
-74
-75
-70
-57
-45
-35
-21
-1
16
21
17
20
34
49
55
48
32
18
2
-17
-46
-81
-110
-121
-113
-99
-87
-78
-68
-53
-36
-14
12
41
66
80
86
92
102
115
126
132
129
117
94
66
43
31
32
33
32
30
33
40
45
52
64
79
90
93
88
85
75
58
44
51
75
66
-11
-131
-202
-178
-124
-156
-287
-401
-369
-224
-129
-188
-320
-367
-271
-130
-66
-89
-115
-87
-22
40
82
117
150
169
177
180
177
166
158
159
155
120
72
61
103
139
102
15
-26
22
95
107
63
36
64
103
110
96
88
79
53
31
37
55
47
20
22
62
85
57
21
33
70
59
-11
-70
-64
-23
-11
-42
-78
-94
-102
-112
-122
-126
-131
-140
-140
-121
-94
-80
-81
-89
-93
-97
-94
-80
-64
-62
-78
-93
-89
-70
-53
-47
-36
-5
39
81
105
114
115
111
106
112
133
159
169
157
135
117
104
92
80
72
64
56
47
43
42
39
38
45
59
68
66
65
63
46
6
-42
-67
-64
-58
-74
-103
-123
-124
-121
-121
-119
-104
-84
-72
-67
-62
-51
-43
-39
-36
-27
-12
4
15
16
11
5
7
12
15
12
11
21
36
50
64
87
115
135
134
117
104
103
109
106
95
78
63
45
18
-13
-38
-53
-62
-64
-60
-50
-42
-47
-58
-56
-35
-14
-16
-36
-51
-50
-43
-47
-55
-62
-60
-58
-55
-49
-39
-32
-29
-27
-17
-3
9
19
27
37
42
41
37
36
44
62
72
62
38
18
12
17
22
24
37
57
68
55
22
-7
-19
-17
-10
3
22
34
29
11
-1
-4
-1
-1
7
25
36
24
-8
-27
-23
-9
-4
-6
0
9
5
-19
-46
-54
-47
-32
-18
-9
1
15
35
57
71
71
59
47
40
28
6
-24
-46
-50
-35
-17
-11
-19
-26
-18
-3
0
-18
-39
-45
-33
-20
-17
-15
-2
21
40
40
23
-1
-21
-35
-50
-63
-66
-55
-36
-21
-14
-10
-9
-11
-13
-4
19
47
63
63
52
40
29
22
23
36
52
62
58
44
29
19
22
34
45
47
42
32
24
11
-7
-25
-33
-29
-21
-18
-22
-26
-27
-26
-24
-27
-32
-31
-22
-7
1
0
-8
-15
-21
-30
-42
-48
-45
-38
-28
-20
-12
-8
-6
-3
6
19
31
39
46
48
44
35
34
42
55
63
62
52
38
25
16
12
11
11
14
18
21
22
20
19
18
16
12
7
9
10
7
-2
-12
-22
-30
-36
-43
-51
-59
-70
-76
-71
-57
-45
-44
-52
-58
-49
-27
-6
6
7
4
3
5
10
18
33
54
76
94
103
112
117
115
107
92
85
87
91
91
86
79
68
55
45
44
47
44
34
24
15
6
-4
-7
1
10
13
8
1
-5
-12
-21
-24
-26
-34
-47
-63
-72
-73
-71
-65
-52
-35
-22
-12
-10
-10
-10
-10
-11
-15
-15
-9
4
19
25
26
23
24
25
27
26
24
16
-3
-27
-40
-36
-25
-17
-16
-13
-7
-5
-13
-23
-25
-16
-7
0
4
10
9
0
-14
-21
-13
3
14
18
15
9
-3
-12
-9
2
19
33
40
47
54
62
68
68
61
48
35
29
32
39
40
36
28
25
25
30
34
33
29
26
29
37
40
38
32
33
38
42
45
39
26
7
-18
-39
-52
-53
-46
-38
-29
-22
-15
-9
-12
-19
-22
-12
3
9
6
4
11
16
8
-9
-22
-23
-24
-32
-46
-65
-79
-83
-68
-40
-14
-3
-4
2
28
61
79
77
64
55
53
56
63
74
81
78
65
48
35
26
18
8
-5
-16
-25
-30
-32
-30
-23
-13
0
13
23
20
8
-6
-13
-5
11
17
12
4
0
3
6
5
2
-2
-7
-9
-8
-3
-1
-3
-8
-15
-17
-13
-5
0
-2
-5
-6
0
2
0
-3
-2
3
11
22
37
47
48
41
33
30
30
27
19
6
-5
-13
-15
-10
-2
-2
-12
-19
-13
7
28
38
36
30
25
27
31
40
51
63
67
60
43
17
-8
-23
-24
-16
-4
3
6
3
-9
-27
-41
-37
-17
11
31
37
36
35
37
47
63
79
85
74
53
39
34
30
17
1
-7
-5
-2
-7
-12
-10
0
8
10
7
6
6
8
10
14
16
13
4
-8
-21
-31
-39
-43
-44
-40
-37
-36
-38
-36
-34
-29
-24
-19
-11
-2
4
5
3
0
-2
-4
-4
1
13
25
30
26
14
4
3
13
28
38
37
25
10
2
2
5
7
7
8
13
14
7
-4
-17
-23
-26
-24
-16
-2
12
20
21
22
28
36
43
48
52
54
51
48
48
51
52
48
43
38
29
15
-2
-15
-23
-28
-26
-20
-10
1
12
24
34
38
37
34
33
30
23
12
0
-9
-13
-7
4
14
13
2
-11
-21
-26
-26
-19
-9
3
11
13
13
8
-1
-11
-16
-15
-9
-5
-3
-4
-9
-17
-20
-15
1
17
29
36
39
41
43
47
46
42
38
40
49
58
60
50
39
32
30
30
30
28
28
33
42
50
55
55
53
49
44
39
32
20
3
-16
-27
-27
-20
-13
-7
-2
3
5
2
-3
-2
6
15
16
7
-5
-9
-8
-5
-4
-4
-1
2
0
-7
-14
-16
-12
-7
-1
7
21
39
54
67
73
70
54
26
-6
-35
-52
-53
-51
-53
-62
-71
-76
-75
-70
-59
-35
-4
22
34
37
43
53
61
68
74
77
70
54
39
30
27
22
13
3
-3
-6
-7
-10
-11
-8
1
18
36
49
53
52
48
46
41
28
8
-14
-32
-41
-41
-30
-14
-3
-3
-14
-28
-40
-46
-44
-31
-13
4
12
8
1
-3
-4
-6
-9
-11
-8
-4
2
5
8
9
10
12
18
25
29
30
30
29
24
10
-5
-9
-3
8
19
24
27
26
22
16
6
-6
-20
-28
-27
-18
-2
14
25
29
26
22
19
16
15
19
27
36
43
46
44
40
37
37
38
36
29
19
13
10
8
7
13
30
48
55
44
23
3
-7
-8
-4
0
1
1
-1
-8
-14
-20
-20
-17
-12
-10
-7
-6
-6
-6
-4
1
6
12
17
13
1
-14
-25
-28
-21
-10
0
4
-4
-17
-29
-26
-11
13
37
56
62
49
23
6
8
26
46
60
65
54
26
-5
-22
-19
-8
3
9
17
22
21
17
16
20
27
30
33
32
29
24
16
10
7
14
33
57
71
67
49
33
26
27
29
21
8
-9
-20
-20
-14
-9
-8
-10
-8
-7
-4
-3
-1
-1
-2
-4
-6
-7
-9
-11
-10
-10
-10
-7
1
10
6
-10
-29
-41
-48
-53
-52
-42
-25
-10
-5
-10
-16
-20
-12
9
36
55
56
40
20
5
-3
0
9
18
20
12
-2
-16
-20
-17
-5
6
9
2
-8
-13
-9
1
15
28
40
43
38
27
17
15
23
30
29
18
3
-12
-21
-20
-16
-10
-9
-8
-9
-8
-9
-11
-9
1
20
33
38
39
41
42
40
33
27
22
15
4
-6
-12
-14
-16
-22
-30
-35
-31
-26
-21
-22
-26
-26
-22
-15
-4
9
24
32
26
13
4
3
11
22
27
22
13
6
3
3
5
6
6
10
14
15
13
5
-1
-1
3
8
15
18
17
14
7
6
13
26
36
38
35
30
24
21
23
26
27
25
23
25
25
25
25
29
37
42
43
39
31
26
24
23
22
16
11
9
7
2
-4
-3
3
8
6
-1
-6
-7
-6
-5
-3
-2
-7
-14
-19
-13
1
12
15
8
-5
-13
-17
-17
-14
-5
15
38
51
51
43
37
32
29
26
22
15
6
1
9
25
37
46
49
51
43
29
17
19
31
36
32
22
13
7
5
10
19
24
22
15
8
2
-3
-9
-17
-23
-27
-24
-16
-3
7
10
5
-3
-8
-8
-3
2
5
4
-3
-15
-27
-36
-39
-39
-37
-30
-21
-13
-8
-6
-6
-10
-17
-22
-17
0
20
37
42
38
29
18
8
4
3
8
13
15
11
7
7
14
23
27
25
23
25
27
29
30
30
28
24
25
29
34
33
28
23
20
15
6
-3
-4
-1
3
4
2
0
-2
-5
-5
-3
4
17
34
52
62
61
47
27
6
-11
-19
-18
-9
2
9
6
-7
-19
-25
-23
-14
-2
13
25
32
30
26
26
29
40
55
68
73
67
62
60
62
61
57
48
37
24
12
7
12
23
28
26
18
8
-6
-22
-34
-42
-39
-30
-21
-17
-23
-36
-45
-38
-17
7
21
21
13
1
-7
-16
-25
-21
-5
21
39
42
34
21
6
-8
-14
-3
19
37
43
38
33
34
42
59
80
96
96
79
58
45
43
46
43
27
4
-16
-27
-28
-24
-20
-15
-14
-23
-40
-55
-56
-43
-28
-19
-18
-18
-17
-14
-12
-11
-12
-16
-23
-27
-27
-25
-21
-14
-4
8
20
27
31
34
41
48
47
40
34
35
40
42
39
36
33
31
26
23
21
20
19
17
19
24
34
44
52
52
42
31
25
25
25
19
9
0
-3
-1
-1
-5
-13
-20
-23
-22
-19
-19
-24
-26
-23
-16
-10
-9
-8
-11
-16
-27
-35
-36
-30
-25
-21
-14
-3
7
8
4
4
13
25
31
28
16
0
-13
-12
7
33
52
57
49
35
21
14
12
14
15
12
11
13
19
23
24
25
31
39
44
37
23
6
-2
-6
-14
-23
-28
-21
-10
-4
-6
-19
-33
-44
-51
-52
-49
-41
-27
-9
10
23
32
36
35
29
21
19
24
28
25
19
19
25
29
25
20
18
19
18
14
12
14
18
25
27
27
25
24
26
33
39
38
35
30
26
19
12
5
-1
-6
-4
-1
-1
-10
-21
-28
-30
-24
-13
-3
2
-2
-13
-22
-23
-19
-10
2
14
19
17
14
12
8
6
9
20
31
36
32
27
25
24
21
13
2
-6
-9
-8
1
14
24
27
22
11
-1
-9
-10
-3
6
12
14
15
18
21
26
33
42
46
44
35
23
13
3
-4
-8
-7
-3
0
0
1
5
6
4
0
2
14
30
43
49
45
40
36
30
26
25
28
35
37
26
8
-8
-14
-12
-6
0
7
13
13
9
8
13
19
20
13
-1
-14
-20
-12
2
16
20
19
21
25
27
25
20
15
16
17
21
32
45
55
57
50
39
31
22
13
4
-3
-6
-3
3
11
21
32
44
56
64
68
66
59
46
31
16
7
5
8
7
2
-3
-12
-20
-26
-26
-19
-10
-8
-15
-28
-39
-43
-38
-27
-18
-8
3
15
21
20
13
10
16
24
32
37
39
40
38
36
36
33
26
20
15
19
25
25
19
11
4
-1
-6
-9
-4
6
17
25
33
38
39
36
30
27
26
23
18
17
23
35
45
44
31
10
-3
-10
-10
-5
1
5
4
1
-1
1
8
13
13
11
4
3
8
19
33
39
36
28
24
29
41
51
50
42
29
21
16
16
21
34
47
57
60
57
52
47
40
29
19
15
22
38
54
60
57
44
27
11
-3
-9
-10
-10
-15
-25
-32
-36
-40
-48
-49
-39
-21
-5
1
3
3
5
4
0
-1
1
7
16
20
17
9
0
-4
-5
-10
-21
-30
-27
-15
2
19
33
45
48
41
26
14
11
14
17
21
24
26
27
25
26
32
41
50
52
50
45
40
34
27
18
11
12
19
24
28
29
27
19
2
-15
-24
-24
-20
-9
8
36
57
64
58
48
42
38
36
34
32
26
16
4
-4
-8
-11
-10
-5
2
10
17
21
21
18
14
9
1
-8
-15
-10
1
7
2
-8
-14
-11
-8
-13
-24
-35
-39
-36
-30
-27
-24
-23
-20
-15
-10
-5
-4
-7
-11
-7
2
15
19
17
12
6
-2
-5
-4
3
13
19
22
25
34
47
63
74
77
69
55
40
27
20
12
3
-3
-3
-1
3
3
0
-5
-13
-21
-30
-35
-38
-42
-46
-43
-31
-15
-1
2
1
0
2
3
1
-2
-1
7
11
11
6
2
2
3
3
2
1
-1
-2
4
13
21
24
25
26
30
37
43
47
53
55
53
48
46
46
45
43
