-24
-27
-23
-12
3
17
23
20
14
8
4
4
4
5
1
-3
-7
-9
-7
1
12
19
17
10
3
-5
-6
2
15
26
23
8
-10
-25
-31
-23
1
30
51
57
47
27
9
-2
-2
8
18
26
30
30
20
1
-18
-23
-15
2
14
16
12
8
6
6
8
8
9
13
20
26
30
29
28
24
19
18
21
27
29
30
33
41
50
48
35
19
10
11
15
18
15
7
-3
-9
-9
-6
-2
1
9
21
33
34
28
19
13
12
10
4
-1
-1
2
3
-1
-9
-16
-16
-10
-4
-1
2
1
-5
-12
-14
-9
4
17
26
25
15
1
-6
3
18
31
30
19
9
2
2
4
5
5
4
4
5
6
8
12
18
23
27
30
32
30
26
22
16
7
-6
-15
-16
-10
-4
0
7
18
29
34
33
29
25
20
16
14
15
14
8
0
0
8
20
25
22
17
13
9
4
3
9
20
28
31
28
22
13
4
1
9
20
25
20
13
11
12
20
32
51
70
79
72
55
40
25
15
11
20
38
51
50
34
11
-9
-22
-27
-23
-10
6
19
26
27
22
17
16
16
14
7
1
-1
6
15
23
24
17
5
-1
0
-1
-15
-33
-44
-44
-36
-26
-20
-18
-16
-14
-11
-6
3
14
25
26
13
-5
-17
-18
-17
-13
-4
7
9
0
-15
-26
-31
-31
-26
-14
2
7
1
-11
-16
-13
-2
13
29
43
46
41
34
29
28
26
22
18
15
19
24
26
23
17
9
6
4
5
6
6
5
5
8
13
19
26
34
39
40
33
26
21
16
5
-6
-12
-7
6
18
26
23
12
-3
-17
-28
-37
-42
-43
-38
-30
-20
-10
0
6
2
-13
-33
-49
-51
-36
-16
-2
5
8
10
10
8
7
6
1
-10
-22
-24
-16
-1
15
25
30
29
22
14
7
1
-2
6
25
45
51
39
21
8
4
7
16
30
47
59
63
58
55
53
49
47
47
49
46
37
19
3
-4
-2
4
7
5
-5
-14
-18
-13
-1
13
23
24
19
11
4
1
-2
1
7
13
13
5
-2
-5
-2
-2
-8
-13
-13
-12
-13
-15
-11
-2
5
7
5
1
-2
-6
-8
-5
3
12
19
22
26
25
20
9
-3
-9
-7
4
19
30
33
32
28
30
32
32
25
13
0
-11
-14
-9
6
21
26
17
0
-20
-33
-37
-28
-7
16
30
33
34
40
44
40
24
8
-1
-4
-2
4
9
14
16
15
16
24
33
34
19
-4
-24
-31
-25
-11
7
22
25
18
8
4
11
27
39
42
34
21
7
-8
-23
-36
-42
-40
-34
-24
-14
-4
3
3
-2
-11
-19
-22
-21
-13
-1
8
7
-1
-7
-6
2
6
4
-3
-11
-17
-17
-13
-7
-3
-1
3
12
25
36
41
38
33
31
32
31
28
26
30
40
52
60
60
52
42
35
32
32
33
37
39
39
34
30
28
26
22
16
9
6
4
4
4
1
-4
-9
-8
-1
6
11
7
-4
-14
-20
-18
-11
-3
1
0
-5
-10
-14
-18
-24
-30
-33
-33
-30
-25
-15
-4
9
21
35
43
42
31
14
-2
-7
-1
11
26
37
41
39
32
26
19
10
0
-5
-2
8
21
34
47
55
58
51
44
34
20
3
-11
-13
-6
8
22
31
39
35
18
-5
-19
-16
-1
12
20
15
3
-9
-9
2
24
42
51
48
37
23
17
18
27
34
33
23
11
9
16
30
42
49
48
42
29
7
-18
-38
-45
-34
-11
13
31
41
46
47
45
42
40
38
27
13
3
0
3
1
-5
-8
0
15
32
37
30
17
-3
-22
-34
-32
-18
-8
-11
-26
-38
-40
-34
-24
-14
1
17
25
24
19
14
9
0
-7
-11
-9
-6
-6
-7
-2
8
16
19
14
3
-13
-31
-47
-52
-39
-16
7
21
25
22
16
11
6
4
6
7
3
-6
-15
-19
-21
-21
-16
-3
13
25
29
28
25
28
32
42
51
57
56
50
38
25
18
21
33
43
43
36
26
14
-1
-18
-27
-23
-12
0
10
16
23
31
37
34
24
8
-7
-18
-24
-20
-4
19
44
56
52
39
21
8
-4
-12
-19
-25
-23
-10
8
23
26
15
-3
-19
-23
-8
20
47
62
62
54
39
24
10
0
-9
-15
-17
-11
-1
8
13
16
20
24
25
25
24
21
10
3
6
18
30
32
27
19
9
0
-10
-14
-11
0
7
8
2
-12
-27
-37
-39
-35
-27
-23
-21
-21
-18
-15
-11
-9
-8
-5
-5
-9
-13
-13
-8
-3
-2
-1
1
0
-6
-6
2
16
29
28
26
27
29
27
16
5
2
8
19
31
39
39
29
14
2
2
12
22
25
20
11
-4
-20
-26
-18
-3
6
6
-1
-3
-3
0
5
8
8
4
2
2
7
10
12
13
10
2
-6
-4
5
15
21
21
22
22
23
23
23
15
1
-7
-3
10
19
21
24
34
40
33
21
21
30
36
29
21
18
22
19
11
8
17
28
30
24
22
24
27
29
35
48
62
70
66
61
61
62
63
63
70
86
100
101
92
85
88
93
85
54
14
-24
-50
-70
-85
-98
-113
-131
-157
-185
-211
-239
-270
-310
-349
-382
-402
-403
-396
-392
-396
-405
-402
-386
-363
-344
-326
-294
-250
-196
-136
-71
-2
59
113
175
273
406
538
618
626
611
660
806
979
1057
1009
936
953
1046
1078
985
859
827
866
829
667
506
466
480
393
184
26
23
61
-47
-294
-492
-531
-516
-597
-755
-865
-881
-884
-930
-974
-981
-994
-1049
-1090
-1048
-960
-914
-907
-848
-719
-605
-555
-491
-321
-106
17
38
90
249
429
526
568
653
786
872
875
865
901
932
900
841
834
864
830
701
571
524
508
409
223
55
-32
-106
-254
-447
-593
-676
-774
-934
-1088
-1164
-1192
-1261
-1387
-1495
-1532
-1529
-1549
-1589
-1602
-1578
-1544
-1512
-1443
-1301
-1101
-883
-677
-503
-371
-228
33
435
806
926
831
866
1289
1894
2182
1979
1708
1884
2435
2768
2536
2105
2063
2416
2589
2242
1768
1727
2014
1984
1387
784
783
1161
1153
528
-92
-111
231
236
-277
-806
-938
-844
-890
-1081
-1194
-1217
-1329
-1521
-1576
-1473
-1462
-1648
-1767
-1606
-1375
-1385
-1516
-1394
-1035
-896
-1150
-1338
-1019
-469
-299
-559
-678
-341
74
125
-20
83
428
591
454
391
665
1007
1045
866
850
1080
1269
1240
1142
1144
1164
1078
977
994
1026
861
558
415
515
565
306
-98
-288
-238
-278
-601
-996
-1168
-1170
-1278
-1561
-1802
-1857
-1866
-2022
-2253
-2348
-2278
-2231
-2328
-2455
-2436
-2262
-2055
-1902
-1795
-1686
-1518
-1235
-839
-437
-144
57
298
645
1019
1318
1549
1784
2053
2331
2621
2934
3196
3288
3210
3152
3274
3477
3491
3225
2900
2782
2817
2721
2384
2031
1895
1849
1581
1060
623
501
477
183
-359
-765
-829
-801
-1000
-1365
-1596
-1625
-1695
-1957
-2236
-2315
-2253
-2252
-2328
-2331
-2227
-2170
-2230
-2268
-2169
-2024
-1959
-1900
-1681
-1350
-1132
-1093
-1039
-810
-531
-396
-359
-205
100
350
423
472
689
1007
1217
1263
1301
1431
1565
1594
1584
1649
1748
1730
1584
1485
1537
1597
1460
1165
959
971
1027
892
576
298
180
108
-66
-321
-531
-664
-798
-975
-1143
-1264
-1379
-1537
-1703
-1812
-1873
-1958
-2087
-2210
-2277
-2302
-2311
-2302
-2261
-2201
-2152
-2103
-2010
-1845
-1634
-1419
-1215
-989
-691
-308
107
471
730
923
1152
1506
1958
2345
2509
2489
2539
2865
3336
3554
3329
2973
2964
3331
3563
3261
2696
2460
2651
2729
2284
1653
1455
1671
1638
1019
345
262
571
479
-247
-938
-977
-664
-719
-1238
-1645
-1626
-1541
-1761
-2065
-2064
-1889
-1967
-2287
-2390
-2125
-1921
-2089
-2312
-2162
-1806
-1724
-1886
-1781
-1286
-931
-1070
-1262
-933
-293
-43
-291
-388
48
563
609
416
598
1148
1433
1200
967
1242
1753
1890
1593
1372
1519
1749
1704
1436
1218
1131
1083
1057
1082
1045
798
458
310
372
311
-76
-525
-660
-553
-623
-1017
-1417
-1522
-1478
-1604
-1892
-2052
-1988
-1963
-2194
-2517
-2616
-2465
-2343
-2458
-2689
-2751
-2521
-2149
-1892
-1868
-1933
-1790
-1284
-610
-155
-78
-116
131
753
1440
1831
1885
1876
2085
2539
3021
3275
3242
3103
3120
3368
3640
3656
3380
3072
2965
2954
2757
2345
2031
2016
2024
1639
944
510
626
831
507
-247
-710
-536
-227
-430
-1058
-1483
-1446
-1348
-1573
-1933
-2039
-1924
-1964
-2256
-2476
-2394
-2208
-2194
-2291
-2255
-2069
-1920
-1847
-1686
-1407
-1218
-1214
-1160
-836
-412
-219
-237
-126
236
550
602
622
910
1309
1398
1171
1117
1524
2020
2056
1662
1387
1560
1906
1946
1587
1152
973
1094
1268
1189
762
234
-8
117
238
-19
-537
-857
-825
-799
-1114
-1590
-1807
-1722
-1710
-1978
-2276
-2306
-2183
-2249
-2553
-2778
-2707
-2513
-2490
-2648
-2732
-2560
-2221
-1936
-1806
-1748
-1566
-1122
-484
65
274
232
354
940
1776
2310
2295
2140
2446
3254
3915
3854
3300
3049
3490
4101
4092
3419
2851
2964
3374
3259
2498
1870
1974
2356
2082
1076
288
429
963
815
-173
-1045
-1045
-583
-575
-1190
-1772
-1843
-1669
-1704
-1939
-2078
-2095
-2199
-2402
-2485
-2403
-2366
-2448
-2428
-2192
-2011
-2114
-2230
-1927
-1336
-1068
-1324
-1522
-1106
-385
-96
-334
-436
14
610
809
776
1045
1603
1878
1687
1587
2039
2629
2598
1946
1477
1742
2325
2422
1823
1084
823
1084
1383
1229
588
-65
-216
101
285
-151
-948
-1396
-1245
-998
-1202
-1716
-2006
-1935
-1905
-2189
-2525
-2552
-2393
-2482
-2902
-3237
-3140
-2796
-2661
-2892
-3183
-3145
-2714
-2171
-1859
-1834
-1756
-1217
-269
482
541
249
510
1646
2848
3087
2482
2264
3219
4592
4959
4045
3144
3501
4713
5211
4269
2975
2810
3684
4044
2996
1598
1454
2449
2831
1636
99
-28
1056
1489
366
-1049
-1191
-348
-55
-854
-1734
-1811
-1508
-1651
-2175
-2449
-2404
-2515
-2851
-2948
-2696
-2618
-2963
-3180
-2794
-2256
-2281
-2641
-2450
-1595
-1027
-1319
-1715
-1228
-167
296
-131
-444
127
1015
1272
1006
1093
1710
2076
1750
1424
1875
2715
2868
2134
1494
1757
2481
2629
1929
1093
846
1156
1473
1354
763
22
-398
-281
15
-158
-936
-1682
-1793
-1517
-1592
-2166
-2624
-2551
-2345
-2525
-2891
-2873
-2508
-2445
-2933
-3380
-3186
-2605
-2369
-2675
-2984
-2782
-2174
-1636
-1437
-1421
-1212
-565
355
1028
1106
921
1238
2281
3285
3356
2669
2403
3280
4549
4836
3903
3052
3514
4783
5185
4063
2736
2752
3737
3871
2500
1185
1508
2691
2598
831
-587
-65
1258
1143
-566
-1822
-1365
-379
-569
-1739
-2370
-1986
-1637
-2086
-2731
-2787
-2538
-2690
-3108
-3113
-2724
-2649
-3025
-3127
-2601
-2146
-2380
-2704
-2182
-1127
-772
-1366
-1686
-866
236
325
-354
-396
601
1479
1354
940
1299
2124
2289
1749
1674
2549
3275
2775
1699
1554
2515
3140
2395
1056
601
1263
1905
1583
601
-132
-241
-113
-242
-710
-1245
-1579
-1676
-1726
-1931
-2268
-2528
-2602
-2643
-2821
-3016
-2974
-2732
-2676
-3012
-3413
-3397
-2984
-2701
-2869
-3148
-2957
-2232
-1523
-1310
-1417
-1234
-458
535
1106
1077
991
1516
2635
3559
3612
3126
3143
4090
5105
5044
4055
3526
4277
5330
5106
3623
2609
3181
4215
3833
2066
903
1515
2535
1978
105
-894
-12
1152
691
-931
-1697
-978
-269
-837
-1971
-2277
-1795
-1688
-2290
-2707
-2415
-2107
-2455
-2974
-2873
-2408
-2438
-2936
-2991
-2349
-1895
-2217
-2577
-2076
-1165
-994
-1547
-1576
-546
450
325
-323
-102
1063
1871
1635
1239
1641
2414
2567
2187
2210
2768
2892
2174
1602
2099
2928
2618
1185
291
949
2054
1904
495
-584
-382
264
77
-949
-1773
-1833
-1623
-1784
-2236
-2502
-2476
-2485
-2714
-2959
-2985
-2851
-2804
-2941
-3151
-3267
-3198
-2974
-2758
-2727
-2839
-2758
-2227
-1461
-980
-956
-933
-397
500
1088
1086
1031
1586
2608
3272
3165
2916
3413
4545
5195
4646
3662
3628
4706
5458
4687
3159
2718
3764
4551
3517
1550
863
1906
2693
1625
-181
-508
736
1382
175
-1434
-1469
-306
0
-1244
-2495
-2383
-1606
-1624
-2462
-2932
-2621
-2376
-2763
-3198
-3056
-2739
-2905
-3272
-3105
-2529
-2376
-2745
-2742
-1962
-1261
-1438
-1876
-1429
-260
331
-93
-404
378
1588
1962
1513
1372
1989
2586
2572
2466
2837
3186
2744
1936
1924
2755
3037
1937
555
486
1540
1952
830
-644
-913
-147
167
-662
-1726
-1963
-1563
-1470
-1965
-2450
-2470
-2337
-2501
-2820
-2832
-2509
-2339
-2630
-3092
-3241
-2993
-2682
-2610
-2748
-2830
-2596
-1981
-1199
-648
-556
-673
-447
360
1327
1835
1818
1822
2283
2999
3482
3669
3916
4336
4551
4315
4043
4266
4735
4610
3693
2920
3151
3885
3831
2704
1658
1654
2110
1821
778
135
394
626
-58
-1071
-1213
-538
-329
-1201
-2189
-2207
-1616
-1586
-2334
-2939
-2841
-2599
-2826
-3181
-3033
-2602
-2623
-3094
-3203
-2616
-2052
-2173
-2553
-2379
-1712
-1330
-1432
-1352
-719
-100
-58
-187
260
1147
1619
1433
1304
1753
2318
2387
2208
2400
2807
2665
1939
1606
2222
2904
2429
1026
212
794
1760
1605
258
-913
-907
-254
-164
-977
-1891
-2097
-1741
-1589
-2001
-2577
-2775
-2584
-2432
-2573
-2810
-2857
-2760
-2779
-2959
-3037
-2824
-2512
-2429
-2552
-2455
-1837
-971
-474
-593
-826
-416
779
2006
2350
1757
1200
1691
3160
4461
4589
3779
3219
3708
4771
5264
4721
3829
3514
3814
3952
3455
2781
2621
2831
2565
1530
591
697
1467
1491
176
-1306
-1432
-344
278
-612
-2101
-2602
-1932
-1364
-1791
-2666
-3004
-2759
-2650
-2943
-3177
-3012
-2753
-2773
-2910
-2784
-2423
-2156
-2062
-1936
-1739
-1659
-1652
-1378
-764
-281
-288
-409
-3
866
1443
1359
1162
1501
2162
2436
2219
2136
2488
2694
2211
1527
1597
2388
2706
1776
441
176
1119
1796
1010
-606
-1425
-886
-126
-424
-1622
-2491
-2345
-1756
-1635
-2089
-2516
-2527
-2377
-2444
-2690
-2805
-2717
-2648
-2723
-2765
-2591
-2315
-2188
-2185
-1979
-1389
-718
-458
-674
-812
-222
1092
2314
2526
1715
993
1564
3323
4721
4421
3014
2517
3910
5703
5683
3826
2472
3238
4794
4673
2776
1544
2414
3616
2688
235
-682
1086
2865
1707
-1417
-2804
-1028
1196
779
-1691
-3122
-2244
-952
-1236
-2556
-3138
-2680
-2369
-2768
-3113
-2824
-2466
-2662
-3023
-2878
-2463
-2441
-2683
-2476
-1853
-1642
-2026
-2071
-1184
-219
-232
-783
-546
625
1419
1116
702
1299
2362
2551
1880
1708
2532
3116
2398
1279
1404
2653
3149
1905
300
236
1566
2313
1298
-471
-1234
-646
77
-166
-1195
-2044
-2157
-1817
-1636
-1900
-2411
-2808
-2948
-2961
-2984
-2955
-2767
-2544
-2566
-2863
-3078
-2879
-2352
-1849
-1518
-1222
-895
-677
-578
-208
819
2182
2874
2252
1055
960
2741
5009
5455
3626
1860
2647
5346
6690
4956
2377
2256
4448
5540
3689
1302
1558
3673
3911
1066
-1514
-554
2386
2907
-148
-3097
-2476
371
1385
-707
-3129
-3195
-1667
-1028
-1925
-2865
-2830
-2477
-2616
-2899
-2737
-2476
-2733
-3193
-3084
-2543
-2389
-2667
-2483
-1610
-1111
-1670
-2288
-1649
-223
318
-363
-741
219
1477
1594
953
1066
2104
2667
2096
1565
2179
3120
2871
1629
1138
2071
2946
2241
625
67
1134
2249
1800
122
-1129
-1064
-372
-226
-941
-1912
-2459
-2438
-2166
-2025
-2187
-2566
-2923
-3072
-3005
-2851
-2726
-2679
-2724
-2836
-2910
-2770
-2331
-1719
-1192
-927
-887
-871
-653
-40
995
2123
2666
2185
1225
1156
2739
4884
5482
3898
2132
2627
5107
6623
5280
2829
2445
4395
5629
4083
1695
1669
3736
4336
1763
-1086
-589
2398
3498
800
-2496
-2492
186
1508
-376
-2987
-3333
-1847
-1164
-2205
-3359
-3289
-2706
-2815
-3378
-3398
-2880
-2686
-2994
-3086
-2706
-2469
-2650
-2594
-1940
-1472
-1873
-2324
-1567
-39
484
-469
-1177
-196
1466
1854
968
629
1654
2720
2590
2008
2331
3211
3117
1876
1174
2088
3355
3038
1249
24
611
1889
1941
457
-1067
-1296
-540
-155
-911
-2282
-3184
-3123
-2543
-2249
-2607
-3296
-3711
-3580
-3148
-2836
-2803
-2906
-2978
-3000
-2937
-2608
-1894
-1030
-510
-597
-979
-976
-110
1429
2801
3081
2165
1164
1592
3728
5898
5950
3739
1689
2280
5043
6856
5634
3031
2429
4486
6122
4688
1810
1301
3682
5126
2828
-690
-913
2102
3536
660
-3109
-3016
286
1806
-615
-3614
-3541
-1466
-869
-2349
-3433
-2914
-2419
-3216
-4027
-3345
-2102
-2179
-3361
-3770
-2900
-2213
-2543
-2820
-2117
-1354
-1689
-2380
-1881
-486
-29
-947
-1431
-198
1435
1545
569
574
1981
2896
2134
1155
1821
3415
3580
1877
586
1464
3178
3164
1204
-310
336
1949
2146
408
-1479
-1794
-810
-140
-777
-2197
-3171
-3081
-2381
-2003
-2402
-3175
-3574
-3333
-2864
-2660
-2731
-2776
-2717
-2752
-2863
-2654
-1853
-806
-212
-366
-829
-874
-94
1349
2828
3536
3013
1788
1341
2792
5374
6692
5229
2457
1596
3847
6635
6598
3906
2154
3577
5907
5458
2437
874
2858
5224
3821
-391
-2318
180
3139
1993
-2003
-3618
-1076
1610
494
-2917
-4258
-2527
-889
-1673
-3428
-3779
-2968
-2807
-3534
-3787
-3191
-2927
-3542
-3953
-3315
-2473
-2496
-2880
-2511
-1684
-1636
-2319
-2264
-960
136
-169
-854
-226
1390
2093
1337
752
1579
2790
2806
2021
2084
3133
3447
2182
943
1551
3252
3584
1798
-52
100
1611
2115
669
-1206
-1667
-770
-91
-684
-2038
-2951
-2897
-2365
-2145
-2535
-3207
-3654
-3651
-3347
-3019
-2844
-2882
-3116
-3415
-3494
-3058
-2085
-974
-364
-634
-1421
-1677
-522
1727
3519
3434
1781
601
1706
4613
6730
6040
3534
2390
4327
7283
7648
4786
2091
2751
5484
6178
3546
1017
1886
4419
4164
525
-1950
97
3747
3575
-725
-3808
-2087
1376
1370
-2250
-4827
-3686
-1382
-1390
-3278
-4182
-3372
-2755
-3383
-3988
-3507
-2905
-3334
-4064
-3778
-2873
-2749
-3329
-3152
-1955
-1290
-1958
-2505
-1487
92
265
-725
-711
969
2345
1860
788
1208
2747
3246
2239
1721
2941
4296
3700
1837
1291
2776
4041
3046
809
-55
1132
2358
1669
-458
-1963
-1748
-714
-445
-1465
-2898
-3557
-3161
-2493
-2470
-3162
-3850
-3958
-3691
-3574
-3677
-3639
-3366
-3236
-3439
-3464
-2671
-1268
-341
-668
-1728
-2074
-772
1602
3392
3295
1602
159
835
3626
6257
6269
3865
2109
3544
6862
8153
5782
2704
2712
5324
6446
4190
1654
2401
5034
5005
1400
-1287
547
4179
4112
-186
-3441
-1919
1538
1737
-1694
-4319
-3365
-1117
-992
-2815
-3905
-3359
-2824
-3372
-3971
-3604
-3054
-3408
-4113
-3982
-3264
-3147
-3558
-3227
-2031
-1530
-2435
-3115
-1956
-24
355
-861
-1293
259
2025
2017
976
1020
2324
3075
2526
2129
3001
3945
3298
1719
1421
2874
3902
2671
308
-541
818
2292
1718
-523
-2185
-1934
-715
-379
-1530
-3078
-3686
-3175
-2470
-2433
-3064
-3748
-4033
-3983
-3876
-3788
-3618
-3392
-3329
-3447
-3315
-2462
-1128
-309
-747
-1870
-2079
-391
2273
3742
2804
715
175
2488
5866
7049
4890
1946
1806
4851
7571
6751
3597
2288
4438
6782
5620
2153
1001
3545
5623
3412
-701
-1174
2599
4982
1936
-3082
-3853
-49
2568
393
-3395
-3961
-1570
-352
-1962
-3842
-3738
-2808
-3038
-3974
-3974
-3237
-3326
-4283
-4477
-3423
-2698
-3289
-3870
-3008
-1672
-1761
-2911
-2870
-1069
325
-290
-1413
-727
1318
2229
1337
707
1767
3079
2783
1705
2070
3804
4372
2645
884
1622
3920
4504
2235
-326
-304
1819
2958
1297
-1629
-2924
-1700
85
24
-2012
-3902
-3899
-2613
-2051
-3045
-4411
-4682
-3937
-3381
-3605
-4025
-3955
-3547
-3311
-3202
-2680
-1618
-739
-862
-1751
-1978
-345
2454
4034
2835
351
-29
3062
6858
7319
4029
1053
2160
6128
8171
6010
2827
3042
6286
7801
5022
1386
1693
5178
6281
2562
-1431
-366
4084
5250
842
-3687
-2741
1642
2892
-872
-4703
-4180
-1184
-348
-2433
-4221
-3856
-2959
-3262
-3974
-3776
-3296
-3792
-4699
-4495
-3385
-3049
-3802
-4027
-2927
-1966
-2457
-3265
-2536
-776
-175
-1127
-1532
-71
1719
1833
849
884
2263
3173
2695
2208
2999
4013
3496
1957
1716
3444
4863
3733
1042
-137
1365
3278
2790
44
-2140
-1790
-51
441
-1194
-3240
-3722
-2756
-2097
-2767
-3952
-4346
-3861
-3469
-3700
-4042
-3898
-3523
-3528
-3802
-3510
-2311
-1062
-954
-2025
-2847
-1908
683
2995
3045
1000
-564
812
4510
7000
5668
2165
854
3593
7259
7534
4424
2236
3805
6640
6417
3119
1218
3360
6374
5522
1300
-917
1701
5276
4406
-331
-3108
-860
2639
2207
-1705
-4135
-2725
-467
-825
-3014
-3967
-3098
-2532
-3334
-4123
-3778
-3250
-3664
-4341
-4113
-3409
-3425
-3935
-3684
-2684
-2302
-2860
-2919
-1667
-466
-761
-1661
-1216
508
1512
969
432
1264
2506
2523
1695
1783
3029
3654
2645
1478
2018
3679
4108
2458
621
710
2287
2989
1549
-745
-1757
-1003
33
-177
-1532
-2681
-2726
-2127
-1959
-2605
-3456
-3771
-3514
-3186
-3106
-3163
-3196
-3261
-3337
-3073
-2182
-1076
-696
-1436
-2361
-1911
341
2807
3214
1134
-1055
-396
3223
6415
5847
2316
201
2326
6302
7339
4398
1678
3026
6562
7107
3507
580
2413
6215
5934
1032
-2229
515
5255
4999
-343
-3799
-1209
3087
2732
-1745
-4323
-2336
390
-177
-2776
-3773
-2816
-2453
-3499
-4105
-3388
-2971
-3955
-4863
-4163
-2959
-3146
-4159
-3900
-2366
-1782
-2892
-3577
-2239
-486
-619
-1898
-1649
493
1957
1184
-62
457
2128
2768
2141
2015
2966
3378
2296
1327
2273
4063
4009
1771
99
1062
3126
3235
921
-1237
-1137
277
625
-770
-2357
-2671
-2060
-1826
-2401
-3061
-3189
-3078
-3297
-3737
-3793
-3323
-2935
-3148
-3571
-3329
-2201
-1013
-765
-1488
-2099
-1419
583
2490
2609
858
-602
636
4194
6623
5175
1535
348
3505
7389
7296
3674
1651
4053
7373
6624
2508
643
3565
6829
5172
195
-1600
2008
5627
3733
-1570
-3528
-170
3240
1817
-2401
-3964
-1736
278
-791
-3064
-3548
-2543
-2352
-3355
-3903
-3487
-3467
-4416
-4934
-4046
-2985
-3217
-4007
-3674
-2441
-2058
-2826
-3013
-1762
-632
-1107
-2042
-1325
756
1817
961
62
829
2294
2562
1839
1928
3125
3604
2370
1111
1844
3782
4198
2239
237
585
2521
3189
1403
-930
-1399
-74
862
-17
-1810
-2728
-2309
-1658
-1814
-2601
-3200
-3312
-3270
-3329
-3325
-3141
-3026
-3186
-3311
-2854
-1789
-827
-747
-1544
-2233
-1622
472
2646
2943
989
-1027
-319
3177
6161
5571
2502
1230
3868
7372
7266
3621
1195
3106
6509
6519
3156
1401
3921
6879
5280
506
-1167
2518
6202
4217
-1378
-3581
-163
3480
2094
-2427
-4358
-2215
0
-879
-3198
-3863
-2946
-2701
-3676
-4282
-3802
-3425
-3945
-4430
-4008
-3452
-3728
-4172
-3610
-2537
-2446
-3241
-3170
-1680
-554
-1177
-2167
-1353
809
1763
656
-412
415
2101
2566
1897
1859
2799
3118
2128
1471
2575
4100
3660
1433
162
1332
3043
2644
321
-1314
-775
583
660
-737
-2085
-2330
-1959
-1960
-2480
-2917
-2939
-2898
-3238
-3785
-3962
-3596
-3181
-3192
-3346
-2927
-1874
-1085
-1349
-2164
-2084
-357
1983
2956
1705
-289
-378
2403
5748
6161
3102
262
1479
5732
7977
5573
1989
2257
5980
7710
4676
943
1750
5812
6882
2707
-1465
-172
4433
5520
1209
-2842
-1473
2882
3892
124
-3533
-3066
-413
157
-1891
-3552
-3217
-2470
-2875
-3613
-3427
-2956
-3471
-4484
-4494
-3563
-3224
-3871
-4109
-3201
-2439
-2944
-3618
-2842
-1307
-1110
-2342
-2664
-858
1158
1114
-271
-511
898
2013
1724
1361
2213
3185
2536
944
848
2788
4256
3093
613
-31
1889
3628
2547
-461
-2124
-898
1220
1311
-930
-3091
-3202
-1966
-1445
-2309
-3324
-3370
-2891
-2916
-3425
-3541
-3036
-2670
-2905
-3069
-2350
-1150
-737
-1531
-2324
-1561
761
2775
2551
329
-1294
103
3816
6239
4785
1289
261
3389
7094
6884
3312
1419
3916
7279
6536
2424
626
3669
6969
5149
-24
-1742
2225
6104
4118
-1352
-3142
631
4199
2475
-2130
-3729
-1240
967
-148
-2590
-3235
-2355
-2209
-3107
-3451
-2858
-2719
-3563
-4100
-3527
-2957
-3432
-4032
-3482
-2496
-2703
-3770
-3675
-1967
-749
-1490
-2629
-1872
263
1178
96
-867
56
1790
2303
1654
1489
2172
2334
1455
1087
2462
4161
3740
1294
-308
822
2988
3088
683
-1518
-1239
558
1181
-306
-2188
-2586
-1749
-1301
-1944
-2803
-2943
-2650
-2762
-3304
-3503
-3051
-2616
-2803
-3131
-2637
-1349
-513
-1081
-2354
-2554
-773
1872
3171
1998
-335
-1061
1260
4806
5995
3542
430
684
4272
6825
5251
2000
1816
5043
6963
4518
940
1276
4950
6284
2663
-1357
-253
4513
6265
2288
-2445
-2183
1893
3724
796
-2950
-3111
-599
488
-1183
-3111
-3255
-2617
-2848
-3528
-3372
-2705
-2882
-3844
-4158
-3426
-2911
-3339
-3701
-3100
-2391
-2681
-3253
-2631
-1191
-798
-1777
-2138
-591
1298
1330
-80
-574
713
2175
2345
1792
1739
2123
2183
2089
2565
3233
2820
1275
361
1309
2852
2712
679
-1054
-808
457
620
-735
-2041
-2098
-1568
-1718
-2531
-2958
-2641
-2430
-3006
-3807
-3855
-3195
-2811
-3208
-3677
-3228
-1910
-843
-995
-2062
-2606
-1403
1137
2973
2351
-15
-1166
971
4796
6358
3955
577
635
4475
7637
6317
2325
853
3656
6719
5790
2337
1446
4410
6588
4032
-452
-907
3210
5870
2799
-2401
-3184
940
4010
1981
-2199
-3392
-1240
386
-611
-2327
-2599
-2058
-2283
-3022
-3066
-2598
-2807
-3647
-3866
-3219
-2943
-3567
-3874
-2950
-1919
-2262
-3314
-3126
-1557
-647
-1496
-2451
-1531
530
1298
169
-839
-78
1544
2166
1626
1227
1535
1872
1903
2248
3047
3195
2016
750
1088
2578
2965
1312
-612
-781
344
691
-427
-1602
-1643
-1211
-1511
-2367
-2626
-2060
-1758
-2483
-3557
-3810
-3127
-2452
-2456
-2733
-2469
-1567
-834
-1038
-1910
-2219
-978
1321
2850
2139
-156
-1466
192
3773
5823
4200
905
125
3127
6339
5767
2435
1236
4134
7082
5573
1337
212
3684
6380
3716
-1161
-1621
2822
5583
2401
-2552
-2685
1706
4174
1324
-2956
-3598
-1136
179
-1165
-2688
-2541
-2013
-2674
-3641
-3404
-2620
-2976
-4192
-4404
-3295
-2643
-3350
-3949
-3147
-2132
-2619
-3804
-3430
-1489
-502
-1634
-2745
-1620
604
1148
-210
-924
401
2101
2213
1301
1144
1876
2186
1803
1847
2617
2794
1640
548
1119
2593
2731
1041
-494
-248
837
793
-543
-1544
-1322
-872
-1351
-2310
-2510
-1878
-1626
-2425
-3421
-3478
-2739
-2316
-2673
-3035
-2520
-1334
-538
-828
-1774
-2185
-1142
1054
2779
2386
105
-1551
-144
3634
6089
4577
1003
-40
3111
6825
6634
3115
1256
3690
6932
6162
2185
571
3678
6873
4896
-346
-2025
2000
5877
3840
-1695
-3576
73
3568
1965
-2340
-3727
-1374
454
-860
-3070
-3314
-2309
-2358
-3381
-3538
-2715
-2663
-3787
-4352
-3475
-2686
-3288
-4057
-3321
-1960
-2081
-3399
-3449
-1572
-191
-1046
-2327
-1423
927
1680
166
-884
503
2665
2931
1481
672
1402
2242
2099
1778
2193
2630
2033
987
954
1921
2283
1203
-178
-460
84
170
-522
-1104
-1062
-1009
-1558
-2245
-2258
-1761
-1756
-2635
-3572
-3608
-2920
-2515
-2855
-3252
-2795
-1562
-619
-803
-1733
-2120
-1035
1101
2723
2434
459
-1152
-243
2999
5647
4941
1742
32
2220
5860
6526
3648
1440
3136
6313
6155
2465
311
2863
6491
5593
703
-1852
1242
5449
4601
-486
-3211
-443
3378
2754
-1398
-3697
-2011
330
30
-1873
-2620
-2089
-2145
-3055
-3270
-2455
-2222
-3301
-4168
-3553
-2572
-2816
-3663
-3390
-2197
-1936
-2900
-3130
-1640
-261
-853
-2201
-1748
392
1465
237
-1138
-367
1659
2420
1513
849
1447
2103
1775
1407
2187
3210
2667
824
-7
1208
2576
1904
-228
-1370
-617
412
131
-951
-1422
-1162
-1209
-1903
-2393
-2135
-1837
-2372
-3394
-3775
-3168
-2440
-2432
-2864
-2796
-1917
-971
-890
-1694
-2363
-1752
256
2392
2897
1213
-1000
-1058
1897
5351
5717
2604
-142
1164
5196
6976
4404
1295
2228
5958
6946
3369
95
1801
5898
5942
1071
-2347
294
5048
4874
-384
-3866
-1404
2937
3012
-1007
-3692
-2324
105
78
-1717
-2518
-1971
-1887
-2752
-3128
-2487
-2224
-3154
-3949
-3342
-2336
-2588
-3572
-3385
-2000
-1525
-2785
-3754
-2626
-755
-643
-1993
-2095
-102
1521
717
-990
-769
1315
2530
1572
277
663
2101
2631
1921
1342
1584
1821
1389
921
1159
1622
1338
376
-302
-312
-262
-619
-1010
-1010
-971
-1446
-2161
-2324
-1863
-1648
-2242
-3032
-3072
-2443
-2123
-2581
-3069
-2623
-1375
-480
-797
-1909
-2468
-1442
846
2747
2611
552
-1160
-147
3291
5956
5112
1898
369
2682
6199
6568
3334
755
2252
5686
6116
2688
43
1829
5304
5070
994
-1276
1565
5367
4202
-1036
-3679
-628
3444
2861
-1324
-3531
-1707
589
83
-1905
-2494
-1776
-1838
-2904
-3237
-2418
-2088
-3015
-3748
-3153
-2370
-2799
-3590
-3068
-1750
-1718
-3128
-3661
-2130
-522
-1004
-2459
-2106
179
1535
365
-1296
-815
1275
2311
1421
423
801
1725
1810
1375
1619
2406
2420
1379
607
1031
1753
1442
308
-308
22
329
-147
-896
-1135
-1059
-1366
-2002
-2245
-1940
-1821
-2342
-2917
-2790
-2194
-2029
-2580
-3116
-2848
-1831
-810
-493
-1041
-1901
-2000
-598
1662
2887
1779
-560
-1331
942
4423
5624
3377
491
693
4072
6706
5501
2319
1678
4585
6912
5077
1376
1025
4578
6684
3610
-1045
-1109
3328
5794
2505
-2316
-2496
1479
3539
754
-3030
-3201
-630
503
-1051
-2678
-2517
-1871
-2354
-3235
-3107
-2481
-2773
-3748
-3919
-3148
-2848
-3457
-3613
-2556
-1665
-2295
-3370
-2900
-1180
-486
-1530
-2286
-1105
685
797
-492
-798
732
2191
1853
653
586
1741
2457
2002
1476
1820
2339
1961
1036
778
1405
1865
1428
585
126
77
6
-176
-316
-603
-1341
-2253
-2610
-2223
-1797
-2015
-2659
-2963
-2658
-2272
-2372
-2826
-2960
-2333
-1265
-590
-869
-1726
-2008
-820
1406
2958
2415
375
-679
1091
4441
5918
3812
669
625
4209
7249
5950
1950
421
3278
6500
5511
1545
63
3100
6186
4480
-236
-1774
1796
5254
3447
-1471
-3112
183
3275
1690
-2353
-3665
-1430
441
-554
-2512
-2897
-2274
-2509
-3372
-3282
-2386
-2375
-3497
-4071
-3334
-2688
-3170
-3606
-2708
-1539
-1940
-3333
-3355
-1592
-383
-1197
-2278
-1358
730
1266
-183
-1075
281
2256
2409
1032
470
1575
2718
2469
1594
1522
2060
1932
999
504
1076
1726
1353
309
-294
-232
-233
-671
-1109
-1215
-1340
-1806
-2237
-2155
-1832
-1949
-2535
-2873
-2540
-2029
-2059
-2614
-3010
-2722
-1874
-995
-622
-997
-1752
-1882
-564
1663
2946
2021
26
-296
2260
5529
6092
3369
694
1542
5158
7208
5119
1530
1060
4237
6642
4823
1135
604
3806
5810
3098
-1155
-1295
2766
5189
2352
-2070
-2366
1245
3265
843
-2642
-2942
-775
77
-1448
-2858
-2536
-1902
-2494
-3402
-3180
-2483
-2852
-3915
-3955
-2871
-2413
-3221
-3711
-2787
-1816
-2405
-3579
-3170
-1358
-544
-1578
-2318
-972
986
999
-627
-1136
558
2339
2123
816
684
1946
2772
2230
1486
1719
2351
2229
1517
1280
1677
1774
1099
318
86
116
-147
-566
-709
-731
-1133
-1802
-2058
-1735
-1549
-2082
-2931
-3260
-2906
-2461
-2428
-2710
-2891
-2655
-1939
-1020
-549
-1013
-1936
-1999
-433
1793
2690
1407
-569
-758
1653
4660
5339
3089
634
1134
4318
6507
5125
2193
1801
4453
6167
4098
906
1147
4454
5660
2274
-1495
-520
3719
4985
1128
-2862
-1972
1920
3078
7
-3075
-2686
-509
-50
-1544
-2545
-2145
-1866
-2595
-3159
-2656
-2160
-2869
-3957
-3859
-2842
-2536
-3231
-3470
-2595
-1934
-2550
-3301
-2575
-1021
-690
-1762
-2116
-616
991
678
-718
-716
1063
2395
1818
685
918
2188
2736
2167
1788
2271
2634
1992
1078
1095
1873
2201
1620
834
415
91
-429
-780
-647
-519
-1043
-1944
-2313
-1933
-1606
-1982
-2639
-2752
-2256
-1876
-2116
-2672
-2882
-2425
-1500
-653
-474
-1133
-1956
-1749
-24
2123
2784
1270
-803
-899
1680
4662
5013
2447
160
1259
4803
6641
4635
1657
1910
5080
6534
3838
526
1276
4999
6018
2200
-1625
-342
4036
5040
862
-3151
-2101
1814
2857
-171
-2945
-2246
-25
290
-1294
-2334
-2149
-2257
-3181
-3491
-2535
-1858
-2724
-3937
-3741
-2658
-2557
-3511
-3710
-2562
-1758
-2449
-3204
-2288
-605
-415
-1700
-2049
-392
1247
794
-688
-613
1250
2523
1800
588
875
2263
2872
2210
1584
1827
2144
1662
916
921
1514
1662
1075
493
385
307
-131
-520
-468
-479
-1229
-2297
-2540
-1772
-1200
-1826
-3061
-3531
-2888
-2144
-2234
-2910
-3229
-2722
-1740
-943
-756
-1169
-1680
-1480
-132
1709
2558
1577
-134
-274
2145
5192
5733
3138
531
1382
5058
7192
5085
1408
945
4214
6630
4720
1022
598
3828
5755
3188
-535
-229
3560
5111
1658
-2603
-2384
1368
3109
508
-2838
-3015
-963
-204
-1561
-2810
-2669
-2332
-2817
-3238
-2730
-2245
-2919
-3944
-3809
-2860
-2748
-3585
-3665
-2386
-1501
-2367
-3587
-3018
-1163
-482
-1585
-2274
-987
730
610
-806
-959
855
2453
2003
595
458
1765
2707
2299
1555
1654
2244
2277
1661
1182
1194
1286
1133
888
659
273
-186
-262
59
8
-935
-2052
-2183
-1388
-992
-1783
-2908
-3052
-2219
-1635
-2048
-2859
-3041
-2392
-1515
-984
-936
-1281
-1737
-1675
-479
1542
2920
2336
323
-783
813
4064
5771
4107
1073
486
3321
6174
5382
1931
434
2985
6061
5212
1400
-118
2754
5732
4207
74
-821
2754
5366
2673
-2208
-3081
584
3189
1115
-2591
-3223
-1002
153
-1274
-2921
-2867
-2242
-2590
-3199
-2800
-2126
-2665
-3896
-3981
-2893
-2558
-3623
-4285
-3253
-1975
-2311
-3412
-3038
-1257
-466
-1560
-2384
-1104
831
861
-721
-1166
592
2386
2078
568
261
1593
2728
2407
1475
1299
1866
2204
1930
1519
1347
1261
1078
877
681
333
-141
-430
-432
-555
-1134
-1820
-1961
-1579
-1473
-2173
-3117
-3283
-2519
-1822
-2114
-3083
-3576
-2988
-1885
-1182
-1146
-1434
-1710
-1722
-1032
579
2247
2394
708
-749
492
4021
6347
4860
1362
321
3379
7021
6802
3073
689
2701
6226
6261
2546
73
2158
5653
5261
1159
-1050
1653
5153
3925
-1008
-3422
-645
2876
2086
-1794
-3651
-1878
112
-534
-2416
-2941
-2309
-2371
-3212
-3364
-2704
-2658
-3506
-3748
-2788
-2204
-3155
-4211
-3515
-1892
-1689
-3005
-3436
-1900
-431
-964
-2213
-1663
433
1347
77
-1103
-49
2125
2828
1721
852
1444
2445
2538
2056
1991
2234
2023
1494
1474
1934
1874
999
328
610
1060
543
-622
-1104
-611
-367
-1234
-2398
-2583
-1936
-1787
-2689
-3630
-3485
-2558
-2103
-2654
-3463
-3583
-2961
-2199
-1675
-1353
-1273
-1600
-2018
-1583
194
2253
2694
1017
-756
4
3326
6098
5423
2241
538
2613
6101
6773
3903
1281
2260
5264
5898
3035
541
1944
5306
5700
2168
-669
975
4538
4528
290
-2970
-1467
1996
2252
-995
-3311
-2176
-99
-281
-2098
-2921
-2406
-2350
-3207
-3494
-2733
-2455
-3449
-4213
-3462
-2449
-2948
-4170
-3912
-2209
-1409
-2423
-3219
-2120
-526
-654
-1945
-1946
-219
987
309
-616
226
2107
2689
1534
593
1230
2439
2626
1907
1567
2015
2446
2307
1968
1813
1607
1162
860
958
921
191
-786
-1095
-770
-801
-1588
-2267
-2037
-1464
-1702
-2789
-3560
-3252
-2461
-2217
-2678
-3149
-3095
-2636
-2106
-1599
-1135
-972
-1364
-1934
-1674
15
2237
3051
1559
-594
-570
2403
5644
5774
2789
415
1774
5440
7048
4755
1646
1712
4553
5975
3881
1312
2148
5323
6020
2567
-778
409
4305
5124
1169
-2738
-1944
1729
2827
-162
-3266
-3004
-814
-164
-1572
-2773
-2635
-2350
-2829
-3239
-2878
-2636
-3354
-4114
-3645
-2574
-2537
-3453
-3564
-2358
-1551
-2328
-3272
-2504
-735
-270
-1417
-1981
-697
809
612
-490
-259
1472
2538
1737
536
777
2081
2732
2265
1781
1982
2285
2097
1801
1916
2113
1822
1225
916
869
559
-37
-346
-246
-365
-1069
-1748
-1725
-1365
-1606
-2555
-3297
-3171
-2612
-2436
-2764
-3089
-3100
-2976
-2855
-2537
-1871
-1206
-1122
-1679
-2131
-1522
284
2194
2695
1357
-416
-467
1895
4804
5524
3546
1526
2360
5463
7132
5161
1946
1571
4286
6020
4020
913
1132
4443
5944
2968
-889
-628
3069
4717
1700
-2140
-2011
1231
2645
233
-2722
-2758
-858
-297
-1760
-3030
-2804
-2302
-2719
-3309
-3058
-2617
-3051
-3776
-3486
-2556
-2591
-3638
-3845
-2466
-1314
-2011
-3284
-2859
-1065
-382
-1510
-2213
-827
1074
1060
-455
-863
742
2378
2221
1095
936
1976
2782
2559
2049
2085
2409
2389
2101
2016
2062
1763
1147
799
890
815
122
-690
-856
-518
-580
-1351
-2050
-1974
-1586
-1859
-2810
-3423
-3078
-2400
-2350
-2935
-3361
-3198
-2819
-2635
-2451
-1900
-1187
-952
-1394
-1828
-1309
329
2077
2527
1288
-277
-91
2363
5019
5214
2938
1288
2849
6164
7204
4537
1496
1968
5114
6385
3808
831
1487
4548
5174
1942
-911
499
3995
4295
495
-2685
-1561
1565
1997
-845
-3217
-2673
-1006
-944
-2332
-3189
-2994
-2898
-3307
-3371
-2907
-2959
-3851
-4285
-3425
-2520
-3044
-4168
-3858
-2140
-1265
-2250
-3233
-2330
-574
-257
-1292
-1386
283
1706
1181
-23
361
2131
2988
2041
1005
1465
2650
2909
2274
2107
2765
3144
2589
1913
1970
2268
1849
898
417
627
688
114
-511
-615
-637
-1285
-2262
-2592
-2108
-1780
-2352
-3283
-3545
-3027
-2576
-2744
-3164
-3265
-3095
-3044
-3061
-2646
-1676
-808
-790
-1518
-1991
-1269
556
2280
2565
1243
-180
289
2953
5590
5528
2859
792
2037
5305
6683
4633
2114
2627
5315
6061
3363
722
1787
4954
5372
1847
-1217
66
3493
3804
76
-3059
-1969
1110
1559
-1218
-3539
-2949
-1173
-961
-2281
-3218
-3166
-3160
-3626
-3753
-3251
-3010
-3457
-3675
-3024
-2452
-2969
-3739
-3211
-1736
-1266
-2301
-2925
-1714
-35
-2
-1191
-1276
371
1713
1198
98
496
2161
3058
2446
1757
2205
3091
3196
2708
2630
2984
2868
2092
1574
1818
2054
1489
593
368
750
716
-98
-854
-855
-655
-1172
-2225
-2734
-2310
-1834
-2217
-3141
-3572
-3184
-2687
-2782
-3292
-3558
-3343
-3011
-2908
-2877
-2505
-1693
-893
-705
-1179
-1531
-790
1049
2659
2568
913
-295
854
3871
6023
5192
2441
1094
2928
5901
6484
4106
2005
3005
5593
5874
3090
934
2373
5143
4724
940
-1443
587
3838
3324
-684
-3139
-1397
1348
976
-1893
-3455
-2377
-1057
-1509
-2766
-3159
-2977
-3344
-3921
-3611
-2773
-2822
-3782
-4080
-3129
-2374
-2948
-3740
-3161
-1761
-1410
-2278
-2529
-1278
-60
-395
-1333
-911
760
1626
846
57
854
2437
2951
2247
1862
2540
3259
3081
2602
2769
3192
2810
1775
1390
2059
2522
1694
329
-49
628
944
108
-985
-1222
-908
-1145
-2078
-2712
-2481
-2097
-2454
-3289
-3601
-3086
-2509
-2604
-3161
-3474
-3274
-2910
-2752
-2748
-2580
-2028
-1209
-565
-550
-1057
-1198
-84
1975
3395
2907
1230
629
2452
5356
6516
4784
2202
1833
4160
6417
5944
3543
2439
3926
5559
4583
1991
1283
3344
4836
2871
-547
-1042
1864
3788
1528
-2414
-3313
-711
1261
-203
-3078
-3925
-2595
-1637
-2263
-3197
-3316
-3225
-3600
-3770
-3072
-2393
-2872
-3869
-3773
-2578
-1962
-2618
-3154
-2392
-1332
-1491
-2328
-2022
-476
373
-397
-1110
-27
1900
2380
1227
598
1742
3252
3343
2437
2213
2937
3310
2759
2314
2773
3313
2834
1803
1577
2256
2473
1448
158
-119
417
523
-268
-1162
-1428
-1349
-1563
-2054
-2320
-2267
-2347
-2820
-3317
-3376
-3079
-2899
-3040
-3211
-3067
-2697
-2482
-2601
-2794
-2619
-1892
-872
-116
-68
-612
-943
-171
1698
3418
3526
1974
508
1051
3547
5750
5556
3453
2147
3411
5821
6408
4460
2531
3042
4905
5023
2785
1110
2208
4099
3268
-67
-1861
121
2936
2380
-1215
-3529
-2220
166
96
-2225
-3755
-3098
-1919
-1983
-2843
-3200
-3054
-3230
-3646
-3504
-2890
-2806
-3460
-3782
-3115
-2308
-2343
-2745
-2432
-1614
-1474
-2077
-2033
-720
487
175
-846
-641
955
2086
1664
926
1443
2769
3262
2615
2132
2575
3087
2762
2162
2348
3062
3002
1815
755
973
1880
1938
706
-631
-846
-170
181
-413
-1379
-1871
-1814
-1767
-2050
-2405
-2524
-2514
-2670
-2970
-3086
-2880
-2614
-2591
-2733
-2717
-2422
-2097
-2008
-2084
-2000
-1533
-797
-173
-12
-284
-433
244
1806
3258
3353
2069
1041
1967
4496
6235
5333
2808
1622
3220
5695
6069
4022
2271
2947
4726
4686
2456
824
1775
3517
2918
97
-1531
-74
2003
1250
-1866
-3574
-2059
144
-151
-2501
-3893
-3094
-1877
-1980
-2837
-3088
-2816
-2940
-3360
-3195
-2555
-2524
-3262
-3547
-2737
-1905
-2132
-2693
-2222
-1030
-687
-1435
-1666
-472
767
456
-681
-616
932
2121
1776
998
1275
2250
2552
2063
1944
2602
3020
2474
1763
1959
2696
2694
1676
776
898
1496
1422
464
-496
-697
-347
-198
-640
-1395
-1957
-2134
-2122
-2163
-2292
-2402
-2499
-2671
-2863
-2879
-2685
-2523
-2582
-2702
-2608
-2337
-2168
-2164
-2075
-1730
-1245
-732
-151
376
442
-45
-322
542
2313
3469
2861
1281
811
2474
4900
5729
4276
2423
2516
4566
6116
5206
2881
1933
3248
4595
3711
1551
993
2624
3663
1901
-920
-1345
860
2238
425
-2557
-3182
-1247
161
-865
-2745
-3131
-2180
-1752
-2448
-3109
-2977
-2697
-2869
-2979
-2514
-2093
-2460
-3081
-2871
-1994
-1676
-2190
-2328
-1367
-386
-673
-1622
-1517
-96
1000
633
-232
-51
1065
1705
1333
932
1356
2090
2206
1805
1733
2189
2465
2115
1671
1802
2238
2111
1216
373
363
882
921
70
-956
-1219
-714
-348
-808
-1768
-2386
-2328
-2042
-2049
-2319
-2491
-2469
-2508
-2736
-2903
-2734
-2357
-2179
-2371
-2626
-2509
-1995
-1506
-1443
-1690
-1694
-1080
-129
451
268
-271
-288
716
2285
3281
2909
1626
924
1899
3919
5054
4195
2494
2137
3669
5207
4791
2936
1964
2884
4040
3448
1633
900
1977
2838
1560
-762
-1363
294
1628
464
-1948
-2701
-1240
70
-623
-2280
-2792
-1964
-1332
-1685
-2231
-2247
-2140
-2397
-2563
-2142
-1683
-1943
-2494
-2285
-1442
-1220
-1963
-2369
-1477
-311
-421
-1463
-1637
-403
691
352
-551
-386
806
1517
1113
632
1035
1788
1868
1384
1283
1805
2177
1872
1371
1349
1664
1663
1162
629
501
693
800
530
-99
-756
-991
-668
-253
-398
-1134
-1759
-1706
-1285
-1255
-1802
-2351
-2400
-2134
-2037
-2175
-2243
-2118
-2040
-2146
-2202
-1965
-1600
-1497
-1733
-1894
-1532
-675
171
479
149
-375
-411
422
1779
2740
2574
1541
839
1494
3227
4543
4225
2722
1767
2441
3885
4315
3237
2058
2203
3190
3320
2101
1005
1361
2327
2010
267
-893
-88
1353
1135
-819
-2244
-1643
-224
-58
-1301
-2306
-2090
-1417
-1339
-1748
-1951
-1880
-1942
-2113
-1987
-1641
-1601
-1940
-2090
-1799
-1582
-1819
-1998
-1518
-793
-762
-1405
-1655
-968
-148
-139
-625
-571
181
731
546
230
516
1148
1353
1049
909
1275
1680
1625
1317
1277
1541
1682
1481
1181
1038
988
868
687
483
184
-204
-437
-342
-201
-483
-1142
-1555
-1336
-918
-1030
-1706
-2229
-2097
-1652
-1538
-1821
-2025
-1886
-1694
-1760
-1922
-1830
-1521
-1390
-1593
-1793
-1548
-855
-149
114
-141
-543
-533
187
1316
2107
2017
1272
749
1196
2492
3664
3741
2780
1941
2306
3579
4298
3606
2404
2214
3095
3532
2607
1400
1455
2418
2430
883
-491
-23
1402
1492
-208
-1658
-1201
165
317
-1037
-2191
-1984
-1194
-1072
-1583
-1864
-1740
-1782
-2154
-2321
-2047
-1831
-2040
-2281
-2098
-1790
-1886
-2166
-1952
-1301
-1071
-1594
-2050
-1616
-717
-397
-771
-912
-324
319
277
-70
209
1143
1774
1539
1026
1067
1591
1896
1738
1545
1636
1771
1655
1425
1324
1251
999
702
642
671
351
-286
-634
-383
-102
-490
-1322
-1693
-1296
-875
-1178
-1927
-2247
-1884
-1465
-1573
-2005
-2199
-2018
-1829
-1903
-2078
-2073
-1890
-1752
-1785
-1855
-1737
-1342
-820
-461
-447
-621
-555
51
1013
1760
1857
1440
1140
1520
2515
3410
3491
2841
2362
2809
3819
4251
3605
2722
2704
3398
3583
2724
1807
1943
2676
2532
1172
25
339
1373
1363
-37
-1283
-1072
-69
135
-811
-1747
-1758
-1280
-1215
-1625
-1904
-1853
-1863
-2130
-2307
-2140
-1912
-1945
-2084
-2016
-1863
-1943
-2112
-1895
-1332
-1081
-1450
-1814
-1465
-682
-345
-637
-802
-326
294
370
95
233
916
1457
1394
1129
1255
1695
1925
1800
1666
1720
1723
1475
1194
1179
1318
1244
866
483
339
325
209
-22
-225
-372
-584
-864
-1027
-953
-837
-983
-1399
-1745
-1746
-1529
-1438
-1604
-1829
-1909
-1875
-1864
-1896
-1885
-1818
-1770
-1767
-1743
-1655
-1515
-1315
-1020
-700
-520
-499
-391
68
775
1313
1395
1199
1198
1703
2539
3167
3163
2684
2405
2803
3526
3728
3124
2428
2449
2980
3082
2434
1825
1975
2398
2054
931
197
572
1246
955
-235
-1038
-727
-72
-174
-973
-1508
-1342
-1036
-1165
-1537
-1661
-1548
-1588
-1851
-2028
-2002
-2017
-2177
-2218
-1989
-1789
-1914
-2119
-1943
-1464
-1238
-1446
-1572
-1183
-597
-407
-576
-533
-75
348
380
310
567
1014
1208
1134
1208
1557
1781
1610
1389
1574
2011
2133
1763
1350
1320
1545
1587
1274
821
512
440
503
498
236
-251
-678
-788
-693
-745
-1081
-1452
-1586
-1552
-1608
-1805
-1954
-1959
-1961
-2102
-2279
-2301
-2165
-2056
-2089
-2167
-2130
-1971
-1816
-1726
-1623
-1390
-1027
-674
-473
-404
-249
209
916
1501
1624
1407
1410
2029
2953
3420
3086
2492
2463
3126
3734
3605
2967
2632
2908
3201
2858
2106
1776
2118
2384
1840
859
500
1023
1437
817
-387
-920
-425
97
-293
-1238
-1711
-1461
-1193
-1414
-1803
-1892
-1812
-1940
-2209
-2247
-2067
-2047
-2274
-2377
-2149
-1891
-1885
-1904
-1622
-1234
-1196
-1428
-1355
-800
-342
-475
-825
-656
38
534
435
218
459
984
1205
1054
1073
1535
1974
1854
1385
1255
1696
2158
2025
1382
878
956
1398
1604
1228
514
44
161
568
608
-1
-778
-1016
-652
-375
-742
-1454
-1774
-1506
-1232
-1473
-1986
-2152
-1862
-1613
-1781
-2116
-2172
-1952
-1854
-2041
-2220
-2076
-1717
-1501
-1537
-1560
-1294
-793
-361
-206
-223
-100
365
1038
1547
1620
1399
1355
1815
2578
3078
2969
2549
2467
2967
3562
3580
2994
2477
2549
2901
2857
2337
1976
2163
2392
1963
1066
608
931
1250
734
-278
-714
-268
174
-205
-1057
-1463
-1237
-1040
-1303
-1679
-1742
-1659
-1823
-2155
-2269
-2147
-2155
-2373
-2433
-2132
-1814
-1813
-1914
-1717
-1349
-1282
-1531
-1542
-1036
-473
-390
-622
-588
-169
203
282
339
617
880
847
746
1014
1570
1840
1583
1250
1331
1696
1880
1786
1685
1654
1475
1172
1151
1527
1698
1099
152
-114
523
1039
480
-708
-1237
-695
-80
-417
-1423
-1993
-1691
-1203
-1293
-1839
-2172
-2047
-1850
-1928
-2135
-2150
-1994
-1950
-2108
-2217
-2052
-1745
-1618
-1758
-1893
-1703
-1186
-668
-470
-576
-647
-343
339
1039
1368
1303
1228
1538
2232
2884
3096
2915
2783
3030
3495
3711
3468
3073
2954
3090
3057
2644
2204
2163
2338
2119
1357
697
748
1174
1091
285
-463
-458
-57
-125
-791
-1334
-1275
-1026
-1189
-1669
-1920
-1815
-1764
-1995
-2229
-2207
-2111
-2188
-2306
-2205
-2019
-2075
-2295
-2226
-1761
-1380
-1446
-1646
-1461
-968
-702
-801
-795
-367
119
184
-10
123
707
1211
1206
951
987
1414
1847
1970
1854
1714
1655
1726
1972
2274
2304
1876
1292
1099
1436
1806
1617
889
266
278
696
764
76
-888
-1271
-879
-453
-752
-1598
-2103
-1856
-1418
-1516
-2050
-2349
-2176
-2015
-2258
-2594
-2530
-2173
-2090
-2436
-2706
-2462
-1946
-1719
-1893
-2046
-1819
-1321
-886
-663
-553
-402
-125
296
790
1208
1456
1619
1886
2330
2838
3211
3328
3232
3151
3325
3730
3991
3779
3271
2980
3081
3161
2829
2326
2160
2286
2128
1485
910
891
1058
712
-76
-516
-284
-42
-434
-1120
-1340
-1091
-1098
-1642
-2127
-2044
-1766
-1930
-2425
-2619
-2374
-2224
-2450
-2644
-2432
-2117
-2155
-2350
-2160
-1625
-1362
-1567
-1662
-1200
-598
-480
-704
-590
-21
405
341
226
540
1023
1131
922
944
1326
1593
1472
1358
1651
2048
1963
1461
1243
1651
2149
2009
1266
655
721
1228
1486
1084
276
-279
-162
336
450
-220
-1151
-1440
-933
-474
-845
-1728
-2134
-1735
-1282
-1504
-2136
-2365
-2023
-1756
-2013
-2402
-2329
-1890
-1721
-2059
-2416
-2258
-1700
-1301
-1347
-1569
-1540
-1161
-661
-292
-94
64
301
626
988
1351
1694
1939
2040
2119
2409
2921
3285
3152
2741
2675
3162
3608
3360
2648
2333
2695
3010
2588
1812
1587
1964
2034
1308
524
568
1120
1090
225
-519
-434
-69
-326
-1068
-1406
-1124
-983
-1478
-2089
-2152
-1875
-1907
-2262
-2386
-2176
-2142
-2467
-2609
-2205
-1763
-1895
-2286
-2127
-1399
-946
-1163
-1391
-987
-335
-198
-491
-435
154
576
383
107
411
1040
1229
897
724
1082
1515
1507
1254
1284
1629
1851
1758
1600
1589
1626
1622
1684
1796
1627
1057
592
799
1381
1371
435
-521
-460
350
613
-278
-1426
-1624
-941
-543
-1095
-1949
-2134
-1674
-1436
-1867
-2440
-2473
-2080
-1936
-2281
-2614
-2449
-2006
-1902
-2291
-2656
-2495
-1932
-1514
-1529
-1728
-1711
-1386
-978
-685
-476
-226
75
336
565
910
1438
1940
2103
1956
1958
2465
3191
3453
3055
2632
2872
3553
3777
3214
2598
2729
3299
3298
2495
1826
2049
2604
2392
1391
727
1037
1557
1245
277
-294
-94
118
-301
-963
-1162
-985
-1074
-1559
-1914
-1870
-1820
-2096
-2399
-2336
-2116
-2196
-2478
-2450
-2074
-1911
-2195
-2392
-2020
-1457
-1372
-1664
-1599
-982
-486
-620
-939
-763
-217
21
-173
-209
236
704
712
515
659
1100
1309
1149
1063
1316
1583
1541
1426
1613
1931
1871
1421
1178
1528
2057
2081
1503
895
783
1101
1329
1038
314
-301
-306
179
416
-145
-1127
-1578
-1154
-606
-818
-1648
-2152
-1896
-1489
-1646
-2178
-2366
-2057
-1846
-2122
-2479
-2355
-1896
-1753
-2147
-2572
-2473
-1940
-1516
-1508
-1699
-1700
-1395
-987
-716
-600
-442
-95
332
618
771
1068
1642
2193
2310
2077
2056
2556
3158
3229
2794
2551
2938
3500
3479
2850
2386
2625
3128
3065
2362
1813
1976
2387
2191
1349
694
781
1133
953
226
-323
-299
-127
-358
-906
-1277
-1319
-1346
-1562
-1801
-1879
-1906
-2055
-2236
-2269
-2186
-2154
-2168
-2087
-1947
-1953
-2081
-2021
-1640
-1292
-1355
-1651
-1655
-1236
-835
-812
-945
-817
-458
-236
-242
-152
221
598
654
516
575
909
1202
1229
1147
1198
1361
1468
1505
1581
1689
1705
1607
1520
1488
1428
1338
1369
1531
1530
1157
710
704
1105
1226
615
-231
-422
138
545
52
-936
-1387
-1000
-571
-879
-1663
-2033
-1710
-1347
-1565
-2121
-2333
-2071
-1876
-2139
-2565
-2632
-2313
-2041
-2092
-2284
-2294
-2065
-1797
-1668
-1681
-1682
-1510
-1167
-850
-748
-752
-541
-1
549
732
650
811
1455
2165
2372
2100
1964
2400
3089
3368
3081
2784
3011
3572
3801
3439
2961
2917
3181
3143
2591
2030
1987
2271
2224
1622
973
810
995
951
458
-101
-303
-231
-297
-669
-1114
-1357
-1408
-1457
-1595
-1759
-1881
-1976
-2075
-2186
-2305
-2411
-2442
-2351
-2215
-2194
-2300
-2345
-2163
-1866
-1713
-1757
-1773
-1571
-1256
-1056
-989
-874
-631
-392
-289
-229
-57
200
368
408
489
736
1039
1204
1213
1227
1351
1517
1627
1681
1728
1781
1830
1891
1967
1982
1860
1658
1535
1551
1584
1485
1243
990
843
805
790
662
334
-105
-403
-398
-269
-388
-861
-1340
-1443
-1251
-1213
-1549
-1964
-2073
-1915
-1862
-2077
-2322
-2331
-2199
-2192
-2346
-2431
-2306
-2125
-2099
-2203
-2223
-2046
-1789
-1629
-1600
-1579
-1437
-1166
-877
-686
-582
-405
-37
436
777
882
938
1217
1735
2220
2425
2409
2446
2707
3094
3376
3426
3318
3226
3272
3407
3458
3295
2996
2777
2738
2722
2523
2167
1866
1694
1469
1049
615
442
467
313
-188
-722
-907
-826
-903
-1293
-1691
-1797
-1731
-1803
-2054
-2247
-2267
-2264
-2370
-2498
-2509
-2434
-2396
-2390
-2335
-2240
-2183
-2131
-1957
-1669
-1448
-1381
-1320
-1092
-773
-578
-523
-407
-125
170
315
385
555
806
967
995
1052
1251
1476
1564
1541
1564
1665
1738
1726
1721
1792
1870
1863
1798
1768
1757
1661
1465
1285
1205
1158
1039
860
708
593
450
255
66
-90
-264
-486
-690
-807
-885
-1024
-1231
-1397
-1458
-1471
-1521
-1606
-1674
-1724
-1783
-1846
-1869
-1852
-1859
-1908
-1936
-1882
-1782
-1726
-1739
-1754
-1720
-1650
-1584
-1516
-1422
-1292
-1151
-1008
-855
-691
-526
-344
-117
150
408
628
845
1110
1397
1616
1753
1913
2183
2475
2602
2527
2481
2703
3094
3286
3096
2789
2752
2978
3063
2758
2312
2141
2251
2243
1878
1404
1187
1186
1023
548
54
-131
-104
-228
-636
-1068
-1255
-1258
-1331
-1580
-1870
-2062
-2149
-2183
-2195
-2214
-2282
-2369
-2367
-2245
-2126
-2125
-2136
-1978
-1685
-1501
-1519
-1523
-1303
-978
-823
-848
-778
-483
-167
-43
-11
157
442
612
597
601
780
1009
1089
1045
1062
1184
1288
1301
1310
1386
1466
1470
1431
1420
1403
1299
1148
1077
1110
1122
1023
891
835
824
750
594
431
299
164
36
-26
-28
-80
-242
-425
-514
-549
-631
-746
-783
-748
-800
-1005
-1184
-1150
-987
-952
-1110
-1239
-1157
-985
-970
-1146
-1303
-1277
-1157
-1116
-1173
-1197
-1120
-1029
-1031
-1110
-1145
-1067
-927
-824
-809
-839
-835
-758
-634
-530
-469
-406
-282
-102
63
181
320
554
842
1039
1076
1081
1254
1622
1971
2062
1915
1825
2042
2465
2706
2525
2141
2008
2246
2471
2273
1771
1480
1613
1776
1512
951
637
731
766
320
-325
-567
-345
-240
-645
-1205
-1349
-1102
-992
-1281
-1642
-1713
-1596
-1602
-1747
-1823
-1806
-1868
-1998
-1963
-1702
-1476
-1473
-1498
-1307
-1045
-1029
-1192
-1136
-747
-398
-389
-472
-242
231
502
423
320
459
676
707
638
739
992
1123
1045
973
1066
1174
1112
966
941
1025
1030
919
857
906
896
694
436
342
403
422
319
217
215
244
209
139
106
83
11
-67
-60
-7
-46
-192
-296
-258
-186
-249
-413
-492
-413
-316
-348
-485
-589
-609
-603
-621
-637
-620
-589
-580
-587
-580
-539
-481
-437
-440
-487
-528
-485
-356
-244
-243
-326
-372
-317
-227
-210
-288
-387
-432
-410
-359
-335
-366
-435
-475
-448
-389
-369
-387
-359
-236
-83
-13
-22
36
262
557
696
614
533
725
1151
1438
1318
1028
1063
1538
1973
1878
1413
1218
1566
1981
1870
1341
1051
1309
1632
1424
809
479
734
1064
848
197
-202
-35
242
72
-452
-772
-661
-481
-611
-961
-1185
-1186
-1151
-1198
-1262
-1290
-1333
-1390
-1358
-1245
-1215
-1325
-1368
-1167
-906
-900
-1108
-1153
-875
-588
-601
-751
-647
-271
-11
-75
-225
-160
48
134
86
133
351
541
542
464
467
526
523
478
513
623
662
594
552
629
711
652
487
381
381
383
315
236
222
257
286
317
373
413
365
235
117
95
162
238
242
132
-46
-179
-183
-101
-74
-186
-345
-402
-337
-285
-365
-537
-658
-661
-613
-599
-631
-662
-684
-718
-759
-763
-710
-651
-641
-662
-650
-586
-526
-511
-519
-490
-411
-318
-237
-164
-102
-70
-80
-90
-55
19
82
103
107
143
224
319
400
462
507
536
538
531
536
552
568
587
639
728
802
801
734
683
715
788
798
701
589
584
694
785
725
539
396
425
564
618
484
268
157
205
286
273
187
126
107
47
-90
-218
-243
-201
-216
-335
-478
-546
-529
-502
-518
-570
-609
-593
-528
-468
-486
-585
-665
-620
-472
-358
-364
-414
-386
-276
-199
-209
-219
-133
9
84
52
-4
-5
28
39
37
74
157
231
252
233
210
188
164
153
170
198
200
168
122
82
36
-25
-80
-93
-67
-47
-65
-109
-133
-129
-136
-181
-238
-261
-248
-245
-273
-306
-323
-344
-398
-453
-451
-398
-375
-424
-484
-463
-368
-286
-263
-256
-207
-116
-27
41
105
170
234
304
377
429
436
429
474
576
652
631
554
534
614
710
715
636
574
590
644
643
568
470
404
369
334
288
246
220
197
159
99
30
-29
-69
-103
-148
-204
-238
-232
-214
-247
-342
-437
-464
-437
-427
-469
-521
-534
-506
-473
-450
-427
-406
-409
-432
-446
-431
-405
-399
-411
-410
-386
-348
-314
-287
-269
-268
-272
-253
-197
-145
-141
-182
-217
-208
-167
-133
-122
-107
-72
-36
-31
-58
-86
-95
-97
-112
-124
-98
-48
-34
-84
-141
-117
-13
77
88
73
134
273
380
368
299
323
494
680
707
565
452
549
792
916
764
503
437
627
814
729
446
281
381
531
453
176
-12
58
211
193
-6
-154
-113
-10
-51
-264
-474
-517
-401
-277
-285
-425
-561
-563
-457
-411
-524
-677
-675
-514
-398
-459
-571
-531
-349
-227
-262
-328
-265
-102
10
1
-44
-32
42
123
175
181
149
118
142
222
297
320
317
329
345
318
251
198
187
186
161
125
108
104
82
27
-39
-86
-90
-51
-4
-5
-74
-159
-184
-141
-90
-80
-92
-91
-82
-98
-130
-121
-60
-4
-15
-73
-111
-92
-54
-38
-48
-51
-27
22
81
128
141
122
110
139
193
221
194
147
124
123
119
114
137
185
206
163
89
43
50
66
47
-1
-40
-43
-25
-12
-24
-53
-80
-89
-89
-93
-107
-114
-100
-72
-55
-57
-58
-49
-42
-53
-80
-105
-118
-131
-153
-171
-163
-133
-111
-118
-140
-147
-132
-119
-125
-139
-135
-108
-82
-76
-86
-96
-81
-36
29
84
107
110
132
185
226
218
189
200
260
301
275
224
228
291
329
293
236
238
294
331
298
225
162
131
116
104
90
73
54
45
43
22
-36
-103
-130
-111
-97
-129
-184
-211
-205
-210
-252
-298
-310
-288
-269
-277
-307
-342
-368
-371
-345
-304
-283
-287
-291
-266
-219
-182
-175
-176
-160
-122
-86
-70
-67
-53
-14
30
51
47
41
61
95
111
97
79
85
115
143
155
159
161
157
143
126
124
132
134
126
120
121
127
133
141
154
151
124
84
61
62
65
45
7
-24
-37
-44
-62
-80
-83
-61
-31
-11
-10
-23
-39
-43
-29
-7
11
16
21
38
64
81
83
84
87
86
66
41
38
57
68
52
37
63
111
132
102
62
57
73
61
10
-38
-43
-19
-7
-29
-61
-75
-71
-68
-84
-108
-122
-115
-99
-100
-123
-138
-106
-35
25
35
6
-13
0
16
3
-31
-45
-20
21
38
20
-6
-9
15
35
22
-23
-50
-26
30
61
33
-26
-56
-40
-7
5
-6
-14
-8
-4
-13
-33
-46
-44
-27
-12
-13
-27
-30
-9
19
29
13
-6
-5
4
-5
-28
-40
-23
5
13
9
21
47
56
26
-25
-58
-53
-27
-4
-4
-20
-39
-42
-21
10
25
19
4
-2
-10
-29
-56
-75
-82
-87
-94
-82
-42
2
12
-20
-55
-61
-45
-35
-44
-50
-39
-12
12
26
40
63
89
106
106
92
81
93
123
145
135
103
80
77
81
79
73
74
70
52
28
23
46
75
87
90
94
104
103
89
75
74
80
76
50
8
-30
-56
-62
-54
-38
-24
-18
-23
-36
-43
-32
-12
-8
-27
-53
-62
-48
-31
-27
-29
-27
-18
-13
-16
-23
-36
-56
-81
-97
-94
-75
-55
-42
-34
-29
-24
-18
-9
3
9
10
16
29
42
42
31
22
14
0
-21
-33
-22
-2
5
-13
-29
-18
15
48
62
64
64
51
19
-22
-42
-28
2
20
13
-9
-33
-48
-52
-48
-45
-50
-53
-42
-12
18
36
48
63
78
66
25
-18
-29
-8
15
13
-5
-11
7
32
40
30
17
16
20
19
14
14
27
45
60
70
74
66
45
17
-7
-22
-27
-23
-10
10
21
11
-19
-44
-47
-34
-20
-18
-21
-19
-13
-11
-9
-2
7
8
-5
-24
-31
-28
-24
-37
-62
-84
-83
-59
-32
-28
-48
-66
-59
-30
-14
-19
-27
-13
9
10
-15
-42
-43
-25
-9
-4
1
18
42
59
53
30
18
39
84
103
71
18
13
79
147
142
73
26
55
113
119
65
23
47
94
91
25
-35
-27
30
66
40
-19
-56
-50
-26
-15
-18
-15
3
15
-8
-60
-99
-87
-27
31
37
3
-13
26
91
110
53
-23
-54
-37
-34
-77
-130
-130
-80
-35
-28
-30
-1
52
77
53
1
-41
-64
-76
-77
-71
-71
-83
-97
-94
-75
-56
-45
-30
-14
-9
-20
-27
-13
16
26
9
-13
-13
8
24
22
12
14
29
45
50
50
59
73
82
86
101
133
163
162
125
86
83
110
137
136
110
82
61
44
25
3
-18
-29
-26
-19
-29
-54
-74
-65
-36
-18
-29
-48
-51
-42
-42
-56
-64
-53
-32
-24
-35
-52
-62
-66
-68
-64
-54
-44
-46
-53
-56
-47
-32
-17
-11
-9
-11
-19
-27
-29
-19
-3
9
11
3
-9
-15
-15
-5
12
37
62
73
72
63
58
54
49
49
56
67
72
68
73
91
114
121
106
89
83
82
68
42
25
35
58
67
49
20
2
8
22
26
14
-7
-29
-43
-52
-56
-57
-51
-44
-45
-63
-86
-97
-88
-69
-49
-36
-29
-31
-48
-72
-87
-76
-49
-27
-22
-22
-15
1
10
5
-1
8
34
60
68
60
49
43
41
44
49
52
53
52
50
45
41
38
39
42
46
46
46
48
47
41
29
15
-1
-22
-40
-49
-48
-49
-54
-57
-51
-42
-39
-44
-46
-42
-37
-41
-51
-54
-43
-24
-12
-14
-14
0
24
39
39
28
21
18
14
6
2
9
28
44
48
36
22
15
20
30
37
42
46
50
56
56
52
46
40
36
27
10
-12
-31
-42
-42
-33
-20
-14
-14
-22
-25
-20
-16
-18
-23
-23
-16
-9
-5
-3
-3
-11
-25
-38
-39
-32
-27
-28
-30
-24
-11
-4
-8
-14
-19
-22
-27
-36
-38
-29
-14
0
9
10
8
4
-2
-7
-14
-20
-22
-20
-20
-21
-21
-14
2
22
38
45
47
43
34
26
27
35
46
54
53
49
43
43
49
62
74
85
90
86
72
51
33
19
11
9
13
24
42
58
66
64
52
37
26
24
31
38
35
20
-5
-29
-36
-29
-13
-4
-8
-19
-23
-20
-17
-26
-44
-54
-49
-28
-5
8
3
-14
-32
-41
-35
-14
10
26
26
9
-13
-27
-24
-8
10
31
49
65
79
87
89
83
74
64
55
49
39
22
4
-12
-16
-12
-8
-8
-15
-20
-18
-13
-12
-20
-30
-36
-31
-21
-8
2
8
10
5
-10
-29
-46
-56
-58
-50
-34
-21
-17
-24
-32
-34
-30
-29
-28
-27
-21
-8
4
13
18
23
29
34
36
31
23
16
17
24
35
46
54
56
48
38
29
29
37
45
46
39
26
18
15
12
8
10
14
17
11
2
-4
-2
2
4
10
18
21
9
-7
-13
-4
9
13
3
-9
-16
-22
-26
-24
-13
4
13
10
2
-2
0
2
-1
-6
-5
7
21
34
35
22
4
-3
11
38
61
64
55
39
27
18
14
15
13
3
-16
-32
-37
-27
-6
16
28
27
20
13
16
25
30
25
10
-5
-12
-11
-7
-3
1
4
-2
-14
-29
-35
-31
-23
-18
-16
-15
-18
-24
-33
-40
-40
-35
-25
-12
4
22
36
38
29
15
6
0
-8
-25
-39
-46
-38
-20
5
29
50
59
52
35
20
17
25
34
36
30
21
18
18
22
29
38
45
41
27
13
10
11
15
13
14
19
20
12
-9
-34
-52
-55
-41
-16
4
11
11
10
14
14
5
-9
-19
-20
-16
-7
-1
3
3
1
6
16
25
29
31
34
35
28
10
-8
-17
-15
-9
-1
9
13
8
1
-2
7
19
26
26
26
28
26
19
11
10
16
20
14
2
-12
-19
-28
-36
-43
-44
-38
-26
-14
-3
-1
-6
-14
-20
-19
-13
0
10
24
31
31
23
12
3
-1
-5
-7
-7
-3
4
11
17
24
32
40
37
29
21
20
21
15
6
1
6
18
24
25
19
10
-1
-5
-1
3
8
15
26
37
45
42
30
16
8
9
9
0
-16
-29
-30
-20
-11
-7
-8
-2
10
23
30
31
26
21
19
20
22
21
15
5
-10
-26
-39
-40
-29
-14
-6
-7
-10
-13
-18
-25
-32
-29
-10
18
38
42
35
30
32
37
36
30
28
32
37
35
27
22
24
31
34
32
24
17
9
7
11
20
31
39
41
37
32
28
26
31
37
47
54
56
50
37
24
13
8
9
8
0
-15
-27
-28
-20
-11
-11
-14
-20
-23
-23
-21
-21
-21
-19
-14
-13
-21
-34
-44
-44
-36
-30
-29
-28
-25
-22
-20
-15
-3
11
20
22
28
38
56
73
80
75
55
24
-3
-16
-7
13
31
37
33
29
30
35
41
41
33
23
18
21
29
31
25
10
-8
-22
-26
-22
-15
-13
-12
-12
-13
-17
-21
-23
-18
-12
-14
-24
-40
-52
-50
-32
-4
18
24
16
2
-14
-28
-38
-39
-34
-27
-22
-19
-16
-8
3
18
28
34
31
23
19
27
41
55
58
50
39
29
17
6
-6
-15
-19
-22
-21
-20
-14
-3
11
26
35
33
19
4
0
3
4
1
-4
-4
-2
-5
-15
-27
-36
-39
-36
-31
-22
-12
-6
-3
2
10
26
45
57
59
52
44
40
38
35
29
22
16
12
15
26
42
53
55
56
60
67
70
66
57
42
23
2
-10
-13
-8
-2
0
-3
-3
2
10
15
9
-3
-8
2
21
31
25
7
-10
-17
-16
-5
3
3
-4
-14
-22
-27
-31
-28
-17
-1
12
20
27
39
55
60
54
43
39
46
54
49
26
-8
-36
-51
-51
-42
-23
0
21
35
40
44
54
59
52
33
7
-10
-23
-31
-38
-37
-30
-16
-6
2
8
11
8
2
-2
-5
-7
-8
-13
-25
-41
-51
-46
-27
-2
20
41
53
49
23
-12
-40
-50
-51
-49
-43
-34
-21
-7
5
15
21
19
8
-5
-19
-34
-45
-46
-37
-27
-24
-26
-25
-17
-3
16
41
64
76
65
41
21
13
11
12
10
4
-3
-16
-25
-22
-5
16
33
43
47
47
42
26
6
-9
-11
-3
9
21
25
22
17
13
14
15
16
18
25
34
37
32
24
21
19
15
6
0
-3
-5
-8
-10
-6
1
6
3
-7
-14
-16
-17
-18
-20
-16
-7
6
11
9
5
9
20
25
16
-1
-12
-10
0
11
14
13
9
4
-5
-16
-23
-18
-4
13
23
26
29
39
48
53
48
35
18
1
-9
-14
-13
-9
-2
4
8
8
12
19
29
33
26
12
-4
-15
-14
-4
11
22
27
26
24
23
24
25
25
23
23
18
6
-10
-25
-36
-35
-25
-6
14
28
28
15
-1
-10
-3
15
30
29
8
-20
-43
-54
-49
-32
-11
3
6
2
1
6
15
22
28
28
22
12
8
13
25
29
27
21
14
4
-7
-7
6
25
36
39
41
43
39
28
19
21
30
39
43
39
28
11
1
1
6
10
6
2
-2
-5
-7
-3
8
18
20
16
12
7
-3
-20
-37
-42
-36
-25
-19
-16
-10
-2
1
-5
-18
-27
-23
-14
-9
-9
-6
-1
2
0
-6
-4
-1
3
5
5
11
20
31
41
45
44
35
24
17
16
21
29
