
3
16
25
30
29
26
24
24
26
29
37
44
44
37
28
24
23
26
24
18
11
8
9
19
33
45
44
26
-1
-22
-33
-33
-28
-22
-20
-17
-14
-14
-18
-21
-18
-8
0
1
-7
-17
-27
-35
-40
-40
-32
-16
3
12
4
-17
-44
-64
-70
-58
-30
2
23
27
14
-6
-29
-45
-52
-41
-20
0
12
12
7
0
-12
-21
-24
-23
-16
-10
-5
-2
-4
-9
-12
-10
-3
4
14
21
25
27
29
34
41
42
36
27
21
17
14
12
14
17
19
20
21
24
27
26
22
16
9
6
5
10
19
25
27
22
16
7
0
-9
-17
-23
-26
-24
-17
-5
8
20
26
30
31
26
16
4
-3
1
13
27
40
49
54
47
31
16
9
14
23
28
32
35
34
28
18
12
13
20
29
37
44
46
43
35
32
31
33
34
33
31
26
14
0
-13
-20
-18
-9
4
21
33
39
40
37
33
31
28
28
27
29
35
41
42
36
29
24
24
26
26
30
40
52
61
68
70
68
62
54
44
33
28
26
30
38
46
45
36
25
16
9
4
0
-2
5
10
14
11
1
-10
-22
-32
-39
-42
-40
-37
-34
-31
-28
-27
-26
-27
-28
-24
-16
-10
-10
-15
-23
-33
-40
-44
-46
-45
-39
-27
-13
-3
-4
-13
-27
-37
-40
-35
-21
-2
13
21
18
10
0
-7
-9
-1
15
33
45
45
38
26
20
24
36
54
66
70
69
62
52
41
37
43
58
68
72
73
75
72
66
59
50
43
36
31
24
17
13
15
20
28
31
27
17
-1
-19
-29
-24
-9
3
6
1
-7
-18
-26
-31
-32
-32
-33
-38
-35
-25
-13
-1
7
13
12
1
-15
-25
-29
-27
-23
-16
-2
12
23
26
26
23
20
17
18
25
36
47
56
62
61
57
49
39
27
15
4
0
4
14
22
21
17
13
10
8
8
13
23
31
29
20
12
11
15
19
25
32
38
37
31
20
12
3
-5
-11
-11
-10
-9
-16
-25
-30
-28
-25
-21
-14
0
13
18
15
9
6
3
-2
-6
1
13
26
33
37
42
44
42
36
32
23
16
12
18
31
41
47
49
52
58
63
66
69
73
72
69
59
49
41
35
32
28
27
27
30
30
26
21
17
20
26
33
34
29
16
2
-6
-11
-10
-6
-1
1
-3
-7
-11
-12
-10
-13
-16
-18
-16
-13
-13
-15
-19
-25
-32
-36
-36
-32
-25
-17
-8
1
5
5
2
0
-2
-2
0
10
22
31
30
22
16
15
19
18
21
24
30
36
38
37
39
44
49
50
44
36
26
13
-1
-13
-12
-7
-1
1
4
11
16
16
9
-2
-11
-15
-7
8
21
26
26
25
21
14
7
2
-1
-1
-1
1
7
17
28
35
37
31
19
5
-4
-5
5
20
40
55
58
51
42
36
37
42
46
46
41
32
21
10
7
14
33
50
52
41
26
16
12
12
20
35
49
50
39
26
16
9
2
-1
0
1
-4
-12
-17
-17
-15
-11
-3
9
20
23
21
19
22
22
21
22
28
39
47
47
38
26
12
-2
-13
-18
-14
-7
0
5
10
17
16
6
-6
-14
-14
-8
4
19
35
42
32
16
-5
-23
-38
-44
-38
-23
-10
-3
0
4
7
2
-10
-16
-13
-11
-15
-18
-9
11
26
31
32
34
32
18
-3
-17
-17
-12
-5
2
11
19
20
18
12
5
0
-2
5
13
16
10
1
-4
-1
6
12
18
18
16
10
2
0
7
18
24
22
20
21
19
10
-2
-9
-6
-2
-1
1
4
5
0
-11
-18
-22
-23
-21
-17
-12
-7
-6
-3
1
5
7
4
-2
-6
-9
-11
-16
-15
-9
-3
0
2
5
11
10
5
5
19
39
56
60
55
44
28
12
0
0
11
25
39
48
54
50
37
23
14
13
18
26
38
50
55
47
33
22
23
33
43
52
59
58
50
37
28
27
24
12
4
4
12
20
22
22
22
18
8
1
2
5
9
14
24
38
42
36
25
15
7
-4
-12
-12
-3
1
-3
-9
-13
-18
-21
-26
-27
-21
-10
1
8
9
4
-9
-21
-26
-18
-2
13
24
29
25
11
-10
-27
-26
-9
15
32
42
43
36
20
3
-5
-4
0
2
2
3
9
19
29
37
40
37
26
11
0
-5
-6
-9
-15
-20
-18
-15
-14
-9
-4
5
8
7
4
1
-4
-7
-7
0
8
10
6
2
2
-3
-16
-27
-23
-6
15
26
25
16
2
-15
-24
-18
4
26
39
41
37
25
9
-5
-13
-16
-20
-24
-25
-16
-8
-4
-5
-7
-10
-14
-18
-19
-12
-1
12
23
28
25
14
1
-5
1
12
20
25
28
25
16
1
-13
-16
-15
-10
-2
10
23
29
23
12
4
9
20
36
48
54
49
34
12
-7
-11
0
16
31
38
41
38
33
29
25
22
14
9
10
21
30
32
29
27
22
12
1
0
10
23
30
32
30
26
19
11
8
8
14
20
24
22
16
13
17
29
40
45
41
36
29
15
-1
-13
-12
-4
1
0
0
1
1
-3
-6
0
15
26
27
24
28
37
44
44
40
34
22
5
-8
-7
7
27
44
62
72
67
48
21
2
1
13
32
54
71
76
66
52
44
42
38
24
13
10
14
16
13
8
8
8
0
-15
-24
-24
-15
-6
0
1
-8
-23
-37
-38
-26
-13
-7
-6
-6
-10
-18
-27
-28
-25
-23
-24
-26
-24
-20
-16
-14
-10
-3
1
-2
-8
-13
-13
-12
-12
-9
-2
7
8
5
3
6
11
17
20
21
13
0
-11
-13
-6
-1
3
5
8
10
4
-5
-9
-6
-4
-8
-12
-11
-6
-4
-5
-6
-4
-2
-5
-7
-4
4
10
13
16
19
19
14
5
0
1
8
16
24
32
39
39
33
22
16
13
15
19
24
33
39
37
32
28
33
40
49
57
64
66
65
64
61
60
53
46
42
38
33
28
27
31
38
41
39
37
36
33
26
21
21
24
21
17
14
12
10
10
15
27
37
38
27
9
-6
-12
-10
-2
8
14
17
12
4
-7
-15
-18
-17
-13
-5
5
10
9
0
-8
-13
-18
-25
-29
-21
-6
6
9
9
12
13
8
-2
-10
-10
-5
-3
-3
-1
-2
-8
-10
-2
15
32
41
39
33
26
22
22
28
32
37
39
39
34
25
15
10
7
5
3
4
6
5
1
-5
-7
-5
1
6
13
17
17
13
9
7
8
13
19
25
26
21
13
5
0
-2
6
21
36
43
40
33
26
16
4
-3
0
15
32
39
39
31
21
14
15
22
32
37
37
32
25
22
24
29
32
32
25
16
5
-6
-10
-8
-3
2
0
-5
-10
-7
1
7
11
11
15
16
14
7
0
3
12
20
22
18
13
10
11
17
28
36
38
33
25
19
17
16
21
30
42
47
44
38
34
30
26
23
26
33
39
39
39
45
51
52
50
47
47
41
30
20
20
26
31
33
30
21
6
-12
-28
-33
-28
-13
6
22
28
20
3
-13
-23
-26
-21
-12
-3
1
0
-2
-1
-1
-1
-1
1
5
5
3
1
1
-2
-6
-8
-6
-5
-8
-13
-12
-6
3
10
13
11
1
-14
-25
-27
-19
-7
5
12
13
10
4
7
17
25
26
19
5
-6
-12
-17
-14
-6
3
5
-2
-10
-12
-11
-10
-7
-1
12
22
26
26
26
25
27
31
38
43
44
39
29
18
10
5
5
9
18
22
20
9
-1
-5
-3
-1
-1
-2
4
13
21
19
16
12
7
-2
-11
-13
-7
4
12
14
11
4
-3
-5
2
13
27
38
42
40
34
25
18
14
16
21
31
41
45
41
32
22
17
13
13
17
22
32
45
58
67
69
67
61
54
48
42
33
21
7
-10
-23
-27
-21
-6
6
12
12
17
30
45
52
52
47
44
41
37
34
36
41
48
51
47
38
32
30
35
45
52
54
52
50
49
52
54
51
46
45
52
60
61
58
54
52
47
35
25
22
22
15
4
-3
-4
-4
-5
-8
-9
-4
7
14
12
0
-16
-29
-32
-31
-26
-22
-23
-34
-38
-31
-18
-25
-58
-87
-73
-23
9
-11
-55
-66
-29
4
-12
-60
-78
-48
-12
-11
-29
-28
-2
16
9
-4
0
12
0
-28
-39
-18
13
22
14
10
15
19
22
24
20
5
-8
6
39
56
41
20
24
50
63
51
40
42
45
27
7
3
13
11
-5
-15
-3
14
7
-16
-32
-24
-4
8
8
4
5
8
8
8
10
13
11
5
5
13
23
24
18
9
3
-4
-13
-22
-24
-25
-26
-27
-26
-31
-49
-76
-92
-90
-79
-78
-93
-114
-134
-149
-168
-191
-209
-216
-218
-218
-219
-212
-201
-196
-199
-195
-166
-114
-61
-27
-18
-18
-4
49
134
209
221
188
199
312
460
502
401
295
337
491
569
470
318
301
425
508
439
306
273
340
366
282
179
165
200
169
57
-31
-29
3
-28
-124
-218
-265
-277
-276
-277
-305
-366
-413
-387
-317
-306
-393
-481
-458
-352
-291
-319
-354
-316
-242
-216
-225
-201
-132
-83
-78
-65
11
103
138
125
137
206
291
344
365
367
352
334
355
420
460
405
289
227
255
291
237
113
21
0
-5
-53
-136
-212
-280
-353
-423
-466
-493
-545
-630
-705
-727
-706
-687
-694
-709
-701
-661
-593
-517
-457
-425
-398
-328
-200
-62
18
41
92
232
415
524
531
541
651
811
885
843
805
866
964
983
924
898
949
979
901
771
709
734
747
680
571
491
445
381
277
154
43
-38
-78
-95
-132
-224
-344
-424
-447
-472
-548
-641
-680
-670
-680
-735
-775
-755
-713
-719
-766
-776
-723
-657
-626
-598
-534
-456
-415
-399
-351
-259
-172
-114
-42
70
184
257
318
425
560
642
639
621
673
784
864
834
699
565
549
665
753
632
334
128
204
391
321
-91
-486
-518
-301
-258
-556
-896
-948
-809
-829
-1101
-1335
-1291
-1110
-1089
-1244
-1312
-1151
-944
-928
-1060
-1079
-857
-543
-354
-333
-344
-250
-23
253
458
520
511
602
865
1144
1214
1083
1009
1170
1421
1501
1398
1337
1436
1536
1462
1296
1236
1287
1252
1051
851
830
911
868
638
383
259
228
159
13
-138
-247
-339
-436
-517
-566
-637
-770
-917
-974
-928
-881
-922
-1015
-1067
-1049
-1024
-1024
-1014
-967
-923
-912
-890
-799
-677
-616
-619
-587
-455
-278
-150
-79
2
120
244
355
463
565
629
675
760
904
1025
1029
949
913
981
1048
999
848
736
740
759
646
398
173
86
67
-43
-271
-478
-553
-578
-711
-957
-1155
-1191
-1151
-1202
-1350
-1454
-1426
-1354
-1361
-1436
-1452
-1353
-1217
-1140
-1095
-984
-767
-519
-345
-274
-220
-69
197
463
605
650
757
1019
1312
1440
1387
1348
1476
1686
1785
1733
1668
1687
1731
1694
1584
1488
1436
1372
1264
1140
1036
933
804
657
500
333
163
32
-57
-170
-362
-575
-688
-693
-718
-854
-1036
-1125
-1109
-1096
-1157
-1255
-1324
-1360
-1384
-1372
-1296
-1197
-1144
-1143
-1120
-1027
-904
-822
-785
-730
-614
-455
-294
-151
-27
76
160
264
435
660
847
903
842
799
908
1153
1354
1318
1054
810
856
1175
1400
1172
592
211
412
881
897
227
-520
-610
-131
103
-383
-1128
-1375
-1082
-872
-1113
-1473
-1517
-1363
-1429
-1724
-1824
-1548
-1262
-1353
-1646
-1653
-1234
-765
-628
-773
-865
-689
-293
131
409
483
466
562
847
1166
1331
1374
1459
1621
1739
1777
1856
2010
2036
1806
1548
1601
1893
1973
1632
1212
1135
1322
1330
992
618
501
528
435
223
90
54
-85
-391
-652
-687
-613
-676
-902
-1105
-1175
-1198
-1264
-1354
-1418
-1478
-1532
-1497
-1348
-1223
-1273
-1422
-1444
-1261
-1023
-891
-843
-779
-692
-627
-541
-346
-86
78
85
85
263
602
887
929
760
621
752
1173
1579
1584
1119
632
693
1311
1785
1435
495
-20
489
1353
1357
256
-816
-740
160
539
-216
-1244
-1443
-910
-662
-1144
-1700
-1655
-1307
-1377
-1870
-2070
-1654
-1209
-1374
-1909
-2028
-1483
-845
-686
-887
-933
-616
-177
122
268
367
484
657
914
1198
1396
1504
1631
1798
1884
1864
1917
2134
2277
2092
1775
1765
2080
2202
1822
1337
1316
1660
1744
1314
810
670
723
548
142
-116
-93
-87
-341
-679
-805
-740
-750
-949
-1199
-1357
-1423
-1446
-1433
-1429
-1522
-1687
-1746
-1607
-1433
-1443
-1590
-1619
-1432
-1217
-1157
-1163
-1050
-832
-673
-606
-477
-217
33
139
196
399
744
1011
1032
900
873
1127
1574
1884
1754
1272
953
1236
1871
2055
1372
431
249
975
1589
1117
-114
-807
-318
510
411
-683
-1582
-1407
-703
-622
-1380
-2084
-2047
-1656
-1647
-2012
-2137
-1822
-1583
-1794
-2094
-1935
-1387
-1015
-1067
-1199
-1018
-573
-190
-34
11
145
463
879
1177
1231
1209
1440
1940
2300
2191
1878
1896
2288
2521
2271
1927
2025
2413
2443
1921
1425
1471
1767
1640
1024
549
625
880
728
185
-224
-246
-185
-375
-724
-935
-970
-1013
-1142
-1257
-1324
-1435
-1599
-1689
-1651
-1630
-1728
-1813
-1734
-1584
-1582
-1712
-1727
-1517
-1276
-1198
-1188
-1021
-708
-476
-431
-411
-255
-25
139
269
507
849
1098
1131
1056
1086
1301
1592
1781
1735
1471
1213
1247
1580
1805
1508
841
455
703
1127
989
219
-465
-476
-98
-75
-639
-1274
-1446
-1255
-1189
-1450
-1778
-1899
-1876
-1911
-2013
-2026
-1918
-1845
-1903
-1950
-1803
-1499
-1265
-1223
-1226
-1055
-672
-267
-44
0
77
403
949
1407
1501
1338
1370
1849
2453
2620
2276
1973
2182
2655
2762
2376
2044
2188
2484
2343
1798
1474
1658
1855
1495
796
478
742
985
658
11
-317
-196
-109
-408
-874
-1117
-1110
-1110
-1224
-1357
-1470
-1623
-1774
-1785
-1674
-1666
-1847
-2005
-1931
-1729
-1642
-1671
-1612
-1422
-1294
-1318
-1298
-1057
-731
-576
-566
-433
-76
279
418
461
662
1013
1243
1201
1089
1205
1564
1883
1898
1618
1312
1263
1511
1769
1632
1046
494
525
1019
1188
520
-479
-823
-327
116
-303
-1248
-1717
-1394
-1000
-1232
-1861
-2167
-1975
-1768
-1892
-2113
-2097
-1940
-1957
-2132
-2120
-1772
-1362
-1216
-1293
-1270
-954
-468
-78
72
77
193
616
1241
1679
1658
1420
1515
2112
2702
2700
2247
2074
2528
3065
2975
2375
2044
2324
2635
2341
1696
1471
1799
1951
1403
637
463
859
999
433
-306
-473
-137
-1
-403
-949
-1172
-1124
-1141
-1305
-1449
-1523
-1642
-1802
-1846
-1770
-1785
-1960
-2064
-1919
-1722
-1749
-1892
-1799
-1441
-1191
-1251
-1329
-1089
-668
-456
-477
-383
-38
304
445
592
977
1385
1418
1138
1094
1584
2197
2274
1724
1152
1184
1776
2238
1936
1004
321
600
1476
1737
724
-721
-1128
-231
596
55
-1389
-2116
-1502
-673
-897
-1906
-2425
-2019
-1559
-1811
-2349
-2360
-1902
-1748
-2116
-2346
-1932
-1288
-1111
-1382
-1471
-1057
-469
-135
-59
13
236
607
1083
1519
1689
1592
1594
2026
2664
2930
2638
2275
2376
2808
2971
2634
2230
2241
2518
2515
2054
1590
1558
1750
1599
1016
551
612
845
610
-90
-578
-470
-219
-462
-1100
-1467
-1311
-1109
-1315
-1728
-1880
-1747
-1693
-1843
-1942
-1867
-1850
-2036
-2169
-1994
-1696
-1637
-1749
-1635
-1223
-910
-928
-958
-655
-225
-101
-228
-109
421
949
1108
1078
1188
1376
1420
1455
1794
2269
2275
1657
1123
1381
2116
2270
1407
331
133
845
1366
788
-513
-1301
-930
-107
-42
-1006
-2039
-2167
-1589
-1312
-1809
-2478
-2566
-2172
-1971
-2199
-2397
-2195
-1875
-1900
-2193
-2219
-1727
-1067
-714
-737
-843
-754
-414
92
619
1000
1149
1178
1321
1712
2249
2686
2832
2709
2561
2685
3110
3476
3362
2806
2360
2466
2897
3003
2519
1874
1617
1717
1679
1271
808
645
656
443
-42
-393
-344
-200
-456
-1094
-1556
-1455
-1100
-1102
-1602
-2111
-2155
-1835
-1620
-1759
-2064
-2247
-2235
-2124
-1993
-1881
-1845
-1872
-1826
-1585
-1229
-973
-898
-874
-764
-560
-301
26
406
715
874
1000
1247
1531
1619
1516
1535
1851
2167
2068
1638
1413
1670
1994
1775
1045
493
610
1019
911
70
-804
-930
-446
-263
-937
-1927
-2249
-1718
-1205
-1526
-2407
-2861
-2448
-1781
-1677
-2144
-2503
-2335
-1933
-1765
-1834
-1754
-1331
-809
-548
-623
-772
-631
-19
858
1467
1393
859
683
1443
2718
3389
2885
1936
1812
2846
3986
4015
2996
2180
2464
3330
3567
2838
2015
1936
2285
2139
1363
805
1011
1341
857
-237
-757
-188
504
118
-1155
-1976
-1619
-826
-736
-1473
-2212
-2345
-2049
-1795
-1778
-1968
-2310
-2651
-2696
-2360
-1998
-2004
-2273
-2353
-2094
-1789
-1652
-1504
-1172
-854
-780
-727
-297
410
831
746
626
930
1433
1614
1490
1568
1996
2266
2000
1593
1680
2181
2339
1752
953
737
1160
1470
1015
17
-662
-460
219
363
-526
-1764
-2173
-1497
-786
-1136
-2295
-2995
-2582
-1788
-1662
-2233
-2675
-2516
-2124
-1967
-1948
-1703
-1230
-886
-893
-1094
-1141
-744
151
1165
1587
1049
199
277
1714
3356
3599
2310
1186
1819
3699
4686
3580
1689
1288
2790
4204
3706
1989
1231
2076
2830
2005
537
397
1577
1983
528
-1119
-853
781
1266
-348
-2160
-2123
-752
-129
-1003
-2185
-2546
-2324
-2162
-2039
-1788
-1824
-2475
-3093
-2805
-1899
-1541
-2050
-2455
-2041
-1403
-1341
-1528
-1158
-425
-267
-739
-764
175
1100
980
323
421
1390
2050
1771
1358
1672
2251
2103
1369
1174
1852
2329
1659
490
239
1136
1857
1243
-231
-1097
-679
219
341
-624
-1816
-2200
-1645
-1004
-1182
-2156
-3006
-2963
-2256
-1784
-2026
-2593
-2857
-2695
-2402
-2095
-1627
-1057
-813
-1163
-1688
-1569
-442
1129
2041
1606
299
-449
491
2618
3977
3145
1077
330
2103
4559
4877
2807
1112
2015
4220
4642
2643
896
1550
3166
2915
880
0
1569
3033
1659
-1226
-1871
505
2467
1158
-1800
-2790
-1187
278
-315
-1802
-2328
-2028
-2067
-2392
-2126
-1551
-1885
-3075
-3523
-2503
-1417
-1693
-2619
-2574
-1608
-1198
-1687
-1742
-732
17
-635
-1547
-882
947
1709
670
-322
355
1730
1928
1046
772
1582
2102
1499
868
1384
2287
2008
663
10
890
1991
1663
78
-1147
-993
-19
532
13
-1233
-2279
-2340
-1506
-805
-1229
-2535
-3402
-2967
-1869
-1427
-2034
-2843
-2964
-2435
-1824
-1376
-985
-792
-1129
-1761
-1700
-309
1574
2182
802
-1065
-1065
1352
4005
4205
1887
-69
916
3932
5488
3799
1130
962
3424
5122
3788
1404
1298
3293
3974
1866
-144
986
3678
3705
350
-2263
-893
2225
2544
-487
-2981
-2224
-59
326
-1202
-2352
-2159
-1855
-2281
-2597
-2156
-1863
-2578
-3428
-3096
-2019
-1757
-2509
-2863
-2169
-1536
-1822
-2094
-1264
-169
-378
-1478
-1412
325
1669
997
-408
-299
1205
2027
1419
877
1463
2109
1599
789
1234
2483
2546
1003
-157
597
2091
2130
527
-868
-788
78
420
-81
-894
-1560
-1870
-1669
-1166
-1098
-1926
-2985
-3137
-2281
-1560
-1876
-2769
-3137
-2633
-1795
-1144
-769
-742
-1201
-1762
-1449
144
1899
2054
321
-1342
-662
2225
4557
3903
1163
-201
1727
4733
5057
2281
99
1503
4616
5172
2483
472
1986
4517
3817
361
-1024
1761
4666
3132
-1198
-2631
511
3556
2186
-1659
-2950
-703
1251
180
-2104
-2678
-1745
-1446
-2145
-2366
-1813
-1909
-3077
-3720
-2816
-1736
-2050
-2973
-2761
-1700
-1557
-2410
-2356
-834
75
-1089
-2494
-1602
789
1552
-49
-1229
73
2158
2306
839
314
1462
2343
1676
787
1249
2277
2070
749
171
1037
1879
1350
113
-353
110
466
194
-271
-642
-1189
-1868
-2014
-1444
-1082
-1745
-2802
-2928
-2017
-1366
-1827
-2624
-2525
-1505
-633
-612
-1146
-1584
-1498
-668
727
1748
1308
-258
-913
840
3651
4401
2002
-779
-358
3144
5686
4214
653
-380
2421
5228
4197
779
-248
2407
4593
2776
-562
-400
3212
4819
1521
-2424
-1551
2791
4255
568
-3391
-2766
689
1843
-388
-2448
-2076
-1092
-1561
-2465
-2075
-1242
-1831
-3226
-3143
-1524
-843
-2142
-3327
-2568
-1215
-1423
-2511
-2175
-528
-106
-1629
-2497
-821
1384
1141
-861
-1261
817
2497
1622
-56
213
1967
2543
1359
606
1566
2626
2005
614
546
1769
2240
1041
-398
-553
175
456
4
-505
-805
-1222
-1706
-1761
-1441
-1497
-2187
-2724
-2399
-1714
-1698
-2390
-2750
-2098
-1008
-567
-1137
-2051
-2304
-1341
414
1637
1132
-668
-1575
160
3404
4806
2625
-721
-1106
2211
5314
4374
702
-731
2153
5563
4861
1025
-549
2369
5505
4135
45
-855
2772
5449
2760
-1962
-2227
2212
4911
1955
-2631
-2935
581
2482
454
-2177
-2223
-992
-1119
-2124
-1914
-874
-1213
-2875
-3334
-1806
-714
-1777
-3223
-2794
-1463
-1615
-2856
-2634
-754
-53
-1763
-3152
-1658
918
997
-1232
-2047
136
2404
1843
-204
-484
1236
2237
1302
346
1023
2072
1561
155
109
1658
2536
1340
-443
-644
591
1301
529
-714
-1207
-1005
-839
-941
-1111
-1375
-1847
-2226
-2094
-1668
-1642
-2135
-2369
-1711
-649
-308
-1063
-2015
-1913
-464
1289
1841
659
-1051
-1213
963
3681
4086
1562
-1042
-436
2960
5122
3380
94
-205
3064
5486
3625
-10
-302
3147
5262
2795
-763
-148
3800
5090
1311
-2609
-1390
2990
4169
466
-3070
-2148
1074
1858
-309
-2005
-1527
-741
-1190
-1704
-1102
-638
-1726
-3077
-2567
-901
-729
-2408
-3387
-2319
-1134
-1702
-2717
-2040
-507
-666
-2389
-2767
-758
891
-170
-2142
-1743
784
2084
757
-758
-112
1563
1782
589
125
1043
1659
905
77
620
1684
1407
-153
-1037
-260
857
710
-411
-1032
-653
-133
-215
-664
-998
-1255
-1614
-1834
-1626
-1261
-1254
-1545
-1517
-922
-377
-608
-1404
-1669
-646
1055
1846
848
-848
-1006
1225
3850
3912
1131
-1212
45
3792
5613
3292
-115
-112
3212
5189
2985
-344
-78
3330
4709
1612
-1876
-847
3218
4355
682
-2802
-1352
2760
3662
246
-2676
-1555
1239
1597
-443
-1709
-1134
-688
-1406
-1756
-781
-159
-1349
-2779
-2174
-415
-367
-2291
-3298
-1886
-290
-847
-2301
-2008
-364
-107
-1679
-2325
-567
1208
406
-1609
-1548
729
2005
656
-1021
-506
1194
1459
221
-213
941
1737
768
-520
-125
1312
1487
-55
-1286
-732
507
575
-562
-1449
-1386
-1048
-1074
-1208
-1152
-1257
-1796
-2206
-1829
-1009
-669
-951
-1088
-743
-595
-1103
-1404
-362
1496
2144
639
-1246
-843
2005
4329
3400
224
-1301
982
4616
5308
2301
-484
584
4021
5131
2385
-414
550
3633
4022
752
-1680
257
3822
3743
-193
-2696
-453
3218
3175
-395
-2649
-1101
1381
1280
-764
-1788
-1157
-756
-1338
-1514
-682
-418
-1735
-2986
-2286
-687
-703
-2339
-3039
-1746
-548
-1271
-2561
-2170
-653
-399
-1622
-1963
-412
877
-35
-1654
-1256
890
1876
522
-1000
-574
899
1279
475
135
749
1052
386
-117
505
1319
885
-445
-978
-176
634
232
-890
-1460
-1172
-753
-711
-851
-968
-1250
-1763
-2062
-1702
-897
-307
-283
-609
-917
-1019
-751
83
1280
1942
1218
-367
-876
970
3757
4408
1870
-1012
-547
3041
5424
3509
-394
-1362
1671
4499
3358
53
-696
2000
3967
2115
-948
-682
2584
3913
963
-2390
-1523
2255
3580
644
-2517
-2024
682
1644
104
-1325
-1177
-768
-1152
-1291
-405
93
-1136
-2716
-2367
-549
69
-1327
-2513
-1808
-591
-829
-1854
-1655
-398
-212
-1530
-2124
-619
1096
630
-1210
-1566
181
1607
966
-381
-341
760
1092
413
235
1051
1418
410
-652
-157
1185
1294
-193
-1390
-931
193
256
-805
-1623
-1469
-955
-803
-928
-1022
-1213
-1688
-2090
-1881
-1125
-448
-290
-544
-900
-1137
-980
-124
1233
2089
1469
-208
-1021
500
3324
4530
2590
-409
-837
2015
4725
3907
703
-544
1874
4588
3743
465
-672
1766
3895
2171
-1239
-1457
1899
3889
1328
-2496
-2445
1173
3167
859
-2459
-2578
-124
1075
-312
-1893
-1721
-847
-902
-1411
-1161
-661
-1228
-2382
-2302
-861
-101
-1121
-2329
-1979
-881
-906
-1834
-1788
-543
-77
-1282
-2216
-1037
920
969
-848
-1767
-439
1192
955
-396
-640
492
1257
830
328
617
852
156
-608
-128
1074
1175
-214
-1368
-913
262
376
-769
-1761
-1666
-1042
-790
-959
-1128
-1274
-1644
-2032
-1895
-1162
-447
-314
-677
-1056
-1118
-751
100
1227
1890
1311
-187
-929
505
3243
4466
2535
-556
-1044
1956
4908
4106
638
-820
1699
4644
3823
379
-823
1755
4048
2409
-913
-1066
2123
3752
1076
-2373
-1888
1622
3066
475
-2551
-2295
154
1215
13
-1267
-1275
-1034
-1399
-1506
-741
-344
-1399
-2621
-2072
-381
-71
-1683
-2824
-1795
-188
-320
-1637
-1764
-432
144
-1019
-1937
-801
1017
976
-707
-1376
47
1553
1200
-117
-331
674
1287
880
480
703
744
21
-534
70
1056
851
-538
-1436
-890
81
82
-787
-1442
-1494
-1476
-1671
-1698
-1416
-1353
-1850
-2315
-1929
-810
51
-44
-819
-1478
-1407
-457
1008
2061
1736
159
-1003
-13
2749
4623
3481
502
-768
1429
4639
4990
2102
-268
921
3908
4505
1905
-193
1065
3489
3040
-73
-1489
844
3370
1986
-1804
-2853
231
3049
1698
-1884
-3053
-1016
751
-29
-1662
-1876
-1214
-1345
-1934
-1532
-541
-797
-2301
-2833
-1435
-107
-748
-2203
-2190
-924
-567
-1517
-1791
-478
539
-379
-1759
-1173
870
1555
56
-1216
-291
1482
1649
309
-361
473
1335
1044
425
613
1076
635
-381
-507
528
1220
446
-940
-1388
-771
-307
-701
-1369
-1555
-1384
-1368
-1498
-1456
-1378
-1731
-2413
-2606
-1821
-678
-257
-845
-1684
-1844
-1027
396
1663
1897
752
-813
-925
1229
3897
4261
1885
-251
829
4122
5590
3358
392
662
3726
5261
3073
206
583
3332
4085
1471
-743
789
3859
3733
100
-2321
-487
2674
2562
-670
-2750
-1516
520
404
-1241
-1976
-1454
-1256
-1745
-1618
-657
-521
-1940
-3080
-2212
-573
-595
-2129
-2695
-1413
-325
-999
-2017
-1426
-58
-176
-1618
-1865
-117
1241
292
-1363
-1067
831
1640
519
-459
230
1311
1042
51
99
1056
1147
-30
-751
112
1252
879
-648
-1470
-916
-184
-372
-1103
-1468
-1404
-1403
-1528
-1455
-1277
-1474
-2037
-2224
-1509
-395
65
-557
-1613
-2017
-1194
476
1878
1925
542
-915
-639
1656
3926
3678
997
-1029
267
3658
5169
3014
56
171
3057
4640
2781
327
948
3636
4040
1005
-1365
420
3852
3748
-225
-2860
-792
2750
2672
-811
-2933
-1379
904
626
-1279
-1931
-1128
-970
-1924
-2215
-1236
-792
-1963
-3005
-2102
-475
-572
-2150
-2664
-1363
-407
-1233
-2206
-1422
21
-218
-1746
-1863
99
1489
366
-1458
-1119
989
1946
742
-456
143
1389
1354
409
316
1164
1291
165
-607
180
1333
1022
-492
-1326
-763
-72
-415
-1274
-1572
-1355
-1426
-1852
-1950
-1594
-1551
-2205
-2740
-2191
-886
-176
-793
-1981
-2363
-1338
459
1755
1591
123
-1204
-687
1785
4043
3678
1076
-492
1341
4734
5586
2832
101
1001
4154
5024
2311
-142
1134
4105
4084
646
-1550
543
3807
3340
-491
-2527
-174
3016
2522
-900
-2704
-1094
973
544
-1384
-2123
-1407
-1061
-1596
-1669
-887
-742
-1952
-2877
-2015
-592
-778
-2235
-2624
-1334
-400
-1126
-1983
-1262
-16
-351
-1781
-1793
102
1363
295
-1285
-826
1087
1765
573
-335
461
1595
1360
401
413
1271
1337
276
-331
461
1395
910
-534
-1221
-673
-92
-433
-1217
-1562
-1450
-1379
-1439
-1403
-1396
-1755
-2269
-2228
-1380
-411
-223
-951
-1818
-1819
-585
1156
1948
924
-973
-1507
476
3339
4090
1837
-807
-548
2552
4910
3748
694
-195
2222
4566
3516
527
-147
2396
4212
2245
-923
-631
2854
4382
1375
-2188
-1406
2445
3790
776
-2371
-1718
1017
1615
-487
-2172
-1726
-791
-979
-1453
-1075
-734
-1656
-2870
-2518
-1014
-591
-1788
-2581
-1657
-489
-856
-1914
-1638
-257
50
-1257
-2047
-835
795
585
-939
-1315
97
1270
706
-437
-334
769
1256
753
442
892
1169
546
-173
86
877
869
-156
-969
-700
20
78
-616
-1270
-1406
-1276
-1216
-1218
-1250
-1485
-1933
-2142
-1659
-722
-185
-613
-1561
-1894
-892
898
1966
1235
-647
-1601
-147
2720
4171
2583
-283
-951
1655
4592
4322
1277
-504
1332
4180
3973
922
-659
1471
4100
3156
-211
-1144
1743
4113
2176
-1656
-2174
1100
3324
1361
-2010
-2465
-158
1271
243
-1215
-1303
-915
-1334
-1852
-1327
-572
-1094
-2355
-2422
-1149
-551
-1580
-2549
-1853
-567
-677
-1811
-1856
-466
267
-810
-1905
-1013
845
1049
-638
-1648
-424
1361
1416
134
-334
559
1238
752
211
729
1486
1078
-91
-327
712
1421
631
-702
-965
-165
301
-281
-1156
-1410
-1133
-941
-1038
-1243
-1545
-2005
-2282
-1841
-758
74
-167
-1265
-2049
-1502
204
1715
1668
113
-1253
-602
1946
4040
3437
737
-892
703
3835
4762
2407
-67
680
3575
4472
1974
-430
708
3679
3920
745
-1428
526
3676
3142
-739
-2758
-286
3032
2577
-841
-2610
-989
1054
704
-989
-1562
-987
-943
-1589
-1537
-673
-586
-1761
-2463
-1507
-344
-840
-2209
-2224
-833
-272
-1410
-2285
-1291
118
-281
-1831
-1889
6
1294
273
-1336
-1055
681
1425
479
-361
152
948
707
61
357
1236
1143
-55
-676
217
1290
877
-600
-1312
-643
151
-77
-901
-1304
-1206
-1254
-1588
-1731
-1575
-1605
-1972
-2027
-1273
-306
-231
-1196
-2048
-1583
92
1591
1562
36
-1393
-910
1587
3911
3623
945
-1000
315
3479
4590
2248
-391
291
3367
4526
2136
-356
612
3440
3640
571
-1408
647
3695
2985
-908
-2754
-150
3079
2423
-1071
-2723
-930
1188
792
-1003
-1671
-1137
-1056
-1609
-1463
-552
-495
-1765
-2577
-1656
-431
-849
-2216
-2287
-911
-300
-1404
-2305
-1346
86
-275
-1832
-1924
-25
1298
283
-1353
-1081
678
1433
465
-385
148
957
699
44
358
1251
1144
-67
-677
221
1285
868
-621
-1424
-906
-171
-267
-903
-1271
-1287
-1379
-1594
-1617
-1506
-1680
-2098
-2063
-1200
-200
-136
-1096
-1915
-1418
273
1761
1712
205
-1132
-568
1827
3853
3346
899
-391
1444
4422
4777
1923
-417
970
4258
4903
1983
-393
1048
3929
3621
118
-1761
594
3614
2653
-1187
-2586
312
3299
2222
-1286
-2552
-541
1313
537
-1253
-1606
-938
-1089
-1876
-1636
-481
-424
-1958
-2937
-1889
-457
-840
-2292
-2371
-926
-322
-1527
-2471
-1410
184
-37
-1496
-1593
119
1196
163
-1190
-663
1000
1446
369
-287
432
1195
816
169
515
1254
918
-271
-577
514
1361
592
-857
-1165
-282
157
-661
-1676
-1699
-1096
-991
-1506
-1804
-1590
-1508
-1883
-2009
-1255
-267
-276
-1358
-2122
-1334
569
1878
1405
-282
-1292
-208
2329
3929
2915
531
-115
2173
4775
4270
1031
-877
1067
4312
4535
1530
-516
1084
3722
3325
331
-896
1502
3961
2572
-1152
-2278
540
3174
1911
-1464
-2525
-439
1428
696
-1095
-1548
-933
-945
-1548
-1378
-542
-657
-1967
-2644
-1707
-708
-1220
-2248
-1915
-664
-564
-1805
-2252
-963
142
-637
-1909
-1331
589
1163
-286
-1360
-303
1380
1372
44
-403
571
1283
737
91
517
1198
769
-326
-451
612
1231
351
-990
-1246
-505
-100
-596
-1228
-1285
-1070
-1167
-1469
-1534
-1420
-1540
-1803
-1594
-789
-215
-677
-1718
-1912
-532
1362
1911
556
-1098
-859
1526
3772
3422
803
-1008
325
3392
4512
2344
-207
353
3365
4720
2451
-393
102
3113
4109
1323
-1537
-486
2939
3761
669
-2114
-874
2381
2932
19
-2452
-1650
573
938
-651
-1745
-1345
-826
-1133
-1385
-897
-650
-1495
-2350
-1800
-579
-588
-1833
-2333
-1335
-551
-1300
-2238
-1544
-48
-49
-1537
-2016
-398
1145
465
-1256
-1326
404
1490
690
-402
-115
836
864
184
235
1095
1287
258
-587
-19
1088
1029
-232
-1097
-654
169
89
-827
-1518
-1443
-1055
-942
-1145
-1428
-1676
-1786
-1517
-842
-295
-535
-1439
-1931
-1063
761
1920
1216
-657
-1554
-108
2535
3663
2001
-533
-794
1769
4162
3445
613
-522
1610
4089
3471
652
-344
1819
3754
2311
-595
-616
2539
4353
1930
-1693
-1754
1514
3349
1247
-1794
-1901
377
1522
301
-1130
-1068
-548
-954
-1576
-1133
-301
-683
-1959
-2188
-965
-215
-1142
-2266
-1822
-633
-717
-1882
-1978
-508
361
-752
-2039
-1236
719
980
-809
-1893
-583
1245
1109
-385
-739
520
1369
666
-197
231
1122
872
-190
-346
695
1276
347
-967
-1115
-316
10
-604
-1269
-1298
-1090
-1193
-1425
-1373
-1190
-1253
-1377
-1064
-431
-256
-858
-1412
-842
741
1888
1346
-357
-1167
317
2989
4077
2275
-395
-662
1983
4414
3691
908
-167
1841
4011
3200
541
-112
2190
3913
2080
-1162
-1334
1906
3962
1696
-1999
-2153
1307
3504
1475
-1917
-2318
133
1646
454
-1273
-1331
-596
-870
-1721
-1519
-550
-644
-1985
-2574
-1430
-273
-805
-2038
-1988
-909
-704
-1610
-1781
-514
343
-627
-1904
-1287
538
919
-635
-1640
-449
1287
1216
-208
-684
354
1146
591
-173
149
891
668
-266
-397
591
1245
492
-807
-1166
-520
-79
-492
-1131
-1240
-979
-971
-1324
-1626
-1645
-1520
-1325
-951
-529
-543
-1123
-1539
-887
629
1567
803
-897
-1419
307
2763
3336
1447
-464
247
3030
4572
2960
306
109
2571
4233
2720
140
166
2710
3874
1575
-1163
-377
2980
4072
1044
-2166
-1272
2313
3540
816
-2060
-1547
909
1587
-97
-1459
-1045
-393
-930
-1625
-1114
-289
-829
-2221
-2404
-1086
-241
-964
-1832
-1391
-533
-845
-1803
-1607
-324
4
-1312
-2263
-1176
577
538
-1131
-1905
-647
879
798
-283
-567
177
652
318
64
474
832
415
-195
-35
652
732
-109
-903
-799
-162
62
-403
-1053
-1392
-1393
-1251
-1117
-1110
-1285
-1448
-1279
-753
-336
-520
-1161
-1436
-634
917
1881
1201
-491
-1147
488
3048
3701
1540
-908
-483
2550
4542
3042
104
-334
2225
4124
2656
-72
-126
2494
3706
1288
-1643
-925
2553
3877
1042
-2158
-1472
1885
3119
620
-2125
-1761
490
1210
-250
-1508
-1139
-403
-651
-1181
-865
-331
-851
-1953
-2011
-937
-448
-1325
-2129
-1561
-583
-820
-1823
-1761
-478
106
-944
-1954
-1168
474
715
-599
-1320
-287
1026
869
-218
-452
452
1123
829
416
623
836
303
-393
-168
735
946
-52
-1158
-1230
-567
-244
-597
-1038
-1105
-984
-988
-1125
-1286
-1450
-1493
-1178
-578
-226
-529
-1122
-1122
-120
1216
1663
699
-681
-693
1253
3440
3416
1036
-855
309
3330
4446
2210
-384
182
3087
4234
2004
-404
443
3165
3461
433
-1853
-88
3379
3672
241
-2335
-772
2440
2730
-189
-2331
-1261
874
983
-661
-1565
-1029
-655
-1255
-1620
-938
-419
-1267
-2485
-2357
-1234
-965
-1869
-2252
-1301
-507
-1196
-2213
-1707
-219
46
-1293
-2081
-950
568
414
-886
-1167
57
1066
714
-21
109
705
695
265
419
1087
1106
180
-462
112
1046
915
-230
-1007
-693
-67
-98
-671
-1055
-1065
-1101
-1321
-1441
-1338
-1275
-1357
-1249
-776
-417
-732
-1425
-1448
-282
1237
1646
492
-959
-878
1104
3166
3065
817
-901
233
3123
4289
2269
-253
124
2860
4109
2087
-321
311
2892
3280
426
-1822
-196
3065
3230
-137
-2467
-672
2525
2596
-446
-2424
-1097
1088
1036
-717
-1535
-842
-412
-1074
-1541
-949
-460
-1208
-2225
-1938
-779
-510
-1384
-1823
-1104
-539
-1171
-1908
-1304
-112
-226
-1562
-1952
-463
1024
577
-916
-1132
247
1254
699
-240
-72
807
1049
560
413
895
1070
426
-182
117
820
805
7
-570
-378
2
-155
-738
-1160
-1234
-1207
-1228
-1228
-1223
-1313
-1368
-1093
-548
-281
-673
-1313
-1296
-233
1162
1628
649
-787
-946
813
2999
3310
1315
-676
-129
2485
3993
2490
-26
-154
2286
3884
2352
-154
-18
2556
3673
1390
-1262
-525
2522
3325
407
-2378
-1279
2043
2940
306
-2196
-1540
716
1241
-291
-1433
-992
-393
-856
-1472
-1094
-462
-915
-1997
-2104
-1115
-601
-1246
-1785
-1201
-477
-904
-1795
-1521
-289
0
-1197
-2007
-977
589
553
-794
-1223
20
1166
727
-328
-287
668
1002
381
60
665
1138
531
-377
-251
678
924
-46
-1091
-1087
-390
-97
-496
-948
-998
-871
-891
-1042
-1198
-1351
-1402
-1110
-547
-291
-777
-1562
-1622
-527
912
1355
345
-1043
-1106
677
2780
3041
1220
-348
603
3234
4316
2342
-255
-139
2413
3804
2094
-245
132
2552
3232
882
-1207
114
3052
3221
-8
-2388
-728
2590
3006
105
-2151
-1182
988
1243
-253
-1092
-603
-372
-1120
-1521
-744
-109
-925
-2199
-2137
-1038
-763
-1661
-2065
-1155
-390
-1064
-2052
-1570
-150
85
-1206
-1946
-859
548
324
-970
-1221
-4
925
407
-504
-363
524
847
413
227
692
975
453
-204
-61
625
754
-27
-856
-878
-327
-69
-461
-1059
-1325
-1210
-1030
-1037
-1259
-1555
-1675
-1384
-764
-321
-562
-1318
-1695
-930
637
1671
1158
-354
-1066
215
2540
3550
2099
-161
-459
1716
3765
3144
733
-198
1595
3555
2848
453
-151
1954
3607
2072
-813
-1059
1730
3591
1739
-1448
-1740
1035
2883
1300
-1448
-1805
185
1439
406
-1195
-1390
-645
-493
-970
-1018
-642
-881
-1752
-1947
-1007
-290
-892
-1846
-1657
-736
-686
-1575
-1756
-637
162
-650
-1838
-1450
107
648
-429
-1257
-432
891
897
-124
-439
370
955
525
25
412
1029
725
-200
-396
424
997
377
-714
-975
-314
214
-73
-749
-1098
-1018
-879
-910
-1080
-1325
-1557
-1552
-1151
-620
-499
-976
-1508
-1295
-159
1073
1247
126
-1078
-760
1214
2998
2669
672
-400
1083
3511
3831
1521
-514
338
2838
3500
1404
-468
535
2839
2859
319
-1120
809
3417
2753
-587
-2102
220
3023
2365
-798
-2258
-566
1416
1047
-623
-1159
-490
-368
-1143
-1395
-650
-330
-1303
-2276
-1810
-686
-651
-1614
-1869
-972
-476
-1293
-2045
-1280
41
-54
-1350
-1649
-235
887
54
-1419
-1213
463
1238
220
-768
-118
1159
1180
108
-300
477
1043
436
-406
-238
552
658
-117
-706
-483
-69
-222
-765
-1078
-1060
-1063
-1188
-1220
-1126
-1144
-1295
-1228
-756
-242
-261
-847
-1331
-968
234
1321
1227
-14
-995
-259
1893
3381
2561
355
-554
1080
3368
3503
1369
-196
900
3153
3442
1343
-203
969
3084
2901
496
-667
1237
3489
2567
-659
-1954
307
2790
1949
-1061
-2278
-585
1156
590
-1045
-1399
-587
-431
-1254
-1610
-976
-644
-1418
-2174
-1744
-904
-1075
-1948
-2006
-1089
-683
-1411
-1936
-1160
-154
-495
-1631
-1605
-164
703
-220
-1447
-1006
605
1229
280
-579
-112
769
716
99
182
917
1024
165
-415
181
1071
924
-77
-611
-211
211
-119
-762
-925
-676
-656
-991
-1209
-1115
-1094
-1364
-1476
-982
-260
-199
-1001
-1701
-1204
336
1497
1098
-358
-1067
111
2222
3099
1801
-136
-315
1673
3593
3179
1023
-49
1380
3342
3057
826
-216
1499
3533
2749
-68
-1053
1235
3519
2331
-956
-1944
561
2897
1797
-1118
-1951
-106
1331
378
-1290
-1391
-441
-396
-1341
-1638
-893
-571
-1394
-2059
-1443
-542
-843
-1867
-1984
-1119
-799
-1506
-1847
-968
-145
-742
-1832
-1516
24
680
-348
-1318
-645
717
874
-111
-517
251
916
581
114
523
1169
818
-183
-317
718
1402
612
-714
-976
-175
284
-276
-1003
-1009
-633
-679
-1099
-1234
-1006
-1027
-1470
-1641
-1014
-177
-159
-1052
-1799
-1408
-38
1206
1332
338
-740
-619
970
2700
2813
1211
-63
871
3170
3999
2166
-85
140
2446
3567
1862
-303
145
2509
3210
1005
-1035
92
2786
2982
71
-2026
-443
2475
2536
-358
-2280
-1015
1099
983
-823
-1568
-639
-39
-841
-1648
-1195
-470
-886
-1847
-1772
-791
-515
-1359
-1916
-1356
-757
-1164
-1743
-1223
-173
-196
-1244
-1542
-401
604
60
-1066
-925
367
1015
355
-291
117
762
539
-16
316
1231
1216
41
-666
170
1337
1079
-340
-1099
-499
209
-126
-955
-1143
-732
-636
-1060
-1306
-1075
-968
-1414
-1830
-1453
-542
-124
-665
-1490
-1588
-674
613
1290
848
-225
-656
449
2386
3229
1938
-82
-328
1712
3631
3008
658
-264
1502
3481
2821
398
-311
1733
3445
2011
-837
-1120
1576
3297
1340
-1764
-1790
1168
2915
1112
-1667
-1860
190
1295
178
-1204
-1056
-219
-317
-1099
-1190
-545
-429
-1174
-1608
-1082
-586
-1062
-1776
-1531
-708
-672
-1472
-1684
-767
-80
-728
-1689
-1323
30
496
-472
-1276
-638
542
724
62
-89
549
853
297
-122
447
1247
1035
46
-338
350
1028
707
-144
-449
-73
187
-141
-676
-950
-1003
-1070
-1109
-1006
-947
-1208
-1663
-1842
-1481
-843
-431
-522
-980
-1345
-1102
-131
995
1340
552
-538
-576
829
2461
2651
1209
-132
385
2326
3395
2253
371
232
1999
3205
2153
371
456
2238
2915
1198
-592
180
2465
2873
585
-1357
-389
1904
2139
-20
-1585
-679
974
896
-587
-1257
-519
0
-718
-1542
-1242
-532
-823
-1858
-2114
-1259
-643
-1090
-1677
-1377
-771
-978
-1666
-1554
-598
-194
-898
-1408
-578
669
674
-406
-833
40
869
511
-232
-14
870
1023
268
-52
727
1434
844
-364
-545
487
1178
461
-777
-1033
-209
436
67
-802
-1233
-1032
-696
-613
-756
-1004
-1349
-1703
-1812
-1510
-978
-615
-667
-1030
-1346
-1230
-536
433
987
588
-435
-894
115
1964
2809
1669
-93
-117
1977
3807
3107
794
-99
1529
3317
2735
706
274
2098
3356
1851
-591
-579
1893
3255
1423
-1183
-1069
1385
2590
904
-1262
-1173
439
903
-332
-1297
-838
-211
-728
-1613
-1478
-697
-724
-1598
-1879
-1074
-486
-1066
-1867
-1635
-857
-866
-1552
-1549
-592
-87
-835
-1629
-1098
90
249
-691
-1088
-170
802
557
-247
-165
740
1090
450
-14
552
1305
1028
46
-249
507
1149
702
-301
-719
-357
13
-137
-574
-907
-1096
-1207
-1153
-956
-924
-1259
-1681
-1735
-1355
-869
-557
-474
-621
-941
-1115
-689
323
1159
974
-111
-879
-211
1547
2701
2023
366
-86
1550
3513
3402
1320
-71
992
2952
3037
1161
70
1357
3040
2386
2
-849
1040
2920
1916
-821
-1683
317
2237
1426
-871
-1564
-125
1039
324
-1006
-1138
-412
-361
-1098
-1330
-695
-371
-1048
-1728
-1384
-639
-705
-1392
-1504
-895
-669
-1221
-1487
-764
-42
-478
-1407
-1242
6
634
-157
-1033
-573
591
837
57
-324
332
953
571
-127
46
867
1065
317
-287
79
786
777
72
-435
-312
-5
-13
-290
-598
-903
-1180
-1223
-992
-870
-1189
-1689
-1798
-1408
-986
-894
-968
-919
-823
-889
-928
-478
456
1109
738
-345
-828
229
2111
2954
1814
-7
-270
1480
3168
2693
701
-151
1285
3039
2686
745
-19
1434
2859
1972
-92
-304
1768
3118
1567
-974
-1127
1134
2469
969
-1264
-1321
434
1248
82
-1265
-1171
-390
-387
-984
-1004
-442
-429
-1226
-1757
-1368
-834
-1002
-1440
-1321
-881
-959
-1438
-1366
-632
-318
-973
-1586
-1058
34
229
-609
-1082
-381
532
453
-255
-331
401
864
499
101
448
1005
795
18
-198
484
1094
793
31
-222
132
379
118
-338
-633
-813
-974
-974
-801
-796
-1184
-1626
-1622
-1198
-847
-827
-893
-779
-618
-684
-901
-840
-225
655
1075
579
-346
-505
728
2395
2740
1294
-265
38
1961
3165
2148
269
36
1756
3063
2156
347
259
2029
2984
1485
-498
-79
2250
3075
940
-1400
-819
1709
2524
543
-1387
-807
931
1031
-545
-1402
-589
178
-482
-1470
-1240
-397
-595
-1710
-2010
-1000
-242
-844
-1755
-1564
-751
-747
-1472
-1521
-620
-185
-985
-1736
-1092
145
214
-834
-1195
-137
864
460
-505
-400
646
1059
345
-213
331
1141
1003
200
-46
503
866
439
-168
-203
155
243
-73
-419
-615
-811
-1013
-1016
-851
-875
-1244
-1607
-1572
-1214
-927
-876
-875
-771
-686
-784
-931
-754
-96
659
856
288
-380
-146
1182
2507
2459
1045
-106
501
2338
3303
2273
625
546
2120
3143
2156
543
597
2132
2649
1057
-493
337
2443
2620
234
-1646
-540
1877
2163
-32
-1693
-901
661
568
-826
-1361
-553
-48
-750
-1477
-1099
-445
-857
-1917
-2105
-1246
-734
-1270
-1859
-1578
-1058
-1262
-1748
-1419
-499
-326
-1161
-1606
-748
349
211
-786
-1001
-32
755
386
-302
-72
793
1055
517
246
802
1349
1011
257
153
746
1042
526
-165
-274
54
193
-9
-256
-433
-686
-931
-868
-572
-546
-978
-1370
-1250
-894
-917
-1318
-1467
-1058
-559
-539
-893
-1036
-633
107
727
831
327
-319
-242
910
2216
2237
862
-194
635
2577
3262
1811
161
562
2456
3147
1583
-68
510
2370
2556
462
-1103
89
2323
2264
-210
-1737
-256
2058
1930
-417
-1794
-654
1006
848
-600
-1244
-676
-354
-959
-1418
-937
-402
-857
-1713
-1700
-947
-739
-1395
-1802
-1316
-809
-1121
-1572
-1132
-285
-374
-1329
-1578
-509
417
-147
-1278
-1113
301
1050
238
-737
-381
704
925
175
-173
475
1083
740
75
156
776
863
210
-255
22
425
227
-294
-428
-187
-185
-568
-813
-668
-576
-908
-1288
-1183
-787
-764
-1211
-1462
-1051
-393
-204
-568
-915
-772
-194
452
790
580
-44
-379
319
1772
2564
1688
67
-253
1312
2897
2473
616
-139
1243
2786
2244
352
-154
1450
2684
1445
-751
-785
1489
2853
1278
-1102
-1026
1236
2361
783
-1226
-1042
634
1164
-54
-1059
-599
129
-313
-1278
-1254
-390
-203
-1088
-1749
-1329
-694
-878
-1430
-1335
-798
-821
-1371
-1359
-556
-144
-826
-1539
-1052
26
134
-774
-1114
-166
770
384
-614
-616
425
1027
503
-123
132
733
679
155
133
709
942
394
-202
-115
317
357
21
-128
8
-40
-417
-671
-547
-445
-774
-1236
-1260
-881
-710
-1021
-1387
-1324
-941
-683
-695
-771
-774
-761
-652
-212
468
789
330
-383
-283
915
2125
2031
741
-163
557
2206
2894
1847
442
487
1840
2576
1625
328
571
1982
2351
882
-410
459
2343
2370
129
-1498
-353
1850
1942
-203
-1605
-545
1141
996
-563
-1278
-587
-122
-814
-1477
-965
-150
-477
-1574
-1839
-989
-438
-994
-1673
-1435
-839
-945
-1452
-1251
-417
-206
-971
-1453
-752
195
53
-801
-876
80
702
164
-574
-318
546
774
218
-86
356
792
540
74
175
658
719
254
-28
222
457
161
-336
-419
-164
-150
-516
-773
-645
-512
-789
-1218
-1255
-896
-703
-978
-1333
-1236
-714
-264
-213
-443
-645
-622
-310
244
754
787
264
-193
220
1449
2340
1861
494
-90
982
2549
2735
1350
225
811
2204
2383
1057
109
899
2221
2018
442
-238
1043
2420
1683
-430
-1134
472
2091
1475
-461
-1129
15
950
262
-926
-950
-136
-28
-837
-1242
-646
-128
-653
-1533
-1574
-924
-696
-1169
-1515
-1293
-1073
-1260
-1335
-860
-458
-863
-1558
-1410
-480
-42
-632
-1155
-590
382
408
-434
-749
16
784
568
-49
45
730
953
479
219
702
1205
934
276
152
589
753
304
-154
-105
106
-67
-468
-568
-381
-420
-815
-1056
-800
-435
-530
-1010
-1288
-1081
-718
-589
-656
-671
-623
-655
-670
-339
352
837
554
-240
-549
269
1590
2056
1143
-74
-70
1261
2374
1973
709
353
1404
2371
1860
615
508
1787
2580
1585
95
232
1807
2455
1036
-634
-329
1392
1999
604
-896
-640
642
946
-83
-950
-748
-324
-653
-1275
-1213
-642
-577
-1196
-1590
-1245
-801
-941
-1352
-1382
-1163
-1253
-1528
-1333
-701
-495
-1048
-1489
-1011
-173
-120
-837
-1144
-466
320
241
-361
-458
99
509
369
234
570
946
774
334
367
883
1094
631
125
268
783
861
338
-139
-98
139
57
-268
-384
-223
-210
-570
-945
-906
-592
-517
-850
-1191
-1135
-796
-573
-595
-639
-584
-590
-756
-802
-379
351
735
369
-312
-409
425
1482
1682
819
-83
147
1400
2311
1864
712
393
1311
2167
1745
663
530
1591
2241
1326
-14
149
1692
2421
1155
-495
-338
1267
1931
657
-818
-622
615
912
-111
-909
-558
-33
-426
-1159
-1039
-297
-237
-1116
-1716
-1273
-621
-782
-1379
-1409
-936
-877
-1365
-1504
-938
-522
-912
-1408
-1051
-221
-88
-738
-1000
-290
467
267
-439
-491
225
722
513
246
525
944
841
428
439
912
1122
734
314
427
768
681
204
-44
146
274
-31
-414
-378
-122
-258
-856
-1284
-1104
-703
-708
-1119
-1390
-1258
-1031
-1013
-1054
-897
-671
-696
-938
-961
-517
106
408
211
-196
-325
143
1020
1613
1327
471
147
981
2162
2299
1234
376
868
2001
2204
1261
623
1254
2162
1844
578
120
1132
2112
1534
100
-229
926
1817
1074
-374
-724
161
775
265
-529
-597
-255
-391
-930
-1044
-615
-465
-988
-1480
-1269
-782
-818
-1267
-1360
-990
-870
-1272
-1507
-1068
-564
-804
-1433
-1404
-620
-148
-581
-1109
-767
82
340
-131
-377
108
632
490
89
214
733
842
419
251
740
1199
899
219
90
613
955
610
65
-28
205
186
-166
-395
-294
-225
-500
-874
-909
-636
-503
-746
-1084
-1142
-936
-775
-809
-855
-704
-445
-347
-490
-614
-414
90
516
503
116
-144
198
1041
1647
1382
547
216
983
2067
2155
1131
367
918
2026
2098
990
280
995
2049
1759
382
-149
975
2138
1550
-155
-760
395
1507
913
-604
-1061
-113
644
113
-856
-965
-386
-256
-809
-1139
-784
-445
-798
-1389
-1408
-970
-840
-1165
-1328
-1059
-855
-1051
-1198
-869
-476
-629
-1052
-952
-321
-27
-448
-817
-411
309
403
-87
-247
265
739
622
370
612
1054
962
415
279
848
1331
1010
304
140
622
986
731
220
1
80
119
17
-73
-137
-321
-617
-822
-844
-818
-890
-1013
-1091
-1136
-1182
-1194
-1132
-1066
-1061
-1024
-832
-574
-511
-690
-783
-430
223
591
314
-222
-230
550
1440
1529
779
163
550
1606
2139
1581
748
788
1634
2078
1462
653
849
1789
2037
1069
154
585
1715
1780
455
-572
42
1342
1419
101
-884
-435
464
359
-554
-928
-401
-37
-552
-1222
-1100
-513
-502
-1168
-1570
-1207
-731
-844
-1258
-1293
-1002
-954
-1202
-1207
-830
-632
-905
-1119
-753
-218
-247
-692
-708
-83
397
159
-268
-108
466
674
400
333
783
1134
837
339
468
1146
1451
931
244
223
765
1063
737
228
82
235
251
-23
-328
-440
-450
-539
-699
-801
-819
-864
-998
-1128
-1137
-1034
-957
-1015
-1156
-1213
-1059
-750
-494
-476
-667
-809
-614
-69
465
549
147
-207
85
951
1596
1377
628
339
960
1799
1887
1217
751
1114
1768
1793
1187
857
1274
1739
1384
510
253
948
1544
1040
-44
-330
471
1119
582
-526
-860
-230
259
-115
-754
-810
-470
-515
-1002
-1209
-836
-520
-832
-1412
-1528
-1161
-913
-1046
-1202
-1114
-1016
-1125
-1196
-958
-660
-711
-957
-869
-402
-135
-375
-629
-342
237
416
114
-39
300
672
576
277
386
877
1104
772
402
567
1060
1198
770
286
262
592
772
550
145
-83
-27
112
83
-156
-419
-518
-487
-527
-727
-946
-1019
-983
-988
-1057
-1062
-971
-925
-1015
-1114
-1041
-810
-617
-586
-656
-678
-545
-224
198
484
418
118
32
466
1137
1410
1054
591
699
1376
1892
1682
1062
833
1254
1726
1609
1102
934
1300
1539
1107
452
443
1073
1345
666
-235
-251
544
963
363
-503
-609
-81
109
-380
-861
-765
-466
-584
-981
-1036
-700
-571
-925
-1278
-1160
-837
-831
-1089
-1132
-870
-727
-899
-1020
-794
-510
-560
-760
-631
-193
12
-220
-418
-163
269
346
101
44
349
615
539
393
553
880
927
628
404
552
851
919
701
445
346
393
490
531
393
64
-231
-235
-23
25
-290
-692
-788
-601
-512
-720
-1016
-1127
-1071
-1034
-1042
-993
-913
-964
-1145
-1211
-990
-635
-436
-452
-490
-415
-281
-161
9
273
474
426
236
287
759
1317
1424
1003
605
780
1381
1716
1424
943
933
1379
1617
1275
817
879
1314
1376
819
321
535
1098
1095
374
-202
40
630
632
-33
-533
-347
37
-82
-606
-873
-681
-506
-691
-948
-898
-700
-774
-1104
-1261
-1071
-841
-846
-948
-919
-826
-844
-866
-679
-410
-411
-675
-763
-441
-80
-121
-398
-413
-94
113
-13
-126
107
438
435
176
136
430
660
562
402
505
709
661
431
416
666
769
505
226
313
559
461
4
-278
-75
230
106
-379
-673
-509
-235
-291
-627
-848
-782
-645
-677
-810
-843
-767
-754
-860
-926
-814
-616
-528
-572
-593
-496
-363
-296
-239
-69
188
342
287
175
275
636
986
1005
721
536
763
1216
1382
1073
714
815
1257
1422
1049
651
796
1266
1314
762
311
555
1083
1043
381
-52
265
775
645
-34
-425
-165
183
25
-431
-593
-393
-299
-525
-745
-669
-500
-567
-789
-834
-655
-534
-624
-754
-766
-738
-767
-748
-586
-453
-558
-760
-704
-376
-169
-327
-558
-459
-125
10
-167
-279
-56
259
290
105
93
339
511
402
267
412
695
726
469
309
473
700
638
361
248
404
529
366
71
-27
104
194
61
-156
-238
-195
-219
-387
-560
-581
-503
-510
-668
-846
-889
-810
-757
-810
-895
-900
-823
-747
-719
-690
-611
-500
-422
-383
-324
-180
26
195
240
195
214
418
716
857
716
517
603
989
1273
1128
766
686
1004
1274
1105
726
663
967
1121
805
399
457
876
1000
554
62
124
562
678
241
-203
-133
230
283
-83
-393
-315
-113
-183
-454
-553
-404
-329
-524
-775
-807
-685
-651
-736
-765
-695
-668
-736
-754
-645
-557
-609
-663
-534
-322
-293
-444
-489
-296
-99
-128
-235
-130
145
272
152
67
240
482
481
282
221
431
654
633
464
430
602
761
727
567
467
484
523
486
370
242
169
162
158
81
-70
-198
-233
-245
-345
-525
-645
-636
-612
-693
-825
-851
-769
-744
-862
-993
-975
-857
-803
-857
-878
-770
-610
-518
-494
-455
-366
-254
-127
20
142
183
194
312
566
786
796
661
650
896
1212
1295
1106
930
1034
1312
1421
1234
1019
1069
1278
1280
1000
792
915
1111
956
522
319
551
773
521
0
-196
51
219
-61
-484
-548
-318
-280
-580
-829
-739
-581
-732
-1068
-1151
-911
-740
-882
-1093
-1061
-883
-862
-1002
-1026
-861
-754
-835
-894
-745
-552
-551
-640
-529
-237
-97
-212
-275
-49
239
263
119
186
512
725
607
434
545
834
934
770
631
712
860
870
789
763
761
656
500
471
565
557
339
114
109
234
201
-52
-282
-307
-253
-346
-577
-742
-749
-724
-791
-895
-927
-914
-962
-1077
-1138
-1080
-992
-986
-1044
-1049
-939
-786
-688
-663
-652
-593
-461
-276
-77
76
152
188
276
479
747
941
964
880
878
1068
1333
1436
1300
1130
1166
1375
1485
1353
1166
1173
1310
1283
1019
809
891
1064
955
593
397
563
734
500
16
-191
19
203
-9
-396
-515
-370
-364
-647
-892
-835
-675
-755
-1015
-1115
-969
-860
-972
-1121
-1083
-948
-934
-1004
-943
-750
-651
-732
-781
-628
-412
-355
-412
-371
-201
-68
-30
39
189
279
230
226
440
718
760
583
506
684
871
812
637
647
838
909
741
584
660
803
715
437
301
424
525
337
9
-116
20
107
-86
-417
-598
-573
-535
-619
-759
-835
-857
-908
-1005
-1087
-1121
-1135
-1153
-1159
-1140
-1117
-1110
-1107
-1087
-1048
-992
-904
-783
-671
-614
-587
-501
-321
-119
21
112
234
396
497
491
515
727
1070
1265
1163
981
1066
1422
1668
1526
1217
1189
1499
1722
1535
1174
1107
1362
1479
1179
780
745
997
1024
628
235
287
589
584
148
-251
-227
-12
-67
-406
-627
-553
-468
-641
-908
-959
-822
-797
-956
-1051
-934
-795
-852
-1019
-1071
-995
-956
-978
-917
-754
-670
-739
-769
-616
-435
-451
-568
-486
-174
55
10
-98
1
229
327
291
362
599
763
698
599
700
907
951
808
731
843
960
899
756
730
798
782
650
554
556
514
328
129
98
175
133
-81
-277
-297
-249
-322
-520
-671
-700
-714
-817
-941
-970
-925
-932
-1028
-1113
-1097
-1037
-1037
-1099
-1134
-1088
-1000
-930
-889
-852
-815
-769
-687
-554
-415
-325
-274
-199
-78
42
130
244
431
616
676
630
670
916
1205
1263
1068
929
1105
1453
1582
1358
1090
1134
1409
1516
1294
1039
1073
1268
1236
907
662
767
955
793
336
67
221
423
236
-223
-474
-359
-224
-371
-646
-738
-663
-686
-871
-1000
-950
-893
-1000
-1159
-1157
-1030
-990
-1091
-1154
-1071
-959
-950
-979
-909
-785
-756
-802
-752
-555
-393
-388
-413
-282
-64
31
-16
10
216
419
427
342
411
639
785
721
625
715
924
1017
918
808
834
936
967
916
874
872
848
757
643
559
509
462
395
294
167
63
25
-3
-136
-368
-521
-473
-368
-458
-748
-962
-922
-793
-841
-1040
-1145
-1055
-957
-1017
-1146
-1153
-1043
-977
-1020
-1059
-1002
-905
-861
-845
-776
-649
-541
-490
-454
-390
-301
-189
-44
101
187
219
310
532
781
877
802
765
942
1230
1359
1232
1071
1140
1405
1563
1448
1245
1248
1445
1530
1331
1064
1030
1171
1143
839
585
670
889
794
362
52
173
408
286
-147
-408
-295
-159
-337
-663
-760
-636
-630
-858
-1045
-988
-871
-951
-1142
-1168
-1016
-929
-1014
-1099
-1051
-975
-994
-1013
-901
-750
-743
-832
-788
-563
-388
-407
-450
-308
-67
24
-39
-15
198
386
366
267
339
567
699
637
577
685
850
869
780
779
903
973
883
775
805
905
878
721
603
613
635
551
413
331
282
180
37
-44
-65
-145
-323
-474
-492
-461
-530
-693
-806
-809
-804
-875
-962
-967
-918
-917
-982
-1021
-987
-948
-965
-993
-947
-834
-754
-754
-782
-754
-664
-565
-495
-440
-376
-287
-180
-75
5
63
135
250
376
452
480
540
690
875
980
977
966
1050
1204
1307
1296
1238
1248
1340
1408
1362
1247
1192
1236
1268
1175
1012
933
962
929
718
462
380
453
442
228
-16
-75
-17
-73
-295
-491
-531
-519
-604
-738
-777
-735
-763
-901
-1013
-1010
-977
-1021
-1095
-1087
-1009
-969
-992
-992
-933
-891
-907
-896
-781
-632
-574
-589
-547
-405
-274
-236
-222
-129
4
67
65
117
264
391
398
353
391
512
588
568
552
632
750
786
736
698
723
759
753
735
748
765
733
669
635
633
601
515
432
415
424
382
273
157
86
44
-10
-85
-170
-265
-365
-444
-481
-507
-570
-668
-746
-776
-793
-839
-888
-890
-849
-823
-843
-863
-846
-817
-814
-819
-772
-667
-573
-540
-541
-527
-490
-460
-435
-392
-316
-230
-156
-100
-63
-54
-48
-8
87
199
281
337
421
558
700
771
767
764
830
945
1033
1055
1054
1089
1147
1161
1102
1016
971
970
957
887
792
733
714
660
517
346
259
284
301
197
23
-78
-71
-86
-220
-385
-432
-376
-382
-513
-638
-628
-558
-590
-728
-814
-769
-711
-754
-843
-841
-746
-678
-698
-729
-698
-644
-635
-635
-572
-456
-370
-336
-298
-226
-163
-135
-92
11
122
152
122
137
231
317
330
322
373
447
458
406
387
441
492
473
437
466
537
557
509
483
535
600
598
538
505
534
584
605
583
517
426
358
355
373
308
131
-27
-29
71
69
-131
-360
-401
-283
-250
-433
-669
-715
-589
-518
-622
-758
-757
-667
-655
-740
-773
-677
-586
-640
-764
-773
-629
-496
-511
-613
-649
-577
-477
-419
-384
-336
-284
-241
-192
-126
-69
-49
-38
15
113
201
240
256
303
389
484
572
655
719
737
723
735
814
913
948
905
868
907
972
962
862
774
773
808
764
640
545
549
572
495
327
205
200
218
139
-10
-97
-77
-62
-160
-316
-398
-384
-384
-477
-600
-646
-624
-623
-676
-713
-695
-671
-695
-740
-739
-680
-622
-603
-593
-556
-508
-470
-433
-379
-316
-266
-216
-143
-58
-1
19
41
91
139
155
167
215
290
328
315
304
337
383
388
358
349
380
412
409
393
398
417
413
384
369
396
446
476
458
392
308
264
298
378
405
300
120
3
34
126
111
-68
-273
-319
-208
-144
-285
-538
-654
-541
-397
-442
-638
-753
-686
-585
-607
-697
-700
-622
-611
-703
-744
-637
-499
-507
-626
-653
-514
-367
-368
-462
-486
-394
-290
-264
-289
-299
-271
-212
-122
-23
48
84
134
237
352
417
449
519
645
753
787
794
849
942
1001
1000
999
1034
1061
1026
972
979
1044
1058
948
791
719
746
736
594
408
342
402
414
269
81
19
56
4
-188
-341
-314
-233
-320
-560
-708
-647
-563
-665
-875
-950
-838
-735
-789
-899
-906
-828
-795
-815
-786
-683
-623
-665
-699
-612
-459
-381
-392
-373
-267
-156
-117
-96
-22
67
92
72
112
234
331
332
305
343
416
433
396
392
451
495
470
435
462
521
537
512
518
556
543
453
383
427
517
504
359
220
219
309
312
145
-81
-170
-72
49
-9
-250
-465
-470
-336
-304
-485
-705
-734
-588
-492
-578
-707
-697
-579
-536
-612
-655
-564
-455
-485
-606
-623
-481
-346
-373
-499
-551
-469
-356
-313
-328
-333
-297
-234
-165
-113
-95
-91
-49
43
142
199
233
295
381
448
493
571
692
782
778
729
751
865
960
937
841
814
902
987
942
794
701
740
815
773
619
498
505
547
478
294
150
144
198
169
43
-62
-78
-76
-163
-325
-442
-441
-391
-409
-512
-606
-615
-577
-588
-668
-732
-711
-650
-646
-707
-738
-674
-577
-546
-577
-574
-502
-423
-404
-411
-371
-277
-191
-149
-131
-109
-81
-55
-12
47
97
124
152
208
267
292
291
308
354
384
379
373
400
438
435
395
372
394
426
419
379
341
313
282
260
284
335
329
215
84
74
184
234
87
-136
-184
1
166
61
-228
-368
-212
-4
-55
-325
-487
-369
-179
-190
-366
-448
-343
-244
-322
-456
-427
-254
-171
-279
-394
-331
-167
-130
-263
-374
-310
-151
-74
-121
-191
-201
-162
-117
-77
-54
-65
-102
-118
-88
-46
-31
-20
20
66
81
77
115
194
236
202
172
242
381
455
395
300
323
476
617
618
504
424
478
610
661
553
388
335
426
514
456
302
225
276
317
223
74
40
130
165
39
-127
-149
-49
-14
-133
-273
-279
-186
-153
-238
-339
-358
-326
-330
-379
-406
-391
-385
-431
-485
-484
-443
-427
-457
-479
-447
-387
-350
-351
-355
-335
-295
-249
-199
-158
-152
-169
-155
-81
12
62
70
87
130
155
140
136
189
261
284
260
259
308
345
321
282
306
386
442
432
399
396
407
404
398
407
419
385
311
266
293
342
316
191
61
34
106
152
64
-116
-224
-166
-51
-74
-275
-465
-463
-336
-313
-472
-630
-594
-434
-380
-493
-591
-538
-441
-474
-602
-630
-501
-390
-442
-562
-569
-446
-347
-358
-403
-385
-326
-291
-271
-214
-135
-90
-84
-55
19
95
140
194
292
394
455
494
553
616
638
638
680
758
779
700
631
690
831
877
765
631
634
738
759
614
437
405
504
545
424
254
205
262
247
83
-90
-107
-28
-51
-211
-332
-283
-184
-229
-411
-529
-487
-408
-436
-541
-600
-585
-579
-607
-613
-566
-533
-567
-614
-593
-517
-465
-462
-456
-413
-361
-330
-300
-239
-175
-143
-127
-80
0
58
69
75
114
164
179
177
214
289
338
321
292
320
395
440
423
390
386
400
400
382
376
382
387
390
399
401
370
320
309
354
378
290
123
26
88
218
232
64
-135
-178
-57
32
-76
-305
-412
-296
-135
-162
-359
-483
-404
-282
-330
-502
-563
-437
-320
-374
-488
-448
-275
-192
-306
-443
-418
-286
-237
-311
-368
-302
-187
-139
-159
-164
-127
-93
-90
-94
-76
-57
-48
-34
5
49
62
57
67
103
142
170
204
255
312
348
368
389
427
484
537
547
496
429
442
566
686
661
503
396
469
612
608
427
278
317
443
437
279
168
214
279
181
-25
-117
-25
68
-13
-191
-253
-159
-88
-180
-344
-405
-351
-314
-366
-435
-441
-416
-432
-479
-494
-471
-467
-494
-495
-442
-381
-363
-364
-335
-290
-273
-268
-228
-165
-153
-212
-251
-190
-88
-53
-84
-73
26
122
134
103
123
181
192
143
123
186
263
269
235
252
334
397
386
346
341
367
383
378
370
353
317
290
309
343
311
193
101
132
222
208
46
-105
-83
52
81
-92
-308
-357
-249
-193
-321
-512
-561
-460
-382
-441
-548
-559
-496
-497
-595
-664
-600
-490
-482
-565
-585
-466
-319
-287
-359
-409
-376
-309
-270
-251
-217
-164
-106
-34
52
120
148
161
208
294
373
423
465
526
593
646
678
699
712
729
760
793
796
771
763
781
775
706
634
633
661
599
447
347
379
411
290
89
13
84
90
-81
-256
-228
-98
-130
-354
-508
-445
-351
-442
-621
-638
-495
-436
-564
-681
-612
-482
-498
-618
-635
-519
-452
-522
-580
-498
-381
-380
-439
-393
-250
-182
-237
-264
-161
-38
-30
-67
-7
132
193
144
125
219
318
297
229
258
377
442
403
362
402
453
417
339
331
389
406
337
267
271
304
288
233
205
210
188
124
73
67
65
27
-20
-23
-4
-22
-88
-142
-154
-162
-194
-221
-202
-155
-147
-191
-239
-246
-232
-234
-252
-251
-216
-172
-147
-139
-128
-108
-92
-88
-99
-112
-105
-72
-26
2
9
24
60
99
106
83
67
84
119
139
140
133
132
137
151
171
181
165
141
137
153
160
137
104
88
89
86
75
76
93
96
68
33
34
60
56
-1
-63
-58
12
70
43
-47
-110
-84
-3
26
-61
-199
-250
-158
-36
-38
-170
-271
-218
-103
-109
-253
-358
-301
-184
-181
-284
-319
-223
-137
-193
-303
-296
-172
-112
-194
-291
-253
-130
-81
-141
-193
-156
-89
-74
-99
-100
-78
-73
-75
-41
21
41
0
-31
13
101
157
164
166
197
240
279
319
363
393
402
412
434
455
472
511
581
636
626
571
542
558
555
476
369
329
372
415
377
279
206
188
168
88
-18
-74
-68
-79
-163
-273
-319
-297
-293
-364
-449
-464
-422
-419
-499
-598
-619
-561
-489
-453
-447
-450
-462
-482
-486
-463
-428
-408
-396
-367
-315
-264
-232
-210
-187
-157
-120
-70
-13
27
43
63
118
198
256
273
281
322
386
432
450
462
482
488
465
439
439
454
449
421
399
401
400
370
312
255
210
167
123
79
42
1
-47
-91
-124
-151
-188
-237
-282
-310
-326
-342
-365
-382
-386
-381
-375
-376
-382
-394
-409
-414
-403
-387
-385
-400
-410
-401
-382
-364
-349
-318
-274
-238
-214
-175
-111
-45
-16
-14
7
71
140
179
194
222
278
334
368
392
425
468
504
528
549
570
586
593
593
592
587
580
571
556
525
480
439
412
377
318
250
203
178
143
84
26
-8
-30
-77
-136
-177
-194
-223
-281
-342
-372
-380
-397
-426
-444
-449
-464
-493
-508
-490
-458
-447
-451
-445
-420
-398
-385
-365
-335
-313
-306
-285
-230
-163
-127
-120
-99
-44
22
65
96
141
192
224
238
266
325
388
420
417
406
415
452
500
505
434
334
327
452
577
512
273
110
201
395
378
92
-156
-96
134
171
-83
-333
-309
-145
-159
-388
-540
-449
-321
-417
-644
-687
-488
-344
-482
-715
-711
-467
-302
-405
-598
-610
-438
-301
-311
-370
-368
-319
-290
-275
-234
-174
-125
-82
-26
35
84
139
223
295
299
274
323
464
573
558
483
485
582
659
641
591
602
667
708
680
624
588
583
587
568
515
448
411
410
394
326
247
212
202
139
23
-44
-13
17
-63
-204
-263
-222
-223
-334
-435
-403
-305
-309
-428
-513
-487
-442
-472
-525
-505
-454
-470
-538
-540
-446
-374
-405
-464
-440
-349
-284
-277
-265
-228
-205
-203
-159
-55
29
32
9
51
143
191
168
153
202
267
284
275
297
343
353
319
304
342
384
371
317
281
284
293
286
274
267
251
216
178
154
131
90
42
19
28
41
31
-1
-41
-78
-106
-114
-106
-107
-132
-171
-184
-164
-143
-152
-183
-201
-194
-186
-190
-194
-186
-171
-171
-175
-164
-134
-115
-126
-148
-148
-122
-99
-107
-131
-130
-91
-40
-11
-15
-27
-29
-17
-1
17
40
65
82
88
86
89
106
132
151
146
124
108
114
133
138
127
120
127
133
121
106
110
127
126
98
71
67
71
56
22
-5
-11
-3
-3
-20
-40
-53
-49
-34
-22
-23
-28
-26
-17
-11
-14
-23
-34
-49
-57
-52
-36
-30
-45
-65
-70
-59
-44
-38
-36
-31
-27
-22
-20
-13
1
22
34
23
-1
-13
-2
12
0
-26
-32
-3
31
40
25
12
15
21
19
13
13
26
42
60
73
75
61
35
12
3
8
15
12
1
-14
-26
-32
-35
-40
-52
-66
-75
-78
-78
-81
-79
-68
-55
-53
-65
-75
-68
-55
-54
-64
-64
-43
-17
-16
-38
-54
-47
-21
2
16
28
41
49
53
64
85
103
105
91
78
70
68
73
88
103
103
89
79
83
88
79
65
65
85
103
106
100
102
106
97
71
49
41
46
44
33
21
10
-4
-22
-32
-30
-28
-44
-76
-95
-95
-88
-91
-99
-97
-83
-74
-82
-99
-109
-110
-111
-113
-114
-106
-101
-102
-103
-93
-78
-66
-59
-45
-27
-11
-8
-9
1
26
49
58
53
44
42
47
61
80
101
116
120
118
112
103
93
88
85
75
55
41
46
64
75
74
67
65
63
48
29
17
17
13
0
-7
3
18
17
-10
-40
-53
-42
-22
-11
-14
-30
-51
-70
-81
-86
-88
-82
-66
-45
-31
-30
-33
-33
-34
-44
-66
-82
-77
-57
-42
-39
-41
-32
-18
-13
-20
-19
-4
14
18
14
17
32
42
39
30
26
25
23
22
34
55
68
64
52
39
22
2
-9
-3
9
9
-5
-17
-17
-4
5
3
-4
-9
-13
-20
-24
-21
-14
-10
-11
-14
-15
-13
-13
-13
-7
2
7
1
-3
-3
-4
-15
-26
-26
-9
9
18
23
32
45
50
42
32
29
30
26
20
15
8
-2
-9
-2
16
32
35
28
21
17
13
10
16
29
40
41
35
26
23
22
20
20
20
21
19
17
16
9
-4
-13
-10
2
13
15
7
1
1
4
8
9
11
11
5
-3
-7
1
17
27
20
3
-11
-16
-17
-13
-9
-1
3
0
-1
7
22
37
49
60
67
66
54
40
30
24
19
18
25
30
23
6
-6
-2
15
24
19
10
5
8
11
13
20
35
53
63
61
49
33
18
11
15
25
26
16
0
-10
-13
-15
-15
-8
5
10
2
-9
-7
2
0
-18
-40
-48
-47
-45
-42
-34
-28
-32
-43
-44
-28
-6
8
10
13
15
6
-9
-8
14
38
43
31
27
41
56
57
52
54
62
61
51
55
74
99
112
113
112
111
103
93
89
92
99
103
102
88
58
20
-3
0
2
-22
-65
-85
-60
-26
-40
-101
-147
-133
-87
-75
-102
-122
-100
-73
-92
-143
-162
-127
-91
-104
-140
-148
-118
-90
-96
-104
-85
-50
-30
-35
-39
-22
5
28
42
52
63
81
105
137
158
163
167
182
198
197
185
181
188
179
140
99
101
132
137
94
55
65
101
94
41
6
29
64
43
-20
-49
-22
4
-29
-88
-106
-77
-67
-105
-146
-140
-104
-101
-137
-167
-157
-129
-119
-124
-114
-89
-67
-58
-50
-44
-47
-58
-49
-19
4
-7
-21
-3
38
55
37
26
49
83
81
49
29
42
54
42
29
41
66
69
49
41
64
90
84
51
25
21
20
10
2
8
11
0
-15
-12
11
23
15
6
16
34
36
14
-2
-1
10
15
9
8
11
13
12
10
12
16
19
25
38
46
44
36
37
51
61
53
38
29
29
24
10
-1
0
7
0
-20
-33
-25
-10
-7
-17
-23
-13
-3
-11
-32
-43
-35
-22
-24
-36
-40
-31
-19
-16
-18
-16
-10
-10
-13
-17
-19
-28
-40
-46
-35
-24
-21
-21
-15
-1
9
14
23
40
51
43
26
21
31
36
25
7
1
8
15
10
6
7
14
19
18
18
17
18
26
38
45
37
17
2
5
11
12
5
1
-1
-8
-20
-23
-11
-3
-10
-29
-39
-30
-19
-21
-30
-29
-13
4
10
2
-2
3
13
21
25
25
17
7
6
15
27
29
24
23
26
25
15
5
6
15
23
27
33
40
38
28
15
13
24
40
45
29
-4
-25
-16
15
22
-22
-82
-95
-41
3
-26
-113
-158
-115
-53
-70
-150
-190
-137
-70
-83
-142
-140
-54
13
-16
-79
-70
11
57
20
-33
-16
52
87
64
35
43
77
103
112
118
124
130
140
157
165
150
134
145
166
163
131
110
122
133
106
57
34
44
45
6
-38
-47
-23
-18
-51
-89
-95
-76
-67
-77
-87
-77
-55
-47
-55
-68
-77
-83
-82
-71
-59
-55
-64
-71
-65
-56
-56
-66
-66
-47
-19
-4
-4
-11
-11
-1
13
21
21
15
10
12
15
17
21
30
41
39
22
2
-3
4
17
26
34
43
49
44
30
19
22
40
62
72
72
75
90
103
101
89
81
84
84
67
40
16
0
-17
-35
-45
-42
-32
-34
-48
-67
-78
-77
-72
-69
-70
-65
-50
-31
-27
-46
-75
-96
-98
-90
-82
-78
-71
-58
-47
-41
-38
-32
-18
-8
-4
-4
0
17
38
51
54
52
53
58
62
65
73
87
98
98
93
89
83
67
43
23
21
30
42
48
48
41
27
13
10
18
29
31
24
12
-2
-14
-19
-19
-23
-36
-55
-65
-58
-48
-45
-51
-55
-51
-44
-38
-28
-20
-18
-24
-29
-23
-9
2
7
9
14
18
22
26
30
32
28
17
10
8
12
19
25
26
25
23
21
15
6
3
7
16
19
14
9
9
11
9
5
4
5
4
3
1
-3
-12
-23
-27
-22
-16
-14
-15
-15
-15
-17
-20
-14
-4
1
-1
-6
-6
1
6
4
2
1
2
4
7
10
13
15
14
10
4
-3
-5
-5
-5
-7
-11
-9
-5
2
6
9
9
11
13
15
18
27
34
36
31
27
27
27
26
28
33
38
38
33
29
27
29
27
23
22
24
28
31
31
31
27
22
16
8
-1
-5
0
7
13
15
18
21
23
23
22
23
24
25
26
28
32
33
34
34
32
26
19
16
23
37
46
52
53
57
60
55
42
31
22
16
5
-9
-21
-26
-29
-34
-39
-39
-38
-40
-43
-39
-33
-27
-24
-21
-17
-16
-16
-15
-12
-9
-10
-10
-4
6
12
15
15
13
2
-8
-11
-1
16
27
31
31
31
30
30
38
55
77
91
92
82
70
60
58
60
66
70
67
56
45
40
36
30
18
11
9
12
10
3
-6
-16
-27
-32
-27
-12
-3
-4
-14
-20
-18
-15
-14
-16
-25
-40
-58
-66
-59
-46
-38
-37
-35
-31
-28
-33
-37
-36
-27
-15
-3
6
11
11
8
6
3
-1
-2
4
18
33
39
35
25
24
29
36
38
38
41
42
39
32
29
30
31
27
16
10
9
10
9
6
1
-2
-6
-8
-7
-4
0
6
9
11
10
9
9
10
11
9
8
9
7
4
1
1
4
0
-9
-17
-19
-15
-16
-22
-25
-18
0
17
25
22
17
16
22
27
29
26
31
42
55
64
61
50
39
33
35
37
34
24
14
11
12
17
21
25
25
15
1
-7
-2
13
27
29
23
15
9
4
1
3
4
-1
-11
-16
-11
1
6
2
-6
-9
-8
-5
1
7
13
17
21
25
28
27
22
19
17
10
-1
-9
-7
3
15
28
39
48
44
25
8
1
11
27
40
41
34
25
20
20
22
24
25
20
7
-11
-17
-4
22
44
56
56
46
31
18
15
21
27
28
26
27
28
20
5
-8
-14
-13
-17
-25
-32
-38
-42
-46
-46
-36
-23
-15
-20
-30
-36
-33
-26
-13
6
23
33
27
10
-8
-21
-25
-23
-20
-20
-17
-14
-10
-8
-8
-7
-6
-3
0
8
19
33
42
