
4
3
0
-4
-3
1
5
4
0
-4
-9
-14
-13
-5
5
12
13
11
5
-2
-7
-9
-6
0
5
8
13
15
16
17
17
18
21
26
28
28
25
26
31
33
30
25
21
16
11
5
7
16
27
32
32
30
28
29
31
36
36
30
18
8
4
5
5
5
4
5
4
4
2
0
-1
-1
2
8
13
17
18
18
12
4
-3
-5
-1
2
5
5
9
14
20
24
22
15
6
1
2
8
14
15
14
11
7
6
10
20
28
30
22
10
-4
-9
0
19
40
45
33
7
-14
-19
-5
19
36
37
19
-1
-11
-9
-3
2
7
11
10
0
-14
-20
-15
-3
8
13
13
8
1
-5
-7
-5
-1
4
9
9
7
6
11
23
32
31
26
20
18
18
18
17
14
9
3
-2
-2
0
5
5
3
3
4
3
-2
-9
-12
-11
-6
2
9
10
3
-7
-12
-12
-11
-13
-13
-12
-8
-6
-4
-3
0
3
5
5
4
6
9
15
21
26
26
25
24
27
30
35
39
41
37
26
12
3
3
5
8
8
6
5
7
11
16
18
18
19
22
26
25
25
24
24
25
25
25
25
24
21
17
13
15
20
27
31
27
18
8
3
6
10
15
14
9
2
-4
-2
8
22
33
35
27
12
-2
-6
-1
8
18
21
22
18
14
12
9
7
4
2
3
4
8
11
14
14
12
7
4
3
-1
-3
-3
-1
3
6
13
23
30
29
23
17
13
11
12
13
13
11
8
5
3
4
3
0
-5
-7
-7
-1
5
9
7
2
-1
2
7
12
13
13
15
14
10
2
0
4
8
9
5
4
8
17
23
26
24
18
14
14
20
26
32
34
37
40
43
44
39
26
13
8
8
11
15
16
18
22
23
22
23
27
26
21
9
0
-3
1
8
15
21
26
28
30
29
26
25
25
27
28
29
29
27
17
3
-8
-8
0
12
21
27
27
20
9
-1
-2
6
18
26
27
22
17
12
7
4
6
13
20
25
24
23
19
16
13
13
18
24
24
24
26
26
26
25
26
27
23
19
14
13
14
13
8
-1
-7
-9
-6
-4
-2
1
7
11
14
15
14
12
10
8
4
-1
-3
4
15
26
32
31
31
30
28
28
29
27
22
17
18
22
20
14
9
10
12
14
17
22
22
15
5
0
4
11
16
23
31
37
38
35
30
26
21
17
14
13
11
7
3
0
-3
-6
-8
-9
-4
-2
-3
-7
-9
-10
-5
4
15
23
25
22
16
8
1
-3
-3
1
7
11
15
20
24
23
18
14
12
13
14
13
12
13
15
21
31
37
39
35
29
25
26
29
35
38
39
36
30
23
20
19
20
20
21
20
20
22
23
27
28
26
25
24
22
16
9
4
9
20
32
35
29
18
10
8
11
17
22
24
21
9
-3
-10
-8
-1
1
2
0
0
0
4
16
31
40
37
26
16
6
4
8
19
27
29
26
22
18
17
20
33
45
52
46
34
21
11
5
4
11
20
28
28
24
18
13
13
15
16
12
0
-14
-26
-36
-41
-40
-35
-32
-29
-24
-16
-8
-3
-2
0
-1
-3
-4
0
9
19
26
32
36
41
45
46
47
44
37
28
25
29
36
43
43
43
44
49
53
56
56
55
54
54
54
55
48
31
11
-1
-4
-1
-1
-6
-15
-23
-30
-31
-24
-18
-19
-30
-43
-54
-59
-61
-58
-48
-34
-24
-18
-17
-13
-8
0
6
6
2
-1
-2
-1
6
23
45
61
66
61
50
41
40
43
51
58
57
48
40
34
34
37
39
39
42
43
44
43
43
43
37
21
2
-11
-12
-6
1
0
-8
-21
-31
-36
-36
-35
-30
-25
-22
-25
-31
-39
-39
-32
-24
-18
-14
-9
-4
-5
-7
-8
-5
-5
-9
-14
-14
-7
-1
5
14
23
29
27
21
18
21
23
29
34
39
33
22
10
7
9
13
16
14
12
7
3
-3
-8
-10
-9
-6
-6
-6
-5
-1
3
5
6
5
0
-6
-9
-7
-4
1
4
9
13
13
13
16
21
23
20
18
19
23
27
32
38
43
43
40
34
28
24
25
28
32
33
30
26
20
18
19
25
32
32
25
17
10
9
9
6
-3
-12
-19
-17
-11
-2
3
2
-3
-8
-10
-4
8
18
23
20
12
4
6
15
33
46
52
52
47
40
30
25
28
34
38
39
36
31
25
22
24
29
31
27
21
14
9
5
3
4
6
5
4
3
4
2
-2
-5
-7
-6
-8
-9
-10
-12
-14
-17
-21
-22
-20
-14
-4
5
7
4
-1
-1
1
7
14
22
30
35
38
40
47
53
59
58
52
43
34
28
28
30
36
36
31
23
19
19
21
24
26
25
21
12
4
-2
0
2
3
1
-3
-8
-13
-12
-8
-1
3
1
-4
-12
-15
-15
-8
4
17
24
24
17
13
13
17
25
34
38
37
32
29
30
34
35
32
28
26
26
27
27
25
26
27
26
26
25
23
19
13
7
4
10
22
31
33
28
18
8
4
4
5
6
0
-10
-22
-29
-30
-23
-12
3
13
15
13
9
8
4
1
-2
1
12
24
33
34
31
28
26
25
23
20
17
19
29
38
43
39
31
24
19
14
13
16
20
23
21
13
5
0
-1
1
5
8
5
-3
-14
-21
-20
-9
8
21
26
21
12
5
3
8
16
22
20
13
10
10
15
17
17
18
22
30
40
48
52
51
46
41
38
35
31
29
27
27
28
30
31
32
27
23
24
26
28
26
24
23
16
3
-12
-23
-28
-27
-24
-12
2
12
11
2
-8
-16
-22
-23
-20
-14
-10
-12
-16
-17
-15
-12
-9
-8
-8
-6
-2
5
9
14
19
21
20
19
21
31
41
51
56
58
55
49
44
41
39
35
32
29
31
32
31
27
22
21
24
28
28
23
17
15
22
32
40
38
29
12
-6
-19
-26
-24
-20
-16
-18
-23
-30
-35
-30
-20
-10
0
6
6
3
3
5
6
5
6
12
20
27
30
31
29
29
30
36
43
44
39
31
24
18
17
24
35
41
39
32
25
18
13
12
16
24
25
20
13
12
12
11
9
8
10
14
14
14
12
13
14
14
14
12
12
10
6
2
2
5
11
13
12
6
-3
-10
-9
0
10
16
18
18
21
25
27
26
27
30
32
31
30
30
29
20
4
-14
-25
-26
-22
-17
-10
-2
5
10
15
21
24
27
28
25
18
9
3
3
7
8
8
10
11
7
1
-3
-5
-8
-12
-11
-6
2
6
9
15
21
24
26
26
28
31
35
40
43
41
34
25
17
16
21
30
38
39
31
22
13
9
6
11
16
18
15
11
5
-1
-3
-2
3
7
6
8
12
14
9
2
1
5
6
5
5
11
17
17
13
12
13
14
13
14
20
25
27
24
23
26
31
34
34
35
34
30
26
21
19
18
20
26
34
34
23
8
-6
-18
-25
-28
-21
-11
0
8
14
17
14
6
-1
-4
0
7
11
13
9
3
-1
-1
2
6
10
10
8
7
9
12
17
21
29
34
33
31
32
41
52
60
60
51
39
27
21
23
26
25
25
24
25
25
25
27
32
33
29
21
15
11
8
2
-3
-9
-12
-11
-3
6
7
-1
-9
-10
-6
-2
0
2
2
4
5
5
4
5
6
6
5
7
15
26
32
31
29
26
25
26
29
31
27
16
4
1
8
21
35
43
44
37
26
14
7
3
1
-4
-8
-8
-5
-1
1
0
-2
-6
-7
-8
-5
-3
-5
-9
-13
-10
0
12
19
21
24
27
30
33
35
37
36
32
30
32
36
41
42
44
46
50
56
62
65
62
53
47
42
41
44
47
45
36
26
21
19
13
5
-2
-4
-5
-9
-14
-18
-16
-12
-6
-3
-4
-10
-15
-19
-17
-8
3
8
7
1
-6
-9
-9
-8
-5
-3
0
0
-2
-3
1
10
21
31
40
47
49
51
52
53
51
45
39
36
36
31
28
28
30
34
31
23
13
4
-3
-5
1
13
24
28
26
23
16
8
-3
-10
-11
-5
0
1
-2
-4
-6
-4
-1
5
14
15
7
-5
-12
-10
-2
3
6
12
19
20
18
19
24
33
38
39
39
39
38
34
29
25
21
17
12
13
21
35
41
40
33
25
16
5
1
1
4
0
-7
-10
-7
0
10
17
20
15
10
2
-1
0
3
5
5
1
-5
-11
-14
-14
-7
3
11
14
15
15
11
7
3
4
12
24
36
45
48
40
28
17
15
18
21
24
26
26
26
25
27
31
34
37
36
34
33
34
36
38
40
41
39
37
30
21
14
12
13
15
13
8
2
-4
-8
-7
-6
-6
-9
-14
-16
-11
0
12
16
11
3
-8
-11
-11
-9
-13
-23
-35
-44
-45
-40
-28
-14
-5
-2
0
9
24
39
47
45
40
31
19
11
12
20
33
43
50
51
45
32
19
13
13
17
21
26
30
33
36
39
46
55
60
58
50
37
23
8
-4
-9
-6
2
12
22
26
26
22
14
8
8
16
26
30
28
20
6
-9
-19
-24
-20
-8
5
10
6
-7
-20
-24
-22
-13
-2
6
5
-1
-4
0
12
26
41
54
54
35
3
-25
-38
-32
-16
1
13
13
6
8
16
30
39
37
27
14
7
12
27
48
65
72
62
36
4
-21
-29
-21
-8
-2
-9
-19
-25
-23
-13
0
13
23
25
17
6
-5
-11
-9
-6
-3
-3
-5
-7
-7
-10
-13
-13
-8
-4
-4
-6
-8
-12
-18
-22
-15
-1
12
15
18
22
27
29
22
13
6
2
-1
-2
1
8
16
21
21
20
20
21
20
19
19
21
22
24
26
27
22
15
10
13
18
18
14
13
15
12
7
2
-1
-2
-5
-7
-1
13
25
28
24
16
8
5
3
6
10
14
16
17
17
19
23
26
28
30
31
31
29
26
24
23
26
26
27
31
31
27
20
16
19
24
29
32
36
39
33
19
1
-11
-15
-15
-11
-4
7
13
13
10
4
-1
-8
-13
-13
-17
-22
-26
-20
-5
11
26
34
35
32
27
24
29
35
39
38
34
31
28
26
27
28
29
30
28
21
10
1
0
8
17
23
25
26
26
29
32
37
35
31
27
22
19
17
13
7
0
-8
-11
-5
6
17
25
24
17
4
-5
-10
-9
-2
5
12
16
16
13
8
6
7
14
18
17
12
5
1
1
5
14
23
27
24
16
8
4
3
3
4
5
4
2
-3
-6
-9
-11
-6
2
10
14
15
15
13
11
10
6
3
2
6
11
17
23
26
23
15
2
-7
-11
-10
-6
1
8
12
16
24
31
33
26
18
18
24
29
32
33
31
23
14
9
15
24
31
30
26
20
14
14
19
26
27
22
15
9
6
9
16
26
30
30
30
29
25
19
15
17
21
22
19
17
17
13
2
-9
-14
-11
-7
-5
-5
-8
-12
-14
-11
-3
7
11
9
6
12
20
26
30
34
41
46
45
37
29
25
24
26
31
36
37
33
26
17
12
8
7
11
14
18
17
14
15
21
28
34
32
24
15
6
1
0
2
3
-2
-9
-11
-7
1
7
13
18
20
17
11
7
8
13
21
26
27
25
20
13
6
-2
-4
-1
7
13
13
9
3
2
4
9
13
16
15
14
14
18
24
30
33
30
26
23
19
15
13
14
16
17
15
16
17
19
22
23
20
12
-1
-8
-10
-6
-1
5
15
24
27
19
7
-2
-3
0
7
17
26
33
36
35
33
35
38
39
38
34
30
29
28
26
27
30
33
32
27
24
24
28
32
36
38
36
29
22
16
13
10
6
2
-2
-6
-8
-7
-3
-3
-7
-14
-18
-15
-3
11
22
27
22
13
2
-1
2
14
26
28
24
17
11
8
5
9
17
25
28
24
17
15
16
19
22
20
10
-5
-16
-15
-1
15
29
34
32
28
24
22
26
33
39
39
35
32
29
27
28
29
30
26
18
9
3
3
6
11
15
12
4
-4
-5
0
8
14
20
24
24
22
21
23
28
29
25
16
5
-2
-1
5
15
26
32
34
30
20
10
5
1
0
-2
3
9
13
12
8
3
-2
-8
-12
-13
-13
-15
-19
-20
-15
-6
1
3
3
-1
-4
-8
-8
-2
7
17
20
17
13
10
10
12
17
26
36
45
53
57
59
57
54
56
60
62
59
56
55
53
52
56
64
70
69
63
52
41
31
27
29
32
28
14
-6
-20
-28
-30
-27
-22
-16
-11
-9
-3
3
7
6
4
0
-4
-11
-18
-23
-21
-14
-9
-7
-9
-12
-16
-20
-24
-24
-20
-13
-9
-6
0
11
19
25
27
24
15
3
-4
0
12
27
36
34
21
5
-5
-6
-2
3
8
16
19
18
12
13
22
34
42
42
39
34
24
14
7
9
18
27
34
37
37
37
37
40
46
49
46
33
19
12
12
21
33
45
52
49
38
26
20
25
29
32
32
31
33
37
37
37
32
20
6
-4
-6
-2
3
1
-3
-13
-26
-36
-37
-29
-18
-10
-7
-7
-10
-15
-21
-20
-12
-2
-1
-9
-22
-32
-32
-19
-1
13
19
21
25
28
32
37
41
44
35
20
8
5
11
21
28
28
21
12
3
2
9
26
48
63
65
63
61
59
51
44
44
53
63
59
48
37
33
28
19
12
11
12
10
3
-8
-15
-19
-19
-18
-13
-7
-4
-7
-17
-27
-32
-34
-35
-37
-40
-40
-41
-39
-37
-28
-17
-10
-9
-10
-10
-6
-5
-5
-5
-7
-8
-12
-20
-24
-19
-6
4
7
3
-2
-6
-3
2
7
13
12
4
-5
-7
0
9
12
12
16
20
21
22
23
26
23
15
3
-6
-9
-4
5
18
30
34
33
33
36
42
44
44
37
26
13
1
-2
7
23
41
52
52
46
33
21
10
1
-4
-5
-2
0
3
8
12
12
7
-2
-6
-3
5
12
17
20
20
13
-1
-11
-12
-3
10
17
15
5
-6
-14
-16
-11
-3
2
-1
-13
-27
-35
-33
-21
-5
6
6
-3
-15
-18
-11
5
20
29
28
22
17
17
26
39
49
50
44
34
24
19
25
38
52
58
57
52
44
37
33
38
48
54
49
37
26
20
19
21
24
25
21
16
13
13
16
21
29
32
28
21
16
17
19
21
27
32
35
28
20
18
20
25
29
30
28
18
4
-7
-10
-5
0
1
-7
-20
-32
-34
-24
-11
-3
0
4
4
-1
-10
-15
-8
9
27
38
43
44
42
36
27
15
6
2
3
4
1
-5
-9
-7
0
6
9
6
0
-6
-12
-12
-9
-7
-8
-11
-11
0
18
36
47
54
57
52
40
28
26
33
42
45
42
41
43
43
41
41
45
53
57
55
48
38
30
23
20
23
30
35
34
26
12
-1
-8
-2
6
12
11
10
6
-2
-14
-27
-30
-24
-21
-27
-39
-49
-54
-58
-65
-68
-63
-52
-42
-41
-43
-40
-33
-19
-8
0
6
14
32
59
87
99
84
55
37
51
80
83
42
-11
-17
39
97
80
-15
-89
-55
52
99
21
-88
-90
15
87
27
-87
-111
-35
22
-14
-73
-56
8
13
-57
-100
-45
34
30
-49
-87
-27
57
66
4
-39
-11
51
85
74
40
10
3
26
64
82
60
26
23
54
80
72
48
34
34
39
54
82
102
75
21
-1
42
100
95
27
-32
-23
19
27
-17
-66
-75
-57
-43
-45
-51
-67
-98
-131
-135
-99
-55
-44
-64
-78
-57
-8
28
32
19
11
20
41
69
97
103
85
65
79
124
155
127
65
30
51
89
80
20
-42
-59
-42
-39
-76
-139
-193
-218
-221
-225
-251
-296
-340
-365
-370
-370
-370
-374
-370
-355
-333
-305
-277
-247
-215
-185
-150
-102
-31
55
114
121
105
152
309
500
585
515
426
497
722
877
775
530
442
636
883
871
604
393
452
630
625
397
195
195
272
209
28
-63
2
38
-106
-308
-347
-227
-177
-334
-558
-626
-523
-422
-446
-546
-604
-574
-503
-445
-433
-467
-503
-482
-399
-314
-279
-273
-244
-195
-150
-104
-25
62
94
69
89
224
390
444
377
350
475
664
730
617
470
469
628
781
750
535
327
331
525
647
457
56
-181
-47
195
117
-327
-706
-673
-429
-454
-856
-1233
-1225
-998
-959
-1180
-1336
-1226
-1070
-1146
-1358
-1371
-1116
-890
-912
-1010
-881
-536
-270
-240
-267
-117
188
435
536
604
750
933
1067
1165
1293
1435
1505
1491
1490
1570
1668
1670
1567
1451
1400
1392
1355
1252
1089
901
737
631
569
476
301
93
-51
-108
-164
-302
-489
-621
-666
-694
-771
-868
-932
-970
-1036
-1122
-1145
-1073
-1001
-1032
-1122
-1121
-978
-817
-776
-826
-826
-712
-564
-462
-392
-308
-215
-147
-86
18
153
244
273
306
395
506
568
581
605
669
738
783
808
835
864
883
879
841
775
715
701
699
620
435
251
196
231
172
-68
-336
-425
-356
-367
-589
-867
-974
-908
-886
-1025
-1203
-1261
-1227
-1237
-1316
-1355
-1309
-1275
-1328
-1388
-1325
-1171
-1084
-1121
-1147
-1011
-747
-533
-462
-426
-264
36
323
468
526
670
969
1279
1412
1382
1430
1717
2083
2205
2005
1782
1860
2146
2235
1936
1550
1491
1722
1789
1432
952
802
963
988
630
184
43
135
45
-356
-726
-754
-612
-692
-1050
-1354
-1353
-1202
-1197
-1379
-1539
-1532
-1429
-1362
-1363
-1390
-1400
-1363
-1264
-1123
-1015
-967
-914
-798
-650
-537
-441
-291
-103
15
41
98
266
455
517
489
553
766
967
1007
958
1000
1152
1253
1195
1072
1052
1147
1211
1117
915
772
790
868
804
532
242
173
298
318
34
-376
-550
-417
-296
-482
-864
-1088
-1036
-951
-1074
-1306
-1391
-1297
-1265
-1428
-1605
-1576
-1418
-1398
-1565
-1660
-1505
-1276
-1257
-1421
-1465
-1229
-907
-765
-788
-734
-474
-135
97
200
308
544
906
1255
1437
1443
1464
1696
2081
2311
2196
1952
1969
2306
2563
2369
1890
1632
1798
2013
1841
1363
1053
1108
1185
915
458
256
374
387
20
-418
-486
-268
-273
-693
-1138
-1188
-987
-986
-1302
-1612
-1640
-1505
-1455
-1522
-1569
-1545
-1523
-1521
-1464
-1327
-1194
-1126
-1088
-1013
-894
-746
-575
-412
-323
-300
-218
8
274
392
351
337
496
739
885
903
927
1032
1136
1161
1171
1275
1416
1402
1179
960
986
1188
1220
878
398
194
348
491
262
-235
-552
-480
-289
-376
-758
-1085
-1107
-973
-970
-1142
-1280
-1262
-1216
-1296
-1431
-1441
-1332
-1310
-1479
-1664
-1644
-1459
-1358
-1467
-1608
-1536
-1246
-972
-878
-879
-754
-420
-27
227
318
437
758
1209
1531
1583
1539
1690
2075
2387
2364
2129
2050
2252
2453
2348
2027
1848
1936
2029
1841
1458
1206
1198
1210
1018
710
537
540
483
172
-257
-510
-512
-500
-694
-1019
-1225
-1228
-1202
-1333
-1570
-1734
-1760
-1742
-1754
-1756
-1699
-1626
-1596
-1577
-1493
-1341
-1202
-1127
-1081
-1001
-871
-708
-540
-403
-318
-244
-114
81
257
360
444
593
789
933
1005
1093
1274
1473
1556
1497
1411
1434
1581
1717
1666
1377
1030
915
1100
1259
980
303
-197
-60
425
465
-253
-1095
-1219
-654
-278
-699
-1488
-1786
-1425
-1070
-1264
-1759
-1979
-1835
-1724
-1833
-1909
-1753
-1608
-1774
-2086
-2083
-1675
-1289
-1293
-1506
-1475
-1072
-587
-305
-200
-85
140
456
838
1228
1507
1599
1617
1777
2146
2537
2688
2551
2350
2342
2554
2747
2672
2350
2045
1958
2003
1959
1734
1436
1178
967
789
675
604
439
88
-320
-538
-514
-468
-631
-980
-1302
-1441
-1427
-1395
-1460
-1651
-1885
-2000
-1902
-1686
-1574
-1659
-1796
-1763
-1527
-1253
-1104
-1088
-1104
-1072
-958
-752
-495
-296
-232
-232
-126
155
468
632
632
624
736
952
1199
1421
1559
1539
1376
1259
1407
1777
2012
1767
1149
712
923
1565
1832
1180
57
-468
54
785
539
-710
-1679
-1341
-265
70
-840
-1937
-2045
-1362
-1012
-1456
-2005
-1989
-1707
-1811
-2209
-2241
-1785
-1549
-2003
-2582
-2432
-1621
-1075
-1329
-1844
-1801
-1141
-486
-259
-275
-189
53
348
710
1179
1597
1740
1661
1706
2099
2662
3000
2929
2641
2484
2641
2981
3170
2982
2524
2160
2143
2333
2348
1983
1413
971
802
782
718
521
200
-185
-531
-715
-718
-717
-934
-1356
-1698
-1704
-1474
-1377
-1629
-2047
-2263
-2138
-1877
-1747
-1805
-1905
-1919
-1842
-1716
-1557
-1390
-1268
-1222
-1167
-973
-620
-273
-118
-158
-184
-1
360
694
833
817
818
968
1261
1582
1794
1810
1654
1479
1476
1726
2054
2110
1695
1063
782
1131
1655
1542
591
-388
-419
436
998
343
-1025
-1707
-1107
-168
-204
-1274
-2181
-2049
-1345
-1115
-1606
-2139
-2191
-2017
-2030
-2097
-1880
-1576
-1725
-2320
-2635
-2188
-1454
-1242
-1612
-1853
-1471
-771
-308
-180
-94
101
320
561
982
1576
2034
2100
1943
1995
2451
3042
3329
3134
2702
2470
2665
3062
3182
2784
2163
1851
2013
2257
2095
1505
920
686
707
658
407
90
-180
-462
-801
-1051
-1057
-958
-1091
-1550
-1986
-2008
-1703
-1556
-1846
-2293
-2416
-2121
-1776
-1731
-1938
-2101
-2049
-1851
-1631
-1427
-1243
-1127
-1088
-1014
-788
-445
-186
-129
-163
-51
300
742
1033
1080
997
990
1190
1564
1935
2099
1984
1725
1586
1748
2118
2341
2082
1408
848
934
1558
1921
1357
198
-451
6
825
718
-535
-1719
-1656
-686
-241
-1024
-2182
-2497
-1925
-1466
-1720
-2232
-2335
-2109
-2064
-2239
-2189
-1827
-1685
-2107
-2611
-2475
-1752
-1222
-1368
-1778
-1768
-1228
-614
-277
-137
21
231
454
776
1280
1838
2159
2148
2062
2263
2811
3350
3451
3081
2688
2754
3236
3587
3350
2689
2179
2146
2333
2279
1863
1364
1043
867
669
426
230
68
-199
-604
-938
-996
-872
-914
-1307
-1818
-2034
-1841
-1558
-1575
-1917
-2251
-2281
-2055
-1846
-1830
-1942
-2019
-1984
-1856
-1672
-1465
-1310
-1260
-1245
-1094
-736
-328
-106
-129
-189
-46
330
734
948
953
922
1059
1407
1815
2045
1968
1679
1458
1564
1989
2379
2282
1614
902
851
1524
2069
1574
228
-708
-336
691
863
-320
-1672
-1797
-843
-270
-937
-2098
-2500
-1991
-1505
-1666
-2098
-2216
-2109
-2208
-2448
-2344
-1863
-1631
-2036
-2573
-2461
-1730
-1189
-1352
-1792
-1790
-1267
-731
-497
-361
-66
273
441
563
977
1696
2280
2353
2101
2092
2624
3375
3741
3477
2963
2803
3174
3617
3549
2934
2325
2209
2436
2452
2011
1440
1141
1082
936
616
358
280
126
-348
-939
-1181
-986
-828
-1156
-1807
-2192
-2028
-1660
-1620
-1999
-2412
-2500
-2308
-2118
-2092
-2157
-2186
-2143
-2034
-1841
-1572
-1341
-1262
-1282
-1203
-893
-463
-159
-87
-92
66
449
868
1089
1087
1066
1246
1621
1961
2034
1830
1597
1637
2021
2436
2415
1841
1202
1145
1680
2028
1505
463
-26
471
1099
773
-376
-1137
-826
-201
-386
-1330
-1933
-1629
-1136
-1346
-2036
-2280
-1855
-1546
-1922
-2479
-2419
-1859
-1641
-2082
-2530
-2340
-1781
-1565
-1810
-1953
-1628
-1160
-1002
-1071
-917
-403
122
328
326
497
1024
1700
2149
2197
2050
2135
2647
3277
3491
3162
2778
2873
3318
3477
3054
2497
2381
2616
2595
2082
1532
1406
1505
1295
733
328
378
500
181
-468
-856
-732
-522
-735
-1311
-1744
-1766
-1611
-1640
-1902
-2173
-2290
-2293
-2278
-2247
-2171
-2084
-2052
-2069
-2043
-1899
-1663
-1431
-1254
-1108
-940
-714
-448
-210
-56
40
180
426
710
900
990
1125
1415
1743
1885
1786
1667
1779
2102
2325
2185
1771
1469
1563
1879
1904
1375
661
413
760
1048
596
-390
-987
-722
-236
-474
-1427
-2120
-1914
-1341
-1348
-2002
-2484
-2297
-1915
-1993
-2403
-2507
-2179
-1972
-2227
-2527
-2363
-1933
-1835
-2131
-2234
-1788
-1192
-1017
-1211
-1209
-697
28
504
618
619
809
1319
2011
2536
2607
2372
2363
2886
3567
3740
3313
2918
3087
3535
3569
3079
2663
2724
2866
2493
1769
1428
1672
1802
1195
260
-101
239
445
-90
-915
-1202
-902
-737
-1139
-1733
-1971
-1873
-1834
-1990
-2124
-2124
-2164
-2355
-2525
-2476
-2291
-2196
-2237
-2240
-2100
-1884
-1685
-1507
-1348
-1253
-1185
-986
-577
-144
63
81
207
591
1016
1214
1269
1487
1924
2268
2244
2003
1950
2265
2690
2803
2438
1862
1583
1845
2269
2117
1156
137
75
948
1501
706
-840
-1524
-778
101
-381
-1907
-2756
-2100
-1084
-1206
-2311
-2966
-2534
-1923
-2100
-2712
-2791
-2296
-2074
-2460
-2747
-2344
-1727
-1715
-2196
-2284
-1631
-918
-857
-1211
-1180
-486
355
758
737
755
1154
1823
2346
2429
2247
2333
2956
3664
3725
3110
2680
3111
3898
3918
2973
2166
2431
3186
3094
1944
1014
1285
2028
1819
568
-359
-91
529
212
-919
-1568
-1169
-643
-991
-1874
-2217
-1786
-1416
-1712
-2246
-2334
-2039
-1952
-2243
-2483
-2364
-2120
-2082
-2183
-2121
-1834
-1534
-1378
-1329
-1290
-1185
-931
-519
-140
-5
-31
121
570
1016
1170
1206
1497
1994
2223
1976
1703
1955
2611
2943
2514
1748
1458
1903
2455
2278
1291
335
283
990
1343
558
-782
-1333
-692
18
-426
-1707
-2380
-1822
-1066
-1325
-2337
-2844
-2403
-1892
-2094
-2579
-2519
-2030
-1970
-2543
-2929
-2511
-1809
-1721
-2220
-2417
-1823
-992
-711
-974
-1107
-678
59
609
806
869
1084
1547
2106
2483
2540
2491
2705
3206
3534
3346
2974
3071
3640
3889
3292
2451
2357
2950
3094
2169
1059
978
1724
1903
899
-238
-305
342
375
-545
-1328
-1131
-575
-756
-1602
-2062
-1727
-1393
-1801
-2547
-2736
-2291
-1959
-2178
-2554
-2579
-2326
-2182
-2221
-2207
-2060
-1930
-1861
-1706
-1420
-1156
-1001
-819
-494
-136
85
227
467
818
1139
1391
1674
1962
2054
1907
1836
2149
2629
2691
2124
1485
1492
2100
2440
1837
707
159
644
1329
1068
-135
-1056
-790
64
137
-923
-1982
-1923
-1110
-849
-1615
-2496
-2529
-1982
-1805
-2220
-2516
-2241
-1897
-2111
-2622
-2654
-2097
-1678
-1895
-2286
-2095
-1337
-724
-698
-898
-730
-103
568
920
997
1100
1439
1917
2229
2206
2108
2384
3043
3486
3233
2691
2727
3436
3848
3227
2221
2086
2890
3288
2363
1000
715
1539
1964
1097
-114
-295
378
531
-346
-1204
-1085
-540
-735
-1668
-2216
-1847
-1371
-1658
-2379
-2601
-2195
-1899
-2125
-2442
-2377
-2105
-2025
-2085
-1988
-1786
-1756
-1858
-1736
-1328
-996
-932
-849
-481
-38
143
183
465
1002
1391
1463
1523
1820
2127
2150
2059
2220
2516
2427
1869
1482
1794
2365
2262
1328
496
596
1233
1231
196
-930
-1043
-297
86
-631
-1794
-2231
-1736
-1233
-1510
-2246
-2568
-2258
-1954
-2166
-2583
-2608
-2259
-2097
-2334
-2517
-2251
-1832
-1799
-2074
-2009
-1331
-588
-430
-730
-784
-229
553
997
1038
1068
1399
1936
2354
2469
2449
2608
3015
3334
3230
2904
2947
3486
3822
3295
2353
2127
2855
3375
2644
1283
806
1507
1998
1211
-77
-397
260
504
-342
-1290
-1259
-702
-843
-1779
-2386
-2061
-1574
-1832
-2556
-2810
-2421
-2097
-2281
-2601
-2596
-2392
-2340
-2383
-2235
-1922
-1739
-1732
-1636
-1339
-1041
-879
-689
-324
43
211
310
626
1112
1438
1496
1559
1812
2081
2180
2274
2563
2780
2495
1913
1806
2417
2861
2186
828
280
1119
2043
1454
-356
-1444
-731
542
412
-1221
-2512
-2151
-1009
-826
-1865
-2754
-2518
-1815
-1777
-2359
-2595
-2190
-1923
-2349
-2870
-2646
-1882
-1536
-1886
-2128
-1595
-722
-401
-724
-926
-441
427
1014
1102
1038
1236
1752
2290
2530
2494
2542
2904
3297
3274
2941
2912
3369
3615
3024
2126
2037
2828
3245
2410
1139
841
1527
1825
993
-49
-149
382
346
-479
-1081
-851
-512
-942
-1786
-2043
-1628
-1462
-2017
-2628
-2571
-2115
-2000
-2304
-2492
-2342
-2174
-2176
-2110
-1849
-1681
-1779
-1816
-1474
-1016
-889
-978
-785
-253
112
90
146
706
1450
1738
1517
1334
1549
1962
2242
2313
2208
1927
1655
1755
2216
2377
1690
641
337
1030
1605
959
-477
-1208
-628
191
-75
-1287
-2134
-1900
-1275
-1253
-1833
-2254
-2161
-1973
-2074
-2245
-2131
-1897
-1981
-2350
-2459
-2041
-1530
-1481
-1775
-1783
-1226
-559
-359
-562
-558
36
919
1478
1479
1295
1460
2060
2660
2837
2694
2720
3107
3455
3350
3012
3022
3397
3460
2845
2185
2300
2931
2976
2037
1084
1102
1697
1685
813
71
169
536
274
-489
-902
-760
-747
-1255
-1749
-1663
-1348
-1537
-2196
-2575
-2346
-2024
-2126
-2435
-2473
-2256
-2155
-2211
-2117
-1828
-1673
-1764
-1745
-1354
-866
-676
-683
-484
-45
276
356
528
1004
1458
1492
1258
1271
1706
2200
2331
2053
1624
1372
1521
1963
2157
1600
584
107
643
1327
923
-473
-1383
-856
197
164
-1157
-2321
-2191
-1341
-1128
-1852
-2544
-2446
-1967
-1912
-2276
-2391
-2051
-1820
-2117
-2497
-2292
-1633
-1277
-1480
-1600
-1059
-243
23
-309
-397
335
1375
1782
1398
1031
1423
2372
3041
2978
2589
2572
3050
3463
3344
2945
2865
3160
3234
2740
2184
2241
2689
2618
1733
872
867
1353
1272
356
-538
-653
-297
-269
-750
-1254
-1447
-1512
-1668
-1813
-1837
-1901
-2162
-2437
-2447
-2261
-2204
-2371
-2526
-2504
-2416
-2368
-2248
-1989
-1785
-1812
-1859
-1581
-1042
-686
-690
-691
-326
249
636
802
1041
1427
1678
1652
1635
1907
2292
2405
2190
1953
1891
1890
1819
1712
1568
1267
843
617
738
809
336
-492
-895
-541
-117
-475
-1443
-2005
-1654
-1057
-1140
-1868
-2399
-2257
-1873
-1835
-2087
-2166
-1971
-1841
-1951
-2030
-1803
-1394
-1090
-898
-645
-364
-261
-267
44
867
1721
1891
1339
904
1392
2580
3389
3124
2319
2119
2875
3694
3584
2730
2227
2603
3155
2978
2218
1773
1950
2069
1580
915
825
1180
1117
306
-524
-573
-63
84
-544
-1413
-1790
-1571
-1243
-1250
-1626
-2092
-2337
-2248
-1985
-1864
-2033
-2314
-2417
-2265
-2024
-1833
-1667
-1507
-1431
-1429
-1290
-863
-357
-155
-293
-337
69
725
1136
1165
1150
1365
1644
1710
1665
1826
2157
2207
1754
1252
1334
1927
2205
1562
451
-47
490
1221
964
-356
-1522
-1445
-520
-183
-1135
-2472
-2817
-2047
-1363
-1703
-2636
-3085
-2757
-2309
-2285
-2457
-2401
-2219
-2283
-2509
-2395
-1779
-1131
-920
-1029
-1031
-783
-424
69
844
1657
1847
1207
585
1109
2722
3962
3563
2100
1479
2666
4388
4619
3122
1793
2223
3641
3994
2745
1517
1715
2562
2362
1082
384
1046
1690
807
-889
-1359
-177
793
-40
-1840
-2578
-1751
-818
-1061
-2074
-2685
-2572
-2303
-2250
-2228
-2124
-2204
-2560
-2767
-2451
-1872
-1598
-1740
-1888
-1706
-1270
-799
-415
-237
-374
-594
-370
454
1274
1396
1005
972
1660
2409
2470
2020
1813
2068
2262
2021
1690
1730
1948
1761
1082
528
606
1014
968
168
-804
-1117
-657
-213
-618
-1735
-2516
-2203
-1303
-1065
-1973
-3115
-3299
-2492
-1763
-1888
-2505
-2818
-2647
-2397
-2238
-1878
-1201
-659
-718
-1183
-1327
-649
628
1739
1951
1197
348
630
2320
4063
4127
2524
1334
2306
4519
5322
3688
1625
1626
3409
4402
3283
1672
1620
2639
2602
1109
178
1115
2296
1431
-903
-1803
-165
1592
808
-1768
-3097
-2009
-480
-609
-1942
-2705
-2483
-2316
-2669
-2811
-2367
-2145
-2785
-3522
-3232
-2140
-1530
-1925
-2502
-2417
-1820
-1259
-826
-435
-340
-650
-748
12
1149
1485
822
354
993
2050
2271
1636
1282
1742
2264
2073
1506
1370
1667
1678
1126
594
657
1059
1057
322
-682
-1187
-898
-341
-399
-1355
-2427
-2556
-1708
-1066
-1635
-2954
-3625
-3045
-2086
-1898
-2532
-3105
-3049
-2621
-2225
-1802
-1194
-712
-817
-1319
-1345
-326
1224
2150
1838
865
503
1532
3408
4571
3903
2096
1223
2500
4647
5196
3539
1812
2177
3967
4646
3341
1939
2194
3148
2747
1166
649
1937
2810
1291
-1135
-1355
847
2235
562
-2303
-3012
-1292
16
-900
-2640
-3088
-2392
-2164
-2755
-2992
-2427
-2141
-2852
-3551
-2997
-1710
-1282
-2076
-2798
-2436
-1503
-976
-926
-843
-662
-599
-381
408
1336
1422
645
247
1067
2305
2623
1971
1468
1705
2087
2011
1780
1906
2120
1800
1065
715
1046
1360
893
-155
-874
-740
-175
-24
-677
-1707
-2284
-1987
-1280
-1098
-1836
-2861
-3217
-2712
-2087
-2054
-2523
-2892
-2830
-2464
-1959
-1354
-852
-849
-1382
-1743
-1082
533
1916
1896
619
-409
245
2357
4027
3586
1591
479
1815
4228
4899
3136
1379
1989
4009
4509
2754
1238
1929
3290
2651
462
-158
1783
3274
1537
-1664
-2244
398
2432
941
-2134
-2944
-1089
283
-802
-2715
-3116
-2266
-2010
-2719
-3092
-2612
-2362
-3053
-3714
-3218
-2075
-1652
-2180
-2638
-2387
-1826
-1384
-919
-437
-430
-906
-891
238
1503
1471
391
11
1105
2354
2303
1408
1173
1849
2267
1819
1364
1708
2245
1927
959
523
1001
1428
912
-140
-661
-330
181
127
-561
-1412
-1896
-1789
-1351
-1187
-1692
-2542
-2979
-2675
-2145
-2100
-2592
-3035
-2945
-2395
-1753
-1252
-1003
-1110
-1505
-1675
-988
502
1750
1647
404
-327
865
3317
4654
3429
1100
618
2869
5348
5144
2677
1216
2546
4570
4315
2168
1252
2730
3999
2637
286
394
2881
3847
1213
-1937
-1512
1701
3041
500
-2614
-2505
-45
958
-756
-2701
-2730
-1833
-1894
-2669
-2651
-1865
-1835
-2951
-3720
-3084
-2010
-1914
-2580
-2762
-2171
-1602
-1413
-1128
-666
-673
-1169
-1070
169
1322
998
-139
-143
1335
2465
1941
878
1014
2078
2346
1397
700
1259
2092
1813
765
434
1189
1775
1126
-205
-879
-463
226
216
-614
-1560
-1878
-1497
-1066
-1249
-1962
-2466
-2288
-1804
-1706
-2128
-2582
-2634
-2278
-1696
-1070
-721
-1001
-1710
-1908
-818
1046
2074
1223
-610
-1222
556
3302
4260
2446
103
316
3181
5414
4392
1635
876
2999
4834
3689
1267
1142
3373
4303
2111
-192
871
3793
3918
289
-2611
-1084
2472
2931
-396
-3090
-2037
515
712
-1472
-2918
-2269
-1395
-1896
-2714
-2346
-1533
-1937
-3234
-3521
-2329
-1330
-1711
-2527
-2462
-1821
-1608
-1676
-1249
-672
-956
-1705
-1305
419
1429
401
-1025
-491
1509
2303
1059
-11
879
2382
2216
738
333
1636
2537
1452
-216
-154
1443
2168
844
-914
-1030
307
1140
367
-1139
-1923
-1645
-1082
-981
-1373
-1846
-2066
-1985
-1789
-1745
-1964
-2264
-2287
-1865
-1210
-749
-781
-1228
-1586
-1181
151
1537
1603
92
-1291
-444
2408
4408
3288
479
-283
2319
5209
4738
1570
-44
2025
4854
4507
1577
306
2417
4522
3096
-126
-451
2778
4824
2238
-1930
-2216
1516
3848
1449
-2438
-2899
-166
1349
-341
-2514
-2406
-1100
-1126
-2346
-2638
-1632
-1208
-2268
-3288
-2820
-1663
-1374
-1933
-2239
-2060
-1998
-1981
-1394
-605
-750
-1667
-1655
-69
1257
546
-1049
-927
1069
2311
1287
-143
374
2105
2442
951
7
1093
2490
1910
13
-532
982
2233
1232
-846
-1381
49
1232
458
-1329
-2065
-1292
-415
-592
-1436
-1924
-1815
-1643
-1754
-1940
-1952
-1831
-1643
-1283
-769
-488
-785
-1359
-1361
-305
1207
1861
968
-549
-790
1084
3516
3944
1871
-78
886
3984
5461
3379
451
618
3630
5230
3094
226
713
3712
4562
1680
-890
648
4040
4034
110
-2556
-519
2928
2550
-1313
-3456
-1380
1486
1141
-1494
-2730
-1744
-1042
-1932
-2698
-1898
-884
-1479
-2942
-3202
-2118
-1452
-1945
-2440
-2111
-1685
-1797
-1741
-961
-428
-1070
-1817
-995
775
1119
-450
-1477
-131
1939
1986
250
-490
832
2087
1394
20
262
1773
2080
468
-827
54
1768
1707
-251
-1612
-793
834
1025
-365
-1549
-1408
-707
-668
-1324
-1836
-1822
-1692
-1822
-2024
-1966
-1670
-1349
-1051
-745
-611
-888
-1340
-1230
-122
1340
1808
706
-789
-714
1387
3543
3380
1127
-269
1341
4346
5121
2704
265
1011
3793
4608
2200
-39
1121
3913
3908
536
-1700
443
3978
3650
-505
-2978
-570
3048
2629
-1212
-3192
-1091
1459
734
-1869
-2633
-1247
-597
-1757
-2547
-1523
-457
-1304
-2912
-2873
-1320
-549
-1361
-2150
-1777
-1171
-1308
-1498
-930
-426
-1007
-1732
-950
756
1031
-584
-1613
-218
1927
2058
372
-444
634
1619
878
-259
248
1747
1823
139
-880
300
1905
1414
-722
-1731
-470
1104
829
-809
-1733
-1224
-499
-665
-1344
-1642
-1513
-1538
-1888
-2145
-2017
-1647
-1227
-774
-429
-532
-1100
-1434
-730
810
1851
1283
-303
-923
660
3244
4184
2384
-122
-282
2266
4499
3647
841
-175
2005
4402
3643
745
-223
1972
3776
2086
-856
-528
2918
4340
1057
-2800
-1952
2323
3878
497
-3102
-2288
1018
1719
-920
-2866
-1815
-209
-791
-2384
-2322
-933
-757
-2221
-3005
-1894
-638
-1021
-2140
-2155
-1256
-1010
-1568
-1615
-876
-622
-1256
-1341
-54
1036
238
-1326
-1106
967
2166
987
-621
-278
1263
1493
158
-451
736
1807
923
-705
-632
1016
1671
172
-1529
-1254
328
830
-463
-1897
-1953
-1086
-645
-983
-1427
-1559
-1625
-1820
-1887
-1614
-1236
-1030
-872
-544
-273
-504
-1055
-990
265
1874
2220
851
-598
-52
2432
4334
3450
720
-566
1347
4339
4826
2268
1
977
3803
4534
2094
-116
1034
3755
3706
357
-1853
249
3723
3415
-608
-2947
-534
2939
2342
-1570
-3481
-1245
1391
658
-1960
-2595
-928
-69
-1337
-2461
-1634
-439
-1056
-2641
-2745
-1258
-447
-1313
-2273
-1926
-1096
-1026
-1258
-811
-249
-731
-1653
-1272
325
981
-234
-1340
-367
1540
1762
158
-803
163
1351
915
-282
-221
970
1244
-34
-1003
-169
1212
932
-908
-2007
-1102
393
481
-799
-1757
-1486
-788
-738
-1279
-1673
-1665
-1605
-1683
-1667
-1383
-992
-674
-401
-206
-318
-700
-707
253
1693
2193
1037
-551
-434
1899
4297
4085
1334
-790
445
3856
5463
3355
273
185
3022
4713
2807
-23
250
3094
4029
1208
-1623
-498
2723
2845
-949
-3577
-1299
2729
2864
-1050
-3695
-1990
957
910
-1497
-2494
-1142
-195
-1271
-2432
-1700
-374
-809
-2499
-2870
-1346
-132
-727
-1868
-1844
-1050
-799
-975
-598
35
-237
-1097
-864
661
1428
208
-1217
-572
1379
1916
482
-563
317
1562
1198
15
144
1449
1641
-7
-1315
-432
1311
1308
-578
-1944
-1306
54
167
-1020
-1995
-1892
-1277
-992
-1150
-1443
-1735
-2011
-2116
-1913
-1505
-1083
-696
-373
-325
-718
-1202
-1018
219
1825
2420
1299
-487
-801
1303
4061
4531
2111
-255
633
4012
5753
3643
509
569
3604
5179
2915
-31
463
3322
3723
357
-2248
-222
3650
3581
-821
-3696
-1161
3132
3176
-1046
-3908
-2248
709
667
-1695
-2596
-1167
-241
-1452
-2786
-2118
-650
-820
-2369
-2866
-1583
-446
-862
-1758
-1659
-984
-900
-1144
-720
-12
-280
-1225
-1045
620
1692
683
-868
-589
1139
1831
757
-105
606
1517
962
-130
232
1664
1755
-104
-1506
-527
1346
1326
-701
-2174
-1534
-112
110
-875
-1663
-1640
-1428
-1498
-1562
-1425
-1498
-2035
-2527
-2373
-1752
-1275
-1074
-795
-437
-505
-1070
-1247
-175
1606
2397
1292
-437
-467
1883
4468
4465
1737
-595
391
3751
5532
3608
508
233
2929
4642
2814
-6
263
3204
4232
1253
-1904
-751
3162
4091
300
-3216
-1737
2419
3214
-520
-3672
-2373
800
1145
-1359
-2808
-1631
-446
-1326
-2600
-2002
-546
-760
-2464
-3080
-1735
-456
-789
-1632
-1481
-892
-1075
-1496
-904
129
-69
-1248
-1233
549
1775
675
-1061
-719
1304
2148
879
-257
472
1652
1225
-112
-88
1329
1735
109
-1397
-620
1284
1448
-553
-2149
-1477
148
334
-1112
-2331
-2172
-1404
-1140
-1372
-1552
-1683
-2059
-2432
-2279
-1667
-1163
-949
-716
-476
-703
-1304
-1215
266
2103
2373
697
-890
-86
2863
5105
4249
1237
-440
1330
4597
5453
2839
76
702
3717
4813
2326
-293
655
3620
3852
437
-1987
148
3849
3559
-766
-3353
-797
3044
2603
-1547
-3829
-1753
1016
511
-1997
-2687
-1139
-375
-1667
-2742
-1812
-523
-1135
-2800
-2962
-1416
-469
-1239
-2207
-1943
-1197
-1139
-1246
-577
126
-429
-1488
-1010
930
1772
274
-1343
-560
1650
2298
831
-301
414
1436
1011
59
431
1595
1358
-446
-1350
38
1738
1178
-1065
-2137
-959
472
108
-1486
-2362
-1921
-1237
-1156
-1397
-1527
-1747
-2258
-2574
-2111
-1101
-367
-324
-661
-967
-1140
-1049
-313
1088
2184
1757
5
-1029
461
3531
5003
3149
224
79
3263
5989
4838
1298
-81
2248
4771
3824
730
-102
2446
4480
2682
-717
-953
2346
4350
1824
-2107
-2271
1190
3041
455
-3058
-2893
115
1328
-784
-2857
-2133
-434
-798
-2582
-2762
-965
-57
-1532
-3203
-2683
-933
-460
-1491
-2128
-1630
-1183
-1403
-1297
-393
60
-773
-1495
-527
1126
1151
-431
-1106
342
1947
1560
37
-285
804
1356
581
10
750
1489
615
-979
-1043
558
1448
169
-1709
-1864
-461
301
-633
-1964
-2162
-1485
-1143
-1411
-1588
-1440
-1566
-2173
-2466
-1735
-521
-33
-647
-1532
-1707
-925
448
1783
2254
1297
-379
-805
1201
4046
4623
2149
-321
593
4075
5820
3626
473
579
3576
5017
2729
-13
727
3622
3870
390
-2199
-163
3635
3532
-764
-3544
-1127
2927
2896
-1156
-3849
-2228
588
504
-1822
-2749
-1361
-326
-1324
-2596
-2084
-736
-834
-2335
-3053
-2089
-973
-1092
-1769
-1779
-1321
-1224
-1224
-582
163
-206
-1312
-1263
414
1634
675
-1055
-915
1070
2244
1248
-134
96
1206
1248
305
178
1188
1502
171
-1072
-355
1332
1416
-498
-2044
-1478
3
192
-1087
-2142
-1997
-1431
-1407
-1712
-1715
-1586
-1915
-2520
-2499
-1504
-346
-70
-779
-1643
-1782
-916
583
1838
1878
543
-835
-355
2225
4580
4148
1439
-102
1730
4803
5175
2350
131
1471
4305
4431
1558
-175
1749
4339
3319
-430
-1802
1192
4257
2766
-1537
-2868
422
3523
2026
-2005
-3296
-867
1130
-169
-2517
-2531
-796
-434
-2008
-2912
-1760
-515
-1196
-2702
-2716
-1333
-624
-1274
-1846
-1449
-1045
-1388
-1531
-619
260
-292
-1412
-1028
786
1623
351
-1039
-393
1397
1873
762
124
900
1531
742
-189
467
1852
1610
-380
-1521
-279
1480
1137
-966
-2156
-1251
61
-109
-1373
-2084
-1745
-1240
-1199
-1330
-1333
-1503
-2016
-2340
-1872
-820
-37
-121
-921
-1743
-1790
-651
1165
2276
1630
-118
-834
862
3705
4778
2812
-7
-289
2467
5011
4252
1271
36
2116
4482
3672
755
-105
2288
4203
2366
-998
-1118
2266
4160
1400
-2563
-2410
1464
3499
883
-2682
-2577
253
1284
-732
-2454
-1539
-61
-755
-2561
-2539
-759
-178
-1849
-3268
-2377
-651
-558
-1784
-2189
-1411
-1063
-1606
-1585
-427
272
-549
-1354
-396
1222
1054
-746
-1453
100
1737
1328
-59
-96
1087
1362
242
-332
729
1721
802
-958
-1049
679
1674
374
-1609
-1867
-516
278
-546
-1775
-2013
-1530
-1413
-1773
-1859
-1536
-1549
-2195
-2621
-1971
-664
37
-418
-1339
-1685
-1034
315
1659
2108
1147
-485
-930
879
3473
4016
1777
-449
482
3857
5638
3638
569
502
3303
4844
2895
313
783
3260
3479
531
-1366
983
4591
4114
-422
-3313
-1057
2777
2713
-985
-3118
-1206
1355
763
-1754
-2417
-825
-109
-1648
-2971
-1915
-150
-491
-2483
-3223
-1857
-584
-999
-1885
-1674
-1010
-1230
-1767
-1194
10
-5
-1230
-1469
131
1419
468
-1281
-1112
811
1759
678
-392
239
1300
891
-249
15
1527
1831
58
-1468
-579
1446
1686
-250
-1826
-1275
152
339
-755
-1551
-1394
-1168
-1502
-1813
-1521
-1209
-1694
-2564
-2605
-1507
-329
-128
-798
-1476
-1548
-864
474
1872
2218
1000
-517
-179
2393
4734
4120
1097
-762
911
4186
5116
2745
323
967
3475
4076
1811
-72
1158
3581
3317
385
-1005
1430
4321
3191
-999
-2915
-270
3006
2394
-1012
-2546
-786
910
-135
-2136
-2103
-553
-343
-1941
-2789
-1543
-237
-1003
-2738
-2921
-1482
-607
-1214
-1864
-1478
-992
-1353
-1657
-814
247
-90
-1269
-1179
407
1220
3
-1370
-707
1108
1541
336
-285
653
1373
437
-727
-89
1550
1610
-228
-1358
-125
1659
1353
-730
-1932
-1069
211
93
-1010
-1582
-1357
-1282
-1677
-1794
-1310
-1075
-1776
-2666
-2455
-1108
54
19
-832
-1464
-1328
-492
763
1867
1896
508
-1002
-584
2043
4418
3920
1167
-340
1497
4495
4837
2116
-28
1187
3830
3971
1346
-200
1645
4036
2984
-565
-1713
1319
4250
2643
-1649
-2948
227
3149
1692
-1993
-2980
-652
1019
-288
-2200
-1911
-520
-821
-2592
-3024
-1357
-118
-1131
-2747
-2573
-1078
-526
-1373
-1971
-1512
-1071
-1333
-1325
-397
217
-635
-1750
-1133
743
1352
-101
-1387
-577
1128
1390
295
-79
859
1383
475
-359
474
1895
1631
-214
-1114
171
1705
1162
-859
-1792
-750
484
176
-1127
-1825
-1592
-1371
-1578
-1609
-1183
-1029
-1710
-2530
-2343
-1141
-104
-128
-905
-1544
-1504
-739
546
1767
1959
711
-835
-717
1531
3788
3506
982
-576
1097
4214
4967
2472
82
958
3759
4485
2122
86
1257
3685
3356
202
-1534
549
3269
2292
-1472
-2940
-111
2996
2047
-1561
-2970
-842
1193
250
-1863
-2022
-646
-555
-2165
-2883
-1457
-63
-860
-2644
-2847
-1438
-627
-1261
-1882
-1502
-1069
-1390
-1497
-506
392
-339
-1777
-1588
312
1366
196
-1254
-673
1150
1653
438
-368
403
1278
786
-112
295
1497
1444
-133
-1094
-62
1423
1088
-819
-1974
-1240
1
44
-941
-1621
-1512
-1254
-1304
-1367
-1237
-1303
-1829
-2318
-2098
-1264
-557
-436
-717
-1083
-1381
-1319
-446
1079
2061
1380
-343
-920
933
3669
4320
2038
-526
-163
2933
5196
4023
1079
182
2309
4317
3258
540
4
2403
4081
2151
-1082
-1122
2168
3998
1388
-2361
-2202
1411
3156
501
-2789
-2338
608
1465
-783
-2568
-1567
-1
-645
-2394
-2341
-630
-144
-1797
-3120
-2222
-605
-565
-1715
-2063
-1321
-935
-1288
-1151
-188
160
-821
-1564
-596
897
733
-788
-1211
267
1537
860
-484
-343
911
1144
34
-401
821
1863
893
-903
-935
877
1872
487
-1545
-1754
-313
523
-338
-1649
-1932
-1344
-933
-1015
-1144
-1179
-1460
-1971
-2128
-1579
-758
-334
-449
-765
-988
-1007
-634
305
1435
1784
806
-557
-475
1641
3925
3819
1255
-780
358
3507
4886
2876
226
466
3136
4416
2461
23
490
2911
3285
506
-1732
-196
2948
2968
-552
-2845
-687
2884
2816
-816
-3096
-1367
1276
900
-1646
-2574
-1077
-135
-1500
-3013
-2249
-398
-294
-1979
-2804
-1632
-349
-709
-1795
-1885
-1170
-959
-1245
-967
-245
-367
-1361
-1545
-194
1007
433
-870
-740
735
1394
456
-306
479
1535
1060
-240
-187
1323
1966
536
-1060
-563
1281
1767
104
-1581
-1336
56
482
-574
-1704
-1766
-1169
-852
-965
-1108
-1213
-1537
-1981
-2037
-1492
-748
-341
-366
-585
-811
-950
-758
46
1218
1837
1148
-269
-668
999
3447
4073
2025
-355
-73
2706
4602
3252
508
74
2486
4314
2920
217
-10
2370
3510
1210
-1592
-876
2430
3436
295
-2854
-1629
2240
3275
32
-2973
-1895
1070
1326
-1299
-2768
-1234
374
-742
-2865
-2671
-540
111
-1777
-3352
-2330
-321
-88
-1460
-2120
-1386
-770
-1048
-1143
-425
-47
-832
-1493
-594
890
875
-492
-925
432
1634
1005
-250
-71
1142
1281
62
-444
790
1922
1031
-799
-990
675
1700
521
-1319
-1515
-200
522
-368
-1667
-1912
-1243
-756
-846
-1013
-984
-1114
-1611
-1991
-1693
-900
-324
-313
-528
-588
-571
-650
-507
314
1465
1776
703
-549
-125
2083
3869
3204
918
-51
1691
4063
4059
1696
96
1344
3611
3620
1269
-107
1497
3654
2816
-368
-1598
957
3690
2458
-1367
-2645
232
3003
1665
-1866
-2771
-331
1413
-66
-2287
-1979
-74
119
-1745
-2682
-1270
120
-859
-2877
-3049
-1300
-230
-1079
-2219
-2031
-1217
-1144
-1481
-1078
-225
-235
-1058
-1162
-72
692
28
-833
-196
1336
1667
449
-363
451
1545
1228
146
158
1288
1663
521
-527
23
1229
1143
-264
-1134
-489
489
361
-614
-1192
-1014
-775
-899
-1034
-943
-1009
-1514
-2007
-1905
-1352
-993
-1017
-971
-579
-249
-483
-1024
-1012
-22
1274
1694
822
-383
-411
1160
2962
3105
1419
-17
814
3175
4187
2501
321
618
2947
3878
1867
-309
547
3164
3364
262
-2004
-107
3344
3228
-681
-3144
-836
2903
2848
-771
-2942
-1230
1140
527
-1824
-2214
-348
486
-1195
-2777
-1791
151
-89
-2295
-3272
-1733
-46
-458
-1895
-2067
-1041
-657
-1297
-1499
-724
-289
-923
-1317
-340
817
408
-932
-998
515
1475
643
-420
95
1377
1362
87
-387
705
1594
786
-567
-452
906
1397
199
-1090
-882
221
542
-253
-1011
-991
-727
-875
-1194
-1155
-922
-1075
-1640
-2016
-1827
-1383
-1151
-1127
-986
-654
-467
-688
-1021
-782
281
1430
1529
427
-513
222
2320
3627
2598
403
-199
1748
3990
3761
1392
3
1386
3507
3252
864
-266
1526
3564
2598
-248
-830
1881
3917
1929
-1696
-2005
1354
3510
1336
-2149
-2345
365
1633
-236
-2176
-1457
270
-29
-1910
-2373
-762
246
-1076
-2847
-2592
-936
-344
-1286
-1919
-1318
-748
-1195
-1639
-977
-124
-524
-1525
-1258
222
763
-504
-1601
-669
1091
1220
-256
-945
182
1353
925
-121
37
1071
1125
-94
-781
120
1232
848
-518
-994
-127
623
173
-749
-939
-494
-401
-900
-1252
-1048
-847
-1179
-1645
-1539
-994
-810
-1221
-1491
-990
-166
8
-651
-1242
-835
486
1717
1870
857
-304
-221
1468
3317
3320
1323
-347
492
2926
3850
2059
51
674
3036
3614
1363
-558
696
3293
3215
290
-1225
1119
3992
2875
-1202
-2804
152
3326
2185
-1581
-2772
-270
1742
300
-2188
-2089
-109
204
-1795
-2990
-1565
191
-452
-2490
-2937
-1383
-293
-1041
-2122
-1909
-1077
-1023
-1418
-1049
-231
-385
-1472
-1751
-548
491
-88
-1210
-920
507
1005
-7
-731
101
1220
936
-112
-30
1143
1406
81
-884
147
1828
1711
-87
-1058
-33
1189
663
-867
-1303
-385
159
-591
-1475
-1266
-569
-679
-1464
-1651
-927
-451
-1010
-1797
-1616
-610
35
-247
-847
-987
-546
216
1005
1321
682
-449
-568
1112
3141
3177
1102
-397
827
3346
3866
1709
-133
875
3187
3357
1080
-269
1406
3595
2678
-598
-1818
801
3549
2314
-1466
-2657
328
3256
2041
-1583
-2745
-361
1710
554
-1798
-1865
-5
475
-1386
-2792
-1634
264
9
-1986
-2800
-1457
-127
-612
-1829
-1906
-1074
-852
-1375
-1435
-806
-661
-1370
-1639
-630
480
287
-563
-414
688
1066
191
-376
475
1522
1112
-132
-174
1225
2003
875
-645
-399
1279
2047
856
-705
-759
389
979
318
-560
-635
-250
-296
-815
-1096
-888
-727
-993
-1307
-1172
-809
-861
-1416
-1824
-1528
-760
-232
-355
-898
-1271
-970
51
1194
1517
643
-548
-543
1114
2949
2985
1161
-315
506
2774
3755
2302
427
621
2437
3116
1570
41
834
2778
2776
490
-854
869
3269
2634
-571
-2071
168
2920
2244
-916
-2228
-260
1690
670
-1688
-1945
-100
648
-1042
-2708
-1986
-187
-137
-1897
-2881
-1866
-575
-807
-1872
-2079
-1404
-1117
-1465
-1460
-829
-556
-1080
-1381
-680
136
-102
-854
-671
408
811
-15
-610
235
1475
1355
163
-159
1013
1995
1321
-64
-229
951
1725
1029
-172
-433
247
753
497
-99
-510
-712
-808
-708
-470
-485
-946
-1426
-1380
-935
-714
-1001
-1421
-1566
-1474
-1330
-1047
-520
-90
-270
-968
-1340
-689
649
1531
1153
-61
-756
76
1946
3135
2420
606
-153
1153
3019
3200
1615
507
1398
2957
2879
1252
494
1758
3019
1951
-391
-726
1708
3654
2215
-929
-1674
749
2698
1332
-1405
-1784
290
1410
-85
-1819
-1276
320
120
-1784
-2546
-1098
146
-938
-2904
-2958
-1149
-112
-1072
-2337
-2170
-1235
-1063
-1525
-1422
-747
-644
-1254
-1329
-363
393
-103
-916
-546
677
1095
332
-166
518
1348
1074
248
290
1185
1539
825
180
542
1203
1017
222
-26
472
730
221
-335
-236
67
-201
-777
-769
-177
-32
-849
-1761
-1711
-945
-616
-1163
-1822
-1808
-1335
-1086
-1162
-1095
-728
-502
-736
-1061
-868
-82
739
994
571
-65
-148
777
2200
2822
1917
502
456
2143
3640
3058
1138
416
1790
3202
2540
742
490
2203
3228
1731
-356
51
2505
3336
908
-1743
-1064
1871
2815
392
-2028
-1332
949
1237
-731
-1872
-748
344
-751
-2550
-2316
-445
105
-1627
-3198
-2529
-875
-628
-1752
-2312
-1728
-1348
-1847
-2072
-1202
-369
-846
-1834
-1616
-318
244
-553
-1127
-222
1075
1015
-89
-388
643
1517
1166
521
829
1591
1459
550
338
1267
1951
1283
164
133
1074
1505
825
43
51
337
44
-580
-675
-266
-258
-952
-1509
-1233
-625
-618
-1223
-1610
-1380
-1068
-1250
-1703
-1775
-1293
-716
-516
-735
-1089
-1228
-864
-5
811
842
37
-590
44
1634
2551
1751
252
70
1640
3129
2755
1188
682
1942
3089
2353
748
736
2537
3496
1811
-590
-478
2040
3411
1542
-1156
-1119
1317
2454
572
-1711
-1400
569
988
-748
-1963
-988
320
-371
-2170
-2366
-671
309
-968
-2708
-2551
-1002
-403
-1405
-2322
-1944
-1166
-1175
-1578
-1373
-812
-893
-1480
-1412
-476
117
-332
-849
-352
588
690
58
-11
832
1429
1037
529
891
1537
1293
435
365
1330
1890
1084
-39
46
1088
1501
706
-179
-144
320
207
-433
-738
-471
-336
-795
-1346
-1316
-872
-730
-1110
-1494
-1440
-1183
-1209
-1551
-1797
-1666
-1296
-956
-747
-691
-830
-1043
-927
-201
731
1014
331
-497
-302
1030
2257
2148
988
330
1143
2568
2934
1901
935
1382
2609
2847
1720
856
1531
2666
2302
599
-151
1145
2565
1792
-418
-1139
549
2164
1343
-819
-1458
-97
880
-92
-1553
-1451
-286
-159
-1410
-2126
-1200
-80
-552
-2043
-2542
-1582
-712
-1033
-1755
-1721
-1174
-1061
-1369
-1313
-836
-708
-1111
-1225
-616
-55
-306
-835
-608
254
658
252
-67
362
930
838
451
683
1409
1545
772
166
632
1513
1500
547
-81
366
1122
1091
352
-140
1
196
-60
-476
-573
-479
-651
-1066
-1227
-980
-795
-1064
-1510
-1587
-1259
-1022
-1190
-1520
-1606
-1403
-1140
-919
-670
-445
-475
-785
-947
-471
518
1219
993
166
-193
561
1852
2432
1776
735
622
1676
2736
2614
1586
1061
1736
2619
2387
1308
960
1907
2686
1851
270
121
1683
2652
1342
-741
-896
887
1859
474
-1417
-1363
124
539
-777
-1815
-1188
-253
-837
-2263
-2409
-1082
-376
-1432
-2706
-2354
-1009
-672
-1654
-2300
-1677
-879
-1075
-1660
-1430
-623
-454
-1030
-1165
-385
256
-99
-681
-323
656
977
419
93
600
1132
900
475
790
1510
1480
608
153
870
1820
1695
669
80
522
1154
1031
347
-65
21
111
-89
-308
-310
-351
-715
-1159
-1214
-910
-769
-1072
-1487
-1581
-1388
-1252
-1288
-1335
-1329
-1393
-1503
-1393
-955
-515
-460
-740
-937
-763
-285
283
734
834
477
17
134
1041
1968
1907
937
329
1019
2301
2632
1661
770
1213
2348
2516
1446
686
1309
2223
1750
273
-142
1160
2217
1212
-748
-1086
520
1625
551
-1242
-1404
-112
420
-636
-1617
-1109
-118
-400
-1683
-2112
-1122
-272
-838
-1945
-1991
-1033
-531
-1084
-1686
-1434
-821
-736
-1029
-942
-501
-424
-778
-744
-4
571
197
-529
-477
333
813
507
186
485
898
732
367
643
1350
1425
634
77
579
1410
1347
449
-99
265
808
728
248
21
56
-109
-472
-547
-271
-232
-765
-1330
-1239
-659
-423
-898
-1541
-1670
-1301
-972
-995
-1196
-1298
-1270
-1214
-1140
-997
-818
-700
-652
-599
-506
-414
-299
-29
424
795
740
328
149
704
1679
2130
1588
758
762
1696
2419
2002
1024
840
1686
2320
1784
851
937
1935
2213
1012
-235
189
1708
2073
532
-973
-485
1194
1630
202
-1134
-756
367
328
-850
-1411
-671
-23
-691
-1805
-1752
-671
-230
-1098
-1993
-1677
-749
-592
-1277
-1625
-1130
-637
-861
-1255
-1019
-448
-418
-904
-999
-405
74
-167
-566
-334
262
384
17
-29
499
856
542
170
476
1082
1053
396
101
611
1161
969
388
270
660
859
591
324
385
423
116
-199
-69
243
90
-531
-885
-571
-136
-301
-941
-1317
-1118
-797
-819
-1052
-1118
-1006
-993
-1107
-1089
-873
-750
-892
-1004
-727
-221
-36
-375
-772
-622
93
780
877
418
-25
111
825
1503
1512
911
485
848
1641
1930
1422
886
1096
1712
1757
1087
689
1222
1909
1570
435
-1
902
1862
1384
-67
-630
337
1332
846
-510
-962
-146
487
-78
-981
-942
-258
-254
-1114
-1572
-925
-205
-628
-1715
-1975
-1113
-401
-748
-1479
-1534
-1041
-891
-1212
-1268
-791
-454
-745
-1127
-906
-334
-184
-518
-639
-235
165
106
-71
142
548
585
293
261
659
932
708
416
620
1105
1190
778
482
660
913
794
525
574
808
676
148
-132
187
552
279
-423
-726
-386
-56
-300
-806
-926
-652
-545
-836
-1126
-1065
-880
-956
-1193
-1179
-888
-766
-1049
-1365
-1236
-740
-397
-481
-733
-784
-588
-319
-59
172
252
99
-45
221
878
1332
1108
543
448
1053
1676
1617
1095
906
1277
1582
1315
867
950
1461
1564
953
411
731
1490
1548
672
-58
264
1089
1191
384
-277
-64
437
314
-309
-565
-263
-161
-701
-1245
-1034
-399
-321
-993
-1556
-1361
-846
-770
-1115
-1294
-1144
-1084
-1298
-1398
-1102
-764
-813
-1061
-1003
-636
-442
-608
-734
-494
-137
-48
-127
-16
285
430
349
368
654
903
834
675
809
1137
1203
922
737
940
1212
1093
691
532
772
970
725
261
84
267
383
136
-245
-374
-256
-244
-513
-833
-920
-816
-781
-913
-1061
-1095
-1073
-1121
-1222
-1262
-1223
-1201
-1259
-1337
-1336
-1220
-1022
-812
-678
-682
-778
-788
-564
-154
197
281
144
72
322
832
1232
1221
927
823
1168
1671
1815
1521
1262
1418
1774
1826
1514
1305
1470
1644
1364
847
781
1304
1694
1307
534
324
843
1229
796
20
-175
248
441
-30
-564
-498
-141
-263
-879
-1203
-878
-541
-848
-1490
-1661
-1260
-977
-1227
-1601
-1578
-1293
-1214
-1351
-1308
-998
-800
-932
-1079
-893
-546
-447
-600
-622
-351
-60
9
-9
101
259
286
279
474
790
878
683
603
912
1297
1273
878
633
813
1110
1132
912
739
710
684
601
544
501
331
34
-153
-94
8
-128
-449
-654
-623
-557
-639
-773
-804
-795
-910
-1109
-1169
-1044
-948
-1055
-1226
-1220
-1044
-928
-997
-1116
-1107
-971
-819
-700
-607
-558
-563
-509
-246
176
480
457
262
268
646
1132
1316
1125
921
1080
1522
1794
1647
1371
1403
1704
1798
1474
1137
1243
1587
1557
1045
668
901
1336
1223
555
108
343
754
605
-13
-353
-120
138
-116
-613
-740
-486
-437
-844
-1225
-1105
-763
-817
-1291
-1586
-1371
-1032
-1055
-1312
-1351
-1110
-967
-1079
-1147
-943
-686
-681
-811
-732
-429
-226
-265
-316
-168
45
122
133
272
499
597
546
579
798
986
924
741
737
957
1149
1126
973
867
831
809
828
906
902
664
322
220
441
599
315
-231
-475
-224
65
-106
-629
-968
-893
-720
-786
-1002
-1095
-1068
-1140
-1329
-1384
-1193
-1008
-1111
-1397
-1511
-1325
-1079
-1026
-1123
-1150
-1041
-913
-834
-732
-551
-374
-310
-309
-219
18
304
512
607
636
670
795
1054
1340
1434
1279
1134
1305
1706
1893
1645
1309
1362
1732
1878
1556
1191
1258
1561
1508
1018
693
938
1307
1105
421
46
339
690
401
-300
-591
-265
-4
-347
-903
-988
-672
-642
-1116
-1491
-1280
-867
-934
-1435
-1676
-1366
-1017
-1137
-1489
-1510
-1171
-964
-1094
-1206
-1006
-730
-729
-879
-787
-433
-211
-312
-442
-297
-4
146
170
306
543
625
517
521
797
1053
984
757
791
1113
1317
1168
940
964
1138
1136
938
829
911
939
720
439
384
507
491
199
-145
-269
-190
-155
-325
-611
-797
-778
-652
-625
-792
-1035
-1148
-1075
-960
-961
-1065
-1150
-1150
-1111
-1077
-1035
-985
-979
-1036
-1066
-978
-806
-696
-710
-749
-659
-425
-187
-90
-143
-206
-113
162
478
642
623
582
692
950
1193
1290
1273
1275
1371
1522
1629
1628
1548
1489
1510
1558
1526
1413
1334
1334
1290
1102
892
867
977
922
577
229
212
403
359
-48
-425
-417
-224
-298
-664
-897
-786
-660
-860
-1199
-1240
-986
-893
-1166
-1452
-1369
-1080
-1016
-1219
-1320
-1134
-925
-954
-1068
-988
-772
-706
-813
-805
-547
-288
-273
-366
-280
-24
136
107
86
221
389
452
486
626
778
769
679
767
1039
1167
964
697
746
1043
1165
921
598
539
702
787
648
413
241
164
154
162
93
-140
-437
-555
-430
-315
-475
-808
-982
-894
-795
-894
-1066
-1080
-970
-952
-1064
-1107
-997
-915
-1014
-1148
-1073
-831
-709
-832
-989
-941
-731
-579
-551
-536
-451
-354
-293
-209
-45
130
208
202
241
393
593
730
776
788
853
1010
1226
1397
1423
1330
1286
1436
1699
1822
1674
1438
1405
1597
1716
1538
1232
1127
1240
1250
983
700
709
866
742
285
-46
79
335
173
-371
-706
-531
-269
-426
-845
-983
-752
-650
-957
-1285
-1183
-855
-862
-1260
-1504
-1273
-939
-986
-1280
-1334
-1058
-861
-977
-1128
-1002
-740
-668
-764
-727
-486
-306
-331
-345
-137
146
226
139
165
387
593
628
618
717
848
882
884
1000
1160
1160
1015
978
1135
1240
1088
878
906
1070
988
612
357
496
700
493
-29
-298
-87
160
-35
-520
-761
-611
-460
-633
-954
-1067
-959
-914
-1053
-1184
-1138
-1031
-1057
-1176
-1191
-1052
-944
-1008
-1146
-1163
-1023
-865
-803
-803
-774
-709
-656
-625
-575
-490
-404
-340
-272
-158
-17
98
172
239
331
444
566
699
835
952
1030
1090
1171
1288
1414
1512
1545
1513
1473
1514
1642
1727
1640
1445
1362
1465
1548
1382
1062
905
987
1016
760
422
354
506
461
60
-307
-252
4
-79
-565
-924
-804
-546
-670
-1099
-1292
-1072
-870
-1044
-1339
-1319
-1056
-1005
-1273
-1454
-1269
-988
-995
-1207
-1229
-980
-775
-804
-873
-765
-582
-529
-546
-422
-162
-6
-30
-32
129
302
312
267
375
597
700
640
646
831
990
928
791
848
1056
1114
933
798
924
1124
1091
861
744
842
909
755
526
454
504
455
266
119
103
79
-85
-284
-356
-342
-414
-595
-723
-714
-697
-800
-939
-961
-891
-890
-990
-1041
-962
-875
-921
-1029
-1023
-892
-793
-812
-839
-754
-614
-555
-584
-581
-486
-374
-330
-326
-294
-235
-195
-168
-114
-31
31
63
122
243
377
461
503
564
648
716
758
821
910
960
947
977
1145
1345
1363
1172
1042
1176
1401
1368
1062
857
995
1215
1108
723
517
686
860
638
193
33
251
383
101
-298
-345
-114
-104
-473
-788
-688
-435
-517
-896
-1076
-862
-650
-804
-1103
-1103
-831
-721
-930
-1109
-970
-720
-705
-866
-863
-634
-472
-536
-609
-473
-265
-230
-310
-261
-60
48
-36
-96
45
240
259
151
162
338
463
422
359
430
541
528
442
477
645
738
648
528
555
660
668
579
568
689
764
649
448
390
506
603
510
279
103
98
206
261
128
-161
-390
-358
-145
-93
-397
-797
-851
-523
-287
-525
-1000
-1162
-884
-603
-685
-944
-975
-769
-670
-799
-869
-671
-433
-470
-670
-651
-339
-107
-226
-469
-443
-149
45
-46
-203
-160
30
127
72
36
119
216
201
135
149
256
347
372
384
431
490
542
622
729
792
766
747
853
1023
1061
912
789
887
1099
1138
935
754
815
981
946
687
500
560
665
533
240
118
257
356
148
-188
-293
-143
-83
-303
-560
-551
-374
-371
-602
-766
-688
-589
-729
-973
-988
-762
-639
-802
-1009
-965
-754
-671
-771
-830
-730
-627
-647
-668
-543
-361
-318
-393
-384
-226
-88
-80
-90
17
170
215
186
239
390
471
411
358
447
582
587
485
463
577
669
614
511
521
629
681
625
565
578
604
558
470
434
451
440
375
340
387
436
358
166
22
56
174
155
-82
-344
-367
-159
-36
-259
-675
-870
-671
-390
-442
-805
-1044
-896
-619
-620
-889
-1031
-852
-620
-647
-823
-816
-599
-489
-642
-782
-627
-335
-285
-514
-651
-454
-158
-117
-332
-481
-379
-172
-76
-105
-135
-107
-56
-11
41
91
122
160
255
385
459
453
464
585
762
854
822
792
885
1059
1162
1134
1074
1114
1240
1300
1202
1036
974
1040
1074
945
740
660
733
746
552
289
215
328
358
160
-77
-113
-25
-82
-321
-493
-449
-382
-518
-752
-813
-690
-656
-833
-1002
-946
-783
-777
-934
-1017
-922
-817
-845
-907
-846
-715
-676
-727
-709
-574
-458
-450
-440
-306
-124
-60
-107
-103
16
126
140
145
253
400
438
373
362
467
559
526
446
468
580
634
576
524
560
612
575
490
474
528
542
462
376
371
403
378
294
232
228
243
237
204
139
36
-59
-78
-35
-36
-145
-272
-290
-222
-220
-339
-458
-452
-383
-407
-537
-621
-563
-470
-495
-613
-662
-568
-458
-464
-543
-548
-448
-363
-386
-454
-447
-362
-297
-309
-335
-304
-232
-188
-183
-177
-146
-115
-105
-91
-51
-7
-1
-30
-45
-16
29
45
45
72
143
229
287
305
299
294
328
419
528
585
566
546
605
715
758
701
651
712
828
852
751
673
736
851
837
675
548
592
701
667
464
301
330
438
402
201
35
41
107
48
-118
-211
-176
-158
-277
-443
-494
-450
-473
-608
-715
-680
-591
-597
-704
-776
-747
-688
-676
-685
-666
-640
-649
-666
-627
-547
-503
-519
-522
-451
-349
-294
-281
-251
-192
-152
-146
-115
-28
46
41
-6
10
105
185
180
151
186
272
317
289
256
272
305
296
263
271
328
365
342
307
323
383
417
388
332
302
320
361
379
343
269
212
230
295
303
202
75
60
167
242
156
-21
-107
-35
56
19
-117
-207
-198
-184
-239
-314
-329
-314
-352
-439
-467
-404
-357
-418
-511
-493
-375
-309
-380
-486
-490
-412
-375
-416
-445
-396
-335
-338
-369
-351
-283
-253
-288
-309
-256
-175
-150
-184
-199
-157
-91
-36
26
102
170
204
239
319
422
482
490
500
558
637
700
747
801
855
873
867
883
930
950
908
846
842
885
880
776
649
601
624
608
502
382
335
326
258
116
-3
-34
-46
-134
-274
-356
-350
-347
-417
-520
-572
-580
-619
-700
-760
-757
-732
-738
-770
-781
-764
-747
-744
-736
-712
-685
-659
-625
-576
-531
-491
-439
-366
-296
-252
-224
-176
-103
-37
6
40
88
143
184
214
255
310
356
377
384
401
430
455
460
456
457
467
481
492
497
495
488
480
476
462
440
417
406
395
354
284
220
210
245
264
207
89
3
23
101
91
-81
-298
-356
-229
-129
-241
-463
-528
-373
-242
-348
-570
-628
-479
-370
-456
-579
-534
-390
-375
-501
-532
-364
-211
-289
-476
-483
-277
-130
-218
-380
-374
-220
-121
-155
-198
-161
-114
-143
-186
-152
-73
-65
-136
-178
-125
-46
-19
-27
-5
56
107
133
157
184
189
188
238
354
458
477
453
481
583
679
700
673
675
713
737
722
702
712
729
709
646
582
560
575
580
535
449
366
330
318
274
175
71
23
17
-19
-115
-210
-239
-232
-263
-345
-407
-404
-394
-449
-533
-545
-474
-424
-479
-577
-598
-530
-471
-486
-519
-499
-454
-449
-477
-468
-402
-342
-330
-327
-285
-234
-223
-236
-211
-137
-75
-63
-62
-34
7
21
27
76
167
236
247
237
264
319
351
351
353
380
395
378
356
374
417
428
388
358
388
448
456
378
278
236
267
300
263
159
68
72
145
168
56
-120
-201
-134
-57
-118
-279
-362
-307
-263
-359
-505
-515
-389
-322
-419
-548
-538
-434
-418
-521
-580
-490
-367
-374
-479
-519
-439
-350
-342
-365
-335
-278
-272
-318
-336
-288
-222
-194
-190
-169
-134
-114
-110
-101
-81
-66
-57
-38
4
51
85
116
159
208
241
261
302
384
480
540
554
566
622
709
763
751
715
718
761
784
756
720
733
779
787
731
672
665
679
632
530
457
462
465
370
216
146
199
242
144
-44
-162
-167
-188
-310
-449
-476
-425
-444
-566
-659
-618
-526
-531
-631
-692
-656
-610
-634
-676
-657
-597
-581
-602
-575
-478
-397
-392
-410
-379
-327
-324
-353
-329
-233
-138
-97
-63
22
124
169
165
189
261
314
297
259
274
327
352
334
328
366
399
370
306
272
281
284
258
241
261
288
284
264
275
313
322
280
222
191
187
183
172
155
117
53
0
1
34
15
-80
-173
-175
-115
-111
-211
-318
-322
-249
-223
-302
-397
-407
-357
-343
-393
-432
-402
-353
-369
-427
-431
-349
-265
-266
-322
-340
-291
-243
-257
-302
-317
-281
-235
-212
-206
-207
-215
-222
-212
-180
-151
-151
-166
-159
-123
-78
-41
-9
35
84
131
177
222
257
275
295
337
393
431
437
446
502
590
652
650
619
631
706
774
763
692
650
690
756
755
679
611
614
653
642
556
456
392
350
282
176
78
31
17
-25
-114
-201
-225
-206
-231
-343
-466
-501
-466
-476
-579
-677
-673
-605
-598
-669
-717
-672
-599
-585
-609
-584
-518
-497
-549
-591
-551
-467
-422
-413
-386
-329
-288
-273
-234
-146
-62
-44
-69
-62
-6
49
72
97
158
231
281
315
366
424
447
435
434
466
487
459
414
411
449
470
446
415
412
415
395
376
387
397
343
234
168
210
286
266
128
1
23
152
212
85
-132
-230
-138
-29
-110
-351
-499
-399
-210
-200
-392
-536
-461
-305
-296
-420
-469
-371
-289
-358
-468
-434
-286
-220
-311
-409
-369
-254
-224
-305
-371
-340
-263
-222
-224
-234
-243
-266
-274
-225
-144
-108
-142
-176
-136
-53
-17
-55
-97
-74
1
63
92
115
150
182
214
280
384
467
479
457
491
606
704
698
622
608
709
826
825
707
615
655
754
754
617
483
482
560
553
417
295
308
382
350
193
68
78
124
47
-138
-259
-234
-175
-239
-403
-511
-490
-440
-484
-599
-662
-625
-567
-577
-632
-651
-610
-569
-568
-568
-522
-448
-413
-429
-447
-420
-369
-337
-329
-311
-258
-188
-122
-69
-23
18
56
108
169
217
232
227
230
242
251
261
291
324
323
283
257
292
352
362
306
254
262
302
316
291
274
291
318
320
293
256
224
196
170
146
112
70
35
11
-15
-54
-85
-77
-43
-38
-87
-144
-149
-126
-150
-248
-332
-311
-218
-177
-235
-308
-298
-231
-203
-245
-283
-263
-226
-232
-264
-259
-217
-198
-224
-239
-194
-129
-119
-170
-213
-210
-198
-222
-265
-281
-271
-267
-272
-250
-197
-157
-161
-178
-164
-119
-91
-93
-96
-77
-54
-49
-46
-18
37
89
121
147
192
252
308
342
361
400
477
566
614
604
584
620
704
753
719
658
657
718
749
693
602
567
588
580
494
392
358
375
351
249
144
106
105
50
-67
-161
-176
-168
-223
-335
-417
-432
-435
-485
-566
-611
-601
-587
-607
-641
-642
-609
-581
-580
-588
-577
-546
-521
-515
-515
-491
-437
-371
-318
-283
-245
-191
-122
-63
-25
9
58
125
184
215
235
272
323
363
380
396
434
478
497
486
481
500
526
521
486
454
444
440
423
395
374
362
345
312
269
222
176
130
89
61
42
22
-14
-62
-107
-137
-157
-185
-225
-265
-286
-294
-302
-320
-343
-356
-357
-348
-339
-334
-334
-331
-327
-322
-314
-304
-292
-279
-260
-230
-185
-133
-92
-68
-56
-48
-43
-39
-36
-30
-17
-1
16
29
39
48
65
79
83
78
77
80
72
45
14
4
20
39
48
54
65
73
66
52
47
65
89
100
95
87
90
101
116
129
147
174
204
222
228
227
234
254
282
299
301
294
295
310
321
310
285
269
273
265
222
168
146
149
129
57
-26
-62
-58
-77
-150
-226
-248
-233
-248
-316
-377
-380
-352
-359
-410
-449
-438
-415
-424
-456
-460
-421
-380
-369
-373
-354
-307
-257
-226
-204
-180
-156
-135
-114
-81
-33
20
60
82
94
108
131
154
170
179
193
210
227
238
255
282
314
327
316
295
288
294
294
274
244
232
242
245
216
165
132
136
148
128
78
36
26
22
-10
-68
-113
-114
-93
-85
-104
-127
-138
-139
-150
-169
-184
-187
-194
-218
-248
-260
-247
-228
-225
-236
-237
-218
-192
-183
-194
-209
-208
-190
-165
-141
-124
-110
-97
-82
-63
-33
6
49
76
87
99
134
188
235
253
261
294
361
421
430
399
390
443
515
526
465
414
445
525
541
456
364
359
404
392
302
235
264
304
239
102
38
89
130
41
-104
-160
-124
-122
-211
-293
-280
-235
-265
-349
-378
-332
-309
-363
-425
-416
-366
-355
-390
-411
-392
-371
-375
-371
-341
-310
-307
-305
-272
-232
-230
-253
-243
-176
-111
-93
-98
-74
-33
-22
-46
-49
10
84
109
85
75
107
142
142
121
129
174
211
213
197
192
194
181
158
149
167
185
179
158
151
165
175
155
112
76
61
63
63
54
43
36
29
13
-11
-34
-50
-63
-76
-87
-98
-112
-131
-149
-151
-141
-130
-129
-128
-115
-94
-78
-69
-58
-33
-3
22
38
52
68
94
126
162
194
217
223
211
189
175
194
237
257
211
134
114
189
274
243
94
-24
12
136
154
3
-165
-173
-51
4
-110
-270
-311
-247
-226
-304
-369
-336
-284
-324
-410
-406
-300
-249
-344
-459
-414
-246
-151
-221
-326
-317
-213
-148
-150
-147
-100
-57
-53
-39
20
77
71
31
47
132
212
229
211
210
233
257
284
320
348
338
312
317
366
414
415
388
385
416
444
438
420
419
432
424
394
373
391
417
398
334
281
274
283
249
170
108
93
85
38
-39
-90
-103
-106
-136
-185
-235
-286
-344
-395
-408
-392
-388
-425
-478
-498
-474
-443
-443
-467
-481
-469
-443
-413
-378
-344
-325
-320
-306
-259
-201
-169
-171
-162
-114
-51
-12
-1
12
43
78
106
129
152
169
174
182
208
240
259
258
254
268
301
336
354
343
312
289
291
310
308
270
227
215
233
245
223
183
145
118
92
69
52
35
-3
-60
-107
-124
-127
-145
-182
-208
-207
-199
-212
-244
-268
-271
-264
-272
-281
-282
-269
-261
-268
-279
-281
-271
-257
-246
-236
-226
-215
-200
-176
-150
-136
-138
-139
-125
-104
-97
-97
-82
-36
24
67
79
73
65
67
83
117
150
167
175
197
238
264
254
237
267
338
395
392
354
337
358
391
415
423
417
393
372
376
393
388
351
328
346
370
328
229
153
155
186
160
75
10
4
14
-26
-97
-135
-125
-124
-171
-234
-260
-260
-276
-316
-344
-346
-352
-383
-402
-379
-341
-345
-387
-410
-387
-357
-360
-371
-345
-289
-253
-259
-262
-225
-158
-105
-72
-42
-6
15
13
13
37
79
119
153
192
231
247
233
212
213
237
264
282
291
293
289
275
262
259
256
245
228
216
211
196
167
132
109
103
94
67
27
-8
-29
-41
-47
-49
-44
-39
-46
-72
-109
-146
-172
-184
-183
-177
-173
-171
-170
-164
-167
-183
-202
-210
-200
-186
-179
-180
-181
-176
-160
-133
-108
-107
-129
-151
-145
-117
-96
-98
-104
-89
-57
-34
-39
-52
-56
-42
-16
12
33
43
41
36
37
48
62
71
77
84
91
89
84
78
73
61
43
34
41
55
59
52
54
67
77
65
42
29
36
50
55
52
54
62
67
67
71
85
104
114
107
97
96
111
132
158
182
200
202
185
165
156
161
167
165
159
153
142
123
107
101
104
96
74
49
36
29
15
-8
-27
-37
-42
-56
-80
-103
-119
-134
-154
-173
-186
-195
-206
-219
-225
-220
-211
-211
-221
-223
-214
-203
-199
-202
-200
-188
-165
-139
-115
-96
-85
-83
-80
-69
-54
-33
-13
8
27
38
45
51
61
74
89
107
126
141
146
144
140
140
140
142
145
146
142
131
118
111
112
113
107
95
81
64
47
28
10
-6
-14
-16
-13
-9
-14
-31
-51
-60
-57
-55
-65
-82
-90
-86
-80
-83
-90
-89
-83
-84
-89
-88
-78
-73
-78
-82
-72
-54
-44
-45
-45
-34
-22
-14
-13
-8
-3
4
15
33
50
56
52
54
64
80
90
99
115
133
148
156
166
179
187
179
168
164
171
175
171
167
170
171
157
130
108
102
103
93
74
59
53
40
13
-15
-28
-32
-44
-68
-91
-103
-109
-121
-138
-150
-155
-160
-172
-186
-196
-199
-198
-195
-193
-192
-188
-181
-174
-171
-166
-156
-142
-128
-117
-106
-92
-78
-70
-63
-50
-31
-12
1
7
14
25
38
51
63
75
92
113
127
127
116
109
116
132
141
142
139
138
136
129
121
122
130
132
118
98
82
69
57
48
45
52
61
58
42
27
19
21
22
19
13
7
0
-12
-26
-32
-30
-28
-31
-37
-42
-48
-59
-68
-68
-59
-51
-56
-66
-70
-64
-54
-52
-56
-58
-54
-52
-58
-65
-64
-55
-52
-59
-65
-56
-40
-34
-40
-44
-34
-19
-13
-11
-5
12
25
28
26
28
36
41
39
38
43
51
57
55
56
61
67
68
64
61
60
58
56
55
56
55
46
36
31
30
29
27
27
31
32
23
12
12
21
25
18
9
8
10
2
-9
-12
-4
5
2
-8
-9
2
15
20
18
18
22
23
15
4
3
14
27
31
31
31
33
28
17
8
8
16
21
23
26
29
25
9
-7
-13
-12
-14
-22
-26
-15
0
5
-3
-14
-20
-24
-31
-39
-38
-27
-15
-9
-12
-16
-17
-11
-3
5
11
18
26
36
44
43
38
38
48
63
73
80
89
103
108
99
86
82
89
93
83
69
67
76
78
64
49
48
57
55
34
14
11
17
12
-12
-34
-39
-35
-44
-67
-84
-85
-79
-79
-85
-87
-84
-89
-103
-111
-100
-80
-71
-73
-72
-65
-64
-72
-74
-59
-39
-31
-39
-43
-33
-16
-8
-7
-1
15
33
39
37
41
58
77
84
77
71
78
90
91
76
65
76
100
111
98
79
78
92
96
84
71
80
95
91
66
43
41
43
37
26
25
39
39
19
-3
-6
-1
-11
-36
-49
-42
-34
-48
-69
-78
-66
-60
-71
-87
-89
-82
-83
-98
-108
-100
-85
-83
-94
-99
-90
-77
-74
-78
-73
-54
-36
-35
-41
-37
-25
-13
-8
