-30
-26
-21
-15
-8
3
14
22
26
26
23
19
19
21
22
15
0
-18
-27
-25
-20
-19
-22
-23
-18
-12
-7
-5
-1
8
21
36
52
66
76
78
67
45
21
0
-14
-23
-28
-25
-15
-4
5
7
-1
-16
-33
-41
-31
0
43
80
96
89
66
42
21
4
-11
-25
-33
-32
-21
-6
5
2
-9
-17
-12
4
15
10
-6
-18
-11
5
16
15
8
7
11
13
11
10
9
4
-9
-25
-31
-19
2
19
22
8
-9
-23
-23
-18
-12
-8
-5
5
21
34
34
18
-5
-20
-22
-16
-8
-1
10
21
27
22
14
6
4
8
13
18
17
13
13
20
31
40
46
52
55
52
44
37
35
33
27
22
20
18
7
-16
-45
-70
-80
-71
-45
-14
10
20
12
-7
-28
-41
-45
-38
-26
-12
-3
4
7
8
8
4
0
0
6
18
27
28
22
12
-2
-14
-18
-10
6
22
34
41
46
47
40
32
26
21
12
3
-4
-8
-8
-8
-3
3
10
14
17
18
20
19
13
5
0
-2
-5
-9
-10
-6
0
0
-7
-20
-35
-46
-44
-33
-16
-4
2
5
3
1
0
4
13
18
20
25
35
47
58
65
71
71
67
58
52
49
46
43
39
35
33
30
27
26
28
32
37
41
47
46
41
31
19
11
6
-2
-8
-11
-9
-3
0
-5
-16
-25
-34
-37
-41
-42
-41
-40
-41
-43
-42
-38
-37
-35
-28
-14
4
15
16
10
2
-2
2
12
28
42
49
52
53
56
57
58
60
62
66
66
73
83
92
93
88
78
64
46
34
29
31
27
13
-5
-16
-17
-9
0
7
13
18
19
13
0
-16
-27
-33
-38
-51
-67
-75
-72
-64
-58
-51
-42
-29
-18
-9
3
23
48
71
82
82
74
65
58
54
57
65
73
65
40
3
-24
-37
-41
-39
-31
-19
-7
-7
-11
-13
-7
7
22
31
34
34
31
25
22
21
19
17
17
16
9
-2
-18
-29
-29
-23
-16
-15
-24
-38
-44
-39
-22
-1
11
16
16
13
7
-3
-12
-16
-13
-1
16
27
28
20
9
1
-3
0
10
27
45
55
56
52
42
30
20
14
18
23
27
27
21
12
1
-8
-11
-9
-4
-4
-9
-16
-25
-30
-28
-19
-4
13
28
39
43
41
40
44
53
63
70
75
78
79
78
76
73
66
51
33
19
14
13
7
-8
-28
-43
-44
-35
-28
-24
-28
-34
-41
-43
-40
-28
-9
8
19
18
11
2
0
6
14
19
18
10
-2
-17
-29
-35
-33
-24
-10
7
21
27
28
28
26
18
1
-22
-41
-49
-44
-24
6
31
37
21
-2
-15
-12
5
25
44
56
58
52
43
39
34
28
18
7
0
-8
-15
-16
-10
3
16
22
26
24
18
8
-3
-11
-14
-9
-3
0
-3
-9
-19
-25
-30
-34
-36
-32
-22
-9
1
7
10
15
21
26
28
26
26
29
32
33
31
32
40
52
61
60
53
46
40
36
31
26
25
27
26
22
18
14
5
-10
-30
-48
-55
-46
-24
2
26
41
43
31
9
-14
-27
-26
-19
-8
7
25
40
38
18
-19
-52
-68
-59
-35
-5
22
39
42
30
13
1
4
15
26
30
34
41
46
49
48
48
48
49
53
61
67
62
42
17
-3
-14
-14
-6
2
7
15
19
19
9
-6
-19
-27
-30
-25
-16
-3
3
0
-10
-23
-36
-49
-57
-62
-63
-61
-55
-44
-32
-22
-14
-7
-4
-6
-8
-3
7
20
30
34
35
35
32
26
18
7
2
1
7
15
26
41
56
63
57
43
31
27
30
35
38
35
24
5
-14
-25
-27
-22
-13
-1
12
23
33
39
40
32
24
27
43
58
63
55
47
43
38
26
5
-17
-33
-37
-34
-26
-21
-20
-17
-12
-9
-8
-7
0
12
27
37
39
34
26
21
21
18
13
4
-2
-6
-13
-21
-25
-18
1
18
26
21
8
-5
-9
-4
4
2
-14
-32
-43
-37
-22
-3
13
22
24
21
14
5
1
-1
-5
-15
-26
-32
-31
-28
-25
-29
-34
-36
-32
-21
-9
2
10
15
19
21
23
31
41
51
57
62
67
65
56
41
27
17
13
13
14
22
34
45
50
45
34
25
22
24
25
27
26
22
10
-6
-18
-22
-23
-27
-31
-25
-7
14
26
33
37
40
36
25
10
-3
-11
-11
-11
-11
-15
-23
-32
-34
-34
-30
-20
-4
11
18
22
32
48
60
65
62
60
62
66
71
72
74
72
63
47
30
17
8
3
-4
-16
-26
-32
-31
-26
-12
8
23
21
-7
-53
-96
-116
-104
-66
-20
16
37
43
43
37
31
26
24
24
21
23
34
49
57
46
22
-1
-15
-22
-26
-27
-20
-9
8
27
47
62
69
58
32
3
-17
-21
-13
2
19
31
32
22
4
-19
-43
-65
-81
-84
-78
-69
-56
-42
-25
-14
-14
-17
-16
-4
11
25
40
67
104
137
147
131
93
54
32
28
30
24
6
-19
-45
-68
-85
-91
-82
-67
-57
-52
-47
-34
-14
7
24
36
39
36
30
18
7
-1
-5
-2
-1
-7
-25
-49
-75
-100
-118
-125
-115
-92
-60
-26
9
41
70
93
108
116
119
114
99
78
55
37
29
29
27
24
21
18
17
14
8
-1
-14
-28
-32
-25
-11
7
29
56
79
91
84
60
24
-12
-41
-58
-64
-68
-74
-80
-86
-90
-90
-83
-68
-55
-48
-37
-16
17
48
65
68
64
60
56
50
42
38
34
30
20
10
4
8
17
26
33
33
26
13
5
5
13
22
31
39
48
58
58
45
23
-1
-23
-41
-55
-69
-82
-89
-93
-97
-97
-97
-86
-66
-43
-20
-3
12
26
39
53
66
78
88
97
102
106
105
101
98
97
93
81
62
39
20
10
7
3
-8
-27
-46
-59
-63
-59
-44
-21
6
31
50
57
50
32
9
-14
-33
-54
-80
-106
-123
-131
-134
-133
-124
-105
-85
-67
-58
-53
-45
-29
-5
26
56
85
108
122
119
98
65
36
24
33
49
60
62
55
45
31
18
12
20
37
54
65
78
93
109
116
108
94
78
62
42
15
-14
-42
-68
-94
-113
-122
-122
-120
-121
-125
-119
-106
-95
-94
-103
-111
-110
-103
-96
-84
-70
-48
-23
-2
12
13
10
9
12
14
7
1
8
30
55
77
94
111
120
115
96
73
54
44
41
47
58
70
79
79
70
50
24
4
-5
-7
-8
-10
-10
-8
-9
-14
-20
-28
-35
-42
-49
-53
-55
-56
-56
-56
-56
-53
-43
-32
-22
-18
-15
-11
-9
-17
-27
-35
-34
-31
-29
-27
-23
-19
-17
-14
-7
10
31
55
74
81
75
54
30
14
13
19
30
39
46
53
57
63
68
73
74
64
47
27
12
2
2
5
16
27
35
38
34
26
19
15
16
23
34
38
28
-2
-43
-81
-106
-118
-115
-98
-77
-61
-59
-68
-81
-87
-78
-61
-39
-15
5
23
37
46
49
46
39
28
10
-17
-45
-66
-74
-65
-46
-23
4
31
58
75
79
72
70
79
100
116
122
121
119
118
112
100
72
39
4
-27
-48
-61
-69
-68
-64
-58
-54
-49
-43
-36
-33
-34
-33
-22
-8
3
9
12
11
1
-19
-41
-48
-36
-19
-8
-5
-3
4
10
6
-5
-9
0
16
34
53
72
87
87
74
54
35
26
32
49
62
59
37
6
-27
-55
-71
-70
-48
-14
12
18
8
-10
-28
-39
-44
-41
-33
-27
-35
-54
-75
-92
-101
-108
-116
-125
-129
-126
-117
-104
-89
-67
-40
-9
19
42
64
85
100
108
110
112
115
112
101
90
91
105
120
125
115
105
92
77
54
26
7
9
27
47
61
66
63
51
31
14
6
5
-3
-22
-41
-53
-54
-45
-31
-14
2
6
-3
-19
-30
-37
-41
-54
-66
-66
-46
-21
-8
-14
-22
-20
-13
-15
-34
-57
-67
-67
-69
-77
-78
-67
-56
-63
-87
-106
-105
-96
-93
-96
-77
-29
27
63
71
71
82
95
97
85
81
103
143
173
182
188
224
280
309
280
220
189
211
244
241
208
194
219
248
236
192
159
156
141
79
-9
-68
-82
-88
-124
-169
-172
-131
-99
-119
-177
-219
-226
-223
-231
-236
-212
-161
-125
-131
-161
-177
-152
-104
-62
-35
-18
-3
-3
-31
-83
-133
-149
-129
-102
-92
-107
-137
-175
-213
-250
-271
-269
-241
-195
-162
-164
-202
-234
-219
-164
-108
-74
-37
23
86
111
96
91
128
179
206
214
253
340
425
441
399
378
422
495
519
474
423
423
455
451
386
319
316
349
332
239
142
110
112
66
-45
-136
-145
-128
-173
-275
-337
-299
-227
-213
-269
-316
-305
-271
-272
-307
-322
-283
-212
-152
-126
-124
-117
-101
-81
-69
-65
-61
-53
-54
-75
-103
-104
-66
-21
-10
-29
-27
19
73
87
63
52
84
129
138
107
77
72
76
60
27
0
-19
-48
-99
-147
-157
-120
-75
-65
-98
-135
-141
-116
-97
-105
-132
-149
-143
-134
-148
-180
-196
-164
-99
-56
-58
-84
-89
-75
-76
-100
-104
-61
-1
23
12
18
66
117
122
97
96
137
185
203
195
182
177
179
187
198
201
199
210
243
279
286
265
244
239
228
196
164
168
204
233
218
174
146
141
131
96
59
57
89
104
69
2
-54
-82
-106
-141
-170
-161
-122
-85
-75
-86
-95
-88
-73
-60
-53
-51
-45
-40
-39
-53
-80
-110
-131
-144
-158
-183
-208
-227
-239
-259
-288
-319
-349
-385
-430
-472
-492
-486
-462
-434
-411
-403
-419
-445
-457
-440
-418
-412
-417
-395
-337
-278
-249
-227
-162
-49
63
134
188
282
415
529
586
623
724
898
1049
1054
926
828
914
1125
1227
1096
891
882
1081
1205
1023
680
526
647
756
588
270
126
216
249
20
-277
-322
-127
-35
-253
-570
-657
-499
-386
-507
-722
-792
-680
-562
-566
-633
-637
-548
-448
-419
-438
-427
-341
-228
-181
-216
-243
-183
-78
-42
-102
-157
-118
-39
-32
-112
-169
-138
-79
-91
-164
-200
-163
-123
-156
-244
-299
-292
-271
-299
-357
-376
-330
-286
-318
-407
-463
-446
-416
-438
-482
-477
-423
-403
-437
-444
-354
-234
-195
-228
-209
-73
86
157
172
261
454
622
643
593
669
942
1218
1235
1010
881
1118
1532
1639
1274
882
995
1501
1718
1287
690
633
1055
1198
681
73
109
606
694
46
-630
-568
-24
96
-497
-1095
-1006
-488
-332
-762
-1210
-1156
-789
-644
-857
-1063
-950
-625
-418
-469
-624
-645
-446
-174
-62
-164
-257
-95
236
377
166
-89
11
402
621
438
157
175
417
472
207
-55
-10
195
188
-93
-343
-335
-233
-334
-651
-902
-901
-790
-830
-1073
-1308
-1341
-1225
-1165
-1270
-1423
-1433
-1268
-1097
-1070
-1124
-1059
-821
-592
-539
-549
-349
92
463
478
298
391
940
1545
1646
1208
856
1187
2023
2534
2221
1582
1550
2252
2769
2336
1463
1311
2058
2569
1973
963
852
1647
1976
1058
-99
-99
856
1225
291
-880
-987
-252
27
-675
-1521
-1607
-1150
-989
-1369
-1762
-1726
-1455
-1361
-1503
-1615
-1527
-1314
-1134
-1080
-1169
-1290
-1233
-929
-614
-566
-703
-635
-239
116
63
-195
-156
265
604
532
315
408
775
968
785
530
544
744
807
653
521
578
687
617
362
133
71
86
-6
-250
-518
-666
-706
-758
-895
-1063
-1173
-1216
-1260
-1341
-1412
-1416
-1382
-1390
-1464
-1517
-1438
-1227
-1010
-914
-930
-926
-796
-556
-287
-59
106
221
347
585
982
1395
1575
1449
1300
1496
2029
2457
2409
2076
1990
2332
2660
2500
2034
1884
2234
2523
2201
1553
1318
1617
1732
1137
321
149
634
886
353
-433
-641
-298
-187
-694
-1327
-1481
-1261
-1214
-1522
-1831
-1846
-1705
-1684
-1813
-1925
-1932
-1854
-1712
-1540
-1444
-1458
-1429
-1188
-846
-690
-758
-747
-454
-84
65
60
212
574
846
835
744
848
1085
1195
1130
1096
1194
1266
1151
928
779
729
672
564
446
324
149
-76
-268
-402
-561
-808
-1068
-1227
-1289
-1373
-1544
-1748
-1906
-2011
-2084
-2121
-2108
-2073
-2059
-2048
-1988
-1884
-1806
-1774
-1682
-1417
-1035
-728
-588
-462
-121
415
842
915
797
934
1543
2277
2576
2343
2126
2455
3130
3421
3045
2614
2838
3498
3678
3047
2383
2509
3055
2937
1943
1123
1325
1961
1818
790
6
172
613
335
-534
-1046
-886
-745
-1167
-1770
-1941
-1787
-1864
-2258
-2528
-2473
-2386
-2465
-2493
-2321
-2213
-2378
-2513
-2249
-1814
-1743
-2008
-2005
-1498
-1004
-991
-1131
-847
-242
69
-43
-18
496
1081
1216
1054
1135
1537
1825
1769
1654
1762
1943
1941
1815
1783
1793
1641
1378
1272
1322
1184
721
289
258
417
245
-324
-789
-802
-660
-845
-1322
-1637
-1601
-1542
-1764
-2099
-2198
-2082
-2092
-2363
-2621
-2585
-2357
-2245
-2346
-2467
-2424
-2241
-2035
-1861
-1709
-1575
-1440
-1219
-852
-422
-87
134
413
862
1340
1614
1740
2050
2694
3307
3421
3149
3154
3755
4379
4243
3480
3084
3576
4215
3963
2935
2272
2531
2897
2389
1320
830
1167
1307
498
-573
-782
-256
-201
-1110
-2050
-2065
-1547
-1556
-2229
-2698
-2508
-2234
-2460
-2848
-2766
-2350
-2246
-2533
-2637
-2312
-2030
-2139
-2271
-1993
-1567
-1494
-1617
-1345
-686
-332
-550
-692
-168
593
793
487
480
1067
1630
1668
1577
1932
2502
2585
2142
1901
2266
2709
2544
1896
1469
1562
1772
1628
1149
669
400
312
259
70
-331
-799
-1061
-1073
-1124
-1449
-1855
-1978
-1850
-1877
-2216
-2517
-2454
-2250
-2347
-2715
-2873
-2615
-2318
-2396
-2706
-2779
-2502
-2233
-2252
-2377
-2268
-1902
-1573
-1467
-1417
-1145
-617
-90
221
389
686
1217
1794
2191
2461
2837
3323
3625
3587
3550
3956
4637
4867
4308
3609
3649
4312
4533
3719
2644
2428
2955
3009
2016
925
856
1449
1369
284
-623
-400
234
-69
-1301
-2097
-1709
-1015
-1176
-2023
-2485
-2217
-1944
-2232
-2708
-2794
-2600
-2601
-2809
-2849
-2654
-2553
-2652
-2638
-2334
-2012
-1900
-1782
-1400
-968
-866
-945
-685
-16
501
501
379
687
1300
1642
1587
1582
1871
2100
1952
1746
1961
2406
2384
1704
1065
1173
1774
1949
1284
393
127
544
852
417
-492
-1049
-887
-512
-631
-1271
-1799
-1793
-1559
-1639
-2025
-2225
-2026
-1823
-2010
-2374
-2404
-2062
-1872
-2169
-2611
-2637
-2230
-1910
-2042
-2389
-2455
-2080
-1556
-1247
-1227
-1271
-1090
-578
110
658
868
858
984
1485
2257
2922
3189
3107
3021
3261
3819
4310
4345
3965
3653
3788
4169
4234
3756
3142
2886
2928
2770
2242
1755
1684
1735
1308
415
-197
-38
371
110
-881
-1671
-1570
-1058
-1121
-1916
-2622
-2620
-2290
-2355
-2839
-3135
-2969
-2754
-2888
-3166
-3145
-2817
-2543
-2486
-2460
-2300
-2074
-1846
-1550
-1203
-984
-941
-806
-376
139
387
408
545
896
1185
1284
1453
1843
2115
1939
1644
1891
2669
3121
2639
1759
1542
2193
2773
2399
1357
734
1067
1706
1639
710
-241
-420
-34
33
-630
-1467
-1747
-1548
-1579
-2117
-2607
-2526
-2212
-2391
-3065
-3428
-3013
-2416
-2482
-3132
-3476
-3047
-2384
-2252
-2654
-2963
-2769
-2258
-1816
-1600
-1559
-1566
-1405
-859
-23
611
681
490
764
1766
2895
3333
2991
2631
2996
3998
4842
4915
4431
4130
4419
4919
4968
4447
3915
3851
4001
3731
2947
2300
2292
2497
2060
916
7
73
597
431
-663
-1662
-1654
-1051
-969
-1689
-2364
-2304
-1913
-1980
-2513
-2825
-2625
-2397
-2592
-2959
-2982
-2650
-2378
-2384
-2479
-2465
-2362
-2216
-1996
-1745
-1601
-1532
-1309
-867
-481
-362
-289
76
636
998
1103
1317
1790
2151
2102
2004
2401
3102
3276
2594
1838
1966
2806
3176
2360
1063
568
1142
1715
1235
-37
-893
-716
-190
-346
-1244
-2011
-2059
-1792
-1902
-2369
-2572
-2292
-2075
-2426
-3031
-3146
-2658
-2264
-2539
-3160
-3356
-2923
-2442
-2498
-2976
-3284
-3091
-2606
-2219
-2081
-2038
-1851
-1377
-670
36
476
625
793
1366
2364
3311
3686
3495
3362
3896
4949
5682
5478
4733
4445
4970
5524
5204
4261
3804
4220
4521
3719
2360
1882
2528
2853
1744
116
-285
628
1113
64
-1442
-1748
-967
-668
-1524
-2480
-2484
-2009
-2151
-2927
-3391
-3169
-2924
-3192
-3594
-3580
-3311
-3258
-3362
-3216
-2855
-2694
-2744
-2521
-1910
-1473
-1572
-1697
-1191
-294
175
69
119
778
1534
1754
1677
1968
2595
2902
2745
2794
3396
3839
3330
2341
2144
3018
3699
3009
1485
736
1333
2085
1601
70
-1059
-947
-337
-469
-1480
-2371
-2436
-2151
-2360
-3035
-3364
-3001
-2612
-2912
-3605
-3781
-3216
-2684
-2864
-3429
-3558
-3073
-2607
-2685
-3063
-3135
-2700
-2094
-1699
-1554
-1442
-1162
-646
20
642
1032
1203
1448
2088
3072
3889
4040
3678
3596
4374
5569
6074
5463
4640
4756
5672
6070
5245
4113
3943
4508
4394
3110
1908
1976
2610
2161
490
-712
-319
578
213
-1343
-2373
-2002
-1324
-1661
-2706
-3212
-2910
-2722
-3185
-3695
-3598
-3213
-3210
-3530
-3597
-3333
-3199
-3313
-3241
-2802
-2449
-2496
-2504
-1978
-1258
-1074
-1351
-1236
-411
372
445
267
714
1724
2400
2375
2291
2703
3244
3335
3184
3380
3798
3698
2967
2465
2798
3327
3001
1866
1030
1123
1477
1094
-17
-964
-1192
-1081
-1287
-1902
-2516
-2837
-2958
-3084
-3234
-3320
-3350
-3426
-3571
-3667
-3596
-3397
-3243
-3245
-3321
-3272
-3018
-2703
-2545
-2589
-2646
-2486
-2082
-1605
-1245
-1003
-706
-186
526
1181
1535
1652
1932
2704
3761
4428
4332
3983
4308
5455
6419
6208
5208
4824
5618
6437
5921
4456
3741
4384
4931
3911
2077
1445
2344
2788
1285
-876
-1336
-39
628
-769
-2692
-2889
-1601
-1068
-2257
-3634
-3599
-2712
-2565
-3358
-3869
-3509
-3066
-3240
-3566
-3360
-2881
-2787
-2979
-2836
-2332
-2029
-2049
-1878
-1346
-969
-979
-750
153
1003
864
192
433
1902
3125
2835
1801
1759
2962
3903
3530
2643
2552
3139
3207
2412
1765
2014
2441
1936
692
-21
307
699
77
-1255
-2086
-1923
-1517
-1749
-2564
-3245
-3364
-3124
-2943
-3026
-3309
-3569
-3575
-3291
-2976
-2931
-3119
-3194
-2954
-2602
-2449
-2486
-2438
-2146
-1717
-1284
-825
-319
86
290
523
1156
2176
3056
3347
3235
3335
3955
4801
5411
5634
5593
5456
5399
5630
6078
6232
5650
4673
4180
4457
4714
4109
2910
2101
1941
1646
726
-150
-199
98
-423
-1767
-2569
-2077
-1392
-1954
-3396
-4030
-3294
-2536
-2990
-4018
-4216
-3514
-3115
-3529
-3896
-3495
-2892
-2939
-3355
-3213
-2459
-1982
-2172
-2339
-1876
-1223
-1080
-1226
-872
35
676
619
476
985
1954
2623
2750
2768
2988
3227
3345
3585
4064
4307
3794
2836
2377
2793
3278
2802
1454
386
409
962
806
-438
-1809
-2180
-1632
-1316
-2000
-3143
-3639
-3239
-2778
-3029
-3725
-4038
-3719
-3309
-3271
-3393
-3250
-2927
-2852
-3084
-3163
-2782
-2275
-2170
-2446
-2506
-1908
-909
-176
-52
-215
-49
752
1921
2874
3225
3096
3003
3440
4467
5613
6198
5896
5128
4788
5395
6434
6774
5930
4698
4274
4772
5087
4339
3032
2271
2178
1819
763
-105
55
561
-13
-1682
-2794
-2290
-1276
-1503
-2903
-3759
-3232
-2461
-2758
-3712
-3983
-3376
-2974
-3356
-3800
-3567
-3056
-3045
-3420
-3435
-2927
-2482
-2417
-2378
-2078
-1771
-1640
-1317
-502
350
589
415
667
1597
2493
2766
2761
3066
3510
3517
3218
3391
4150
4470
3564
2235
2037
3119
3782
2608
454
-475
535
1689
943
-1344
-2848
-2277
-954
-1004
-2612
-3987
-3834
-2913
-2756
-3594
-4318
-4199
-3776
-3836
-4205
-4123
-3476
-3001
-3221
-3682
-3579
-2843
-2201
-2182
-2418
-2100
-1020
130
507
98
-155
721
2641
4346
4557
3354
2290
2904
5036
6866
6797
5186
3982
4566
6255
7152
6366
4950
4456
4971
5159
4239
3151
3153
3762
3201
1052
-679
-118
1615
1553
-1066
-3502
-3096
-933
-360
-2399
-4508
-4289
-2673
-2220
-3410
-4366
-3927
-3182
-3461
-4274
-4285
-3470
-3026
-3466
-3966
-3750
-3119
-2723
-2588
-2375
-2092
-1909
-1620
-958
-228
4
-145
86
990
1908
2222
2263
2672
3273
3355
2965
3042
3943
4585
3804
2204
1660
2802
3912
3015
590
-805
226
2006
1814
-657
-2897
-2755
-1060
-401
-1807
-3689
-4154
-3346
-2860
-3420
-4118
-4020
-3505
-3514
-4015
-4068
-3311
-2584
-2754
-3465
-3610
-2838
-1967
-1825
-2138
-1932
-837
411
831
333
-97
628
2541
4395
4767
3595
2506
3241
5631
7505
7013
4858
3626
4766
6847
7327
5716
4083
4249
5366
5201
3369
2013
2764
4198
3577
757
-1259
-280
1918
1813
-1093
-3516
-2840
-613
-319
-2598
-4602
-4105
-2389
-2125
-3629
-4820
-4406
-3478
-3559
-4405
-4689
-4088
-3558
-3732
-4062
-3810
-3088
-2525
-2343
-2305
-2225
-2056
-1633
-861
-93
197
167
496
1385
2194
2428
2508
3019
3607
3464
2812
2887
4049
4857
3876
1907
1244
2634
4053
3209
566
-1129
-293
1507
1522
-755
-3030
-3085
-1456
-626
-1870
-3808
-4342
-3328
-2501
-3009
-4041
-4243
-3677
-3488
-4010
-4261
-3522
-2552
-2583
-3544
-4099
-3387
-2057
-1295
-1325
-1369
-862
-179
58
54
735
2508
4409
4896
3606
2082
2366
4737
7128
7201
5039
3296
4191
6734
7764
5930
3551
3571
5466
5881
3489
1185
2020
4467
4227
492
-2396
-893
2489
2458
-1626
-4764
-3315
20
205
-3117
-5564
-4429
-2104
-2116
-4186
-5290
-4312
-3203
-3622
-4609
-4459
-3367
-2879
-3493
-4141
-3869
-2946
-2174
-1914
-2075
-2363
-2248
-1318
-10
595
166
-206
597
2083
2810
2486
2310
3000
3657
3299
2647
3090
4318
4443
2827
1387
2066
3895
4030
1599
-940
-934
1041
1959
244
-2414
-3387
-2340
-1301
-1890
-3456
-4267
-3805
-3182
-3433
-4197
-4452
-4051
-3833
-4250
-4596
-4016
-2850
-2363
-3100
-4104
-4034
-2742
-1314
-682
-677
-573
-144
243
469
1085
2552
4250
4760
3507
1892
2181
4874
7635
7626
4975
3011
4356
7468
8401
5954
3383
3995
6471
6662
3628
1209
2474
4939
3931
-406
-2856
-507
2804
1755
-2854
-5191
-2644
652
-128
-3895
-5711
-3914
-1848
-2529
-4623
-5134
-3908
-3241
-4067
-4837
-4276
-3265
-3213
-3914
-4145
-3558
-2883
-2571
-2339
-2003
-1801
-1697
-1202
-264
371
245
55
738
2035
2818
2730
2595
2996
3390
3190
2977
3609
4525
4192
2468
1295
2198
3905
3729
1188
-1123
-824
1119
1651
-418
-3006
-3562
-2220
-1300
-2203
-3906
-4649
-4176
-3646
-3824
-4262
-4322
-4218
-4515
-5000
-4802
-3706
-2724
-2925
-3988
-4443
-3394
-1544
-303
-218
-626
-689
-236
554
1747
3392
4808
4891
3576
2575
3787
6813
8821
7648
4682
3587
5853
8721
8542
5537
3569
4939
7192
6548
3313
1525
3119
4956
3284
-620
-1989
592
2914
966
-3336
-4785
-2141
300
-1135
-4579
-5679
-3715
-2056
-3004
-4922
-5247
-4188
-3767
-4471
-4889
-4311
-3767
-4088
-4530
-4134
-3307
-3001
-3104
-2804
-2121
-1816
-1897
-1500
-468
178
-82
-208
848
2358
2819
2265
2205
3229
4134
3958
3549
4064
4818
4195
2399
1637
2999
4528
3623
669
-1192
-110
2011
1942
-754
-3289
-3282
-1632
-1041
-2453
-4171
-4446
-3701
-3512
-4231
-4751
-4432
-4048
-4407
-4960
-4597
-3422
-2779
-3465
-4595
-4623
-3088
-1047
72
-231
-1212
-1562
-447
1837
4042
4895
4099
2706
2458
4301
7189
8646
7244
4563
3837
6158
8823
8508
5566
3657
4844
6806
6196
3481
2239
3776
5004
2951
-582
-1298
1320
2950
435
-3617
-4376
-1521
427
-1493
-4776
-5356
-3289
-2120
-3526
-5318
-5211
-4110
-4176
-5308
-5573
-4471
-3655
-4188
-4955
-4585
-3519
-3030
-3149
-2936
-2272
-1925
-1955
-1482
-350
329
-11
-198
993
2775
3339
2540
2108
3028
4175
4241
3762
4004
4674
4305
2831
2099
3166
4392
3492
872
-658
390
2088
1584
-1172
-3420
-3178
-1609
-1243
-2733
-4383
-4645
-3972
-3777
-4382
-4879
-4730
-4516
-4841
-5226
-4809
-3768
-3304
-4035
-4977
-4579
-2567
-396
228
-882
-2141
-1667
910
3975
5287
4072
1924
1464
3796
7209
8676
6986
4237
3717
6161
8734
8392
5715
4177
5493
7252
6376
3713
2988
5190
6624
4031
-291
-1246
1855
4000
1419
-3017
-3796
-521
1670
-552
-4295
-4983
-2757
-1604
-3242
-5103
-4751
-3426
-3635
-5146
-5672
-4619
-3802
-4365
-5105
-4635
-3563
-3284
-3724
-3715
-3010
-2443
-2252
-1696
-632
-52
-421
-596
574
2346
3028
2455
2181
3093
4162
4204
3711
3850
4378
3992
2676
2143
3269
4345
3182
425
-898
602
2575
1877
-1255
-3525
-2915
-1131
-1054
-2982
-4696
-4731
-4030
-4103
-4851
-5138
-4740
-4558
-5012
-5319
-4748
-3827
-3650
-4302
-4618
-3608
-1693
-356
-611
-1891
-2419
-821
2360
4832
4629
2273
634
2110
5900
8543
7607
4571
3302
5492
8536
8773
6255
4680
6264
8483
7544
4038
2507
4954
7513
5625
800
-1015
2248
5546
3571
-1790
-4020
-1037
2112
534
-3835
-5440
-3021
-829
-2092
-4757
-5208
-3628
-3085
-4550
-5740
-4991
-3747
-4034
-5352
-5698
-4628
-3552
-3371
-3487
-3246
-2907
-2696
-2151
-1112
-396
-533
-627
421
2046
2676
2118
1879
2797
3761
3588
3032
3574
4823
4848
3221
2082
3185
5052
4675
1713
-687
93
2592
3051
274
-2866
-3167
-1101
86
-1365
-3784
-4654
-3825
-3193
-3840
-4838
-4975
-4527
-4563
-5166
-5324
-4574
-3813
-4027
-4753
-4501
-2716
-720
-349
-1798
-3145
-2224
1036
4226
4684
2312
41
978
4893
8098
7480
4279
2814
5186
8559
8828
6112
4557
6438
8757
7480
3670
2408
5480
8236
5833
437
-1224
2823
6666
4410
-1661
-4196
-838
2819
1253
-3566
-5541
-3110
-754
-2047
-4912
-5463
-3793
-3154
-4664
-5959
-5232
-3892
-4064
-5367
-5881
-5138
-4334
-4138
-4006
-3635
-3484
-3523
-2917
-1593
-822
-1288
-1679
-465
1647
2578
1902
1367
2146
3240
3396
3227
3965
4997
4525
2660
1924
3768
5984
5272
1827
-481
949
3884
4022
589
-2669
-2413
71
862
-1336
-3866
-4103
-2869
-2716
-4098
-5061
-4454
-3585
-4043
-5252
-5452
-4400
-3658
-4172
-4812
-3970
-1884
-509
-1137
-2800
-3240
-1279
1892
3761
2954
790
201
2657
6259
7532
5422
2840
3354
6689
8862
7250
4180
3910
6765
8560
6515
3414
3710
6824
7562
3668
-359
724
5202
6345
1712
-3281
-2781
1538
3089
-472
-4501
-4313
-1415
-604
-3029
-5283
-4869
-3442
-3659
-5181
-5714
-4742
-4026
-4648
-5517
-5304
-4382
-3902
-3985
-3902
-3487
-3197
-3033
-2493
-1672
-1338
-1569
-1298
114
1663
1964
1270
1115
2093
3174
3479
3553
4114
4526
3795
2611
2804
4520
5419
3752
1118
625
2603
3932
2208
-953
-2095
-558
823
-289
-2750
-3898
-3244
-2709
-3529
-4634
-4587
-3850
-3958
-5056
-5619
-4752
-3572
-3590
-4468
-4414
-2760
-1091
-1252
-2816
-3365
-1351
1959
3741
2621
147
-714
1477
5091
6883
5369
2691
2461
5434
8236
7454
4255
3082
5564
8019
6620
3195
2877
6412
8434
5013
-149
-442
4200
6848
3256
-2093
-2379
1921
3976
482
-3962
-3853
-480
612
-2173
-4842
-4261
-2441
-2760
-4775
-5456
-4157
-3340
-4477
-5919
-5720
-4465
-3927
-4295
-4436
-4055
-3848
-3811
-3136
-1944
-1482
-2020
-2033
-479
1328
1474
337
62
1428
2901
3157
2902
3240
3636
3001
2019
2504
4337
4979
2962
430
547
3024
4200
1919
-1478
-2256
-224
1236
-162
-2799
-3794
-2932
-2434
-3440
-4571
-4359
-3553
-3869
-5268
-5934
-4930
-3533
-3332
-3969
-3789
-2373
-1236
-1673
-2770
-2357
220
2985
3368
1174
-870
124
3894
6931
6264
3128
1823
4497
8187
8395
5046
2802
4781
8084
7668
3575
1245
3926
7731
6754
1506
-1403
1651
6058
5240
-209
-3371
-673
3336
2647
-1903
-4355
-2285
305
-655
-3663
-4640
-3150
-2418
-3961
-5528
-4998
-3577
-3566
-4818
-5420
-4843
-4340
-4563
-4739
-4376
-4079
-4101
-3641
-2439
-1702
-2263
-2851
-1771
344
1214
272
-484
466
2010
2372
1930
2331
3498
3565
2057
1181
2718
4981
4725
1735
-485
726
3492
3806
839
-1989
-1603
774
1500
-597
-3004
-3220
-1989
-1771
-3139
-4285
-3938
-3146
-3494
-4678
-5048
-4101
-3106
-3116
-3454
-2908
-1685
-1199
-1948
-2521
-1256
1485
3316
2412
-148
-1126
1361
5352
6865
4569
1715
2355
6082
8306
6284
2984
3154
6588
8187
5182
1409
2085
6140
7303
3002
-1533
-259
5090
7112
2852
-2217
-1864
2453
4083
566
-3451
-3239
-353
371
-2114
-4290
-3754
-2375
-2804
-4428
-4811
-3657
-3020
-3957
-5123
-5084
-4273
-3847
-3898
-3856
-3759
-3914
-3890
-3103
-2096
-1956
-2451
-2120
-567
679
389
-419
10
1504
2323
1943
1744
2553
3148
2308
1149
1741
3777
4506
2507
-23
-9
2294
3499
1559
-1484
-2204
-253
1329
213
-2327
-3437
-2526
-1681
-2430
-3724
-3817
-2962
-2876
-3981
-4730
-3956
-2612
-2288
-2863
-2869
-1872
-1134
-1513
-1863
-547
1973
3254
1893
-377
-394
2687
6088
6351
3412
947
2162
5801
7526
5394
2473
2767
5653
6638
3827
978
2269
5964
6490
2525
-666
1389
5666
5654
674
-2965
-822
3534
3770
-424
-3509
-2209
482
392
-2040
-3413
-2737
-2157
-2979
-3870
-3570
-3025
-3586
-4692
-4889
-4161
-3685
-3805
-3788
-3446
-3462
-3837
-3535
-2256
-1314
-1748
-2516
-1903
-132
901
426
-181
379
1460
1789
1604
2093
3121
3164
1828
954
2150
4154
4173
1731
-335
533
3113
3843
1433
-1449
-1670
370
1459
-131
-2595
-3299
-2251
-1686
-2735
-4053
-4053
-3239
-3255
-4300
-4830
-3892
-2533
-2246
-2881
-3067
-2372
-1800
-1955
-1821
-258
1881
2390
678
-912
320
3907
6309
4997
1721
684
3441
6791
6696
3565
1855
4057
7065
6325
2427
619
3341
6419
4936
615
-382
3455
6379
3545
-1806
-2825
1252
4269
2077
-2028
-2729
-220
1035
-710
-2593
-2248
-1197
-1746
-3211
-3433
-2472
-2295
-3394
-4123
-3571
-2957
-3422
-4192
-4062
-3443
-3418
-3694
-3159
-2097
-2009
-3011
-3198
-1446
596
713
-640
-1020
428
1916
1914
1332
1710
2552
2226
965
917
2776
4215
2951
230
-571
1437
3329
2288
-603
-1943
-590
1057
524
-1563
-2757
-2240
-1550
-2032
-3004
-3115
-2508
-2501
-3482
-4222
-3602
-2158
-1276
-1380
-1677
-1541
-1290
-1283
-973
350
2082
2543
1123
-371
525
3725
6094
4968
1714
512
3211
6696
6681
3430
1623
3984
7259
6532
2327
243
3070
6461
4911
-139
-1975
1839
5728
3913
-1347
-3006
766
4258
2584
-1728
-3021
-630
1040
-513
-2773
-2799
-1599
-1831
-3392
-3961
-2991
-2420
-3329
-4314
-3976
-3087
-3033
-3505
-3370
-2850
-3040
-3643
-3195
-1699
-1102
-2288
-3328
-2188
57
665
-649
-1278
283
2165
2072
797
824
2309
2850
1429
271
1506
3649
3492
850
-863
673
3315
3274
241
-2213
-1410
1054
1646
-507
-2890
-3196
-2096
-1744
-2682
-3508
-3274
-2816
-3230
-4069
-3993
-2785
-1654
-1521
-1880
-1814
-1392
-1298
-1425
-758
1030
2602
2308
449
-541
1262
4665
6222
4209
1087
918
4268
7147
5990
2526
1656
4700
7311
5495
1523
960
4577
6845
3764
-1054
-1202
3337
5956
2730
-2050
-2071
2113
4206
1237
-2680
-2718
43
1004
-1090
-3091
-2736
-1650
-2118
-3482
-3662
-2670
-2379
-3367
-4168
-3766
-3031
-3007
-3305
-3160
-2930
-3235
-3476
-2689
-1493
-1497
-2649
-2886
-1151
762
691
-676
-829
769
1983
1429
574
1257
2620
2470
941
550
2264
3684
2424
-198
-780
1351
3107
1872
-982
-2098
-645
889
278
-1693
-2777
-2357
-1827
-2251
-2996
-3039
-2618
-2752
-3551
-3965
-3287
-2158
-1629
-1759
-1772
-1357
-1060
-1201
-1054
260
2238
3079
1762
-317
-457
2240
5377
5716
3143
1208
2857
6431
7486
4617
1558
2237
5318
6065
3243
1112
3204
6722
6150
1383
-1553
1168
5518
5081
71
-2985
-493
3326
2691
-1645
-3981
-1962
656
73
-2332
-2943
-1592
-1208
-2761
-3878
-2884
-1476
-1876
-3406
-3822
-2852
-2225
-2679
-3107
-2825
-2661
-3083
-3065
-1969
-1108
-1800
-2889
-2188
43
1179
126
-1002
-119
1685
1998
908
712
2077
2893
1718
315
1077
3174
3477
1121
-1019
-286
2027
2456
101
-2289
-2114
-238
495
-930
-2748
-3091
-2288
-1938
-2580
-3274
-3236
-2882
-2975
-3407
-3437
-2833
-2155
-1908
-1908
-1739
-1440
-1321
-1203
-391
1308
2845
2776
1125
-85
1157
4226
6079
4760
2127
1896
4847
7453
6314
2843
1578
3979
6276
4769
1271
664
3725
5665
2966
-1219
-1264
2806
5096
2128
-2207
-2211
1601
3492
767
-2802
-2825
-376
335
-1653
-3230
-2442
-1207
-1819
-3345
-3456
-2242
-1848
-2928
-3800
-3305
-2464
-2496
-2919
-2762
-2394
-2658
-3057
-2504
-1443
-1424
-2433
-2516
-810
784
301
-1200
-1113
789
2051
1323
349
1065
2470
2218
460
-152
1541
3269
2497
113
-771
830
2451
1614
-856
-2105
-1087
297
-46
-1753
-2852
-2519
-1894
-2180
-3007
-3246
-2792
-2657
-3347
-4021
-3650
-2445
-1531
-1463
-1668
-1476
-1067
-983
-1036
-346
1321
2766
2518
853
25
1825
5045
6345
4199
1194
1231
4525
7038
5652
2461
2009
4894
6746
4474
978
1165
4626
5848
2201
-1825
-792
3725
5140
1215
-2741
-1532
2599
3477
-156
-3328
-2352
291
319
-2091
-3347
-2212
-1169
-2049
-3346
-3064
-1943
-1984
-3165
-3705
-3021
-2382
-2596
-2888
-2598
-2382
-2795
-3001
-2191
-1281
-1651
-2679
-2368
-480
783
2
-1231
-656
1239
2016
1064
432
1470
2633
1970
402
508
2515
3644
2033
-467
-773
1184
2454
1150
-1157
-1811
-617
227
-704
-2356
-2947
-2369
-1997
-2555
-3238
-3123
-2598
-2739
-3645
-4198
-3549
-2237
-1412
-1402
-1601
-1541
-1416
-1365
-875
527
2189
2651
1394
-104
320
2950
5403
5084
2395
687
2361
5664
6629
4200
1807
2768
5569
5870
2846
698
2640
5866
5325
1246
-794
2091
5579
4169
-776
-2840
303
3713
2456
-1541
-2838
-488
1190
-517
-3004
-2873
-1074
-927
-2786
-3797
-2616
-1355
-2058
-3636
-3873
-2830
-2313
-2834
-3170
-2761
-2540
-2957
-2996
-2054
-1332
-1958
-2827
-2056
-74
728
-407
-1344
-257
1593
1862
741
517
1839
2714
1786
612
1236
2815
2762
729
-657
429
2329
2211
-28
-1812
-1481
-248
-182
-1464
-2588
-2628
-2229
-2345
-2885
-3106
-2853
-2771
-3266
-3804
-3569
-2571
-1660
-1415
-1477
-1218
-726
-561
-645
-88
1492
2981
2843
1201
175
1597
4619
6275
4812
1988
1270
3677
6327
5978
3332
2214
4268
6429
5140
1704
761
3526
5631
3292
-862
-1224
2628
5002
2142
-2321
-2547
1216
3238
635
-2868
-2762
-122
640
-1529
-3326
-2551
-1188
-1817
-3569
-3834
-2460
-1776
-2798
-3877
-3522
-2570
-2492
-3070
-3160
-2738
-2632
-2763
-2282
-1364
-1241
-2064
-2289
-998
443
333
-732
-727
659
1587
1007
312
1061
2414
2402
1082
580
1847
3085
2337
399
-274
930
1947
1001
-965
-1709
-771
132
-405
-1747
-2446
-2285
-2242
-2816
-3343
-3167
-2670
-2667
-3172
-3410
-2958
-2263
-1905
-1785
-1466
-1003
-912
-1202
-984
465
2396
3017
1640
14
674
3793
6422
5705
2529
828
2863
6235
6817
4127
2003
3378
6118
5923
2589
668
3089
6565
5793
1079
-1621
1132
5247
4657
-173
-2923
-348
3342
2748
-1167
-3006
-946
1134
-125
-2805
-3208
-1542
-1084
-2807
-4101
-3137
-1644
-1985
-3576
-4119
-3197
-2491
-2869
-3341
-3096
-2747
-2847
-2730
-1873
-1204
-1693
-2457
-1858
-162
627
-219
-979
-117
1354
1500
520
382
1646
2515
1680
468
872
2400
2661
921
-666
-82
1646
1891
85
-1601
-1357
-100
40
-1338
-2658
-2752
-2250
-2293
-2869
-3138
-2888
-2767
-3118
-3409
-3073
-2361
-1919
-1865
-1801
-1553
-1363
-1216
-546
951
2439
2545
1119
-36
1101
4176
6296
5159
2087
887
3269
6467
6565
3652
1836
3650
6383
5780
2270
681
3310
6200
4526
-205
-1803
1869
5547
3806
-1263
-3024
298
3387
1711
-2205
-3016
-443
916
-1124
-3353
-2572
-534
-890
-3407
-4491
-2853
-1305
-2238
-4153
-4307
-2874
-2189
-2951
-3548
-2997
-2307
-2371
-2454
-1806
-1246
-1685
-2180
-1236
520
926
-358
-1070
317
2203
2247
890
586
1973
2976
2151
946
1364
2763
2812
1105
-141
644
2059
1773
-197
-1635
-1241
-204
-331
-1701
-2915
-3121
-2827
-2801
-3011
-3015
-2881
-3091
-3692
-4055
-3694
-2905
-2347
-2208
-2126
-1855
-1541
-1228
-488
963
2436
2638
1260
-115
590
3401
5742
5196
2639
1549
3726
6705
6736
3862
2100
3953
6713
6135
2666
1135
3779
6589
4789
8
-1547
2137
5690
3766
-1361
-2998
463
3478
1504
-2662
-3401
-478
1153
-986
-3593
-3111
-1047
-1135
-3398
-4439
-2947
-1514
-2316
-3889
-3822
-2520
-2126
-2929
-3272
-2598
-2223
-2770
-3006
-2097
-1223
-1590
-2209
-1397
302
736
-460
-1120
224
2100
2338
1258
966
2027
2758
2046
1167
1737
3024
2883
1014
-367
417
2067
2063
104
-1559
-1248
-11
29
-1467
-2909
-3118
-2657
-2606
-3012
-3213
-3106
-3236
-3731
-3967
-3494
-2717
-2291
-2229
-2090
-1779
-1587
-1409
-593
1051
2478
2348
858
35
1595
4642
6251
4765
2050
1566
4144
6745
6193
3374
2173
4198
6394
5252
1982
1140
4095
6635
4640
153
-1113
2245
5179
3230
-1180
-2264
861
3137
1018
-2578
-2870
-163
1062
-993
-3168
-2572
-859
-1211
-3283
-4014
-2572
-1471
-2436
-3865
-3638
-2384
-2105
-2900
-3173
-2539
-2310
-2975
-3240
-2328
-1475
-1889
-2568
-1827
-163
333
-713
-1242
93
1804
1836
669
445
1616
2372
1644
837
1546
2874
2633
705
-570
335
1921
1742
-252
-1761
-1334
-161
-226
-1685
-2989
-3112
-2624
-2480
-2713
-2801
-2736
-2988
-3569
-3829
-3350
-2561
-2123
-2083
-1991
-1691
-1472
-1332
-659
909
2524
2740
1320
33
933
3817
6017
5273
2569
1287
3216
6198
6665
4207
2202
3300
5698
5591
2699
910
2677
5149
4147
561
-513
2770
5824
3956
-750
-2230
915
3536
1531
-2384
-3000
-240
1195
-953
-3509
-3087
-1051
-935
-2955
-4102
-3038
-1883
-2562
-3916
-3899
-2852
-2646
-3516
-3897
-3165
-2550
-2857
-3092
-2323
-1473
-1807
-2589
-2039
-281
580
-329
-1163
-116
1764
2148
994
555
1821
2989
2340
1014
1275
2919
3404
1652
-191
237
2100
2500
519
-1565
-1474
90
638
-697
-2312
-2606
-1997
-1890
-2542
-2981
-2733
-2549
-3117
-3889
-3851
-2974
-2198
-2069
-2145
-1896
-1542
-1490
-1370
-363
1413
2557
1925
346
89
2283
5205
5895
3644
1200
1717
4793
6729
5208
2482
2456
5235
6735
4404
1138
1396
4627
5676
2193
-1554
-493
3820
5090
1200
-2715
-1577
2478
3406
-43
-2943
-1684
1063
846
-1961
-3286
-1785
-510
-1807
-3811
-3676
-1996
-1578
-2986
-3984
-3264
-2269
-2540
-3336
-3211
-2504
-2524
-3140
-3032
-2126
-1808
-2434
-2451
-932
577
239
-1103
-1016
833
2133
1472
456
1096
2597
2644
1158
548
1960
3334
2398
147
-460
1248
2667
1569
-870
-1839
-710
395
-313
-2070
-2977
-2595
-2151
-2514
-3127
-3134
-2750
-2834
-3493
-3893
-3469
-2676
-2238
-2130
-1819
-1277
-1067
-1284
-1065
343
2239
2924
1716
138
451
2961
5319
5090
2832
1716
3644
6544
6791
4075
2133
3746
6630
6382
2844
746
3075
6465
5674
1168
-1245
1389
4853
3756
-724
-2584
342
3407
1972
-2092
-3505
-1220
610
-867
-3310
-3248
-1328
-869
-2592
-3827
-2950
-1769
-2428
-4061
-4379
-3238
-2533
-3058
-3571
-3160
-2624
-2750
-2823
-2059
-1260
-1559
-2239
-1621
110
879
-107
-957
82
1873
2120
913
557
1910
3025
2226
828
1166
2942
3527
1860
114
595
2405
2703
703
-1302
-1172
278
646
-773
-2341
-2588
-2015
-1969
-2637
-3091
-2924
-2809
-3309
-3924
-3820
-3019
-2312
-2138
-2142
-1888
-1537
-1490
-1588
-1096
375
2082
2617
1434
-128
91
2588
5154
5151
2864
1518
3276
6170
6438
3640
1515
2945
5823
5920
3012
1360
3464
6045
4590
206
-1422
1907
5408
3846
-999
-2794
415
3625
2202
-1740
-2908
-551
1050
-651
-2998
-2678
-766
-649
-2683
-3920
-2852
-1529
-2139
-3782
-4208
-3240
-2593
-2983
-3397
-3137
-2833
-2957
-2857
-2088
-1495
-1849
-2294
-1530
-40
422
-434
-845
290
1613
1417
409
669
2273
2975
1666
309
1153
3248
3628
1555
-327
305
2255
2563
569
-1398
-1308
28
378
-915
-2407
-2715
-2165
-1992
-2575
-3140
-3046
-2695
-2883
-3597
-3979
-3484
-2598
-2140
-2151
-1982
-1413
-1044
-1269
-1347
-189
1903
3079
2078
176
143
2912
5993
6068
3099
765
2130
5675
7044
4700
2058
2853
5851
6434
3280
595
2203
5683
5458
945
-2068
534
5040
4884
-44
-3145
-452
3867
3631
-694
-3179
-1149
1511
636
-2299
-3087
-1286
-365
-2028
-3824
-3264
-1573
-1486
-3088
-4088
-3472
-2615
-2738
-3241
-3229
-3038
-3228
-3286
-2582
-1816
-2063
-2800
-2458
-931
41
-508
-1212
-493
953
1275
455
364
1714
2755
1936
473
714
2587
3510
2061
91
161
1961
2768
1201
-998
-1465
-273
492
-324
-1687
-2148
-1775
-1665
-2195
-2678
-2623
-2493
-2881
-3524
-3663
-3134
-2563
-2457
-2532
-2197
-1464
-1020
-1286
-1645
-946
1024
2811
2657
791
-241
1644
5146
6568
4270
1112
1206
4665
7256
5871
2648
2049
4680
6454
4451
1295
1587
5162
6855
3664
-660
-479
3796
5957
2526
-2299
-2398
1788
4041
1170
-2803
-2759
318
1381
-1089
-3357
-2508
-617
-1023
-3091
-3577
-1909
-964
-2443
-4363
-4253
-2724
-2107
-2901
-3567
-3227
-2667
-2550
-2422
-1995
-1929
-2516
-2698
-1574
-71
221
-534
-637
503
1451
1062
363
941
2331
2592
1348
572
1686
3269
2952
893
-296
824
2484
2176
73
-1360
-810
324
163
-1127
-1966
-1789
-1626
-2315
-3238
-3343
-2723
-2422
-2904
-3473
-3336
-2689
-2319
-2427
-2397
-1824
-1243
-1403
-1983
-1655
237
2438
2883
1215
-360
641
3889
6192
5063
1913
703
3176
6503
6693
3771
1821
3479
6201
5767
2417
774
3218
6096
4696
240
-1451
1812
5191
3519
-1300
-2902
561
3907
2342
-2001
-3500
-1007
1189
-5
-2422
-2602
-1049
-904
-2770
-3920
-2744
-1240
-1819
-3665
-4159
-2819
-1712
-2184
-3211
-3422
-3025
-2794
-2518
-1764
-1235
-1825
-2739
-2267
-460
646
23
-758
-4
1386
1374
181
95
1820
3123
2159
437
717
2869
3889
2187
-102
-57
2041
3173
1631
-899
-1721
-499
661
69
-1618
-2602
-2297
-1794
-2119
-2899
-3126
-2732
-2644
-3302
-3917
-3583
-2605
-2049
-2197
-2226
-1570
-880
-1053
-1677
-1297
626
2613
2664
794
-566
792
4025
5800
4149
1140
689
3669
6539
5793
2705
1734
4328
6697
5094
1406
761
4076
6342
3663
-827
-1088
3127
5604
2390
-2470
-2546
1932
4524
1686
-2578
-2818
300
1635
-743
-3307
-2819
-887
-934
-2927
-3893
-2752
-1755
-2756
-4451
-4584
-3249
-2368
-2763
-3441
-3517
-3244
-2974
-2480
-1827
-1747
-2377
-2586
-1532
-178
-46
-864
-906
343
1319
837
27
639
2249
2759
1557
523
1298
2849
2958
1400
255
957
2356
2376
785
-668
-670
133
264
-637
-1615
-1861
-1656
-1721
-2185
-2592
-2693
-2743
-2963
-3119
-2901
-2469
-2289
-2459
-2524
-2073
-1328
-953
-1266
-1775
-1561
-209
1532
2221
1208
-304
-203
2102
4565
4636
2508
1217
2872
5683
6073
3508
1449
2713
5458
5666
2931
1218
3101
5684
4537
396
-1302
1982
5889
4904
52
-2462
145
3575
2763
-1119
-2860
-842
1128
-108
-2601
-2772
-935
-458
-2385
-4010
-3222
-1606
-1742
-3317
-3965
-3008
-2140
-2525
-3246
-3194
-2804
-2905
-3116
-2678
-2045
-2175
-2672
-2183
-702
98
-618
-1419
-708
822
1252
420
151
1381
2650
2319
1082
944
2225
3090
2227
727
510
1665
2418
1569
-33
-778
-349
121
-314
-1307
-1896
-1802
-1623
-1899
-2422
-2668
-2579
-2572
-2828
-2989
-2721
-2273
-2147
-2328
-2230
-1551
-846
-893
-1603
-1887
-809
1238
2684
2283
546
-453
905
3815
5514
4266
1674
1105
3573
6201
5766
3024
1840
3861
6042
4877
1640
872
3812
6218
4283
380
-42
3609
5876
2963
-1637
-1987
1858
4027
1303
-2553
-2620
186
1076
-1308
-3374
-2479
-761
-1362
-3542
-4169
-2727
-1860
-3069
-4576
-4323
-3004
-2594
-3291
-3690
-3257
-2864
-2947
-2811
-2135
-1740
-2104
-2289
-1359
-80
96
-680
-785
352
1335
1001
326
927
2425
2824
1526
433
1327
3242
3705
2136
614
1024
2558
2929
1425
-306
-539
427
939
167
-1110
-1769
-1696
-1594
-1892
-2345
-2595
-2704
-2933
-3250
-3333
-3050
-2715
-2728
-3016
-3014
-2315
-1303
-873
-1361
-1896
-1222
720
2353
2079
309
-638
958
4002
5543
4120
1665
1392
3891
6263
5704
3162
2168
4047
5983
4886
1961
1282
3953
6168
4445
821
218
3342
5397
2869
-1260
-1606
1964
4147
1740
-2041
-2463
87
1230
-791
-2977
-2534
-926
-1196
-3182
-4024
-2705
-1490
-2338
-4083
-4422
-3270
-2481
-2952
-3689
-3710
-3337
-3167
-2993
-2484
-2069
-2208
-2363
-1731
-677
-350
-869
-999
-22
1096
1155
592
819
2017
2808
2346
1623
1990
3124
3472
2503
1474
1643
2563
2756
1694
361
-115
225
493
148
-546
-1072
-1311
-1505
-1832
-2205
-2458
-2598
-2792
-3111
-3356
-3259
-2872
-2618
-2780
-3009
-2644
-1630
-825
-1067
-1953
-2055
-560
1508
2207
926
-658
-281
2265
4670
4598
2464
1087
2378
4935
5709
3903
2092
2825
5071
5501
3198
1235
2493
5344
5617
2525
89
1577
4684
4620
978
-1528
257
3414
3162
-343
-2441
-777
1591
990
-1632
-2612
-1198
-324
-1831
-3772
-3620
-2096
-1838
-3358
-4513
-3894
-2683
-2536
-3200
-3381
-2900
-2637
-2819
-2742
-2186
-1859
-2082
-2118
-1415
-656
-685
-1025
-529
719
1359
814
282
991
2318
2649
1734
1062
1732
2921
3091
2066
1148
1355
2207
2485
1717
574
-16
145
435
165
-671
-1429
-1595
-1391
-1458
-2025
-2661
-2912
-2873
-2912
-3076
-3097
-2927
-2844
-2960
-2932
-2408
-1606
-1181
-1471
-2020
-1935
-744
985
1943
1327
-76
-370
1420
3953
4827
3426
1826
2327
4522
5796
4765
3108
3239
4927
5615
4113
2457
3084
5136
5380
2786
353
1153
3900
4497
1699
-1040
-369
2256
2690
10
-2305
-1506
580
490
-1787
-3077
-1935
-629
-1497
-3439
-3815
-2473
-1764
-2843
-4098
-3846
-2794
-2651
-3467
-3863
-3359
-2898
-3050
-3118
-2523
-1888
-1938
-2181
-1734
-876
-636
-1002
-820
322
1265
995
278
585
1890
2704
2241
1484
1681
2656
3248
2941
2311
2031
2107
2142
1863
1263
562
154
234
396
-13
-984
-1677
-1526
-1109
-1411
-2450
-3263
-3258
-2924
-2942
-3206
-3191
-2958
-3048
-3449
-3384
-2412
-1270
-1087
-1932
-2608
-1978
-234
1305
1531
609
-170
404
2284
4080
4362
3190
2166
2711
4391
5394
4751
3549
3484
4569
5126
4219
3087
3383
4608
4594
2703
1083
1789
3642
3588
1012
-1149
-382
1853
2141
-127
-2061
-1517
-15
-222
-2008
-2915
-2024
-1219
-2119
-3596
-3617
-2412
-2052
-3283
-4493
-4202
-3122
-2841
-3461
-3795
-3381
-3012
-3219
-3395
-2903
-2144
-1873
-1997
-1850
-1311
-886
-726
-394
265
738
688
632
1229
2216
2699
2378
1938
2068
2645
3047
2963
2567
2163
1959
2049
2256
2136
1437
567
218
448
504
-197
-1242
-1751
-1572
-1455
-1978
-2767
-3102
-2925
-2811
-3055
-3301
-3215
-3036
-3108
-3187
-2728
-1806
-1247
-1586
-2249
-2109
-798
821
1527
988
125
251
1770
3648
4325
3370
2130
2339
4042
5391
4861
3257
2756
4022
5237
4590
2896
2509
3849
4602
3070
937
1079
3252
4088
1842
-887
-662
1865
2814
549
-2118
-2063
-171
328
-1370
-2840
-2377
-1403
-1952
-3456
-3794
-2662
-2002
-2974
-4286
-4238
-3163
-2679
-3237
-3732
-3390
-2779
-2647
-2760
-2529
-2071
-1870
-1813
-1406
-766
-541
-730
-474
577
1478
1247
422
445
1649
2784
2785
2136
1976
2469
2845
2708
2468
2444
2333
1882
1465
1477
1576
1127
243
-295
-208
-164
-762
-1598
-1868
-1606
-1656
-2400
-3190
-3317
-3022
-3060
-3531
-3781
-3471
-3089
-3136
-3293
-2892
-1991
-1414
-1639
-2106
-1867
-687
739
1528
1379
778
613
1478
3025
4092
3834
2815
2541
3677
5100
5229
4091
3314
3934
4943
4723
3412
2784
3643
4504
3659
1791
1199
2475
3436
2120
-293
-979
586
1831
690
-1556
-2207
-977
-195
-1310
-2943
-3130
-2199
-2032
-3158
-4109
-3769
-2965
-3037
-3845
-4186
-3683
-3155
-3199
-3400
-3238
-2937
-2899
-2912
-2548
-1973
-1677
-1584
-1174
-472
-132
-349
-384
342
1277
1502
1128
1135
1899
2691
2820
2577
2568
2734
2665
2505
2751
3244
3155
2243
1413
1510
2047
1836
673
-358
-426
-84
-407
-1438
-2187
-2102
-1848
-2318
-3346
-3951
-3711
-3288
-3444
-3992
-4171
-3776
-3397
-3468
-3616
-3228
-2368
-1721
-1688
-1892
-1680
-830
317
1210
1482
1210
998
1565
2962
4259
4425
3577
3012
3689
4998
5474
4666
3736
3899
4774
4924
3910
2993
3363
4338
4214
2737
1624
2162
3231
2753
719
-620
117
1433
1037
-914
-2104
-1427
-468
-1027
-2514
-3036
-2328
-2019
-2990
-4031
-3784
-2853
-2840
-3901
-4600
-4105
-3278
-3197
-3614
-3619
-3144
-2885
-3032
-3011
-2529
-2028
-1857
-1683
-1167
-656
-590
-631
-83
954
1582
1400
1103
1471
2288
2793
2808
2782
2910
2889
2661
2685
3126
3332
2695
1712
1444
1974
2171
1265
-16
-438
-19
37
-904
-2003
-2213
-1791
-1872
-2795
-3642
-3597
-3088
-3107
-3762
-4190
-3841
-3233
-3149
-3517
-3555
-2886
-2007
-1571
-1578
-1510
-1022
-232
587
1238
1587
1608
1595
2040
3038
3983
4158
3648
3347
3891
4831
5177
4646
4020
4105
4668
4778
4121
3460
3538
3935
3603
2441
1614
1937
2559
2016
361
-728
-242
687
341
-1175
-2159
-1804
-1264
-1795
-2892
-3195
-2641
-2504
-3358
-4178
-3937
-3133
-2990
-3632
-4045
-3660
-3073
-2972
-3148
-3017
-2581
-2280
-2205
-2050
-1743
-1531
-1409
-1025
-348
99
36
10
662
1685
2138
1756
1338
1626
2372
2859
2914
2879
2854
2619
2279
2326
2800
2974
2314
1371
1104
1495
1513
590
-532
-845
-496
-538
-1412
-2364
-2560
-2231
-2242
-2826
-3351
-3329
-3126
-3341
-3854
-3982
-3482
-2935
-2936
-3254
-3153
-2393
-1533
-1200
-1339
-1384
-948
-127
742
1384
1647
1577
1534
1986
2991
3949
4158
3642
3222
3607
4537
5043
4602
3773
3501
3921
4223
3791
3079
2923
3241
3068
2039
1120
1311
2053
1835
361
-894
-685
217
132
-1141
-2122
-1867
-1268
-1575
-2532
-2901
-2437
-2190
-2819
-3575
-3510
-2909
-2785
-3319
-3674
-3314
-2742
-2627
-2839
-2808
-2440
-2121
-1986
-1768
-1382
-1120
-1089
-907
-314
303
420
226
421
1195
1923
2060
1848
1862
2162
2402
2512
2726
2941
2692
1975
1595
2146
2996
2910
1688
552
603
1384
1489
416
-834
-1132
-686
-656
-1529
-2498
-2642
-2211
-2222
-3001
-3739
-3667
-3148
-3109
-3661
-3947
-3431
-2716
-2675
-3155
-3156
-2239
-1155
-818
-1112
-1143
-458
506
1169
1519
1845
2148
2245
2302
2768
3681
4387
4299
3727
3580
4230
4997
4987
4234
3643
3815
4266
4129
3356
2765
2822
2936
2357
1386
1049
1530
1717
739
-665
-1065
-372
-4
-873
-2111
-2405
-1907
-1852
-2613
-3192
-2877
-2358
-2607
-3347
-3531
-2983
-2622
-2991
-3471
-3321
-2768
-2504
-2575
-2469
-2094
-1881
-1930
-1746
-1093
-520
-549
-804
-533
236
736
612
432
770
1393
1737
1802
2003
2322
2309
1934
1828
2344
2866
2571
1667
1236
1782
2488
2230
1023
28
113
831
1007
139
-1055
-1557
-1260
-1001
-1460
-2317
-2759
-2602
-2490
-2911
-3482
-3524
-3109
-2955
-3351
-3678
-3302
-2525
-2192
-2507
-2749
-2252
-1265
-573
-473
-516
-186
486
1107
1497
1827
2244
2595
2705
2771
3208
4005
4517
4207
3478
3337
4090
4794
4425
3314
2793
3380
4015
3549
2384
1892
2381
2632
1736
520
358
1088
1191
36
-1135
-1016
-162
-166
-1322
-2258
-2002
-1343
-1515
-2357
-2718
-2291
-1983
-2385
-2880
-2725
-2231
-2188
-2574
-2685
-2325
-2031
-2084
-2065
-1699
-1410
-1558
-1688
-1219
-501
-384
-831
-861
-31
827
842
394
467
1129
1527
1317
1178
1650
2194
2041
1460
1416
2129
2695
2340
1449
1005
1344
1885
1921
1314
463
-87
-47
351
441
-214
-1201
-1641
-1303
-982
-1456
-2399
-2831
-2497
-2173
-2477
-2992
-2995
-2605
-2566
-3016
-3223
-2703
-2004
-1919
-2323
-2360
-1678
-882
-630
-741
-556
89
703
903
946
1327
2059
2613
2616
2401
2653
3494
4184
3968
3163
2923
3753
4666
4371
3072
2355
3039
3959
3525
2010
1226
1936
2725
2044
499
-34
824
1386
401
-1086
-1295
-310
125
-798
-1884
-1860
-1228
-1308
-2149
-2575
-2096
-1601
-1879
-2429
-2386
-1901
-1778
-2144
-2343
-2089
-1841
-1893
-1862
-1468
-1158
-1384
-1730
-1472
-734
-354
-594
-761
-328
262
361
148
260
712
910
712
728
1328
1955
1902
1372
1190
1640
2159
2220
1943
1660
1396
1118
1079
1415
1624
1086
89
-344
147
625
101
-1043
-1557
-1094
-673
-1186
-2147
-2472
-2035
-1732
-2098
-2613
-2610
-2274
-2249
-2596
-2736
-2381
-1977
-2003
-2249
-2138
-1569
-1035
-908
-949
-691
-108
377
462
364
552
1204
1965
2297
2061
1747
2011
2872
3551
3352
2641
2496
3282
4034
3706
2717
2435
3186
3665
2829
1578
1565
2719
3165
1895
330
349
1583
1940
629
-742
-560
493
564
-632
-1532
-1138
-407
-664
-1644
-2042
-1536
-1144
-1583
-2261
-2313
-1876
-1712
-2014
-2271
-2189
-2039
-2044
-2008
-1788
-1653
-1813
-1961
-1693
-1191
-969
-1068
-1006
-602
-277
-310
-285
241
893
920
407
344
1225
2222
2223
1374
914
1524
2486
2723
2148
1579
1565
1845
1928
1727
1452
1183
875
607
521
521
306
-217
-731
-867
-672
-588
-939
-1570
-2034
-2074
-1878
-1818
-2061
-2440
-2678
-2647
-2428
-2209
-2169
-2350
-2575
-2535
-2119
-1613
-1441
-1648
-1789
-1434
-689
-74
73
-46
35
562
1338
1938
2096
1956
1968
2427
3089
3409
3214
2952
3123
3578
3721
3366
3045
3233
3612
3473
2780
2300
2536
2935
2600
1590
925
1221
1808
1611
594
-209
-117
312
130
-682
-1280
-1201
-961
-1201
-1755
-1985
-1791
-1734
-2145
-2610
-2616
-2297
-2184
-2421
-2640
-2578
-2405
-2336
-2300
-2158
-1998
-1931
-1824
-1508
-1138
-1016
-1091
-989
-594
-242
-185
-177
111
544
738
734
961
1526
1942
1828
1521
1627
2133
2437
2221
1902
1991
2360
2445
2064
1644
1596
1755
1653
1181
739
668
781
603
4
-592
-735
-543
-567
-1092
-1750
-1986
-1789
-1695
-2065
-2593
-2748
-2496
-2316
-2501
-2760
-2687
-2380
-2269
-2463
-2580
-2314
-1901
-1783
-1963
-1977
-1511
-806
-346
-299
-370
-186
332
948
1386
1580
1696
1947
2372
2811
3087
3180
3195
3243
3357
3509
3632
3637
3499
3329
3265
3274
3190
2940
2659
2467
2271
1932
1546
1348
1311
1119
622
130
6
123
13
-462
-910
-1000
-938
-1129
-1552
-1829
-1836
-1880
-2183
-2493
-2479
-2240
-2164
-2353
-2525
-2465
-2315
-2269
-2274
-2181
-2036
-1982
-1967
-1801
-1474
-1201
-1101
-1031
-828
-540
-312
-142
65
301
494
685
990
1365
1584
1558
1521
1745
2190
2526
2526
2300
2146
2244
2507
2651
2436
1938
1551
1591
1848
1753
1083
342
166
462
500
-111
-877
-1114
-904
-955
-1547
-2139
-2177
-1905
-1985
-2509
-2885
-2717
-2394
-2504
-2983
-3232
-2967
-2582
-2544
-2762
-2797
-2494
-2140
-2018
-2033
-1916
-1590
-1205
-892
-616
-286
102
489
846
1202
1586
1964
2260
2458
2652
2963
3354
3614
3612
3524
3643
3958
4106
3861
3491
3417
3612
3620
3233
2806
2716
2758
2453
1812
1377
1409
1472
1080
431
100
159
75
-455
-1047
-1225
-1124
-1235
-1654
-1999
-2044
-2034
-2226
-2485
-2552
-2490
-2550
-2725
-2759
-2579
-2418
-2439
-2479
-2356
-2173
-2129
-2152
-2005
-1677
-1419
-1338
-1228
-922
-593
-485
-489
-277
199
609
727
737
945
1337
1654
1782
1871
2048
2237
2345
2425
2562
2692
2680
2549
2453
2457
2447
2314
2105
1935
1812
1627
1309
937
632
418
198
-123
-502
-808
-989
-1161
-1468
-1886
-2215
-2350
-2425
-2633
-2950
-3149
-3128
-3045
-3101
-3257
-3318
-3232
-3149
-3166
-3157
-2964
-2645
-2414
-2333
-2222
-1914
-1494
-1180
-1016
-809
-397
112
485
688
948
1440
2024
2388
2451
2488
2795
3310
3681
3703
3567
3612
3885
4079
3932
3568
3344
3398
3490
3329
2963
2683
2599
2479
2105
1613
1329
1284
1170
770
289
60
79
2
-365
-814
-1048
-1074
-1157
-1441
-1793
-2013
-2068
-2076
-2139
-2256
-2372
-2432
-2424
-2392
-2377
-2359
-2278
-2148
-2053
-2039
-2003
-1831
-1587
-1455
-1491
-1508
-1310
-961
-689
-592
-520
-318
-28
178
269
375
602
884
1083
1165
1225
1366
1582
1792
1918
1954
1973
2051
2185
2278
2225
2037
1831
1717
1676
1602
1418
1165
951
836
753
570
249
-84
-281
-352
-466
-733
-1055
-1260
-1340
-1461
-1709
-1976
-2123
-2188
-2316
-2520
-2651
-2625
-2558
-2619
-2793
-2905
-2841
-2675
-2551
-2516
-2492
-2377
-2122
-1767
-1424
-1192
-1053
-854
-478
15
413
624
812
1185
1699
2078
2188
2276
2657
3237
3566
3438
3234
3445
3968
4214
3916
3519
3536
3800
3724
3190
2735
2737
2852
2545
1913
1525
1539
1468
947
296
23
70
-49
-493
-919
-1076
-1188
-1525
-1937
-2114
-2102
-2222
-2530
-2725
-2653
-2565
-2709
-2934
-2946
-2769
-2669
-2686
-2593
-2308
-2057
-2006
-1990
-1795
-1533
-1458
-1525
-1432
-1089
-756
-645
-610
-402
-51
205
294
387
598
833
978
1084
1259
1488
1672
1786
1889
2007
2094
2111
2093
2103
2161
2217
2190
2039
1840
1737
1768
1775
1575
1212
927
832
759
496
105
-170
-249
-331
-589
-930
-1149
-1242
-1394
-1685
-1973
-2114
-2178
-2336
-2584
-2747
-2741
-2707
-2809
-2994
-3076
-2978
-2819
-2712
-2619
-2444
-2208
-2014
-1889
-1736
-1479
-1165
-902
-689
-426
-56
338
641
877
1186
1612
2007
2216
2325
2586
3035
3354
3265
2975
2983
3422
3837
3768
3368
3169
3315
3383
3058
2612
2489
2603
2475
1988
1586
1580
1642
1293
664
322
421
469
71
-491
-726
-671
-770
-1138
-1421
-1429
-1472
-1825
-2229
-2281
-2079
-2094
-2437
-2697
-2593
-2376
-2379
-2508
-2457
-2258
-2201
-2325
-2338
-2100
-1850
-1811
-1825
-1607
-1194
-882
-807
-809
-715
-541
-355
-130
169
459
641
744
889
1120
1358
1521
1606
1670
1766
1913
2078
2175
2150
2063
2044
2141
2239
2179
1950
1698
1571
1556
1500
1277
937
641
478
363
152
-156
-422
-565
-678
-893
-1178
-1387
-1475
-1569
-1765
-1967
-2032
-1992
-2030
-2216
-2388
-2382
-2265
-2245
-2386
-2525
-2495
-2349
-2275
-2338
-2410
-2343
-2139
-1921
-1781
-1691
-1557
-1304
-926
-520
-209
-31
127
418
867
1336
1689
1928
2141
2379
2654
2975
3304
3502
3470
3359
3451
3771
3975
3793
3436
3312
3423
3355
2946
2566
2517
2488
2009
1260
905
1086
1123
515
-249
-389
-22
-30
-744
-1469
-1550
-1321
-1511
-2081
-2352
-2112
-1941
-2262
-2679
-2649
-2352
-2371
-2748
-2926
-2631
-2262
-2240
-2398
-2330
-2046
-1875
-1899
-1854
-1612
-1371
-1287
-1209
-959
-644
-469
-393
-207
106
333
391
453
665
911
1016
1026
1134
1382
1598
1666
1660
1719
1838
1914
1907
1896
1959
2074
2135
2065
1907
1796
1797
1790
1610
1282
1030
989
987
757
310
-58
-166
-196
-418
-822
-1157
-1304
-1405
-1608
-1839
-1945
-1943
-1989
-2135
-2243
-2203
-2091
-2062
-2123
-2135
-2014
-1843
-1757
-1755
-1713
-1556
-1354
-1223
-1176
-1126
-1026
-928
-883
-852
-766
-631
-516
-441
-326
-102
176
378
441
446
555
868
1287
1581
1612
1539
1680
2118
2538
2593
2377
2314
2564
2795
2677
2417
2454
2756
2802
2362
1920
1985
2289
2127
1411
865
984
1293
1033
283
-166
15
242
-80
-694
-959
-835
-869
-1285
-1658
-1615
-1411
-1483
-1781
-1911
-1786
-1707
-1841
-1983
-1944
-1843
-1846
-1877
-1787
-1655
-1636
-1665
-1536
-1264
-1096
-1120
-1136
-970
-738
-629
-599
-461
-190
27
88
114
270
531
733
785
763
812
979
1183
1309
1327
1319
1353
1405
1401
1337
1279
1241
1180
1089
1041
1082
1135
1091
953
812
723
652
566
479
392
284
165
95
90
70
-47
-215
-303
-264
-209
-279
-476
-676
-748
-694
-613
-607
-697
-828
-925
-972
-1004
-1067
-1155
-1225
-1237
-1191
-1122
-1070
-1061
-1068
-1037
-943
-830
-765
-742
-700
-620
-561
-540
-467
-269
-40
34
-66
-147
-41
172
277
206
111
142
274
372
375
332
317
338
355
343
334
405
577
746
747
571
451
642
1062
1295
1047
580
497
1031
1675
1695
1028
442
656
1428
1785
1237
421
294
875
1244
817
160
151
693
840
198
-460
-301
332
396
-339
-940
-651
59
185
-421
-944
-792
-315
-178
-466
-742
-739
-606
-554
-593
-654
-731
-810
-816
-748
-706
-731
-736
-685
-693
-808
-835
-586
-231
-148
-401
-614
-476
-160
-62
-243
-384
-254
-18
57
-18
-13
157
311
284
169
193
390
544
472
271
207
380
602
632
464
305
313
423
485
453
387
337
303
293
334
406
426
357
264
224
229
218
174
135
97
24
-82
-141
-115
-74
-113
-219
-283
-247
-178
-192
-304
-431
-481
-447
-409
-438
-533
-615
-606
-507
-412
-415
-514
-621
-640
-557
-451
-410
-432
-431
-345
-212
-129
-135
-167
-153
-103
-66
-40
17
103
146
124
113
208
368
454
397
297
298
417
527
513
408
339
369
419
377
239
126
125
176
161
71
8
24
38
-46
-180
-222
-131
-42
-88
-228
-305
-255
-183
-211
-315
-360
-273
-130
-52
-69
-118
-144
-151
-140
-94
-16
39
45
74
216
406
459
308
137
171
392
545
477
316
282
395
473
412
315
328
420
438
337
257
329
480
509
354
178
174
308
363
209
-33
-140
-60
51
34
-78
-150
-127
-89
-119
-185
-201
-160
-161
-265
-412
-471
-406
-319
-324
-410
-464
-425
-359
-382
-499
-610
-619
-540
-455
-421
-427
-425
-391
-341
-313
-320
-333
-310
-235
-142
-69
-17
26
52
53
46
79
158
228
232
187
169
210
273
307
311
325
380
450
499
511
493
465
440
422
402
363
315
289
299
313
290
234
184
156
117
45
-25
-35
18
67
64
20
-23
-47
-60
-80
-113
-160
-190
-154
-52
20
-29
-170
-264
-237
-171
-183
-266
-315
-282
-243
-271
-333
-351
-324
-327
-374
-401
-357
-290
-284
-340
-371
-329
-266
-247
-271
-278
-248
-223
-226
-218
-171
-126
-138
-178
-153
-53
14
-40
-150
-174
-75
38
62
27
36
126
237
317
369
418
449
433
379
335
361
458
568
607
555
503
557
688
726
558
326
298
537
770
707
401
183
226
346
312
174
137
192
127
-92
-208
-73
48
-154
-525
-602
-290
-53
-273
-699
-817
-579
-418
-577
-787
-744
-576
-592
-760
-753
-507
-347
-501
-741
-697
-388
-171
-236
-393
-388
-234
-102
-41
13
60
30
-45
-26
130
272
265
187
205
340
449
449
415
439
491
505
506
556
626
613
499
406
429
515
530
442
351
344
391
414
394
356
308
215
84
-12
-16
23
2
-104
-211
-234
-193
-190
-274
-396
-474
-484
-468
-464
-468
-457
-421
-377
-352
-363
-405
-448
-462
-434
-376
-316
-273
-250
-247
-257
-266
-248
-193
-110
-32
25
73
135
204
258
279
285
305
346
393
423
435
437
443
462
484
496
498
501
501
480
429
365
318
304
315
337
349
330
267
180
112
80
51
-4
-70
-109
-130
-183
-282
-366
-381
-355
-367
-450
-547
-594
-601
-627
-701
-795
-847
-832
-773
-709
-677
-675
-678
-650
-596
-536
-478
-397
-280
-167
-110
-103
-55
98
301
417
395
344
420
624
783
759
635
625
808
1003
987
789
659
752
915
893
682
554
674
851
779
475
285
419
639
569
211
-45
40
222
120
-245
-476
-350
-122
-159
-442
-634
-563
-434
-507
-727
-823
-705
-558
-580
-719
-773
-670
-531
-494
-557
-600
-543
-421
-336
-351
-423
-437
-341
-207
-157
-201
-227
-153
-44
-8
-23
32
190
322
314
233
245
375
486
458
359
329
396
457
434
376
377
445
504
492
422
353
310
283
251
218
201
198
191
156
108
79
92
115
95
17
-65
-88
-64
-75
-171
-312
-409
-417
-374
-325
-290
-268
-268
-294
-325
-324
-298
-288
-314
-347
-339
-282
-229
-221
-249
-252
-190
-84
6
35
16
-11
-10
8
29
50
82
125
165
200
243
292
325
318
297
305
355
409
419
388
355
343
344
336
318
290
247
184
122
100
124
158
161
131
96
73
49
9
-41
-83
-106
-119
-120
-106
-91
-107
-171
-253
-300
-300
-289
-302
-342
-386
-409
-399
-361
-316
-298
-320
-353
-358
-325
-273
-211
-139
-73
-45
-68
-95
-69
8
81
108
116
149
206
239
221
185
185
236
302
344
345
314
274
251
254
283
316
332
319
288
257
242
230
200
149
104
80
47
-24
-125
-195
-193
-146
-114
-125
-157
-189
-226
-276
-319
-320
-282
-256
-284
-352
-391
-362
-306
-295
-334
-346
-268
-152
-113
-185
-277
-275
-174
-75
-51
-70
-49
29
103
126
133
192
299
370
346
277
272
352
425
400
314
290
378
493
517
439
354
335
365
378
354
318
285
245
189
139
121
118
91
36
-3
15
60
54
-45
-172
-224
-178
-128
-170
-290
-372
-352
-299
-310
-384
-428
-392
-338
-342
-387
-397
-354
-320
-345
-384
-371
-310
-271
-286
-308
-268
-157
-33
38
46
32
43
88
132
143
133
151
218
288
299
246
188
182
225
265
272
260
255
253
232
185
142
132
153
165
152
137
148
175
182
158
121
105
101
78
23
-50
-112
-151
-166
-166
-160
-156
-158
-173
-207
-254
-292
-297
-277
-260
-261
-267
-253
-223
-198
-187
-161
-102
-27
19
18
7
40
115
173
170
139
142
195
245
236
180
140
161
209
225
197
165
157
157
135
102
105
156
204
192
132
87
88
105
98
68
53
64
77
57
-3
-76
-132
-152
-139
-113
-102
-110
-133
-155
-168
-168
-155
-130
-107
-88
-67
-36
-4
2
-16
-39
-41
-28
-21
-33
-48
-50
-39
-32
-41
-67
-100
-127
-142
-142
-127
-107
-91
-81
-71
-53
-29
-16
-22
-33
-24
12
58
91
109
117
116
105
86
74
79
101
132
167
196
207
190
154
114
78
57
51
60
74
87
92
91
88
80
62
37
11
-15
-38
-51
-45
-22
3
11
0
-20
-36
-46
-47
-36
-9
28
54
52
23
-17
-47
-56
-50
-37
-28
-21
-11
0
3
-7
-26
-42
-45
-30
-13
-13
-31
-53
-61
-49
-23
-1
13
16
4
-18
-41
-52
-49
-39
-31
-25
-9
25
50
29
-48
-134
-162
-113
-41
-8
-24
-46
-50
-62
-105
-158
-176
-152
-124
-103
-67
5
75
87
37
-24
-44
-23
4
20
35
59
84
95
85
60
35
25
46
82
102
80
33
5
20
55
73
65
57
56
45
18
-9
-6
22
38
30
21
41
74
89
80
74
91
114
112
82
48
29
27
32
36
42
44
32
13
8
22
40
33
-4
-39
-43
-25
-12
-24
-47
-62
-70
-84
-102
-111
-100
-81
-69
-75
-91
-110
-125
-133
-127
-107
-78
-53
-40
-40
-40
-27
-2
22
31
29
29
39
54
65
67
59
47
39
38
39
37
35
47
67
80
72
52
39
38
34
18
4
8
24
29
9
-18
-24
-4
18
27
27
32
36
27
7
-2
11
30
32
12
-11
-17
-9
-1
-4
-18
-35
-44
-41
-21
8
37
59
70
64
40
11
-7
-3
20
50
79
92
77
45
15
7
12
14
6
1
10
25
32
37
38
32
9
-29
-62
-70
-54
-33
-20
-18
-22
-35
-54
-69
-69
-63
-73
-100
-126
-126
-103
-67
-33
-2
17
18
4
-12
-21
-21
-19
-13
-2
12
24
31
37
41
37
24
7
-3
0
13
32
49
63
66
59
38
15
1
3
20
37
46
43
38
33
27
22
8
-14
-40
-58
-57
-36
-7
22
40
42
23
-8
-39
-54
-51
-36
-18
-4
3
2
-5
-12
-20
-27
-32
-29
-5
35
78
103
98
67
31
0
-15
-6
20
43
45
25
2
-1
14
32
37
26
7
-14
-27
-29
-18
-5
4
15
30
41
34
15
-1
0
13
24
33
42
53
50
33
15
6
8
10
6
7
22
49
59
39
0
-32
-39
-27
-13
-5
3
11
11
0
-17
-31
-33
-21
5
33
49
42
21
-1
-14
-15
-12
-3
7
14
14
11
8
7
4
-3
-3
13
38
53
50
41
45
58
65
60
52
57
71
78
70
54
48
51
54
40
13
-20
-49
-70
-79
-73
-61
-52
-52
-57
-55
-49
-53
-79
-120
-150
-151
-123
-87
-64
-65
-75
-78
-66
-53
-49
-61
-79
-92
-91
-68
-29
5
20
8
-19
-44
-54
-38
1
54
99
125
137
142
135
114
86
68
71
84
97
106
114
117
109
93
79
69
62
55
49
43
37
26
17
18
32
46
47
32
14
0
-10
-24
-39
-47
-40
-31
-34
-46
-56
-53
-49
-60
-78
-87
-73
-48
-29
-29
-37
-48
-60
-70
-67
-47
-20
-2
-4
-20
-37
-46
-44
-31
-11
4
7
-5
-19
-19
-1
23
41
49
51
55
62
64
65
66
69
75
76
80
88
91
82
61
44
39
40
36
26
20
22
26
26
19
10
3
-2
-5
-7
-6
-8
-12
-14
-9
1
8
6
-4
-11
-15
-16
-14
-13
-14
-23
-38
-51
-50
-40
-26
-20
-23
-35
-49
-59
-69
-79
-79
-58
-12
44
89
105
97
68
34
11
2
10
29
50
63
62
50
38
34
38
44
47
43
34
22
21
27
26
12
2
14
39
53
46
31
29
39
51
63
75
71
35
-20
-63
-75
-59
-34
-10
6
7
-10
-34
-50
-51
-45
-39
-36
-30
-26
-22
-19
-13
-3
7
12
7
-6
-12
-6
9
16
12
5
1
1
-5
-8
1
16
28
25
12
-2
-15
-18
-8
19
52
69
60
29
-2
-23
-30
-30
-27
-23
-24
-35
-51
-66
-68
-60
-46
-35
-31
-24
-17
-10
-7
-4
3
9
10
10
13
22
32
34
33
30
26
15
-2
-13
-6
11
28
37
43
49
49
38
19
4
-2
0
3
3
-3
-8
-9
-5
-4
-5
-8
-15
-22
-26
-24
-11
6
20
25
22
15
10
11
15
19
16
10
1
-5
-4
1
6
6
-1
-9
-12
-8
-1
8
15
21
25
32
44
53
51
41
29
24
27
31
33
30
21
13
10
13
14
8
-2
-4
-1
2
6
9
12
11
9
14
26
37
40
36
35
37
39
33
25
17
-2
-37
-73
-86
-66
-28
-1
1
-15
-27
-26
-16
-4
3
