16
9
3
3
6
13
21
28
33
35
30
26
27
33
40
44
46
47
46
37
28
24
25
26
23
21
24
26
24
14
6
-1
-4
-7
-4
3
6
2
-3
-4
4
14
22
25
26
27
26
25
22
19
10
-1
-13
-21
-26
-28
-24
-13
2
12
17
21
25
25
16
7
8
21
35
39
39
34
29
23
19
17
12
7
0
-4
-9
-10
-8
-5
0
6
14
23
29
26
20
18
22
32
39
42
40
34
27
19
14
14
18
23
21
11
-3
-10
-5
7
19
26
27
27
25
22
23
29
35
35
26
13
5
1
-3
-5
-5
-1
1
1
-2
-1
2
6
12
17
19
21
20
21
20
20
19
20
21
21
20
18
17
13
8
5
8
16
22
24
20
15
10
6
2
0
1
0
-2
1
10
19
23
21
17
12
8
4
4
11
16
17
14
12
10
9
6
3
3
9
18
29
38
44
45
38
25
15
16
24
32
38
37
31
20
10
3
3
6
11
15
15
10
4
0
-1
-1
2
7
15
17
16
12
7
3
-2
-3
2
11
18
20
19
19
18
17
16
12
11
12
17
21
19
11
2
-3
-4
-3
1
2
3
5
9
17
25
31
31
28
20
12
7
5
8
13
16
18
19
18
15
11
9
7
8
10
10
9
7
9
12
15
19
27
33
34
30
26
25
26
25
28
30
30
26
19
13
8
7
8
12
15
19
23
28
32
35
41
42
40
30
17
6
-3
-10
-15
-12
-5
4
4
-5
-16
-26
-34
-37
-32
-24
-14
-6
-4
-8
-13
-18
-20
-16
-6
6
18
24
30
34
32
21
8
1
1
4
6
5
4
6
8
12
18
23
28
35
41
44
41
36
35
40
48
52
52
49
42
30
21
14
11
7
3
-1
-3
-4
-4
1
12
23
30
32
31
31
33
36
39
39
37
33
27
25
23
18
12
9
5
-2
-16
-27
-32
-31
-26
-21
-14
-6
5
15
25
30
27
19
13
12
20
29
37
41
44
47
46
43
36
30
20
12
5
1
3
4
2
-4
-7
-6
1
11
20
25
20
8
-3
-6
-1
8
12
13
11
8
4
2
4
5
4
0
-3
-4
-2
1
-2
-6
-10
-7
2
13
21
26
28
29
28
26
20
9
1
-4
-3
1
9
17
28
34
35
32
30
29
27
24
24
25
25
24
23
23
21
17
13
14
17
19
17
19
24
25
21
17
20
31
44
51
51
44
31
18
11
10
17
26
32
29
20
10
9
12
14
16
16
14
7
2
1
6
9
8
12
22
28
30
30
29
30
27
24
26
31
32
25
14
9
9
12
17
23
30
34
34
33
32
32
34
35
36
34
32
29
25
21
17
16
16
10
3
0
4
12
20
25
25
22
17
9
0
-9
-11
-6
2
7
7
0
-15
-30
-39
-35
-25
-14
-6
-2
4
6
5
4
4
5
5
5
7
13
20
24
25
25
24
23
23
23
23
18
7
-7
-19
-20
-10
4
19
32
42
45
39
28
21
18
19
23
28
36
41
37
30
21
18
13
10
10
13
15
12
7
4
0
-3
-4
2
8
14
14
13
12
13
13
11
13
12
13
13
13
12
13
15
20
24
23
21
21
22
25
25
26
26
21
12
6
5
8
9
10
12
16
19
19
17
17
19
21
21
18
13
6
5
6
12
19
28
32
32
22
11
6
10
18
25
28
26
23
17
7
-3
-10
-14
-15
-11
-5
1
4
6
3
-3
-9
-9
-8
-8
-10
-14
-14
-11
-6
2
10
21
29
36
38
38
32
26
24
22
20
19
22
28
32
30
29
30
27
25
25
30
33
32
28
29
32
34
30
24
24
26
30
31
30
28
23
16
8
-1
-8
-11
-9
-7
-10
-13
-14
-7
-2
0
-1
0
-2
-2
0
9
21
29
29
25
20
16
11
5
1
0
-1
0
2
7
16
26
38
47
47
37
23
15
19
28
41
48
48
41
29
20
17
16
18
17
17
17
18
17
18
17
17
17
17
17
17
17
14
10
4
-3
-6
-5
0
9
13
16
10
3
-4
-9
-11
-9
-4
3
7
6
4
3
8
15
23
26
26
25
24
25
25
28
31
30
24
18
14
15
16
18
20
26
31
33
32
25
16
8
8
12
19
21
20
16
12
12
20
30
40
44
44
40
36
31
26
21
14
8
2
3
4
5
4
3
6
11
15
15
11
7
4
5
11
21
31
34
31
27
25
26
29
32
33
32
22
5
-11
-18
-14
-6
2
3
0
-4
-4
1
4
5
3
3
6
13
18
24
29
32
31
22
14
13
18
26
28
25
23
21
17
9
4
4
6
6
6
7
13
17
16
15
15
18
22
25
26
22
13
3
-4
-8
-11
-14
-14
-12
-11
-7
0
7
7
0
-5
-6
-2
0
4
13
22
26
27
28
31
35
34
31
29
26
21
15
13
14
17
22
26
28
27
26
30
34
35
33
34
40
46
43
35
25
18
16
12
6
-1
-6
-9
-7
0
9
16
22
26
27
22
16
13
14
19
20
15
5
-6
-13
-17
-21
-25
-24
-16
-5
4
6
4
1
-3
-5
-3
4
12
18
20
23
28
33
33
30
26
25
25
25
24
24
25
25
25
24
26
29
33
36
36
32
27
24
28
35
39
38
35
34
31
24
14
5
-1
-5
-8
-6
1
8
6
-2
-10
-18
-25
-29
-28
-19
-7
-1
-1
-1
3
7
12
17
21
25
23
17
11
12
18
23
25
22
16
9
5
1
4
10
21
33
38
39
36
32
29
27
26
26
28
31
33
31
28
23
21
21
18
12
4
-3
-7
-6
1
13
29
41
46
50
54
53
45
36
28
23
18
14
13
13
10
-2
-17
-25
-23
-16
-8
0
6
5
0
-6
-7
0
11
21
31
41
50
55
50
40
28
15
5
-3
-4
2
10
12
9
4
-1
-3
-6
-8
-5
3
17
28
36
40
40
38
36
34
33
30
26
25
25
23
18
14
9
0
-13
-26
-36
-39
-37
-28
-18
-14
-19
-24
-21
-11
2
14
25
33
33
26
15
7
4
3
2
2
1
-4
-10
-14
-13
-10
-5
1
7
15
24
32
34
32
29
30
37
48
60
69
74
72
63
51
44
40
41
36
28
16
4
-3
-1
7
15
18
13
7
5
8
15
21
24
26
26
24
23
22
18
14
12
14
15
15
12
7
4
4
3
-1
-6
-17
-27
-32
-34
-35
-35
-32
-27
-20
-15
-11
-4
6
16
21
22
21
20
23
24
27
27
24
18
11
4
-2
-2
7
21
33
39
40
39
36
33
31
36
47
59
64
64
60
53
43
30
18
13
13
16
14
9
0
-9
-14
-16
-13
-7
0
5
6
2
1
1
4
9
14
18
21
24
23
18
9
-1
-8
-11
-15
-20
-21
-16
-4
7
11
12
12
11
9
9
11
13
13
7
-1
-3
-1
8
19
27
26
20
14
15
20
24
25
25
24
24
24
24
24
25
25
26
26
31
33
30
22
13
8
7
8
9
10
12
15
15
13
11
15
27
41
50
51
51
47
40
31
22
17
14
8
1
-2
-2
-1
0
2
1
-1
-3
-1
7
17
27
34
37
33
24
14
10
12
16
21
26
25
17
4
-8
-13
-11
-4
6
16
24
26
25
23
19
16
15
20
28
33
33
28
21
17
14
9
3
-3
-6
-4
1
5
5
5
3
2
4
9
16
21
25
25
25
24
24
22
18
13
12
13
14
15
14
15
16
21
27
35
39
37
30
24
22
28
37
42
43
42
43
44
42
40
35
29
18
8
3
3
5
9
16
22
26
26
28
30
27
18
6
-3
-8
-7
-3
-3
-3
-5
-8
-8
-4
0
2
1
2
1
-3
-10
-15
-18
-18
-18
-18
-17
-14
-10
-6
-3
0
2
5
13
22
32
37
40
42
39
30
24
22
24
27
28
24
19
15
14
19
26
32
35
33
25
14
5
3
10
23
33
40
43
48
49
47
39
29
21
16
16
18
23
26
26
21
11
2
-1
4
13
22
26
21
14
11
14
20
25
28
30
26
17
7
12
32
47
39
14
5
26
57
56
14
-30
-29
16
49
30
-25
-54
-36
-9
-23
-68
-95
-87
-75
-88
-106
-96
-71
-77
-115
-139
-114
-69
-62
-94
-109
-77
-28
-13
-30
-42
-24
4
19
19
24
38
58
82
106
124
132
136
150
173
189
185
172
167
171
168
155
145
141
137
117
91
75
74
69
46
18
6
9
6
-17
-41
-52
-55
-66
-83
-88
-82
-81
-100
-123
-126
-110
-103
-111
-119
-111
-96
-93
-102
-103
-91
-81
-82
-84
-71
-49
-35
-34
-33
-20
1
12
12
9
13
23
33
41
51
59
65
66
69
72
80
90
106
130
155
175
181
173
163
159
167
180
184
163
131
110
113
118
101
54
7
-12
-10
-23
-70
-134
-183
-208
-225
-251
-283
-317
-350
-382
-409
-425
-438
-461
-497
-524
-523
-505
-486
-480
-471
-437
-385
-329
-287
-251
-202
-123
-21
78
151
203
261
344
437
508
550
593
659
729
765
770
784
832
874
864
809
775
786
791
725
607
518
486
450
350
215
122
87
42
-62
-177
-242
-260
-306
-406
-505
-545
-548
-578
-646
-700
-706
-691
-703
-732
-737
-700
-661
-645
-634
-603
-545
-483
-426
-374
-318
-256
-186
-108
-33
31
93
162
236
298
349
401
463
515
549
583
642
712
752
739
703
685
693
701
687
648
588
519
449
386
331
268
192
110
32
-51
-150
-261
-367
-457
-533
-603
-666
-728
-794
-865
-925
-965
-997
-1041
-1096
-1132
-1124
-1093
-1076
-1089
-1095
-1055
-972
-874
-786
-697
-585
-451
-306
-157
-8
134
265
405
571
749
899
1003
1103
1234
1373
1455
1463
1462
1510
1584
1606
1553
1490
1463
1441
1350
1196
1057
972
890
750
581
454
377
281
116
-69
-197
-276
-366
-489
-605
-675
-724
-794
-887
-961
-996
-1014
-1046
-1091
-1120
-1115
-1083
-1049
-1026
-1002
-959
-899
-838
-784
-722
-632
-514
-393
-287
-203
-121
-29
69
171
279
392
505
599
661
700
730
758
779
799
829
864
862
799
702
644
640
627
546
414
303
237
167
51
-92
-206
-287
-371
-479
-585
-663
-736
-837
-952
-1036
-1073
-1109
-1183
-1259
-1273
-1215
-1156
-1154
-1183
-1168
-1082
-971
-879
-796
-674
-499
-316
-162
-28
118
294
487
676
850
1004
1150
1293
1432
1543
1619
1675
1730
1776
1790
1768
1735
1705
1652
1557
1438
1331
1228
1091
914
732
580
444
300
148
5
-135
-281
-424
-547
-652
-761
-879
-979
-1052
-1110
-1173
-1232
-1277
-1304
-1306
-1281
-1230
-1184
-1159
-1140
-1101
-1046
-985
-916
-817
-698
-586
-488
-381
-251
-118
-5
104
234
380
517
644
779
913
1005
1041
1057
1106
1178
1216
1185
1109
1043
1008
976
899
767
607
459
336
223
93
-57
-216
-372
-512
-624
-714
-809
-939
-1089
-1208
-1275
-1326
-1416
-1542
-1635
-1643
-1590
-1543
-1531
-1516
-1457
-1360
-1252
-1137
-990
-798
-590
-397
-218
-24
205
464
720
944
1123
1266
1411
1580
1752
1878
1948
2005
2086
2154
2139
2036
1919
1854
1812
1715
1545
1376
1254
1149
987
768
563
419
289
104
-130
-331
-452
-537
-655
-808
-931
-1000
-1058
-1155
-1267
-1336
-1346
-1348
-1381
-1422
-1427
-1392
-1352
-1318
-1269
-1189
-1088
-980
-867
-753
-650
-561
-462
-333
-183
-35
111
268
430
571
687
805
938
1056
1120
1147
1183
1250
1297
1269
1163
1043
969
941
898
779
608
463
388
336
221
11
-234
-437
-573
-672
-773
-907
-1077
-1249
-1367
-1402
-1404
-1456
-1569
-1666
-1674
-1618
-1578
-1583
-1580
-1520
-1415
-1308
-1199
-1061
-888
-704
-513
-301
-73
144
345
556
796
1021
1188
1329
1515
1745
1932
2009
2020
2069
2184
2282
2272
2166
2053
1992
1950
1839
1637
1422
1275
1173
1010
753
501
348
239
50
-217
-413
-457
-483
-658
-933
-1109
-1115
-1108
-1239
-1433
-1521
-1487
-1467
-1537
-1605
-1566
-1459
-1388
-1375
-1343
-1243
-1112
-997
-892
-773
-641
-513
-378
-224
-59
92
227
365
520
690
856
988
1053
1065
1099
1219
1381
1448
1340
1149
1056
1126
1224
1156
899
627
513
532
495
278
-30
-251
-332
-385
-527
-744
-943
-1088
-1211
-1309
-1348
-1345
-1413
-1602
-1798
-1833
-1707
-1601
-1641
-1736
-1699
-1507
-1316
-1249
-1244
-1155
-936
-668
-432
-233
-38
170
399
665
963
1241
1449
1588
1717
1869
2023
2143
2222
2287
2345
2367
2330
2254
2176
2098
1958
1728
1475
1307
1224
1103
857
573
400
332
201
-81
-391
-558
-611
-716
-925
-1111
-1173
-1189
-1282
-1423
-1494
-1481
-1498
-1607
-1710
-1693
-1581
-1494
-1479
-1468
-1384
-1238
-1087
-961
-847
-739
-637
-523
-368
-167
51
245
404
549
708
889
1070
1205
1265
1280
1331
1454
1583
1608
1501
1365
1309
1334
1327
1195
955
706
535
449
387
253
5
-295
-522
-629
-718
-919
-1213
-1438
-1500
-1489
-1556
-1716
-1862
-1924
-1949
-1980
-1980
-1921
-1870
-1905
-1966
-1893
-1650
-1385
-1253
-1201
-1048
-732
-393
-178
-51
142
462
816
1102
1321
1536
1754
1945
2116
2301
2478
2573
2576
2578
2630
2654
2550
2367
2257
2241
2164
1922
1627
1436
1305
1056
677
375
268
185
-82
-459
-692
-715
-756
-987
-1281
-1417
-1411
-1467
-1649
-1788
-1753
-1654
-1668
-1780
-1820
-1734
-1647
-1656
-1669
-1555
-1344
-1182
-1120
-1061
-905
-681
-471
-288
-99
93
245
364
517
734
972
1159
1266
1313
1357
1462
1640
1784
1738
1489
1266
1289
1480
1502
1162
685
467
584
686
418
-133
-545
-576
-451
-568
-989
-1384
-1477
-1400
-1466
-1721
-1909
-1885
-1841
-1986
-2191
-2145
-1852
-1682
-1851
-2077
-1958
-1528
-1215
-1248
-1370
-1214
-785
-371
-130
45
280
541
777
1043
1402
1750
1943
2018
2160
2441
2711
2807
2763
2727
2744
2744
2683
2604
2521
2356
2070
1770
1604
1532
1359
988
564
291
167
24
-243
-538
-738
-877
-1064
-1290
-1431
-1446
-1470
-1628
-1834
-1899
-1809
-1747
-1848
-2007
-2029
-1881
-1711
-1636
-1627
-1600
-1532
-1433
-1274
-1041
-804
-649
-557
-410
-155
131
337
452
558
734
1004
1332
1607
1678
1525
1364
1503
1956
2315
2132
1487
1032
1295
1987
2200
1436
312
-79
503
1069
596
-629
-1327
-879
-149
-322
-1330
-2022
-1799
-1369
-1589
-2190
-2287
-1824
-1698
-2327
-2889
-2494
-1578
-1377
-2154
-2765
-2252
-1153
-719
-1199
-1626
-1236
-417
26
-1
31
374
730
906
1152
1686
2222
2351
2178
2220
2677
3152
3204
2913
2707
2779
2935
2947
2820
2651
2436
2151
1898
1779
1690
1412
928
497
308
240
48
-280
-562
-747
-981
-1312
-1536
-1522
-1483
-1706
-2099
-2273
-2105
-1931
-2055
-2314
-2343
-2118
-1938
-1932
-1915
-1754
-1607
-1610
-1588
-1311
-878
-617
-605
-569
-297
92
365
505
663
899
1144
1372
1614
1820
1846
1692
1611
1854
2298
2482
2103
1440
1140
1486
1985
1854
977
149
168
809
1029
264
-831
-1210
-774
-437
-871
-1651
-1946
-1689
-1573
-1962
-2383
-2303
-1983
-2077
-2592
-2809
-2343
-1766
-1840
-2424
-2636
-2062
-1283
-1040
-1271
-1328
-923
-403
-113
79
420
788
920
947
1290
1989
2529
2515
2251
2368
2956
3446
3372
2972
2809
3025
3239
3127
2818
2614
2534
2358
2003
1654
1459
1303
995
569
241
105
9
-231
-596
-929
-1132
-1246
-1344
-1475
-1664
-1895
-2078
-2108
-2030
-2010
-2122
-2237
-2210
-2093
-2034
-2026
-1924
-1712
-1564
-1568
-1551
-1314
-950
-716
-649
-532
-227
114
313
440
686
1049
1334
1439
1485
1606
1785
1939
2063
2170
2174
2008
1783
1702
1761
1708
1384
975
785
806
712
311
-188
-458
-496
-603
-931
-1295
-1463
-1494
-1605
-1832
-1991
-2002
-2015
-2157
-2309
-2284
-2128
-2062
-2155
-2220
-2100
-1882
-1743
-1679
-1534
-1246
-940
-727
-552
-281
103
471
697
814
1002
1410
1955
2344
2381
2281
2483
3090
3611
3514
2959
2692
3089
3614
3491
2780
2302
2500
2802
2444
1586
1085
1245
1371
818
-40
-347
-41
42
-587
-1361
-1498
-1138
-1099
-1675
-2261
-2277
-1957
-1920
-2260
-2516
-2407
-2177
-2164
-2301
-2298
-2085
-1862
-1779
-1765
-1666
-1444
-1171
-947
-815
-707
-481
-97
280
449
464
618
1048
1522
1715
1643
1617
1828
2128
2272
2212
2043
1854
1719
1746
1911
1929
1533
913
597
757
882
419
-421
-886
-689
-424
-734
-1421
-1755
-1541
-1375
-1743
-2306
-2438
-2147
-2027
-2329
-2588
-2363
-1942
-1936
-2347
-2535
-2137
-1580
-1444
-1620
-1528
-1000
-498
-390
-389
-25
618
1015
996
1029
1549
2318
2719
2575
2382
2679
3363
3811
3627
3124
2968
3374
3801
3592
2830
2291
2423
2712
2362
1455
891
1111
1407
924
-80
-570
-240
35
-534
-1498
-1833
-1419
-1163
-1659
-2378
-2508
-2111
-1936
-2276
-2625
-2497
-2128
-2048
-2282
-2380
-2109
-1769
-1707
-1837
-1810
-1500
-1123
-913
-857
-764
-494
-89
283
489
583
766
1151
1588
1819
1806
1789
1974
2290
2510
2519
2371
2160
1980
1936
2011
1957
1531
911
595
745
873
431
-383
-829
-640
-427
-832
-1614
-2002
-1800
-1634
-2001
-2550
-2640
-2315
-2207
-2566
-2878
-2666
-2219
-2172
-2561
-2762
-2389
-1820
-1616
-1728
-1622
-1086
-515
-304
-279
5
601
1106
1276
1396
1851
2516
2888
2789
2683
3075
3761
4016
3552
2989
3102
3772
4075
3484
2610
2403
2854
3019
2340
1437
1213
1543
1480
659
-158
-227
70
-183
-1052
-1654
-1482
-1143
-1448
-2232
-2651
-2410
-2093
-2242
-2652
-2804
-2627
-2474
-2516
-2572
-2477
-2300
-2153
-2018
-1854
-1691
-1529
-1281
-949
-689
-576
-426
-56
392
629
684
913
1443
1916
1960
1743
1763
2168
2560
2551
2243
2021
2043
2124
2052
1798
1451
1119
897
798
661
290
-253
-639
-695
-683
-978
-1534
-1921
-1924
-1825
-1984
-2324
-2487
-2389
-2333
-2519
-2720
-2634
-2349
-2234
-2393
-2512
-2324
-1980
-1798
-1785
-1639
-1221
-781
-572
-464
-116
510
1062
1268
1328
1637
2234
2721
2799
2710
2951
3582
4042
3833
3230
3037
3557
4093
3800
2854
2312
2673
3127
2638
1456
827
1206
1570
908
-253
-623
-100
60
-859
-1919
-1936
-1245
-1189
-2129
-2963
-2794
-2171
-2136
-2719
-3064
-2793
-2441
-2497
-2716
-2645
-2339
-2167
-2175
-2082
-1774
-1438
-1192
-956
-685
-468
-295
0
433
736
760
798
1225
1902
2284
2150
1898
2009
2447
2788
2756
2429
2038
1808
1902
2205
2222
1525
454
-42
440
1061
675
-643
-1590
-1321
-590
-725
-1831
-2700
-2498
-1845
-1817
-2457
-2868
-2614
-2286
-2489
-2901
-2828
-2320
-2128
-2541
-2916
-2585
-1822
-1422
-1574
-1662
-1204
-502
-127
-85
110
668
1262
1571
1765
2183
2764
3113
3113
3145
3548
4066
4132
3684
3338
3596
4085
3973
3130
2390
2473
2952
2822
1911
1141
1184
1477
1072
87
-466
-218
-18
-635
-1564
-1794
-1350
-1251
-1963
-2726
-2717
-2244
-2185
-2668
-3008
-2804
-2459
-2434
-2595
-2565
-2340
-2167
-2074
-1893
-1637
-1483
-1401
-1181
-819
-561
-469
-270
185
635
821
946
1363
1928
2125
1869
1750
2246
2965
3072
2386
1672
1719
2377
2742
2198
1118
440
634
1174
1097
104
-1037
-1345
-813
-455
-1048
-2142
-2657
-2298
-1874
-2108
-2695
-2869
-2579
-2467
-2799
-3035
-2730
-2284
-2354
-2811
-2884
-2309
-1715
-1679
-1881
-1610
-825
-193
-112
-199
108
788
1375
1657
1881
2294
2758
2993
2997
3079
3431
3834
3895
3564
3298
3519
3988
3988
3260
2481
2459
3006
3089
2239
1232
1018
1376
1280
449
-263
-213
22
-431
-1362
-1778
-1444
-1250
-1832
-2603
-2667
-2175
-2041
-2562
-3058
-2957
-2576
-2498
-2696
-2726
-2494
-2319
-2310
-2197
-1839
-1467
-1290
-1166
-904
-603
-427
-252
142
632
890
945
1206
1798
2251
2143
1794
1893
2541
3047
2809
2083
1666
1950
2495
2526
1764
735
271
617
1064
692
-494
-1439
-1326
-669
-679
-1644
-2542
-2478
-1926
-1971
-2712
-3175
-2822
-2363
-2638
-3306
-3349
-2628
-2127
-2497
-3102
-2949
-2102
-1496
-1548
-1651
-1194
-467
-125
-136
146
968
1781
2025
1902
2042
2639
3280
3584
3657
3781
3936
3914
3766
3804
4098
4232
3826
3143
2847
3111
3308
2815
1893
1332
1359
1352
816
115
-152
-138
-483
-1210
-1604
-1352
-1149
-1702
-2597
-2860
-2385
-2078
-2504
-3134
-3242
-2947
-2851
-3017
-2988
-2657
-2465
-2617
-2692
-2320
-1793
-1607
-1688
-1564
-1116
-691
-469
-198
305
799
1039
1207
1588
2038
2195
2136
2342
2891
3177
2722
2001
1932
2638
3140
2573
1350
711
1156
1781
1398
46
-1032
-954
-310
-350
-1354
-2299
-2277
-1697
-1662
-2439
-3151
-3070
-2605
-2604
-3084
-3278
-2856
-2445
-2667
-3180
-3169
-2554
-2064
-2114
-2185
-1643
-743
-294
-479
-560
109
1212
1912
1937
1830
2157
2837
3384
3582
3654
3826
3982
3919
3748
3820
4186
4376
3946
3160
2773
3063
3400
3025
2058
1323
1214
1245
863
251
-87
-196
-547
-1167
-1504
-1348
-1299
-1903
-2734
-2938
-2473
-2174
-2559
-3144
-3258
-2968
-2792
-2841
-2795
-2595
-2561
-2728
-2665
-2145
-1583
-1456
-1586
-1443
-957
-540
-369
-135
380
932
1243
1462
1829
2188
2245
2168
2428
3020
3310
2901
2272
2181
2632
2855
2324
1428
951
1107
1329
998
156
-582
-777
-661
-805
-1363
-1907
-2033
-1936
-2103
-2586
-2910
-2807
-2627
-2824
-3250
-3353
-2989
-2640
-2729
-3052
-3117
-2805
-2382
-2008
-1572
-1062
-742
-742
-709
-163
851
1727
1986
1821
1818
2289
3026
3642
3940
3953
3803
3675
3782
4149
4450
4288
3690
3188
3212
3515
3460
2833
2098
1737
1627
1336
851
567
541
272
-514
-1256
-1247
-746
-792
-1764
-2763
-2795
-2150
-1968
-2630
-3322
-3298
-2895
-2850
-3141
-3162
-2807
-2641
-2921
-3095
-2639
-1898
-1595
-1786
-1832
-1357
-695
-277
-52
260
679
1054
1409
1853
2252
2360
2254
2324
2705
3027
2913
2496
2237
2309
2424
2262
1841
1404
1087
834
542
202
-129
-433
-760
-1145
-1505
-1708
-1781
-1953
-2368
-2810
-2918
-2674
-2506
-2744
-3161
-3254
-2935
-2638
-2720
-2993
-2984
-2536
-1902
-1382
-1074
-969
-1000
-917
-344
746
1765
2023
1581
1318
1955
3183
4003
3884
3326
3189
3694
4298
4431
4093
3690
3506
3481
3435
3296
3100
2846
2467
1964
1515
1347
1428
1379
832
-55
-649
-546
-156
-286
-1152
-2074
-2300
-1931
-1738
-2152
-2806
-3137
-3095
-3024
-3055
-2999
-2808
-2762
-3010
-3217
-2948
-2286
-1794
-1803
-2008
-1882
-1322
-684
-292
-122
67
433
968
1525
1883
1890
1680
1661
2103
2741
2969
2513
1821
1615
2078
2593
2419
1555
765
693
1107
1173
483
-473
-948
-867
-814
-1180
-1703
-1969
-2069
-2366
-2819
-2967
-2678
-2474
-2817
-3376
-3427
-2874
-2425
-2608
-3030
-2897
-2066
-1186
-878
-1085
-1281
-1021
-202
914
1781
1905
1428
1221
2009
3423
4259
3872
2969
2773
3570
4477
4605
4047
3567
3572
3752
3652
3292
3019
2918
2654
2003
1343
1280
1759
1901
1031
-316
-889
-301
392
-14
-1322
-2240
-2077
-1529
-1603
-2315
-2911
-3017
-2974
-3105
-3211
-3040
-2832
-2988
-3414
-3553
-3096
-2376
-1956
-2002
-2179
-2070
-1577
-964
-547
-385
-206
276
1011
1604
1725
1494
1390
1760
2437
2851
2580
1830
1346
1671
2465
2741
1993
918
664
1358
1840
1144
-169
-724
-215
182
-492
-1600
-1872
-1315
-1202
-2132
-3069
-2857
-1959
-1809
-2719
-3448
-3054
-2239
-2249
-3016
-3273
-2372
-1165
-820
-1358
-1817
-1489
-518
566
1344
1553
1164
679
941
2217
3602
3871
2978
2252
2815
4147
4727
3980
2951
2848
3474
3714
3209
2743
2863
2956
2252
1217
1057
1918
2451
1560
-45
-726
-33
783
455
-761
-1637
-1596
-1231
-1300
-1811
-2289
-2536
-2716
-2876
-2832
-2579
-2472
-2784
-3277
-3428
-3051
-2474
-2120
-2106
-2235
-2243
-1961
-1402
-807
-462
-344
-95
513
1163
1346
1080
986
1504
2276
2549
2099
1502
1422
1865
2226
2013
1392
953
1021
1265
1105
445
-181
-297
-136
-320
-963
-1471
-1388
-1107
-1359
-2154
-2709
-2495
-1956
-1893
-2398
-2811
-2692
-2364
-2344
-2549
-2426
-1772
-1086
-977
-1423
-1754
-1314
-102
1182
1675
1133
293
337
1708
3436
3995
2987
1755
1906
3395
4528
4087
2858
2510
3316
3867
3211
2288
2485
3392
3252
1646
403
1100
2618
2500
397
-1298
-688
1059
1379
-240
-1835
-1836
-975
-838
-1583
-2121
-2013
-1970
-2478
-2928
-2634
-1993
-1960
-2671
-3283
-3135
-2497
-2031
-1982
-2148
-2265
-2142
-1654
-941
-458
-466
-584
-236
512
991
910
800
1197
1802
1932
1567
1374
1677
1985
1790
1353
1286
1607
1710
1227
535
237
402
518
130
-641
-1231
-1241
-912
-885
-1464
-2205
-2430
-2073
-1733
-1867
-2275
-2502
-2495
-2522
-2602
-2422
-1861
-1254
-1019
-1200
-1507
-1599
-1185
-160
1079
1652
1053
34
99
1762
3636
3857
2380
1207
2006
3968
4769
3545
2008
2140
3525
4016
2844
1757
2415
3777
3448
1275
-97
1130
3144
2826
122
-1757
-703
1436
1506
-653
-2274
-1671
-309
-320
-1525
-2172
-1780
-1583
-2302
-2958
-2523
-1615
-1599
-2602
-3401
-3128
-2216
-1563
-1497
-1779
-2083
-2094
-1589
-789
-327
-454
-597
-126
665
950
616
453
959
1598
1683
1406
1421
1713
1665
1177
971
1446
1897
1432
314
-290
120
717
476
-512
-1288
-1308
-1002
-1042
-1507
-1971
-2165
-2199
-2241
-2259
-2206
-2227
-2460
-2751
-2751
-2338
-1757
-1313
-1068
-977
-1088
-1350
-1302
-398
1170
2246
1802
288
-495
747
3162
4424
3290
1193
752
2656
4699
4460
2420
1361
2591
4135
3600
1731
1349
2997
3850
1934
-501
30
2918
3841
865
-2495
-2012
1347
2831
505
-2397
-2359
-291
422
-1048
-2327
-1826
-915
-1395
-2646
-2810
-1759
-1204
-2054
-3186
-3214
-2309
-1583
-1490
-1651
-1782
-1874
-1717
-1054
-256
-30
-323
-264
487
1102
825
235
425
1319
1789
1425
1120
1546
2016
1615
790
759
1568
1855
832
-461
-544
452
974
149
-1178
-1685
-1227
-763
-996
-1651
-2089
-2120
-1989
-1874
-1765
-1731
-1967
-2441
-2715
-2340
-1421
-596
-424
-883
-1430
-1448
-623
815
2042
2114
940
-194
349
2626
4584
4142
1796
394
1834
4575
5349
3266
1000
1323
3431
4142
2400
777
1664
3606
3314
686
-674
1335
3849
2815
-1074
-2983
-622
2515
2043
-1300
-3043
-1405
634
110
-1832
-2299
-1171
-845
-2147
-3119
-2283
-963
-1153
-2514
-3099
-2287
-1358
-1328
-1714
-1750
-1531
-1371
-1029
-378
-54
-521
-997
-373
1008
1616
877
10
281
1341
1983
1843
1465
1143
735
489
911
1643
1504
223
-795
-290
907
895
-632
-1949
-1754
-851
-728
-1427
-1853
-1696
-1778
-2458
-2873
-2292
-1422
-1510
-2548
-3206
-2575
-1236
-363
-328
-635
-848
-958
-865
-153
1217
2343
2117
730
-65
1233
3840
5130
3641
1148
849
3377
5737
4966
2048
717
2457
4517
3862
1525
1010
2951
3972
1763
-1072
-517
2789
3961
736
-3035
-2545
1267
3041
384
-3123
-3208
-616
643
-838
-2489
-2146
-1069
-1450
-2869
-3151
-1860
-885
-1538
-2782
-2955
-2010
-1144
-1028
-1356
-1673
-1740
-1302
-391
259
-60
-807
-633
733
1898
1665
677
440
1226
1954
1904
1481
1207
977
716
845
1405
1473
381
-951
-983
209
820
-235
-1818
-2211
-1440
-957
-1406
-1938
-1855
-1720
-2249
-2937
-2767
-1912
-1651
-2499
-3341
-2899
-1432
-329
-320
-848
-1121
-1027
-723
13
1321
2430
2174
673
-185
1251
4050
5278
3444
724
628
3586
6086
5022
1802
586
2711
4868
3760
824
209
2699
4385
2272
-1146
-1217
2130
4021
1459
-2339
-2420
955
2774
373
-3068
-3312
-877
308
-1254
-3013
-2688
-1461
-1596
-2798
-2977
-1719
-855
-1582
-2813
-2975
-2091
-1261
-1008
-1110
-1364
-1589
-1298
-315
534
357
-325
-118
1140
1971
1410
445
497
1361
1771
1471
1338
1620
1463
608
205
1029
1898
1159
-738
-1590
-504
791
336
-1404
-2371
-1813
-1036
-1265
-2029
-2268
-2073
-2318
-2989
-3083
-2278
-1666
-2245
-3351
-3426
-2094
-619
-258
-850
-1366
-1214
-475
698
2105
2986
2448
851
128
1787
4689
5828
3858
1103
1033
3905
6200
5038
1987
994
3039
4857
3665
1184
1014
3123
3755
1179
-1336
-173
3008
3301
-357
-3399
-2007
1524
2132
-968
-3624
-2894
-776
-640
-2381
-3287
-2446
-1736
-2473
-3420
-3005
-1835
-1608
-2508
-3161
-2774
-1978
-1504
-1275
-1109
-1238
-1561
-1333
-305
531
287
-287
222
1636
2241
1349
419
898
2069
2245
1387
1004
1632
2012
1247
365
683
1601
1434
23
-942
-430
459
182
-1075
-1904
-1784
-1556
-1874
-2316
-2360
-2328
-2728
-3221
-3059
-2352
-2074
-2677
-3354
-3059
-1835
-678
-361
-798
-1413
-1608
-895
767
2490
2840
1398
-231
227
2997
5504
5081
2278
535
2138
5253
6087
3712
1321
1970
4412
4889
2574
870
2372
4720
3802
59
-1589
1244
4521
3185
-1542
-3635
-688
2785
1815
-2226
-4085
-2169
-112
-912
-2889
-2997
-1554
-1210
-2516
-3306
-2365
-1245
-1646
-2878
-3213
-2450
-1703
-1412
-1124
-850
-1108
-1578
-1197
43
721
152
-357
524
1904
1886
536
-96
973
2264
2179
1298
1143
1677
1618
818
593
1396
1808
706
-789
-830
345
694
-663
-2219
-2366
-1627
-1593
-2465
-3007
-2704
-2501
-3099
-3675
-3209
-2251
-2216
-3219
-3771
-2841
-1240
-451
-810
-1489
-1749
-1390
-287
1493
2972
2722
750
-730
535
3875
5960
4573
1489
558
3013
5850
5602
2837
1379
3084
5263
4515
1726
915
3267
5048
2926
-807
-1124
2427
4667
2002
-2363
-2865
598
2719
399
-3183
-3550
-1174
-80
-1683
-3275
-2704
-1512
-2027
-3562
-3676
-2110
-1111
-1952
-3247
-3273
-2275
-1518
-1298
-1153
-1122
-1464
-1577
-675
649
936
121
-171
885
1919
1479
374
479
1835
2638
2046
1289
1499
1952
1502
623
619
1345
1321
101
-912
-590
222
19
-1164
-2002
-1943
-1800
-2194
-2603
-2467
-2291
-2808
-3592
-3543
-2627
-2115
-2791
-3756
-3594
-2218
-865
-502
-952
-1524
-1750
-1282
149
2061
2989
1881
-209
-684
1697
4925
5671
3227
649
1253
4474
6435
4866
2085
1853
4156
5246
3143
723
1558
4346
4457
874
-1791
215
3982
3754
-773
-3791
-1566
2326
2237
-1645
-4057
-2395
112
-255
-2497
-3205
-1959
-1409
-2691
-3786
-2988
-1574
-1645
-2964
-3658
-3090
-2258
-1809
-1406
-1067
-1407
-2128
-1854
-285
866
242
-922
-480
1357
2291
1413
464
1045
2294
2544
1965
1893
2330
2033
986
790
1969
2657
1270
-829
-1068
560
1420
64
-1778
-1912
-834
-666
-1816
-2595
-2084
-1556
-2296
-3430
-3270
-2036
-1660
-2906
-4156
-3637
-1772
-451
-594
-1463
-2032
-1970
-1210
340
2087
2602
1192
-670
-485
2278
5097
5038
2323
357
1760
5041
6302
4159
1574
1896
4256
4877
2639
851
2278
4637
3706
-114
-1777
1154
4509
3155
-1554
-3516
-455
2997
2014
-1873
-3582
-1810
-107
-1033
-2750
-2616
-1395
-1596
-3200
-3759
-2386
-1110
-1703
-3196
-3646
-2910
-2176
-1807
-1317
-948
-1459
-2342
-2003
-254
983
391
-678
-250
1255
1795
986
549
1349
2064
1650
1253
2144
3134
2197
47
-371
1736
3394
1953
-1011
-1820
155
1777
662
-1717
-2495
-1418
-690
-1524
-2688
-2758
-2213
-2386
-3236
-3475
-2670
-2002
-2536
-3589
-3562
-2036
-330
55
-975
-2196
-2336
-1029
1050
2580
2432
775
-600
240
3103
5373
4711
1962
492
2218
5143
5752
3496
1458
2196
4300
4508
2477
1325
2936
4848
3645
243
-900
1889
4695
3228
-1059
-2843
-317
2453
1422
-1924
-3177
-1420
45
-996
-2703
-2609
-1483
-1692
-3199
-3690
-2342
-1086
-1586
-2939
-3382
-2792
-2200
-1860
-1367
-1036
-1525
-2231
-1735
-100
844
160
-699
-119
1170
1353
494
364
1461
2168
1489
771
1484
2644
2249
592
74
1555
2861
1875
-381
-1228
-82
989
358
-1130
-1776
-1408
-1132
-1455
-1836
-1925
-2147
-2773
-3234
-2901
-2123
-1870
-2495
-3267
-3228
-2204
-924
-312
-722
-1678
-2183
-1449
387
2167
2540
1248
-312
-180
2079
4546
4775
2658
829
1642
4202
5382
3807
1671
1796
3792
4647
3054
1346
2097
4134
4009
1135
-906
698
3674
3518
-157
-2871
-1424
1733
2068
-775
-2920
-1996
-81
-112
-1708
-2400
-1632
-1217
-2122
-3022
-2602
-1602
-1517
-2347
-2891
-2624
-2098
-1753
-1467
-1302
-1569
-1966
-1615
-455
337
-36
-697
-346
727
1110
514
270
1164
2096
1792
884
972
2043
2374
1252
235
853
2155
1996
234
-989
-331
878
650
-860
-1832
-1489
-965
-1345
-2151
-2380
-2141
-2303
-2922
-3102
-2458
-1842
-2170
-3084
-3384
-2554
-1298
-594
-710
-1260
-1766
-1798
-964
660
2095
2088
622
-551
426
3201
5182
4329
1722
548
2336
5012
5402
3236
1459
2294
4293
4445
2513
1388
2778
4438
3284
148
-958
1483
3974
2675
-1115
-2602
-145
2509
1540
-1756
-3147
-1465
237
-515
-2329
-2611
-1541
-1346
-2596
-3428
-2597
-1344
-1409
-2535
-3134
-2610
-1788
-1402
-1350
-1414
-1663
-1859
-1434
-477
78
-221
-517
90
1090
1305
756
613
1302
1859
1584
1221
1635
2229
1856
846
685
1643
2153
1134
-282
-378
597
868
-188
-1246
-1178
-673
-952
-1837
-2209
-1899
-1897
-2639
-3235
-2862
-2092
-2084
-2923
-3528
-3120
-2063
-1179
-818
-870
-1203
-1603
-1527
-491
1173
2278
1869
407
-363
890
3419
4816
3580
1141
560
2860
5469
5257
2612
1049
2496
4635
4209
1786
1000
3074
4691
2762
-662
-929
2418
4534
1975
-2245
-2736
745
3073
1011
-2543
-3095
-812
426
-1040
-2723
-2295
-993
-1250
-2812
-3360
-2200
-1162
-1687
-2852
-3032
-2204
-1536
-1515
-1662
-1680
-1759
-1799
-1363
-590
-235
-470
-475
253
963
791
235
465
1439
1922
1466
1121
1659
2195
1611
557
641
1833
2257
933
-609
-476
821
1106
-304
-1694
-1510
-491
-390
-1435
-2249
-2055
-1676
-2072
-2825
-2855
-2138
-1777
-2409
-3284
-3269
-2290
-1300
-1020
-1250
-1438
-1411
-1220
-640
569
1885
2162
993
-312
138
2505
4585
4161
1803
497
2094
4860
5494
3359
1374
2124
4310
4584
2403
917
2330
4391
3469
122
-1242
1343
4180
2908
-1199
-2834
-109
2861
1874
-1584
-2912
-1058
487
-742
-2798
-2779
-1270
-1061
-2634
-3590
-2515
-1055
-1268
-2659
-3249
-2500
-1601
-1385
-1463
-1432
-1530
-1738
-1435
-552
-55
-491
-875
-99
1208
1480
632
249
1099
1950
1610
910
1335
2457
2434
973
78
1144
2712
2412
357
-931
21
1693
1699
-131
-1754
-1654
-538
-140
-1056
-2285
-2684
-2277
-1921
-2074
-2341
-2263
-2103
-2406
-3015
-3095
-2284
-1280
-949
-1218
-1355
-1097
-824
-635
-34
1090
1814
1279
191
324
2238
4188
4035
2015
743
2068
4611
5308
3332
1278
1781
3924
4508
2628
1046
2098
4008
3346
334
-1035
1243
3908
2866
-860
-2459
-128
2499
1684
-1282
-2430
-905
371
-525
-1951
-1796
-813
-1078
-2470
-2939
-1844
-920
-1522
-2681
-2810
-2043
-1601
-1730
-1688
-1372
-1476
-1952
-1769
-663
127
-298
-955
-437
844
1246
490
79
864
1715
1432
756
1149
2286
2406
1093
111
853
2197
2066
369
-871
-304
1031
1209
-157
-1664
-1959
-1175
-495
-751
-1688
-2452
-2552
-2252
-2078
-2167
-2266
-2280
-2432
-2790
-2944
-2494
-1679
-1151
-1160
-1325
-1292
-1158
-1014
-500
652
1759
1658
316
-592
526
2950
4134
2822
918
1264
3840
5524
4148
1537
1157
3346
4855
3512
1373
1635
3734
4013
1264
-1089
252
3482
3959
693
-2225
-1319
1601
2249
-192
-2437
-2018
-367
-113
-1287
-1919
-1358
-999
-1739
-2545
-2230
-1359
-1297
-2127
-2696
-2428
-1924
-1723
-1610
-1452
-1673
-2284
-2323
-1203
22
-109
-1238
-1499
-175
1229
1202
336
214
1027
1595
1433
1355
1821
2047
1408
692
973
1872
2035
1122
251
338
921
1004
376
-407
-884
-966
-722
-424
-599
-1471
-2411
-2516
-1784
-1204
-1517
-2331
-2760
-2547
-2132
-1883
-1717
-1483
-1251
-1127
-1073
-1046
-1031
-809
-38
1127
1789
1226
77
-16
1637
3594
3757
2034
707
1668
3870
4549
2890
1240
1949
4014
4377
2298
597
1659
3820
3624
963
-512
1326
3730
2860
-592
-2244
-259
2115
1335
-1469
-2474
-796
638
-267
-1948
-2060
-1055
-1022
-2166
-2654
-1733
-899
-1454
-2576
-2791
-2163
-1762
-1822
-1726
-1466
-1658
-2137
-1884
-768
-96
-694
-1481
-1019
300
893
432
171
743
1189
806
588
1584
2771
2252
330
-448
1159
3051
2531
91
-1209
101
2008
1876
-146
-1652
-1257
-40
285
-507
-1392
-1691
-1640
-1628
-1623
-1517
-1532
-1935
-2528
-2776
-2428
-1838
-1562
-1721
-1865
-1528
-859
-518
-836
-1218
-698
767
1937
1591
144
-538
732
2877
3669
2443
1015
1455
3386
4404
3253
1567
1660
3286
3954
2555
1102
1819
3663
3581
1033
-829
504
3154
3278
470
-1638
-483
1923
2013
-361
-2057
-1270
260
194
-1118
-1688
-1060
-698
-1455
-2315
-2119
-1321
-1156
-1819
-2393
-2290
-1858
-1591
-1528
-1583
-1819
-2065
-1840
-1089
-527
-729
-1217
-1092
-356
152
139
290
964
1369
803
102
677
2256
2855
1498
-165
87
1969
2975
1716
-268
-630
750
1828
1157
-447
-1243
-743
-1
-77
-881
-1599
-1780
-1666
-1639
-1730
-1779
-1832
-2099
-2503
-2610
-2161
-1542
-1414
-1840
-2099
-1570
-616
-236
-772
-1317
-736
844
1967
1525
212
-154
1201
2966
3292
2085
1145
1857
3386
3806
2699
1701
2200
3359
3315
1923
1122
2169
3640
3232
1064
-241
923
2819
2647
379
-1185
-257
1547
1532
-386
-1788
-1218
6
-38
-1181
-1749
-1204
-774
-1387
-2248
-2154
-1351
-1129
-1895
-2636
-2431
-1675
-1368
-1736
-2155
-2153
-1897
-1691
-1532
-1305
-1088
-988
-932
-801
-597
-308
178
783
1063
725
256
534
1646
2512
2106
838
216
1037
2342
2506
1192
-191
-124
1205
2059
1194
-628
-1517
-744
386
224
-1127
-2069
-1698
-926
-1050
-1921
-2336
-1920
-1611
-2112
-2742
-2508
-1669
-1369
-1879
-2171
-1510
-624
-649
-1412
-1573
-474
921
1255
487
-126
403
1679
2501
2248
1499
1299
1973
2805
2942
2424
2097
2449
2930
2734
2028
1816
2480
3080
2558
1316
823
1622
2486
2021
592
-144
510
1381
1076
-140
-841
-464
60
-220
-963
-1218
-898
-808
-1356
-1949
-1902
-1439
-1353
-1895
-2485
-2504
-2021
-1619
-1682
-2060
-2302
-2154
-1776
-1530
-1553
-1586
-1319
-858
-625
-770
-869
-457
300
743
562
216
377
1109
1822
1939
1473
960
952
1510
2062
1897
984
227
499
1428
1629
454
-953
-998
209
874
-90
-1583
-1857
-925
-425
-1224
-2268
-2258
-1521
-1364
-2046
-2487
-2017
-1383
-1524
-2089
-1982
-1062
-420
-805
-1519
-1335
-141
921
915
209
-74
609
1704
2302
2130
1707
1673
2106
2543
2611
2459
2475
2675
2663
2260
1900
2089
2619
2711
2040
1281
1275
1889
2157
1547
653
395
827
1148
790
63
-384
-387
-319
-478
-766
-972
-1126
-1396
-1753
-1934
-1793
-1553
-1586
-1964
-2341
-2338
-2002
-1740
-1826
-2081
-2139
-1916
-1660
-1583
-1598
-1491
-1245
-1017
-872
-691
-368
-3
234
353
510
762
974
1079
1223
1520
1746
1568
1119
1028
1604
2213
1930
833
137
701
1751
1715
296
-994
-733
499
833
-397
-1790
-1798
-803
-481
-1434
-2449
-2333
-1554
-1413
-2097
-2566
-2225
-1764
-1928
-2277
-1905
-968
-572
-1110
-1597
-1020
210
829
436
-59
257
1162
1776
1766
1614
1791
2143
2256
2124
2156
2545
2916
2780
2221
1887
2189
2729
2759
2139
1534
1545
1956
2084
1705
1242
1065
1013
775
419
226
187
25
-321
-584
-614
-632
-881
-1258
-1504
-1585
-1656
-1745
-1768
-1786
-1966
-2232
-2262
-1973
-1719
-1829
-2119
-2158
-1901
-1696
-1707
-1671
-1375
-1044
-990
-1071
-867
-303
211
354
318
482
878
1212
1338
1425
1631
1832
1827
1654
1573
1714
1888
1804
1422
1042
976
1159
1159
690
33
-235
8
197
-228
-1036
-1465
-1231
-919
-1172
-1821
-2160
-1957
-1713
-1900
-2317
-2459
-2249
-2036
-1994
-1915
-1649
-1408
-1425
-1514
-1266
-622
-6
202
121
188
608
1154
1490
1567
1627
1855
2156
2309
2304
2356
2574
2744
2608
2299
2243
2556
2797
2525
1957
1717
1978
2208
1940
1418
1193
1278
1187
752
398
439
502
96
-583
-874
-637
-477
-850
-1426
-1639
-1522
-1555
-1851
-2036
-1930
-1866
-2102
-2347
-2204
-1825
-1700
-1919
-2076
-1926
-1703
-1662
-1639
-1385
-1049
-951
-1022
-855
-331
179
373
423
643
978
1179
1296
1600
2048
2195
1852
1479
1641
2204
2443
1977
1269
1041
1374
1638
1294
527
-20
-2
255
182
-364
-967
-1184
-1064
-1035
-1345
-1767
-1973
-1970
-2028
-2223
-2335
-2230
-2124
-2264
-2496
-2413
-1935
-1477
-1425
-1624
-1574
-1066
-414
-32
33
71
335
794
1211
1416
1484
1671
2095
2525
2608
2379
2310
2690
3125
3008
2420
2158
2621
3144
2850
1938
1508
2005
2539
2128
1138
761
1264
1595
939
-56
-246
307
447
-328
-1139
-1077
-550
-618
-1407
-1993
-1844
-1527
-1719
-2194
-2306
-2062
-2026
-2334
-2487
-2215
-1917
-1999
-2230
-2183
-1911
-1763
-1728
-1503
-1110
-921
-988
-859
-309
249
371
311
612
1213
1507
1301
1159
1566
2198
2382
2035
1714
1827
2173
2309
2075
1642
1266
1143
1271
1362
1062
416
-64
-25
204
10
-664
-1235
-1301
-1176
-1360
-1809
-2065
-2000
-1978
-2238
-2510
-2447
-2189
-2154
-2402
-2523
-2213
-1694
-1396
-1407
-1428
-1183
-717
-267
12
137
259
538
987
1396
1520
1427
1518
2026
2615
2732
2371
2169
2560
3110
3079
2494
2198
2639
3147
2826
1900
1493
2052
2631
2199
1114
639
1135
1558
991
-22
-312
187
368
-385
-1297
-1388
-901
-870
-1544
-2101
-1943
-1573
-1739
-2295
-2509
-2209
-1982
-2206
-2512
-2445
-2147
-2032
-2098
-2021
-1742
-1522
-1442
-1275
-946
-695
-644
-527
-132
296
430
436
749
1331
1641
1436
1191
1463
2117
2524
2369
1951
1719
1821
2089
2235
2015
1447
948
970
1364
1417
733
-149
-407
-50
81
-507
-1288
-1503
-1242
-1234
-1732
-2182
-2131
-1906
-2074
-2530
-2644
-2240
-1900
-2119
-2572
-2550
-1944
-1363
-1307
-1564
-1585
-1178
-611
-190
23
116
209
470
991
1579
1865
1764
1689
2051
2664
2930
2664
2376
2575
3027
3086
2645
2336
2598
2976
2740
1984
1575
1923
2333
1954
1013
535
873
1203
717
-203
-574
-243
-58
-558
-1198
-1245
-925
-1037
-1693
-2147
-1933
-1549
-1670
-2157
-2371
-2158
-1975
-2075
-2165
-1996
-1817
-1911
-2057
-1862
-1409
-1143
-1172
-1142
-846
-548
-478
-415
-76
358
499
414
574
1127
1626
1654
1392
1320
1574
1906
2121
2205
2098
1730
1349
1416
1928
2182
1589
586
217
771
1294
803
-392
-1053
-634
22
-177
-1151
-1853
-1707
-1281
-1387
-1969
-2315
-2149
-1957
-2166
-2487
-2387
-1955
-1804
-2147
-2443
-2136
-1434
-1029
-1192
-1479
-1368
-841
-256
126
305
374
460
726
1231
1747
1935
1784
1684
1955
2427
2671
2554
2380
2432
2609
2632
2467
2350
2396
2408
2156
1748
1521
1574
1598
1283
776
505
587
652
356
-152
-449
-453
-488
-754
-1045
-1108
-1071
-1233
-1569
-1750
-1641
-1497
-1576
-1789
-1881
-1825
-1789
-1828
-1821
-1721
-1637
-1630
-1582
-1387
-1152
-1059
-1102
-1092
-927
-682
-444
-195
67
240
248
221
369
707
1023
1142
1129
1170
1335
1540
1668
1672
1565
1423
1372
1482
1620
1540
1186
822
757
935
960
587
44
-230
-128
-1
-202
-664
-1022
-1089
-1044
-1150
-1403
-1595
-1631
-1630
-1703
-1783
-1758
-1677
-1697
-1825
-1874
-1711
-1460
-1339
-1360
-1320
-1102
-839
-706
-642
-417
7
371
446
361
482
924
1387
1517
1371
1331
1613
1999
2133
1979
1849
1968
2190
2216
2006
1817
1838
1931
1828
1521
1271
1259
1328
1212
901
632
563
567
436
162
-91
-226
-301
-392
-492
-577
-692
-880
-1088
-1214
-1232
-1213
-1237
-1330
-1462
-1569
-1580
-1491
-1409
-1452
-1581
-1622
-1474
-1256
-1157
-1192
-1198
-1069
-874
-728
-628
-506
-361
-254
-170
-19
222
450
574
643
778
985
1138
1146
1093
1148
1364
1572
1559
1300
1052
1096
1391
1538
1231
673
404
646
972
808
179
-289
-179
166
103
-450
-942
-957
-751
-828
-1210
-1465
-1384
-1280
-1462
-1754
-1763
-1503
-1402
-1660
-1950
-1872
-1514
-1295
-1369
-1461
-1310
-1021
-838
-778
-642
-372
-133
-58
-38
131
479
831
1008
1026
1054
1229
1510
1712
1728
1678
1775
2029
2196
2089
1851
1791
1950
2033
1826
1523
1458
1619
1664
1397
1040
911
986
976
742
458
309
238
85
-155
-343
-436
-544
-742
-951
-1055
-1061
-1085
-1196
-1363
-1510
-1590
-1602
-1591
-1620
-1709
-1783
-1754
-1637
-1540
-1519
-1505
-1425
-1305
-1232
-1200
-1118
-951
-781
-672
-572
-387
-133
78
198
316
531
813
1026
1090
1072
1130
1333
1581
1683
1569
1399
1416
1657
1857
1733
1344
1063
1142
1388
1379
981
515
361
488
516
223
-190
-403
-398
-440
-675
-944
-1061
-1101
-1269
-1555
-1717
-1640
-1529
-1626
-1876
-1996
-1878
-1719
-1725
-1850
-1891
-1771
-1601
-1496
-1440
-1348
-1185
-962
-712
-485
-325
-202
-21
262
558
748
854
1019
1299
1575
1715
1773
1903
2116
2253
2228
2174
2256
2407
2397
2165
1934
1908
1999
1950
1689
1418
1306
1270
1124
856
626
509
398
184
-68
-234
-331
-482
-714
-910
-990
-1028
-1137
-1299
-1411
-1455
-1504
-1590
-1654
-1657
-1648
-1675
-1699
-1648
-1544
-1463
-1426
-1376
-1287
-1192
-1112
-1014
-875
-733
-629
-521
-342
-106
97
224
330
482
665
821
938
1049
1156
1213
1217
1267
1457
1707
1792
1596
1311
1280
1582
1870
1730
1209
816
938
1320
1338
776
119
-36
266
405
5
-603
-859
-731
-692
-1003
-1367
-1420
-1294
-1400
-1776
-1997
-1829
-1600
-1738
-2139
-2293
-2008
-1667
-1679
-1941
-2023
-1765
-1437
-1309
-1327
-1265
-1058
-826
-650
-485
-288
-100
61
254
523
796
975
1095
1261
1480
1648
1729
1821
1991
2139
2146
2087
2137
2299
2354
2180
1949
1898
1992
1967
1718
1429
1305
1279
1144
868
630
527
432
204
-83
-255
-308
-426
-691
-953
-1045
-1024
-1086
-1278
-1451
-1494
-1479
-1529
-1620
-1655
-1619
-1603
-1639
-1650
-1578
-1483
-1438
-1414
-1328
-1179
-1054
-996
-943
-829
-675
-534
-407
-256
-76
85
205
330
490
653
776
865
979
1135
1271
1322
1309
1322
1414
1558
1659
1640
1505
1358
1321
1410
1473
1346
1051
814
793
865
776
466
159
63
102
33
-231
-525
-673
-709
-784
-935
-1075
-1154
-1237
-1373
-1489
-1503
-1453
-1467
-1575
-1660
-1616
-1488
-1420
-1455
-1493
-1436
-1302
-1179
-1100
-1015
-892
-757
-641
-516
-346
-154
-2
94
208
394
613
783
889
993
1142
1308
1436
1521
1601
1691
1767
1800
1805
1815
1841
1852
1815
1725
1624
1552
1496
1407
1245
1053
901
810
723
579
391
229
119
10
-151
-335
-471
-552
-648
-801
-953
-1020
-1017
-1051
-1172
-1294
-1311
-1250
-1232
-1296
-1346
-1300
-1211
-1179
-1200
-1177
-1076
-979
-948
-927
-831
-680
-569
-523
-473
-365
-232
-123
-30
75
174
241
306
416
553
649
691
747
859
982
1053
1076
1085
1086
1078
1106
1204
1292
1231
1016
851
908
1095
1120
854
507
390
525
615
408
24
-208
-155
-53
-171
-472
-685
-699
-699
-862
-1087
-1155
-1071
-1072
-1252
-1409
-1333
-1141
-1133
-1360
-1544
-1453
-1220
-1137
-1262
-1364
-1262
-1047
-917
-901
-879
-784
-689
-646
-585
-418
-192
-25
58
164
378
641
832
914
979
1118
1327
1519
1625
1660
1685
1749
1842
1926
1961
1937
1889
1862
1866
1843
1727
1544
1408
1374
1348
1208
991
856
831
740
472
182
100
164
89
-216
-496
-526
-457
-586
-895
-1082
-1026
-968
-1117
-1325
-1340
-1209
-1197
-1373
-1505
-1435
-1301
-1287
-1339
-1287
-1143
-1070
-1103
-1088
-943
-784
-740
-736
-634
-443
-299
-245
-181
-49
73
127
180
323
502
599
621
686
836
959
977
974
1064
1206
1249
1167
1104
1176
1297
1295
1138
976
948
1019
1033
880
619
413
363
385
304
60
-205
-311
-276
-299
-486
-712
-805
-788
-833
-988
-1115
-1111
-1079
-1165
-1315
-1344
-1216
-1116
-1192
-1344
-1368
-1238
-1120
-1130
-1191
-1174
-1062
-939
-858
-798
-737
-677
-609
-493
-324
-158
-57
-7
63
207
406
598
730
811
896
1035
1208
1358
1451
1511
1580
1664
1742
1803
1843
1848
1804
1743
1718
1723
1692
1580
1431
1323
1258
1172
1026
861
729
607
442
241
66
-48
-156
-312
-500
-646
-728
-808
-937
-1085
-1169
-1181
-1195
-1270
-1363
-1389
-1348
-1327
-1374
-1424
-1398
-1311
-1247
-1231
-1200
-1105
-981
-888
-822
-736
-621
-519
-440
-340
-197
-52
55
145
265
404
512
580
653
748
827
859
872
911
964
996
1005
1032
1078
1098
1068
1019
998
991
972
939
929
929
881
751
591
498
497
516
442
247
15
-118
-103
-67
-192
-503
-789
-827
-671
-632
-900
-1272
-1385
-1191
-1033
-1183
-1480
-1558
-1361
-1205
-1301
-1468
-1423
-1213
-1120
-1215
-1247
-1045
-799
-789
-953
-961
-681
-363
-294
-424
-463
-271
10
195
260
304
391
522
687
864
1002
1060
1078
1144
1289
1442
1539
1587
1623
1639
1617
1588
1613
1679
1686
1573
1425
1377
1430
1434
1268
1009
846
845
873
771
555
386
321
239
29
-231
-365
-358
-396
-597
-838
-920
-855
-856
-1027
-1217
-1239
-1143
-1121
-1231
-1321
-1277
-1186
-1181
-1230
-1204
-1081
-985
-980
-976
-877
-729
-653
-659
-648
-557
-435
-339
-253
-147
-46
14
64
159
290
382
415
444
510
583
621
653
724
805
814
750
706
753
839
869
823
760
726
714
712
728
737
679
534
400
391
480
494
329
99
17
109
165
7
-263
-383
-281
-177
-294
-551
-691
-633
-567
-645
-773
-775
-689
-705
-860
-956
-856
-701
-715
-870
-921
-758
-560
-541
-668
-735
-638
-487
-419
-441
-466
-444
-395
-337
-271
-212
-184
-177
-145
-60
44
115
158
226
338
453
524
574
655
761
833
852
882
977
1084
1102
1036
1008
1085
1170
1137
1013
947
992
1020
909
741
679
719
692
514
333
316
394
350
134
-57
-63
1
-85
-313
-466
-432
-369
-462
-650
-730
-670
-645
-759
-892
-891
-801
-777
-846
-891
-848
-797
-809
-830
-772
-674
-637
-659
-636
-526
-411
-364
-344
-277
-174
-115
-104
-72
18
115
169
203
262
331
358
350
366
429
480
473
449
468
523
540
492
449
470
520
520
465
431
459
499
477
405
364
393
432
401
295
197
178
210
200
102
-27
-94
-89
-90
-160
-264
-324
-340
-374
-450
-518
-537
-543
-589
-655
-664
-610
-569
-602
-662
-662
-596
-538
-541
-572
-573
-546
-524
-517
-491
-435
-381
-370
-388
-384
-335
-273
-234
-217
-197
-153
-93
-31
22
75
136
209
278
323
351
406
507
618
677
690
719
797
879
908
896
908
956
980
941
882
866
880
853
768
685
651
632
558
437
348
331
315
224
86
5
9
11
-78
-213
-289
-295
-322
-418
-508
-516
-489
-534
-648
-714
-678
-626
-659
-744
-777
-736
-699
-706
-710
-659
-590
-566
-577
-553
-471
-386
-339
-305
-245
-167
-109
-69
-21
40
87
118
161
230
291
307
301
321
373
422
443
456
481
500
485
462
466
501
517
498
468
463
468
458
433
422
434
437
417
385
359
330
276
207
156
129
88
11
-76
-133
-169
-222
-300
-368
-406
-438
-490
-549
-588
-613
-649
-688
-695
-662
-637
-651
-678
-669
-621
-575
-552
-536
-507
-470
-439
-405
-356
-301
-260
-233
-203
-157
-103
-60
-30
-15
-6
8
45
109
171
202
205
212
251
312
367
400
413
415
424
462
543
631
662
621
576
610
709
765
711
616
601
671
704
624
504
480
527
509
377
269
305
386
313
90
-48
34
156
64
-191
-320
-212
-103
-214
-423
-457
-317
-270
-424
-563
-489
-336
-360
-537
-598
-446
-303
-368
-521
-525
-379
-289
-341
-393
-332
-234
-218
-245
-213
-131
-105
-139
-124
-20
69
67
29
52
114
141
136
171
242
259
202
172
252
364
388
329
309
379
461
481
472
479
480
419
346
368
484
537
406
187
110
250
410
332
23
-228
-190
8
37
-217
-502
-542
-397
-362
-540
-711
-683
-579
-627
-794
-822
-653
-539
-677
-878
-832
-556
-392
-510
-682
-620
-373
-231
-304
-410
-375
-253
-181
-164
-112
-22
15
-12
-1
103
211
218
167
188
316
456
508
489
483
533
616
685
722
732
735
758
802
841
856
851
839
822
795
766
753
740
693
601
513
476
474
434
316
169
82
72
60
-21
-146
-225
-235
-254
-340
-444
-482
-465
-491
-587
-664
-648
-595
-613
-687
-712
-649
-587
-601
-640
-616
-543
-505
-520
-514
-436
-341
-297
-291
-263
-196
-126
-75
-26
32
83
113
134
167
211
254
293
328
350
361
376
403
424
415
384
366
374
386
374
352
341
341
325
281
233
204
189
170
144
124
111
87
46
6
-13
-21
-35
-58
-70
-71
-83
-126
-174
-193
-185
-183
-211
-245
-247
-219
-198
-212
-244
-253
-224
-189
-180
-195
-197
-169
-129
-106
-94
-71
-39
-33
-60
-88
-79
-46
-29
-38
-47
-37
-32
-54
-84
-87
-61
-41
-40
-38
-16
8
5
-17
-20
9
45
55
55
72
109
130
114
81
66
81
103
125
141
145
130
107
108
138
169
175
169
179
201
201
175
160
180
204
188
146
131
158
183
171
148
158
193
198
157
111
102
110
103
77
60
61
66
63
60
57
36
-4
-28
-7
26
10
-61
-131
-153
-142
-145
-166
-176
-160
-145
-156
-176
-178
-163
-157
-167
-173
-154
-126
-113
-124
-140
-140
-132
-129
-139
-151
-151
-136
-119
-115
-119
-119
-108
-93
-98
-118
-130
-111
-67
-28
-5
11
26
29
12
-5
16
63
91
77
63
90
139
153
114
74
86
127
145
132
130
162
190
173
138
144
193
225
201
163
176
235
271
245
189
154
144
129
106
105
133
153
126
69
28
22
25
3
-40
-68
-62
-48
-57
-91
-124
-144
-159
-180
-196
-190
-169
-160
-176
-197
-196
-169
-142
-137
-149
-153
-140
-119
-109
-116
-127
-127
-119
-114
-116
-110
-78
-34
-4
3
6
22
46
60
63
71
92
112
118
126
151
183
198
186
157
132
119
111
108
110
120
136
149
150
132
100
75
67
69
67
60
53
49
33
13
7
18
19
-20
-80
-123
-131
-127
-136
-146
-138
-122
-126
-151
-169
-165
-156
-158
-159
-142
-119
-122
-156
-188
-192
-181
-181
-194
-191
-167
-140
-134
-143
-145
-134
-119
-113
-113
-101
-70
-37
-14
-9
-7
4
26
48
63
82
116
158
185
185
179
193
224
243
236
229
263
327
367
353
321
322
354
363
326
290
304
344
347
306
275
287
288
230
155
146
195
202
116
21
15
72
78
-2
-80
-84
-61
-90
-160
-188
-166
-163
-222
-284
-291
-275
-306
-372
-392
-342
-294
-309
-355
-367
-345
-332
-337
-324
-279
-239
-235
-242
-229
-203
-186
-172
-139
-90
-66
-82
-106
-102
-71
-34
3
51
108
148
153
140
137
155
177
194
207
219
218
199
175
170
186
197
182
155
146
166
191
193
170
137
102
67
36
24
29
34
29
14
-2
-19
-41
-54
-43
-15
9
6
-14
-34
-46
-57
-71
-82
-82
-72
-57
-47
-42
-36
-31
-27
-28
-28
-26
-27
-34
-34
-20
0
9
6
11
32
57
63
53
47
59
70
67
54
52
65
81
85
78
64
46
29
25
42
66
78
70
52
43
44
51
60
71
85
94
95
84
66
44
30
30
41
38
3
-51
-79
-54
-16
-38
-125
-207
-205
-142
-114
-169
-238
-237
-187
-187
-257
-302
-249
-170
-176
-253
-275
-197
-127
-163
-238
-228
-134
-86
-137
-187
-134
-27
16
-12
-18
42
103
113
113
159
221
225
176
157
208
266
272
245
244
277
302
304
309
333
346
332
314
318
331
314
272
244
247
254
239
211
195
188
160
114
75
57
38
-4
-49
-67
-61
-63
-94
-136
-169
-192
-218
-243
-252
-244
-241
-254
-273
-284
-292
-314
-346
-361
-339
-295
-267
-276
-301
-309
-289
-259
-236
-211
-170
-118
-82
-73
-77
-71
-55
-40
-22
11
57
93
96
80
79
105
144
167
173
181
197
218
234
246
260
272
268
238
203
185
193
205
203
188
176
169
155
132
113
108
106
89
63
48
47
43
25
3
-5
-7
-34
-82
-121
-125
-110
-108
-127
-146
-149
-147
-152
-154
-142
-119
-106
-111
-115
-113
-111
-121
-129
-120
-99
-87
-90
-92
-74
-43
-19
-9
-9
-8
-8
-7
1
19
43
62
72
81
96
116
131
135
133
134
139
140
133
119
101
77
51
35
38
53
56
48
41
45
47
26
-8
-25
-15
9
14
-3
-25
-42
-65
-90
-101
-85
-61
-53
-69
-84
-78
-60
-52
-56
-60
-53
-41
-36
-36
-33
-27
-23
-24
-20
-8
5
5
-5
-4
16
41
52
41
26
30
44
56
60
60
61
54
38
25
32
55
74
73
61
53
49
41
24
11
9
12
8
-3
-12
-10
-8
-12
-20
-23
-23
-30
-41
-47
-44
-37
-40
-53
-62
-61
-54
-45
-40
-35
-30
-30
-37
-44
-47
-48
-47
-41
-27
-8
4
6
2
5
14
26
38
41
39
32
26
26
31
34
32
30
34
37
39
40
47
53
52
40
26
19
19
15
7
2
7
15
19
16
13
11
9
3
-4
-5
1
2
-2
-9
-10
-6
0
3
6
12
16
12
2
-7
-6
1
11
17
20
18
8
-2
-7
-2
7
8
3
-5
-7
-7
-7
-5
0
6
8
0
-8
-10
-2
7
12
18
22
27
28
25
27
33
43
52
59
62
60
51
38
27
23
21
21
21
27
36
39
35
27
20
16
13
18
29
41
47
39
24
15
11
12
17
28
40
44
35
24
20
23
28
32
38
44
43
33
20
15
18
24
29
30
32
33
34
32
31
30
23
13
9
13
24
31
25
13
0
-10
-18
-23
-27
-30
-35
-38
-39
-35
-28
-21
-16
-17
-21
-19
-7
7
9
0
-12
-16
-15
-14
-10
1
11
9
-7
-20
-19
-10
-4
-4
-3
0
1
-2
-5
-6
-11
-22
-40
-51
-43
-21
-1
7
4
0
-2
-7
-15
-21
-14
2
15
15
10
11
20
33
44
52
57
59
56
57
61
66
67
65
68
69
66
57
50
54
63
70
73
71
64
55
48
40
34
23
16
14
17
17
8
0
-6
-9
-18
-27
-28
-20
-11
-10
-21
-33
-46
-53
-55
-51
-43
-36
-37
-48
-62
-66
-59
-47
-38
-33
-27
-20
-19
-23
-25
-19
-10
-5
-4
-1
4
3
-4
-8
-1
14
23
19
11
12
20
25
28
32
39
41
38
40
50
61
58
37
21
20
33
45
51
54
56
48
34
17
7
9
22
39
55
62
61
54
42
30
26
32
44
49
44
35
28
21
11
4
6
11
10
-1
-13
-15
-10
-3
1
9
17
13
-3
-17
-22
-22
-29
-36
-31
-17
-9
-18
-32
-37
-36
-40
-44
-36
-14
0
-7
-22
-22
-5
9
13
17
26
31
21
5
-3
2
8
11
12
20
34
44
45
39
30
26
28
37
49
55
54
50
55
63
68
64
50
35
23
22
27
39
54
62
60
49
36
28
28
31
32
34
36
37
31
21
18
25
39
46
38
19
-2
-19
-27
-28
-25
-20
-13
-6
-5
-10
-22
-35
-43
-44
-37
-23
-10
-3
-4
-8
-6
5
21
36
48
52
51
50
50
48
43
34
27
27
29
28
27
27
32
35
34
33
30
26
22
21
23
26
22
7
-9
-19
-19
-14
-12
-10
-6
-4
-5
-6
-2
7
17
24
26
25
23
22
22
25
27
30
34
37
36
29
21
20
22
21
17
15
21
31
32
27
18
11
6
1
-4
-8
-6
-3
-4
-9
-20
-27
-27
-19
-9
1
15
27
37
44
49
59
75
85
85
70
52
35
23
17
16
18
21
24
28
40
52
56
46
24
4
-7
-9
-2
8
15
14
8
6
13
22
26
19
8
-2
-11
-20
-31
-35
-23
8
46
76
84
76
61
52
48
45
42
42
48
58
66
72
69
53
22
-7
-17
-11
-11
-36
-69
-85
-83
-85
-100
-110
-96
-78
-87
-114
-121
-93
-64
-68
-86
-86
-66
-61
-76
-77
-35
19
36
11
-10
0
22
31
33
47
66
62
33
12
23
42
37
14
5
25
43
39
29
34
48
50
40
37
49
64
68
69
80
95
96
82
70
73
82
83
77
78
82
79
61
43
42
51
52
34
11
-2
-14
-36
-59
-64
-47
-28
-26
-35
-45
-53
-67
-81
-83
-79
-80
-91
-95
-78
-53
-40
-40
-43
-39
-37
-42
-42
-33
-15
-6
-12
-26
-37
-41
-37
-25
-5
16
28
23
5
-10
-16
-11
-7
-2
4
11
9
-2
-12
-12
-1
13
25
33
39
41
43
46
54
66
76
83
89
90
86
78
68
60
49
37
25
20
28
36
36
22
0
-20
-36
-50
-58
-56
-46
-40
-39
-44
-51
-59
-63
-60
-46
-35
-32
-31
-24
-11
-1
2
5
15
25
28
20
11
9
12
12
9
9
14
25
37
44
44
41
35
26
14
3
3
13
21
17
6
0
5
10
9
0
-3
-3
-5
-8
-9
-7
-4
-7
-10
-10
-9
-4
2
5
6
2
-1
-5
-9
-14
-17
-13
-5
0
-5
-8
-5
2
8
11
13
13
8
1
-2
0
3
5
2
-2
-3
1
8
16
19
21
20
21
23
27
34
42
48
53
56
61
62
58
55
52
49
43
32
23
17
7
-4
-15
-17
-13
-9
-6
-5
-5
-10
-18
-21
-16
-4
8
11
7
2
-2
-6
-8
-9
-7
-5
-5
-3
0
5
11
18
28
36
39
36
31
27
24
17
11
6
8
11
13
14
18
21
22
20
18
23
28
32
34
35
34
36
38
37
31
25
26
35
46
52
49
41
34
28
22
18
21
29
39
49
56
63
66
61
44
16
-13
-28
-26
-17
-11
-10
-13
-18
-28
-41
-49
-43
-28
-16
-14
-18
-25
-32
-36
-32
-21
-9
-2
-5
-7
-7
-9
-13
-20
-20
-12
-2
7
17
27
39
42
37
30
28
31
34
33
29
24
21
21
21
20
16
10
8
12
21
26
25
21
18
16
15
13
11
6
1
-1
0
3
4
7
10
11
7
0
-5
-8
-11
-14
-16
-14
-8
-1
3
3
1
-3
-7
-6
-2
4
5
2
-7
-17
-20
-14
0
13
21
18
12
6
2
2
10
21
31
32
30
27
28
26
18
10
12
22
31
34
34
36
37
34
22
11
4
2
5
3
0
-3
-3
3
9
13
14
14
9
-1
-12
-19
-17
-8
3
12
11
7
-1
-4
0
9
21
28
25
15
5
3
8
18
26
32
35
36
38
46
61
73
75
62
42
29
26
27
23
13
8
14
19
12
-7
-22
-19
-7
-2
-4
-1
11
21
17
5
-2
0
-5
-17
-23
-10
11
21
15
9
12
14
2
-18
-32
-33
-32
-33
-33
-25
-14
-5
-3
-1
2
2
-4
-10
-9
0
10
19
19
17
15
16
23
32
39
38
29
16
4
-4
-10
-7
0
9
14
12
5
-3
-6
-7
-10
-13
-16
-17
-18
-21
-19
-13
-4
3
6
8
12
14
13
6
2
3
7
11
17
25
32
33
29
24
18
15
13
15
20
25
29
32
32
24
14
9
11
16
18
17
14
9
5
0
-1
1
0
-3
-10
-14
-14
-9
0
11
22
35
45
53
54
54
53
47
40
33
33
36
42
44
39
27
13
3
1
7
18
28
31
26
12
1
-1
9
21
27
26
23
21
18
14
10
5
-2
-11
-17
-16
-9
-5
-6
-8
-2
10
23
27
25
23
24
27
30
30
28
26
25
25
24
22
18
12
6
8
18
32
43
48
50
48
48
50
52
55
57
58
55
50
42
34
32
32
33
31
32
31
25
16
9
7
9
10
3
-7
-13
-11
-4
-1
-3
-10
-20
-38
-58
-71
-71
-63
-56
-53
-54
-56
-57
-55
-45
-31
-16
-5
2
3
1
0
1
2
3
4
9
17
23
24
24
29
38
44
46
49
56
62
62
56
46
36
25
20
25
31
31
23
12
9
13
20
24
26
26
28
31
31
25
21
17
12
1
-12
-19
-16
-10
-8
-8
-7
-10
-18
-31
-42
-45
-38
-29
-18
-10
-5
-4
-3
-2
3
11
16
17
17
15
12
6
2
1
9
18
23
23
21
22
21
13
-1
-11
-10
1
11
16
14
8
-1
-7
-5
0
5
13
24
33
34
30
26
32
39
40
35
29
25
22
20
22
26
24
17
6
2
7
14
16
10
-2
-12
-11
0
15
27
30
27
23
22
26
30
29
25
15
5
0
6
21
40
54
60
59
52
43
32
25
21
21
20
17
11
2
-1
2
9
15
17
13
7
0
-3
1
11
23
22
7
-14
-31
-36
-31
-18
-6
-1
-2
-9
-16
-16
-14
-5
4
9
11
7
1
-5
-10
-12
-10
-6
-5
-1
4
14
17
12
4
2
4
7
8
6
3
-1
-6
-7
0
13
22
22
13
-1
-12
-19
-18
-9
3
10
10
4
1
-1
-1
0
4
13
22
26
27
29
30
25
9
-8
-16
-15
-6
4
10
11
6
3
5
10
9
3
-5
-8
-8
-4
-1
4
11
14
12
7
6
5
6
4
0
-5
-8
-12
-16
-15
-8
4
12
11
5
-3
-9
-11
-7
1
14
24
30
34
38
39
40
38
35
34
34
39
49
59
61
55
40
26
18
20
29
37
41
39
36
32
25
19
21
28
37
39
33
24
16
13
12
12
10
7
-3
-15
-25
-27
-19
-7
4
7
3
-6
-17
-26
-25
-13
5
16
12
0
-12
-16
-11
1
13
20
18
10
6
13
26
35
36
25
12
1
-1
5
15
20
24
23
21
16
9
6
11
24
35
41
40
40
38
35
31
26
24
19
12
7
8
11
16
17
14
8
-3
-6
0
14
29
34
30
19
5
-9
-14
-15
-11
-9
-8
-2
6
10
11
13
17
20
19
14
11
6
1
-1
4
11
14
11
4
1
5
12
15
12
5
-5
-11
-7
7
24
36
38
31
21
15
17
24
32
37
37
35
32
30
26
26
27
30
35
38
38
34
30
28
26
29
37
45
50
44
39
37
44
46
36
22
12
10
13
14
15
14
5
-13
-34
-44
-39
-29
-17
-12
-12
-19
-29
-36
-34
-27
-21
-20
-23
-30
-37
-38
-31
-16
0
10
10
7
6
6
6
6
7
9
12
20
33
43
42
28
11
2
6
14
21
18
14
11
11
16
24
33
40
41
34
22
8
-6
-19
-27
-24
-15
-2
6
4
-5
-14
-18
-21
-23
-25
-24
-21
-17
-14
-11
-5
2
5
4
2
2
4
5
4
2
0
-4
-9
-12
-7
4
20
33
41
36
25
12
4
4
11
19
28
36
39
36
30
21
14
8
5
8
15
24
27
25
23
23
26
30
31
28
22
16
8
6
6
7
5
1
-4
-7
-5
-1
-1
-6
-14
-23
-29
-28
-21
-8
8
22
25
18
7
-1
-3
-1
4
14
21
25
25
24
26
27
22
17
14
18
26
32
33
28
20
14
13
21
32
41
47
46
38
31
30
42
60
73
76
73
67
61
49
35
22
13
10
11
12
12
9
3
-2
-8
-10
-6
0
8
13
15
13
6
-1
0
7
14
17
16
15
9
-5
-19
-27
-26
-25
-19
-7
8
15
8
-3
-7
-6
-4
-5
-2
5
11
10
7
7
11
16
18
19
19
18
20
25
33
34
28
22
20
26
36
45
51
52
48
40
31
23
22
28
35
38
33
22
11
4
-2
-2
4
11
17
17
9
1
-4
-3
1
6
7
7
8
11
15
14
5
-2
-3
9
23
32
36
35
34
32
30
27
26
26
25
23
21
15
5
-4
-5
0
5
4
2
-1
-3
-7
-9
-7
-3
0
-1
-3
0
6
8
6
6
12
22
30
34
36
37
34
26
16
13
18
27
34
37
40
38
29
14
1
-2
-2
-1
-2
2
11
20
25
26
24
18
12
6
11
20
31
34
27
14
5
1
5
14
22
25
21
17
13
13
17
24
30
36
39
39
37
36
36
35
28
17
5
-1
-1
5
8
5
-3
-14
-22
-26
-25
-18
-5
4
4
-1
-5
-3
1
4
4
3
-1
-3
-3
2
8
12
14
13
11
5
1
4
10
12
8
1
-3
2
7
10
6
-4
-19
-31
-36
-29
-14
4
12
15
18
27
38
47
52
55
58
61
61
64
69
71
66
53
38
28
25
24
27
31
35
37
36
37
43
51
55
50
39
29
22
16
11
2
-9
-19
-23
-20
-16
-12
-11
-11
-15
-20
-24
-27
-24
-17
-6
1
3
1
-6
-10
-11
-7
-1
9
18
25
23
17
14
17
25
33
33
31
27
23
19
16
20
26
32
32
24
15
12
17
29
36
35
26
13
6
2
2
8
18
29
35
37
36
35
35
36
35
34
29
27
21
12
-2
-15
-21
-15
-6
2
5
10
14
19
22
24
26
25
24
22
20
18
14
11
13
20
24
25
25
25
21
11
2
1
10
25
38
39
28
10
-1
-3
5
11
12
6
-5
-16
-21
-18
-10
3
14
18
13
2
-7
-7
-2
3
4
3
4
5
9
12
13
11
5
0
4
18
33
41
42
41
40
37
34
31
29
27
20
11
0
-9
-14
-12
-4
5
12
15
15
15
15
18
22
26
27
26
27
31
30
27
22
27
41
52
56
48
32
15
-2
-10
-6
12
32
42
34
16
3
0
9
20
31
39
40
36
