-15
3
20
30
34
37
42
51
57
52
33
7
-17
-37
-54
-65
-66
-51
-29
-15
-8
-5
1
2
-3
-7
-7
1
12
23
38
56
70
76
79
88
106
127
145
166
187
206
212
210
206
205
205
203
205
210
219
223
214
194
168
147
128
116
105
92
79
69
60
51
34
5
-28
-53
-70
-85
-108
-135
-154
-165
-176
-195
-215
-225
-222
-208
-191
-178
-173
-180
-194
-203
-203
-193
-181
-168
-152
-134
-114
-93
-78
-72
-72
-67
-51
-32
-25
-27
-22
-3
25
48
61
65
73
86
101
113
114
105
95
87
83
79
82
98
115
113
90
59
38
32
33
30
26
22
16
6
-8
-15
-18
-20
-23
-27
-29
-28
-22
-9
6
16
16
6
-4
-2
12
30
38
33
20
6
-7
-17
-18
-9
10
29
42
46
37
24
10
5
12
34
65
89
98
95
92
100
111
116
116
119
124
128
131
133
136
132
115
93
75
67
72
80
86
79
59
38
28
28
28
21
13
12
14
11
0
-14
-26
-35
-41
-43
-43
-46
-56
-73
-93
-106
-111
-105
-95
-84
-74
-65
-59
-61
-65
-64
-56
-48
-50
-61
-73
-84
-92
-97
-90
-70
-40
-10
19
42
57
60
52
42
38
42
48
54
55
52
46
39
36
37
40
46
49
52
54
54
51
47
43
43
39
27
12
8
17
30
29
11
-17
-47
-80
-119
-152
-171
-172
-167
-169
-178
-186
-185
-181
-184
-193
-194
-182
-172
-174
-178
-170
-151
-134
-130
-132
-130
-121
-109
-98
-86
-74
-64
-58
-53
-44
-29
-5
27
63
94
123
155
188
212
225
237
258
281
296
296
289
285
283
279
271
267
269
270
263
246
229
220
208
184
147
112
94
89
83
72
59
49
35
18
9
10
16
15
0
-21
-41
-59
-72
-84
-99
-119
-134
-140
-135
-132
-141
-156
-168
-169
-159
-142
-124
-107
-97
-101
-119
-142
-153
-144
-120
-102
-98
-100
-94
-77
-63
-62
-67
-67
-60
-48
-38
-29
-19
-10
-7
-11
-11
-7
5
21
39
61
88
113
128
132
131
124
121
118
119
121
125
125
122
110
94
81
77
77
71
56
41
38
49
63
68
62
52
40
21
-6
-36
-65
-90
-111
-128
-138
-137
-128
-114
-101
-91
-85
-85
-93
-107
-122
-132
-133
-128
-113
-96
-79
-72
-74
-70
-53
-28
-7
-1
-1
0
6
19
33
41
41
36
33
38
53
67
72
68
61
56
58
73
91
102
99
89
84
93
107
119
128
132
133
132
124
110
93
73
52
36
27
23
10
-12
-33
-45
-43
-32
-14
10
28
29
11
-13
-29
-41
-55
-71
-84
-88
-87
-91
-96
-103
-111
-121
-132
-141
-151
-162
-177
-183
-170
-141
-108
-86
-77
-72
-65
-62
-70
-80
-80
-63
-35
-3
33
66
87
93
86
81
81
88
99
113
130
146
159
175
192
205
205
195
189
193
202
206
204
197
194
190
187
179
162
130
91
56
34
26
25
24
16
-1
-22
-42
-57
-65
-69
-71
-72
-69
-65
-67
-72
-81
-89
-98
-105
-109
-107
-106
-112
-125
-135
-131
-116
-97
-81
-66
-51
-42
-40
-37
-29
-20
-19
-30
-41
-42
-30
-10
6
15
10
-2
-17
-32
-42
-48
-42
-27
-10
-1
1
-1
5
14
23
26
30
36
41
42
44
53
69
81
76
62
48
41
38
34
27
17
6
-6
-17
-26
-31
-31
-27
-27
-31
-37
-38
-32
-29
-34
-43
-45
-38
-35
-44
-62
-80
-87
-83
-70
-50
-27
-5
12
24
31
33
33
36
46
61
84
111
143
180
212
234
249
263
275
280
271
254
246
254
269
279
273
257
236
217
198
177
153
131
112
88
47
-15
-86
-164
-238
-303
-339
-344
-335
-335
-357
-381
-391
-377
-347
-323
-321
-349
-389
-415
-412
-383
-342
-299
-261
-236
-225
-220
-200
-166
-122
-73
-17
51
125
194
252
289
299
283
263
252
248
243
241
261
304
350
380
397
415
424
408
367
327
304
281
235
172
122
104
105
99
81
56
23
-20
-64
-87
-83
-75
-86
-119
-147
-150
-130
-99
-75
-75
-109
-169
-227
-257
-258
-247
-240
-240
-240
-239
-235
-228
-217
-202
-178
-146
-112
-87
-74
-71
-64
-54
-44
-39
-35
-34
-27
-17
-2
10
8
-7
-21
-14
16
58
88
96
87
64
40
30
41
66
93
113
123
121
106
81
58
47
44
42
29
13
10
28
60
94
116
126
122
114
104
90
66
31
-10
-42
-57
-53
-32
-5
16
17
3
-12
-17
-14
-14
-21
-32
-35
-26
-5
20
48
68
68
33
-29
-95
-131
-119
-70
-9
40
71
84
94
117
154
186
193
164
122
90
82
95
119
148
173
184
176
153
116
66
13
-26
-45
-47
-47
-47
-39
-23
-5
0
-11
-32
-59
-89
-124
-163
-193
-203
-193
-178
-164
-150
-132
-113
-101
-97
-89
-77
-75
-94
-113
-105
-61
-12
18
26
24
20
21
32
56
80
83
61
28
2
-18
-40
-60
-58
-28
16
56
82
90
75
51
40
59
104
149
172
162
125
72
26
10
26
52
53
21
-40
-112
-179
-233
-264
-265
-241
-208
-183
-175
-174
-169
-163
-165
-188
-227
-274
-306
-312
-291
-248
-200
-164
-148
-150
-154
-147
-125
-97
-70
-39
0
43
87
134
192
259
320
354
364
362
360
355
347
339
336
330
321
324
355
407
454
477
474
456
428
396
370
350
335
321
317
333
347
331
282
222
164
107
47
0
-17
-11
-15
-36
-61
-84
-122
-194
-283
-349
-374
-372
-365
-350
-319
-278
-254
-263
-301
-351
-398
-430
-433
-397
-334
-262
-191
-126
-69
-23
8
30
46
56
49
27
-4
-28
-30
-6
39
86
117
121
105
86
85
101
123
133
123
100
80
67
49
18
-16
-36
-48
-70
-110
-159
-195
-213
-219
-214
-201
-189
-189
-203
-216
-219
-216
-212
-209
-203
-200
-212
-234
-238
-202
-129
-50
5
34
47
51
49
49
60
75
70
34
-8
-23
6
58
107
144
179
212
232
218
171
114
76
77
108
151
184
198
191
169
143
120
100
85
92
137
224
324
394
413
391
360
331
307
293
296
316
337
343
330
311
306
321
354
396
425
433
409
359
294
229
173
132
104
87
78
72
55
19
-37
-92
-131
-150
-163
-189
-233
-280
-320
-359
-414
-497
-599
-698
-770
-812
-834
-847
-852
-850
-842
-838
-839
-838
-825
-797
-758
-709
-651
-595
-551
-524
-498
-456
-391
-317
-241
-160
-70
28
130
246
363
452
484
464
432
425
448
494
558
632
696
724
716
700
695
693
675
651
635
618
581
513
435
362
300
244
201
177
163
132
78
17
-34
-61
-70
-64
-48
-37
-35
-48
-70
-99
-123
-128
-112
-86
-70
-73
-80
-74
-46
5
66
124
167
191
199
194
171
143
126
131
148
158
163
175
197
206
182
132
81
48
35
34
29
10
-26
-64
-87
-91
-90
-97
-125
-182
-265
-364
-453
-511
-523
-502
-475
-468
-486
-518
-544
-556
-559
-561
-571
-596
-626
-641
-619
-561
-496
-440
-393
-350
-315
-297
-284
-252
-192
-137
-116
-138
-170
-185
-171
-138
-93
-44
6
53
92
120
142
168
209
267
324
361
363
338
299
260
228
204
195
202
224
245
265
287
328
384
436
473
499
526
555
579
601
634
683
738
788
826
863
904
947
976
973
931
862
796
745
710
673
621
551
461
357
256
171
93
1
-106
-202
-253
-255
-237
-233
-256
-295
-343
-396
-449
-510
-581
-655
-708
-724
-708
-681
-659
-642
-638
-657
-698
-729
-718
-665
-606
-562
-534
-510
-493
-487
-489
-481
-448
-383
-297
-212
-154
-134
-130
-118
-82
-36
13
43
38
-14
-96
-181
-244
-288
-316
-327
-322
-318
-328
-348
-363
-363
-343
-314
-283
-265
-269
-284
-285
-258
-209
-145
-64
35
142
242
334
424
515
588
624
638
656
693
747
819
905
995
1062
1086
1073
1045
1017
982
931
869
808
749
692
632
571
488
364
210
70
-23
-76
-127
-201
-284
-348
-375
-371
-363
-374
-418
-485
-559
-623
-663
-673
-661
-644
-624
-585
-517
-437
-375
-337
-305
-267
-238
-245
-288
-344
-393
-421
-426
-403
-353
-286
-208
-125
-49
10
37
35
11
-12
-14
23
84
134
152
147
139
138
145
159
181
207
226
238
245
250
250
249
255
270
291
316
342
367
387
398
401
406
425
462
518
571
604
608
588
553
511
470
436
399
341
259
178
128
116
118
107
88
70
51
20
-22
-55
-67
-74
-100
-141
-183
-213
-241
-274
-300
-297
-267
-227
-204
-205
-230
-269
-312
-348
-365
-365
-356
-351
-362
-395
-441
-488
-534
-581
-640
-698
-741
-762
-764
-758
-743
-703
-634
-544
-465
-419
-402
-395
-386
-374
-361
-337
-296
-251
-215
-179
-116
0
156
316
449
546
619
689
761
831
882
913
935
950
937
876
773
665
579
513
444
357
264
183
121
80
57
45
30
0
-44
-87
-128
-172
-218
-252
-256
-239
-220
-214
-222
-229
-228
-212
-187
-156
-122
-83
-40
6
53
106
164
215
244
245
225
196
161
113
56
1
-42
-74
-105
-145
-198
-270
-360
-448
-510
-527
-502
-456
-407
-362
-319
-294
-301
-340
-391
-424
-426
-403
-354
-281
-187
-87
12
117
228
342
445
538
628
716
787
821
804
737
608
412
165
-85
-281
-395
-434
-422
-378
-307
-214
-103
26
180
360
548
716
841
910
915
861
763
645
519
380
227
81
-25
-79
-92
-86
-60
-14
43
91
123
148
163
141
56
-87
-259
-427
-575
-698
-783
-815
-788
-713
-603
-472
-329
-181
-46
70
167
263
361
442
480
476
458
466
505
554
591
611
622
633
658
707
774
838
885
908
897
839
729
581
413
220
-14
-282
-543
-749
-887
-975
-1028
-1048
-1036
-999
-950
-886
-793
-663
-519
-398
-314
-261
-221
-196
-194
-216
-246
-278
-314
-354
-384
-391
-384
-374
-361
-329
-280
-226
-174
-120
-70
-50
-83
-162
-259
-360
-455
-533
-559
-511
-390
-209
23
296
590
870
1124
1355
1568
1748
1874
1939
1941
1872
1726
1524
1318
1130
925
656
335
36
-183
-318
-403
-459
-508
-573
-669
-785
-912
-1065
-1255
-1448
-1601
-1715
-1829
-1951
-2027
-2002
-1884
-1707
-1479
-1205
-923
-692
-521
-370
-209
-56
63
143
192
208
185
145
118
118
141
179
233
301
382
476
583
692
795
884
937
920
818
680
576
522
483
422
357
328
351
417
504
600
688
767
846
917
949
923
865
823
803
773
721
663
622
597
566
529
489
440
379
319
282
260
225
156
49
-81
-232
-381
-503
-589
-650
-688
-697
-674
-640
-608
-573
-517
-446
-381
-336
-310
-301
-320
-375
-459
-561
-671
-785
-894
-987
-1053
-1086
-1083
-1046
-983
-912
-860
-842
-857
-877
-881
-865
-845
-820
-769
-663
-504
-308
-87
153
405
651
873
1063
1217
1321
1361
1338
1269
1167
1022
812
541
252
-8
-221
-405
-578
-735
-850
-910
-924
-906
-863
-794
-709
-619
-535
-451
-358
-255
-148
-30
125
329
554
758
930
1109
1315
1530
1710
1845
1958
2053
2103
2090
2032
1953
1854
1725
1578
1429
1274
1089
872
662
488
343
188
0
-204
-394
-553
-686
-815
-958
-1108
-1229
-1287
-1282
-1244
-1193
-1119
-1013
-883
-755
-634
-515
-403
-324
-290
-278
-254
-211
-173
-156
-149
-130
-103
-87
-83
-69
-24
40
106
151
167
157
129
90
41
-34
-143
-278
-418
-543
-642
-714
-746
-729
-665
-573
-488
-438
-429
-433
-423
-399
-381
-384
-400
-422
-446
-468
-454
-381
-254
-101
68
270
513
768
996
1191
1365
1514
1613
1633
1577
1458
1286
1057
784
494
199
-102
-405
-689
-921
-1082
-1179
-1220
-1206
-1141
-1030
-900
-776
-678
-602
-525
-420
-278
-113
53
222
413
634
876
1125
1373
1612
1818
1965
2050
2090
2097
2062
1976
1844
1674
1463
1211
936
675
457
276
117
-29
-157
-266
-351
-414
-464
-523
-609
-724
-852
-981
-1118
-1266
-1407
-1514
-1582
-1634
-1671
-1674
-1621
-1516
-1384
-1227
-1038
-840
-689
-613
-576
-518
-435
-369
-335
-309
-277
-266
-291
-317
-295
-232
-171
-121
-41
86
220
299
312
289
255
204
122
5
-142
-297
-432
-522
-581
-636
-685
-700
-659
-576
-478
-376
-267
-168
-102
-75
-71
-79
-108
-163
-222
-248
-231
-179
-112
-15
134
353
637
968
1326
1692
2045
2364
2639
2865
3025
3100
3071
2943
2730
2458
2163
1874
1592
1290
957
629
356
149
-33
-243
-487
-733
-947
-1125
-1277
-1431
-1603
-1788
-1958
-2086
-2170
-2215
-2216
-2159
-2033
-1835
-1572
-1258
-917
-575
-236
108
446
735
934
1044
1098
1110
1078
1004
920
862
829
798
760
728
715
708
680
617
531
433
325
185
1
-221
-448
-650
-815
-951
-1069
-1165
-1215
-1193
-1097
-953
-798
-649
-498
-345
-223
-155
-122
-77
-2
57
66
54
82
158
234
274
319
422
565
683
735
744
743
724
662
557
428
291
142
-19
-197
-399
-618
-824
-979
-1077
-1137
-1177
-1204
-1214
-1223
-1245
-1290
-1356
-1437
-1515
-1563
-1558
-1495
-1373
-1183
-907
-534
-77
442
992
1541
2065
2547
2965
3298
3530
3660
3675
3547
3275
2895
2475
2045
1596
1131
686
304
7
-216
-390
-542
-691
-836
-956
-1059
-1189
-1375
-1588
-1785
-1955
-2117
-2266
-2355
-2358
-2293
-2173
-1975
-1674
-1293
-884
-469
-39
392
780
1091
1321
1489
1598
1638
1614
1541
1442
1336
1246
1187
1150
1119
1082
1042
1005
963
909
829
706
518
269
-19
-316
-603
-872
-1116
-1315
-1452
-1528
-1540
-1477
-1317
-1067
-775
-501
-265
-46
161
317
377
348
286
240
216
196
172
150
134
119
118
155
238
337
397
386
320
234
132
-26
-278
-593
-899
-1155
-1376
-1586
-1768
-1878
-1905
-1888
-1855
-1786
-1660
-1487
-1310
-1154
-1013
-885
-779
-687
-571
-397
-168
101
417
818
1316
1876
2440
2979
3482
3915
4219
4368
4384
4299
4112
3814
3412
2930
2388
1814
1249
716
196
-319
-778
-1102
-1287
-1408
-1539
-1677
-1799
-1930
-2103
-2302
-2481
-2630
-2776
-2912
-2968
-2888
-2684
-2403
-2085
-1728
-1327
-880
-406
70
515
914
1259
1530
1703
1771
1773
1752
1716
1647
1537
1412
1308
1241
1200
1167
1135
1106
1072
1005
886
721
523
279
-47
-448
-857
-1188
-1427
-1622
-1799
-1916
-1909
-1772
-1556
-1300
-1004
-653
-274
70
330
517
667
782
811
715
529
329
177
94
94
188
355
528
664
768
873
974
1019
960
791
534
214
-157
-571
-1014
-1445
-1822
-2110
-2306
-2402
-2393
-2295
-2151
-1992
-1811
-1594
-1368
-1176
-1010
-822
-594
-362
-135
142
546
1071
1665
2284
2925
3578
4200
4753
5203
5505
5607
5487
5168
4678
4026
3221
2311
1366
457
-358
-1024
-1533
-1916
-2219
-2434
-2532
-2522
-2472
-2446
-2467
-2535
-2657
-2822
-2984
-3093
-3155
-3223
-3290
-3271
-3076
-2718
-2290
-1853
-1355
-730
0
728
1369
1907
2348
2651
2784
2777
2702
2577
2373
2111
1888
1771
1701
1566
1350
1179
1141
1170
1103
863
526
193
-136
-522
-973
-1416
-1796
-2133
-2450
-2685
-2739
-2576
-2246
-1799
-1244
-602
35
560
929
1177
1342
1424
1414
1318
1156
938
688
451
274
173
136
162
245
370
503
610
664
632
481
215
-121
-481
-849
-1242
-1655
-2032
-2312
-2475
-2553
-2578
-2541
-2421
-2247
-2093
-1996
-1921
-1820
-1695
-1574
-1448
-1275
-1034
-725
-296
328
1134
1997
2839
3727
4730
5721
6448
6807
6927
6944
6800
6349
5592
4665
3671
2623
1553
565
-260
-915
-1402
-1681
-1768
-1773
-1802
-1842
-1828
-1782
-1811
-1982
-2244
-2527
-2830
-3183
-3564
-3872
-3990
-3870
-3551
-3117
-2609
-1991
-1233
-394
408
1114
1738
2278
2673
2873
2890
2765
2517
2184
1866
1636
1477
1318
1139
991
923
942
1031
1137
1177
1074
832
511
140
-299
-786
-1227
-1555
-1787
-1967
-2090
-2125
-2065
-1912
-1639
-1236
-781
-394
-108
120
315
441
485
511
562
586
519
401
323
313
321
333
409
586
799
963
1044
1031
873
530
58
-422
-857
-1304
-1801
-2275
-2620
-2829
-2987
-3124
-3172
-3084
-2932
-2833
-2806
-2751
-2606
-2423
-2290
-2192
-2030
-1733
-1311
-789
-166
574
1427
2387
3428
4459
5347
6024
6535
6918
7094
6960
6545
5980
5311
4461
3412
2327
1401
660
11
-565
-981
-1197
-1305
-1402
-1487
-1511
-1505
-1565
-1736
-1962
-2177
-2397
-2676
-3029
-3382
-3626
-3701
-3613
-3402
-3082
-2642
-2083
-1438
-764
-114
482
1026
1531
1985
2331
2526
2601
2632
2659
2642
2531
2327
2081
1848
1680
1603
1568
1471
1271
1037
854
685
428
60
-331
-690
-1060
-1468
-1833
-2057
-2143
-2158
-2122
-2008
-1822
-1587
-1291
-906
-474
-93
190
401
563
649
657
650
660
635
531
410
384
463
559
617
653
688
684
613
493
344
135
-166
-524
-879
-1213
-1543
-1869
-2158
-2407
-2632
-2823
-2940
-2973
-2984
-3029
-3098
-3121
-3047
-2856
-2541
-2069
-1424
-635
232
1137
2092
3102
4112
5031
5813
6481
7034
7378
7408
7131
6651
6027
5232
4257
3204
2201
1275
389
-440
-1111
-1567
-1856
-2040
-2123
-2107
-2059
-2069
-2163
-2306
-2478
-2698
-2982
-3308
-3627
-3887
-4046
-4083
-4006
-3821
-3508
-3043
-2449
-1786
-1097
-400
279
911
1493
2029
2485
2803
2969
3042
3072
3053
2984
2916
2896
2876
2776
2589
2389
2208
1996
1715
1401
1086
734
279
-257
-776
-1209
-1562
-1871
-2151
-2382
-2538
-2591
-2545
-2419
-2212
-1901
-1476
-986
-531
-181
73
271
407
446
394
341
381
493
563
520
441
462
590
710
733
684
605
457
186
-161
-480
-749
-1035
-1375
-1722
-2034
-2328
-2609
-2820
-2911
-2934
-2974
-3020
-2983
-2834
-2657
-2517
-2371
-2139
-1812
-1412
-897
-202
648
1550
2478
3508
4639
5695
6475
6986
7360
7627
7652
7337
6762
6033
5134
4032
2830
1723
796
-15
-745
-1335
-1755
-2074
-2345
-2516
-2553
-2541
-2604
-2750
-2917
-3127
-3458
-3866
-4197
-4370
-4449
-4480
-4372
-4034
-3538
-3017
-2454
-1719
-802
119
877
1475
2002
2467
2792
2946
2978
2945
2856
2715
2563
2467
2455
2502
2552
2564
2526
2443
2308
2087
1743
1273
713
118
-481
-1075
-1658
-2198
-2657
-3006
-3222
-3271
-3126
-2814
-2411
-1981
-1539
-1084
-649
-274
40
327
592
792
897
938
952
927
837
722
678
758
923
1095
1231
1312
1313
1204
991
695
317
-150
-668
-1152
-1565
-1951
-2361
-2772
-3121
-3385
-3588
-3721
-3754
-3700
-3634
-3592
-3506
-3291
-2958
-2582
-2175
-1661
-981
-173
698
1647
2740
3951
5109
6033
6688
7162
7517
7689
7578
7184
6587
5841
4938
3879
2754
1670
677
-220
-978
-1518
-1817
-1960
-2057
-2172
-2309
-2469
-2677
-2948
-3274
-3627
-3978
-4290
-4521
-4634
-4615
-4462
-4178
-3775
-3269
-2658
-1930
-1103
-242
560
1244
1796
2222
2527
2718
2809
2814
2755
2677
2633
2644
2686
2722
2753
2799
2859
2885
2796
2531
2083
1513
904
293
-341
-1018
-1697
-2303
-2783
-3122
-3299
-3295
-3127
-2845
-2465
-1967
-1380
-818
-399
-125
92
287
415
443
428
466
592
768
960
1165
1390
1622
1838
2017
2148
2196
2124
1918
1608
1226
763
189
-472
-1130
-1698
-2190
-2663
-3099
-3395
-3494
-3491
-3537
-3672
-3794
-3815
-3756
-3678
-3573
-3366
-3011
-2540
-1988
-1317
-469
538
1599
2650
3756
4980
6195
7118
7596
7751
7763
7597
7067
6170
5158
4252
3390
2415
1362
442
-245
-802
-1310
-1692
-1836
-1812
-1814
-1934
-2114
-2294
-2527
-2906
-3416
-3937
-4341
-4591
-4707
-4691
-4521
-4189
-3712
-3103
-2356
-1499
-618
183
861
1424
1863
2139
2246
2260
2258
2259
2244
2240
2295
2406
2522
2617
2721
2837
2902
2856
2697
2428
1992
1345
562
-223
-957
-1691
-2432
-3062
-3457
-3607
-3572
-3373
-2994
-2488
-1973
-1514
-1080
-627
-200
131
327
390
316
132
-73
-183
-160
-34
172
461
810
1156
1458
1739
2016
2222
2259
2088
1750
1310
794
205
-437
-1101
-1731
-2272
-2698
-3035
-3306
-3471
-3472
-3334
-3184
-3125
-3140
-3166
-3181
-3177
-3099
-2868
-2486
-1999
-1386
-547
546
1761
2958
4164
5481
6846
7984
8652
8855
8756
8427
7768
6701
5341
3951
2728
1696
779
-55
-746
-1208
-1431
-1487
-1478
-1475
-1514
-1621
-1820
-2135
-2573
-3108
-3682
-4221
-4671
-5005
-5197
-5198
-4964
-4508
-3885
-3144
-2322
-1478
-709
-65
484
976
1372
1617
1735
1819
1917
1995
2028
2081
2241
2508
2805
3060
3233
3285
3193
2982
2697
2335
1836
1164
357
-503
-1336
-2080
-2695
-3173
-3519
-3713
-3725
-3572
-3324
-3003
-2569
-2034
-1511
-1124
-857
-606
-358
-214
-220
-273
-251
-169
-125
-123
-24
292
792
1331
1801
2192
2525
2758
2800
2612
2255
1809
1292
680
10
-626
-1173
-1651
-2081
-2421
-2629
-2745
-2834
-2906
-2931
-2927
-2950
-3023
-3090
-3093
-3008
-2806
-2421
-1790
-916
138
1295
2515
3804
5152
6457
7513
8151
8367
8284
7959
7319
6338
5164
4003
2917
1859
844
-15
-644
-1077
-1335
-1361
-1173
-964
-949
-1125
-1352
-1599
-2009
-2669
-3445
-4119
-4614
-4988
-5254
-5313
-5101
-4668
-4101
-3407
-2563
-1628
-731
31
659
1192
1618
1889
2001
2009
1978
1938
1911
1945
2102
2398
2760
3079
3266
3319
3291
3213
3027
2625
1967
1146
303
-504
-1321
-2158
-2916
-3466
-3765
-3847
-3725
-3404
-2938
-2432
-1939
-1426
-897
-472
-290
-346
-513
-706
-934
-1199
-1407
-1439
-1284
-1004
-624
-104
552
1239
1829
2285
2638
2880
2929
2730
2316
1760
1085
286
-562
-1308
-1842
-2193
-2469
-2709
-2869
-2903
-2848
-2783
-2747
-2719
-2690
-2672
-2687
-2716
-2688
-2507
-2089
-1403
-484
602
1809
3131
4553
5977
7209
8058
8454
8472
8219
7699
6852
5695
4398
3162
2078
1129
318
-299
-683
-844
-824
-686
-523
-456
-559
-829
-1231
-1740
-2328
-2947
-3565
-4165
-4703
-5077
-5204
-5076
-4736
-4214
-3532
-2752
-1937
-1110
-288
454
1013
1371
1590
1713
1718
1608
1491
1495
1641
1857
2096
2392
2776
3191
3520
3671
3633
3452
3168
2775
2220
1470
553
-443
-1415
-2260
-2901
-3320
-3553
-3634
-3546
-3257
-2797
-2265
-1752
-1306
-957
-748
-691
-762
-928
-1182
-1500
-1792
-1953
-1967
-1878
-1684
-1312
-718
8
709
1292
1765
2136
2337
2274
1939
1429
857
253
-400
-1066
-1636
-2030
-2267
-2419
-2499
-2458
-2304
-2149
-2115
-2206
-2328
-2421
-2506
-2605
-2638
-2487
-2096
-1482
-653
396
1604
2845
4071
5351
6704
7907
8619
8704
8332
7729
6938
5889
4629
3342
2179
1163
294
-374
-795
-1024
-1149
-1194
-1124
-964
-852
-934
-1257
-1755
-2344
-2977
-3639
-4284
-4831
-5203
-5370
-5329
-5083
-4639
-4013
-3238
-2359
-1436
-554
207
807
1249
1541
1681
1689
1637
1602
1625
1713
1879
2145
2508
2930
3385
3843
4225
4403
4291
3926
3407
2754
1902
831
-332
-1376
-2161
-2687
-3025
-3230
-3312
-3248
-3000
-2556
-1980
-1406
-955
-649
-448
-355
-432
-712
-1116
-1500
-1778
-1950
-2032
-1991
-1762
-1305
-652
115
880
1550
2071
2427
2612
2593
2337
1842
1168
425
-282
-910
-1468
-1942
-2264
-2374
-2312
-2188
-2080
-1983
-1893
-1865
-1952
-2129
-2306
-2416
-2436
-2329
-2018
-1441
-591
494
1769
3193
4690
6118
7319
8188
8706
8866
8613
7931
6938
5836
4708
3485
2142
864
-85
-641
-968
-1213
-1300
-1104
-699
-357
-293
-505
-844
-1223
-1692
-2347
-3177
-4039
-4751
-5231
-5512
-5627
-5528
-5141
-4489
-3693
-2854
-2000
-1155
-404
164
546
815
1008
1093
1036
900
822
904
1124
1395
1692
2079
2581
3108
3504
3703
3733
3611
3299
2784
2113
1312
375
-643
-1556
-2198
-2568
-2763
-2795
-2607
-2234
-1824
-1452
-1056
-604
-230
-88
-175
-392
-706
-1132
-1582
-1884
-1966
-1919
-1813
-1571
-1106
-484
133
660
1130
1554
1849
1912
1706
1286
745
140
-519
-1230
-1905
-2399
-2650
-2732
-2744
-2679
-2481
-2212
-2039
-2056
-2187
-2327
-2476
-2669
-2834
-2820
-2570
-2150
-1590
-785
386
1860
3426
4924
6328
7610
8601
9091
9043
8615
7968
7103
5967
4628
3291
2129
1197
475
-47
-360
-467
-381
-139
151
318
259
0
-362
-813
-1391
-2082
-2785
-3423
-3984
-4427
-4627
-4492
-4086
-3552
-2949
-2231
-1398
-578
86
567
916
1125
1138
971
763
648
617
586
548
633
950
1458
2032
2591
3116
3540
3735
3648
3364
2973
2443
1687
749
-185
-969
-1600
-2130
-2534
-2750
-2773
-2637
-2352
-1918
-1407
-980
-772
-814
-1044
-1380
-1761
-2164
-2582
-2971
-3225
-3249
-3044
-2697
-2255
-1690
-1001
-290
321
791
1120
1241
1066
623
70
-468
-981
-1488
-1912
-2136
-2136
-1995
-1797
-1570
-1338
-1163
-1089
-1099
-1145
-1211
-1308
-1423
-1499
-1462
-1250
-797
-45
1003
2214
3410
4533
5700
7006
8287
9175
9431
9159
8633
7962
7036
5772
4311
2922
1787
928
303
-114
-323
-351
-263
-162
-125
-157
-232
-386
-727
-1302
-2018
-2747
-3447
-4122
-4683
-4964
-4895
-4580
-4152
-3621
-2917
-2066
-1220
-524
-13
358
595
665
579
435
346
334
337
355
516
943
1578
2206
2705
3134
3555
3847
3818
3461
2953
2398
1714
815
-202
-1136
-1860
-2365
-2664
-2748
-2639
-2372
-1960
-1421
-859
-433
-241
-268
-460
-781
-1205
-1681
-2157
-2603
-2961
-3143
-3087
-2805
-2351
-1741
-973
-109
700
1311
1664
1788
1704
1398
860
158
-583
-1272
-1884
-2414
-2802
-2959
-2868
-2619
-2321
-2031
-1783
-1632
-1599
-1636
-1677
-1721
-1795
-1844
-1742
-1421
-889
-133
929
2308
3854
5353
6678
7791
8618
9067
9122
8850
8288
7430
6324
5095
3841
2599
1470
614
84
-240
-444
-443
-172
177
304
155
-75
-308
-717
-1434
-2306
-3094
-3761
-4377
-4866
-5020
-4787
-4336
-3803
-3139
-2261
-1238
-270
497
1013
1285
1337
1197
896
489
84
-174
-201
-15
317
765
1334
2002
2701
3338
3814
4025
3923
3552
2981
2248
1358
361
-622
-1466
-2095
-2479
-2619
-2545
-2277
-1851
-1345
-883
-543
-316
-189
-250
-585
-1128
-1706
-2227
-2721
-3162
-3385
-3284
-2944
-2501
-1932
-1173
-352
275
612
792
911
839
434
-199
-817
-1330
-1852
-2445
-2972
-3258
-3287
-3175
-2985
-2706
-2352
-2011
-1762
-1614
-1551
-1572
-1645
-1656
-1480
-1106
-599
40
918
2119
3554
5038
6447
7754
8915
9786
10199
10082
9486
8537
7367
6055
4626
3113
1672
539
-171
-589
-924
-1176
-1147
-772
-313
-102
-186
-342
-463
-722
-1323
-2187
-3048
-3756
-4345
-4832
-5097
-5030
-4676
-4134
-3403
-2441
-1343
-343
407
942
1334
1537
1472
1218
983
881
836
748
674
773
1111
1615
2197
2818
3427
3900
4125
4091
3830
3334
2573
1618
630
-292
-1155
-1960
-2585
-2879
-2829
-2557
-2162
-1652
-1049
-476
-62
162
225
106
-273
-906
-1652
-2328
-2829
-3133
-3238
-3112
-2726
-2085
-1272
-416
373
1050
1592
1926
1965
1695
1192
517
-316
-1258
-2151
-2823
-3229
-3434
-3492
-3396
-3159
-2849
-2534
-2235
-1977
-1816
-1785
-1817
-1803
-1675
-1426
-1038
-444
428
1568
2856
4114
5255
6339
7427
8377
8861
8672
7943
6985
5935
4703
3247
1756
491
-458
-1169
-1697
-1989
-1964
-1630
-1100
-557
-187
-70
-154
-381
-802
-1481
-2339
-3171
-3848
-4394
-4821
-5007
-4830
-4342
-3691
-2903
-1906
-771
235
915
1349
1729
2059
2163
1973
1634
1316
1031
774
680
907
1382
1848
2198
2574
3087
3562
3706
3455
2990
2447
1758
861
-109
-937
-1548
-2014
-2375
-2586
-2598
-2405
-2024
-1477
-872
-376
-94
-9
-62
-245
-575
-1023
-1518
-1972
-2299
-2426
-2347
-2121
-1772
-1254
-559
175
759
1157
1481
1775
1903
1706
1204
565
-85
-729
-1363
-1903
-2266
-2455
-2532
-2527
-2438
-2287
-2152
-2092
-2077
-2036
-1930
-1789
-1633
-1425
-1080
-540
214
1184
2374
3738
5127
6335
7237
7851
8230
8322
8003
7250
6200
5005
3711
2334
1004
-102
-931
-1571
-2051
-2269
-2155
-1845
-1563
-1395
-1282
-1227
-1340
-1703
-2235
-2811
-3397
-3983
-4459
-4657
-4544
-4244
-3850
-3285
-2433
-1368
-334
481
1106
1658
2123
2355
2270
1981
1686
1488
1372
1325
1393
1598
1880
2185
2533
2941
3312
3496
3447
3244
2925
2426
1695
845
75
-516
-993
-1429
-1802
-2016
-2016
-1843
-1590
-1355
-1205
-1160
-1200
-1291
-1427
-1633
-1940
-2325
-2702
-2943
-2972
-2802
-2511
-2138
-1652
-1017
-295
377
894
1257
1521
1681
1653
1360
836
203
-420
-976
-1452
-1854
-2188
-2457
-2628
-2681
-2667
-2677
-2738
-2738
-2562
-2240
-1907
-1614
-1257
-715
31
948
2026
3220
4379
5353
6162
6918
7588
7937
7783
7210
6435
5544
4466
3187
1882
779
-39
-650
-1131
-1451
-1536
-1415
-1255
-1215
-1291
-1353
-1364
-1475
-1845
-2437
-3067
-3656
-4247
-4787
-5039
-4840
-4336
-3812
-3335
-2726
-1881
-956
-177
429
977
1496
1857
1980
1952
1919
1916
1884
1838
1901
2168
2569
2937
3206
3452
3709
3814
3579
3059
2520
2094
1595
799
-209
-1083
-1611
-1894
-2118
-2277
-2243
-2008
-1721
-1505
-1341
-1183
-1073
-1095
-1260
-1502
-1788
-2133
-2522
-2847
-2978
-2883
-2626
-2269
-1810
-1231
-584
20
489
806
1001
1094
1079
955
726
399
-16
-482
-945
-1342
-1635
-1829
-1955
-2046
-2127
-2220
-2359
-2542
-2694
-2701
-2523
-2212
-1812
-1261
-468
541
1639
2777
4018
5379
6671
7636
8178
8364
8254
7831
7128
6274
5350
4288
3044
1792
809
164
-315
-786
-1180
-1326
-1211
-1031
-1013
-1250
-1683
-2187
-2664
-3113
-3609
-4185
-4743
-5106
-5157
-4927
-4544
-4115
-3637
-3023
-2227
-1355
-622
-125
240
601
901
974
837
738
867
1131
1357
1575
1964
2538
3081
3428
3653
3887
4069
4013
3669
3182
2699
2207
1619
939
281
-246
-613
-865
-1044
-1153
-1159
-1055
-897
-764
-721
-802
-1028
-1395
-1853
-2312
-2703
-2992
-3159
-3178
-3047
-2803
-2473
-2047
-1508
-898
-312
166
523
777
915
902
719
396
-6
-432
-825
-1136
-1359
-1557
-1798
-2079
-2310
-2436
-2526
-2706
-2994
-3252
-3314
-3164
-2899
-2544
-1973
-1060
130
1395
2633
3925
5332
6691
7724
8291
8451
8280
7771
6940
5932
4867
3704
2386
1088
137
-377
-699
-1068
-1388
-1407
-1140
-914
-985
-1283
-1626
-2018
-2590
-3328
-4052
-4611
-5018
-5288
-5328
-5067
-4602
-4092
-3532
-2767
-1765
-765
-64
284
459
620
732
695
545
437
473
638
887
1246
1761
2397
3057
3667
4204
4606
4757
4594
4198
3705
3164
2504
1690
819
50
-530
-929
-1164
-1213
-1077
-814
-527
-306
-224
-328
-628
-1056
-1508
-1931
-2352
-2813
-3263
-3565
-3596
-3348
-2925
-2427
-1861
-1190
-444
243
738
1019
1146
1144
980
657
257
-134
-494
-837
-1150
-1406
-1632
-1860
-2047
-2112
-2103
-2182
-2426
-2694
-2794
-2705
-2545
-2356
-2016
-1387
-425
825
2240
3623
4793
5769
6712
7623
8187
8102
7474
6710
6004
5158
3940
2506
1287
526
86
-316
-780
-1169
-1299
-1164
-962
-944
-1170
-1494
-1794
-2161
-2758
-3521
-4183
-4582
-4817
-4991
-4983
-4617
-3976
-3327
-2758
-2102
-1274
-488
5
243
437
622
646
473
300
289
381
479
677
1142
1838
2537
3109
3631
4161
4562
4641
4379
3929
3406
2804
2092
1316
577
-35
-480
-772
-949
-1034
-1015
-892
-731
-620
-593
-663
-881
-1292
-1806
-2244
-2540
-2829
-3196
-3472
-3398
-2976
-2476
-2075
-1653
-1023
-262
359
697
855
950
938
718
298
-206
-709
-1175
-1552
-1767
-1838
-1858
-1878
-1868
-1802
-1764
-1847
-2023
-2168
-2204
-2159
-2066
-1863
-1416
-647
412
1611
2782
3855
4903
6001
7022
7652
7676
7235
6663
6096
5346
4210
2813
1542
665
113
-359
-858
-1269
-1412
-1273
-1040
-944
-1081
-1391
-1795
-2276
-2825
-3390
-3910
-4379
-4772
-4958
-4818
-4434
-4027
-3644
-3070
-2143
-1071
-256
152
354
553
695
622
364
105
-31
-46
73
387
905
1532
2179
2833
3478
4015
4325
4387
4264
4025
3661
3135
2445
1646
840
135
-414
-792
-1007
-1080
-1072
-1048
-1014
-917
-756
-635
-685
-919
-1252
-1617
-2011
-2424
-2777
-2976
-2996
-2876
-2648
-2293
-1786
-1163
-533
-13
347
579
724
756
613
298
-78
-399
-635
-844
-1078
-1316
-1501
-1599
-1637
-1697
-1863
-2134
-2384
-2433
-2243
-1961
-1766
-1604
-1191
-321
880
2090
3160
4223
5419
6596
7399
7635
7420
6989
6438
5724
4802
3714
2567
1495
643
75
-290
-597
-887
-1046
-977
-774
-664
-792
-1132
-1579
-2066
-2593
-3162
-3747
-4287
-4670
-4759
-4514
-4063
-3604
-3181
-2634
-1847
-978
-348
-71
46
230
435
471
324
191
196
261
314
459
817
1319
1784
2193
2669
3216
3616
3686
3498
3249
2985
2574
1926
1147
432
-96
-440
-650
-766
-808
-771
-661
-498
-349
-302
-410
-645
-917
-1163
-1422
-1789
-2279
-2757
-3037
-3054
-2880
-2590
-2169
-1579
-877
-208
310
670
934
1139
1228
1097
715
221
-183
-427
-634
-937
-1276
-1467
-1444
-1347
-1355
-1496
-1674
-1798
-1840
-1808
-1724
-1614
-1434
-1031
-265
802
1935
2968
3945
4976
5983
6700
6907
6626
6065
5424
4728
3865
2752
1524
495
-117
-413
-673
-1002
-1211
-1117
-834
-663
-749
-1005
-1325
-1738
-2277
-2857
-3379
-3872
-4378
-4770
-4802
-4405
-3793
-3216
-2680
-2012
-1164
-352
167
355
385
384
301
57
-273
-502
-524
-384
-116
335
973
1635
2148
2542
2973
3421
3637
3485
3145
2875
2649
2233
1572
888
395
71
-176
-312
-267
-128
-70
-127
-164
-113
-99
-283
-655
-1064
-1396
-1676
-1999
-2374
-2678
-2748
-2533
-2163
-1817
-1530
-1186
-691
-109
388
685
789
756
624
410
134
-181
-507
-812
-1067
-1263
-1407
-1503
-1542
-1536
-1528
-1566
-1649
-1713
-1684
-1538
-1307
-996
-535
187
1172
2259
3260
4130
4962
5802
6517
6867
6728
6214
5589
5018
4409
3531
2339
1147
362
44
-148
-514
-905
-949
-595
-240
-266
-638
-1085
-1520
-2073
-2793
-3517
-4106
-4590
-4991
-5147
-4889
-4341
-3821
-3431
-2933
-2105
-1097
-270
228
559
875
1094
1067
826
560
371
220
101
135
406
816
1195
1524
1948
2501
3002
3223
3158
2992
2835
2588
2120
1476
850
371
7
-311
-551
-625
-536
-406
-342
-332
-320
-336
-484
-801
-1195
-1561
-1933
-2402
-2916
-3249
-3239
-2986
-2702
-2423
-1981
-1296
-552
-13
262
415
546
591
485
281
69
-155
-440
-756
-1001
-1137
-1244
-1403
-1596
-1742
-1809
-1839
-1876
-1897
-1829
-1635
-1320
-872
-208
761
1974
3196
4216
5043
5812
6519
6925
6828
6330
5737
5199
4563
3630
2478
1439
781
451
185
-186
-555
-704
-602
-485
-610
-990
-1425
-1789
-2147
-2598
-3104
-3563
-3955
-4284
-4433
-4250
-3800
-3341
-2992
-2549
-1797
-895
-253
-37
14
219
547
712
569
281
86
84
246
523
871
1219
1534
1858
2252
2669
2973
3090
3079
3037
2938
2655
2120
1440
789
249
-206
-591
-823
-837
-697
-546
-440
-317
-136
4
-48
-319
-697
-1077
-1456
-1883
-2331
-2676
-2805
-2708
-2461
-2122
-1692
-1177
-648
-209
111
355
529
553
362
36
-254
-451
-645
-927
-1234
-1414
-1416
-1350
-1356
-1472
-1636
-1767
-1810
-1729
-1538
-1303
-1078
-776
-202
738
1896
2988
3873
4662
5514
6376
6964
7026
6582
5897
5213
4530
3665
2534
1347
442
-73
-419
-837
-1238
-1320
-1012
-664
-660
-1002
-1391
-1682
-2034
-2585
-3201
-3676
-4035
-4418
-4753
-4776
-4422
-3963
-3635
-3283
-2592
-1602
-727
-263
-52
225
611
867
845
656
465
307
186
202
458
895
1344
1734
2126
2552
2906
3058
2996
2795
2517
2159
1710
1190
669
226
-90
-291
-415
-465
-422
-316
-232
-222
-250
-280
-352
-552
-880
-1242
-1543
-1771
-1970
-2158
-2293
-2299
-2134
-1835
-1477
-1105
-731
-379
-99
99
281
466
554
428
144
-100
-232
-393
-722
-1128
-1399
-1487
-1541
-1682
-1843
-1898
-1819
-1656
-1434
-1143
-800
-384
213
1097
2192
3237
4036
4650
5280
5972
6512
6623
6256
5639
5038
4482
3755
2713
1547
650
185
-85
-466
-923
-1146
-1017
-817
-878
-1192
-1519
-1786
-2149
-2676
-3182
-3512
-3777
-4120
-4386
-4259
-3738
-3191
-2877
-2596
-2007
-1139
-384
-4
132
263
414
438
319
208
204
240
239
283
502
883
1266
1569
1885
2290
2657
2763
2572
2281
2067
1865
1499
970
490
217
87
-52
-234
-368
-400
-397
-438
-518
-572
-582
-603
-713
-925
-1167
-1347
-1444
-1508
-1583
-1638
-1602
-1462
-1275
-1083
-863
-589
-297
-63
85
176
236
243
170
27
-149
-340
-546
-754
-938
-1080
-1202
-1345
-1534
-1756
-1962
-2083
-2056
-1874
-1591
-1257
-828
-170
792
1928
2983
3805
4482
5192
5924
6428
6464
6042
5424
4867
4374
3726
2773
1675
806
361
146
-160
-584
-841
-758
-549
-552
-815
-1129
-1394
-1734
-2248
-2821
-3309
-3751
-4216
-4568
-4569
-4217
-3782
-3458
-3110
-2493
-1626
-817
-329
-118
41
237
344
233
-33
-269
-373
-382
-314
-94
320
821
1270
1672
2131
2628
2965
3007
2833
2614
2375
2025
1544
1041
611
243
-92
-349
-460
-429
-343
-271
-235
-220
-207
-184
-186
-286
-537
-890
-1226
-1461
-1602
-1688
-1724
-1697
-1598
-1417
-1137
-774
-401
-115
54
161
247
271
160
-63
-277
-390
-441
-537
-712
-903
-1051
-1183
-1367
-1607
-1839
-1996
-2063
-2040
-1915
-1672
-1306
-810
-131
809
1999
3241
4259
4943
5467
6051
6607
6762
6311
5513
4806
4263
3550
2457
1271
451
76
-185
-569
-917
-957
-728
-541
-592
-803
-1041
-1321
-1731
-2245
-2743
-3188
-3659
-4159
-4532
-4592
-4349
-3991
-3650
-3246
-2629
-1825
-1065
-551
-251
3
268
434
409
274
192
209
256
326
522
895
1325
1672
1967
2344
2766
2991
2870
2552
2297
2113
1783
1213
603
190
-33
-242
-489
-648
-625
-507
-422
-390
-354
-313
-344
-502
-759
-1045
-1336
-1652
-2001
-2309
-2463
-2415
-2236
-2020
-1743
-1311
-743
-204
165
413
648
839
853
668
421
206
-32
-357
-702
-967
-1161
-1367
-1593
-1770
-1874
-1947
-1996
-1968
-1829
-1618
-1359
-1017
-552
41
762
1630
2614
3590
4440
5167
5819
6317
6474
6205
5673
5114
4573
3868
2867
1729
786
205
-157
-542
-970
-1236
-1187
-937
-725
-671
-725
-840
-1069
-1460
-1942
-2410
-2860
-3339
-3796
-4058
-4025
-3790
-3519
-3231
-2801
-2171
-1490
-973
-665
-419
-117
193
384
433
426
420
389
346
408
664
1032
1358
1622
1936
2327
2630
2675
2495
2262
2035
1721
1274
803
423
109
-205
-459
-532
-452
-414
-499
-546
-378
-96
3
-212
-565
-820
-964
-1153
-1453
-1762
-1939
-1946
-1823
-1623
-1386
-1143
-890
-591
-233
116
349
412
349
246
139
4
-188
-411
-586
-673
-729
-859
-1076
-1289
-1423
-1530
-1699
-1918
-2073
-2100
-2059
-1994
-1803
-1310
-464
592
1649
2614
3535
4464
5348
6032
6383
6378
6115
5698
5160
4450
3520
2439
1402
614
101
-303
-740
-1116
-1204
-976
-705
-682
-869
-989
-922
-872
-1102
-1611
-2180
-2662
-3074
-3445
-3688
-3712
-3549
-3296
-2952
-2444
-1800
-1209
-820
-570
-289
41
250
229
93
34
86
134
152
269
573
969
1299
1558
1872
2271
2599
2683
2515
2234
1956
1690
1381
992
560
163
-136
-333
-462
-530
-520
-436
-317
-189
-78
-42
-155
-398
-652
-845
-1054
-1375
-1736
-1953
-1967
-1916
-1929
-1943
-1793
-1442
-1003
-603
-265
6
170
202
144
58
-60
-242
-465
-657
-809
-990
-1234
-1468
-1608
-1683
-1794
-1969
-2106
-2115
-2008
-1863
-1690
-1425
-1016
-454
264
1133
2091
3013
3825
4564
5299
5972
6392
6415
6091
5600
5037
4340
3418
2353
1363
601
30
-463
-860
-1014
-879
-640
-552
-660
-786
-797
-802
-1010
-1448
-1949
-2380
-2795
-3254
-3650
-3797
-3702
-3567
-3500
-3348
-2911
-2246
-1621
-1178
-815
-433
-135
-59
-117
-70
140
309
283
198
296
612
966
1256
1568
1980
2392
2642
2699
2639
2508
2281
1957
1589
1209
809
391
20
-247
-405
-473
-453
-365
-272
-236
-255
-292
-348
-467
-668
-935
-1246
-1570
-1845
-2005
-2053
-2042
-1983
-1799
-1442
-981
-542
-170
176
509
761
852
778
577
277
-97
-480
-793
-1026
-1236
-1463
-1665
-1780
-1808
-1822
-1877
-1935
-1905
-1753
-1527
-1312
-1122
-884
-497
81
818
1627
2417
3140
3802
4423
4972
5356
5487
5389
5184
4944
4591
3998
3185
2369
1756
1332
926
458
54
-142
-177
-254
-485
-786
-1018
-1178
-1391
-1740
-2161
-2529
-2800
-3038
-3311
-3558
-3644
-3526
-3311
-3104
-2860
-2466
-1950
-1488
-1194
-982
-709
-380
-121
-4
18
15
34
137
377
718
1041
1291
1549
1902
2288
2545
2601
2529
2425
2284
2032
1642
1166
697
311
29
-177
-341
-458
-484
-397
-237
-81
23
46
-34
-229
-500
-773
-1011
-1250
-1531
-1810
-1978
-1975
-1851
-1692
-1494
-1177
-716
-216
180
422
586
747
879
880
689
350
-29
-368
-657
-930
-1193
-1428
-1614
-1765
-1893
-1987
-2036
-2071
-2123
-2156
-2082
-1868
-1589
-1319
-1003
-510
217
1097
1995
2840
3642
4421
5152
5745
6078
6081
5833
5505
5169
4699
3923
2889
1885
1181
747
343
-164
-639
-858
-811
-709
-736
-866
-977
-1060
-1218
-1487
-1780
-2046
-2361
-2785
-3201
-3447
-3543
-3645
-3775
-3732
-3370
-2810
-2292
-1872
-1415
-867
-357
-17
187
377
588
757
842
877
924
1012
1153
1349
1583
1804
1985
2139
2288
2396
2380
2194
1901
1618
1406
1196
880
453
36
-234
-325
-316
-314
-366
-446
-491
-476
-460
-527
-706
-939
-1174
-1415
-1678
-1909
-2029
-2027
-1946
-1793
-1516
-1109
-674
-305
2
300
556
669
609
451
277
67
-252
-681
-1115
-1445
-1649
-1797
-1950
-2094
-2166
-2140
-2071
-2030
-2020
-1991
-1904
-1761
-1568
-1303
-958
-551
-70
550
1347
2242
3082
3793
4444
5113
5745
6151
6178
5863
5381
4862
4269
3493
2548
1628
921
413
-55
-536
-881
-942
-780
-605
-543
-564
-623
-757
-1003
-1307
-1602
-1930
-2380
-2913
-3346
-3549
-3580
-3553
-3466
-3212
-2784
-2330
-1972
-1660
-1268
-800
-390
-117
87
322
560
704
753
817
980
1198
1389
1567
1794
2060
2252
2275
2169
2041
1949
1835
1617
1287
911
558
264
13
-240
-516
-771
-915
-887
-736
-586
-516
-491
-449
-405
-439
-580
-765
-921
-1043
-1167
-1291
-1357
-1323
-1183
-965
-703
-427
-153
131
410
623
693
615
476
344
198
-28
-331
-636
-874
-1035
-1147
-1228
-1294
-1366
-1474
-1618
-1769
-1890
-1969
-2014
-2027
-1972
-1810
-1538
-1196
-788
-244
508
1437
2395
3256
4015
4730
5385
5859
6012
5833
5437
4951
4392
3671
2750
1766
956
432
73
-299
-672
-871
-796
-587
-456
-466
-538
-634
-822
-1147
-1546
-1936
-2319
-2729
-3114
-3361
-3445
-3453
-3431
-3290
-2917
-2370
-1839
-1424
-1037
-572
-82
265
402
425
460
530
593
636
700
816
990
1219
1495
1788
2059
2281
2435
2501
2467
2349
2164
1900
1521
1033
502
7
-405
-723
-955
-1106
-1169
-1122
-982
-842
-804
-864
-903
-848
-777
-810
-944
-1078
-1166
-1252
-1343
-1352
-1209
-973
-749
-565
-384
-185
17
208
377
474
462
360
222
53
-171
-432
-671
-875
-1086
-1308
-1453
-1468
-1417
-1414
-1481
-1551
-1594
-1660
-1775
-1862
-1819
-1636
-1397
-1160
-888
-479
125
895
1742
2582
3373
4106
4753
5258
5540
5545
5289
4880
4435
3968
3376
2596
1737
1028
584
292
-15
-351
-573
-591
-476
-367
-323
-327
-376
-527
-829
-1253
-1714
-2146
-2552
-2948
-3294
-3486
-3479
-3342
-3178
-2971
-2607
-2063
-1490
-1069
-807
-564
-267
3
151
210
289
425
575
723
897
1094
1264
1410
1623
1950
2276
2417
2334
2158
2022
1892
1651
1253
775
317
-83
-423
-701
-896
-991
-987
-900
-782
-710
-724
-777
-768
-659
-534
-516
-640
-816
-940
-982
-997
-1010
-985
-879
-708
-521
-327
-86
198
447
577
600
593
574
479
266
-2
-228
-405
-605
-854
-1066
-1162
-1168
-1160
-1159
-1130
-1070
-1056
-1140
-1288
-1432
-1559
-1700
-1847
-1931
-1892
-1721
-1425
-974
-342
432
1255
2051
2803
3533
4234
4850
5277
5414
5252
4882
4429
3917
3266
2448
1589
890
423
85
-235
-512
-628
-562
-429
-349
-335
-356
-439
-658
-1018
-1429
-1796
-2122
-2460
-2806
-3082
-3214
-3208
-3102
-2901
-2566
-2104
-1596
-1137
-736
-326
112
491
700
752
772
855
951
961
903
904
1033
1207
1312
1352
1421
1546
1651
1671
1629
1570
1458
1211
828
418
85
-178
-431
-685
-884
-1000
-1064
-1111
-1091
-934
-684
-486
-428
-420
-314
-130
-43
-152
-348
-470
-523
-632
-821
-968
-976
-868
-722
-546
-322
-80
126
293
454
606
710
731
656
495
281
77
-104
-332
-655
-1001
-1228
-1319
-1398
-1552
-1714
-1797
-1840
-1957
-2159
-2337
-2399
-2349
-2223
-2028
-1779
-1501
-1174
-698
-12
820
1653
2407
3102
3771
4368
4810
5045
5075
4927
4626
4181
3587
2863
2086
1377
826
426
122
-130
-325
-445
-480
-413
-246
-56
31
-76
-328
-616
-906
-1277
-1766
-2270
-2631
-2808
-2886
-2936
-2903
-2686
-2275
-1770
-1287
-868
-482
-78
345
709
910
910
784
650
567
515
459
399
364
392
522
769
1098
1406
1618
1729
1761
1714
1553
1278
935
557
146
-287
-679
-957
-1127
-1247
-1340
-1354
-1244
-1038
-813
-616
-458
-355
-318
-319
-312
-313
-405
-626
-881
-1036
-1057
-1019
-971
-871
-652
-331
4
296
554
811
1053
1226
1267
1173
984
745
458
106
-294
-687
-1026
-1304
-1531
-1685
-1761
-1802
-1874
-1974
-2038
-2029
-1994
-2005
-2054
-2070
-1998
-1859
-1686
-1478
-1193
-799
-302
269
910
1636
2433
3200
3824
4268
4603
4874
5011
4906
4569
4134
3683
3173
2567
1954
1475
1147
861
543
240
50
-23
-60
-129
-254
-433
-665
-942
-1247
-1570
-1912
-2279
-2663
-3019
-3280
-3382
-3328
-3163
-2905
-2519
-2010
-1480
-1036
-668
-288
106
396
516
548
604
658
618
517
499
632
814
927
1005
1153
1388
1625
1794
1893
1924
1875
1750
1570
1319
943
458
-23
-407
-726
-1062
-1394
-1603
-1628
-1538
-1426
-1276
-1035
-729
-471
-314
-187
-22
146
217
173
95
37
-37
-173
-329
-395
-317
-149
30
192
358
528
670
753
778
738
613
388
90
-230
-550
-891
-1265
-1626
-1899
-2058
-2156
-2244
-2302
-2273
-2160
-2034
-1954
-1903
-1846
-1806
-1821
-1883
-1943
-1960
-1923
-1804
-1554
-1144
-591
74
827
1622
2400
3128
3823
4496
5105
5557
5766
5713
5440
5032
4547
3967
3260
2478
1775
1246
846
475
136
-90
-186
-229
-261
-252
-209
-247
-463
-796
-1116
-1417
-1803
-2294
-2737
-2982
-3057
-3101
-3161
-3142
-2940
-2557
-2076
-1563
-1046
-563
-162
127
312
414
438
395
319
260
234
223
206
207
296
525
862
1209
1469
1618
1698
1736
1684
1468
1094
665
267
-119
-561
-1034
-1424
-1663
-1793
-1856
-1797
-1539
-1133
-732
-421
-143
166
462
629
636
561
476
372
191
-61
-308
-473
-544
-557
-528
-419
-202
96
391
618
761
836
852
814
721
560
303
-40
-412
-751
-1052
-1344
-1613
-1808
-1921
-1996
-2068
-2100
-2044
-1933
-1847
-1815
-1791
-1742
-1691
-1686
-1707
-1689
-1585
-1412
-1200
-942
-605
-161
400
1074
1837
2624
3355
3979
4497
4925
5235
5381
5340
5120
4739
4233
3658
3064
2458
1829
1227
738
389
119
-129
-326
-430
-486
-588
-748
-894
-989
-1107
-1333
-1646
-1952
-2191
-2371
-2496
-2555
-2541
-2473
-2355
-2167
-1914
-1651
-1422
-1199
-925
-595
-288
-68
76
196
305
363
337
259
198
199
259
352
468
602
758
937
1137
1330
1472
1530
1507
1398
1177
837
444
99
-164
-390
-620
-811
-882
-823
-704
-589
-470
-296
-43
251
517
709
820
869
856
742
507
186
-134
-392
-594
-762
-887
-925
-869
-759
-653
-569
-477
-347
-196
-92
-70
-100
-128
-155
-252
-482
-815
-1152
-1413
-1581
-1682
-1744
-1769
-1733
-1607
-1404
-1189
-1020
-883
-720
-528
-386
-363
-442
-565
-721
-921
-1121
-1220
-1165
-989
-743
-413
34
573
1152
1754
2394
3048
3623
4046
4323
4505
4602
4572
4381
4044
3629
3185
2716
2208
1691
1242
919
695
500
323
211
164
106
-30
-204
-356
-526
-806
-1182
-1528
-1784
-2039
-2387
-2747
-2953
-2972
-2930
-2908
-2844
-2656
-2401
-2185
-2016
-1831
-1639
-1514
-1454
-1348
-1149
-941
-807
-696
-505
-252
-46
90
251
500
770
987
1172
1373
1561
1666
1685
1663
1605
1488
1337
1227
1148
994
716
422
257
214
160
30
-91
-109
-73
-97
-199
-284
-297
-289
-324
-377
-382
-355
-367
-420
-430
-354
-253
-216
-228
-221
-164
-87
-13
62
119
118
62
6
-34
-108
-249
-398
-473
-485
-511
-582
-650
-674
-672
-670
-660
-636
-639
-702
-803
-887
-941
-995
-1068
-1151
-1224
-1284
-1321
-1325
-1295
-1247
-1179
-1078
-935
-757
-546
-292
11
351
716
1110
1534
1961
2355
2704
3024
3329
3601
3802
3896
3865
3726
3529
3317
3091
2817
2492
2160
1865
1601
1324
1020
714
418
107
-248
-619
-954
-1232
-1481
-1729
-1974
-2191
-2360
-2463
-2501
-2504
-2502
-2500
-2465
-2376
-2248
-2108
-1960
-1789
-1600
-1410
-1232
-1073
-941
-838
-730
-582
-397
-220
-71
77
262
484
708
914
1110
1312
1515
1694
1821
1876
1852
1751
1587
1386
1179
974
760
525
285
58
-161
-386
-593
-716
-726
-686
-674
-687
-659
-561
-452
-395
-373
-339
-281
-236
-219
-203
-173
-140
-127
-117
-73
9
90
123
101
60
41
48
46
-10
-116
-224
-284
-285
-266
-277
-331
-400
-431
-405
-356
-342
-381
-439
-477
-489
-505
-539
-585
-619
-627
-612
-601
-630
-704
-781
-818
-818
-813
-825
-831
-806
-746
-646
-485
-256
16
285
535
770
994
1216
1456
1733
2024
2282
2490
2659
2792
2849
2809
2710
2606
2490
2310
2049
1756
1473
1198
902
588
278
-17
-298
-551
-762
-928
-1061
-1163
-1243
-1336
-1476
-1638
-1747
-1763
-1732
-1731
-1771
-1802
-1797
-1783
-1775
-1741
-1642
-1474
-1266
-1039
-805
-583
-396
-237
-83
72
212
340
478
628
753
819
843
869
916
960
986
1007
1054
1139
1238
1307
1312
1255
1188
1153
1143
1116
1037
912
759
563
309
23
-229
-415
-561
-703
-831
-917
-957
-974
-991
-993
-957
-895
-830
-767
-681
-556
-415
-309
-257
-246
-259
-283
-301
-289
-250
-221
-238
-280
-282
-197
-54
77
156
189
196
179
125
50
-19
-66
-112
-187
-292
-405
-504
-577
-628
-660
-674
-686
-710
-749
-779
-767
-710
-640
-606
-633
-708
-804
-887
-926
-905
-837
-769
-742
-737
-681
-518
-259
48
383
767
1194
1605
1944
2202
2418
2609
2765
2883
2972
3021
2987
2839
2612
2355
2087
1783
1449
1138
889
684
484
288
116
-34
-215
-451
-707
-911
-1037
-1120
-1220
-1366
-1545
-1724
-1871
-1963
-1981
-1934
-1852
-1771
-1704
-1633
-1535
-1403
-1236
-1041
-828
-622
-447
-294
-140
18
157
264
358
451
525
559
589
684
857
1043
1172
1250
1319
1377
1378
1306
1217
1165
1128
1038
863
643
432
241
40
-189
-419
-605
-728
-808
-891
-986
-1058
-1058
-972
-841
-720
-630
-549
-432
-264
-79
53
102
104
120
165
194
172
109
46
-3
-31
2
121
283
382
363
279
220
209
199
146
48
-84
-240
-394
-510
-573
-605
-629
-640
-639
-654
-720
-821
-905
-942
-949
-953
-953
-934
-893
-835
-762
-670
-573
-482
-389
-276
-156
-74
-59
-104
-172
-223
-226
-152
-2
184
347
469
569
680
826
1021
1270
1547
1802
2003
2158
2302
2436
2529
2554
2529
2484
2424
2312
2119
1861
1580
1305
1023
723
417
129
-141
-407
-647
-820
-914
-970
-1051
-1176
-1320
-1437
-1491
-1461
-1362
-1261
-1230
-1281
-1358
-1402
-1406
-1382
-1341
-1264
-1151
-1019
-889
-773
-678
-602
-529
-428
-287
-116
59
216
352
463
553
631
717
822
931
1010
1040
1040
1037
1036
1015
963
903
858
805
698
528
340
181
49
-99
-274
-442
-558
-604
-605
-598
-608
-635
-662
-671
-664
-658
-660
-657
-631
-571
-491
-418
-366
-330
-296
-253
-198
-131
-66
-24
-21
-48
-86
-118
-141
-161
-190
-232
-272
-284
-266
-243
-252
-279
-295
-290
-296
-332
-374
-392
-386
-386
-399
-408
-396
-360
-316
-283
-276
-293
-299
-258
-161
-37
91
216
319
374
378
374
408
468
512
529
538
554
552
503
412
314
255
255
312
387
435
437
431
463
548
663
779
888
987
1073
1143
1202
1254
1296
1314
1292
1225
1114
976
832
693
543
373
198
55
-45
-120
-202
-310
-442
-588
-730
-846
-913
-929
-917
-907
-910
-926
-937
-925
-871
-780
-677
-585
-518
-471
-445
-442
-458
-481
-493
-493
-485
-456
-392
-290
-184
-119
-100
-95
-63
0
64
95
89
67
64
101
181
273
340
357
343
341
370
405
409
361
275
171
68
-24
-99
-167
-230
-295
-363
-438
-515
-578
-599
-565
-495
-419
-362
-311
-243
-145
-30
81
161
192
167
107
53
38
68
100
84
6
-107
-205
-248
-215
-118
-1
73
77
46
45
109
200
257
255
225
214
245
305
367
412
426
402
339
255
184
140
108
51
-45
-160
-262
-322
-328
-290
-240
-216
-229
-251
-254
-241
-233
-242
-265
-310
-382
-463
-506
-484
-415
-359
-348
-365
-360
-304
-207
-104
-24
23
52
86
151
265
434
642
849
1023
1142
1212
1251
1273
1292
1302
1287
1245
1177
1090
984
863
741
632
518
370
188
14
-121
-215
-296
-375
-447
-521
-613
-721
-813
-864
-890
-913
-936
-941
-925
-900
-880
-858
-826
-786
-741
-684
-607
-507
-391
-282
-192
-125
-77
-40
-7
35
100
181
232
226
193
199
276
385
473
528
574
609
607
555
479
414
366
320
256
161
33
-107
-221
-287
-325
-364
-412
-449
-452
-418
-353
-271
-198
-160
-154
-150
-123
-73
-12
58
138
224
296
344
369
383
394
410
430
443
441
424
400
366
307
222
134
69
25
-10
-44
-59
-50
-41
-66
-128
-198
-241
-257
-266
-291
-340
-408
-479
-534
-565
-586
-613
-654
-686
-691
-668
-626
-568
-493
-393
-283
-190
-133
-109
-86
-55
-24
-5
6
31
72
114
144
171
212
249
254
222
178
156
160
176
202
237
268
273
250
230
242
289
343
386
413
437
454
464
472
488
511
532
542
541
534
524
510
485
455
416
366
302
234
176
144
135
135
119
74
8
-55
-96
-115
-126
-140
-168
-220
-294
-364
-396
-376
-329
-296
-299
-335
-369
-375
-338
-267
-192
-142
-130
-157
-200
-230
-227
-197
-162
-142
-132
-118
-98
-82
-66
-37
8
55
92
125
156
189
213
226
231
234
226
213
206
215
244
273
277
244
179
113
62
23
-26
-94
-178
-264
-334
-369
-368
-339
-308
-294
-300
-328
-372
-419
-445
-435
-397
-361
-340
-335
-343
-365
-394
-403
-372
-297
-205
-127
-86
-89
-123
-160
-167
-141
-99
-73
-62
-43
-3
35
39
6
-26
-22
19
69
98
103
77
11
-93
-204
-273
-266
-197
-112
-48
-11
14
27
22
18
48
131
246
351
429
496
561
620
665
707
756
809
843
853
844
818
765
690
603
525
463
412
374
350
330
289
212
104
-10
-103
-147
-136
-85
-26
-2
-30
-112
-228
-351
-436
-466
-459
-455
-481
-518
-540
-536
-518
-494
-454
-398
-340
-298
-266
-238
-211
-201
-203
-188
-131
-40
52
115
140
140
126
105
87
82
95
124
163
204
241
264
259
230
193
161
124
68
0
-51
-62
-42
-34
-52
-74
-60
-10
35
34
-17
-82
-133
-167
-195
-211
-197
-148
-94
-66
-76
-103
-128
-145
-160
-160
-127
-67
-20
-21
-63
-104
-98
-47
22
73
94
78
32
-21
-54
-53
-33
-20
-28
-52
-87
-128
-168
-191
-196
-199
-216
-254
-294
-312
-292
-233
-150
-66
-5
21
8
-34
-81
-108
-101
-66
-27
-6
-9
-25
-36
-22
31
117
200
247
242
198
142
96
81
107
155
186
178
145
119
103
84
53
28
32
61
92
112
121
117
94
65
65
119
205
266
272
247
230
229
223
199
177
171
171
161
149
170
237
312
338
293
208
131
88
79
92
119
146
158
151
140
137
138
126
102
77
69
73
77
67
48
24
-3
-34
-71
-118
-168
-203
-209
-188
-157
-141
-152
-185
-225
-254
-263
-256
-255
-268
-287
-300
-305
-308
-313
-316
-326
-358
-411
-445
-427
-357
-275
-220
-201
-201
-196
-172
-125
-62
0
40
55
63
76
97
119
124
102
58
13
-8
-6
-7
-33
-74
-101
-90
-48
-1
36
49
26
-23
-71
-76
-32
31
72
80
73
69
73
85
107
131
148
147
132
116
99
77
42
-4
-50
-82
-82
-43
13
59
79
88
106
129
130
98
50
14
6
21
51
90
131
164
183
191
199
216
250
302
359
400
413
400
374
345
322
315
317
312
285
243
203
170
136
94
47
8
-31
-81
-149
-219
-270
-286
-268
-226
-173
-133
-115
-121
-135
-144
-144
-131
-101
-54
-12
5
-3
-20
-32
-38
-41
-34
-12
12
20
4
-31
-75
-116
-138
-127
-96
-80
-102
-154
-211
-251
-275
-287
-283
-266
-247
-230
-214
-192
-166
-142
-123
-97
-54
-6
27
29
9
-9
-17
-10
13
63
130
181
199
196
201
209
192
138
68
19
0
-10
-23
-35
-48
-72
-105
-128
-121
-99
-88
-101
-116
-113
-93
-69
-45
-15
14
17
-20
-80
-132
-157
-166
-177
-201
-230
-256
-271
-269
-242
-186
-118
-71
-68
-97
-110
-75
1
81
140
180
201
195
153
94
53
46
55
55
37
15
6
21
81
184
315
437
522
564
577
577
587
617
663
702
712
695
665
635
606
568
520
465
408
350
287
215
130
35
-64
-153
-214
-235
-222
-206
-218
-264
-322
-367
-382
-364
-319
-271
-243
-244
-246
-225
-195
-184
-197
-214
-225
-239
-258
-253
-203
-136
-97
-105
-132
-149
-151
-154
-163
-172
-175
-173
-163
-136
-83
-1
91
168
199
189
168
159
148
101
15
-61
-74
-17
55
84
58
27
43
107
171
191
159
106
52
6
-25
-31
-20
-15
-29
-50
-46
-24
-15
-51
-123
-201
-263
-305
-325
-314
-267
-203
-157
-140
-127
-88
-21
51
98
107
74
7
-87
-186
-267
-306
-295
-238
-151
-72
-36
-61
-122
-178
-199
-167
-93
6
94
148
161
151
135
119
104
90
80
76
73
70
59
28
-27
-88
-125
-123
-80
-11
67
133
170
177
178
194
230
269
296
312
316
309
293
277
269
261
232
166
74
-10
-52
-45
-5
40
70
68
43
23
32
74
127
175
229
301
377
414
386
310
221
135
45
-40
-101
-121
-111
-95
-84
-74
-62
-55
-51
-45
-36
-30
-23
-3
31
61
57
17
-40
-83
-107
-129
-167
-214
-252
-261
-239
-204
-171
-150
-134
-120
-103
-81
-56
-33
-28
-57
-117
-185
-222
-204
-137
-48
29
69
62
15
-46
-100
-133
-149
-158
-167
-166
-141
-90
-29
18
40
40
29
13
-16
-63
-129
-198
-252
-267
-239
-181
-110
-40
20
60
72
67
66
91
130
147
123
67
8
-35
-66
-87
-94
-83
-55
-24
1
20
29
26
7
-17
-34
-31
-2
55
127
180
194
162
104
45
-1
-26
-34
-39
-54
-73
-80
-69
-51
-39
-28
1
56
121
172
195
199
193
179
158
136
121
126
153
202
265
329
374
378
325
225
108
16
-22
-6
48
107
153
174
175
159
117
55
-6
-31
-19
15
37
37
16
-25
-80
-138
-173
-170
-133
-88
-61
-60
-84
-121
-155
-172
-169
-147
-110
-64
-15
24
35
9
-49
-123
-188
-222
-225
-207
-186
-161
-126
-78
-27
18
55
88
106
100
78
57
42
22
-14
-58
-96
-124
-144
-153
-141
-113
-81
-57
-45
-42
-49
-69
-98
-122
-133
-121
-88
-45
-17
-18
-42
-69
-87
-98
-108
-116
-114
-101
-80
-60
-43
-36
-37
-37
-26
-9
8
15
14
11
11
12
14
14
14
13
13
18
29
48
66
79
82
77
69
60
51
45
41
39
36
31
26
22
21
21
23
24
21
12
7
14
31
51
61
59
54
54
65
85
103
111
107
96
87
84
84
83
83
77
67
51
39
33
35
43
58
78
96
101
84
60
56
84
135
178
199
198
186
166
142
116
87
52
6
-39
-67
-68
-58
-56
-63
-61
-43
-9
21
43
59
69
67
54
35
11
-30
-88
-141
-166
-157
-128
-95
-68
-58
-80
-125
-172
-198
-203
-200
-183
-140
-74
-12
20
18
-2
-29
-53
-62
-45
-13
14
20
12
0
-20
-59
-110
-146
-138
-86
-21
30
59
68
54
24
-7
-23
-17
1
14
22
24
18
12
9
11
16
19
26
38
44
39
27
20
26
36
43
44
44
46
55
68
80
79
66
52
44
33
6
-42
-98
-141
-151
-130
-88
-47
-17
7
38
72
88
67
22
-23
-47
-53
-48
-39
-29
-18
-7
-3
-15
-32
-35
-7
47
102
138
154
158
147
120
79
30
-15
-47
-46
1
86
176
238
255
225
163
93
40
16
21
45
89
154
220
255
239
181
114
61
33
28
44
77
110
119
94
44
-14
-59
-81
-78
-49
-7
34
55
44
2
-59
-127
-185
-222
-224
-190
-132
-73
-39
-48
-99
-176
-246
-274
-248
-188
-125
-79
-59
-64
-94
-135
-169
-187
-190
-178
-138
-73
-7
26
9
-40
-97
-137
-146
-122
-68
9
91
161
197
190
147
93
51
26
11
-1
-12
-23
-28
-27
-30
-41
-48
-28
25
87
121
116
95
69
31
-30
-92
-118
-100
-58
-15
26
62
79
65
30
5
9
32
52
57
52
40
11
-30
-57
-43
2
40
47
26
3
-8
-7
7
30
52
55
45
49
86
136
170
169
138
87
24
-35
-64
-56
-30
-9
5
23
51
70
71
54
38
23
14
18
51
110
162
175
140
87
45
16
-17
-64
-107
-125
-114
-92
-77
-69
-59
-36
4
58
109
131
114
72
35
12
4
2
12
38
66
70
45
12
0
9
16
1
-33
-69
-89
-87
-71
-54
-41
-22
16
67
107
116
92
61
39
35
39
46
57
64
55
15
-57
-135
-190
-202
-170
-102
-27
25
25
-18
-78
-130
-171
-208
-231
-217
-157
-73
-3
38
52
46
28
2
-5
8
31
40
31
18
8
-10
-49
-93
-108
-68
13
98
154
168
146
102
53
17
5
13
34
54
66
62
40
-6
-63
-111
-129
-112
-69
-14
43
90
103
74
17
-36
-62
-52
-19
35
98
154
190
194
165
114
56
6
-31
-55
-74
-88
-89
-73
-45
-23
-7
9
37
74
109
133
142
138
119
80
32
-19
-56
-74
-72
-60
-52
-58
-73
-81
-65
-28
11
32
36
25
8
-9
-19
-12
14
50
72
72
53
29
14
14
31
53
65
52
15
-34
-76
-102
-104
-86
-53
-5
52
102
132
133
109
71
24
-24
-58
-60
-29
18
54
56
26
-13
-41
-52
-54
-56
-53
-44
-36
-42
-69
-114
-167
-215
-230
-189
-93
26
122
157
134
77
12
-36
-60
-57
-35
-4
16
13
-18
-69
-116
-130
-93
-12
86
157
174
139
69
-11
-81
-119
-110
-58
16
88
149
195
211
191
135
70
18
-17
-44
-69
-90
-97
-89
-81
-77
-84
-91
-77
-30
45
124
174
177
138
78
21
-26
-65
-95
-110
-97
-52
1
31
21
-6
-14
10
43
61
62
60
40
-13
-92
-148
-145
-101
-54
-27
-14
-7
-12
-32
-46
-36
-7
26
52
66
62
35
1
-19
-9
23
65
106
129
122
80
24
-21
-48
-61
-61
-39
2
38
36
-13
-86
-138
-137
-76
13
92
136
146
131
104
64
22
-6
-3
32
79
120
144
149
132
93
38
-8
-21
2
36
52
40
13
-14
-36
-53
-61
-45
-10
32
64
76
66
44
31
34
49
53
36
8
-20
-46
-71
-80
-63
-37
-32
-55
-81
-83
-63
-43
-30
-23
-20
-27
-41
-38
-11
25
41
31
8
-14
-31
-46
-58
-58
-45
-27
-16
-19
-41
-69
-85
-77
-53
-24
5
31
47
38
7
-24
-32
-21
-10
-11
-14
-5
8
13
4
-11
-10
17
59
84
72
28
-22
-56
-63
-50
-23
10
41
59
58
41
19
7
3
-4
-13
-10
26
83
125
119
67
4
-44
-69
-74
-59
-34
-10
-4
-8
-4
20
46
45
6
-52
-96
-104
-71
-6
75
135
142
87
4
-57
-60
-18
36
73
84
78
57
27
-4
-29
-39
-28
6
50
85
97
90
71
38
-16
-78
-114
-103
-51
13
67
92
78
28
-38
-92
-115
-96
-43
28
91
128
136
131
120
105
88
68
45
10
-34
-73
-90
-83
-72
-72
-85
-98
-94
-70
-27
25
79
124
141
118
70
27
9
1
-9
-24
-31
-27
-29
-52
-82
-94
-84
-66
-54
-56
-62
-61
-43
-13
12
16
2
-16
-21
-17
-10
3
25
51
63
50
26
14
19
23
0
-47
-94
-109
-89
-58
-36
-26
-18
-10
0
11
26
46
66
82
86
74
41
-3
-39
-57
-53
-37
-15
12
31
39
35
27
23
19
13
4
-6
-11
-9
-6
-2
-3
0
10
21
24
17
10
7
5
-3
-14
-16
-6
8
19
26
24
14
2
3
23
57
89
111
118
101
60
9
-31
-49
-50
-44
-23
16
60
82
70
37
9
-5
-9
-17
-39
-71
-97
-104
-92
-67
-34
-2
17
14
-5
-27
-38
-39
-33
-27
-21
-16
-12
-5
10
32
49
52
40
16
-8
-18
-2
35
75
90
73
38
2
-25
-36
-32
-15
6
19
21
23
36
61
92
112
104
68
20
-11
-9
23
62
83
78
60
46
40
39
45
60
83
94
77
38
-3
-37
-61
-84
-103
-110
-99
-64
-12
46
91
105
73
-2
-90
-147
-145
-96
-51
-48
-88
-137
-168
-170
-143
-94
-33
24
50
35
-9
-63
-102
-114
-98
-70
-38
-6
28
54
60
48
34
29
31
30
24
19
17
18
12
2
-6
-1
24
61
91
95
65
11
-47
-84
-82
-39
21
67
80
69
53
45
46
55
71
87
88
62
23
-9
-21
-27
-39
-54
-57
-42
-20
-3
3
-1
-8
-22
-39
-51
-48
-27
2
21
28
26
31
43
58
62
58
49
43
43
50
65
78
75
49
2
-48
-80
-77
-38
9
36
35
20
10
13
16
14
15
26
49
78
97
91
56
2
-53
-92
-103
-79
-30
22
50
49
27
-6
-40
-70
-88
-92
-86
-74
-49
-13
16
23
6
-10
-12
-1
12
20
22
8
-26
-71
-108
-120
-114
-96
-79
-67
-57
-40
-14
17
50
87
126
159
171
155
123
87
50
10
-27
-54
-62
-49
-15
34
85
117
113
75
18
-42
-96
-133
-142
-121
-80
-34
5
45
97
158
203
200
143
59
-18
-65
-72
-45
-3
26
21
-26
-95
-158
-184
-155
-76
10
57
43
-15
-78
-112
-99
-30
81
186
230
191
102
13
-54
-101
-129
-133
-109
-74
-40
-8
26
39
5
-75
-152
-169
-108
4
127
213
232
184
104
48
38
63
85
77
39
-14
-62
-83
-67
-19
46
109
159
187
186
157
113
73
44
13
-30
-71
-85
-63
-22
14
33
36
16
-35
-105
-159
-166
-129
-67
-3
53
84
78
36
-27
-86
-121
-121
-87
-36
12
35
30
8
-9
-14
-5
0
-14
-50
-87
-106
-94
-52
8
70
118
148
159
147
104
32
-44
-102
-129
-127
-103
-65
-27
-5
4
19
49
79
89
64
12
-46
-102
-137
-147
-132
-100
-60
-18
17
31
25
9
3
21
60
104
133
132
98
40
-18
-53
-53
-31
-6
9
18
29
46
63
69
66
52
24
-15
-53
-71
-52
2
70
127
140
110
58
16
0
8
26
41
47
43
32
27
25
22
