
10
13
19
22
20
16
14
14
12
5
0
-1
4
9
14
20
26
26
23
20
18
16
12
12
13
15
14
14
13
13
13
9
4
-1
-3
-1
5
12
17
21
21
19
18
17
14
9
7
8
10
13
13
17
22
25
22
17
15
17
18
18
16
16
18
20
24
26
26
23
18
14
13
14
17
21
24
26
27
26
24
22
17
13
13
15
17
16
14
14
16
16
18
20
25
27
27
26
25
26
26
26
26
26
26
26
25
25
24
20
15
12
14
19
23
24
25
25
26
26
26
24
21
17
14
12
16
20
24
25
25
26
27
27
26
25
22
19
15
12
14
16
16
15
15
15
15
15
15
15
15
15
17
21
23
26
26
25
22
17
9
3
2
5
5
6
8
13
17
16
11
6
4
3
5
8
12
14
16
16
16
15
15
15
15
15
15
15
15
18
22
26
26
27
25
23
21
17
14
13
16
18
20
22
26
27
26
18
13
13
16
17
15
16
21
26
27
25
22
18
15
14
14
16
16
15
15
15
16
17
20
25
27
24
19
13
13
15
17
15
14
15
16
16
15
14
16
17
17
17
21
25
28
24
19
17
16
17
22
27
28
26
23
24
23
18
13
14
16
17
14
14
16
17
15
13
14
17
15
13
14
15
13
8
7
12
18
18
17
16
22
27
27
21
16
13
13
14
17
21
24
25
25
23
19
13
13
15
18
19
18
21
26
28
26
24
25
25
22
17
13
12
12
7
4
3
6
9
13
16
19
21
26
31
32
28
23
18
16
13
11
9
9
11
10
9
7
9
17
24
32
39
46
52
48
32
9
-12
-28
-37
-40
-35
-23
-1
18
34
40
39
37
34
26
9
-11
-22
-22
-17
-19
-27
-30
-21
-9
-3
-4
-3
7
20
27
27
30
34
35
26
9
-4
-10
-15
-20
-18
-11
-1
7
10
12
11
9
7
8
11
15
16
14
12
10
7
3
-4
-12
-17
-17
-15
-15
-12
-1
10
15
14
12
14
13
6
-3
-8
-7
-6
-5
-3
-1
3
9
18
24
26
24
22
19
13
6
3
5
7
8
9
13
13
6
-2
-8
-8
-5
-2
4
12
20
26
29
30
29
20
7
-9
-21
-29
-32
-32
-30
-23
-13
-2
4
6
3
2
2
3
0
-3
3
13
21
23
22
23
30
39
41
38
34
33
27
13
-15
-40
-54
-53
-39
-11
33
93
154
197
207
186
141
85
21
-39
-90
-119
-119
-94
-61
-29
2
37
76
105
114
106
99
97
89
62
26
-5
-21
-39
-67
-93
-103
-92
-73
-59
-47
-30
-6
14
22
17
12
10
13
15
13
8
-4
-17
-33
-53
-76
-99
-110
-98
-70
-37
-7
22
51
78
87
76
52
36
32
36
38
32
27
33
46
47
34
13
-1
-13
-29
-52
-64
-47
-9
31
58
78
105
127
126
88
35
-11
-40
-76
-132
-187
-210
-200
-175
-155
-133
-92
-38
11
42
60
72
76
60
27
-18
-63
-99
-125
-133
-125
-100
-64
-20
21
45
44
26
16
31
72
126
200
307
436
530
525
407
230
54
-102
-251
-388
-465
-434
-296
-110
60
190
303
410
481
473
386
278
191
111
-4
-149
-272
-338
-370
-403
-426
-392
-287
-151
-27
70
159
234
278
272
219
133
38
-53
-133
-203
-258
-282
-266
-225
-187
-165
-145
-103
-40
28
80
109
129
146
159
157
139
110
87
62
24
-20
-52
-51
-32
-19
-21
-27
-20
3
29
44
48
47
56
74
84
73
55
57
78
87
56
13
-9
-12
-33
-85
-133
-138
-108
-81
-66
-40
3
42
52
44
47
74
108
119
105
79
43
-8
-69
-126
-163
-177
-170
-143
-96
-44
-2
25
45
65
76
68
51
39
36
23
-11
-57
-91
-100
-91
-87
-94
-96
-76
-37
-9
-1
2
29
65
77
58
35
30
31
14
-13
-22
-5
20
38
53
68
71
56
26
-3
-32
-60
-79
-70
-35
14
64
115
159
184
181
152
110
61
6
-45
-75
-76
-60
-36
-9
13
24
16
-7
-32
-39
-9
69
188
329
462
552
571
492
323
89
-165
-393
-556
-631
-614
-513
-348
-138
89
295
449
535
557
522
433
291
111
-78
-249
-386
-488
-554
-578
-557
-492
-385
-246
-98
32
126
192
239
255
218
134
32
-62
-149
-242
-325
-371
-375
-357
-338
-312
-273
-222
-176
-124
-57
15
71
105
131
150
139
79
-7
-70
-94
-86
-65
-26
24
65
72
37
-10
-34
-10
83
260
527
859
1179
1368
1322
1038
606
150
-275
-673
-1020
-1203
-1108
-745
-277
122
406
641
867
1019
1000
805
541
307
110
-98
-323
-501
-575
-567
-552
-577
-616
-595
-479
-319
-195
-125
-38
135
346
471
442
330
253
227
169
15
-189
-351
-439
-501
-585
-683
-733
-670
-493
-262
-61
88
230
404
568
636
572
440
316
222
124
-4
-143
-253
-311
-325
-311
-282
-234
-155
-45
73
172
242
290
311
293
245
197
174
157
106
13
-85
-146
-168
-183
-203
-214
-192
-138
-76
-20
28
65
101
144
193
225
219
178
132
86
23
-62
-131
-141
-104
-68
-57
-42
10
87
146
154
113
46
-22
-73
-105
-138
-174
-193
-176
-135
-105
-101
-103
-87
-67
-58
-58
-53
-42
-35
-36
-32
-29
-47
-86
-124
-143
-148
-159
-169
-155
-104
-42
3
22
36
63
94
105
89
56
23
-9
-47
-87
-118
-119
-91
-37
30
95
145
168
163
135
82
15
-39
-47
5
105
241
415
624
831
958
936
751
442
75
-298
-624
-842
-904
-801
-555
-195
241
669
965
1038
915
704
478
216
-122
-475
-707
-734
-612
-467
-360
-262
-139
-20
31
0
-68
-121
-151
-179
-210
-213
-154
-37
80
142
150
147
157
124
0
-182
-321
-373
-382
-406
-417
-351
-202
-28
122
241
325
364
363
344
302
202
49
-84
-122
-76
-28
-28
-49
-41
3
45
47
-4
-89
-160
-178
-160
-156
-192
-224
-194
-101
-14
16
2
-18
-31
-61
-126
-214
-303
-387
-454
-479
-444
-368
-296
-238
-162
-56
17
-13
-130
-242
-279
-259
-232
-212
-184
-166
-186
-242
-277
-212
15
420
968
1612
2321
2986
3304
2873
1597
-77
-1472
-2322
-2905
-3470
-3734
-3187
-1792
-141
1160
2018
2677
3215
3431
3157
2457
1528
529
-407
-1143
-1597
-1802
-1853
-1816
-1718
-1557
-1311
-983
-650
-417
-279
-107
201
597
967
1260
1467
1534
1409
1166
908
595
74
-650
-1326
-1757
-2025
-2297
-2468
-2241
-1535
-647
56
511
897
1327
1701
1851
1705
1342
933
621
408
158
-213
-588
-786
-807
-839
-977
-1084
-999
-758
-504
-253
94
529
902
1137
1318
1517
1626
1511
1219
903
599
207
-302
-797
-1157
-1403
-1583
-1623
-1414
-998
-553
-184
159
558
965
1246
1311
1161
855
466
66
-279
-554
-772
-938
-1022
-998
-879
-707
-514
-312
-122
23
106
157
218
289
321
272
162
39
-61
-142
-218
-283
-320
-311
-263
-201
-146
-76
28
133
166
103
-5
-105
-219
-393
-594
-734
-759
-666
-417
67
808
1736
2768
3790
4498
4395
3210
1301
-554
-1876
-2860
-3891
-4828
-4998
-3959
-2084
-230
1063
1921
2712
3477
3868
3590
2720
1606
541
-366
-1077
-1544
-1772
-1852
-1882
-1848
-1697
-1452
-1221
-1075
-980
-859
-641
-263
285
889
1351
1577
1682
1806
1893
1712
1137
328
-451
-1089
-1677
-2286
-2777
-2884
-2470
-1704
-941
-388
50
605
1281
1771
1777
1371
953
830
918
880
549
111
-142
-169
-211
-448
-748
-830
-640
-417
-369
-407
-310
-41
229
392
517
670
774
717
555
434
373
246
-21
-348
-622
-820
-950
-969
-847
-664
-523
-410
-227
27
197
159
-49
-291
-494
-647
-719
-671
-531
-371
-178
109
459
690
667
469
261
71
-208
-582
-893
-1004
-962
-877
-749
-534
-303
-208
-282
-408
-499
-596
-687
-542
106
1241
2583
3908
5148
6062
6021
4455
1625
-1357
-3495
-4805
-5952
-7063
-7288
-5791
-2917
5
2005
3260
4444
5648
6254
5727
4222
2361
653
-723
-1765
-2470
-2839
-2944
-2911
-2817
-2641
-2344
-1977
-1678
-1498
-1306
-898
-212
643
1491
2179
2592
2738
2802
2938
2950
2396
1124
-408
-1599
-2391
-3195
-4131
-4662
-4209
-2934
-1605
-708
-20
906
2047
2886
3012
2550
2000
1739
1710
1569
1076
361
-211
-453
-561
-868
-1425
-1946
-2157
-2088
-1948
-1792
-1441
-745
217
1212
2067
2718
3131
3256
3054
2530
1717
704
-362
-1339
-2175
-2887
-3395
-3490
-3038
-2197
-1310
-589
43
728
1398
1807
1796
1452
972
482
-2
-461
-840
-1091
-1204
-1163
-951
-617
-303
-143
-143
-193
-199
-196
-299
-546
-817
-909
-712
-310
101
389
552
638
645
560
419
269
69
-259
-664
-957
-1034
-1022
-1073
-1063
-620
502
2176
4027
5662
6694
6696
5425
3155
617
-1552
-3245
-4700
-5927
-6481
-5872
-4132
-1868
222
1865
3203
4361
5137
5149
4275
2851
1389
159
-865
-1731
-2297
-2402
-2133
-1789
-1563
-1415
-1255
-1143
-1193
-1347
-1396
-1200
-773
-158
636
1522
2310
2870
3236
3412
3188
2348
1026
-382
-1657
-2876
-4016
-4678
-4468
-3534
-2428
-1469
-493
701
1911
2715
2939
2757
2423
2071
1729
1361
898
368
-29
-133
-117
-365
-987
-1628
-1895
-1806
-1636
-1452
-1057
-373
381
990
1493
2004
2397
2415
2029
1488
972
383
-429
-1358
-2108
-2497
-2561
-2375
-1948
-1319
-633
-9
573
1134
1528
1524
1108
523
-1
-463
-948
-1400
-1658
-1658
-1474
-1166
-706
-119
441
813
971
988
916
751
477
100
-344
-754
-1014
-1103
-1138
-1198
-1169
-876
-364
72
201
97
16
125
433
932
1693
2788
4145
5436
6103
5640
4023
1836
-204
-1873
-3475
-5174
-6502
-6713
-5583
-3661
-1680
106
1864
3639
5069
5700
5408
4429
3072
1551
35
-1264
-2169
-2642
-2757
-2604
-2274
-1909
-1642
-1491
-1358
-1178
-996
-868
-715
-362
255
999
1684
2259
2778
3197
3331
3022
2303
1312
105
-1319
-2820
-4045
-4653
-4566
-3958
-3046
-1966
-811
337
1402
2290
2863
3026
2874
2636
2414
2055
1421
669
119
-142
-360
-772
-1295
-1686
-1850
-1879
-1820
-1586
-1125
-539
44
612
1206
1740
2028
1976
1706
1410
1145
795
243
-478
-1190
-1721
-2009
-2111
-2109
-2034
-1837
-1435
-829
-168
336
574
605
556
490
379
186
-84
-372
-577
-598
-400
-95
127
160
72
3
-2
-58
-295
-678
-1027
-1160
-1070
-872
-673
-460
-174
185
517
700
672
449
105
-276
-604
-763
-592
75
1309
3006
4842
6301
6771
5862
3773
1266
-926
-2710
-4470
-6222
-7236
-6741
-4878
-2614
-714
896
2625
4387
5564
5694
4879
3561
2103
698
-538
-1524
-2214
-2563
-2553
-2280
-1944
-1688
-1498
-1339
-1272
-1352
-1480
-1465
-1210
-767
-190
516
1344
2223
3033
3620
3814
3527
2825
1802
437
-1287
-3084
-4394
-4822
-4501
-3855
-3124
-2233
-1081
223
1436
2337
2801
2847
2675
2498
2302
1882
1212
603
369
374
180
-417
-1151
-1661
-1899
-2058
-2214
-2215
-1899
-1265
-419
549
1550
2439
3057
3312
3186
2669
1781
633
-570
-1647
-2515
-3140
-3443
-3324
-2766
-1895
-895
96
983
1636
1912
1765
1297
676
8
-671
-1312
-1797
-1996
-1841
-1384
-759
-114
438
832
1042
1051
870
537
125
-303
-700
-1007
-1140
-1029
-702
-279
95
364
515
509
288
-114
-543
-856
-1023
-999
-619
307
1748
3461
5205
6722
7493
6845
4628
1632
-1059
-3129
-5076
-7103
-8435
-8092
-6148
-3691
-1584
284
2372
4521
6002
6315
5621
4384
2892
1258
-360
-1687
-2510
-2804
-2711
-2411
-2028
-1629
-1294
-1134
-1205
-1461
-1794
-2087
-2189
-1926
-1235
-255
843
2062
3441
4729
5412
5191
4253
2917
1191
-1064
-3540
-5415
-6042
-5559
-4658
-3812
-2891
-1528
292
2061
3150
3352
3032
2741
2647
2425
1745
806
186
185
479
519
155
-335
-722
-1116
-1672
-2253
-2542
-2414
-1984
-1322
-357
869
2043
2852
3272
3406
3163
2335
1010
-375
-1468
-2290
-2963
-3366
-3278
-2733
-1983
-1173
-286
566
1092
1160
971
750
446
-86
-730
-1173
-1296
-1222
-1026
-630
-50
458
671
657
607
518
245
-192
-575
-774
-882
-983
-963
-691
-263
81
247
324
349
210
-155
-572
-789
-742
-504
-11
1033
2831
5132
7221
8270
7779
5862
3197
583
-1647
-3753
-5979
-7869
-8474
-7360
-5178
-3020
-1289
479
2680
4874
6167
6170
5286
4106
2798
1270
-334
-1578
-2187
-2344
-2418
-2523
-2483
-2189
-1792
-1557
-1598
-1853
-2164
-2328
-2142
-1548
-694
260
1355
2672
4014
4939
5194
4908
4212
2916
812
-1773
-4034
-5358
-5749
-5571
-5086
-4333
-3255
-1788
-7
1695
2753
2958
2752
2729
2920
2817
2156
1337
936
998
1055
717
25
-742
-1422
-1997
-2449
-2710
-2700
-2377
-1732
-814
241
1256
2100
2700
3004
2952
2536
1831
947
-48
-1107
-2088
-2748
-2921
-2682
-2266
-1794
-1189
-397
397
888
956
746
433
45
-433
-883
-1118
-1065
-804
-423
59
587
992
1104
944
693
451
110
-467
-1163
-1636
-1652
-1317
-904
-540
-144
319
700
809
608
198
-320
-876
-1323
-1393
-821
489
2399
4619
6747
8225
8372
6815
3986
977
-1418
-3439
-5753
-8145
-9326
-8347
-5843
-3316
-1395
571
3127
5590
6779
6430
5308
4076
2683
963
-697
-1721
-2055
-2142
-2251
-2224
-1899
-1479
-1299
-1444
-1767
-2169
-2624
-2966
-2897
-2292
-1334
-222
1078
2631
4162
5184
5517
5398
4942
3768
1492
-1483
-4070
-5479
-5851
-5789
-5545
-4889
-3623
-1927
-208
1174
2044
2461
2704
2998
3211
2977
2244
1510
1318
1613
1802
1432
629
-201
-882
-1534
-2232
-2814
-3070
-2950
-2512
-1754
-655
621
1728
2417
2745
2889
2843
2416
1533
400
-674
-1524
-2118
-2453
-2551
-2490
-2304
-1890
-1193
-460
-88
-173
-371
-356
-226
-297
-607
-839
-720
-302
206
691
1097
1300
1208
894
515
104
-420
-1046
-1595
-1888
-1893
-1689
-1338
-884
-402
29
373
588
582
268
-254
-634
-459
492
2145
4256
6471
8236
8773
7505
4690
1461
-1107
-3011
-5082
-7577
-9392
-9095
-6642
-3528
-1105
760
2955
5452
7081
6988
5657
4139
2738
1076
-832
-2258
-2700
-2554
-2470
-2459
-2091
-1379
-894
-992
-1397
-1742
-2057
-2453
-2643
-2226
-1279
-252
690
1822
3217
4372
4758
4467
3950
3256
1919
-265
-2670
-4330
-4892
-4837
-4776
-4702
-4082
-2611
-715
781
1409
1442
1519
1971
2535
2730
2396
1880
1653
1811
1971
1709
1009
209
-453
-1063
-1767
-2448
-2834
-2806
-2443
-1812
-932
72
972
1660
2187
2544
2567
2185
1566
891
129
-760
-1546
-1913
-1881
-1771
-1753
-1665
-1382
-1075
-958
-962
-875
-681
-554
-549
-534
-419
-254
-67
202
560
882
1093
1268
1431
1385
921
158
-529
-946
-1263
-1713
-2225
-2501
-2358
-1897
-1325
-741
-138
450
891
1068
1051
1163
1858
3407
5585
7639
8660
8147
6328
3957
1742
-160
-2147
-4608
-7257
-9073
-9099
-7364
-4877
-2572
-410
2201
5213
7577
8260
7343
5757
4143
2398
364
-1572
-2849
-3405
-3601
-3614
-3274
-2527
-1716
-1231
-1130
-1231
-1395
-1541
-1528
-1244
-759
-183
536
1500
2561
3382
3827
4051
4086
3560
2102
-60
-2125
-3436
-4018
-4371
-4813
-5102
-4683
-3281
-1282
484
1423
1689
1958
2627
3343
3422
2704
1799
1423
1612
1767
1400
645
-47
-505
-930
-1513
-2163
-2688
-2975
-2915
-2349
-1296
-121
781
1391
1969
2547
2792
2476
1792
1046
268
-641
-1529
-2071
-2198
-2153
-2107
-1963
-1637
-1257
-967
-710
-420
-256
-417
-773
-947
-750
-353
28
385
788
1172
1395
1427
1317
1048
564
-53
-624
-1073
-1499
-1974
-2354
-2418
-2147
-1761
-1440
-1121
-630
-3
497
731
963
1678
3127
5135
7254
8925
9484
8374
5682
2329
-614
-2919
-5201
-7782
-9836
-10056
-8129
-5141
-2405
-155
2249
5008
7260
7935
6946
5206
3542
1987
217
-1615
-2883
-3227
-2938
-2516
-2100
-1565
-999
-763
-1058
-1648
-2148
-2396
-2424
-2215
-1666
-771
342
1538
2724
3742
4378
4537
4281
3617
2358
415
-1825
-3613
-4462
-4577
-4529
-4552
-4283
-3245
-1495
292
1377
1597
1463
1622
2199
2675
2497
1776
1226
1325
1732
1727
1111
385
12
-175
-640
-1453
-2236
-2674
-2763
-2547
-1933
-929
178
1079
1759
2341
2739
2708
2206
1465
669
-210
-1164
-1949
-2325
-2322
-2138
-1813
-1267
-600
-125
-25
-145
-272
-433
-794
-1315
-1702
-1718
-1372
-783
-30
816
1570
2036
2156
2020
1696
1156
397
-456
-1250
-1928
-2480
-2806
-2759
-2379
-1926
-1599
-1306
-856
-308
128
555
1491
3309
5745
8107
9784
10339
9356
6710
3067
-425
-3205
-5727
-8423
-10577
-10840
-8843
-5737
-2872
-426
2250
5249
7631
8409
7544
5786
3813
1830
-110
-1777
-2867
-3277
-3121
-2595
-1893
-1245
-870
-849
-1095
-1508
-2082
-2759
-3257
-3216
-2524
-1381
7
1605
3320
4747
5443
5389
4921
4150
2749
503
-2119
-4195
-5153
-5173
-4824
-4467
-3991
-3036
-1472
291
1493
1747
1497
1527
2012
2365
2132
1666
1609
1952
2068
1620
956
489
110
-497
-1261
-1833
-2139
-2412
-2663
-2507
-1692
-537
406
952
1339
1765
2113
2163
1873
1364
738
52
-624
-1201
-1631
-1888
-1931
-1742
-1434
-1181
-1030
-834
-481
-126
-78
-431
-917
-1192
-1184
-1042
-829
-428
199
876
1403
1768
2037
2100
1766
1051
211
-601
-1474
-2429
-3162
-3314
-2912
-2342
-1858
-1376
-752
-66
569
1279
2326
3811
5642
7631
9346
9940
8616
5535
1986
-770
-2747
-4938
-7696
-9874
-9962
-7845
-4927
-2499
-444
2116
5228
7704
8370
7284
5469
3708
2000
115
-1741
-3081
-3666
-3648
-3241
-2559
-1753
-1087
-755
-766
-1070
-1632
-2261
-2589
-2383
-1802
-1106
-216
1125
2795
4194
4852
4891
4640
4004
2558
264
-2199
-3977
-4765
-4916
-4906
-4805
-4290
-3074
-1325
351
1373
1682
1748
2036
2509
2719
2406
1891
1725
2019
2249
1857
908
-43
-640
-1066
-1638
-2301
-2744
-2814
-2585
-2071
-1172
25
1139
1847
2174
2308
2269
1954
1395
746
64
-682
-1379
-1795
-1891
-1883
-1890
-1738
-1287
-752
-444
-338
-176
36
-8
-394
-736
-670
-345
-189
-291
-312
-3
483
870
1100
1270
1362
1244
865
312
-344
-1100
-1898
-2550
-2847
-2749
-2385
-1924
-1451
-954
-402
236
1022
2085
3564
5485
7622
9382
9905
8525
5442
1835
-1049
-3038
-5006
-7479
-9571
-9773
-7743
-4760
-2237
-226
2141
5041
7407
8099
7115
5359
3547
1744
-122
-1807
-2963
-3509
-3578
-3228
-2462
-1487
-719
-432
-553
-858
-1275
-1815
-2322
-2472
-2080
-1250
-184
1024
2283
3384
4136
4540
4613
4094
2621
309
-2064
-3673
-4367
-4611
-4814
-4854
-4314
-3014
-1285
229
1047
1241
1345
1780
2370
2575
2213
1769
1813
2285
2544
2136
1260
407
-232
-839
-1538
-2189
-2603
-2776
-2745
-2385
-1543
-368
717
1427
1870
2287
2651
2666
2149
1258
318
-473
-1093
-1550
-1805
-1837
-1697
-1479
-1259
-1083
-964
-876
-777
-662
-569
-515
-472
-406
-336
-269
-133
168
582
904
994
950
967
1028
885
390
-286
-876
-1349
-1821
-2223
-2294
-1976
-1556
-1299
-1110
-771
-350
-34
357
1345
3183
5525
7781
9485
10141
9140
6351
2655
-670
-3219
-5634
-8281
-10240
-10159
-7935
-4961
-2542
-583
1827
4839
7391
8318
7510
5775
3869
1988
100
-1620
-2853
-3441
-3459
-3035
-2311
-1544
-1044
-916
-986
-1065
-1202
-1528
-1929
-2065
-1731
-1025
-106
1015
2297
3446
4123
4319
4266
3911
2811
764
-1657
-3493
-4314
-4497
-4593
-4655
-4297
-3258
-1724
-182
902
1360
1436
1594
2057
2532
2547
2085
1674
1744
2091
2133
1615
823
125
-453
-1096
-1823
-2452
-2824
-2894
-2593
-1809
-607
677
1683
2341
2765
2944
2691
1951
957
19
-770
-1472
-2046
-2330
-2249
-1907
-1456
-1006
-659
-474
-358
-161
32
-96
-643
-1200
-1276
-907
-571
-494
-371
114
776
1176
1180
1039
954
843
557
104
-433
-1015
-1615
-2101
-2322
-2270
-2075
-1825
-1498
-1076
-647
-300
94
866
2273
4262
6524
8619
9921
9673
7515
4075
663
-1944
-4182
-6800
-9425
-10577
-9318
-6429
-3550
-1383
731
3489
6403
8181
8081
6525
4467
2500
670
-1071
-2526
-3396
-3559
-3149
-2417
-1621
-1002
-720
-754
-954
-1235
-1637
-2126
-2421
-2206
-1465
-462
616
1793
3025
4031
4543
4571
4198
3248
1485
-848
-2962
-4195
-4587
-4659
-4718
-4551
-3768
-2310
-610
701
1284
1364
1482
1897
2305
2284
1906
1669
1822
2030
1852
1314
766
318
-254
-1032
-1758
-2173
-2360
-2487
-2437
-1957
-1082
-154
614
1327
2087
2693
2847
2512
1889
1128
245
-690
-1475
-1967
-2217
-2333
-2320
-2119
-1745
-1286
-792
-295
100
221
12
-358
-611
-603
-433
-302
-279
-235
-6
405
834
1136
1288
1288
1062
554
-135
-828
-1440
-1974
-2367
-2487
-2338
-2103
-1901
-1622
-1111
-422
316
1214
2598
4614
6968
9047
10142
9612
7262
3768
425
-1962
-3846
-6160
-8749
-10140
-9153
-6370
-3458
-1241
929
3764
6663
8212
7793
6125
4258
2543
787
-1008
-2479
-3337
-3596
-3357
-2667
-1708
-880
-505
-555
-794
-1122
-1583
-2098
-2379
-2166
-1446
-393
803
1985
3008
3764
4218
4323
3916
2788
953
-1192
-3033
-4146
-4570
-4661
-4659
-4422
-3615
-2193
-594
582
1090
1213
1417
1881
2364
2506
2268
1977
1946
2091
2034
1558
838
143
-485
-1167
-1881
-2435
-2719
-2760
-2530
-1893
-871
210
1030
1596
2086
2461
2476
2069
1478
882
190
-691
-1558
-2096
-2263
-2260
-2159
-1858
-1393
-1012
-813
-559
-57
426
431
-36
-455
-421
-121
6
-125
-199
7
353
598
722
835
912
787
381
-174
-718
-1214
-1686
-2067
-2232
-2151
-1940
-1711
-1462
-1126
-644
59
1136
2729
4816
7116
9083
10006
9267
6827
3461
245
-2365
-4776
-7369
-9538
-10040
-8390
-5540
-2878
-795
1389
4123
6750
8098
7688
6034
3950
1901
22
-1595
-2850
-3668
-3926
-3465
-2390
-1236
-607
-606
-810
-872
-935
-1318
-1952
-2366
-2181
-1432
-373
796
1937
2872
3479
3819
3973
3750
2755
890
-1321
-3058
-3903
-4098
-4139
-4183
-3953
-3123
-1748
-318
615
889
867
1083
1675
2235
2303
1928
1605
1669
1917
1919
1531
958
376
-254
-988
-1716
-2259
-2541
-2548
-2220
-1512
-561
352
1063
1643
2202
2626
2629
2065
1133
210
-491
-1020
-1488
-1844
-1936
-1737
-1421
-1188
-1083
-998
-819
-526
-214
-63
-202
-525
-732
-627
-363
-220
-206
-42
405
863
982
787
588
517
380
-35
-660
-1268
-1713
-1958
-1991
-1829
-1579
-1352
-1177
-1033
-891
-596
200
1797
4088
6577
8735
10140
10280
8666
5446
1697
-1412
-3769
-6160
-8817
-10617
-10182
-7572
-4279
-1541
796
3479
6400
8466
8797
7534
5438
3090
757
-1303
-2805
-3687
-4077
-3968
-3225
-2009
-948
-576
-762
-962
-980
-1150
-1674
-2165
-2104
-1503
-739
115
1336
2862
4065
4466
4294
3962
3259
1593
-961
-3380
-4672
-4835
-4599
-4453
-4238
-3538
-2215
-547
901
1611
1533
1224
1311
1762
1937
1484
890
915
1596
2184
2041
1304
547
32
-458
-1148
-1917
-2457
-2614
-2442
-1999
-1281
-339
636
1451
2042
2403
2451
2095
1418
665
-19
-694
-1387
-1907
-2010
-1743
-1404
-1210
-1115
-1002
-857
-693
-471
-231
-162
-361
-617
-624
-391
-209
-194
-125
178
510
549
317
145
195
267
107
-289
-773
-1235
-1610
-1818
-1857
-1858
-1913
-1912
-1718
-1374
-954
-230
1221
3494
6135
8496
10049
10264
8639
5298
1358
-1884
-4236
-6552
-9147
-10842
-10160
-7224
-3716
-928
1422
4137
6921
8535
8319
6855
5009
2988
669
-1607
-3158
-3736
-3707
-3418
-2820
-1835
-797
-205
-221
-626
-1193
-1821
-2353
-2521
-2192
-1499
-592
580
2073
3606
4660
4955
4650
3968
2763
746
-1870
-4209
-5385
-5308
-4664
-4132
-3721
-2919
-1411
429
1772
2072
1597
1171
1320
1711
1631
956
404
660
1486
2011
1795
1228
828
508
-172
-1276
-2344
-2942
-3043
-2794
-2202
-1226
-29
1098
2011
2718
3133
3025
2301
1213
163
-645
-1280
-1848
-2274
-2370
-2062
-1491
-929
-592
-506
-536
-530
-449
-404
-519
-776
-970
-874
-479
-24
244
344
511
864
1221
1311
1097
778
488
136
-421
-1142
-1833
-2332
-2575
-2541
-2261
-1884
-1583
-1389
-1152
-700
71
1267
3025
5335
7854
9866
10509
9173
6032
2169
-1153
-3600
-5897
-8532
-10612
-10578
-8095
-4599
-1669
595
3087
5946
8093
8538
7472
5743
3770
1503
-849
-2664
-3555
-3735
-3577
-3111
-2233
-1152
-368
-192
-524
-1101
-1742
-2297
-2556
-2359
-1758
-883
256
1698
3217
4332
4725
4550
4119
3348
1786
-686
-3350
-5121
-5518
-5045
-4545
-4284
-3767
-2419
-378
1473
2258
1938
1324
1224
1612
1782
1293
580
431
1037
1788
2003
1615
1024
511
5
-660
-1485
-2314
-2943
-3125
-2682
-1699
-541
469
1321
2133
2807
3023
2632
1849
983
128
-757
-1569
-2075
-2202
-2094
-1875
-1504
-975
-509
-342
-427
-492
-427
-423
-643
-892
-801
-276
358
736
828
871
1007
1116
1004
630
115
-377
-719
-885
-989
-1183
-1447
-1555
-1394
-1188
-1227
-1458
-1581
-1497
-1356
-1048
-24
2084
4889
7592
9679
10876
10629
8335
4332
21
-3450
-6247
-9022
-11328
-11738
-9646
-6205
-3012
-380
2462
5737
8447
9478
8752
6995
4787
2303
-215
-2284
-3569
-4141
-4190
-3705
-2642
-1294
-228
186
21
-461
-1145
-2012
-2821
-3121
-2625
-1484
-56
1459
3018
4427
5302
5438
4991
4135
2697
424
-2376
-4772
-5959
-5957
-5425
-4877
-4213
-3011
-1135
951
2432
2763
2192
1566
1496
1727
1557
840
265
495
1332
1981
1989
1582
1131
644
-73
-1032
-2041
-2881
-3337
-3187
-2370
-1173
-21
927
1821
2751
3472
3591
2951
1778
456
-725
-1650
-2283
-2584
-2517
-2143
-1609
-1033
-464
20
272
231
39
-150
-393
-816
-1239
-1238
-690
-15
342
458
705
1098
1259
1012
638
397
115
-468
-1215
-1756
-1989
-2111
-2187
-2047
-1663
-1312
-1199
-1185
-1033
-720
-255
633
2309
4755
7443
9636
10589
9673
6824
2971
-460
-2884
-5064
-7804
-10371
-10951
-8792
-5237
-2162
70
2476
5527
8196
9142
8195
6236
4022
1731
-531
-2383
-3517
-3978
-3901
-3262
-2136
-990
-361
-319
-494
-673
-1042
-1762
-2528
-2780
-2278
-1247
7
1398
2875
4151
4839
4855
4428
3641
2196
-131
-2857
-4937
-5684
-5398
-4904
-4564
-3964
-2567
-502
1429
2424
2344
1755
1377
1423
1489
1140
554
390
951
1726
1958
1540
1016
754
476
-273
-1445
-2548
-3186
-3312
-2996
-2254
-1171
8
1077
2025
2878
3450
3453
2812
1751
586
-516
-1485
-2221
-2594
-2560
-2199
-1658
-1104
-710
-573
-613
-630
-547
-513
-695
-959
-954
-533
31
391
550
769
1110
1307
1145
761
413
114
-291
-801
-1224
-1485
-1710
-1955
-2043
-1833
-1483
-1258
-1178
-1073
-888
-693
-313
728
2731
5413
8099
10122
10880
9812
6840
2839
-879
-3770
-6400
-9204
-11323
-11284
-8795
-5257
-2253
44
2549
5680
8557
9824
8922
6481
3649
1212
-731
-2384
-3733
-4433
-4212
-3243
-2030
-1031
-443
-274
-423
-756
-1220
-1851
-2522
-2814
-2345
-1184
252
1710
3177
4475
5193
5170
4687
3866
2290
-340
-3329
-5374
-5867
-5396
-4834
-4366
-3576
-2158
-288
1494
2553
2575
1947
1508
1634
1824
1456
761
557
1129
1871
2099
1791
1295
739
25
-823
-1664
-2459
-3183
-3555
-3184
-2062
-667
516
1436
2325
3205
3727
3522
2593
1338
176
-774
-1632
-2437
-2973
-2985
-2473
-1698
-957
-432
-170
-78
26
214
277
-36
-594
-896
-644
-124
162
131
152
487
957
1202
1094
752
346
-43
-392
-755
-1211
-1736
-2120
-2162
-1896
-1566
-1354
-1234
-1100
-927
-694
-245
665
2174
4214
6571
8830
10231
9855
7353
3568
48
-2377
-4329
-6801
-9485
-10705
-9317
-6140
-2988
-582
1892
5093
8169
9585
8851
6856
4638
2487
294
-1753
-3250
-4018
-4123
-3603
-2536
-1324
-536
-379
-534
-685
-949
-1575
-2382
-2769
-2341
-1282
-20
1254
2561
3755
4526
4753
4606
4120
2919
677
-2170
-4500
-5490
-5364
-4975
-4757
-4322
-3092
-1111
892
2138
2407
2108
1854
1931
2088
1878
1261
771
948
1651
2154
1934
1183
420
-172
-815
-1651
-2500
-3088
-3305
-3117
-2445
-1318
-15
1121
2010
2731
3219
3237
2707
1864
972
44
-983
-1961
-2590
-2745
-2570
-2232
-1774
-1242
-772
-465
-243
-6
189
209
77
-20
22
104
90
22
74
313
598
727
643
470
349
269
75
-357
-979
-1606
-2071
-2287
-2252
-2030
-1746
-1512
-1329
-1110
-764
-209
704
2160
4227
6689
9026
10447
10120
7737
4025
399
-2277
-4469
-7122
-9998
-11450
-10178
-6843
-3418
-1006
1077
3909
7179
9294
9121
7096
4551
2353
493
-1284
-2895
-4008
-4383
-3983
-2958
-1717
-835
-625
-834
-996
-1048
-1317
-1884
-2281
-2035
-1219
-196
949
2329
3729
4629
4842
4666
4218
3015
701
-2127
-4271
-5140
-5182
-5086
-4953
-4413
-3228
-1530
303
1742
2321
2053
1578
1547
1907
2052
1709
1313
1372
1753
1886
1498
836
220
-350
-1043
-1876
-2666
-3233
-3446
-3184
-2372
-1136
196
1325
2197
2908
3432
3537
3035
2044
916
-101
-1009
-1874
-2598
-2965
-2873
-2434
-1858
-1313
-882
-565
-304
-64
102
105
-14
-85
-26
54
44
27
184
510
813
966
1010
968
715
185
-425
-856
-1114
-1426
-1842
-2099
-1962
-1576
-1275
-1179
-1120
-959
-748
-485
105
1382
3419
5909
8367
10212
10702
9218
5924
2011
-1170
-3357
-5479
-8212
-10705
-11198
-8981
-5299
-2007
373
2772
5851
8742
9867
8697
6207
3653
1422
-746
-2817
-4267
-4721
-4330
-3456
-2334
-1228
-547
-497
-784
-1016
-1258
-1849
-2651
-2961
-2314
-1025
315
1550
2847
4103
4919
5125
4848
4022
2269
-419
-3203
-5014
-5563
-5454
-5308
-5070
-4253
-2636
-611
1061
1821
1747
1503
1712
2313
2660
2348
1748
1536
1851
2146
1899
1182
419
-208
-866
-1701
-2560
-3172
-3417
-3280
-2704
-1675
-412
735
1644
2510
3441
4100
3983
3025
1709
529
-461
-1457
-2420
-3030
-3070
-2688
-2228
-1880
-1564
-1067
-310
512
1021
976
521
51
-186
-255
-323
-392
-325
-69
287
646
962
1164
1109
729
140
-466
-1025
-1606
-2201
-2609
-2622
-2268
-1785
-1372
-1026
-691
-401
-189
134
934
2472
4687
7237
9558
10843
10272
7677
3987
631
-1771
-3912
-6695
-9717
-11308
-10278
-7276
-4051
-1500
1006
4242
7619
9571
9274
7431
5255
3206
1085
-1105
-2895
-3928
-4253
-4021
-3290
-2290
-1487
-1105
-883
-588
-507
-1016
-1838
-2214
-1839
-1140
-505
301
1609
3125
4189
4598
4680
4524
3635
1619
-1076
-3431
-4781
-5249
-5330
-5285
-4973
-4101
-2551
-614
1049
1843
1824
1700
2099
2821
3068
2468
1610
1352
1746
2004
1506
506
-350
-885
-1428
-2154
-2813
-3140
-3157
-2907
-2206
-977
407
1454
2143
2835
3592
3951
3495
2400
1173
78
-954
-1953
-2749
-3191
-3292
-3097
-2597
-1843
-1036
-345
227
719
1018
946
528
15
-364
-578
-695
-701
-520
-149
296
687
958
1066
965
641
161
-407
-1058
-1775
-2378
-2584
-2306
-1817
-1477
-1333
-1121
-668
-114
355
880
1866
3566
5852
8253
10040
10336
8609
5301
1757
-886
-2764
-4926
-7788
-10229
-10583
-8442
-5133
-2248
-4
2540
5806
8711
9694
8422
6065
3887
2055
47
-2194
-3975
-4658
-4311
-3463
-2552
-1765
-1177
-786
-542
-505
-838
-1494
-2032
-2003
-1444
-720
66
1156
2588
3896
4613
4785
4668
4101
2592
95
-2608
-4517
-5274
-5298
-5181
-5071
-4596
-3311
-1278
739
1846
1887
1665
2040
2897
3312
2764
1818
1404
1654
1852
1409
518
-263
-736
-1126
-1647
-2270
-2871
-3289
-3258
-2547
-1304
-56
808
1449
2272
3274
3926
3748
2818
1618
501
-513
-1502
-2396
-3024
-3292
-3233
-2907
-2361
-1667
-944
-282
305
791
1058
968
563
86
-237
-407
-550
-671
-625
-343
46
361
534
574
459
193
-131
-432
-781
-1285
-1826
-2111
-2002
-1695
-1460
-1334
-1187
-979
-741
-305
724
2599
5116
7737
9882
10963
10383
7895
4144
467
-2206
-4230
-6626
-9481
-11370
-10734
-7680
-3935
-924
1588
4600
7976
10160
9893
7645
4945
2692
625
-1627
-3692
-4857
-4883
-4085
-2862
-1550
-565
-226
-395
-645
-870
-1367
-2207
-2873
-2800
-2011
-894
389
1896
3420
4514
5043
5246
5083
3970
1571
-1425
-3779
-4925
-5327
-5624
-5789
-5322
-3972
-2028
-79
1332
1933
1928
1891
2223
2690
2727
2218
1721
1755
2095
2044
1316
344
-326
-699
-1195
-2030
-2978
-3652
-3812
-3335
-2215
-730
605
1505
2223
3130
4076
4427
3836
2616
1285
0
-1322
-2560
-3425
-3830
-3902
-3632
-2873
-1715
-583
208
766
1275
1579
1369
707
7
-473
-827
-1172
-1369
-1220
-746
-130
483
992
1243
1148
816
423
-53
-757
-1649
-2413
-2763
-2700
-2413
-2018
-1517
-924
-316
207
560
753
1024
1841
3586
6125
8688
10224
9964
7856
4659
1499
-983
-3152
-5787
-8786
-10787
-10441
-7962
-4902
-2345
145
3408
7014
9375
9476
7887
5868
3954
1862
-541
-2745
-4118
-4515
-4196
-3418
-2369
-1332
-632
-386
-438
-621
-984
-1622
-2363
-2762
-2488
-1619
-452
869
2356
3859
4979
5435
5277
4571
3078
650
-2151
-4272
-5202
-5446
-5735
-5971
-5387
-3630
-1325
541
1527
1932
2314
2965
3690
3968
3452
2430
1625
1419
1440
1073
246
-576
-1062
-1357
-1747
-2264
-2753
-3047
-2939
-2220
-985
247
1045
1580
2375
3495
4310
4179
3136
1756
491
-622
-1702
-2737
-3576
-4048
-4001
-3391
-2380
-1275
-293
539
1212
1591
1544
1134
555
-64
-654
-1071
-1157
-942
-625
-288
197
868
1412
1455
1008
430
-53
-550
-1190
-1828
-2225
-2333
-2260
-2034
-1599
-1017
-486
-154
-23
19
216
963
2596
5038
7711
9805
10557
9480
6703
3161
33
-2314
-4603
-7475
-10223
-11192
-9571
-6334
-3144
-593
1999
5159
8161
9639
9019
6994
4618
2319
-20
-2303
-3992
-4655
-4395
-3618
-2579
-1394
-337
236
250
-95
-684
-1560
-2563
-3174
-2996
-2159
-1024
338
2016
3754
4999
5537
5645
5412
4313
1861
-1466
-4386
-5983
-6447
-6549
-6622
-6241
-4833
-2452
80
1792
2397
2514
2963
3830
4359
3896
2714
1735
1475
1544
1241
421
-443
-915
-1082
-1323
-1838
-2492
-3005
-3129
-2700
-1739
-528
575
1489
2438
3534
4427
4582
3860
2646
1363
62
-1381
-2859
-4018
-4597
-4577
-4007
-2929
-1543
-236
723
1403
1931
2126
1666
617
-481
-1144
-1385
-1473
-1448
-1109
-380
530
1340
1865
1976
1612
906
130
-614
-1470
-2456
-3200
-3278
-2732
-2011
-1390
-718
175
1042
1435
1232
802
657
1134
2393
4448
6972
9124
9831
8517
5646
2452
-78
-2028
-4277
-7214
-9871
-10636
-8916
-5760
-2633
131
3198
6667
9364
10016
8699
6571
4436
2184
-358
-2705
-4204
-4761
-4659
-3989
-2772
-1460
-698
-530
-418
-199
-431
-1450
-2568
-2798
-2093
-1225
-547
435
2082
3890
5138
5776
6081
5723
3950
785
-2569
-4840
-5878
-6417
-6920
-7050
-6225
-4316
-1798
568
2168
2926
3384
4136
5041
5224
4108
2275
931
577
571
127
-679
-1182
-1146
-1052
-1385
-2036
-2579
-2788
-2665
-2180
-1330
-332
572
1464
2597
3823
4522
4273
3349
2306
1270
-44
-1699
-3272
-4298
-4687
-4557
-3923
-2788
-1384
-76
944
1684
2075
1930
1255
378
-333
-804
-1133
-1297
-1108
-507
297
997
1405
1469
1191
670
73
-512
-1192
-2058
-2866
-3137
-2665
-1787
-999
-408
224
949
1406
1233
537
-175
-389
226
1848
4385
7256
9446
10048
8804
6237
3253
525
-1965
-4711
-7814
-10342
-10912
-9107
-5986
-2901
-72
3167
6808
9579
10220
8868
6709
4528
2199
-457
-2945
-4544
-5051
-4756
-3893
-2579
-1185
-269
-37
-168
-372
-845
-1840
-3017
-3584
-3154
-2072
-832
551
2289
4212
5767
6577
6628
5851
3941
881
-2561
-5267
-6704
-7221
-7362
-7139
-6104
-4032
-1321
1203
2881
3641
3952
4306
4658
4465
3353
1714
440
38
167
137
-277
-704
-791
-703
-886
-1501
-2263
-2800
-2959
-2743
-2132
-1123
157
1517
2844
4011
4733
4688
3857
2553
1045
-619
-2343
-3738
-4437
-4491
-4194
-3577
-2440
-884
554
1429
1803
1917
1722
1054
80
-749
-1203
-1397
-1410
-1088
-358
494
1058
1192
1070
888
668
292
-373
-1297
-2186
-2645
-2532
-2118
-1729
-1363
-793
-16
632
822
539
12
-462
-509
312
2242
5022
7917
10026
10585
9246
6351
2851
-386
-3284
-6316
-9431
-11527
-11390
-9041
-5733
-2570
487
3924
7402
9705
10001
8670
6665
4435
1889
-800
-2956
-4078
-4325
-4088
-3429
-2301
-1094
-441
-477
-749
-972
-1414
-2274
-3071
-3111
-2374
-1433
-494
886
2937
5041
6330
6638
6357
5516
3604
474
-3001
-5590
-6856
-7319
-7539
-7359
-6203
-3906
-1078
1331
2760
3376
3780
4358
4847
4577
3265
1501
298
108
417
439
11
-394
-473
-524
-983
-1831
-2659
-3174
-3320
-3002
-2073
-650
822
2028
3054
4055
4805
4850
4033
2614
931
-820
-2449
-3688
-4376
-4566
-4331
-3616
-2426
-1020
225
1102
1600
1722
1427
772
-27
-713
-1113
-1182
-978
-613
-152
412
1026
1469
1526
1226
766
205
-594
-1631
-2553
-2957
-2821
-2465
-2091
-1585
-797
133
871
1210
1152
763
161
-316
-101
1267
3736
6684
9201
10449
9962
7861
4798
1544
-1553
-4639
-7807
-10500
-11656
-10596
-7746
-4351
-1343
1368
4342
7435
9515
9556
7758
5282
2985
852
-1341
-3287
-4427
-4636
-4220
-3406
-2271
-1142
-557
-664
-1065
-1419
-1872
-2568
-3095
-2867
-1895
-700
493
1959
3777
5402
6236
6246
5659
4336
1956
-1240
-4318
-6422
-7431
-7730
-7554
-6734
-5025
-2519
211
2377
3527
3917
4208
4649
4744
3865
2151
528
-218
-150
95
111
-10
-79
-200
-618
-1362
-2204
-2906
-3341
-3362
-2785
-1599
-120
1254
2424
3572
4728
5474
5263
3970
2058
135
-1512
-2900
-4012
-4679
-4750
-4256
-3337
-2143
-865
232
958
1328
1439
1269
752
61
-408
-426
-190
-34
9
203
670
1150
1268
909
268
-416
-1041
-1598
-2046
-2286
-2218
-1828
-1227
-597
-48
437
890
1213
1204
776
74
-611
-1003
-880
-29
1683
4166
6992
9382
10396
9353
6414
2692
-532
-2916
-5210
-8003
-10497
-11018
-8885
-5317
-2120
254
2765
5981
8886
9902
8661
6239
3812
1680
-347
-2178
-3457
-4052
-4084
-3630
-2764
-1847
-1367
-1396
-1504
-1407
-1385
-1800
-2422
-2583
-1987
-971
110
1376
3030
4757
5904
6188
5829
4899
2998
-78
-3565
-6135
-7132
-7074
-6796
-6391
-5290
-3181
-519
1862
3393
4022
4073
3967
3864
3469
2407
905
-144
-101
613
966
518
-193
-548
-681
-1153
-2075
-2968
-3381
-3249
-2657
-1603
-192
1237
2437
3511
4593
5363
5204
3926
2060
307
-1127
-2473
-3791
-4729
-4899
-4327
-3375
-2329
-1239
-141
759
1274
1439
1400
1168
653
-20
-471
-469
-219
-86
-107
-3
338
651
627
272
-198
-683
-1218
-1737
-2042
-2000
-1664
-1166
-596
-37
411
690
801
741
462
-32
-625
-1119
-1264
-743
725
3121
5989
8587
10133
9975
7887
4452
925
-1747
-3820
-6231
-9009
-10738
-10014
-7178
-3931
-1315
1205
4410
7723
9605
9300
7505
5344
3268
1157
-972
-2834
-4185
-4884
-4759
-3786
-2421
-1392
-1032
-1038
-992
-938
-1211
-1825
-2324
-2285
-1733
-934
72
1481
3255
4920
5971
6271
5855
4504
1948
-1448
-4562
-6413
-7012
-7046
-6872
-6141
-4445
-1984
551
2537
3721
4198
4281
4242
4002
3200
1787
407
-151
146
527
355
-213
-641
-810
-1069
-1662
-2422
-3029
-3289
-3085
-2329
-1088
340
1671
2871
4003
4898
5154
4534
3230
1661
84
-1467
-2938
-4113
-4772
-4867
-4445
-3521
-2182
-748
351
937
1185
1323
1339
1100
630
115
-305
-598
-721
-594
-250
120
334
362
258
32
-325
-747
-1123
-1390
-1512
-1402
-1012
-502
-172
-119
-94
146
449
433
18
-454
-675
-677
-493
232
1977
4682
7564
9585
9975
8488
5546
2152
-762
-3163
-5753
-8697
-10834
-10695
-8231
-4988
-2392
-345
2183
5442
8321
9486
8667
6658
4338
2048
-200
-2277
-3909
-4876
-5086
-4528
-3386
-2144
-1318
-993
-819
-595
-602
-1137
-1890
-2191
-1820
-1175
-533
410
1975
3815
5204
5820
5783
5015
3133
176
-2998
-5383
-6658
-7128
-7044
-6353
-4982
-3045
-777
1484
3249
4157
4359
4359
4314
3810
2551
1035
172
251
629
541
-47
-594
-806
-932
-1316
-1946
-2584
-3050
-3191
-2743
-1558
52
1489
2488
3306
4205
4909
4858
3845
2195
370
-1351
-2805
-3858
-4517
-4889
-4911
-4285
-2892
-1181
156
842
1180
1525
1834
1809
1332
597
-104
-562
-693
-567
-384
-286
-197
27
300
317
-71
-644
-1079
-1296
-1402
-1416
-1257
-946
-630
-319
150
796
1291
1293
861
358
-37
-455
-886
-876
175
2411
5324
8020
9583
9388
7453
4543
1655
-846
-3404
-6417
-9306
-10759
-9992
-7551
-4701
-2162
345
3345
6628
9142
9826
8499
5950
3220
825
-1324
-3378
-5059
-5820
-5405
-4140
-2669
-1464
-624
-22
382
403
-189
-1304
-2419
-2951
-2727
-1970
-848
729
2725
4669
5988
6501
6305
5238
2931
-442
-3851
-6184
-7170
-7301
-6985
-6137
-4538
-2276
256
2527
4014
4487
4307
4113
4036
3509
2158
598
-125
179
621
387
-336
-843
-942
-1077
-1586
-2291
-2830
-3024
-2815
-2120
-989
291
1459
2572
3792
4920
5391
4826
3426
1729
74
-1515
-3024
-4251
-4972
-5151
-4839
-4025
-2722
-1191
125
1000
1583
2063
2327
2120
1479
759
204
-267
-749
-1066
-1004
-687
-482
-512
-561
-477
-435
-642
-961
-1055
-844
-589
-516
-528
-385
-30
385
706
877
888
709
343
-164
-728
-1167
-1130
-192
1836
4653
7501
9414
9615
7932
5025
2013
-433
-2672
-5453
-8593
-10648
-10285
-7790
-4752
-2221
284
3595
7198
9402
9178
7228
4993
3103
1201
-1004
-3145
-4638
-5207
-4832
-3601
-1932
-587
-70
-117
-144
-160
-723
-1973
-3165
-3439
-2777
-1758
-629
893
2875
4767
5975
6454
6347
5349
2973
-502
-3850
-5916
-6612
-6679
-6631
-6236
-4969
-2733
-67
2203
3494
3838
3799
3884
3973
3483
2204
757
21
164
504
366
-196
-661
-793
-887
-1320
-2071
-2782
-3091
-2838
-2041
-865
417
1580
2611
3619
4542
5019
4691
3565
2002
350
-1255
-2774
-4095
-5066
-5578
-5484
-4615
-3058
-1349
-77
726
1528
2512
3168
2896
1846
772
143
-253
-750
-1262
-1489
-1389
-1143
-834
-457
-151
-120
-333
-542
-640
-732
-843
-793
-482
-86
212
462
745
927
833
556
281
-83
-787
-1690
-2126
-1470
318
2837
5630
8197
9766
9542
7410
4259
1296
-1043
-3337
-6201
-9143
-10672
-9768
-7006
-3935
-1376
1210
4474
7774
9533
8938
6760
4333
2211
124
-2057
-3881
-4816
-4758
-3960
-2759
-1516
-606
-169
-46
-123
-598
-1629
-2815
-3402
-3071
-2219
-1300
-158
1622
3891
5851
6843
6878
6174
4575
1816
-1681
-4757
-6454
-6825
-6610
-6282
-5590
-4055
-1676
930
2965
4010
4243
4181
4121
3837
2911
1418
98
-346
-33
233
-85
-689
-956
-796
-730
-1187
-1967
-2526
-2570
-2224
-1706
-1053
-154
1056
2482
3856
4805
5021
4481
3422
2089
549
-1204
-3034
-4639
-5718
-6080
-5655
-4539
-3029
-1487
-56
1350
2714
3676
3793
3052
1933
925
120
-656
-1415
-1937
-2034
-1766
-1326
-859
-464
-244
-233
-317
-328
-233
-147
-149
-183
-150
-16
208
517
861
1087
1016
604
-42
-765
-1458
-2013
-2212
-1736
-331
2002
4919
7804
9901
10493
9197
6311
2840
-157
-2457
-4781
-7675
-10363
-11175
-9302
-5778
-2338
423
3222
6445
9084
9737
8275
5890
3632
1528
-750
-2928
-4321
-4656
-4249
-3459
-2400
-1230
-311
88
6
-433
-1238
-2288
-3115
-3240
-2676
-1777
-636
1009
3171
5247
6539
6916
6629
5610
3426
84
-3441
-5882
-6823
-6917
-6925
-6775
-5741
-3415
-326
2413
3998
4460
4427
4380
4176
3338
1836
397
-172
85
320
-66
-715
-897
-556
-354
-744
-1443
-1979
-2315
-2621
-2701
-2146
-954
412
1647
2873
4149
5065
5160
4479
3383
1965
54
-2214
-4240
-5510
-6008
-5940
-5315
-4045
-2313
-502
1161
2631
3726
4084
3572
2527
1405
366
-657
-1595
-2191
-2318
-2117
-1764
-1274
-642
-16
392
530
504
383
145
-183
-450
-498
-298
45
369
526
466
301
199
143
-78
-567
-1093
-1341
-1313
-1255
-1107
-291
1744
4792
7822
9625
9525
7689
4957
2275
-25
-2419
-5449
-8675
-10668
-10279
-7836
-4804
-2288
-115
2519
5699
8354
9204
7986
5633
3285
1317
-581
-2545
-4117
-4722
-4321
-3375
-2326
-1381
-698
-433
-554
-871
-1326
-2004
-2735
-2984
-2361
-1060
478
2100
3849
5470
6455
6569
5921
4495
2050
-1218
-4338
-6300
-7011
-7112
-6976
-6254
-4474
-1784
1053
3236
4399
4707
4611
4394
3888
2753
1103
-348
-933
-711
-320
-229
-349
-375
-270
-275
-603
-1251
-2046
-2712
-2926
-2495
-1538
-414
624
1673
2927
4252
5115
5039
4026
2472
727
-1102
-2913
-4404
-5229
-5306
-4812
-3921
-2662
-1075
607
2017
2865
3065
2732
2075
1290
482
-322
-1081
-1711
-2119
-2224
-1949
-1317
-554
28
322
535
864
1169
1102
559
-143
-581
-627
-475
-387
-476
-637
-657
-411
-55
111
-10
-176
-159
-104
-354
-899
-1193
-560
1256
3937
6738
8721
9089
7655
5076
2405
215
-1817
-4355
-7337
-9634
-9943
-8087
-5221
-2563
-153
2772
6222
8860
9333
7818
5686
3810
1877
-550
-2992
-4558
-5035
-4870
-4322
-3283
-1945
-942
-614
-594
-502
-572
-1158
-1912
-2040
-1301
-205
841
2016
3492
4832
5429
5254
4683
3683
1744
-1192
-4180
-6017
-6404
-6058
-5691
-5208
-4001
-1816
829
3046
4241
4457
4192
3884
3514
2711
1315
-203
-1070
-1003
-534
-428
-833
-1196
-1024
-530
-398
-964
-1830
-2324
-2177
-1657
-1086
-454
431
1576
2721
3588
4036
4006
3448
2408
1058
-406
-1863
-3182
-4153
-4593
-4487
-3941
-3029
-1819
-496
694
1626
2316
2721
2678
2135
1323
533
-180
-939
-1719
-2266
-2360
-2028
-1464
-822
-180
409
894
1217
1284
1022
527
64
-200
-380
-682
-1043
-1164
-887
-390
46
332
514
567
387
-35
-576
-1113
-1505
-1437
-444
1692
4572
7281
8893
8904
7379
4868
2140
-310
-2608
-5204
-8001
-9955
-9890
-7744
-4684
-1852
737
3675
6812
8965
9123
7532
5276
3049
803
-1556
-3628
-4887
-5230
-4865
-3932
-2540
-1083
-101
248
273
202
-154
-977
-1908
-2280
-1831
-846
351
1727
3221
4435
4962
4837
4306
3257
1303
-1434
-4010
-5457
-5739
-5598
-5485
-5035
-3633
-1281
1296
3243
4140
4146
3771
3450
3133
2372
979
-482
-1163
-905
-468
-571
-1011
-1042
-461
88
-50
-766
-1459
-1800
-1900
-1873
-1595
-967
-125
773
1741
2801
3694
4040
3738
3011
2054
834
-665
-2197
-3416
-4166
-4492
-4386
-3762
-2668
-1354
-52
1150
2150
2702
2651
2186
1657
1128
353
-732
-1718
-2098
-1848
-1400
-1085
-792
-265
446
987
1103
870
514
144
-266
-693
-1026
-1164
-1090
-825
-416
35
373
516
503
382
121
-318
-856
-1344
-1632
-1515
-664
1163
3782
6526
8561
9214
8186
5714
2632
-128
-2347
-4632
-7362
-9703
-10148
-8198
-5023
-2169
92
2609
5681
8191
8760
7340
5138
3158
1344
-719
-2795
-4159
-4493
-4124
-3424
-2442
-1238
-175
412
591
541
156
-705
-1675
-2072
-1701
-1027
-400
443
1816
3372
4416
4759
4737
4360
3083
659
-2147
-4192
-5126
-5508
-5826
-5787
-4757
-2640
-92
2033
3265
3678
3643
3485
3207
2527
1281
-191
-1178
-1265
-771
-383
-381
-409
-86
376
385
-283
-1228
-1954
-2361
-2581
-2549
-2051
-1105
18
1166
2399
3638
4476
4560
3966
2995
1742
142
-1632
-3122
-4041
-4480
-4583
-4241
-3306
-1934
-485
830
1967
2782
3038
2704
2064
1366
583
-347
-1195
-1610
-1535
-1257
-1030
-801
-413
95
495
620
492
236
-45
-286
-460
-587
-706
-782
-690
-351
144
563
738
678
495
237
-108
-513
-884
-1172
-1402
-1479
-1050
286
2547
5220
7524
8763
8494
6688
3905
1098
-1134
-3107
-5490
-8094
-9604
-8872
-6279
-3333
-986
1158
3775
6471
8028
7794
6306
4456
2544
444
-1661
-3235
-3966
-4016
-3607
-2750
-1525
-349
349
561
530
245
-541
-1728
-2695
-2896
-2396
-1588
-548
938
2783
4413
5345
5602
5350
4371
2317
-560
-3308
-5087
-5838
-6033
-5937
-5342
-3944
-1796
592
2495
3423
3497
3321
3308
3162
2294
752
-600
-987
-582
-178
-208
-404
-381
-195
-189
-559
-1250
-2091
-2805
-3041
-2657
-1906
-1168
-450
597
2112
3660
4612
4738
4276
3491
2416
1020
-549
-2055
-3345
-4318
-4769
-4488
-3546
-2336
-1207
-159
959
2033
2661
2611
2095
1484
871
133
-673
-1241
-1401
-1351
-1317
-1195
-747
-74
392
409
199
104
136
49
-262
-641
-895
-956
-819
-490
-93
185
302
433
693
892
734
211
-375
-790
-1120
-1516
-1824
-1575
-364
1810
4507
7013
8578
8685
7316
5005
2474
76
-2403
-5227
-7975
-9550
-9137
-7093
-4578
-2276
162
3196
6275
8121
8067
6680
4926
3145
1170
-943
-2732
-3840
-4248
-4001
-3076
-1703
-452
247
478
488
170
-741
-2042
-3027
-3200
-2695
-1849
-647
1089
3129
4844
5798
6044
5733
4713
2742
-10
-2884
-5158
-6450
-6777
-6378
-5493
-4180
-2335
-45
2143
3503
3835
3685
3647
3591
2865
1300
-350
-1134
-914
-394
-224
-384
-473
-353
-288
-573
-1214
-1964
-2541
-2766
-2587
-2067
-1323
-416
684
2005
3406
4537
5023
4718
3788
2526
1100
-467
-2123
-3630
-4663
-5011
-4690
-3861
-2733
-1477
-187
1067
2126
2723
2710
2259
1713
1219
623
-182
-991
-1486
-1607
-1536
-1367
-1021
-503
-35
188
222
232
241
138
-108
-373
-521
-512
-402
-283
-213
-136
91
504
902
1036
877
580
181
-449
-1325
-2206
-2788
-2889
-2334
-877
1517
4404
7017
8679
8987
7803
5395
2476
-294
-2891
-5689
-8450
-10015
-9402
-7012
-4247
-1955
297
3176
6267
8241
8261
6783
4845
2911
774
-1580
-3498
-4285
-3988
-3245
-2457
-1528
-413
470
656
169
-626
-1514
-2429
-3119
-3184
-2527
-1413
-9
1740
3652
5123
5739
5752
5513
4633
2357
-1166
-4552
-6452
-6831
-6623
-6383
-5703
-3955
-1244
1549
3483
4239
4211
4031
3911
3456
2219
437
-997
-1413
-1028
-604
-559
-647
-469
-67
128
-199
-951
-1772
-2346
-2520
-2282
-1738
-1036
-221
835
2192
3554
4359
4274
3533
2626
1729
610
-890
-2494
-3712
-4273
-4220
-3698
-2863
-1925
-1063
-238
722
1754
2455
2488
1963
1287
704
158
-422
-937
-1242
-1313
-1228
-1061
-868
-677
-453
-151
152
262
130
-32
-26
43
-96
-453
-712
-647
-367
-81
207
575
911
977
739
374
-37
-623
-1392
-2068
-2367
-2308
-2034
-1445
-243
1695
4143
6654
8622
9265
8041
5274
2101
-597
-3016
-5802
-8685
-10286
-9576
-7129
-4475
-2347
-115
2946
6271
8358
8364
6881
5064
3369
1484
-741
-2764
-3913
-4080
-3636
-2875
-1891
-918
-357
-340
-575
-809
-1186
-1871
-2560
-2695
-2117
-1121
111
1697
3533
5026
5678
5654
5319
4420
2300
-988
-4253
-6192
-6581
-6177
-5649
-4941
-3641
-1624
731
2761
3898
4044
3643
3241
2866
2068
659
-767
-1384
-1084
-562
-431
-540
-368
127
395
-22
-955
-1871
-2449
-2733
-2776
-2442
-1598
-363
964
2156
3133
3809
4040
3775
3133
2253
1130
-258
-1722
-2879
-3472
-3560
-3356
-2962
-2336
-1471
-504
369
1017
1394
1508
1394
1109
732
333
-19
-289
-474
-569
-549
-429
-305
-269
-293
-282
-232
-275
-496
-760
-847
-699
-487
-402
-422
-367
-124
208
420
413
275
171
165
195
138
-96
-491
-906
-1161
-1226
-1263
-1339
-1110
25
2305
5171
7524
8432
7672
5740
3406
1133
-1199
-3940
-6908
-9107
-9472
-7938
-5540
-3303
-1224
1364
4538
7252
8285
7486
5784
4057
2361
373
-1783
-3498
-4344
-4387
-3872
-2941
-1816
-929
-537
-414
-228
-103
-453
-1228
-1768
-1551
-785
36
852
1948
3271
4306
4691
4559
4058
2873
668
-2137
-4450
-5530
-5639
-5517
-5388
-4765
-3165
-810
1491
3026
3655
3747
3738
3706
3315
2205
552
-870
-1355
-1011
-626
-734
-1038
-943
-449
-185
-570
-1302
-1821
-1958
-1903
-1713
-1210
-332
689
1628
2459
3193
3664
3659
3173
2345
1264
-27
-1350
-2407
-3041
-3317
-3320
-3005
-2356
-1531
-734
11
758
1375
1589
1358
1001
840
827
682
302
-141
-457
-623
-674
-617
-531
-577
-798
-997
-954
-714
-521
-495
-523
-461
-295
-85
139
332
398
295
147
112
182
209
133
59
78
81
-93
-446
-842
-1238
-1687
-2082
-1978
-895
1223
3879
6301
7790
7941
6784
4784
2513
156
-2506
-5473
-7990
-8971
-8079
-6110
-4138
-2381
-216
2712
5674
7420
7380
6078
4379
2617
664
-1408
-3114
-4030
-4184
-3818
-3015
-1815
-567
250
524
549
470
45
-835
-1711
-1978
-1601
-985
-254
886
2462
3899
4646
4776
4551
3699
1699
-1204
-3843
-5215
-5434
-5297
-5164
-4625
-3204
-1040
1204
2872
3680
3767
3502
3151
2619
1631
253
-934
-1339
-1009
-550
-433
-563
-588
-427
-323
-490
-915
-1448
-1918
-2113
-1852
-1177
-375
320
970
1760
2616
3162
3106
2533
1773
1024
272
-548
-1351
-1938
-2162
-2039
-1726
-1401
-1116
-793
-364
90
388
439
336
260
337
548
771
849
728
523
409
403
314
-38
-603
-1149
-1496
-1646
-1676
-1594
-1338
-881
-305
240
624
835
961
1058
1029
735
204
-295
-479
-306
23
280
376
316
97
-306
-876
-1570
-2310
-2924
-3082
-2416
-809
1489
4039
6423
8227
8953
8221
6165
3454
718
-1974
-4855
-7674
-9484
-9440
-7710
-5305
-2975
-554
2405
5560
7743
8078
6836
4990
3131
1172
-959
-2788
-3705
-3643
-3047
-2283
-1407
-484
224
502
367
-127
-1010
-2106
-2868
-2834
-2143
-1230
-148
1425
3417
5103
5833
5669
4959
3640
1427
-1386
-3860
-5282
-5760
-5773
-5478
-4654
-3148
-1110
1049
2767
3575
3499
3108
2885
2623
1792
474
-501
-540
-32
213
-17
-240
-140
-25
-330
-1001
-1637
-2016
-2211
-2249
-1979
-1336
-504
297
1055
1856
2600
3006
2915
2451
1828
1135
385
-319
-832
-1151
-1405
-1611
-1613
-1343
-1004
-854
-855
-714
-314
102
239
149
153
408
709
771
582
381
338
372
288
-1
-420
-829
-1139
-1337
-1472
-1572
-1566
-1320
-804
-187
312
649
926
1173
1255
1068
722
400
129
-176
-478
-615
-554
-499
-655
-978
-1288
-1530
-1795
-2109
-2289
-2012
-1002
826
3268
5864
8057
9315
9195
7535
4738
1704
-895
-3224
-5849
-8594
-10231
-9664
-7208
-4272
-1820
439
3164
6083
7994
8032
6554
4646
2972
1387
-384
-2079
-3114
-3284
-2934
-2451
-1911
-1298
-813
-676
-818
-1024
-1273
-1666
-2046
-2044
-1541
-772
142
1387
2952
4268
4743
4474
3965
3205
1614
-911
-3414
-4778
-4946
-4809
-4918
-4789
-3631
-1436
901
2417
2871
2758
2683
2751
2531
1633
288
-731
-859
-293
278
402
205
50
66
79
-148
-702
-1483
-2225
-2607
-2468
-1960
-1379
-805
-34
1069
2256
3059
3223
2882
2299
1594
778
-83
-829
-1335
-1555
-1486
-1167
-706
-253
111
377
498
378
-4
-518
-980
-1296
-1434
-1325
-913
-290
328
810
1221
1643
1955
1907
1404
632
-140
-800
-1372
-1836
-2084
-2044
-1756
-1290
-678
28
673
1085
1235
1210
1038
647
44
-571
-941
-1019
-949
-872
-781
-607
-351
-128
-87
-309
-697
-1002
-984
-548
350
1842
3950
6180
7572
7426
5955
4043
2314
595
-1647
-4452
-7087
-8554
-8374
-6894
-4893
-2850
-627
2051
4885
6976
7634
7011
5773
4307
2541
460
-1554
-3054
-3929
-4245
-3945
-2988
-1705
-660
-110
131
225
-6
-731
-1667
-2256
-2202
-1607
-631
682
2175
3481
4340
4801
4910
4349
2730
238
-2282
-4043
-4927
-5296
-5364
-4970
-3899
-2218
-288
1404
2460
2783
2686
2588
2541
2162
1224
162
-283
89
691
852
556
274
238
150
-351
-1215
-2102
-2780
-3232
-3415
-3185
-2466
-1358
-11
1466
2883
3900
4247
3974
3343
2505
1438
203
-917
-1630
-1897
-1852
-1584
-1128
-639
-347
-317
-384
-412
-500
-798
-1209
-1410
-1200
-694
-131
412
1046
1806
2507
2852
2677
2055
1199
292
-595
-1451
-2222
-2761
-2901
-2606
-2032
-1422
-906
-425
135
734
1155
1228
1019
776
670
634
464
80
-378
-662
-658
-473
-326
-361
-548
-768
-967
-1186
-1461
-1713
-1738
-1301
-222
1538
3763
5936
7370
7580
6573
4828
2888
929
-1252
-3797
-6314
-7941
-7997
-6593
-4528
-2509
-572
1641
4109
6131
6912
6319
4941
3438
1977
398
-1269
-2611
-3204
-3024
-2421
-1740
-1100
-517
-123
-119
-544
-1195
-1797
-2189
-2291
-1997
-1205
23
1430
2727
3790
4621
5130
5043
4068
2216
-90
-2234
-3799
-4737
-5222
-5357
-5064
-4180
-2692
-868
811
1925
2412
2573
2719
2792
2467
1655
787
440
699
1046
944
401
-160
-475
-706
-1154
-1876
-2667
-3275
-3510
-3232
-2429
-1304
-144
933
2017
3102
3915
4149
3781
3053
2167
1154
30
-1067
-1974
-2609
-2927
-2866
-2447
-1848
-1247
-666
-53
513
864
986
1034
1101
1094
931
719
614
608
570
463
364
285
120
-191
-553
-848
-1064
-1248
-1381
-1388
-1263
-1071
-841
-526
-125
235
406
408
415
546
708
718
556
386
332
290
78
-304
-669
-888
-1020
-1170
-1294
-1266
-1063
-798
-549
-288
17
274
364
308
271
444
945
1843
3081
4335
5022
4676
3392
1795
471
-584
-1828
-3508
-5174
-5981
-5475
-4015
-2401
-1084
162
1783
3701
5198
5562
4772
3465
2239
1169
18
-1235
-2286
-2852
-2914
-2598
-2017
-1312
-727
-435
-353
-280
-220
-359
-711
-955
-771
-177
564
1306
2068
2791
3253
3289
2909
2118
813
-964
-2762
-3963
-4330
-4180
-3909
-3506
-2635
-1163
551
1909
2574
2690
2644
2648
2548
2063
1178
275
-218
-261
-225
-443
-843
-1097
-1067
-975
-1114
-1474
-1788
-1847
-1667
-1353
-891
-204
674
1564
2288
2785
3066
3074
2694
1903
849
-235
-1188
-1971
-2558
-2865
-2801
-2403
-1835
-1224
-565
181
909
1423
1645
1693
1707
1678
1528
1292
1079
913
696
374
7
-344
-709
-1103
-1427
-1585
-1627
-1667
-1651
-1371
-765
-58
463
764
1029
1356
1594
1519
1084
459
-139
-597
-917
-1136
-1250
-1225
-1039
-724
-332
69
400
567
539
398
262
145
-41
-313
-532
-558
-425
-301
-277
-293
-262
-197
-173
-250
-443
-694
-832
-613
118
1310
2756
4178
5200
5383
4516
2913
1209
-241
-1670
-3435
-5322
-6512
-6333
-4924
-3048
-1291
382
2250
4187
5577
5891
5214
4087
2900
1634
164
-1332
-2439
-2902
-2815
-2463
-2078
-1769
-1566
-1434
-1285
-1094
-958
-973
-1059
-982
-569
157
1086
2139
3195
3965
4141
3693
2883
1892
583
-1183
-3068
-4380
-4749
-4482
-4113
-3700
-2816
-1232
625
2020
2593
2608
2550
2597
2536
2101
1325
538
55
-102
-154
-312
-599
-909
-1181
-1431
-1678
-1885
-1994
-1961
-1742
-1274
-545
340
1189
1868
2378
2756
2933
2758
2195
1395
537
-323
-1189
-1936
-2352
-2364
-2113
-1745
-1249
-591
81
546
749
826
866
823
670
518
490
592
762
961
1138
1180
1019
712
361
-25
-505
-1057
-1569
-1939
-2102
-1988
-1578
-992
-422
69
574
1129
1567
1681
1468
1099
709
313
-98
-470
-747
-930
-1027
-1016
-895
-730
-615
-566
-512
-375
-160
46
163
211
291
467
674
777
709
535
331
100
-208
-567
-886
-1090
-1175
-1169
-1098
-984
-852
-700
-488
-159
354
1152
2281
3600
4722
5204
4832
3764
2380
969
-446
-2018
-3748
-5247
-5900
-5380
-4001
-2458
-1175
11
1452
3076
4318
4669
4181
3333
2479
1578
464
-758
-1724
-2176
-2181
-1967
-1652
-1244
-829
-589
-610
-772
-899
-926
-886
-783
-567
-184
401
1200
2100
2815
3077
2889
2453
1826
788
-771
-2462
-3612
-3910
-3685
-3433
-3200
-2584
-1318
301
1639
2284
2321
2128
1982
1865
1572
981
257
-233
-236
103
358
237
-148
-465
-588
-715
-1039
-1470
-1742
-1740
-1542
-1202
-629
212
1136
1864
2290
2496
2535
2316
1733
844
-130
-947
-1485
-1764
-1881
-1898
-1751
-1342
-718
-136
171
224
265
453
698
816
773
718
776
926
1060
1105
1046
871
566
159
-289
-740
-1197
-1622
-1895
-1886
-1606
-1200
-776
-293
335
1039
1606
1852
1773
1484
1089
642
179
-274
-685
-1001
-1130
-1037
-827
-667
-600
-504
-259
70
300
350
316
348
465
552
511
383
286
274
269
168
-24
-214
-329
-387
-428
-429
-361
-263
-217
-216
-162
0
176
236
173
92
53
-4
-147
-341
-492
-569
-621
-667
-633
-400
106
903
1983
3215
4268
4663
4099
2746
1147
-240
-1421
-2692
-4111
-5228
-5433
-4554
-3028
-1464
-97
1254
2750
4146
4920
4743
3782
2509
1285
174
-876
-1799
-2419
-2646
-2543
-2212
-1700
-1088
-582
-399
-548
-785
-863
-743
-546
-322
33
658
1521
2422
3120
3474
3456
3081
2315
1091
-572
-2409
-3945
-4761
-4804
-4387
-3826
-3093
-1888
-122
1788
3161
3643
3471
3139
2878
2507
1774
741
-225
-778
-899
-862
-943
-1181
-1410
-1486
-1452
-1457
-1559
-1667
-1642
-1400
-902
-116
901
1927
2690
3090
3237
3223
2933
2170
953
-397
-1515
-2261
-2733
-3023
-3091
-2836
-2244
-1419
-524
277
859
1187
1340
1415
1410
1242
896
526
329
333
393
366
246
78
-158
-509
-922
-1263
-1452
-1526
-1514
-1336
-898
-233
485
1085
1495
1717
1764
1639
1353
935
425
-103
-552
-853
-1001
-1018
-919
-719
-448
-157
114
334
485
557
561
511
429
350
304
289
269
226
164
68
-103
-348
-567
-662
-662
-674
-710
-648
-409
-94
134
236
294
357
376
296
138
-44
-216
-370
-482
-530
-506
-429
-342
-287
-271
-244
-142
31
177
211
142
39
-75
-233
-427
-558
-536
-377
-126
282
1014
2085
3195
3873
3818
3082
1961
775
-305
-1327
-2438
-3615
-4450
-4400
-3354
-1860
-620
223
1109
2332
3521
4017
3609
2715
1832
1057
227
-662
-1388
-1774
-1864
-1774
-1545
-1201
-874
-717
-709
-698
-614
-571
-664
-761
-604
-102
598
1308
1939
2432
2656
2523
2097
1476
598
-629
-2007
-3028
-3330
-3066
-2693
-2417
-2007
-1169
17
1099
1666
1682
1469
1383
1488
1520
1208
628
167
106
303
354
52
-427
-799
-991
-1155
-1398
-1646
-1726
-1531
-1068
-424
268
882
1361
1752
2090
2302
2232
1788
1057
238
-480
-1004
-1346
-1566
-1701
-1711
-1495
-1023
-431
58
329
465
607
768
851
792
656
539
480
464
482
516
490
324
31
-287
-548
-762
-976
-1172
-1253
-1129
-806
-376
51
417
718
985
1203
1295
1173
836
400
8
-269
-459
-605
-701
-707
-620
-494
-366
-226
-73
34
32
-31
-27
103
268
339
328
345
429
486
434
307
189
79
-95
-345
-589
-742
-762
-636
-378
-85
105
163
206
346
520
565
418
198
45
5
27
39
-15
-130
-214
-175
-52
-4
-106
-234
-214
-45
119
173
152
129
114
90
71
74
79
63
27
-23
-102
-198
-229
-131
41
154
149
89
58
65
72
50
-20
-149
-314
-431
-425
-322
-231
-214
-219
-162
-36
83
123
88
43
33
47
35
-36
-162
-295
-376
-376
-311
-228
-125
92
536
1189
1840
2194
2069
1524
812
192
-262
-710
-1333
-2045
-2457
-2218
-1409
-509
85
433
895
1596
2203
2268
1717
921
305
-39
-309
-641
-936
-1013
-842
-553
-269
-36
102
78
-99
-294
-383
-407
-481
-575
-500
-148
372
846
1171
1355
1405
1295
1026
616
42
-689
-1413
-1856
-1893
-1684
-1468
-1272
-918
-309
390
890
1040
941
811
790
823
740
460
103
-110
-95
14
33
-85
-243
-357
-442
-552
-711
-884
-1001
-974
-745
-344
111
510
814
1067
1298
1465
1462
1201
701
106
-397
-715
-892
-1026
-1137
-1141
-940
-558
-149
123
222
247
304
385
405
346
301
356
482
573
567
486
363
195
-12
-233
-455
-684
-898
-1008
-938
-712
-430
-169
74
321
554
718
776
722
583
397
206
41
-91
-205
-301
-360
-361
-310
-248
-208
-194
-181
-156
-129
-103
-55
32
147
252
330
383
408
387
319
229
129
-7
-196
-394
-531
-577
-562
-507
-395
-217
-22
126
223
314
409
450
382
239
122
96
115
86
-13
-106
-113
-55
-15
-30
-57
-45
-22
-50
-129
-185
-152
-44
66
129
162
208
270
307
286
227
181
159
124
47
-41
-97
-125
-177
-259
-313
-286
-210
-161
-158
-147
-73
47
145
192
211
232
254
251
215
154
86
21
-33
-82
-148
-245
-335
-343
-236
-72
30
13
-76
-139
-137
-96
-67
-62
-59
-16
92
241
349
355
295
263
283
264
120
-105
-293
-393
-461
-529
-547
-470
-345
-243
-146
21
253
434
487
466
470
503
480
358
188
44
-63
-150
-209
-238
-261
-304
-340
-312
-225
-147
-128
-136
-99
-1
101
140
118
83
83
114
130
95
42
56
203
441
644
706
627
476
292
58
-237
-542
-778
-914
-969
-938
-768
-446
-58
277
527
752
972
1084
976
679
355
114
-87
-325
-566
-686
-640
-527
-454
-411
-323
-185
-80
-57
-58
-8
83
154
185
227
313
426
532
616
646
571
382
150
-51
-239
-482
-757
-937
-926
-775
-602
-450
-262
1
285
494
588
595
557
497
410
286
132
-8
-87
-100
-98
-126
-170
-189
-192
-236
-333
-418
-418
-344
-256
-165
-30
160
343
449
492
525
547
499
341
127
-66
-213
-334
-433
-491
-498
-469
-399
-277
-118
23
111
168
237
303
319
275
216
185
177
161
135
111
83
27
-55
-131
-183
-228
-285
-336
-342
-286
-195
-97
4
125
258
370
424
411
348
261
174
103
36
-53
-158
-225
-203
-129
-86
-115
-155
-125
-36
24
12
-23
-13
56
143
219
278
317
331
326
303
239
103
-82
-249
-356
-414
-450
-456
-406
-299
-161
-13
126
224
245
198
143
120
108
55
-36
-109
-116
-69
-23
-11
-25
-35
-26
-20
-42
-91
-135
-152
-132
-79
-2
82
147
180
203
239
262
220
106
-22
-94
-112
-128
-168
-191
-146
-19
170
375
514
480
236
-101
-326
-342
-271
-315
-507
-637
-469
-32
398
580
548
525
606
641
441
41
-332
-531
-617
-702
-750
-650
-410
-162
17
188
387
507
435
244
120
103
51
-114
-255
-210
-41
60
41
39
128
173
48
-160
-275
-299
-380
-538
-572
-346
-3
204
244
299
465
611
583
418
261
153
30
-130
-254
-308
-328
-324
-239
-68
66
59
-18
-9
86
110
-6
-117
-73
93
231
307
388
483
499
410
304
238
124
-116
-385
-510
-479
-434
-441
-392
-191
85
280
365
435
516
523
410
249
129
37
-81
-211
-279
-270
-246
-254
-261
-231
-176
-147
-146
-139
-110
-78
-50
2
82
155
189
205
237
271
256
176
77
5
-60
-150
-250
-315
-333
-338
-344
-320
-244
-145
-72
-11
82
198
277
283
257
240
210
127
11
-72
-107
-146
-214
-269
-258
-215
-200
-209
-179
-81
33
117
182
260
343
389
399
400
386
323
212
99
17
-67
-187
-313
-377
-362
-313
-265
-195
-76
63
168
227
268
300
287
207
99
12
-46
-101
-155
-175
-146
-103
-84
-88
-90
-85
-98
-138
-170
-159
-121
-89
-68
-22
65
152
187
176
157
145
104
25
-61
-123
-170
-224
-265
-250
-189
-138
-122
-91
1
141
282
421
582
735
795
708
508
275
49
-181
-418
-634
-788
-839
-758
-539
-235
69
309
494
650
773
806
695
451
157
-92
-253
-353
-435
-505
-517
-425
-249
-74
14
11
-14
5
58
80
33
-40
-56
11
123
227
307
368
403
399
347
234
30
-256
-537
-695
-699
-630
-575
-509
-344
-65
233
442
531
541
508
445
362
264
139
-23
-166
-213
-150
-75
-98
-215
-314
-317
-252
-214
-246
-301
-292
-174
24
216
337
396
456
542
600
542
356
116
-92
-249
-373
-472
-533
-542
-493
-378
-197
9
167
238
252
268
303
318
270
178
103
79
90
95
75
40
-1
-50
-109
-173
-240
-315
-381
-393
-324
-207
-102
-26
69
220
383
483
484
417
329
238
138
31
-78
-183
-266
-305
-284
-229
-178
-143
-107
-56
-4
29
40
49
68
98
132
169
207
236
245
220
163
80
-13
-108
-201
-285
-338
-351
-321
-257
-163
-44
81
185
251
286
298
282
232
157
71
-11
-82
-134
-156
-150
-128
-108
-93
-81
-73
-65
-56
-48
-41
-31
-2
57
135
204
241
241
214
172
116
45
-41
-124
-183
-205
-193
-161
-115
-63
-8
48
96
123
119
96
71
63
65
61
48
39
37
36
25
3
-32
-77
-121
-151
-164
-174
-177
-151
-78
24
104
139
149
164
184
182
146
87
26
-20
-42
-39
-28
-30
-50
-65
-51
-15
3
-16
-49
-51
-13
29
36
16
9
33
72
93
88
62
27
-9
-36
-46
-52
-70
-93
-101
-81
-47
-16
12
40
65
81
87
86
74
43
1
-26
-33
-34
-46
-66
-73
-60
-36
-17
-17
-41
-72
-88
-81
-69
-70
-75
-55
2
71
113
121
117
117
110
82
37
-8
-45
-84
-119
-133
-116
-83
-61
-40
0
62
114
133
133
137
148
143
110
64
20
-16
-37
-38
-28
-26
-38
-45
-28
2
15
5
-7
-9
-8
-22
-36
-34
-16
1
10
22
39
44
27
2
-7
0
0
-17
-36
-46
-52
-61
-62
-41
-4
22
29
33
50
71
70
45
14
-6
-18
-31
-39
-26
9
53
85
98
93
74
43
2
-45
-92
-130
-144
-128
-94
-49
3
60
108
128
117
91
67
37
-7
-52
-63
-27
28
66
81
94
116
131
116
66
0
-62
-100
-115
-113
-103
-82
-43
11
63
94
105
111
113
98
62
17
-22
-51
-77
-95
-93
-68
-41
-33
-41
-43
-25
-9
-17
-46
-66
-53
-15
15
22
18
26
49
69
68
45
16
-6
-23
-40
-59
-75
-84
-79
-66
-47
-29
-15
-8
-2
11
34
54
60
46
26
15
15
17
9
-8
-25
-37
-38
-26
-8
6
7
6
13
27
42
51
60
72
78
73
58
46
44
40
28
12
0
-6
-10
-12
-4
11
19
17
13
19
32
39
31
24
26
37
42
36
24
11
-8
-35
-58
-68
-70
-79
-88
-78
-44
-9
8
15
28
43
38
6
-30
-49
-59
-69
-73
-56
-22
8
28
39
55
60
40
-4
-53
-89
-109
-115
-107
-88
-53
0
71
142
186
190
166
132
93
37
-34
-103
-146
-154
-138
-104
-54
12
75
125
159
176
163
114
51
7
-1
8
18
31
67
124
186
235
252
207
81
-99
-263
-352
-370
-366
-372
-348
-230
3
266
434
461
423
416
429
345
113
-169
-356
-413
-427
-457
-451
-352
-195
-64
31
127
214
224
145
64
46
52
-1
-83
-84
22
126
132
80
66
81
26
-117
-250
-299
-308
-345
-362
-258
-41
155
239
268
345
450
460
319
109
-57
-148
-209
-266
-302
-297
-245
-146
-1
144
216
204
177
198
244
228
132
28
-11
9
36
53
71
86
77
47
28
19
-27
-116
-182
-160
-76
-15
-9
3
70
158
204
195
165
137
89
20
-44
-84
-120
-167
-201
-184
-135
-98
-92
-72
-14
53
75
51
26
27
36
31
21
12
3
-21
-46
-57
-56
-69
-102
-128
-125
-103
-85
-76
-69
-55
-30
9
53
82
86
83
101
133
140
98
36
-5
-19
-41
-89
-141
-165
-157
-142
-128
-101
-52
8
60
104
150
192
214
204
176
145
104
49
-11
-61
-97
-123
-131
-118
-89
-66
-51
-20
28
74
95
102
121
149
155
132
100
84
72
46
7
-25
-48
-74
-104
-118
-109
-99
-100
-100
-76
-30
11
30
39
53
66
63
46
35
35
30
9
-15
-26
-26
-30
-44
-52
-43
-27
-20
-22
-15
6
26
36
44
64
92
110
108
93
80
72
63
49
27
-2
-29
-37
-29
-23
-37
-61
-67
-44
-17
-10
-13
-5
15
26
20
7
6
12
17
17
25
40
47
38
25
22
25
17
-11
-41
-55
-45
-30
-21
-22
-24
-18
-13
-12
-14
-15
-11
-9
-10
-12
-16
-27
-39
-36
-16
3
-1
-20
-30
-22
-10
-18
-38
-48
-40
-26
-21
-23
-21
-11
5
20
35
43
41
35
34
43
52
51
39
23
9
-4
-16
-23
-22
-15
-12
-13
-9
3
24
46
62
69
67
51
27
7
-7
-16
-30
-45
-51
-40
-20
-7
-6
-5
4
16
19
11
-2
-12
-13
-6
8
23
34
39
42
44
43
36
23
9
-7
-22
-34
-37
-30
-20
-15
-13
-15
-13
-12
-13
-13
-11
-4
4
15
23
29
27
21
17
15
13
7
-5
-22
-36
-41
-37
-31
-26
-22
-12
4
23
45
61
71
77
79
78
71
57
41
21
4
-11
-21
-29
-33
