0
2
4
0
-2
-2
1
2
1
-2
-3
1
8
13
14
12
12
12
14
13
13
17
22
22
18
10
3
-3
-7
-7
-4
3
9
12
11
7
1
-3
-2
6
20
33
37
33
30
28
27
28
31
37
40
40
39
40
36
24
10
1
1
4
6
4
4
4
6
8
15
23
27
25
23
21
17
7
-5
-13
-10
-3
5
12
17
18
16
13
9
4
0
-1
3
8
7
4
6
14
23
26
21
17
13
11
6
3
1
-2
-3
-3
-2
-2
-6
-10
-4
8
22
29
32
32
26
16
7
0
-7
-14
-17
-12
-1
11
17
16
10
7
9
18
29
37
41
39
32
25
20
19
22
26
28
30
31
31
29
24
19
17
17
19
19
20
24
29
37
40
38
32
24
18
14
12
11
16
26
36
46
46
33
13
-6
-16
-20
-18
-10
1
8
7
1
-6
-7
-3
4
13
24
31
34
30
26
22
17
10
5
6
7
8
8
7
5
2
0
-1
0
-2
-8
-13
-14
-10
-4
2
11
23
31
34
30
25
19
13
9
7
8
10
13
16
20
20
19
17
18
22
24
31
38
47
52
49
40
28
14
1
-8
-9
-6
-1
6
18
33
44
43
31
17
10
6
4
3
2
3
1
-1
-2
4
14
22
22
14
5
-4
-9
-10
-8
-4
-1
0
1
6
13
20
28
32
32
25
16
12
9
7
6
7
11
14
17
17
12
6
-1
-2
2
6
4
-1
-3
0
7
14
20
25
21
13
3
-4
-5
0
17
43
70
85
82
59
28
-4
-30
-50
-56
-49
-30
-8
12
29
41
43
39
28
17
10
5
6
5
5
0
-9
-18
-25
-31
-31
-20
-2
17
24
19
11
4
-3
-10
-13
-10
-6
-3
3
13
24
31
28
20
10
-2
-12
-16
-9
0
4
2
-1
1
1
1
1
2
7
13
20
24
20
13
3
-4
-5
1
9
17
21
22
19
18
18
18
17
15
11
9
7
4
2
1
2
9
14
16
15
14
13
15
15
12
7
0
-8
-8
-2
10
26
31
33
34
33
28
15
2
-8
-16
-18
-14
-3
4
3
-5
-9
-4
3
6
5
3
3
4
7
13
21
25
25
21
15
13
12
12
17
21
25
25
25
25
30
35
40
41
39
31
23
22
28
36
39
35
31
27
24
20
21
21
17
12
5
5
11
19
25
26
25
21
18
17
19
23
24
20
9
3
2
6
6
5
6
13
22
23
14
2
-4
0
9
20
26
21
15
10
6
3
1
2
5
7
5
-1
-8
-11
-11
-7
-4
-1
1
8
16
23
26
24
20
12
1
-6
-7
-2
3
7
13
20
29
35
38
39
35
28
19
11
3
-4
-4
1
8
12
10
9
9
10
10
9
12
18
25
27
26
24
20
18
15
14
18
22
31
39
45
44
35
23
7
-5
-8
-4
1
6
8
10
10
10
12
15
17
16
11
7
8
11
14
17
22
27
29
25
21
17
10
-2
-14
-19
-13
-6
1
9
16
23
26
22
14
6
1
2
7
11
15
22
26
28
24
22
19
17
14
13
16
19
19
21
25
28
23
13
3
-3
-9
-15
-11
7
29
44
46
44
43
42
41
41
43
43
36
27
19
14
7
0
-3
2
14
22
21
15
9
6
1
-2
1
10
21
25
24
17
10
6
7
13
19
18
10
3
-1
-2
0
5
11
13
10
3
1
4
10
16
22
26
25
18
7
-1
-3
-2
5
12
19
21
23
26
31
38
44
51
53
49
38
25
15
10
8
7
7
12
23
32
33
29
24
20
14
5
-3
-1
8
17
21
21
19
20
22
24
27
27
25
22
19
15
10
4
-4
-10
-14
-14
-10
-1
9
19
28
36
42
41
34
24
11
0
-5
-4
5
16
24
27
23
15
5
-5
-11
-14
-14
-9
-2
4
10
15
18
19
16
16
23
28
27
22
19
18
16
12
13
17
20
18
20
26
32
32
27
24
19
13
8
8
11
14
14
17
24
30
30
28
29
27
22
16
17
21
21
13
5
2
2
-2
-10
-17
-22
-21
-14
-4
7
15
19
21
20
16
14
15
16
15
10
5
5
8
14
18
17
16
14
15
16
17
17
20
24
26
20
13
15
24
38
49
56
56
54
45
33
23
16
13
12
10
7
7
7
8
5
-1
-2
2
9
13
12
10
11
13
16
21
27
29
29
25
24
25
24
19
10
0
-6
-7
-6
-4
0
7
16
24
27
28
29
34
36
37
35
29
21
12
4
-1
-5
-6
-6
-3
4
13
21
28
29
26
22
18
14
17
25
36
45
45
38
25
10
-4
-13
-20
-24
-24
-14
-1
14
24
29
31
30
25
16
8
7
11
18
24
27
24
17
8
1
-2
-1
1
5
9
12
13
12
9
7
14
29
42
51
54
56
53
41
18
-4
-16
-23
-27
-26
-19
-9
2
7
11
12
11
4
-4
-9
-10
-7
0
11
24
33
35
31
24
17
14
16
21
25
25
21
16
11
6
5
6
14
25
39
49
53
50
40
28
21
20
24
26
22
16
15
19
24
26
28
31
38
47
50
47
34
12
-14
-33
-38
-31
-18
-7
4
14
19
18
11
2
-6
-14
-21
-18
-8
3
4
-6
-15
-17
-15
-13
-8
0
10
15
12
5
4
8
9
7
5
5
7
11
15
23
31
33
29
21
14
10
6
7
15
26
29
25
19
12
3
-5
-10
-12
-13
-13
-11
-6
-3
-2
-1
4
9
14
12
11
10
12
15
17
15
9
0
-5
-6
-4
1
7
13
14
8
-1
-9
-10
-7
-1
6
12
17
18
15
16
20
26
28
26
25
26
25
24
18
12
4
-5
-13
-19
-21
-16
-6
6
17
24
24
17
8
-2
-3
3
15
25
31
31
31
29
24
19
17
16
11
6
0
3
11
18
24
27
28
27
23
19
20
23
23
20
16
12
5
3
3
12
23
30
32
31
29
26
23
22
19
16
12
13
15
13
7
5
9
16
19
15
9
5
5
5
11
24
41
51
47
33
18
7
1
2
5
6
5
3
4
9
14
13
6
2
2
4
5
4
4
5
8
10
13
11
4
-6
-12
-9
0
10
22
29
34
32
23
14
6
-3
-10
-12
-3
9
21
26
25
23
25
29
30
30
28
26
23
17
10
3
-2
-4
0
4
5
6
3
4
5
5
5
8
12
15
10
4
2
3
5
6
7
12
21
30
34
31
25
18
16
17
18
21
25
26
27
28
35
43
45
39
29
21
15
10
7
7
12
20
26
26
22
13
3
-2
0
12
24
28
25
17
6
-4
-11
-9
-1
8
12
14
19
25
26
21
11
3
-3
-7
-8
-4
2
11
21
30
38
38
30
16
2
-9
-11
-7
-1
3
5
10
19
28
32
29
25
26
32
38
37
30
21
11
6
3
4
8
15
21
28
31
31
28
26
27
31
33
32
30
33
38
39
34
23
13
7
3
0
-3
-2
6
20
33
39
39
35
25
14
0
-8
-9
-8
-8
-8
-7
-3
0
1
0
-1
-2
-2
2
8
13
15
18
21
27
32
36
39
37
31
21
15
12
14
17
22
26
28
26
25
25
26
26
25
25
24
20
14
8
4
3
0
-3
-6
-7
-8
-8
-3
7
18
26
29
30
28
19
7
1
1
3
2
0
5
13
17
9
-1
-2
7
19
24
21
14
2
-7
-13
-10
-2
6
12
20
26
29
25
17
11
4
-3
-11
-14
-12
-3
11
24
35
38
34
25
16
9
4
1
-1
-2
-1
0
5
12
22
30
34
36
34
33
34
33
30
25
24
29
36
40
35
27
20
15
15
19
27
30
27
21
18
20
21
20
16
12
11
11
13
17
19
16
11
8
11
18
22
25
27
23
13
-3
-15
-18
-12
-4
4
9
15
19
21
22
24
26
25
23
24
25
25
26
31
39
45
46
44
41
37
28
17
5
-3
-5
1
9
19
25
32
37
40
40
39
40
40
38
35
37
40
37
29
18
12
14
18
21
22
25
26
21
10
-4
-17
-24
-23
-10
9
27
39
45
43
37
27
19
14
14
15
14
8
0
-9
-14
-16
-16
-9
3
18
26
27
21
12
1
-8
-12
-13
-12
-14
-14
-10
-1
7
15
24
37
43
38
26
14
8
1
-7
-14
-16
-13
-8
-3
5
12
16
14
7
-2
-15
-22
-19
-4
13
27
34
33
30
25
20
20
19
14
2
-9
-12
-9
-3
0
5
13
22
27
27
25
24
25
28
31
32
31
27
19
11
8
12
19
26
30
35
37
36
31
23
14
11
13
16
21
25
29
26
17
4
-6
-12
-9
-2
7
10
8
3
0
5
11
14
14
16
19
22
29
37
42
42
38
34
25
13
-3
-14
-13
-1
11
19
23
23
17
6
-4
-3
7
21
30
36
34
31
29
30
36
40
42
45
47
42
28
10
-5
-15
-21
-22
-19
-7
9
24
36
46
49
44
33
27
29
35
38
38
33
27
21
21
21
21
21
21
22
22
19
17
11
3
-6
-13
-15
-17
-20
-18
-11
-1
11
23
36
45
52
51
51
49
41
28
13
0
-6
-5
1
4
0
-10
-19
-23
-21
-17
-10
1
9
11
9
9
14
23
27
26
20
9
-3
-10
-9
-4
6
16
27
36
37
28
11
-5
-15
-15
-9
3
13
20
23
22
18
13
10
8
3
-2
-6
-7
-4
8
26
46
59
61
54
39
20
4
-5
-8
-12
-18
-19
-15
-10
-9
-10
-9
-6
-9
-17
-23
-22
-15
-7
2
11
20
21
18
13
9
6
-3
-13
-18
-14
-6
0
3
8
16
20
17
6
-5
-11
-9
-3
5
9
7
4
2
4
6
10
14
18
19
20
19
18
17
10
0
-6
-8
-6
-1
9
19
25
26
22
17
16
13
10
4
-2
-3
1
9
18
23
26
26
21
14
14
18
26
28
25
23
23
22
17
13
11
9
7
8
12
20
26
27
25
23
18
14
9
7
13
21
27
28
26
27
29
30
24
14
5
3
4
8
15
24
31
28
22
14
8
5
4
7
14
16
14
8
1
-7
-14
-18
-14
-3
11
21
30
37
39
37
35
36
34
31
27
24
19
13
5
2
5
8
9
6
5
7
7
7
6
7
5
2
-1
-2
2
11
18
25
28
25
13
-7
-26
-37
-37
-30
-19
-10
-2
2
0
-6
-14
-14
-4
12
22
24
21
18
16
13
11
10
10
8
3
-6
-20
-36
-45
-44
-33
-17
5
30
46
46
28
5
-11
-16
-14
-7
2
7
8
5
1
-1
-5
-8
-6
2
12
17
16
12
6
-2
-9
-9
-1
14
21
25
28
31
27
18
4
-4
-4
-3
-4
-6
-5
-3
-2
-1
3
6
8
5
-1
-5
-9
-12
-11
-2
6
13
10
3
-2
-4
0
6
11
18
21
20
12
1
-10
-12
-10
1
12
21
26
24
17
5
-2
-4
-1
4
3
1
-2
-5
-5
-3
2
11
27
41
53
59
59
51
38
29
23
23
30
34
32
24
14
9
8
10
14
18
21
20
18
17
18
19
18
21
27
37
47
52
51
46
40
33
26
19
16
16
19
17
13
5
5
10
17
24
27
23
13
1
-4
1
13
24
30
32
33
31
26
16
5
-2
3
14
24
26
24
23
24
20
13
6
3
0
-3
-3
0
3
5
5
9
17
25
30
30
32
35
38
39
37
35
32
32
32
30
20
8
1
1
3
0
-7
-12
-11
-12
-15
-12
-3
12
24
29
27
25
25
23
20
15
12
10
10
16
27
40
51
59
61
60
56
51
47
42
33
19
0
-21
-41
-59
-72
-79
-79
-74
-65
-48
-30
-14
-11
-14
-19
-23
-23
-17
-11
-9
-13
-20
-24
-20
-14
-4
6
19
28
34
38
37
33
28
26
29
33
37
38
34
23
4
-12
-28
-38
-42
-34
-19
-2
9
16
19
19
13
3
-6
-11
-16
-23
-28
-29
-27
-23
-16
-2
16
29
34
36
38
45
53
58
62
62
54
40
23
11
6
5
5
5
7
5
-1
-6
-5
2
10
16
20
24
22
15
2
-10
-21
-32
-44
-52
-54
-49
-43
-39
-34
-27
-16
-3
6
9
14
21
33
47
59
75
92
106
112
111
106
100
91
79
66
51
35
11
-19
-47
-71
-91
-111
-129
-145
-158
-160
-150
-133
-114
-99
-83
-69
-57
-57
-63
-75
-87
-98
-110
-120
-125
-119
-100
-73
-43
-9
32
79
128
177
224
270
312
343
362
372
373
361
332
288
245
213
183
148
107
68
36
6
-24
-44
-48
-43
-38
-43
-57
-77
-100
-123
-144
-163
-184
-201
-207
-207
-208
-209
-205
-192
-176
-153
-119
-74
-29
3
32
66
104
129
136
135
134
132
126
114
97
83
73
67
58
42
23
8
8
17
29
39
42
40
34
26
20
10
-4
-14
-17
-16
-23
-34
-37
-28
-17
-14
-18
-29
-46
-73
-101
-119
-128
-133
-137
-132
-119
-108
-105
-104
-87
-56
-24
-2
11
17
14
-4
-33
-64
-99
-133
-164
-182
-185
-180
-173
-157
-126
-79
-17
56
133
210
284
351
412
464
499
513
505
477
429
367
299
225
148
72
10
-35
-65
-85
-98
-104
-107
-104
-95
-79
-66
-69
-88
-113
-137
-163
-190
-216
-236
-249
-263
-275
-279
-270
-249
-219
-179
-128
-72
-20
25
65
98
125
143
156
166
172
168
152
132
113
101
90
80
76
80
87
86
68
42
14
-4
-15
-19
-18
-12
-9
-12
-16
-14
-10
-7
-9
-9
-4
8
20
25
21
4
-19
-43
-65
-89
-112
-126
-127
-117
-106
-96
-83
-69
-56
-45
-28
-11
-9
-29
-61
-89
-120
-159
-213
-264
-304
-337
-370
-399
-403
-376
-318
-243
-151
-43
83
230
391
555
696
800
862
892
892
861
801
715
608
486
357
236
129
35
-42
-91
-106
-106
-114
-133
-146
-136
-110
-92
-97
-128
-172
-220
-272
-323
-376
-425
-463
-485
-490
-477
-443
-390
-319
-237
-150
-71
1
64
130
193
238
259
266
272
279
269
238
198
169
154
144
140
145
159
168
168
164
159
147
122
88
51
11
-39
-92
-129
-143
-142
-141
-145
-150
-146
-130
-106
-88
-78
-77
-80
-91
-108
-125
-136
-142
-153
-158
-147
-120
-96
-80
-59
-21
23
51
54
47
36
12
-33
-97
-171
-253
-339
-423
-495
-545
-574
-577
-549
-487
-394
-270
-118
62
257
453
640
807
942
1039
1092
1106
1089
1048
978
873
735
574
407
249
115
15
-56
-115
-165
-191
-185
-169
-173
-195
-204
-180
-157
-175
-240
-326
-409
-491
-572
-639
-685
-711
-723
-710
-664
-591
-495
-372
-220
-62
82
208
329
438
515
561
593
623
640
634
613
589
552
495
427
369
328
295
260
219
174
123
77
56
61
67
56
30
2
-25
-51
-76
-99
-133
-187
-253
-311
-357
-411
-477
-549
-609
-655
-695
-725
-736
-717
-675
-617
-547
-461
-367
-280
-213
-171
-156
-174
-230
-318
-423
-546
-693
-860
-1033
-1191
-1319
-1402
-1427
-1383
-1269
-1085
-827
-495
-108
319
784
1280
1777
2239
2637
2965
3213
3372
3437
3411
3279
3024
2667
2278
1905
1540
1145
721
317
-23
-295
-510
-671
-785
-861
-909
-936
-962
-1015
-1099
-1182
-1239
-1299
-1404
-1546
-1658
-1710
-1729
-1753
-1759
-1697
-1551
-1351
-1124
-863
-565
-256
39
319
591
838
1036
1194
1329
1424
1439
1366
1258
1173
1095
981
834
709
635
583
513
436
381
348
312
266
230
209
190
163
140
118
69
-29
-165
-311
-451
-596
-749
-906
-1052
-1175
-1256
-1286
-1273
-1232
-1164
-1056
-918
-778
-647
-513
-371
-240
-149
-113
-133
-212
-329
-443
-536
-636
-779
-939
-1052
-1099
-1140
-1209
-1268
-1246
-1141
-994
-811
-553
-201
206
622
1044
1494
1964
2412
2814
3164
3449
3636
3694
3625
3461
3220
2898
2490
2020
1533
1063
629
230
-119
-404
-628
-809
-947
-1042
-1106
-1161
-1206
-1222
-1212
-1219
-1279
-1379
-1479
-1562
-1646
-1733
-1799
-1817
-1777
-1672
-1501
-1282
-1055
-825
-564
-255
74
375
641
889
1118
1296
1413
1477
1495
1467
1409
1350
1302
1242
1167
1101
1057
999
905
813
776
780
760
702
658
637
562
374
125
-93
-273
-496
-791
-1086
-1316
-1497
-1661
-1785
-1813
-1739
-1609
-1454
-1272
-1073
-873
-666
-429
-179
11
93
93
63
11
-94
-252
-420
-563
-682
-792
-893
-975
-1043
-1106
-1165
-1207
-1219
-1203
-1146
-1032
-842
-575
-258
78
437
853
1347
1871
2357
2776
3150
3473
3691
3757
3692
3547
3333
3031
2631
2160
1646
1114
596
139
-239
-558
-832
-1042
-1161
-1192
-1179
-1153
-1119
-1075
-1039
-1042
-1100
-1209
-1361
-1542
-1720
-1853
-1914
-1926
-1919
-1885
-1781
-1579
-1309
-1010
-684
-317
70
417
687
900
1082
1224
1308
1342
1347
1325
1256
1135
993
861
756
670
593
525
477
471
502
525
491
400
316
284
274
212
75
-113
-321
-558
-840
-1150
-1441
-1676
-1851
-1965
-2003
-1937
-1774
-1548
-1305
-1048
-751
-413
-87
159
302
374
404
390
328
228
109
-37
-215
-401
-557
-669
-756
-833
-887
-921
-952
-987
-1007
-989
-930
-829
-667
-421
-96
275
676
1119
1619
2157
2687
3150
3521
3796
3974
4031
3941
3718
3401
3011
2523
1931
1301
729
256
-151
-526
-851
-1084
-1206
-1239
-1232
-1226
-1241
-1268
-1286
-1298
-1329
-1399
-1488
-1581
-1698
-1857
-2022
-2111
-2104
-2048
-1980
-1844
-1577
-1202
-816
-468
-122
242
562
784
943
1110
1282
1385
1391
1361
1330
1255
1093
906
778
719
666
607
590
625
647
608
563
585
654
677
607
469
293
67
-221
-544
-867
-1183
-1487
-1752
-1940
-2039
-2057
-1982
-1806
-1552
-1266
-961
-631
-289
7
211
331
402
425
368
214
0
-211
-390
-546
-687
-806
-881
-912
-915
-903
-885
-870
-870
-877
-875
-846
-792
-717
-619
-477
-253
78
519
1041
1605
2181
2737
3242
3666
3986
4169
4176
3993
3668
3257
2769
2186
1536
908
362
-122
-585
-998
-1282
-1404
-1412
-1377
-1331
-1256
-1151
-1042
-985
-1013
-1098
-1177
-1229
-1309
-1468
-1659
-1779
-1799
-1782
-1769
-1705
-1528
-1267
-999
-736
-428
-68
289
602
884
1131
1296
1352
1359
1375
1371
1271
1085
906
801
738
658
560
483
446
438
463
526
603
634
592
508
422
319
151
-108
-432
-781
-1136
-1484
-1791
-2020
-2162
-2219
-2184
-2035
-1791
-1492
-1169
-818
-448
-110
141
305
405
447
401
266
81
-120
-330
-544
-730
-852
-911
-928
-905
-838
-742
-661
-631
-645
-670
-673
-644
-590
-521
-435
-296
-61
293
750
1269
1816
2355
2864
3314
3677
3911
3984
3897
3691
3397
2998
2476
1867
1257
712
236
-194
-571
-870
-1081
-1214
-1268
-1249
-1186
-1125
-1085
-1048
-1010
-1013
-1084
-1199
-1317
-1434
-1567
-1697
-1773
-1784
-1760
-1710
-1592
-1387
-1149
-920
-664
-320
67
389
614
806
1010
1170
1229
1220
1208
1169
1046
863
719
659
621
540
440
389
394
423
470
538
595
584
504
407
319
189
-38
-339
-648
-941
-1240
-1550
-1802
-1932
-1950
-1915
-1843
-1684
-1398
-1033
-678
-366
-78
192
398
493
493
434
319
137
-81
-271
-415
-549
-681
-765
-769
-736
-711
-685
-622
-547
-527
-579
-643
-668
-666
-661
-625
-506
-277
52
484
1016
1606
2187
2715
3184
3588
3881
4016
3994
3836
3549
3125
2587
1993
1400
824
268
-231
-612
-862
-1028
-1159
-1248
-1251
-1183
-1111
-1076
-1056
-1023
-1015
-1092
-1239
-1384
-1501
-1624
-1773
-1901
-1960
-1964
-1948
-1899
-1771
-1551
-1265
-934
-577
-222
99
395
698
988
1200
1303
1328
1317
1258
1126
951
809
727
664
582
495
450
468
524
590
649
700
727
709
629
480
266
-8
-332
-694
-1054
-1383
-1662
-1880
-2018
-2044
-1953
-1769
-1524
-1233
-907
-569
-248
29
246
389
452
441
366
232
47
-155
-328
-453
-545
-617
-664
-681
-676
-663
-640
-603
-583
-621
-712
-806
-854
-841
-775
-651
-450
-154
242
719
1249
1802
2357
2884
3343
3683
3883
3955
3906
3709
3346
2869
2372
1892
1387
815
214
-309
-684
-924
-1080
-1179
-1204
-1148
-1044
-962
-933
-933
-927
-934
-1005
-1143
-1298
-1432
-1557
-1687
-1771
-1768
-1704
-1632
-1544
-1379
-1138
-881
-630
-336
14
349
599
790
974
1134
1208
1203
1178
1141
1045
891
748
666
626
597
597
637
680
688
687
709
722
662
521
342
134
-133
-456
-789
-1097
-1395
-1682
-1906
-2019
-2034
-1985
-1863
-1640
-1337
-1021
-726
-439
-154
89
244
298
274
203
104
-14
-146
-290
-434
-552
-627
-659
-664
-647
-607
-548
-497
-499
-561
-643
-694
-709
-714
-708
-635
-439
-130
242
652
1109
1609
2117
2600
3045
3421
3678
3794
3790
3687
3459
3079
2572
2007
1442
897
395
-34
-386
-688
-942
-1108
-1163
-1139
-1096
-1063
-1038
-1024
-1039
-1099
-1204
-1336
-1474
-1599
-1704
-1805
-1908
-1979
-1973
-1878
-1730
-1558
-1350
-1092
-792
-480
-167
152
469
753
970
1106
1170
1189
1183
1158
1113
1056
1001
942
863
772
715
725
765
772
727
658
592
517
422
297
126
-115
-417
-721
-986
-1225
-1451
-1629
-1715
-1711
-1659
-1555
-1359
-1079
-786
-542
-337
-148
-4
43
7
-35
-28
1
-4
-58
-131
-190
-227
-256
-282
-308
-335
-370
-417
-480
-563
-665
-782
-890
-951
-934
-831
-657
-414
-81
348
843
1363
1894
2441
2973
3424
3731
3884
3893
3757
3461
3023
2496
1933
1358
795
280
-148
-486
-748
-939
-1043
-1055
-1018
-979
-952
-914
-863
-852
-937
-1106
-1281
-1409
-1516
-1664
-1845
-1981
-2008
-1947
-1854
-1728
-1520
-1221
-892
-593
-319
-35
252
497
680
831
966
1062
1099
1089
1053
983
884
804
791
826
843
820
807
845
899
897
820
708
598
476
294
33
-278
-595
-893
-1167
-1414
-1610
-1724
-1742
-1688
-1585
-1428
-1201
-919
-644
-432
-274
-136
-11
59
54
13
-6
9
25
17
5
6
16
14
-23
-98
-207
-336
-465
-594
-743
-913
-1071
-1167
-1188
-1145
-1032
-811
-456
2
515
1060
1638
2221
2748
3178
3514
3762
3883
3827
3587
3206
2734
2203
1642
1083
540
17
-449
-791
-977
-1066
-1132
-1172
-1128
-1008
-911
-905
-938
-928
-912
-992
-1180
-1372
-1508
-1656
-1870
-2066
-2113
-2023
-1909
-1792
-1582
-1238
-864
-553
-267
65
398
631
764
890
1033
1108
1059
970
940
958
942
876
826
834
868
891
911
947
979
964
888
764
607
418
193
-71
-372
-707
-1050
-1349
-1563
-1685
-1740
-1751
-1708
-1581
-1362
-1087
-817
-585
-392
-228
-95
4
68
98
85
35
-35
-103
-154
-163
-129
-84
-89
-158
-244
-303
-354
-459
-627
-803
-936
-1019
-1059
-1026
-877
-613
-262
154
642
1192
1756
2288
2775
3212
3569
3800
3873
3790
3571
3230
2778
2252
1709
1204
747
316
-108
-490
-779
-956
-1058
-1121
-1129
-1054
-927
-836
-840
-919
-1020
-1133
-1289
-1491
-1694
-1859
-1983
-2074
-2122
-2100
-2000
-1820
-1560
-1236
-887
-546
-210
130
441
675
825
935
1023
1060
1023
954
906
873
816
747
730
784
851
880
888
914
929
872
741
590
434
224
-79
-441
-788
-1088
-1340
-1541
-1669
-1722
-1715
-1657
-1541
-1364
-1144
-902
-657
-441
-283
-179
-109
-62
-54
-73
-80
-57
-29
-29
-45
-42
-21
-11
-21
-35
-60
-137
-278
-447
-603
-744
-875
-966
-960
-847
-659
-401
-35
457
1023
1574
2066
2506
2901
3224
3441
3546
3554
3461
3253
2923
2500
2029
1541
1051
568
118
-260
-546
-743
-881
-966
-989
-955
-906
-884
-887
-895
-917
-991
-1136
-1308
-1465
-1625
-1821
-2017
-2121
-2097
-2007
-1922
-1814
-1595
-1256
-868
-493
-131
215
501
695
834
969
1082
1121
1103
1094
1126
1152
1114
1042
994
977
951
890
803
707
609
515
411
255
24
-242
-481
-690
-919
-1171
-1372
-1472
-1519
-1577
-1614
-1540
-1349
-1142
-993
-861
-673
-446
-265
-169
-108
-33
34
48
16
-8
1
22
20
5
0
1
-29
-115
-253
-423
-601
-760
-875
-936
-950
-905
-765
-503
-145
277
756
1294
1859
2387
2843
3225
3515
3664
3657
3552
3403
3174
2791
2258
1683
1149
663
201
-203
-496
-689
-839
-969
-1041
-1038
-1008
-1007
-1044
-1085
-1115
-1156
-1231
-1338
-1447
-1553
-1673
-1803
-1911
-1960
-1953
-1907
-1813
-1626
-1331
-976
-628
-307
-3
294
561
789
978
1122
1210
1256
1292
1322
1319
1266
1186
1105
1012
888
753
650
591
534
438
302
134
-62
-282
-500
-704
-908
-1125
-1337
-1488
-1547
-1542
-1521
-1498
-1437
-1306
-1126
-959
-840
-737
-599
-433
-304
-263
-273
-258
-178
-68
17
69
111
160
194
185
145
104
67
-8
-169
-392
-602
-754
-844
-873
-799
-587
-260
131
579
1105
1700
2295
2819
3251
3583
3792
3849
3750
3517
3170
2722
2216
1708
1229
767
306
-134
-487
-715
-845
-936
-1013
-1063
-1060
-1027
-1017
-1052
-1113
-1180
-1264
-1378
-1509
-1632
-1746
-1855
-1940
-1966
-1943
-1907
-1835
-1658
-1354
-1006
-713
-467
-195
131
444
701
925
1138
1304
1387
1424
1479
1531
1509
1408
1307
1250
1181
1049
911
854
841
736
482
172
-85
-308
-571
-871
-1135
-1336
-1509
-1657
-1722
-1676
-1578
-1489
-1397
-1252
-1058
-865
-696
-545
-430
-382
-375
-349
-305
-305
-359
-369
-252
-68
60
110
169
268
311
220
44
-112
-230
-370
-538
-646
-631
-521
-366
-144
201
676
1216
1762
2290
2789
3227
3570
3809
3930
3914
3740
3427
3010
2524
1993
1442
887
343
-156
-547
-798
-952
-1078
-1187
-1223
-1160
-1059
-998
-991
-1000
-1025
-1112
-1280
-1494
-1718
-1939
-2144
-2290
-2353
-2366
-2356
-2285
-2083
-1754
-1379
-1019
-652
-245
163
481
689
848
1009
1143
1191
1162
1127
1121
1111
1065
1018
1028
1080
1104
1072
1021
975
882
681
401
129
-108
-354
-651
-961
-1216
-1404
-1548
-1649
-1680
-1624
-1493
-1320
-1137
-979
-866
-759
-610
-433
-304
-267
-279
-263
-210
-167
-158
-155
-132
-103
-90
-99
-126
-193
-306
-440
-555
-642
-707
-735
-690
-564
-386
-170
115
506
977
1470
1950
2432
2917
3350
3658
3823
3878
3836
3668
3357
2944
2491
2023
1514
965
437
-6
-362
-664
-916
-1083
-1150
-1164
-1169
-1155
-1092
-1012
-989
-1060
-1170
-1265
-1366
-1540
-1792
-2033
-2182
-2239
-2270
-2288
-2238
-2069
-1795
-1469
-1114
-725
-303
99
429
691
926
1143
1313
1415
1469
1495
1483
1418
1334
1283
1259
1208
1109
1013
962
905
759
520
275
86
-82
-295
-553
-792
-965
-1086
-1184
-1269
-1326
-1347
-1336
-1292
-1221
-1141
-1063
-983
-883
-763
-650
-560
-470
-341
-180
-39
30
35
16
-5
-51
-146
-273
-401
-519
-639
-760
-851
-882
-845
-743
-566
-283
112
584
1077
1568
2059
2544
2994
3370
3654
3836
3894
3801
3553
3191
2781
2365
1939
1470
949
429
-5
-307
-514
-706
-911
-1077
-1151
-1149
-1141
-1162
-1200
-1239
-1288
-1361
-1454
-1566
-1710
-1882
-2030
-2100
-2113
-2132
-2182
-2199
-2114
-1923
-1671
-1382
-1043
-663
-287
54
368
673
946
1149
1274
1362
1434
1477
1479
1452
1407
1325
1193
1031
881
741
578
367
130
-100
-306
-482
-620
-734
-847
-966
-1065
-1116
-1137
-1168
-1213
-1235
-1209
-1166
-1144
-1145
-1127
-1070
-1000
-946
-892
-781
-596
-388
-228
-125
-36
55
102
51
-94
-274
-444
-605
-763
-904
-995
-1013
-952
-811
-585
-259
171
681
1225
1757
2262
2738
3167
3508
3740
3874
3903
3790
3512
3115
2687
2276
1860
1407
931
488
123
-162
-389
-573
-714
-793
-815
-812
-827
-870
-927
-986
-1067
-1193
-1361
-1548
-1732
-1899
-2034
-2129
-2186
-2198
-2150
-2034
-1861
-1643
-1376
-1055
-704
-368
-70
201
466
719
928
1071
1160
1219
1257
1262
1231
1183
1139
1088
1003
874
739
639
562
452
274
60
-125
-260
-369
-486
-609
-708
-767
-796
-826
-877
-936
-975
-978
-966
-970
-977
-941
-838
-705
-604
-541
-468
-349
-204
-83
-1
52
66
14
-116
-292
-482
-681
-886
-1063
-1164
-1166
-1087
-931
-684
-339
85
559
1071
1620
2176
2694
3146
3518
3775
3874
3811
3642
3422
3134
2737
2238
1711
1216
767
360
17
-247
-458
-647
-802
-885
-907
-919
-955
-991
-1010
-1046
-1137
-1273
-1426
-1591
-1774
-1954
-2088
-2174
-2246
-2302
-2279
-2125
-1881
-1617
-1357
-1063
-719
-364
-53
212
471
746
1005
1196
1286
1302
1294
1281
1237
1134
984
839
734
661
586
487
351
178
4
-130
-220
-313
-438
-561
-632
-659
-694
-756
-822
-871
-924
-991
-1037
-1024
-976
-939
-915
-854
-737
-612
-532
-489
-427
-314
-180
-89
-64
-89
-131
-206
-350
-564
-786
-944
-1029
-1084
-1108
-1041
-834
-510
-124
313
826
1398
1959
2459
2920
3360
3726
3935
3971
3876
3679
3372
2960
2510
2073
1623
1112
575
120
-185
-396
-609
-821
-944
-944
-885
-861
-879
-897
-914
-981
-1130
-1330
-1529
-1710
-1881
-2030
-2141
-2233
-2322
-2378
-2336
-2184
-1978
-1762
-1501
-1126
-653
-188
189
488
759
1023
1248
1414
1515
1541
1487
1379
1272
1182
1072
897
682
503
393
312
211
99
25
-4
-36
-115
-220
-302
-349
-397
-479
-589
-695
-783
-846
-884
-898
-894
-870
-806
-699
-578
-465
-358
-242
-147
-118
-145
-160
-139
-148
-260
-450
-623
-742
-852
-989
-1104
-1123
-1035
-889
-708
-455
-94
358
852
1353
1849
2326
2767
3146
3434
3599
3631
3554
3395
3144
2784
2332
1859
1419
1018
644
313
41
-192
-413
-604
-712
-746
-783
-878
-992
-1062
-1108
-1202
-1359
-1527
-1672
-1832
-2036
-2227
-2324
-2319
-2280
-2237
-2147
-1976
-1748
-1506
-1247
-943
-614
-313
-51
213
501
767
955
1075
1174
1272
1335
1344
1307
1233
1114
957
806
685
559
377
160
-24
-148
-254
-384
-510
-594
-647
-712
-791
-842
-845
-830
-819
-797
-733
-635
-540
-469
-420
-375
-313
-223
-112
-25
-2
-34
-88
-147
-233
-363
-515
-658
-789
-924
-1055
-1131
-1114
-1007
-850
-656
-395
-37
396
850
1297
1736
2172
2585
2940
3201
3355
3402
3368
3272
3094
2809
2438
2047
1674
1286
867
475
192
7
-158
-335
-463
-502
-507
-549
-626
-680
-727
-829
-1005
-1187
-1330
-1479
-1679
-1895
-2039
-2078
-2065
-2043
-1993
-1874
-1690
-1483
-1273
-1047
-783
-498
-225
21
255
493
711
879
993
1077
1141
1167
1144
1087
1010
909
776
623
457
264
42
-167
-316
-416
-518
-633
-716
-739
-740
-757
-772
-749
-707
-701
-731
-730
-667
-596
-579
-594
-550
-412
-247
-137
-88
-43
40
131
177
143
41
-110
-296
-501
-695
-843
-934
-975
-962
-870
-680
-398
-47
359
811
1289
1763
2220
2655
3042
3325
3466
3488
3430
3284
3010
2629
2235
1895
1557
1137
652
243
-14
-190
-389
-586
-665
-608
-538
-559
-625
-644
-642
-726
-928
-1150
-1316
-1476
-1706
-1965
-2135
-2181
-2186
-2211
-2210
-2096
-1862
-1571
-1262
-941
-614
-316
-59
186
429
630
757
830
901
961
965
907
845
809
767
673
554
465
390
270
87
-90
-211
-305
-424
-555
-636
-655
-662
-694
-724
-721
-705
-719
-758
-783
-773
-751
-723
-665
-572
-468
-374
-261
-111
28
87
59
12
-8
-51
-179
-386
-597
-771
-921
-1043
-1096
-1035
-870
-626
-298
129
634
1149
1630
2086
2533
2944
3260
3438
3490
3455
3356
3175
2878
2470
2014
1576
1179
802
451
166
-32
-178
-299
-369
-358
-311
-315
-397
-488
-539
-589
-716
-914
-1116
-1280
-1446
-1654
-1870
-2007
-2031
-1981
-1913
-1827
-1678
-1439
-1140
-846
-596
-376
-157
48
209
328
445
572
659
660
600
555
562
584
565
491
389
278
168
71
-2
-66
-149
-250
-349
-419
-462
-494
-528
-558
-584
-616
-666
-731
-784
-801
-784
-755
-726
-670
-561
-407
-253
-128
-19
88
173
199
162
94
5
-129
-331
-576
-813
-1009
-1151
-1214
-1173
-1031
-814
-519
-117
405
989
1559
2081
2556
2962
3244
3381
3415
3384
3262
2996
2618
2224
1868
1513
1111
709
406
229
116
6
-79
-88
-47
-42
-122
-251
-377
-497
-652
-855
-1066
-1248
-1425
-1628
-1832
-1962
-1978
-1928
-1883
-1845
-1739
-1511
-1206
-911
-671
-459
-246
-40
137
289
425
529
581
596
606
609
574
505
461
461
432
302
105
-50
-121
-175
-291
-444
-554
-595
-609
-637
-673
-703
-725
-742
-745
-737
-734
-748
-758
-735
-669
-580
-497
-427
-352
-241
-93
63
182
239
246
225
186
120
12
-152
-368
-603
-807
-944
-997
-961
-828
-594
-267
142
618
1138
1661
2158
2616
3019
3319
3462
3445
3327
3153
2904
2536
2058
1547
1086
693
353
62
-155
-290
-373
-436
-465
-430
-345
-268
-255
-307
-410
-560
-761
-987
-1216
-1466
-1748
-2010
-2158
-2165
-2098
-2023
-1914
-1711
-1426
-1137
-883
-624
-337
-59
146
278
392
525
644
699
687
664
663
664
623
532
436
357
269
148
17
-80
-143
-215
-319
-424
-500
-553
-614
-697
-782
-851
-888
-889
-867
-844
-816
-759
-660
-545
-441
-335
-204
-62
42
94
134
187
218
193
128
65
-14
-166
-397
-629
-780
-848
-885
-903
-859
-701
-421
-45
386
846
1324
1814
2302
2737
3063
3243
3297
3270
3172
2971
2632
2182
1707
1272
874
487
136
-122
-268
-352
-421
-457
-418
-324
-254
-252
-299
-370
-486
-663
-867
-1051
-1230
-1444
-1688
-1885
-1977
-1987
-1970
-1927
-1808
-1589
-1308
-1019
-737
-447
-153
118
343
519
653
736
754
729
688
640
572
481
404
366
341
278
165
33
-80
-178
-275
-369
-451
-516
-576
-630
-673
-709
-744
-768
-763
-736
-722
-746
-776
-771
-731
-689
-654
-582
-438
-262
-116
-15
85
214
344
421
414
327
180
2
-185
-378
-592
-819
-984
-1004
-860
-602
-281
107
579
1108
1641
2146
2613
3020
3310
3443
3436
3325
3114
2785
2347
1873
1418
973
504
54
-283
-461
-543
-615
-668
-632
-507
-391
-355
-357
-327
-296
-356
-533
-749
-935
-1115
-1325
-1534
-1682
-1763
-1797
-1771
-1638
-1417
-1193
-999
-774
-452
-81
228
439
608
765
850
815
718
674
693
682
583
457
381
331
226
56
-98
-192
-283
-423
-584
-699
-774
-859
-959
-1021
-1017
-994
-984
-967
-918
-861
-830
-802
-729
-614
-511
-459
-425
-360
-251
-119
20
149
242
287
303
308
277
168
-11
-192
-324
-413
-489
-529
-481
-328
-99
189
543
966
1412
1837
2232
2596
2894
3071
3132
3124
3082
2955
2686
2302
1890
1499
1107
685
281
-31
-239
-398
-542
-630
-624
-572
-552
-577
-573
-513
-481
-585
-808
-1032
-1194
-1350
-1558
-1759
-1840
-1789
-1698
-1618
-1481
-1219
-883
-587
-364
-157
68
260
371
436
511
581
591
545
516
534
540
477
377
305
265
186
50
-90
-184
-249
-334
-446
-553
-636
-716
-809
-909
-1009
-1106
-1196
-1254
-1270
-1245
-1188
-1103
-988
-849
-689
-513
-333
-170
-36
82
195
284
316
289
238
186
118
3
-152
-300
-401
-454
-475
-452
-345
-126
187
549
925
1307
1688
2064
2423
2746
2986
3105
3112
3052
2934
2719
2379
1967
1572
1224
879
512
169
-84
-245
-366
-479
-574
-635
-676
-721
-777
-842
-925
-1039
-1163
-1262
-1325
-1379
-1461
-1561
-1633
-1642
-1587
-1486
-1348
-1179
-991
-796
-585
-345
-87
153
348
506
641
742
788
777
731
663
578
492
423
364
269
122
-33
-138
-190
-248
-351
-475
-582
-668
-760
-870
-980
-1073
-1144
-1195
-1222
-1222
-1189
-1111
-986
-842
-715
-602
-466
-287
-99
58
182
288
356
353
287
217
174
113
-13
-184
-327
-403
-439
-461
-430
-298
-67
216
525
878
1287
1718
2125
2491
2812
3052
3147
3095
2972
2839
2659
2350
1925
1505
1165
848
468
67
-232
-389
-504
-658
-797
-820
-748
-694
-717
-763
-791
-840
-964
-1139
-1305
-1466
-1649
-1830
-1931
-1932
-1880
-1802
-1654
-1402
-1097
-809
-534
-219
127
420
602
726
873
1036
1129
1108
1027
960
900
774
580
402
312
263
156
-22
-185
-281
-361
-480
-619
-721
-790
-879
-996
-1092
-1149
-1202
-1264
-1293
-1257
-1187
-1125
-1057
-939
-779
-617
-470
-313
-142
5
114
206
294
337
305
213
95
-40
-191
-331
-428
-479
-489
-431
-262
0
292
581
905
1299
1728
2126
2467
2759
2977
3077
3054
2948
2783
2541
2216
1857
1506
1154
773
399
112
-58
-177
-321
-475
-574
-599
-609
-659
-740
-810
-870
-958
-1098
-1267
-1428
-1560
-1666
-1739
-1774
-1773
-1749
-1690
-1571
-1377
-1128
-856
-555
-231
81
326
500
655
817
931
945
891
848
823
748
598
450
382
360
288
146
13
-61
-120
-220
-346
-456
-551
-666
-788
-878
-934
-1006
-1111
-1197
-1219
-1209
-1225
-1248
-1199
-1055
-884
-750
-635
-483
-287
-106
24
111
168
186
159
110
52
-30
-150
-271
-341
-356
-348
-304
-164
113
477
845
1193
1560
1958
2345
2669
2905
3054
3109
3080
2995
2859
2629
2272
1832
1415
1072
772
462
162
-76
-238
-370
-502
-615
-687
-738
-794
-851
-893
-948
-1070
-1262
-1452
-1576
-1651
-1732
-1828
-1882
-1865
-1796
-1692
-1527
-1275
-978
-704
-460
-194
105
373
552
666
776
886
949
955
947
948
912
808
675
579
511
407
254
102
-11
-122
-274
-444
-586
-692
-803
-929
-1048
-1148
-1244
-1331
-1376
-1374
-1363
-1363
-1324
-1193
-1004
-834
-706
-562
-373
-189
-65
13
89
147
123
12
-113
-196
-263
-364
-479
-543
-521
-427
-277
-51
265
644
1048
1465
1896
2314
2679
2972
3202
3363
3427
3369
3201
2941
2597
2180
1737
1328
976
652
334
44
-176
-322
-426
-507
-557
-578
-607
-666
-742
-815
-912
-1077
-1295
-1496
-1643
-1776
-1932
-2066
-2107
-2050
-1956
-1840
-1644
-1328
-955
-619
-346
-87
182
424
607
746
856
918
917
894
901
924
897
791
659
546
437
297
137
-2
-111
-229
-376
-518
-623
-715
-849
-1026
-1190
-1287
-1327
-1363
-1406
-1422
-1376
-1281
-1167
-1048
-921
-786
-642
-476
-290
-121
-8
58
128
201
216
129
-10
-120
-187
-257
-345
-403
-383
-281
-105
151
483
842
1187
1537
1932
2340
2681
2901
3034
3128
3170
3113
2938
2671
2345
1977
1595
1222
868
529
224
2
-120
-183
-248
-321
-383
-440
-531
-663
-790
-889
-1003
-1189
-1427
-1644
-1806
-1946
-2088
-2193
-2204
-2119
-1988
-1826
-1603
-1301
-970
-662
-373
-76
212
444
605
743
890
1008
1043
1000
930
863
778
668
565
491
416
300
161
49
-26
-110
-226
-332
-398
-454
-559
-697
-807
-865
-914
-992
-1077
-1135
-1161
-1170
-1147
-1083
-996
-900
-774
-590
-380
-206
-88
13
112
162
142
116
134
146
65
-99
-232
-258
-226
-189
-112
89
415
793
1168
1550
1944
2320
2642
2908
3097
3160
3088
2948
2794
2588
2254
1822
1415
1089
775
404
36
-223
-370
-487
-598
-639
-593
-545
-583
-672
-740
-804
-947
-1174
-1388
-1532
-1662
-1852
-2064
-2182
-2161
-2061
-1942
-1783
-1532
-1206
-881
-604
-360
-118
128
352
539
694
818
904
959
995
1007
965
873
779
717
647
506
310
143
52
-17
-125
-257
-366
-466
-603
-776
-923
-1020
-1108
-1210
-1280
-1270
-1218
-1191
-1189
-1143
-1028
-892
-774
-660
-520
-371
-251
-167
-104
-64
-56
-72
-91
-123
-192
-293
-380
-411
-390
-319
-182
42
334
651
977
1333
1734
2154
2546
2874
3124
3280
3317
3231
3043
2783
2469
2111
1726
1348
994
658
342
68
-136
-273
-367
-436
-476
-491
-512
-570
-653
-741
-849
-1012
-1225
-1429
-1584
-1717
-1864
-1986
-2000
-1893
-1752
-1639
-1507
-1285
-1001
-748
-551
-331
-37
270
506
674
828
958
1002
951
874
812
738
626
520
459
405
292
146
47
7
-58
-191
-329
-404
-452
-550
-698
-822
-903
-1002
-1151
-1294
-1356
-1351
-1341
-1327
-1251
-1093
-899
-720
-553
-373
-196
-47
77
197
287
293
192
36
-116
-258
-399
-513
-551
-499
-391
-244
-39
235
555
885
1234
1621
2033
2417
2723
2939
3064
3099
3050
2918
2702
2389
1992
1559
1134
722
325
-11
-220
-314
-382
-484
-566
-550
-462
-422
-492
-607
-689
-753
-878
-1073
-1276
-1447
-1614
-1797
-1936
-1973
-1918
-1825
-1704
-1504
-1211
-882
-570
-268
53
367
611
759
848
909
921
857
751
667
622
566
460
346
287
283
276
230
167
100
8
-120
-251
-351
-442
-564
-708
-819
-896
-1001
-1152
-1282
-1314
-1274
-1241
-1232
-1184
-1057
-893
-751
-627
-481
-303
-136
-23
29
43
31
-10
-89
-198
-307
-379
-404
-404
-375
-281
-84
206
543
905
1298
1714
2106
2425
2660
2824
2933
2982
2973
2903
2748
2491
2147
1764
1387
1039
726
460
248
80
-69
-211
-327
-394
-416
-431
-479
-561
-660
-767
-914
-1112
-1334
-1532
-1695
-1832
-1936
-1970
-1930
-1853
-1763
-1619
-1378
-1076
-795
-558
-309
-13
268
464
595
733
872
937
902
829
771
709
609
505
442
399
311
171
49
-12
-52
-114
-191
-256
-332
-455
-609
-737
-829
-926
-1051
-1174
-1247
-1259
-1229
-1171
-1087
-987
-865
-709
-529
-360
-239
-156
-92
-42
-30
-52
-88
-130
-198
-302
-408
-478
-492
-459
-378
-235
-15
279
629
1009
1390
1754
2095
2407
2676
2875
2988
3013
2955
2826
2634
2378
2052
1676
1292
932
602
310
79
-79
-204
-334
-446
-477
-425
-383
-432
-534
-610
-664
-781
-994
-1231
-1419
-1577
-1744
-1893
-1966
-1968
-1955
-1911
-1759
-1467
-1117
-806
-524
-214
119
400
583
698
783
831
824
790
759
722
646
541
457
415
384
333
278
243
227
196
130
30
-91
-232
-375
-515
-652
-808
-991
-1169
-1297
-1353
-1357
-1342
-1319
-1269
-1169
-1009
-809
-600
-416
-268
-146
-43
36
71
58
10
-53
-127
-221
-330
-423
-464
-442
-370
-248
-57
217
554
912
1271
1626
1972
2280
2526
2697
2807
2852
2824
2719
2534
2267
1931
1561
1207
881
569
270
26
-128
-215
-289
-372
-422
-423
-408
-433
-509
-607
-714
-838
-978
-1125
-1275
-1441
-1600
-1704
-1723
-1691
-1653
-1612
-1527
-1376
-1165
-909
-618
-322
-57
160
353
529
658
715
723
730
740
719
644
544
464
414
369
292
181
61
-38
-109
-168
-240
-330
-427
-519
-598
-671
-756
-860
-972
-1058
-1094
-1093
-1077
-1048
-988
-890
-768
-634
-485
-327
-177
-53
48
132
174
158
103
46
-13
-110
-242
-352
-392
-375
-343
-285
-149
86
380
700
1052
1441
1837
2197
2506
2755
2912
2932
2828
2653
2446
2201
1912
1600
1273
916
532
189
-51
-213
-368
-521
-595
-557
-491
-497
-569
-622
-637
-689
-826
-1007
-1161
-1293
-1450
-1631
-1767
-1810
-1781
-1728
-1653
-1516
-1307
-1057
-796
-532
-259
7
237
430
604
764
882
936
948
946
918
831
698
582
513
443
324
184
90
46
-13
-116
-217
-277
-326
-411
-515
-589
-639
-716
-825
-915
-955
-982
-1032
-1073
-1052
-983
-918
-868
-797
-678
-537
-398
-260
-134
-60
-56
-83
-98
-114
-184
-302
-400
-422
-384
-328
-257
-128
91
386
728
1091
1461
1826
2179
2504
2760
2908
2952
2933
2882
2767
2546
2230
1885
1553
1210
835
467
172
-39
-218
-389
-510
-534
-502
-504
-566
-647
-727
-841
-1012
-1180
-1290
-1370
-1507
-1701
-1852
-1890
-1853
-1804
-1720
-1552
-1319
-1101
-914
-695
-411
-123
94
256
418
581
690
730
750
792
828
810
734
636
548
481
429
381
317
222
104
-10
-107
-198
-304
-421
-529
-613
-694
-799
-918
-1008
-1056
-1087
-1124
-1142
-1106
-1025
-940
-863
-749
-577
-391
-249
-151
-61
29
93
120
111
49
-81
-241
-354
-384
-370
-353
-315
-209
-32
188
445
766
1138
1518
1866
2185
2467
2678
2789
2811
2770
2666
2486
2241
1949
1633
1302
982
699
459
254
78
-66
-179
-265
-322
-349
-371
-409
-469
-547
-663
-835
-1035
-1215
-1369
-1537
-1728
-1876
-1924
-1906
-1880
-1823
-1659
-1376
-1063
-796
-560
-305
-45
168
316
434
531
581
580
572
583
577
520
446
424
460
482
421
294
173
97
48
-16
-111
-229
-351
-468
-578
-691
-811
-937
-1059
-1164
-1237
-1265
-1250
-1202
-1124
-1007
-847
-669
-503
-362
-238
-124
-25
48
94
113
105
79
43
-9
-84
-171
-235
-252
-235
-199
-120
35
267
538
833
1149
1480
1802
2097
2360
2578
2717
2756
2719
2627
2458
2199
1897
1622
1368
1071
719
397
181
37
-129
-320
-450
-477
-475
-527
-619
-680
-715
-798
-957
-1121
-1222
-1299
-1427
-1590
-1684
-1660
-1589
-1549
-1505
-1374
-1164
-976
-850
-715
-489
-205
46
227
375
517
617
651
655
673
704
694
627
551
520
534
535
479
374
258
154
58
-45
-150
-268
-414
-589
-765
-905
-998
-1054
-1083
-1081
-1058
-1036
-1015
-965
-870
-751
-648
-568
-476
-349
-204
-72
23
76
92
79
42
-23
-121
-238
-338
-389
-394
-371
-330
-256
-126
75
339
655
1003
1365
1714
2026
2278
2457
2552
2568
2521
2439
2331
2176
1942
1635
1296
970
670
396
167
3
-109
-213
-324
-412
-450
-466
-507
-578
-648
-708
-787
-902
-1030
-1149
-1277
-1434
-1582
-1656
-1640
-1578
-1503
-1389
-1204
-978
-766
-576
-372
-144
66
217
321
409
486
545
597
658
700
677
599
540
541
552
503
405
327
298
257
148
-5
-141
-247
-359
-492
-625
-742
-851
-952
-1024
-1051
-1059
-1076
-1085
-1043
-942
-823
-721
-621
-501
-363
-236
-146
-95
-79
-82
-84
-77
-79
-131
-235
-346
-417
-437
-431
-405
-344
-230
-55
184
480
808
1126
1416
1701
2005
2304
2530
2645
2670
2661
2621
2507
2287
1996
1695
1386
1031
636
289
68
-54
-171
-318
-437
-476
-474
-507
-575
-624
-642
-687
-795
-923
-1018
-1100
-1221
-1368
-1476
-1516
-1533
-1556
-1546
-1450
-1287
-1127
-998
-864
-688
-472
-256
-64
106
259
393
508
608
695
756
783
790
800
804
772
682
566
466
378
254
87
-70
-172
-252
-373
-533
-671
-758
-833
-913
-958
-930
-868
-822
-789
-732
-657
-613
-601
-561
-466
-373
-327
-290
-204
-97
-47
-70
-105
-112
-136
-218
-324
-395
-415
-419
-413
-364
-244
-70
143
400
701
1019
1316
1597
1874
2135
2337
2459
2528
2571
2565
2462
2254
1996
1735
1471
1167
817
476
211
33
-94
-204
-291
-339
-354
-367
-396
-435
-482
-553
-663
-792
-919
-1046
-1195
-1352
-1467
-1515
-1530
-1554
-1561
-1490
-1327
-1138
-977
-824
-629
-398
-181
-4
166
351
516
608
623
612
612
606
566
495
422
368
328
293
255
208
139
48
-53
-147
-240
-341
-449
-549
-638
-730
-830
-905
-934
-936
-948
-967
-950
-884
-802
-734
-667
-582
-487
-408
-337
-240
-120
-29
-1
-13
-26
-40
-89
-182
-272
-320
-331
-331
-316
-237
-78
138
363
596
872
1205
1559
1895
2200
2469
2677
2787
2801
2751
2658
2509
2291
2023
1728
1398
1029
671
395
223
88
-83
-280
-421
-460
-441
-437
-471
-510
-544
-602
-717
-875
-1042
-1208
-1378
-1534
-1634
-1671
-1678
-1668
-1604
-1450
-1244
-1053
-883
-684
-451
-237
-88
19
123
219
264
267
284
336
383
389
374
379
404
410
389
378
394
395
327
198
64
-53
-194
-391
-593
-729
-795
-844
-908
-945
-921
-880
-856
-821
-725
-593
-500
-458
-400
-279
-135
-40
-4
9
16
9
-11
-33
-71
-150
-261
-362
-440
-521
-598
-609
-512
-344
-181
-35
151
417
728
1037
1344
1668
1989
2246
2406
2502
2587
2641
2599
2421
2151
1867
1595
1307
987
676
426
237
68
-102
-241
-315
-332
-339
-364
-400
-440
-489
-570
-683
-806
-915
-1026
-1166
-1330
-1473
-1557
-1593
-1619
-1638
-1611
-1508
-1347
-1152
-929
-686
-454
-253
-61
152
357
497
560
593
627
637
600
547
527
521
482
425
407
434
439
373
275
203
143
35
-124
-273
-384
-493
-629
-754
-816
-831
-856
-900
-906
-848
-767
-705
-644
-532
-385
-264
-196
-127
-5
127
189
163
106
67
15
-87
-222
-335
-420
-525
-652
-732
-707
-591
-443
-262
-3
344
723
1082
1433
1797
2138
2376
2478
2491
2469
2419
2311
2128
1894
1631
1354
1072
800
558
354
191
64
-51
-160
-241
-267
-252
-253
-306
-399
-501
-614
-756
-919
-1075
-1215
-1351
-1474
-1553
-1583
-1583
-1555
-1460
-1283
-1086
-935
-818
-658
-437
-223
-85
-3
77
167
239
291
342
399
436
448
470
529
599
639
648
650
642
595
510
423
360
291
177
30
-122
-273
-434
-583
-679
-727
-777
-862
-938
-957
-927
-888
-844
-760
-636
-530
-480
-446
-371
-254
-155
-114
-115
-126
-151
-223
-344
-478
-586
-668
-738
-786
-786
-719
-595
-428
-203
103
485
894
1279
1631
1961
2265
2516
2692
2783
2779
2680
2505
2282
2029
1737
1406
1063
747
479
265
108
-1
-87
-162
-211
-209
-165
-122
-111
-127
-174
-282
-469
-702
-915
-1076
-1208
-1333
-1450
-1543
-1619
-1667
-1644
-1532
-1374
-1241
-1131
-976
-757
-539
-380
-255
-101
66
182
238
289
361
414
424
450
535
625
637
584
552
564
555
478
372
294
211
65
-128
-291
-399
-501
-638
-777
-858
-879
-881
-878
-856
-819
-783
-736
-640
-489
-343
-269
-264
-265
-229
-177
-150
-153
-173
-213
-285
-388
-493
-578
-644
-695
-718
-704
-644
-542
-389
-177
88
386
703
1028
1349
1651
1927
2180
2398
2546
2598
2563
2472
2332
2134
1887
1631
1391
1147
867
578
344
196
92
-16
-105
-132
-113
-121
-188
-264
-300
-334
-439
-619
-801
-945
-1087
-1261
-1438
-1567
-1648
-1704
-1723
-1666
-1549
-1426
-1316
-1173
-964
-731
-537
-383
-219
-39
102
177
232
316
408
450
434
422
452
493
503
485
475
472
440
372
299
242
179
88
-10
-94
-181
-306
-451
-556
-604
-640
-709
-788
-836
-829
-784
-710
-614
-517
-451
-402
-327
-218
-129
-102
-118
-127
-123
-147
-220
-321
-414
-493
-564
-621
-649
-631
-552
-398
-182
59
294
539
826
1152
1466
1734
1964
2167
2315
2368
2332
2268
2209
2117
1945
1708
1467
1253
1036
784
530
325
172
31
-104
-201
-248
-293
-384
-496
-571
-616
-691
-826
-964
-1051
-1120
-1240
-1402
-1529
-1577
-1582
-1587
-1567
-1478
-1346
-1232
-1141
-1013
-816
-606
-444
-314
-172
-25
87
167
271
410
528
573
576
608
686
751
762
739
721
708
662
563
425
283
160
58
-41
-155
-285
-413
-516
-597
-668
-737
-793
-821
-819
-793
-753
-707
-650
-579
-498
-427
-377
-341
-304
-270
-266
-297
-343
-388
-433
-485
-531
-547
-543
-543
-559
-560
-505
-377
-190
38
302
596
916
1236
1530
1778
1990
2188
2367
2484
2512
2467
2376
2232
2009
1735
1479
1264
1047
790
544
372
247
98
-72
-170
-170
-169
-264
-416
-524
-570
-642
-783
-936
-1046
-1146
-1289
-1444
-1539
-1566
-1584
-1627
-1651
-1603
-1486
-1344
-1203
-1059
-908
-750
-584
-409
-247
-119
-20
87
219
351
438
470
489
538
611
670
688
695
724
765
773
734
678
623
540
407
253
126
25
-98
-263
-431
-554
-630
-685
-731
-763
-775
-762
-720
-657
-606
-578
-542
-453
-321
-213
-180
-213
-265
-315
-372
-439
-506
-569
-644
-733
-806
-828
-800
-741
-652
-511
-315
-85
158
425
729
1048
1346
1609
1859
2101
2301
2433
2511
2552
2532
2412
2207
1993
1802
1591
1298
951
645
426
256
83
-78
-176
-214
-246
-304
-361
-384
-398
-456
-570
-712
-849
-986
-1137
-1292
-1427
-1534
-1614
-1673
-1705
-1711
-1686
-1622
-1499
-1319
-1111
-901
-700
-494
-282
-77
103
257
396
525
633
706
742
756
768
768
740
681
628
615
631
633
591
515
436
359
269
159
36
-93
-235
-391
-543
-679
-791
-887
-957
-984
-962
-911
-853
-801
-754
-710
-648
-550
-421
-303
-238
-225
-223
-217
-227
-276
-343
-394
-427
-468
-529
-577
-576
-517
-428
-319
-174
34
318
660
1020
1356
1658
1940
2201
2407
2531
2575
2565
2503
2381
2209
2021
1822
1573
1253
919
652
467
305
118
-60
-163
-182
-180
-222
-308
-401
-493
-597
-715
-821
-896
-980
-1125
-1320
-1493
-1598
-1654
-1692
-1700
-1646
-1536
-1414
-1303
-1177
-1003
-800
-605
-422
-239
-64
72
166
262
392
522
599
620
635
685
747
774
758
739
748
762
735
659
559
458
354
238
114
-7
-124
-238
-347
-443
-528
-608
-671
-709
-730
-748
-761
-749
-695
-614
-531
-474
-453
-458
-464
-451
-429
-412
-395
-354
-294
-262
-293
-359
-405
-413
-409
-406
-388
-336
-265
-189
-83
93
347
639
918
1174
1431
1711
1994
2240
2413
2510
2535
2497
2390
2225
2020
1797
1560
1303
1023
738
477
257
83
-68
-197
-295
-351
-381
-407
-447
-502
-572
-668
-798
-948
-1099
-1247
-1400
-1550
-1663
-1718
-1733
-1738
-1731
-1673
-1540
-1351
-1154
-964
-772
-564
-356
-171
-17
116
242
362
475
575
654
709
744
782
835
895
945
966
960
935
891
821
729
628
531
431
312
165
3
-163
-334
-506
-664
-785
-866
-924
-966
-985
-976
-943
-893
-818
-722
-619
-536
-479
-442
-428
-434
-450
-458
-469
-501
-562
-621
-649
-647
-631
-609
-571
-515
-447
-370
-272
-137
44
270
529
801
1070
1338
1610
1876
2102
2263
2366
2432
2475
2487
2450
2344
2163
1930
1682
1440
1199
950
714
511
327
134
-65
-221
-308
-356
-418
-503
-578
-631
-685
-754
-828
-911
-1026
-1191
-1371
-1511
-1603
-1672
-1727
-1749
-1722
-1660
-1566
-1419
-1209
-972
-752
-552
-347
-135
56
207
335
465
580
645
650
636
648
684
710
703
689
706
752
783
766
708
635
562
485
398
296
171
25
-130
-278
-415
-553
-687
-799
-877
-922
-938
-927
-895
-855
-804
-731
-633
-538
-473
-428
-387
-356
-358
-391
-423
-440
-459
-498
-534
-540
-519
-499
-488
-455
-374
-262
-142
-8
173
414
684
944
1191
1444
1707
1953
2155
2310
2419
2469
2442
2343
2193
2005
1782
1546
1325
1120
895
645
411
235
96
-54
-217
-350
-444
-538
-654
-754
-806
-844
-931
-1070
-1202
-1292
-1375
-1480
-1586
-1642
-1652
-1650
-1654
-1633
-1558
-1440
-1303
-1147
-951
-721
-488
-286
-112
54
212
352
468
563
638
691
727
764
811
855
873
870
869
886
908
904
867
806
731
639
525
389
238
70
-107
-282
-439
-565
-656
-723
-780
-840
-902
-943
-941
-889
-814
-748
-699
-649
-589
-542
-521
-504
-454
-386
-355
-379
-400
-373
-336
-355
-423
-470
-461
-437
-436
-416
-326
-178
-34
92
244
445
666
879
1084
1291
1479
1640
1788
1925
2021
2046
2025
2001
1963
1861
1683
1485
1301
1101
852
587
377
230
87
-86
-265
-407
-512
-611
-711
-794
-857
-915
-985
-1062
-1137
-1202
-1256
-1297
-1331
-1366
-1400
-1408
-1374
-1293
-1181
-1054
-927
-805
-692
-569
-425
-270
-122
12
140
266
388
492
576
641
699
764
840
911
954
961
952
944
931
897
847
808
773
702
568
392
213
41
-139
-331
-506
-639
-743
-841
-933
-986
-991
-966
-938
-913
-886
-848
-800
-750
-707
-677
-648
-604
-547
-500
-478
-461
-428
-384
-360
-362
-353
-305
-240
-205
-212
-226
-210
-153
-69
29
136
260
417
621
856
1089
1298
1499
1705
1900
2044
2114
2128
2107
2049
1936
1768
1574
1379
1178
943
673
409
195
43
-78
-196
-310
-410
-495
-575
-646
-687
-709
-750
-837
-954
-1063
-1143
-1206
-1268
-1322
-1346
-1341
-1318
-1280
-1210
-1094
-947
-809
-695
-583
-448
-300
-161
-39
81
201
302
373
433
498
555
585
597
619
662
710
735
736
722
694
652
597
532
455
367
264
151
31
-89
-205
-329
-465
-599
-704
-780
-845
-906
-942
-933
-903
-887
-885
-865
-813
-751
-694
-632
-552
-469
-400
-340
-263
-171
-92
-46
-24
-13
-9
-18
-39
-72
-123
-188
-243
-263
-249
-216
-165
-73
71
259
469
691
929
1183
1437
1671
1864
2001
2080
2105
2089
2039
1947
1810
1625
1397
1138
869
609
373
162
-33
-209
-359
-473
-554
-609
-642
-656
-661
-676
-711
-758
-806
-851
-900
-964
-1039
-1118
-1191
-1246
-1271
-1250
-1192
-1115
-1027
-923
-787
-622
-450
-292
-148
-3
141
263
352
408
453
487
502
499
497
513
534
538
531
533
541
524
465
382
325
299
277
236
179
110
21
-94
-222
-337
-431
-514
-595
-661
-711
-748
-781
-806
-821
-818
-790
-727
-633
-539
-469
-418
-358
-270
-173
-86
-17
45
107
160
179
162
129
99
71
19
-57
-132
-183
-211
-238
-258
-248
-198
-120
-18
130
339
594
849
1075
1264
1412
1518
1600
1668
1699
1653
1526
1362
1203
1056
896
712
514
322
146
2
-105
-195
-283
-367
-419
-433
-434
-442
-455
-466
-487
-525
-573
-623
-687
-781
-885
-941
-935
-911
-913
-925
-894
-809
-704
-602
-481
-337
-202
-112
-44
54
177
273
308
317
346
387
402
396
403
434
451
429
398
394
415
430
429
421
402
357
296
249
225
189
106
-6
-117
-221
-339
-473
-598
-692
-757
-803
-820
-803
-760
-705
-638
-556
-473
-411
-370
-333
-289
-248
-219
-199
-175
-146
-115
-72
-27
-3
-30
-100
-183
-247
-301
-362
-432
-491
-524
-531
-516
-471
-386
-262
-107
75
289
537
807
1081
1331
1536
1683
1774
1819
1840
1826
1766
1655
1503
1325
1118
887
664
487
359
248
127
11
-72
-129
-176
-220
-248
-264
-292
-345
-402
-438
-469
-531
-640
-771
-883
-962
-1014
-1048
-1062
-1053
-1015
-950
-865
-760
-637
-500
-362
-236
-126
-36
37
107
180
249
289
285
260
253
271
281
251
196
161
167
197
224
241
261
294
324
330
301
249
192
129
42
-68
-175
-250
-300
-358
-433
-511
-574
-638
-692
-713
-684
-627
-579
-542
-489
-417
-350
-310
-286
-252
-207
-158
-106
-56
-24
-26
-43
-45
-28
-25
-60
-123
-183
-234
-285
-336
-371
-383
-377
-353
-296
-188
-27
175
402
639
880
1124
1361
1572
1730
1823
1865
1866
1820
1714
1556
1372
1177
961
729
506
327
187
50
-95
-222
-302
-333
-340
-343
-344
-345
-356
-380
-412
-450
-504
-579
-666
-747
-812
-874
-942
-1004
-1034
-1021
-988
-953
-907
-824
-705
-577
-458
-342
-221
-113
-40
16
86
167
219
223
210
221
256
285
289
284
285
298
318
354
403
452
487
501
488
448
390
328
263
185
85
-20
-113
-190
-258
-325
-384
-443
-499
-547
-574
-578
-565
-540
-510
-488
-481
-476
-443
-383
-320
-280
-256
-229
-194
-166
-149
-135
-117
-100
-104
-135
-187
-255
-332
-407
-473
-526
-556
-551
-506
-429
-334
-219
-62
144
390
651
904
1144
1369
1571
1740
1861
1930
1935
1875
1760
1617
1472
1321
1140
924
705
521
372
224
60
-90
-192
-245
-284
-325
-357
-376
-399
-437
-477
-494
-506
-544
-606
-656
-673
-687
-735
-809
-856
-857
-847
-861
-884
-869
-808
-740
-693
-652
-587
-491
-386
-273
-140
7
136
221
274
324
370
402
419
439
461
467
450
427
416
412
401
389
383
379
354
308
254
205
150
68
-33
-134
-214
-279
-343
-404
-455
-492
-523
-549
-557
-540
-498
-441
-382
-329
-288
-259
-232
-200
-172
-153
-139
-129
-129
-155
-201
-237
-247
-247
-268
-324
-398
-462
-504
-527
-533
-526
-504
-460
-381
-265
-120
49
243
461
691
918
1135
1332
1495
1612
1684
1724
1725
1678
1577
1439
1285
1130
972
800
609
415
238
97
-15
-113
-198
-257
-286
-298
-314
-331
-344
-359
-391
-435
-475
-512
-567
-644
-724
-783
-819
-847
-863
-855
-819
-776
-740
-708
-663
-594
-502
-392
-278
-180
-108
-49
16
89
155
204
242
281
316
335
325
299
284
298
334
376
413
445
471
476
464
444
430
405
356
291
231
165
61
-86
-239
-360
-459
-562
-662
-717
-708
-671
-649
-635
-596
-524
-447
-388
-348
-311
-271
-233
-208
-200
-208
-225
-240
-247
-253
-269
-294
-317
-331
-344
-360
-385
-415
-441
-459
-462
-448
-414
-352
-254
-126
16
158
307
478
668
863
1052
1240
1425
1585
1694
1743
1742
1705
1638
1550
1452
1333
1174
962
724
497
296
110
-64
-204
-293
-353
-412
-469
-484
-451
-410
-401
-406
-380
-329
-315
-368
-450
-507
-550
-624
-727
-811
-850
-878
-921
-955
-932
-860
-781
-716
-638
-527
-400
-281
-163
-31
109
227
315
380
430
457
462
459
456
448
417
370
332
326
341
347
339
339
365
398
408
386
350
312
252
156
36
-84
-198
-314
-433
-536
-610
-659
-685
-683
-654
-605
-551
-489
-413
-325
-242
-189
-165
-156
-146
-136
-145
-182
-234
-276
-301
-331
-384
-444
-486
-501
-505
-513
-517
-507
-490
-477
-465
-433
-359
-243
-99
57
224
401
582
753
908
1061
1229
1397
1526
1590
1613
1622
1612
1552
1447
1339
1252
1157
1005
798
590
418
270
120
-23
-135
-208
-256
-293
-319
-338
-368
-421
-477
-511
-519
-530
-569
-631
-694
-743
-783
-832
-892
-945
-970
-961
-925
-872
-801
-706
-597
-483
-358
-211
-55
86
191
269
333
383
418
448
480
493
469
423
383
348
293
225
190
218
275
310
319
337
370
377
335
273
226
184
108
-1
-115
-212
-305
-405
-493
-546
-564
-562
-547
-513
-465
-410
-355
-307
-269
-240
-215
-185
-166
-170
-193
-222
-247
-278
-315
-338
-338
-327
-328
-336
-329
-304
-292
-314
-355
-391
-412
-430
-440
-423
-369
-284
-174
-36
137
339
552
755
939
1103
1250
1378
1482
1551
1580
1564
1509
1419
1308
1191
1063
906
726
556
430
340
247
134
21
-68
-132
-186
-229
-251
-253
-251
-272
-317
-378
-442
-500
-552
-598
-642
-685
-735
-783
-818
-832
-825
-804
-772
-728
-666
-591
-506
-419
-332
-241
-147
-43
75
198
301
366
394
402
408
411
395
351
293
249
226
211
184
159
159
192
237
275
303
330
353
365
358
332
283
205
107
10
-86
-194
-324
-455
-546
-585
-590
-585
-570
-534
-487
-450
-431
-409
-370
-324
-301
-307
-319
-318
-318
-335
-365
-381
-368
-342
-330
-329
-322
-302
-287
-293
-312
-324
-325
-332
-356
-388
-395
-365
-302
-214
-101
37
193
355
520
688
853
1000
1124
1238
1347
1438
1484
1481
1442
1386
1321
1249
1163
1059
919
750
582
443
330
219
106
10
-51
-97
-150
-217
-283
-330
-357
-367
-364
-364
-385
-430
-491
-556
-630
-710
-778
-827
-863
-896
-915
-905
-861
-800
-724
-626
-508
-392
-302
-225
-134
-19
94
180
239
283
317
330
321
305
294
279
248
204
170
156
149
131
113
124
172
230
269
284
291
297
287
251
205
166
121
43
-68
-177
-257
-311
-361
-416
-461
-488
-504
-516
-514
-492
-448
-398
-349
-302
-254
-201
-146
-102
-83
-83
-85
-72
-54
-49
-66
-105
-167
-249
-343
-429
-499
-553
-594
-621
-638
-642
-622
-566
-475
-363
-240
-105
54
231
411
593
779
962
1130
1269
1373
1450
1502
1530
1527
1481
1393
1283
1172
1067
952
823
692
565
435
294
157
46
-32
-85
-118
-134
-142
-160
-193
-226
-256
-299
-369
-452
-523
-591
-672
-774
-868
-929
-957
-975
-993
-995
-953
-864
-751
-648
-558
-459
-333
-190
-55
53
131
190
232
268
297
311
296
267
255
263
263
236
206
213
237
233
195
175
207
260
293
311
346
393
405
361
299
257
233
191
111
3
-114
-228
-326
-404
-467
-528
-582
-608
-604
-586
-568
-544
-504
-447
-384
-332
-293
-262
-231
-202
-177
-157
-145
-148
-170
-208
-249
-287
-332
-392
-460
-520
-561
-594
-626
-651
-652
-630
-587
-515
-398
-232
-44
135
294
450
616
790
963
1122
1262
1372
1441
1474
1479
1473
1462
1446
1418
1363
1262
1122
972
841
724
597
459
336
244
175
111
48
-7
-58
-119
-184
-232
-270
-319
-395
-481
-556
-623
-701
-788
-872
-945
-1009
-1058
-1075
-1058
-1017
-964
-900
-820
-737
-649
-538
-393
-236
-103
-3
81
151
200
225
246
264
261
228
181
154
148
138
117
103
117
152
187
213
241
278
323
368
402
424
426
400
350
282
200
112
20
-70
-149
-219
-282
-339
-381
-411
-438
-470
-491
-486
-462
-431
-398
-350
-295
-251
-229
-211
-184
-162
-168
-202
-242
-275
-311
-355
-401
-438
-463
-485
-501
-503
-489
-479
-485
-512
-545
-560
-540
-489
-418
-333
-223
-83
78
247
416
584
757
935
1112
1270
1389
1472
1532
1574
1584
1553
1497
1435
1349
1220
1057
904
781
659
512
367
272
227
184
113
34
-22
-67
-117
-172
-210
-239
-285
-356
-429
-491
-560
-657
-772
-873
-940
-984
-1015
-1025
-1011
-971
-919
-846
-751
-647
-557
-483
-395
-278
-152
-59
-10
20
57
87
89
74
80
117
146
133
82
32
0
-17
-14
23
86
143
170
187
222
280
338
384
422
451
464
449
409
349
275
193
127
82
40
-18
-93
-171
-234
-280
-302
-304
-293
-290
-305
-322
-323
-301
-272
-249
-251
-276
-315
-349
-369
-383
-395
-404
-412
-423
-448
-481
-512
-537
-564
-593
-615
-627
-640
-662
-681
-673
-626
-544
-442
-324
-189
-40
121
293
480
679
890
1097
1280
1422
1524
1604
1663
1691
1677
1638
1591
1535
1442
1308
1157
1011
867
707
536
384
261
149
34
-73
-148
-191
-226
-274
-329
-374
-408
-440
-476
-515
-555
-592
-637
-699
-778
-856
-917
-958
-991
-1020
-1029
-1003
-948
-874
-787
-685
-585
-494
-401
-293
-177
-77
1
74
155
219
245
233
210
194
194
207
220
214
177
134
121
143
175
200
232
289
360
412
425
410
388
363
335
310
300
298
275
210
114
21
-48
-104
-159
-208
-246
-281
-323
-369
-398
-403
-400
-404
-414
-419
-425
-443
-470
-490
-495
-492
-486
-477
-465
-458
-463
-472
-470
-456
-438
-421
-402
-384
-371
-372
-381
-391
-400
-398
-375
-331
-274
-207
-123
-4
153
327
504
687
886
1093
1279
1427
1543
1647
1732
1785
1803
1795
1769
1705
1587
1426
1247
1063
874
682
511
370
241
102
-44
-170
-263
-328
-380
-422
-456
-490
-532
-577
-618
-653
-691
-730
-763
-795
-835
-893
-963
-1035
-1088
-1104
-1079
-1027
-975
-931
-874
-786
-681
-583
-492
-388
-270
-161
-87
-34
29
114
202
271
317
340
351
346
328
302
280
278
295
312
314
305
306
329
364
397
418
429
434
433
429
422
406
384
360
330
274
182
69
-30
-99
-152
-213
-277
-334
-381
-421
-450
-466
-476
-486
-487
-465
-425
-390
-384
-397
-399
-368
-316
-265
-233
-225
-236
-257
-281
-302
-307
-294
-277
-281
-317
-372
-419
-444
-456
-464
-463
-437
-387
-319
-241
-137
11
201
408
600
769
920
1067
1220
1370
1503
1599
1654
1675
1662
1613
1522
1402
1271
1131
972
801
637
493
359
232
123
51
12
-21
-65
-111
-152
-191
-231
-259
-270
-283
-328
-405
-491
-578
-673
-785
-896
-987
-1061
-1131
-1191
-1221
-1211
-1172
-1118
-1050
-966
-871
-769
-652
-504
-338
-183
-57
47
147
241
317
365
397
430
462
476
467
436
390
342
309
304
317
329
330
335
358
390
413
417
413
411
417
433
458
479
468
412
323
227
143
71
9
-45
-101
-170
-247
-322
-392
-462
-526
-569
-583
-574
-565
-570
-574
-557
-526
-497
-474
-447
-404
-360
-335
-333
-330
-312
-292
-288
-298
-308
-311
-312
-321
-339
-363
-391
-417
-437
-442
-427
-386
-315
-224
-118
3
139
292
454
632
831
1045
1247
1418
1562
1688
1786
1834
1829
1790
1732
1652
1537
1389
1219
1033
836
634
448
285
143
22
-72
-137
-192
-257
-328
-383
-412
-423
-436
-455
-480
-523
-595
-693
-790
-873
-941
-1001
-1052
-1095
-1130
-1159
-1164
-1135
-1080
-1004
-910
-799
-681
-565
-443
-298
-142
-15
62
117
179
249
306
344
388
444
489
502
492
483
477
464
446
438
448
462
465
448
418
384
356
342
345
354
356
340
309
269
220
160
104
84
108
139
122
47
-45
-109
-153
-211
-281
-325
-329
-319
-323
-340
-349
-357
-380
-409
-415
-395
-375
-369
-367
-358
-350
-352
-347
-316
-277
-265
-281
-296
-294
-299
-332
-377
-411
-434
-462
-497
-515
-508
-486
-464
-430
-378
-310
-235
-147
-28
125
291
453
619
805
1005
1192
1345
1466
1571
1660
1720
1746
1743
1707
1628
1491
1318
1147
999
859
702
529
362
216
93
-21
-120
-193
-246
-297
-360
-431
-504
-585
-678
-773
-851
-906
-952
-1007
-1073
-1138
-1184
-1206
-1205
-1191
-1162
-1114
-1044
-964
-889
-813
-708
-554
-367
-189
-43
83
204
313
391
441
484
522
544
543
540
551
572
586
586
580
570
560
550
547
544
528
493
453
427
415
413
402
374
335
288
234
173
115
78
61
35
-26
-116
-191
-221
-220
-222
-236
-258
-284
-315
-334
-318
-273
-244
-259
-306
-346
-367
-390
-419
-446
-459
-469
-484
-495
-482
-455
-438
-433
-422
-386
-329
-277
-248
-242
-251
-269
-291
-306
-302
-279
-254
-255
-291
-348
-400
-425
-425
-406
-363
-281
-163
-26
105
236
385
554
733
906
1079
1247
1387
1480
1533
1572
1600
1588
1526
1428
1322
1199
1031
823
623
470
352
230
94
-31
-118
-172
-210
-237
-245
-239
-244
-274
-327
-385
-443
-510
-591
-667
-711
-729
-748
-794
-859
-917
-955
-978
-990
-974
-918
-840
-769
-706
-622
-489
-333
-192
-78
30
155
288
404
489
544
572
571
550
524
504
492
480
461
430
386
342
319
323
337
338
320
301
295
297
287
256
214
182
163
132
82
19
-35
-77
-120
-171
-216
-236
-228
-202
-173
-156
-156
-173
-187
-175
-140
-112
-120
-154
-190
-217
-241
-272
-309
-342
-369
-390
-407
-423
-438
-447
-446
-436
-424
-414
-401
-384
-359
-325
-289
-269
-281
-323
-372
-411
-438
-454
-461
-460
-459
-466
-468
-454
-418
-363
-278
-160
-25
106
231
374
539
706
855
982
1102
1215
1312
1378
1419
1442
1441
1406
1338
1245
1141
1029
908
786
684
605
531
432
300
157
31
-70
-151
-213
-251
-273
-298
-336
-380
-421
-465
-524
-591
-653
-690
-699
-705
-730
-784
-847
-888
-889
-861
-821
-768
-690
-595
-509
-443
-379
-295
-199
-109
-20
80
188
279
345
398
453
498
516
512
500
474
417
348
300
292
303
297
270
244
238
242
238
209
171
142
131
124
104
65
19
-22
-58
-100
-143
-178
-193
-195
-194
-203
-221
-234
-239
-234
-232
-232
-229
-210
-178
-150
-132
-119
-108
-104
-115
-139
-168
-194
-225
-261
-293
-314
-335
-365
-404
-438
-459
-466
-460
-445
-426
-409
-399
-397
-396
-402
-420
-438
-443
-435
-428
-430
-432
-421
-396
-365
-330
-285
-238
-184
-115
-15
113
250
384
523
680
848
1015
1172
1308
1411
1474
1511
1535
1545
1533
1496
1443
1371
1258
1110
957
834
734
625
491
341
206
94
-11
-116
-216
-296
-351
-392
-432
-474
-509
-538
-570
-620
-691
-764
-824
-868
-902
-935
-954
-954
-935
-912
-890
-858
-812
-750
-676
-596
-506
-405
-303
-203
-115
-41
16
70
133
208
279
331
364
385
397
395
379
362
349
339
329
317
304
285
265
255
259
258
248
239
244
262
268
246
211
178
142
92
31
-19
-48
-67
-89
-106
-107
-88
-68
-58
-61
-78
-98
-111
-107
-88
-68
-58
-67
-89
-132
-186
-239
-280
-313
-357
-423
-491
-542
-574
-602
-632
-649
-634
-596
-556
-524
-494
-466
-440
-417
-382
-335
-287
-249
-223
-205
-196
-198
-200
-186
-157
-139
-150
-165
-147
-78
15
107
195
289
396
509
625
753
891
1021
1128
1220
1317
1413
1478
1488
1454
1408
1363
1309
1229
1120
994
867
738
605
469
341
226
126
28
-69
-169
-265
-355
-432
-489
-531
-565
-600
-632
-664
-698
-733
-755
-769
-788
-823
-852
-852
-837
-839
-860
-860
-807
-726
-659
-610
-542
-436
-321
-231
-157
-72
31
121
179
226
288
363
422
450
456
456
448
430
409
396
387
377
369
364
343
287
204
145
145
183
204
180
137
110
94
65
16
-29
-57
-87
-135
-187
-215
-212
-204
-211
-225
-233
-236
-229
-199
-147
-106
-112
-145
-153
-118
-78
-71
-82
-78
-61
-69
-112
-157
-174
-173
-179
-201
-226
-246
-264
-276
-282
-285
-288
-285
-262
-221
-184
-162
-150
-134
-112
-96
-93
-107
-131
-160
-182
-192
-186
-168
-143
-120
-101
-80
-45
7
60
104
143
186
247
335
456
596
732
843
931
1000
1047
1072
1081
1089
1095
1080
1034
968
892
804
698
596
515
442
335
193
60
-31
-99
-179
-269
-348
-404
-450
-485
-489
-459
-438
-457
-507
-559
-600
-637
-668
-680
-668
-656
-659
-676
-689
-691
-681
-657
-612
-546
-461
-365
-273
-189
-112
-34
42
106
153
194
245
306
374
435
473
478
451
408
365
325
288
266
266
265
243
200
165
148
131
89
27
-27
-61
-79
-91
-99
-103
-111
-123
-133
-147
-171
-197
-208
-195
-167
-141
-126
-107
-78
-42
-11
8
25
49
79
110
129
132
122
104
87
74
76
92
107
105
81
37
-15
-67
-109
-137
-154
-164
-171
-173
-173
-174
-180
-189
-196
-201
-198
-189
-179
-180
-192
-206
-219
-229
-244
-263
-278
-292
-307
-323
-330
-326
-312
-293
-269
-231
-178
-113
-44
32
117
212
308
405
500
598
693
775
839
890
932
964
981
977
952
914
868
822
774
718
650
572
485
392
297
214
145
82
17
-48
-101
-141
-179
-225
-275
-319
-353
-383
-411
-435
-455
-481
-521
-571
-616
-647
-664
-675
-682
-684
-685
-684
-674
-640
-570
-471
-366
-284
-230
-191
-145
-91
-41
1
50
115
190
254
298
325
335
327
305
283
275
276
283
292
301
296
277
257
248
245
233
206
170
134
100
68
44
22
-5
-38
-68
-92
-112
-129
-136
-130
-124
-119
-103
-66
-15
27
54
74
91
104
110
119
141
175
207
225
223
204
176
147
119
91
63
42
26
3
-34
-77
-101
-107
-118
-152
-209
-263
-295
-305
-302
-303
-318
-340
-362
-369
-367
-368
-379
-399
-418
-436
-459
-480
-488
-474
-442
-406
-374
-347
-326
-307
-288
-262
-226
-181
-120
-38
61
161
238
289
331
383
443
505
575
659
759
849
907
932
942
948
948
935
912
882
845
794
730
664
598
532
456
369
274
174
74
-10
-75
-132
-192
-256
-306
-340
-369
-411
-462
-496
-512
-518
-529
-542
-546
-536
-518
-498
-479
-457
-435
-408
-381
-355
-328
-293
-253
-215
-186
-157
-117
-67
-28
-7
6
23
48
79
116
156
188
205
209
211
214
217
217
213
202
180
153
139
144
157
154
126
85
50
26
8
-10
-28
-40
-48
-58
-69
-69
-56
-46
-56
-78
-89
-76
-50
-24
-5
6
11
6
-3
-2
11
35
60
92
127
159
187
214
234
239
233
221
207
183
146
104
69
35
-4
-48
-100
-160
-227
-289
-330
-346
-348
-350
-352
-350
-342
-332
-317
-296
-274
-250
-222
-192
-163
-145
-135
-131
-133
-142
-151
-149
-138
-132
-128
-120
-111
-109
-121
-125
-105
-68
-35
-13
18
64
112
145
166
194
230
263
288
314
348
383
412
433
455
478
497
514
533
548
554
543
521
493
467
443
418
391
357
313
264
214
171
133
92
43
-12
-64
-101
-125
-148
-169
-193
-217
-243
-270
-292
-306
-319
-341
-366
-381
-382
-377
-374
-371
-368
-369
-370
-363
-342
-313
-284
-257
-228
-194
-169
-153
-137
-113
-83
-57
-37
-16
12
40
64
80
91
102
114
124
130
129
128
129
133
138
141
143
145
147
147
143
137
128
122
119
115
112
110
114
117
106
81
51
25
12
5
2
-3
-17
-40
-66
-81
-88
-94
-101
-104
-99
-87
-75
-66
-58
-53
-52
-57
-66
-77
-86
-88
-82
-69
-55
-50
-51
-60
-74
-88
-95
-88
-72
-57
-50
-48
-44
-37
-32
-28
-20
-5
12
24
32
44
62
74
75
74
78
84
78
65
53
47
47
42
37
36
41
44
44
40
35
32
29
27
30
40
62
90
121
148
172
193
213
233
258
286
311
331
339
343
344
342
338
331
324
308
289
269
249
224
186
136
81
26
-29
-84
-133
-176
-217
-261
-305
-345
-377
-400
-421
-437
-449
-455
-448
-427
-396
-368
-350
-337
-322
-296
-264
-231
-201
-176
-154
-133
-105
-66
-21
25
65
99
120
129
134
141
150
160
170
183
194
189
169
147
130
118
102
80
54
24
-8
-34
-46
-50
-57
-72
-89
-105
-115
-114
-95
-62
-30
-12
-7
-4
6
33
77
131
177
205
222
237
255
269
277
283
290
294
291
285
288
295
300
294
279
263
252
248
249
248
237
212
170
120
75
40
14
-11
-44
-88
-136
-181
-220
-254
-279
-296
-309
-326
-348
-368
-381
-388
-388
-384
-378
-370
-364
-357
-354
-355
-359
-355
-338
-309
-276
-238
-198
-160
-129
-105
-75
-33
18
70
118
164
201
224
233
241
254
264
266
268
280
298
305
300
286
276
268
256
242
228
215
195
166
135
109
83
57
26
-3
-31
-50
-59
-58
-48
-37
-27
-24
-28
-36
-47
-52
-53
-57
-64
-72
-78
-88
-106
-124
-134
-131
-123
-112
-95
-73
-58
-59
-67
-64
-40
-9
10
15
17
22
21
6
-16
-31
-37
-35
-29
-10
14
35
49
58
68
79
82
81
83
91
100
103
96
83
67
52
47
48
47
34
17
9
7
5
-10
-31
-46
-51
-55
-65
-74
-76
-72
-66
-62
-60
-64
-71
-79
-90
-101
-109
-106
-87
-63
-49
-51
-56
-50
-27
1
22
28
20
6
0
8
27
49
67
78
83
85
92
108
126
134
125
103
78
55
43
42
49
52
49
40
32
24
13
-2
-16
-27
-32
-34
-35
-38
-42
-52
-60
-66
-67
-62
-56
-53
-51
-54
-54
-51
-47
-42
-35
-24
-9
4
10
12
11
8
3
2
5
19
36
46
47
45
46
50
53
52
46
41
39
41
46
51
51
44
30
13
3
2
5
5
4
-2
-9
-16
-22
-23
-23
-25
-31
-33
-33
-30
-29
-29
-30
-28
-23
-11
11
37
60
71
69
59
49
43
45
58
75
86
86
79
70
66
64
56
45
33
22
12
4
-1
3
12
19
19
11
1
-13
-24
-28
-27
-29
-41
-62
-82
-90
-88
-83
-83
-89
-98
-104
-104
-98
-92
-89
-85
-82
-77
-68
-50
-21
13
41
57
59
47
30
18
19
32
50
65
75
76
67
57
51
53
58
62
61
58
55
56
54
46
36
26
26
37
48
48
38
30
28
26
18
5
-9
-16
-23
-25
-23
-21
-24
-35
-46
-49
-47
-45
-48
-49
-48
-45
-44
-39
-30
-16
-1
9
11
11
12
18
27
35
40
42
44
41
32
19
12
14
26
39
50
60
62
55
41
29
28
34
46
54
58
54
48
40
30
17
2
-6
-8
-2
4
7
5
-5
-19
-31
-38
-39
-38
-36
-35
-34
-38
-40
-39
-36
-40
-48
-54
-52
-43
-31
-17
-10
-9
-20
-40
-66
-87
-97
-90
-67
-38
-7
19
41
59
71
78
80
81
84
93
99
93
73
45
18
6
8
22
41
51
51
44
38
34
34
28
23
14
5
-4
-10
-9
-7
-11
-22
-37
-50
-58
-69
-81
-91
-92
-80
-61
-39
-18
-2
5
6
5
9
19
31
39
39
33
22
13
13
23
38
52
65
75
85
91
91
85
73
60
48
41
39
37
31
27
27
30
30
29
26
25
19
9
-1
-5
-7
-8
-13
-16
-16
-14
-13
-12
-14
-21
-28
-35
-44
-56
-66
-67
-61
-47
-30
-12
4
14
15
13
9
3
-4
-11
-11
-6
3
20
39
57
65
65
61
62
58
50
38
28
22
20
22
26
32
32
27
20
18
24
34
41
42
36
25
13
3
-6
-7
-2
1
-4
-15
-19
-18
-19
-26
-38
-45
-46
-42
-33
-14
14
40
54
55
53
53
57
62
67
70
72
65
53
37
26
21
24
27
29
25
22
26
35
43
40
28
7
-6
-14
-15
-11
-6
-4
-5
-11
-20
-31
-42
-49
-51
-48
-43
-38
-30
-27
-25
-24
-21
-17
-14
-17
-21
-25
-25
-23
-16
-8
-5
-10
-14
-10
4
23
44
62
75
82
77
64
48
36
31
28
26
25
27
27
26
19
14
9
11
17
21
22
19
13
6
-1
-5
-6
-8
-17
-27
-34
-33
-31
-32
-37
-39
-30
-12
7
19
21
20
16
11
8
12
24
38
42
32
15
1
-5
-1
10
24
35
39
34
25
18
19
24
28
26
27
30
39
45
45
37
24
8
-5
-7
5
22
35
34
25
15
9
5
0
-4
-9
-16
-24
-30
-27
-13
4
18
28
34
34
33
31
33
37
40
38
33
27
21
13
2
-3
3
20
38
44
36
25
16
13
17
26
39
51
56
57
56
50
44
40
36
31
25
19
16
9
-4
-22
-37
-42
-37
-25
-9
6
14
13
5
-5
-18
-35
-51
-68
-77
-76
-63
-39
-13
3
8
2
0
2
4
5
8
14
24
29
23
16
15
23
34
42
47
44
34
20
5
-10
-18
-19
-19
-21
-27
-27
-16
0
12
12
9
8
16
21
18
11
9
10
13
11
9
14
27
39
47
49
48
45
38
33
29
29
32
32
28
20
12
6
1
-1
0
7
18
25
24
17
12
9
6
-1
-3
3
10
9
1
-5
-2
1
-7
-20
-26
-26
-23
-23
-25
-20
-14
-11
-10
-4
10
26
36
39
36
33
28
27
27
29
31
31
28
18
7
-4
-11
-21
-29
-30
-24
-15
-3
9
19
29
37
41
37
23
5
-9
-13
-10
-6
-2
4
17
29
36
40
40
35
22
6
-6
-12
-10
-5
1
5
7
7
6
10
18
28
36
39
41
44
46
44
35
24
14
13
21
37
56
70
67
47
14
-15
-29
-31
-24
-14
1
20
35
41
39
33
30
31
35
36
28
16
3
-5
-9
-12
-13
-4
11
20
16
1
-14
-21
-23
-22
-20
-19
-22
-26
-30
-30
-27
-25
-23
-21
-21
-25
-25
-22
-16
-12
-13
-12
-3
9
18
22
22
22
24
28
34
40
42
32
13
-7
-18
-19
-14
-7
4
15
20
22
20
21
22
23
23
28
36
42
43
43
36
28
15
3
-7
-16
-20
-21
-16
-2
15
34
46
45
32
14
0
-5
-2
0
5
11
22
28
22
4
-14
-18
-10
-3
-2
-7
-12
-19
-29
-41
-50
-48
-37
-20
-5
8
11
7
-4
-11
-9
2
20
39
57
66
67
62
50
38
23
10
-1
-6
-6
-3
0
1
5
10
15
19
21
27
37
49
55
53
46
36
29
26
26
29
33
37
37
33
28
21
11
3
3
12
27
39
46
56
70
80
78
67
54
40
27
15
14
18
23
26
27
27
26
24
25
25
23
15
1
-14
-28
-36
-40
-36
-23
-4
22
45
56
53
37
14
-6
-19
-26
-30
-35
-36
-32
-26
-21
-19
-20
-22
-27
-33
-37
-34
-27
-21
-14
-7
0
2
-1
-4
1
12
23
28
24
10
-9
-30
-44
-48
-42
-27
-11
3
7
3
4
14
30
45
52
52
48
41
39
41
43
42
33
24
22
27
38
45
47
40
31
25
24
24
23
20
16
13
8
-1
-11
-18
-24
-27
-19
-5
8
10
2
-10
-25
-35
-38
-36
-33
-35
-37
-39
-35
-33
-35
-39
-43
-44
-40
-27
-7
13
26
28
24
17
9
5
12
28
43
47
45
41
37
36
37
44
48
51
49
47
50
54
56
60
66
70
64
46
28
21
21
23
20
16
16
21
32
43
55
64
70
73
66
52
33
18
5
-1
-4
-5
-1
5
15
21
20
10
1
-4
-3
2
5
4
3
8
15
23
27
20
3
-18
-40
-59
-70
-75
-80
-82
-79
-67
-54
-41
-30
-15
0
8
9
9
7
-3
-17
-24
-15
5
21
27
26
20
11
3
0
2
6
7
7
6
7
7
6
7
7
8
11
19
31
45
54
56
52
43
32
23
18
18
21
20
13
1
-14
-23
-24
-22
-11
7
22
27
17
3
-1
3
13
18
22
24
21
11
-5
-17
-27
-34
-37
-35
-25
-13
-7
-3
-4
-5
-8
-9
-2
11
26
37
39
32
26
22
16
8
-1
-2
3
7
4
-1
-2
2
10
16
23
29
35
43
53
59
56
43
28
11
-4
-15
-16
-5
13
27
32
28
22
15
16
22
25
21
12
3
2
4
9
16
26
32
26
11
-4
-11
-9
3
18
35
47
51
51
50
51
53
55
60
64
64
61
53
40
22
-3
-29
-45
-41
-16
14
32
29
7
-18
-36
-42
-33
-6
26
47
38
0
-52
-91
-99
-74
-34
-1
10
1
-18
-36
-50
-61
-67
-68
-64
-53
-35
-16
3
16
19
19
18
15
13
13
13
14
13
12
13
17
27
51
85
118
131
115
83
53
33
26
23
22
19
10
-3
-20
-35
-38
-25
1
21
26
17
10
13
15
15
12
13
15
15
13
13
13
12
2
-13
-34
-49
-55
-52
-45
-36
-24
-12
3
12
18
21
26
33
34
27
12
0
-3
-2
-5
-15
-22
-20
-10
-1
5
11
13
4
-14
-30
-36
-29
-20
-12
0
13
23
24
16
6
3
12
23
22
13
6
7
12
14
10
8
12
10
2
-9
-12
-10
-7
-7
-7
-7
-7
-4
6
23
42
54
55
43
28
14
4
-2
-6
-11
-14
-12
-9
-5
0
8
12
10
1
-7
-11
-11
-9
-6
-8
-13
-24
-34
-35
-27
-11
7
21
26
23
17
14
14
15
11
2
-3
-5
-7
-11
-15
-13
-8
-4
-10
-23
-35
-39
-33
-20
-12
-9
-13
-18
-19
-14
-4
9
21
25
21
17
14
14
14
13
12
11
8
8
9
12
13
14
12
9
11
15
22
29
34
40
41
39
29
18
10
6
1
-3
-1
6
12
11
5
-1
-2
-2
3
11
16
19
18
19
15
12
9
11
16
22
22
17
12
6
5
3
0
-4
-6
-2
5
12
14
15
19
26
29
27
18
10
0
-10
-19
-21
-21
-14
-5
5
14
18
15
8
0
-4
-5
-6
-8
-7
-4
4
12
21
27
24
13
0
-8
-8
-1
10
21
25
25
18
11
9
12
23
40
57
73
80
79
67
47
25
14
17
28
34
30
22
17
11
1
-10
-13
-4
8
13
8
3
-5
-10
-19
-22
-16
-4
5
0
-16
-32
-39
-35
-22
-4
12
21
18
7
-8
-16
-18
-16
-11
-1
9
10
0
-12
-18
-15
-8
4
18
32
36
28
14
2
-1
1
5
5
4
0
-1
-4
-13
-21
-24
-20
-11
-3
5
13
21
23
18
11
9
11
12
13
10
9
6
3
2
4
6
6
2
1
-1
-1
2
10
23
35
40
36
25
15
10
10
8
6
4
5
7
8
7
5
7
7
7
9
14
21
25
25
17
4
-14
-27
-32
-26
-15
0
14
22
25
25
26
28
28
28
