24
23
25
26
26
23
24
25
25
25
24
24
25
23
24
25
22
18
12
12
14
15
14
13
14
14
14
14
13
10
7
4
3
6
11
15
16
14
13
14
13
10
4
1
3
6
9
10
13
16
16
13
10
5
4
2
4
7
11
13
15
16
15
14
13
15
12
8
3
3
3
5
9
12
15
15
14
13
14
15
14
13
14
15
13
7
3
4
9
15
16
15
13
14
14
12
8
8
13
16
16
14
13
15
15
14
14
14
15
14
13
14
15
14
14
14
15
13
14
14
14
14
13
14
14
14
14
14
14
14
13
14
14
14
13
15
15
14
14
14
14
13
14
13
14
14
13
14
14
14
14
14
14
14
14
14
14
15
14
17
21
25
23
17
11
12
14
16
15
13
14
14
15
14
14
15
15
14
13
14
15
14
13
14
15
14
14
12
8
5
3
4
5
6
3
3
3
2
-1
-2
0
7
12
13
9
7
9
11
10
9
9
11
11
9
9
9
11
9
9
9
9
10
8
10
10
9
9
10
10
9
8
9
10
10
9
10
10
10
9
8
11
11
14
17
21
22
21
19
20
20
21
20
20
20
20
20
20
20
21
24
26
27
26
24
24
24
25
25
25
25
26
25
24
25
25
25
25
25
25
25
24
25
25
26
25
25
26
26
25
25
25
26
25
25
25
25
25
23
20
17
13
13
15
17
15
14
14
16
15
15
14
15
12
7
2
4
6
7
5
3
5
5
6
5
5
4
5
5
4
4
4
4
4
5
5
4
5
5
4
4
4
5
5
4
5
4
4
4
2
1
1
5
11
11
8
6
8
9
9
7
8
10
9
8
8
9
9
8
8
9
9
8
8
8
9
9
8
8
9
9
10
11
17
20
19
16
12
10
8
8
8
9
9
10
11
17
20
21
17
16
19
20
19
17
18
19
18
18
17
18
19
17
18
18
18
18
17
18
18
18
18
17
14
10
6
6
8
9
8
8
9
9
9
9
8
8
8
9
9
9
8
9
9
8
8
8
8
9
8
8
6
2
0
2
5
6
5
4
10
15
12
4
0
4
6
6
4
4
5
5
4
3
5
5
4
4
5
5
3
4
5
4
4
4
5
4
4
4
6
5
4
7
12
15
15
13
12
14
15
13
12
13
13
14
14
13
13
14
13
13
13
14
13
13
13
14
13
14
14
13
13
13
14
14
13
14
14
13
13
14
14
14
13
12
15
15
13
9
4
6
11
14
16
15
13
12
13
9
5
2
5
11
16
15
13
13
13
14
14
13
13
13
13
11
8
4
4
4
5
4
4
5
5
4
4
5
4
5
4
4
5
4
4
5
5
4
5
5
5
4
4
4
5
4
3
4
4
5
5
5
5
5
4
4
5
5
4
3
5
5
4
5
4
5
5
5
5
5
3
3
5
5
4
4
6
6
4
4
8
13
17
16
13
13
14
14
14
14
14
14
13
14
14
13
14
13
14
14
14
14
14
14
14
14
14
15
14
14
14
14
13
13
14
13
13
14
14
13
14
14
14
14
14
14
13
15
14
13
14
14
13
8
4
3
3
5
5
3
4
4
5
5
3
3
3
2
-1
-3
1
9
14
12
10
9
12
12
10
10
12
11
11
11
12
11
11
11
11
11
11
11
11
11
10
11
11
10
10
11
12
11
10
12
11
11
11
12
12
14
17
19
18
13
9
7
10
12
11
11
12
14
17
20
22
22
20
18
20
22
21
20
20
20
20
21
20
20
20
21
20
20
20
20
20
21
20
20
20
20
20
20
20
21
20
20
20
20
19
20
20
19
19
20
19
20
20
20
21
21
20
20
20
19
21
20
20
20
20
21
20
21
20
20
21
21
20
20
20
20
20
19
20
20
19
16
13
10
10
10
11
11
11
11
11
12
11
11
11
11
10
11
11
11
11
11
10
11
11
11
12
12
11
11
10
11
11
12
11
11
10
12
11
11
11
11
10
11
11
11
11
11
11
11
11
11
11
11
12
11
11
11
10
11
12
12
11
12
10
11
10
10
11
11
11
11
11
11
11
11
10
11
10
12
10
11
12
11
11
11
12
11
11
9
7
5
2
3
8
14
17
16
13
12
15
14
14
13
14
14
13
14
15
13
14
14
15
14
14
14
15
15
14
14
14
14
14
14
16
19
21
25
25
24
20
16
13
12
12
15
15
14
15
19
25
27
27
22
24
25
25
24
24
24
26
24
24
25
25
25
24
25
26
24
25
24
25
24
24
24
24
24
24
24
26
24
24
24
25
24
24
25
25
24
24
25
25
25
25
25
24
21
17
13
13
14
15
14
14
14
15
14
14
14
14
14
14
14
14
15
14
14
14
14
13
13
14
14
14
14
14
14
13
14
14
13
14
14
14
14
14
14
14
14
14
14
14
14
14
14
14
14
14
13
14
14
15
14
14
13
15
14
14
14
14
14
16
20
24
27
26
24
25
25
25
23
22
22
23
25
25
25
25
24
24
25
25
24
24
25
24
25
24
24
24
24
24
24
25
25
25
24
25
25
24
25
25
24
24
24
24
25
25
25
24
22
22
24
24
23
23
23
24
24
23
24
23
23
23
24
24
23
23
24
24
23
23
23
24
24
23
24
22
18
13
11
15
22
25
24
21
22
23
21
17
13
12
13
13
12
13
12
12
13
13
13
12
12
13
14
12
12
12
14
19
22
26
25
19
14
12
15
16
16
17
20
25
28
25
23
23
25
25
24
23
26
26
24
23
24
25
24
24
25
25
25
23
25
25
24
23
24
25
25
23
24
26
25
23
25
26
25
25
24
26
25
24
24
26
24
21
17
14
14
14
13
15
15
14
13
14
14
14
14
13
14
15
14
14
14
14
14
13
14
13
14
14
15
15
14
14
14
13
14
14
14
14
14
14
15
14
14
13
14
14
14
14
13
14
14
14
14
14
14
14
14
14
14
15
15
14
13
14
16
15
15
17
22
26
26
24
23
24
25
25
25
24
25
25
24
24
25
25
25
24
24
25
23
25
24
25
25
24
24
25
24
24
24
25
24
24
25
25
25
24
25
25
23
19
15
13
13
13
15
15
15
14
14
13
14
14
15
20
24
26
25
24
23
25
22
16
13
13
15
17
19
22
25
26
24
23
22
20
16
14
19
27
28
24
21
24
27
26
24
23
26
25
24
24
26
25
24
24
25
25
25
23
25
25
25
24
24
26
24
23
25
25
25
24
24
25
25
24
24
25
25
25
24
25
24
24
24
25
24
22
20
20
22
24
25
25
25
24
24
25
25
23
25
25
25
24
24
26
25
24
24
25
25
24
25
25
25
24
25
25
24
24
25
27
29
30
27
21
16
15
18
21
20
17
17
19
19
18
18
18
19
18
17
19
18
18
18
17
19
18
17
18
18
18
17
18
18
18
17
18
18
18
17
19
20
20
23
27
28
27
25
25
26
27
26
26
26
26
26
25
26
26
26
27
26
26
25
26
27
26
26
26
26
25
25
24
20
15
13
15
22
27
28
25
22
19
15
13
14
16
16
15
14
15
16
16
14
15
15
16
15
14
15
15
15
14
15
15
14
15
15
15
15
15
15
16
15
15
15
15
16
15
16
16
15
15
14
16
15
15
15
15
15
15
15
15
15
15
15
15
16
15
15
16
15
16
15
15
16
15
15
15
15
15
14
16
18
22
25
27
27
26
26
25
26
25
25
26
26
26
27
27
26
25
26
27
26
26
26
26
27
26
27
25
26
27
26
26
26
25
26
26
26
27
26
25
26
25
25
26
26
27
26
26
26
27
27
26
26
27
27
25
26
25
26
26
26
27
26
26
26
26
25
26
27
25
26
25
24
21
18
13
12
15
19
20
23
27
27
26
25
23
23
18
14
15
22
25
21
14
11
13
18
17
14
14
16
17
15
14
18
24
26
25
25
26
26
25
24
22
18
14
14
20
27
26
21
17
21
26
28
26
23
23
21
16
13
15
21
27
28
26
26
26
26
27
25
26
26
26
25
26
26
27
26
26
26
26
26
25
26
26
26
26
26
26
25
25
25
21
18
14
13
15
19
23
24
21
15
12
13
17
18
15
14
15
16
15
14
15
16
13
7
3
5
11
15
16
15
15
15
15
14
15
15
15
15
16
15
15
15
14
14
16
15
15
15
15
15
15
15
15
15
15
15
18
22
24
27
26
25
25
26
25
26
26
26
26
25
26
26
26
26
26
27
29
31
31
26
20
17
22
27
28
22
17
20
25
25
19
14
15
22
22
18
14
18
25
29
26
23
22
25
26
24
23
24
26
25
24
26
28
29
27
23
25
28
25
19
16
17
19
16
8
4
1
2
2
1
-3
-3
-2
3
6
5
3
5
10
15
18
20
23
25
27
28
30
30
29
28
30
31
29
24
24
21
19
11
3
-2
-3
-3
-3
-6
-9
-12
-11
-9
-3
3
7
8
5
4
8
17
23
26
25
25
26
27
29
31
32
30
25
24
26
27
26
24
22
18
13
10
13
17
16
8
3
3
7
12
14
14
12
7
5
11
25
37
38
30
21
18
23
35
44
46
41
30
21
19
28
43
54
52
34
12
1
6
21
29
23
7
-7
-16
-14
-5
9
24
34
32
19
4
-5
6
42
107
198
298
380
409
371
287
213
199
246
298
273
131
-94
-307
-410
-383
-310
-312
-446
-651
-814
-874
-859
-833
-819
-801
-779
-793
-876
-1003
-1105
-1123
-1046
-881
-596
-145
434
967
1244
1183
959
904
1269
1994
2682
2844
2307
1452
982
1291
2019
2318
1694
539
-269
-310
-18
-85
-632
-1168
-1302
-1263
-1510
-2015
-2221
-1787
-1134
-993
-1499
-1992
-1783
-934
-118
150
-39
-274
-265
47
596
1183
1480
1299
877
720
1050
1545
1708
1421
986
709
616
561
481
401
284
-11
-522
-1052
-1284
-1111
-794
-736
-1093
-1599
-1865
-1737
-1369
-992
-740
-670
-772
-889
-757
-268
341
699
679
512
498
722
1072
1393
1571
1521
1258
942
796
900
1110
1181
965
520
55
-222
-252
-151
-103
-202
-404
-607
-713
-670
-515
-383
-430
-648
-825
-760
-491
-254
-204
-259
-266
-198
-121
-37
134
377
507
368
53
-142
-34
256
427
307
-13
-301
-416
-393
-357
-405
-541
-711
-864
-994
-1140
-1330
-1535
-1678
-1666
-1428
-912
-171
599
1102
1157
865
563
627
1230
2187
2938
2877
1962
1012
1065
2210
3256
2909
1267
-208
-335
485
901
295
-626
-967
-835
-1021
-1727
-2194
-1744
-817
-542
-1355
-2419
-2567
-1605
-411
109
-132
-623
-929
-893
-419
463
1309
1454
772
31
150
1128
2040
2098
1456
823
601
646
739
871
989
805
113
-765
-1185
-872
-283
-139
-683
-1496
-1994
-1944
-1514
-996
-627
-581
-887
-1288
-1315
-710
237
878
810
257
-174
-51
554
1245
1646
1610
1232
779
563
747
1202
1560
1512
1080
602
453
703
1072
1151
736
-8
-646
-794
-439
-21
-108
-841
-1720
-2028
-1569
-906
-755
-1196
-1649
-1605
-1184
-859
-799
-748
-522
-332
-461
-776
-819
-354
311
619
307
-393
-979
-1078
-713
-257
-81
-151
-22
661
1673
2331
2157
1382
780
1017
2104
3341
3766
2905
1304
264
694
2109
2934
2072
116
-1251
-1088
-155
121
-633
-1444
-1435
-1030
-1283
-2255
-2716
-1749
-155
320
-874
-2325
-2297
-722
882
1245
567
-157
-386
-212
267
1069
1820
1772
754
-281
-183
1014
2052
1905
861
-25
-221
-34
132
282
451
294
-505
-1559
-1984
-1404
-464
-156
-759
-1662
-2117
-1913
-1294
-558
53
250
-135
-793
-995
-297
907
1694
1539
810
296
409
954
1513
1821
1777
1368
777
443
743
1537
2178
2063
1187
109
-531
-468
93
619
530
-395
-1713
-2496
-2115
-957
-197
-663
-1951
-2840
-2589
-1633
-924
-865
-1096
-1214
-1239
-1311
-1242
-746
21
466
225
-414
-827
-701
-257
43
-110
-653
-1137
-936
270
2040
3300
3168
1797
373
198
1647
3834
5191
4536
2001
-759
-1601
262
3146
4117
1870
-1691
-3313
-1905
388
885
-524
-1796
-1780
-1576
-2413
-3363
-2487
111
1783
479
-2523
-3973
-2350
678
2467
2109
611
-758
-1376
-914
735
2760
3454
1857
-768
-1888
-403
2090
3082
1860
-61
-965
-684
-110
264
620
847
269
-1286
-2716
-2628
-1041
451
380
-1079
-2499
-2770
-1928
-697
256
523
-42
-1087
-1703
-1080
595
2116
2348
1322
136
-165
544
1622
2404
2626
2333
1753
1308
1433
2070
2492
1974
686
-389
-557
-199
-208
-827
-1451
-1581
-1526
-1886
-2564
-2791
-2162
-1305
-1233
-2115
-3011
-2907
-1836
-778
-561
-1047
-1465
-1310
-731
-159
157
184
-58
-471
-815
-867
-654
-353
36
710
1699
2656
3116
2901
2201
1452
1253
2141
3967
5480
5052
2385
-584
-1143
1394
4519
4764
1355
-2728
-3804
-1463
1101
874
-1594
-3312
-2824
-1774
-2145
-3235
-2728
-343
1295
65
-2624
-3451
-1296
1610
2682
1783
487
-251
-505
-90
1474
3462
3841
1670
-1126
-1604
703
3194
3317
1324
-609
-1174
-856
-477
-37
561
628
-580
-2501
-3474
-2566
-716
258
-470
-2083
-3170
-3019
-1933
-663
209
414
-66
-931
-1454
-853
889
2655
3027
1754
159
-140
1182
3045
4215
4256
3359
1894
478
-2
898
2379
2825
1348
-1238
-3103
-3065
-1557
-141
-164
-1699
-3572
-4394
-3704
-2241
-1169
-1109
-1821
-2616
-2897
-2456
-1514
-575
-115
-278
-820
-1283
-1235
-505
600
1306
892
-553
-1982
-2193
-905
1049
2585
3290
3432
3255
2643
1645
1038
1882
4258
6591
6708
3862
-168
-2229
-521
3426
5684
3589
-1258
-4250
-2672
1107
2308
-548
-4045
-4473
-2487
-1597
-2859
-3497
-1378
1361
1035
-2298
-4537
-2735
1330
3686
2875
738
-640
-905
-356
1232
3547
4678
2826
-879
-2786
-720
3222
4894
2762
-692
-2256
-1480
-227
256
375
511
-110
-1990
-3801
-3560
-1274
699
307
-1910
-3687
-3633
-2268
-813
154
594
358
-635
-1697
-1571
266
2708
3869
2960
1135
341
1419
3473
4920
4826
3312
1230
-243
-137
1443
2960
2576
71
-2688
-3576
-2375
-817
-621
-1882
-3422
-4191
-4027
-3325
-2482
-1786
-1547
-1971
-2811
-3289
-2652
-978
628
911
-287
-1741
-1969
-655
1084
1816
1039
-595
-1983
-2334
-1426
462
2689
4419
4930
3985
2068
316
41
1883
5115
7731
7635
4312
-271
-2684
-799
3807
6584
4224
-1484
-4995
-3034
1452
2707
-805
-4761
-4970
-2793
-2446
-4305
-4296
-512
2920
1109
-4381
-6920
-3249
2622
4916
2856
-9
-1207
-1201
-499
1731
5098
6493
3488
-1674
-3766
-573
4392
5935
2873
-1387
-3229
-2330
-657
474
1102
1072
-461
-3335
-5372
-4384
-1057
1341
478
-2555
-4765
-4534
-2645
-584
954
1674
1040
-971
-2819
-2324
868
4369
5237
3082
489
215
2380
4735
5326
4225
2657
1355
413
138
897
2020
1881
-252
-3005
-4231
-3370
-1830
-1218
-1852
-3089
-4235
-4751
-4184
-2656
-1239
-1138
-2346
-3526
-3407
-1995
-322
652
635
-110
-1000
-1305
-595
701
1464
885
-681
-1961
-1800
87
3056
5814
6842
5230
1693
-1376
-1462
1916
6480
8717
6565
1194
-3495
-3717
777
5826
6285
1290
-4383
-5255
-1306
2154
1081
-2572
-4134
-2815
-2272
-4447
-5973
-2917
2712
4513
-69
-5943
-6370
-885
4850
6066
3292
-120
-2138
-2399
-519
3321
6571
5720
660
-3957
-3378
1749
6035
5455
1316
-2207
-2970
-1980
-721
550
1532
838
-2248
-5755
-6423
-3409
445
1602
-558
-3640
-5093
-4332
-2275
34
1757
1983
322
-2028
-2637
-119
4052
6612
5701
2660
483
828
2913
4914
5623
4696
2298
-651
-2350
-1401
1396
3188
1728
-2212
-5483
-5654
-3195
-689
-269
-1978
-4249
-5447
-4943
-3206
-1332
-426
-953
-2354
-3354
-2936
-1176
841
1858
1326
-301
-1871
-2266
-1227
388
1258
798
-211
-181
1921
5412
7938
7150
3061
-1207
-1737
2429
7925
9861
6254
-136
-4172
-2709
2632
6697
5443
34
-4190
-3566
-259
750
-1713
-3756
-2449
-438
-2009
-6053
-6676
-1441
4363
3991
-2118
-6919
-5380
326
4676
5145
3085
360
-2129
-3019
-526
4689
8414
6783
1129
-2816
-1167
3820
6619
4716
637
-1971
-2338
-1818
-875
994
2759
1777
-2585
-6815
-6679
-2361
1554
1365
-1966
-4865
-5382
-4125
-2082
423
2503
2407
-250
-2899
-2158
2276
6880
7895
5007
1172
-590
470
3149
5673
6441
4510
521
-3018
-3475
-716
2432
2796
-165
-4130
-6303
-5638
-3134
-734
-102
-1692
-4363
-6023
-5269
-2643
-166
482
-720
-2450
-3300
-2680
-926
1006
1963
1246
-772
-2730
-3230
-1828
777
3422
5220
5821
5245
3739
1913
906
1981
5341
9148
10307
7053
1125
-3067
-2073
3259
8078
7728
2271
-3275
-3988
-437
1973
-407
-4938
-6377
-4072
-2583
-4621
-6615
-3942
1498
2889
-2149
-7654
-6694
-37
5395
5263
1718
-1138
-2127
-1934
-128
3730
7158
6270
1061
-3201
-1655
4194
8036
6004
660
-2713
-2131
102
1362
1463
1127
-188
-3131
-6038
-5922
-2414
954
560
-3084
-6155
-6006
-3495
-1002
288
495
-206
-1560
-2389
-1167
2066
5135
5700
3618
1027
200
1588
3817
5120
4645
2754
540
-852
-830
289
1374
1201
-571
-3010
-4548
-4234
-2528
-971
-954
-2568
-4513
-5172
-3983
-1895
-508
-723
-2094
-3315
-3271
-1814
135
1229
686
-1039
-2574
-2770
-1539
412
2466
4451
6083
6535
5094
2355
417
1352
5224
9608
11250
8544
2936
-1797
-2164
2037
6851
7255
2230
-3577
-4609
-901
1853
-491
-5183
-6551
-3996
-2542
-4979
-7211
-4262
1603
3034
-2323
-8043
-6955
35
5856
6096
2645
-693
-2514
-2759
-612
3853
7410
6205
870
-3104
-1344
4331
8067
6493
1698
-2036
-2764
-1490
256
1716
2074
253
-3462
-6543
-6328
-3014
309
767
-1724
-4951
-6597
-5657
-2611
821
2455
1273
-1367
-2672
-991
2652
5609
5949
3814
1036
-287
742
3162
4862
4311
1844
-742
-1819
-1150
226
988
397
-1396
-3499
-4722
-4291
-2551
-983
-1116
-3027
-5008
-5131
-3205
-940
-138
-1023
-2431
-3128
-2634
-1200
361
917
-159
-2121
-3148
-1856
1564
5617
8501
8800
6042
1485
-1871
-1173
3644
9225
11343
8326
2328
-2366
-2472
1799
6505
6895
1876
-4328
-6133
-2613
1482
1373
-2450
-5831
-6617
-6301
-6148
-4695
-858
2607
1609
-3608
-7853
-6736
-1279
3998
5940
4469
1063
-2219
-2797
795
6372
8954
5753
-335
-3488
-1035
4177
7293
6150
2278
-1452
-3100
-2230
297
2570
2510
-491
-4645
-6965
-5846
-2535
15
-229
-2784
-5386
-6010
-4287
-1431
840
1444
521
-749
-999
314
2531
4315
4666
3603
2055
1165
1513
2735
3778
3608
1949
-415
-2059
-1925
-270
1271
917
-1596
-4526
-5594
-4120
-1656
-446
-1385
-3495
-5079
-5054
-3454
-1252
143
-241
-2010
-3548
-3522
-2204
-994
-757
-1017
-732
724
3341
6433
8444
7631
4023
453
508
4884
10269
12219
9076
3218
-934
-294
4311
8316
7229
1359
-3974
-4234
-1018
194
-2625
-5660
-5229
-3357
-4447
-7926
-8286
-3199
2098
1158
-5074
-9260
-6672
-124
4536
4933
2718
47
-1824
-1465
2097
7005
9027
5986
772
-1490
1054
5385
7332
5643
2180
-689
-1868
-1355
305
1896
1776
-769
-4373
-6457
-5610
-2973
-1069
-1430
-3521
-5624
-6301
-5116
-2631
-106
1129
624
-713
-1286
-142
2297
4640
5537
4548
2479
957
1248
3131
4963
5043
3033
149
-1883
-2030
-576
1046
1176
-786
-3688
-5443
-4844
-2684
-995
-1184
-2921
-4689
-5192
-4247
-2661
-1501
-1379
-2098
-2846
-2914
-2335
-1739
-1557
-1489
-867
681
3042
5697
7600
7387
4636
1122
30
3066
8426
12085
11184
6287
885
-1084
1799
6769
8636
4741
-1715
-4780
-2674
185
-834
-4556
-6371
-5318
-5121
-7623
-9046
-5493
257
1402
-3798
-9273
-8596
-2407
3458
5103
3340
641
-1485
-1827
843
5701
9069
7745
2867
-965
-471
3330
6799
7242
4556
577
-2303
-2416
33
2766
3020
-76
-4578
-7313
-6554
-3373
-603
-508
-3071
-6174
-7331
-5610
-2262
372
790
-537
-1809
-1610
21
2071
3660
4431
4214
3021
1561
1162
2515
4595
5359
3721
670
-1672
-1920
-405
1265
1428
-473
-3399
-5378
-5101
-3104
-1288
-1169
-2654
-4427
-5233
-4680
-3217
-1728
-1082
-1609
-2812
-3730
-3724
-2905
-1795
-738
319
1707
3695
5988
7416
6651
3855
1407
2157
6419
11036
11944
7925
1914
-1340
665
5766
8704
5998
-290
-4454
-3452
-321
-103
-3334
-5945
-5580
-4960
-7146
-9949
-8505
-2828
991
-1565
-7340
-9406
-5452
397
3398
2932
1075
-716
-1725
-697
2990
7176
8188
5017
888
-164
2464
5881
7129
5637
2693
-103
-1467
-709
1489
2882
1400
-2512
-5920
-6275
-4006
-1826
-1788
-3558
-5420
-6126
-5481
-3856
-1926
-623
-571
-1360
-1763
-917
937
2883
4102
4196
3215
1835
1219
2105
3921
5102
4470
2266
-120
-1275
-729
733
1589
715
-1579
-3734
-4395
-3640
-2655
-2363
-2743
-3365
-4005
-4497
-4448
-3601
-2410
-1755
-2012
-2710
-3156
-3120
-2769
-2189
-1197
494
2985
5806
7683
7196
4323
1241
914
4336
9273
11935
10074
4803
-91
-873
2987
7718
8158
2936
-3557
-5622
-2679
317
-716
-4150
-5812
-5284
-5928
-8745
-9806
-5896
-252
676
-4364
-9454
-8685
-2774
2879
4646
3048
204
-2187
-2443
654
5669
8571
6752
2272
-298
1081
4344
6400
6180
4347
1721
-799
-1723
-141
2502
3118
207
-4236
-6680
-5619
-2723
-779
-1214
-3495
-6027
-7153
-5967
-3040
-298
474
-666
-1962
-1838
-272
1736
3393
4355
4272
3017
1402
887
2138
4160
5171
4187
1695
-842
-1913
-928
1150
2250
935
-2102
-4599
-4911
-3434
-1857
-1417
-2162
-3455
-4596
-4997
-4329
-2901
-1660
-1441
-2197
-3127
-3542
-3353
-2750
-1705
-2
2386
5032
7013
7216
5178
2055
416
2270
6939
11155
11606
7660
2014
-1152
605
5566
8666
6124
-256
-4579
-3530
-241
11
-3256
-5806
-5397
-4918
-7125
-9355
-7039
-1242
1479
-2448
-8610
-10055
-5443
626
3767
3460
1277
-1259
-2304
2
4956
8595
7578
3238
122
814
3725
5881
6107
4873
2683
83
-1536
-835
1513
2886
1333
-2332
-5440
-6085
-4485
-2285
-1195
-2106
-4598
-6898
-6940
-4261
-774
885
-63
-1949
-2612
-1434
714
2781
4129
4244
2965
1188
531
1719
3680
4660
3945
2143
214
-1093
-1183
60
1594
1672
-414
-3305
-4820
-4123
-2345
-1244
-1646
-3121
-4617
-5188
-4478
-2960
-1710
-1648
-2788
-4211
-4795
-4071
-2415
-426
1761
4304
6685
7416
5452
1998
202
2354
7429
11731
11993
7898
2249
-914
789
5713
8825
6270
-143
-4381
-3035
633
1056
-2485
-5678
-5840
-5394
-7172
-9169
-7294
-2182
504
-2607
-7941
-9412
-5546
-117
2980
2983
960
-1805
-3368
-1538
3416
7649
7383
3342
42
611
3776
6210
6311
4756
2588
419
-837
-152
1990
3231
1596
-2181
-5298
-5745
-3946
-1809
-952
-1960
-4353
-6602
-6786
-4304
-912
709
-334
-2366
-3148
-2007
209
2411
3797
3706
2094
221
-97
1623
3830
4535
3285
1279
-85
-321
215
850
954
236
-1026
-2184
-2768
-2767
-2437
-2107
-2130
-2721
-3594
-4053
-3680
-2854
-2326
-2388
-2728
-2974
-3046
-2956
-2563
-1701
-258
1878
4574
6906
7340
5175
1891
427
2615
7250
10827
10372
5982
1084
-139
3441
8193
8718
3489
-3048
-5130
-2198
769
-325
-3938
-5902
-5492
-5705
-7786
-8670
-5570
-929
-11
-4047
-8383
-8059
-3296
1640
3422
2045
-627
-2585
-2143
1208
5528
7395
5339
1715
183
1790
4476
5944
5664
4115
1696
-732
-1463
384
3059
3430
385
-3802
-5916
-4956
-2516
-790
-917
-2744
-5125
-6357
-5264
-2434
38
506
-712
-1965
-2013
-791
1137
3063
4084
3440
1465
-203
7
1965
3889
4068
2346
28
-1339
-1081
242
1289
962
-676
-2466
-3255
-2903
-2168
-1772
-1875
-2313
-2928
-3460
-3476
-2777
-1784
-1213
-1360
-1928
-2528
-3007
-3227
-2792
-1318
1128
3943
6191
6881
5522
2924
1223
2417
6403
10616
11914
9055
3813
-73
413
4768
8658
7565
1584
-4176
-4997
-1751
639
-541
-3210
-4518
-4999
-6654
-8521
-7304
-2645
1087
-177
-5001
-8148
-6561
-1942
2093
3429
2019
-832
-2741
-1408
2904
6743
6751
3435
480
483
2611
4559
5261
4871
3382
853
-1365
-1306
1129
3350
2604
-1016
-4663
-5681
-3918
-1344
-61
-874
-3131
-5276
-5732
-3958
-1036
1025
968
-648
-2108
-2090
-531
1718
3534
3912
2487
173
-1092
-18
2544
4209
3404
829
-1483
-2127
-1189
287
1139
626
-1110
-2944
-3591
-2807
-1598
-1122
-1620
-2535
-3269
-3505
-3114
-2240
-1477
-1504
-2394
-3488
-4002
-3520
-1884
918
4327
6912
7098
4604
1140
-571
1173
5624
9839
10635
7026
1404
-1872
26
5494
9347
7532
1339
-3720
-3751
-503
1220
-570
-3454
-4777
-5161
-6394
-7574
-6050
-2037
404
-1719
-6222
-8222
-5754
-1240
1996
2693
1254
-1393
-3484
-2705
1407
5900
6888
3799
37
-791
1613
4769
6299
5506
2973
-32
-1766
-928
1860
3990
3061
-740
-4733
-6160
-4445
-1354
558
-262
-3325
-6344
-6837
-4183
-297
2005
1459
-833
-2750
-2872
-1061
1829
4262
4671
2706
-61
-1307
-105
2297
3851
3458
1443
-1007
-2477
-2046
-130
1474
1073
-1221
-3572
-4266
-3198
-1583
-712
-1149
-2591
-4038
-4301
-2991
-1093
-250
-1264
-3341
-4863
-4726
-2905
-50
3038
5499
6411
5274
2722
588
807
3916
8415
11520
10903
6473
1053
-1202
1652
6826
8748
4705
-1844
-4791
-2247
1573
1763
-1617
-4778
-5771
-6206
-7354
-7391
-4409
-426
225
-3571
-7953
-8491
-4779
89
3097
3136
611
-2779
-4156
-1485
3741
7170
5987
1971
-652
250
3216
5611
6117
4808
2277
-380
-1554
-336
2164
3446
1913
-1655
-4867
-5723
-4016
-1331
85
-1012
-3792
-5933
-5620
-3111
-309
1068
720
-517
-1584
-1667
-342
2032
4111
4369
2532
79
-968
161
2405
3896
3437
1262
-1221
-2417
-1728
-102
722
-176
-2051
-3391
-3464
-2794
-2233
-2078
-2215
-2642
-3338
-3807
-3340
-1966
-821
-1138
-2880
-4578
-4599
-2483
899
4186
6297
6618
5096
2585
886
1774
5477
10028
12355
10490
5292
330
-575
3245
7979
8398
3184
-3250
-5304
-2332
1023
658
-2544
-5058
-5759
-6379
-7511
-7071
-3828
-400
-563
-4319
-7652
-7173
-3411
721
3010
2782
380
-2572
-3253
-45
5003
7585
5667
1655
-499
571
3165
5143
5631
4496
1882
-1034
-2099
-271
2634
3403
795
-3178
-5493
-4993
-2865
-1045
-779
-2205
-4378
-5655
-4874
-2533
-421
193
-343
-895
-901
-425
581
2175
3666
3834
2370
529
-59
963
2518
3266
2591
785
-1150
-1999
-1285
66
458
-742
-2566
-3620
-3537
-2991
-2655
-2646
-2832
-3125
-3343
-3192
-2640
-2078
-1962
-2367
-3033
-3581
-3492
-2097
904
4700
7452
7533
5000
1859
734
2948
7448
11347
11775
7991
2346
-981
761
6070
9873
8055
1694
-3803
-4306
-1151
963
-402
-3321
-5054
-5705
-6894
-8077
-6785
-2796
200
-1272
-5880
-8787
-7095
-2423
1750
3424
2440
-376
-2999
-2593
1720
6812
8147
4837
664
-389
1778
4457
5753
5602
4177
1474
-1323
-1977
224
2942
3035
-51
-3909
-5830
-5049
-2708
-665
-487
-2531
-5322
-6441
-4757
-1637
486
559
-515
-1376
-1449
-682
955
3046
4342
3738
1687
51
233
1847
3317
3457
2196
278
-1282
-1636
-724
410
393
-1097
-2956
-3859
-3562
-2836
-2408
-2429
-2793
-3420
-4005
-3963
-3059
-1960
-1759
-2811
-4229
-4638
-3325
-567
2793
5724
7114
6213
3538
1132
1282
4593
9258
12248
11368
6825
1473
-744
1997
7042
8964
4926
-1858
-5282
-3087
873
1597
-1399
-4731
-6222
-6893
-7802
-7584
-4835
-1431
-1016
-4290
-7779
-7840
-4483
-458
2017
2398
902
-1564
-2780
-617
4090
7470
6598
2854
247
924
3522
5576
6003
4924
2662
39
-1258
-101
2314
3243
1259
-2316
-4950
-5269
-3721
-1762
-941
-2122
-4650
-6451
-5758
-2969
-309
466
-403
-1459
-1665
-843
791
2769
4127
3914
2309
793
777
2192
3665
3917
2746
879
-680
-1167
-482
576
742
-555
-2531
-3751
-3569
-2654
-2109
-2371
-3087
-3744
-4084
-3989
-3412
-2602
-2179
-2663
-3831
-4666
-4065
-1694
1738
4919
6626
6267
4204
1768
788
2498
6393
10094
10752
7317
1901
-1336
452
5808
9629
7816
1569
-3625
-3787
-547
1315
-392
-3559
-5587
-6645
-7948
-8582
-6551
-2623
-600
-2787
-6865
-8575
-6414
-2365
997
2409
1511
-1171
-3352
-2135
2596
7056
7343
3827
513
366
2727
5214
6439
6125
4141
955
-1501
-1157
1645
3914
2953
-885
-4708
-5928
-4277
-1562
-77
-1058
-3854
-6331
-6495
-4187
-1198
417
90
-1170
-2015
-1736
-307
1836
3764
4304
3008
910
-140
802
2872
4287
3938
2070
-169
-1512
-1218
354
1681
1168
-1267
-3875
-4741
-3633
-2032
-1464
-2209
-3519
-4540
-4759
-4035
-2738
-1787
-2047
-3425
-4755
-4750
-2980
19
3283
5816
6710
5530
2964
910
1368
4790
9330
11854
10187
5030
-18
-944
3111
8430
9667
5081
-1418
-4275
-2199
896
914
-1954
-4698
-5979
-7010
-8277
-7953
-4900
-1493
-1349
-4718
-8001
-7922
-4680
-710
1962
2382
420
-2481
-3283
-92
5034
7680
5920
2302
560
1635
3821
5512
6216
5500
2965
-295
-1771
-161
2742
3742
1552
-2242
-5099
-5618
-4016
-1655
-429
-1638
-4604
-6809
-6162
-3169
-368
357
-634
-1734
-1906
-1110
390
2232
3606
3573
2145
634
455
1728
3308
3981
3308
1620
-245
-1239
-758
587
1255
221
-1935
-3640
-3901
-3049
-2136
-1965
-2677
-3810
-4561
-4323
-3264
-2272
-2154
-2913
-3890
-4387
-3949
-2263
681
4130
6576
6694
4541
1831
884
2987
7316
11190
11720
8008
2331
-1051
707
6074
9889
8033
1705
-3603
-3852
-579
1422
-170
-3277
-5139
-5903
-7167
-8375
-7175
-3465
-766
-2200
-6362
-8828
-7162
-2982
649
2116
1375
-890
-3041
-2741
818
5203
6777
4662
1610
701
2277
4540
5964
6050
4603
1843
-762
-1185
882
3203
3127
258
-3394
-5502
-5155
-3061
-944
-639
-2741
-5692
-6839
-5033
-1890
-37
-382
-1647
-2223
-1668
-376
1269
2821
3504
2845
1486
733
1213
2370
3266
3407
2696
1254
-309
-942
-183
1013
1063
-518
-2566
-3615
-3346
-2578
-2184
-2423
-3075
-3754
-4052
-3748
-3044
-2476
-2475
-3069
-3921
-4493
-4171
-2542
235
3332
5635
6323
5284
3269
1740
2213
5153
9181
11539
10050
5318
993
932
5219
9289
8187
2050
-3672
-4198
-708
1585
-57
-3305
-4935
-5248
-6504
-8444
-8155
-4665
-1211
-1510
-5103
-8054
-7557
-4275
-531
1952
2256
206
-2637
-3187
163
5073
7283
5308
1896
570
1966
4231
5762
6140
5143
2642
-201
-1164
608
3114
3406
723
-2923
-5051
-4820
-3081
-1343
-970
-2496
-4970
-6380
-5438
-2917
-828
-331
-922
-1492
-1477
-809
532
2282
3548
3409
2015
648
520
1682
3158
3848
3200
1443
-467
-1322
-635
725
1186
-12
-2064
-3508
-3672
-3053
-2501
-2428
-2808
-3450
-4020
-4076
-3486
-2741
-2558
-3143
-4013
-4482
-4027
-2272
833
4467
6924
6818
4460
1865
1231
3393
7352
10808
11310
7973
2888
246
2693
8093
10854
7514
637
-3836
-3051
79
991
-1185
-3715
-4770
-5545
-7339
-8625
-6980
-3119
-851
-2572
-6380
-8431
-7002
-3332
399
2500
1929
-952
-3514
-2544
2126
6735
7425
4390
1192
583
2272
4510
6118
6438
4843
1673
-1013
-1038
1343
3442
2904
-58
-3306
-4938
-4503
-2832
-1397
-1513
-3312
-5360
-5831
-4290
-2054
-693
-572
-1007
-1337
-1285
-575
981
2832
3741
3030
1491
611
1032
2169
3149
3509
2983
1448
-459
-1328
-416
1121
1266
-532
-2747
-3670
-3223
-2519
-2293
-2457
-2827
-3418
-3972
-3942
-3232
-2512
-2480
-3087
-3734
-3944
-3538
-2353
-261
2451
4972
6352
6067
4412
2563
2111
4020
7598
10478
10154
6253
1592
260
3635
8252
8755
3680
-2573
-4572
-2023
445
-564
-3441
-4881
-4864
-5912
-8269
-8823
-5707
-1661
-948
-4060
-7405
-7751
-5126
-1451
1645
2930
1479
-1806
-3623
-1222
4025
7558
6625
3120
939
1641
3768
5439
6032
5455
3504
776
-901
-163
1994
2985
1380
-1763
-4298
-5027
-4162
-2648
-1632
-2052
-3846
-5605
-5707
-3998
-1894
-733
-578
-759
-912
-890
-223
1424
3326
4066
3128
1630
1098
1875
3060
3640
3221
1956
362
-736
-701
165
724
121
-1341
-2689
-3333
-3378
-3122
-2762
-2583
-2909
-3655
-4185
-3975
-3226
-2625
-2619
-3097
-3657
-3874
-3349
-1812
647
3502
5929
7011
6164
3807
1656
1791
4888
9214
11612
9951
5154
958
1012
5238
9176
8087
2157
-3388
-4123
-1361
139
-1537
-3782
-4254
-4479
-6780
-9587
-8922
-4334
-421
-1294
-5567
-8427
-7257
-3427
464
2852
2922
523
-2577
-3095
460
5476
7683
5742
2343
841
1976
4188
5861
6283
5170
2666
-8
-995
341
2392
2723
494
-2849
-5117
-5251
-3768
-2049
-1426
-2448
-4448
-5872
-5511
-3548
-1271
157
410
-210
-1096
-1343
-137
2294
4374
4510
2774
907
565
1847
3536
4303
3567
1676
-284
-1142
-599
422
661
-259
-1704
-2942
-3684
-3823
-3249
-2293
-1876
-2634
-4021
-4737
-4124
-2800
-1896
-1969
-2766
-3671
-4084
-3588
-2088
176
2843
5459
7213
7057
4756
1865
998
3569
8182
11476
10770
6354
1577
414
3886
8472
8952
3774
-2891
-5500
-3236
-377
-627
-3028
-4576
-4950
-6244
-8560
-8869
-5398
-1044
-341
-3882
-7666
-7855
-4457
-143
2758
3243
1266
-1815
-3140
-625
4302
7563
6648
3186
779
1168
3313
5399
6372
5689
3190
-45
-1764
-652
1877
2878
931
-2611
-5322
-5919
-4666
-2629
-1169
-1541
-3846
-6361
-6780
-4472
-1132
988
1048
-217
-1549
-1827
-345
2539
5057
5280
3132
685
62
1399
3166
3981
3524
2077
97
-1572
-1889
-672
822
922
-802
-3182
-4630
-4447
-3117
-1775
-1473
-2531
-4207
-5157
-4595
-3021
-1753
-1709
-2711
-3834
-4206
-3453
-1620
1062
4148
6724
7540
5917
2824
738
1846
6019
10554
12083
9214
3905
349
1600
6371
9532
6972
206
-4948
-4768
-1519
-56
-1792
-4033
-4763
-5366
-7443
-9240
-7708
-3372
-533
-2102
-6110
-8325
-6870
-3095
818
3289
3148
324
-2796
-2612
1751
6762
8051
5181
1680
748
2365
4609
6125
6403
4942
1838
-1147
-1663
558
2986
2844
-134
-3817
-5933
-5659
-3620
-1341
-617
-2336
-5373
-7202
-6154
-2986
22
1209
531
-979
-2032
-1524
850
3939
5644
4727
2134
168
365
2296
4265
4795
3480
1030
-1191
-1950
-1038
495
1163
235
-1811
-3814
-4736
-4187
-2672
-1442
-1656
-3264
-4870
-5016
-3654
-2103
-1597
-2188
-3096
-3656
-3627
-2921
-1474
579
2939
5264
6993
7229
5503
2933
2020
4455
8995
11979
10476
5153
68
-675
3283
7837
8009
2894
-3240
-5425
-3271
-807
-1234
-3478
-4776
-4997
-6241
-8652
-9296
-6260
-2001
-753
-3383
-6596
-7050
-4551
-1021
1870
3109
2018
-748
-2512
-757
3699
7063
6658
3720
1513
1656
3239
4778
5556
5119
3034
-23
-1938
-1140
1301
2504
840
-2529
-5173
-5739
-4528
-2685
-1523
-2075
-4240
-6334
-6344
-3970
-967
698
586
-429
-1320
-1344
34
2603
4913
5211
3269
848
11
1248
3343
4666
4268
2254
-289
-1863
-1626
-202
854
441
-1261
-3221
-4426
-4373
-3243
-1918
-1533
-2500
-4018
-4765
-4157
-2777
-1680
-1501
-2178
-3156
-3715
-3368
-2173
-544
1321
3573
6012
7521
6853
4208
1676
1669
4764
9023
11346
9742
5061
862
813
5032
9122
8114
1925
-4165
-5337
-2544
-621
-1924
-4117
-4612
-4535
-6304
-8920
-8670
-4583
-518
-546
-4014
-6786
-6201
-3057
554
3146
3611
1468
-1596
-2134
1401
6197
7901
5563
2331
1326
2493
3963
4801
5094
4448
2275
-507
-1677
-315
1751
1883
-493
-3596
-5416
-5363
-4049
-2494
-1769
-2627
-4657
-6164
-5552
-2967
-223
970
416
-801
-1423
-714
1336
3853
5281
4524
2198
366
628
2569
4318
4409
2855
660
-1121
-1813
-1274
-102
537
-206
-2048
-3817
-4490
-3945
-2824
-1994
-2067
-3019
-4119
-4433
-3676
-2473
-1689
-1625
-2013
-2530
-2983
-3101
-2499
-982
1279
3885
6208
7327
6491
4103
2013
2272
5324
9382
11594
9997
5171
393
-535
3054
7177
6704
1038
-4824
-5906
-2929
-762
-1965
-4285
-4978
-4961
-6596
-9016
-8668
-4564
-376
-104
-3370
-6375
-6365
-3572
294
3479
4307
2080
-1305
-2224
897
5437
7394
5761
3007
1672
1996
2981
4105
5025
4719
2456
-601
-2046
-917
1067
1431
-452
-3134
-4928
-5252
-4404
-3012
-2033
-2446
-4183
-5650
-5114
-2639
-134
707
14
-843
-861
59
1627
3365
4418
4001
2436
1178
1356
2583
3550
3484
2565
1217
-273
-1419
-1576
-750
45
-299
-1813
-3452
-4178
-3768
-2771
-1991
-2014
-2824
-3760
-4036
-3461
-2517
-1755
-1345
-1265
-1609
-2346
-2977
-2788
-1491
576
2896
5087
6676
6951
5539
3207
1754
2733
6012
9466
10276
7154
1947
-1239
461
5412
8371
5647
-785
-5315
-4942
-2174
-1198
-2665
-4018
-4131
-4916
-7529
-9391
-7220
-2069
1163
-475
-4628
-6790
-5208
-1535
1908
3777
3379
931
-1519
-1225
2204
5886
6754
4825
2534
1622
1908
2717
3792
4490
3591
932
-1593
-1893
-242
1008
227
-1941
-3876
-4792
-4770
-3958
-2697
-1993
-2725
-4294
-4928
-3716
-1666
-369
-171
-236
20
435
896
1720
2912
3722
3490
2590
1998
2125
2572
2863
2846
2352
1134
-526
-1643
-1481
-511
4
-635
-1991
-3175
-3703
-3584
-2993
-2229
-1799
-2126
-3037
-3741
-3507
-2360
-1071
-486
-892
-1895
-2752
-2863
-2115
-900
322
1617
3495
5959
7736
7169
4223
1250
1107
4415
8872
11146
9408
4597
27
-767
2766
6825
6417
861
-4976
-6133
-3234
-1008
-1883
-3710
-4187
-4546
-6739
-9052
-7734
-2708
1357
619
-3434
-6294
-5600
-2408
1278
4053
4656
2455
-912
-2072
619
4963
7241
6106
3323
1288
959
2024
3704
4843
4214
1681
-1177
-2358
-1406
236
779
-408
-2672
-4832
-5779
-4953
-2894
-1209
-1350
-3119
-4749
-4695
-3059
-1080
325
997
947
245
-369
295
2454
4615
4996
3484
1647
920
1432
2495
3409
3476
2087
-452
-2519
-2522
-709
893
570
-1463
-3624
-4621
-4230
-2937
-1511
-873
-1666
-3488
-4863
-4457
-2446
-426
121
-852
-2198
-2853
-2637
-1962
-1182
-377
553
1863
3801
6024
7301
6432
3837
1855
2826
6686
10621
11280
7641
2145
-956
794
5345
7511
4104
-2334
-6096
-4770
-1696
-1220
-3213
-4295
-3510
-3694
-6530
-9032
-7280
-2183
1181
-170
-3894
-5848
-4685
-1820
1283
3760
4354
2255
-831
-1502
1494
5446
6765
4971
2514
1431
1666
2428
3451
4284
3726
1230
-1673
-2629
-1168
707
802
-1095
-3538
-5098
-5183
-3914
-2125
-1237
-2177
-4124
-5042
-3839
-1549
4
248
6
26
263
624
1469
2899
4114
4132
2980
1667
1104
1435
2269
2980
2781
1214
-1031
-2303
-1595
187
1029
-98
-2300
-3902
-4047
-3087
-1901
-1260
-1575
-2677
-3757
-3911
-2967
-1647
-803
-685
-1035
-1613
-2273
-2664
-2323
-1228
26
922
1733
3209
5393
7065
6758
4426
1928
1632
4293
8151
10053
7934
2885
-1163
-691
3627
6897
4874
-1145
-5572
-5000
-1964
-1084
-3025
-4535
-3949
-3621
-5719
-8134
-7078
-2693
688
-11
-3170
-5172
-4505
-2004
1245
4209
5089
2661
-1247
-2622
382
5087
7273
5694
2645
785
806
1996
3497
4364
3567
1039
-1619
-2458
-1290
150
187
-1223
-3005
-4306
-4811
-4333
-2986
-1695
-1661
-2943
-4156
-3990
-2595
-1036
111
893
1137
544
-251
210
2361
4588
4856
3081
1147
724
1767
3095
3635
2889
1003
-1058
-1924
-1095
332
692
-513
-2293
-3455
-3663
-3209
-2403
-1608
-1462
-2391
-3857
-4572
-3730
-1865
-343
-113
-1026
-2184
-2730
-2325
-1247
-188
189
-87
-17
1641
4937
8082
8715
6158
2321
203
1454
5244
8951
9789
6653
1445
-1740
-222
3941
5484
1797
-3780
-5936
-3863
-1654
-2311
-4039
-3869
-2649
-3606
-6807
-8288
-5459
-909
882
-1025
-3743
-4634
-3477
-1012
2158
4579
4132
791
-2074
-1018
3251
6592
6280
3637
1573
1160
1591
2254
3172
3773
2876
431
-1813
-2154
-885
207
-123
-1702
-3673
-5181
-5390
-3917
-1724
-807
-2162
-4405
-5153
-3627
-1216
426
961
895
518
29
129
1454
3473
4704
4304
2940
1881
1689
2066
2557
2828
2498
1328
-241
-1188
-934
-91
72
-1042
-2788
-3970
-3943
-3013
-2008
-1673
-2290
-3483
-4326
-3990
-2565
-1121
-680
-1211
-1818
-1824
-1341
-847
-575
-519
-644
-761
-347
1138
3666
6384
7950
7262
4420
1286
577
3542
8233
10651
8205
2315
-2514
-2524
1804
5880
5196
-111
-5314
-6233
-3666
-1671
-2126
-3100
-2910
-3173
-5840
-8901
-8100
-2923
1896
1894
-2063
-5578
-5857
-3334
418
3867
5055
2701
-1348
-2823
330
5226
7292
5406
2315
704
742
1490
2643
3870
3837
1545
-1771
-3422
-2218
217
1288
-28
-2715
-5031
-5743
-4603
-2477
-1016
-1481
-3474
-5140
-4916
-2910
-465
1246
1823
1339
219
-509
336
2795
5240
5708
3865
1342
173
1047
2981
4283
3807
1735
-575
-1659
-1160
-56
348
-452
-1994
-3439
-4125
-3804
-2797
-1953
-2037
-2965
-3849
-3901
-3151
-2153
-1329
-843
-861
-1401
-1957
-1765
-739
214
147
-789
-1454
-821
1292
4339
7237
8449
6802
2947
-294
8
4105
9018
10919
8131
2373
-2358
-2604
1519
5750
5295
-111
-5596
-6541
-3680
-1410
-1870
-3049
-3026
-3250
-5645
-8374
-7451
-2448
2101
1922
-2163
-5726
-5677
-2379
1949
5030
5140
2102
-1669
-2575
576
5034
6957
5302
2208
185
35
1273
3113
4435
3881
1156
-2014
-3196
-1786
335
842
-785
-3254
-5029
-5370
-4269
-2362
-1002
-1493
-3625
-5418
-5005
-2591
-56
1163
1133
586
51
79
1355
3727
5664
5570
3654
1802
1524
2588
3706
3885
2893
1094
-648
-1338
-751
129
58
-1118
-2462
-3192
-3397
-3457
-3344
-2915
-2502
-2666
-3391
-3927
-3566
-2380
-1120
-568
-962
-1823
-2263
-1668
-350
623
431
-671
-1630
-1557
-199
2287
5424
8042
8473
5963
2012
-294
1168
5589
9761
10488
6869
1088
-2789
-1814
2862
6290
4294
-1920
-6797
-6537
-3045
-904
-1647
-2994
-3249
-3779
-5981
-7916
-6364
-1630
2039
1366
-2310
-5022
-4464
-1285
2575
5204
5039
1918
-1742
-2391
983
5418
7054
5103
1949
57
-15
1148
2903
4215
3608
705
-2583
-3641
-2002
171
578
-1025
-3275
-4908
-5357
-4449
-2593
-1163
-1535
-3401
-4759
-4077
-1938
-67
727
919
979
795
547
1125
2961
4958
5429
4030
2133
1253
1637
2478
2958
2693
1623
42
-1309
-1689
-1107
-423
-552
-1660
-3108
-4054
-4043
-3266
-2399
-2146
-2688
-3505
-3801
-3179
-1978
-988
-778
-1235
-1692
-1553
-802
90
636
640
145
-621
-1135
-702
1041
3692
6199
7424
6681
4205
1378
251
2139
6213
9627
9478
5255
-299
-2991
-728
4088
6264
2869
-3440
-7070
-5588
-2002
-554
-1740
-3002
-3255
-4114
-6272
-7191
-4308
722
3254
1053
-3284
-5551
-4112
-337
3489
5434
4325
788
-2235
-1717
2151
5842
6237
3667
806
-442
-21
1417
3149
3923
2450
-845
-3506
-3438
-1258
515
263
-1515
-3514
-4931
-5259
-4013
-1618
62
-682
-3231
-4987
-4108
-1300
1325
2439
2102
995
-34
61
1868
4521
6035
5215
2889
954
529
1346
2521
3209
2712
832
-1552
-2839
-2239
-715
-15
-847
-2405
-3545
-3874
-3612
-3006
-2301
-1971
-2389
-3207
-3530
-2884
-1781
-1111
-1142
-1339
-1117
-498
56
228
126
24
25
51
50
128
549
1633
3499
5648
6846
5906
2983
67
-329
2622
6965
9216
7111
1724
-2942
-3093
1193
5442
4891
-458
-5614
-6112
-2887
-473
-1101
-2625
-2660
-2286
-3751
-6019
-5486
-1273
2773
2647
-960
-3943
-3735
-1162
1851
4156
4783
2848
-673
-2559
-538
3663
5988
4592
1431
-643
-827
58
1359
2597
2632
529
-2615
-4146
-2760
-118
1052
-165
-2507
-4354
-4930
-4070
-2084
-204
-54
-1877
-3799
-3704
-1557
758
1736
1533
1019
618
548
1305
3005
4622
4783
3366
1647
825
1025
1770
2593
2850
1782
-480
-2425
-2561
-1210
-170
-576
-1841
-2847
-3343
-3625
-3527
-2682
-1535
-1207
-2091
-3205
-3303
-2241
-884
-24
172
-108
-569
-733
-187
859
1581
1380
515
-288
-656
-689
-431
326
1677
3304
4618
5007
4042
1890
-252
-594
1758
5495
7653
5968
1170
-3089
-3204
797
4736
4206
-662
-5141
-5195
-1924
320
-452
-2083
-2248
-1907
-3128
-5036
-4524
-941
2332
1998
-1146
-3612
-3431
-1387
1076
3106
3713
1938
-1241
-2743
-608
3282
5071
3299
170
-1457
-972
435
1707
2359
1832
-102
-2295
-2835
-1206
878
1301
-265
-2407
-3664
-3536
-2279
-621
301
-346
-2025
-3064
-2403
-722
570
985
1032
1003
679
252
593
2040
3553
3723
2410
832
160
563
1530
2411
2505
1324
-723
-2243
-2079
-585
668
451
-1101
-2902
-3903
-3636
-2317
-807
-184
-895
-2246
-2998
-2536
-1334
-302
83
-72
-467
-830
-883
-420
416
1105
1157
536
-396
-1222
-1665
-1586
-1012
-162
789
1941
3372
4503
4184
1984
-666
-1239
1479
5755
8042
6091
1220
-2487
-1712
2804
6550
5509
373
-4082
-4213
-1337
493
-301
-1564
-1367
-1051
-2756
-5362
-5321
-1597
2388
2713
-554
-4006
-4921
-3215
-184
2712
3778
1836
-1868
-3850
-1870
2287
4714
3714
1096
-623
-803
-99
1136
2640
3266
1821
-995
-2735
-1851
488
1818
1056
-860
-2513
-3265
-3038
-1911
-482
68
-941
-2692
-3569
-2828
-1160
318
1043
941
153
-710
-595
994
3101
4002
2987
1088
4
531
2082
3361
3314
1794
-281
-1521
-1200
90
993
637
-718
-2129
-2825
-2632
-1868
-1063
-694
-989
-1798
-2628
-2886
-2265
-1081
-159
-173
-1002
-1809
-1845
-1074
-33
721
884
380
-575
-1395
-1492
-884
-270
-284
-743
-765
377
2531
4626
5294
3831
984
-1173
-604
2882
6965
8296
5329
172
-2753
-789
3901
6105
3066
-2330
-4859
-2984
-114
299
-1049
-1418
-742
-1605
-4621
-6512
-4326
188
2430
492
-3089
-4943
-4247
-2076
583
2798
3050
656
-2418
-2947
-106
3419
4531
2943
701
-485
-350
801
2546
3761
3017
367
-2009
-1936
205
1891
1340
-788
-2668
-3370
-3139
-2397
-1416
-765
-1110
-2287
-3199
-3005
-1975
-890
-70
501
593
36
-483
177
2085
3764
3744
2279
1003
1064
2128
3085
3158
2243
750
-498
-661
269
1173
841
-660
-2078
-2462
-2095
-1797
-1788
-1757
-1731
-2141
-2963
-3376
-2698
-1364
-529
-775
-1582
-2034
-1755
-1002
-202
342
423
-11
-679
-1018
-656
148
629
218
-880
-1780
-1589
-34
2404
4676
5534
4207
1286
-1119
-741
2772
7122
8978
6648
1557
-2632
-2701
1340
5748
6089
1652
-3518
-4859
-2246
433
417
-1051
-1675
-1907
-3627
-6037
-5756
-1717
2387
2270
-1689
-5144
-5035
-2199
933
3000
3454
1795
-1271
-3045
-1246
2918
5618
4619
1467
-796
-863
528
2238
3406
3142
1099
-1476
-2452
-1136
800
1252
-91
-1932
-3158
-3565
-3161
-1915
-483
-201
-1606
-3448
-3881
-2503
-610
447
514
179
-148
-260
198
1397
2758
3327
2812
1861
1255
1221
1614
2260
2753
2412
1029
-510
-953
-139
750
588
-532
-1734
-2470
-2734
-2533
-1871
-1244
-1417
-2407
-3190
-2877
-1808
-1045
-1025
-1274
-1325
-1254
-1174
-794
30
738
630
-158
-739
-547
83
500
443
-8
-771
-1604
-1883
-1008
904
2984
4276
4275
2969
880
-785
-540
2147
5834
7728
5925
1434
-2130
-1544
2726
6402
5402
211
-4466
-4817
-1880
394
170
-921
-1285
-1898
-4000
-5936
-4751
-660
2393
1413
-2085
-4338
-3752
-1590
661
2514
3250
1783
-1275
-3004
-1205
2658
4929
3900
1256
-504
-675
31
1090
2232
2636
1413
-934
-2542
-2123
-391
805
395
-1183
-2770
-3444
-2901
-1533
-345
-334
-1542
-2852
-3023
-1888
-361
595
742
372
-146
-415
26
1296
2763
3438
2922
1797
1026
1129
1941
2837
3084
2268
737
-526
-785
-282
120
-81
-695
-1394
-2052
-2472
-2257
-1413
-727
-1033
-2137
-2940
-2701
-1797
-1096
-958
-1116
-1244
-1238
-1050
-600
18
485
557
285
-93
-357
-366
-71
352
477
-44
-1037
-1787
-1615
-451
1182
2676
3672
3915
3136
1473
-40
116
2560
5961
7700
5977
1617
-2176
-2304
1327
5256
5447
1367
-3249
-4314
-1745
897
936
-682
-1671
-1865
-2748
-4220
-4099
-1417
1508
1660
-945
-3490
-3795
-2129
145
2048
2727
1377
-1366
-2968
-1439
2025
4076
3016
444
-1055
-709
517
1691
2439
2257
720
-1401
-2327
-1200
745
1498
423
-1391
-2594
-2715
-2010
-961
-218
-440
-1611
-2750
-2771
-1641
-351
239
162
-98
-341
-573
-458
510
2174
3427
3221
1749
369
284
1491
2962
3607
2976
1393
-246
-963
-398
776
1356
662
-905
-2350
-2941
-2562
-1596
-694
-518
-1295
-2495
-3175
-2801
-1714
-748
-481
-873
-1446
-1708
-1445
-779
-31
480
530
101
-507
-738
-240
649
1113
701
-215
-932
-1187
-1192
-1096
-748
26
1175
2449
3392
3375
2084
209
-696
530
3415
5942
5998
3163
-548
-1972
274
3888
4778
1533
-2667
-3642
-1179
1028
395
-1483
-1752
-648
-880
-3143
-4652
-2931
573
2162
375
-2643
-4030
-3045
-847
1204
2181
1510
-507
-2236
-1897
444
2694
2949
1444
-75
-449
74
810
1519
2032
1813
600
-813
-1212
-404
519
508
-355
-1290
-1844
-2006
-1762
-1137
-594
-747
-1538
-2165
-1998
-1221
-404
120
223
-186
-829
-892
174
1759
2581
2164
1329
1069
1466
1995
2371
2569
2367
1543
512
110
571
1154
1027
173
-828
-1559
-1919
-1838
-1330
-840
-992
-1811
-2540
-2496
-1867
-1364
-1304
-1380
-1313
-1246
-1353
-1374
-922
-108
495
535
264
120
212
371
520
687
759
528
57
-300
-349
-363
-687
-1170
-1228
-429
1075
2668
3591
3257
1677
-197
-826
742
3759
5982
5362
1991
-1502
-1986
1123
4806
5139
1445
-2792
-3742
-1466
663
449
-792
-942
-523
-1628
-4058
-4818
-2174
1462
2223
-502
-3607
-4211
-2440
-131
1538
2152
1193
-1218
-3159
-2303
1081
3820
3350
629
-1300
-977
450
1440
1813
1889
1310
-225
-1700
-1560
214
1775
1500
-292
-2023
-2611
-2049
-824
381
663
-479
-2256
-3033
-2067
-392
443
100
-559
-803
-660
-284
466
1475
2035
1607
670
302
988
2198
3049
3031
2144
829
-128
-66
830
1501
1052
-302
-1548
-1966
-1652
-1109
-752
-847
-1477
-2324
-2745
-2351
-1447
-714
-569
-950
-1545
-1971
-1838
-1041
-53
383
22
-615
-861
-579
-66
440
829
861
313
-514
-849
-277
673
1060
499
-583
-1523
-1916
-1624
-703
526
1603
2277
2564
2383
1547
393
98
1692
4539
6313
5011
1132
-2326
-2410
927
4461
4586
975
-2892
-3353
-561
1896
1384
-850
-1870
-1130
-786
-2089
-3324
-2315
239
1434
-123
-2714
-3817
-2826
-943
585
1153
429
-1389
-2937
-2515
-85
2247
2420
689
-893
-910
240
1434
2127
2261
1665
392
-683
-508
785
1757
1255
-322
-1625
-1881
-1359
-647
-111
-47
-705
-1808
-2480
-2074
-936
3
219
-111
-629
-1088
-1138
-393
960
1962
1771
656
-204
45
1162
2255
2633
2189
1260
418
202
703
1382
1522
916
-23
-787
-1197
-1274
-1033
-615
-452
-914
-1793
-2367
-2144
-1395
-826
-865
-1345
-1803
-1908
-1600
-1029
-479
-240
-402
-735
-825
-449
203
701
770
508
248
235
474
780
899
655
96
-482
-785
-809
-797
-861
-746
-115
995
2091
2571
2132
985
-137
-233
1264
3682
5168
4107
944
-1688
-1257
1917
4606
3906
438
-2286
-1855
418
1430
213
-1277
-1261
-619
-1280
-3049
-3637
-1919
260
355
-1705
-3642
-3704
-2277
-703
296
553
-172
-1675
-2651
-1728
684
2461
2118
485
-479
4
1103
1894
2310
2437
1914
677
-305
46
1405
2224
1554
51
-1059
-1353
-1146
-675
-69
106
-773
-2327
-3149
-2334
-630
366
-38
-1125
-1818
-1691
-936
115
1051
1360
818
-95
-478
161
1448
2539
2799
2185
1177
465
506
1187
1885
1978
1328
305
-584
-1000
-863
-388
-31
-226
-1000
-1897
-2339
-2104
-1462
-938
-932
-1454
-2103
-2340
-1916
-1085
-367
-117
-294
-600
-699
-388
294
1006
1294
983
398
96
355
910
1239
1029
408
-199
-451
-360
-252
-448
-969
-1510
-1690
-1263
-199
1246
2460
2674
1597
-49
-791
434
3181
5540
5534
2855
-535
-1758
418
4123
5809
3678
-386
-2738
-1822
462
1365
441
-674
-1045
-1545
-2892
-3877
-2817
-284
1053
-408
-3207
-4602
-3576
-1379
359
958
374
-1156
-2653
-2559
-359
2306
3070
1453
-641
-1134
126
1745
2550
2391
1582
505
-233
22
1151
2045
1671
250
-1037
-1391
-1063
-738
-710
-879
-1179
-1636
-2090
-2213
-1862
-1254
-766
-653
-934
-1312
-1275
-521
578
1200
914
202
-77
387
1185
1788
2007
1861
1403
891
790
1277
1877
1927
1319
554
44
-228
-362
-283
-64
-164
-910
-1906
-2347
-1986
-1384
-1168
-1373
-1664
-1858
-1940
-1791
-1301
-695
-393
-481
-616
-489
-150
250
723
1214
1381
945
220
-39
506
1331
1594
1009
47
-622
-697
-346
42
84
-419
-1344
-2225
-2498
-1885
-611
767
1720
1984
1560
688
-86
7
1427
3658
5199
4633
2063
-566
-923
1469
4479
5144
2620
-844
-2202
-806
1150
1398
101
-973
-1135
-1431
-2557
-3365
-2433
-428
353
-1159
-3433
-4261
-3177
-1385
-11
585
203
-1200
-2642
-2414
-68
2503
2934
1134
-674
-647
806
2080
2396
2099
1576
854
211
264
1058
1687
1303
165
-766
-1029
-942
-825
-616
-388
-633
-1597
-2612
-2699
-1728
-606
-227
-606
-1142
-1376
-1204
-636
225
979
1125
610
23
19
662
1438
1838
1777
1485
1237
1214
1452
1782
1873
1513
851
276
30
4
-68
-302
-619
-959
-1355
-1753
-1913
-1655
-1201
-1059
-1452
-1996
-2089
-1596
-974
-697
-761
-812
-634
-284
103
458
693
696
498
334
405
674
956
1125
1113
841
321
-168
-257
67
333
39
-775
-1557
-1821
-1589
-1285
-1271
-1547
-1793
-1620
-812
503
1823
2508
2188
1122
177
322
1868
3989
5085
4040
1474
-399
296
3033
5073
4191
1091
-1383
-1437
-94
509
-154
-865
-920
-1249
-2719
-4310
-4104
-1960
-57
-405
-2527
-4189
-3940
-2280
-544
448
507
-307
-1485
-1912
-746
1412
2833
2452
1025
187
647
1738
2517
2686
2399
1746
915
445
740
1386
1463
643
-414
-960
-1009
-1027
-1128
-1089
-1021
-1391
-2227
-2773
-2342
-1244
-484
-621
-1248
-1608
-1363
-689
87
688
898
666
261
142
566
1350
2006
2128
1704
1116
860
1140
1698
2031
1804
1084
248
-282
-299
11
166
-216
-1018
-1696
-1824
-1509
-1181
-1102
-1206
-1350
-1503
-1613
-1516
-1129
-643
-366
-369
-449
-400
-197
93
433
722
762
493
187
231
658
1050
998
559
135
-8
53
98
20
-165
-429
-732
-982
-1118
-1184
-1250
-1316
-1355
-1411
-1528
-1531
-1051
86
1521
2518
2513
1607
605
540
1899
4049
5453
4838
2440
81
-291
1577
3867
4279
2226
-592
-1893
-1129
149
242
-796
-1631
-1664
-1750
-2654
-3588
-3141
-1391
-133
-732
-2430
-3354
-2675
-1183
14
539
444
-213
-1018
-1028
296
2095
2789
1888
581
297
1113
1978
2143
1805
1434
1109
731
437
414
523
419
12
-487
-899
-1202
-1344
-1234
-1011
-1035
-1459
-1963
-2123
-1878
-1474
-1091
-784
-659
-785
-929
-684
-43
495
521
272
303
767
1279
1476
1402
1294
1240
1218
1282
1476
1646
1531
1096
623
391
363
283
30
-276
-515
-758
-1111
-1443
-1493
-1249
-1061
-1226
-1588
-1719
-1466
-1109
-945
-936
-870
-708
-571
-486
-328
-47
227
375
425
449
441
403
430
582
716
619
294
-15
-113
-49
-1
-76
-266
-514
-732
-819
-766
-719
-825
-1060
-1288
-1439
-1542
-1529
-1187
-392
660
1552
1955
1819
1331
881
993
2033
3690
4844
4342
2257
255
241
2350
4500
4347
1772
-947
-1600
-363
724
313
-893
-1491
-1371
-1610
-2629
-3371
-2725
-1198
-449
-1289
-2767
-3389
-2716
-1444
-370
183
101
-586
-1323
-1157
243
1907
2453
1617
530
359
1117
1962
2303
2182
1785
1188
614
498
935
1362
1125
259
-574
-903
-874
-851
-907
-946
-1078
-1519
-2156
-2480
-2118
-1296
-642
-590
-1006
-1365
-1223
-555
257
751
754
492
355
560
1026
1515
1822
1880
1734
1503
1315
1243
1275
1327
1281
1044
620
147
-177
-267
-253
-365
-702
-1133
-1449
-1564
-1569
-1569
-1578
-1565
-1540
-1523
-1467
-1290
-1021
-798
-709
-650
-459
-133
173
352
462
588
706
756
762
793
824
761
599
463
434
444
378
221
42
-111
-237
-348
-458
-591
-728
-800
-787
-806
-985
-1272
-1445
-1362
-1113
-853
-563
-66
706
1554
2106
2111
1674
1297
1586
2710
4022
4413
3330
1508
482
1119
2666
3425
2457
504
-884
-964
-381
-191
-664
-1258
-1571
-1848
-2423
-2983
-2844
-1940
-1112
-1206
-2074
-2742
-2516
-1589
-613
7
190
-60
-573
-807
-206
1058
2031
1955
1145
617
913
1607
1981
1823
1426
1072
818
693
731
798
618
107
-463
-780
-845
-887
-1033
-1199
-1319
-1456
-1658
-1817
-1769
-1486
-1104
-816
-738
-825
-877
-675
-201
309
591
597
502
505
686
993
1287
1394
1245
992
916
1116
1374
1362
1016
602
395
375
291
-2
-357
-527
-495
-524
-831
-1293
-1538
-1366
-992
-828
-1048
-1402
-1500
-1189
-677
-307
-252
-396
-473
-310
43
382
574
647
699
750
747
709
734
856
940
827
549
317
279
348
347
209
-16
-282
-555
-742
-738
-595
-527
-688
-972
-1147
-1132
-1050
-1030
-1084
-1154
-1201
-1141
-822
-150
731
1488
1835
1729
1364
1067
1181
1895
2978
3705
3320
1864
464
417
1770
3031
2666
794
-941
-1252
-532
-96
-497
-1130
-1385
-1526
-2107
-2917
-3090
-2256
-1146
-811
-1461
-2302
-2439
-1712
-650
136
357
75
-384
-544
-63
885
1659
1753
1308
915
946
1258
1557
1748
1819
1620
1066
439
202
419
642
450
-80
-583
-908
-1162
-1377
-1413
-1256
-1173
-1410
-1844
-2085
-1904
-1455
-1048
-845
-789
-745
-620
-371
-7
391
686
815
852
940
1130
1324
1409
1389
1358
1356
1322
1189
992
832
749
670
486
182
-122
-280
-285
-281
-427
-717
-994
-1118
-1098
-1035
-993
-969
-949
-930
-883
-759
-559
-347
-196
-108
-24
109
293
490
653
760
820
843
823
776
753
772
759
613
354
140
98
154
128
-62
-335
-563
-685
-689
-599
-503
-532
-730
-979
-1100
-1026
-846
-700
-660
-709
-761
-715
-537
-325
-239
-323
-448
-455
-328
-152
83
536
1259
1997
2319
2031
1415
1049
1350
2236
3119
3266
2367
922
-9
291
1404
2053
1345
-279
-1515
-1594
-967
-594
-801
-1159
-1321
-1515
-2013
-2481
-2264
-1282
-324
-215
-921
-1626
-1601
-806
265
1053
1200
664
-135
-453
178
1370
2129
1838
896
232
318
824
1184
1190
951
551
17
-447
-539
-248
26
-129
-674
-1230
-1514
-1525
-1362
-1096
-874
-925
-1274
-1585
-1464
-925
-373
-142
-182
-234
-156
37
308
648
964
1113
1041
862
759
841
1069
1270
1261
1008
693
536
555
576
483
329
189
18
-220
-410
-405
-274
-260
-472
-729
-802
-671
-511
-467
-530
-611
-638
-586
-482
-376
-285
-175
-32
90
147
202
340
518
587
489
357
357
489
621
650
574
422
215
14
-93
-84
-47
-108
-297
-531
-700
-745
-671
-547
-463
-491
-634
-807
-856
-676
-337
-70
-82
-321
-505
-394
-38
307
452
420
335
276
257
286
353
412
396
278
93
-81
-166
-124
-22
-16
-219
-561
-847
-949
-896
-757
-513
-111
395
818
976
828
534
396
710
1497
2323
2524
1815
709
193
753
1792
2165
1379
138
-463
-147
333
217
-369
-760
-743
-792
-1263
-1777
-1694
-1023
-479
-617
-1213
-1628
-1521
-1032
-435
45
158
-233
-821
-926
-201
838
1285
854
191
80
572
1071
1142
924
752
690
585
417
329
360
351
185
-73
-317
-544
-771
-882
-786
-628
-713
-1110
-1499
-1487
-1060
-588
-415
-548
-714
-680
-423
-67
249
435
460
387
349
452
656
815
840
791
773
781
712
561
473
568
738
733
436
26
-207
-153
33
118
-2
-255
-487
-572
-481
-315
-248
-368
-575
-654
-503
-250
-106
-133
-190
-126
39
163
172
141
184
287
340
289
207
211
312
397
360
204
37
-40
-19
26
17
-66
-169
-231
-243
-253
-313
-414
-491
-488
-417
-339
-295
-274
-245
-207
-183
-160
-109
-13
86
130
106
63
65
141
265
369
382
283
137
43
45
91
92
12
-123
-255
-334
-330
-267
-217
-245
-340
-429
-456
-429
-385
-358
-375
-452
-548
-559
-406
-103
272
651
973
1145
1084
877
777
995
1471
1890
1942
1568
987
562
567
964
1351
1246
555
-266
-635
-443
-138
-189
-553
-849
-914
-980
-1237
-1460
-1296
-817
-508
-690
-1116
-1300
-1065
-617
-217
24
43
-181
-459
-417
89
702
902
608
269
280
532
658
569
506
601
657
459
142
25
164
288
159
-133
-361
-468
-550
-615
-565
-421
-390
-593
-837
-834
-572
-334
-333
-453
-441
-252
-53
42
101
205
301
309
280
336
473
544
480
396
412
480
460
349
282
326
373
287
100
-43
-71
-44
-48
-105
-206
-337
-456
-501
-442
-355
-343
-434
-541
-569
-496
-389
-320
-298
-284
-248
-198
-139
-58
62
194
275
284
269
290
356
433
497
534
525
464
387
357
382
403
347
211
59
-35
-52
-23
-6
-34
-101
-184
-251
-274
-251
-203
-161
-146
-154
-176
-200
-202
-151
-43
68
108
59
-4
19
160
345
469
494
464
432
387
298
204
209
357
506
436
89
-301
-402
-139
186
193
-170
-566
-638
-399
-181
-225
-428
-528
-443
-337
-352
-420
-385
-232
-102
-105
-196
-238
-146
50
233
270
134
-37
-33
199
457
477
249
29
46
240
377
333
190
68
-11
-68
-70
4
72
11
-172
-339
-382
-324
-237
-148
-78
-96
-239
-397
-390
-196
11
65
-6
-59
-29
24
51
86
186
333
465
552
599
616
605
592
617
708
818
856
764
582
434
406
461
467
336
109
-98
-223
-301
-379
-439
-439
-415
-465
-634
-818
-846
-668
-415
-284
-353
-531
-637
-546
-272
34
191
129
-34
-91
59
307
464
457
379
347
370
384
356
327
326
310
214
48
-96
-144
-123
-116
-174
-283
-405
-511
-567
-530
-419
-346
-405
-546
-600
-479
-283
-173
-181
-190
-114
8
94
145
217
318
388
387
351
353
407
478
514
490
405
281
179
151
189
207
132
-16
-141
-190
-186
-183
-198
-229
-285
-369
-440
-440
-362
-273
-231
-224
-210
-173
-126
-72
1
90
161
191
194
205
255
339
420
442
374
266
215
267
356
370
276
145
67
63
77
53
-19
-115
-202
-261
-289
-299
-301
-292
-275
-276
-313
-359
-348
-246
-100
-11
-26
-83
-87
1
130
227
263
260
245
243
274
341
409
424
359
251
167
145
170
190
160
75
-33
-118
-150
-151
-154
-183
-224
-267
-307
-328
-304
-236
-160
-128
-150
-174
-146
-63
33
90
93
67
57
93
168
238
265
240
188
137
99
81
92
126
154
133
55
-37
-98
-109
-95
-85
-95
-135
-192
-237
-234
-182
-121
-91
-93
-96
-77
-42
-6
32
79
141
225
333
454
547
548
431
241
104
136
339
542
508
159
-291
-487
-280
77
166
-149
-579
-730
-544
-309
-277
-384
-407
-307
-260
-370
-485
-377
-53
221
208
-58
-313
-298
14
401
569
388
26
-183
-51
275
477
387
135
-23
15
131
165
81
-33
-98
-128
-181
-259
-299
-253
-174
-165
-267
-388
-394
-250
-71
-11
-108
-244
-264
-118
93
232
235
151
81
92
182
287
342
327
273
225
200
190
194
215
237
223
151
59
11
40
105
125
57
-60
-134
-105
-7
65
60
22
27
87
142
142
103
91
132
203
251
254
214
156
117
117
137
124
56
-33
-93
-104
-92
-84
-85
-102
-146
-208
-260
-278
-267
-244
-214
-183
-168
-188
-216
-202
-132
-54
-33
-80
-132
-128
-50
49
102
77
13
-17
19
81
105
64
3
-19
8
49
59
29
-12
-28
-15
-2
-21
-48
-40
13
52
23
-41
-62
-10
58
79
53
30
32
46
62
84
104
106
83
58
52
57
53
34
6
-23
-54
-83
-102
-103
-92
-82
-87
-108
-128
-125
-95
-69
-63
-68
-62
-45
-34
-35
-38
-29
-18
-18
-19
-16
-10
-9
-6
7
21
16
-5
-18
4
43
59
28
-20
-42
-28
-5
9
21
44
63
59
36
23
35
60
79
81
68
45
31
47
92
119
88
23
-16
8
62
86
56
8
-11
14
53
60
24
-22
-37
-19
-2
-13
-46
-67
-63
-45
-35
-31
-24
-4
21
36
36
23
17
19
24
22
13
10
13
14
5
-16
-35
-47
-42
-32
-36
-57
-69
-52
-25
-29
-69
-94
-59
6
27
-23
-82
-78
-13
51
61
26
-7
-7
27
66
86
78
55
42
51
69
80
79
75
80
88
80
50
20
15
39
56
40
6
-12
-2
14
10
-15
-46
-67
-70
-50
-21
-13
-41
-77
-80
-42
-6
-9
-39
-58
-51
-30
-9
14
37
49
45
40
46
61
68
55
41
36
38
36
34
38
49
50
31
6
-3
2
5
-9
-25
-19
7
22
-1
-40
-62
-49
-18
5
6
-6
-20
-28
-23
-6
15
22
9
-11
-16
-3
15
16
-1
-13
-7
7
6
-14
-37
-51
-61
-76
-89
-85
-71
-71
-90
-104
-90
-68
-70
-96
-112
-87
-39
-10
-23
-53
-56
-21
24
42
32
15
18
35
44
38
27
16
4
1
10
24
23
3
-10
7
38
45
22
2
29
105
199
278
326
333
290
221
188
255
406
513
447
231
37
47
226
356
263
8
-195
-224
-159
-138
-181
-213
-209
-243
-361
-481
-474
-336
-200
-183
-272
-364
-384
-312
-163
13
116
71
-67
-135
-27
165
266
222
133
106
132
144
132
137
149
122
53
-2
-8
-2
-28
-71
-86
-87
-126
-200
-238
-196
-133
-131
-195
-232
-179
-87
-42
-67
-98
-77
-6
63
97
103
103
104
114
133
158
172
174
172
174
171
154
124
102
93
81
47
7
-14
-7
-4
-31
-78
-115
-121
-121
-142
-174
-185
-165
-144
-147
-159
-149
-116
-88
-77
-61
-26
13
32
46
80
136
180
191
189
199
219
234
233
224
209
185
155
131
121
113
98
79
55
23
-24
-74
-101
-97
-78
-77
-101
-136
-162
-164
-143
-102
-62
-41
-44
-48
-29
7
37
53
69
100
131
143
141
137
142
144
140
134
127
107
68
32
23
28
19
-17
-61
-88
-99
-108
-123
-139
-150
-156
-164
-172
-177
-175
-162
-143
-129
-125
-128
-119
-85
-35
3
12
3
4
30
60
76
75
71
84
113
136
134
105
67
45
44
49
46
35
23
13
-2
-13
-18
-16
-21
-36
-47
-41
-25
-17
-21
-22
-17
-10
-10
-5
11
28
29
17
11
25
43
51
51
55
63
63
50
37
33
35
33
27
23
24
21
14
10
7
-1
-14
-23
-22
-24
-35
-49
-56
-56
-59
-61
-54
-38
-31
-44
-59
-51
-27
-12
-19
-32
-26
-2
18
20
15
19
33
44
43
32
27
34
46
51
38
17
4
8
23
34
25
1
-24
-31
-21
-12
-14
-27
-38
-46
-49
-47
-35
-18
-7
-9
-11
-2
21
45
61
68
70
67
63
63
75
95
110
109
91
67
54
54
63
61
40
8
-18
-26
-19
-11
-12
-20
-32
-44
-55
-60
-54
-38
-20
-12
-14
-17
-14
-3
9
20
28
24
9
-7
-7
15
41
48
29
1
-14
-8
5
13
5
-17
-39
-47
-41
-32
-33
-43
-51
-56
-62
-68
-68
-53
-33
-23
-29
-43
-46
-29
1
25
27
14
3
7
25
44
57
58
50
37
27
31
49
63
60
39
17
7
6
8
7
3
-5
-19
-35
-42
-35
-18
-8
-18
-39
-56
-52
-34
-14
-3
-6
-16
-22
-18
-6
4
7
8
10
13
16
15
16
23
31
31
18
3
-1
5
14
12
5
-4
-5
-2
0
-3
-5
-1
0
-1
-4
-7
-6
-1
2
5
7
6
6
11
18
23
28
32
37
40
40
40
42
44
44
41
38
35
31
29
30
32
33
30
22
18
18
18
15
9
3
2
4
4
3
2
1
-1
-3
-5
-5
-6
-6
-5
1
6
4
-2
-5
-2
3
2
-1
-5
-6
-6
-7
-9
-7
-2
2
6
9
5
-1
-7
-6
0
3
3
2
3
7
9
9
12
16
17
13
10
13
19
23
27
30
32
30
28
28
29
25
17
10
10
12
12
10
13
16
20
19
13
4
-2
3
16
27
24
10
2
6
16
23
24
21
17
12
5
2
4
8
9
11
13
15
9
0
-4
8
25
31
20
7
7
21
36
39
31
21
16
21
30
36
33
28
25
29
29
23
14
8
10
14
12
4
-7
-12
-8
3
13
14
5
-5
-9
0
11
18
17
14
14
17
24
31
37
41
42
38
31
24
22
26
34
38
37
34
31
29
28
27
29
28
22
15
13
20
29
27
18
8
7
14
21
18
8
-2
-2
5
17
25
27
23
17
15
17
20
16
8
2
1
2
2
3
10
14
13
4
-7
-16
-18
-14
-9
-7
-7
-8
-5
1
6
6
0
-6
-7
-1
6
11
15
18
23
26
26
25
25
27
30
32
34
33
32
32
30
25
18
15
18
18
14
5
0
2
6
8
6
1
-3
-5
-1
4
5
0
-5
-4
7
18
23
20
14
14
19
21
19
13
9
11
17
19
16
15
16
25
29
23
9
-3
-3
8
22
27
21
11
7
12
23
28
26
17
9
9
18
28
34
30
20
16
20
28
28
21
14
11
11
4
-1
1
13
24
25
16
4
-4
-5
-6
-4
-2
0
1
1
-1
-2
-4
-4
-4
-6
-8
-6
1
8
9
4
3
4
6
5
4
4
5
7
8
14
25
32
31
25
21
24
31
36
34
29
27
29
34
37
38
36
34
29
24
21
19
22
28
34
36
32
28
29
34
40
40
32
24
21
25
31
39
43
41
34
28
26
27
32
33
29
25
23
24
26
25
23
25
27
25
19
9
0
-4
-2
3
5
4
3
0
-2
-3
-3
1
4
0
-6
-11
-7
-2
4
7
6
3
0
-2
0
1
-3
-4
-3
4
8
5
-1
-5
-3
0
-1
-5
-10
-10
-4
2
5
5
3
2
3
3
2
-1
-3
1
9
17
19
13
9
10
18
25
27
22
14
5
3
7
16
23
24
20
13
5
1
3
9
17
17
10
1
-2
3
11
15
12
4
-3
-4
0
9
18
24
26
23
18
17
20
30
38
39
32
23
23
32
43
48
43
31
20
16
16
21
25
26
25
23
20
15
10
9
13
17
17
12
7
5
9
16
22
27
26
26
28
31
34
31
27
27
30
32
31
28
27
25
26
28
32
30
22
17
18
21
20
15
9
9
12
13
13
8
3
0
3
6
7
5
7
13
18
18
18
22
26
27
24
23
25
26
25
23
25
26
24
23
24
24
20
14
11
12
16
16
11
5
2
4
5
6
4
2
3
1
-1
-1
4
9
8
3
1
7
15
14
7
0
4
10
14
14
13
13
14
14
13
14
14
15
13
14
13
14
11
6
4
2
4
5
4
3
2
2
-1
-4
-3
1
5
6
4
3
5
6
3
4
4
5
6
9
15
17
14
10
7
6
3
2
4
6
5
0
-3
-4
-4
-5
-4
-2
-2
-4
-6
-6
-6
-5
0
7
10
8
6
9
15
21
21
19
21
27
37
44
48
48
48
49
51
54
56
56
55
52
51
48
44
40
41
42
36
25
15
13
14
14
13
9
3
-5
-9
-7
-3
-2
-4
-7
-8
-10
-7
-3
1
3
2
3
2
0
-4
1
9
12
7
0
1
5
6
3
0
1
1
-3
-4
0
6
7
3
4
8
14
19
25
29
31
31
32
33
38
45
52
56
55
51
50
54
59
63
65
65
62
57
53
52
54
55
53
47
38
28
19
9
-2
-15
-28
-42
-54
-66
-77
-85
-96
-107
-117
-119
-119
-121
-123
-122
-118
-111
-106
-96
-83
-65
-48
-37
-23
-5
20
44
64
78
85
92
101
117
140
161
168
155
128
107
106
119
125
105
63
24
6
9
13
2
-22
-49
-68
-79
-86
-86
-79
-66
-56
-57
-67
-68
-51
-15
17
30
25
18
24
49
76
92
90
78
67
62
63
64
60
45
25
4
-10
-21
-30
-38
-49
-57
-68
-83
-98
-107
-106
-101
-97
-100
-105
-101
-86
-65
-50
-38
-28
-15
2
21
39
57
73
86
93
95
95
100
107
115
116
108
91
76
67
62
55
43
27
8
-10
-22
-29
-33
-39
-48
-56
-62
-67
-71
-70
-63
-55
-49
-49
-48
-41
-30
-18
-7
2
11
18
23
28
35
39
43
47
50
53
50
46
43
38
33
26
16
10
5
0
-4
-8
-16
-23
-29
-29
-28
-27
-31
-32
-28
-24
-20
-16
-9
-1
7
13
18
26
34
45
52
57
57
56
59
62
64
64
62
59
58
53
47
40
32
26
22
18
13
8
0
-6
-9
-9
-11
-16
-21
-22
-18
-15
-14
-13
-11
-5
3
8
11
15
20
26
31
36
38
38
38
36
36
37
37
35
31
26
23
21
17
13
10
7
2
-4
-10
-11
-11
-7
-7
-8
-11
-13
-11
-7
-8
-12
-15
-12
-4
0
0
5
12
20
24
26
27
30
34
39
44
45
44
42
44
47
49
48
44
37
28
23
23
26
26
25
21
16
8
3
1
2
4
-1
-6
-7
-7
-7
-8
-3
5
9
9
6
5
12
16
22
28
32
36
36
36
37
39
42
46
47
44
39
34
33
32
28
22
15
8
1
-4
-6
-7
-8
-8
-7
-6
-8
-11
-13
-12
-10
-5
1
6
9
10
13
18
21
24
26
31
34
31
26
29
37
41
38
31
28
24
21
17
15
15
13
6
-2
-8
-7
-3
0
-1
-4
-8
-9
-7
-2
2
5
9
10
11
11
14
19
25
29
30
30
31
29
26
25
22
20
16
14
15
13
7
2
2
4
3
-3
-8
-7
-2
-1
-1
1
3
6
5
4
5
7
10
15
17
20
23
28
33
34
34
34
36
37
35
32
30
29
29
30
32
32
27
23
23
25
26
24
19
15
11
6
3
3
6
6
2
-2
-3
0
3
6
7
10
14
15
15
14
17
23
27
25
23
22
24
24
24
23
22
17
14
11
12
15
14
7
4
2
2
0
-2
-2
1
4
4
4
4
5
4
4
4
4
5
5
4
6
11
13
17
19
22
25
24
21
16
15
22
27
28
24
22
22
25
20
15
12
11
9
5
2
2
6
6
5
4
4
5
7
10
13
12
5
0
4
10
15
16
14
13
13
15
16
17
22
25
26
24
23
24
26
27
27
29
31
34
35
34
32
29
27
29
30
32
29
24
18
16
19
26
28
25
18
12
9
6
6
3
4
5
4
4
5
5
5
2
0
-1
-1
2
4
4
1
-4
-2
1
4
4
3
3
5
5
4
4
6
7
9
13
15
14
13
14
16
19
20
17
13
12
14
19
22
23
25
25
24
23
23
22
22
17
14
11
13
15
14
12
12
12
9
4
1
3
6
4
0
-3
0
5
9
9
3
-1
0
7
13
14
13
13
15
16
14
13
14
15
13
8
5
6
11
16
17
14
12
13
16
16
15
13
14
14
15
13
14
14
14
13
14
15
15
16
19
23
27
26
24
23
25
26
27
30
31
29
26
24
26
30
32
31
28
27
24
24
25
27
30
31
30
27
25
26
27
26
26
26
26
27
26
25
27
28
25
22
21
23
22
14
9
11
15
15
13
11
13
12
7
4
2
3
-1
-7
-9
-8
-3
0
1
2
4
3
2
1
0
3
7
9
6
0
-1
6
13
15
10
8
10
12
12
10
10
12
12
9
10
12
13
15
17
22
23
17
10
9
13
20
23
20
15
10
9
11
14
18
20
19
12
9
13
20
25
23
19
19
21
22
21
21
21
22
21
20
20
20
21
21
21
22
21
21
20
21
21
22
25
27
28
26
24
24
27
27
25
25
26
26
27
26
26
26
24
24
25
23
20
16
13
15
16
15
14
14
14
13
13
13
11
7
3
3
6
6
5
3
4
6
5
4
3
5
6
5
4
6
10
12
10
6
3
3
8
14
18
17
16
20
25
28
26
25
26
26
26
26
26
26
26
25
26
26
26
25
27
30
32
31
28
27
25
24
24
24
25
24
24
24
26
28
30
32
30
25
18
16
20
25
26
26
25
22
19
14
14
14
16
16
15
14
15
15
15
15
15
15
14
16
15
15
15
16
15
12
8
5
4
6
10
15
16
13
7
3
3
5
6
4
3
2
1
-1
-2
2
9
14
14
15
14
14
14
14
14
12
7
2
2
4
4
2
0
-2
-3
-2
1
5
7
4
4
5
5
5
3
5
6
5
4
4
5
5
3
5
5
5
3
4
4
3
0
-3
1
9
11
8
2
0
2
5
6
4
4
4
7
5
5
8
16
22
25
24
25
27
30
31
30
26
26
29
31
32
28
24
18
16
16
21
26
28
26
23
25
29
33
32
28
24
19
17
17
18
17
17
16
17
18
16
16
17
18
18
16
17
18
18
19
21
26
28
26
25
26
27
26
24
25
22
18
13
12
16
17
14
13
14
14
8
3
2
5
6
5
3
4
2
1
-2
-1
5
11
13
13
10
11
11
12
11
10
10
9
6
5
8
15
21
23
23
24
25
25
24
25
26
26
24
23
25
26
24
22
23
23
20
18
20
25
28
22
15
14
18
24
26
26
24
24
25
25
24
24
25
26
25
24
25
25
25
23
24
25
23
20
15
12
12
14
15
15
14
14
14
14
15
15
15
15
14
14
13
14
14
14
14
14
14
15
14
14
14
15
14
14
14
14
11
7
2
3
5
6
5
4
5
6
5
4
4
6
4
3
4
6
6
3
5
8
13
14
14
15
15
14
14
14
14
14
14
14
14
14
14
14
14
14
15
12
11
8
6
6
7
6
5
3
3
5
6
4
4
4
4
5
5
5
5
7
9
14
16
16
14
14
15
14
14
13
14
16
18
22
25
26
24
24
24
26
26
24
24
25
24
23
25
25
24
24
21
16
13
13
14
16
16
14
14
14
15
14
14
13
14
14
14
13
14
14
14
14
15
13
8
3
2
4
6
6
7
11
14
16
15
13
14
15
16
15
16
19
24
26
26
24
24
25
24
22
18
13
11
13
15
15
13
14
15
14
14
15
13
10
6
2
2
4
6
6
4
5
5
5
5
4
4
4
5
4
5
4
4
4
5
4
5
5
4
4
4
5
7
10
13
13
7
2
2
7
14
15
12
8
5
3
3
3
5
5
4
4
5
6
4
4
3
3
0
-2
-3
-1
3
6
5
4
4
4
4
5
5
5
5
8
13
15
11
4
0
3
6
6
4
3
6
10
13
15
16
13
12
14
15
14
12
14
18
21
24
25
25
25
24
23
23
21
15
12
12
16
16
15
17
21
25
23
17
13
13
14
15
14
13
13
14
14
14
13
13
14
14
13
13
13
13
13
14
13
13
14
13
14
14
13
13
15
14
13
14
13
14
14
13
14
14
13
13
13
14
14
14
15
16
15
13
12
13
15
14
13
13
14
14
13
13
14
14
13
11
11
7
4
2
4
6
5
3
4
4
5
4
5
4
5
4
4
4
4
5
4
5
4
4
4
5
5
4
4
4
5
5
5
8
13
15
15
14
13
14
14
14
14
13
14
13
14
13
13
14
13
13
14
14
14
13
14
15
14
13
14
14
13
14
13
13
14
13
14
14
14
13
13
13
13
13
14
13
12
7
3
3
5
5
5
5
5
4
5
4
4
5
4
5
7
10
13
16
15
13
12
13
14
14
13
14
13
13
13
14
14
14
13
13
14
14
13
13
14
15
13
13
16
21
24
22
18
12
12
13
15
15
13
12
14
14
14
13
13
14
14
12
13
17
22
24
25
25
24
18
13
11
13
14
14
11
7
4
4
4
5
5
4
4
5
5
4
4
5
5
4
3
7
10
13
15
15
15
13
12
13
16
15
13
16
21
26
25
25
23
25
25
25
24
24
25
24
25
24
24
23
21
17
13
11
13
16
15
12
10
7
6
4
3
4
5
5
4
5
4
5
4
5
5
4
4
5
4
4
6
11
15
16
14
12
12
14
14
13
13
17
22
25
26
24
24
22
22
18
13
12
13
17
21
23
25
24
22
17
14
12
13
14
14
13
13
13
15
14
13
14
16
20
22
19
13
12
10
14
14
13
12
13
14
14
13
13
14
14
14
13
10
7
5
7
10
14
16
15
13
13
14
14
13
13
14
14
13
13
13
14
13
13
14
14
14
13
12
9
6
3
8
15
17
15
14
16
23
27
27
23
22
23
24
24
23
24
23
24
22
20
16
12
11
11
9
5
1
3
5
6
4
4
5
6
4
4
5
5
4
3
4
6
5
4
5
5
4
3
5
5
5
4
4
5
3
4
4
5
4
4
4
6
4
4
5
5
5
4
4
5
5
4
8
13
17
15
12
10
8
5
3
3
6
6
4
4
5
9
14
16
15
13
13
13
13
14
14
12
6
3
2
4
6
4
3
4
5
4
5
4
5
4
5
8
14
17
14
13
13
14
15
14
14
14
15
15
14
14
14
14
14
14
15
14
14
14
14
14
15
14
14
14
13
14
15
14
13
14
14
14
14
14
14
14
14
14
14
14
15
14
15
14
14
14
14
14
13
14
15
14
14
13
14
13
14
14
13
14
14
14
14
14
14
14
14
14
15
21
25
26
24
23
24
25
24
24
25
23
20
16
13
13
13
14
15
14
13
16
21
26
26
24
24
25
25
25
24
25
25
26
25
24
22
22
24
25
24
22
20
18
14
12
11
12
14
13
13
13
13
13
13
14
12
13
12
13
14
17
20
19
