-5
-7
-7
-1
1
5
13
25
31
31
24
17
11
0
-14
-24
-22
-11
1
5
2
-4
-4
2
9
18
26
34
39
37
24
13
6
9
18
27
33
35
36
41
44
43
35
28
24
27
24
19
15
20
31
43
49
49
45
35
23
11
3
3
10
21
34
41
38
30
24
20
24
28
31
29
24
17
8
-1
-1
4
12
15
15
13
13
12
8
1
-7
-10
-9
-8
-7
-6
-4
3
10
16
13
1
-18
-32
-34
-23
-13
-6
3
20
35
29
1
-39
-62
-67
-60
-49
-30
-2
32
55
64
62
55
46
34
19
1
-20
-35
-45
-43
-30
-12
5
16
22
27
30
28
17
4
-4
0
17
42
68
87
100
105
95
64
23
-19
-51
-73
-83
-79
-66
-49
-32
-18
-3
11
17
12
-7
-23
-24
-6
23
47
54
42
21
-2
-18
-20
-14
-8
-9
-14
-21
-25
-27
-31
-32
-29
-22
-17
-14
-13
-9
-3
1
1
-6
-12
-10
-3
5
12
22
32
33
16
-15
-45
-62
-62
-48
-23
3
26
39
47
43
29
7
-16
-26
-21
-6
12
29
39
41
43
45
49
48
40
25
10
0
-6
-11
-14
-13
-5
7
14
14
9
5
0
-4
-11
-15
-13
-9
-7
-8
-7
0
7
11
9
3
-4
-5
-3
0
3
7
13
21
24
19
8
-4
-14
-18
-20
-19
-16
-10
0
10
11
4
-6
-6
2
11
17
21
25
29
30
33
39
43
42
34
26
24
23
25
24
20
15
11
7
4
0
-2
1
9
22
37
51
62
64
52
36
22
12
6
2
4
9
15
22
29
35
40
40
36
25
5
-16
-28
-26
-17
-13
-13
-10
1
12
14
10
12
21
34
38
32
21
10
-2
-10
-13
-10
-6
-7
-12
-19
-23
-25
-27
-29
-30
-29
-29
-31
-32
-32
-27
-19
-10
1
12
19
21
23
23
20
16
7
0
-3
-4
-2
5
13
24
31
27
17
3
-10
-19
-25
-26
-17
4
29
51
68
75
72
57
33
15
9
14
20
19
11
-2
-11
-16
-17
-20
-22
-19
-14
-9
-3
4
8
4
-6
-10
0
17
29
26
17
13
13
9
-5
-19
-27
-26
-18
-9
-5
-7
-14
-20
-23
-20
-13
-2
7
8
1
-8
-9
-2
7
12
14
17
16
9
-2
-8
-3
5
9
5
-2
-11
-21
-31
-31
-19
2
23
34
39
34
26
15
7
4
9
13
15
13
13
16
22
29
32
33
33
31
23
11
0
-4
-2
2
5
5
2
1
7
20
33
40
36
24
6
-19
-44
-60
-60
-45
-22
-3
6
11
11
9
7
5
3
-3
-12
-20
-22
-20
-14
-4
9
19
27
28
28
23
12
-4
-12
-10
-3
5
7
8
8
5
-2
-7
-5
2
13
25
31
29
19
6
-4
-9
-11
-14
-16
-13
-9
-5
-4
-2
2
6
8
6
4
1
-2
-9
-13
-12
-5
5
14
22
32
37
35
22
5
-9
-16
-22
-27
-29
-24
-14
-7
1
8
16
22
26
27
22
13
0
-12
-21
-23
-17
-6
10
21
22
13
2
-5
-5
-1
6
18
32
45
57
60
58
51
44
38
33
30
28
31
36
40
43
44
43
43
38
31
20
2
-18
-40
-53
-49
-33
-12
6
24
37
39
26
8
-8
-17
-22
-21
-14
-1
14
20
17
11
5
1
-6
-13
-18
-17
-10
0
9
17
23
30
35
39
35
25
11
-4
-18
-29
-30
-20
-2
18
33
38
34
22
10
0
-8
-15
-16
-10
1
8
8
5
3
4
5
5
3
4
5
6
4
4
5
10
14
12
6
-3
-14
-23
-25
-20
-11
-3
-1
-3
-7
-8
-8
-6
-4
-1
5
14
26
37
42
41
35
31
25
18
7
-3
-7
-4
1
4
4
3
4
6
5
3
5
10
17
26
33
40
42
40
30
13
-4
-14
-14
-10
-9
-8
-3
11
25
33
32
28
27
29
35
42
49
53
49
36
17
-2
-17
-21
-16
-9
-4
1
6
7
7
6
13
26
42
49
44
33
22
10
-2
-15
-22
-18
-9
1
9
12
14
16
16
14
9
5
4
11
23
38
52
60
61
55
49
37
27
16
8
4
-1
-3
-2
4
14
26
35
35
31
19
7
0
2
6
9
11
15
20
20
9
-10
-30
-50
-68
-72
-59
-25
13
43
60
68
70
63
49
33
21
16
19
23
22
19
17
24
35
40
37
32
26
15
-3
-25
-44
-54
-54
-46
-31
-13
3
16
25
29
25
17
9
7
8
9
6
4
4
2
-4
-16
-27
-35
-40
-40
-32
-21
-7
3
6
5
5
6
6
4
4
5
5
4
4
7
11
14
13
10
1
-8
-14
-15
-15
-15
-15
-16
-17
-19
-18
-12
-1
15
34
50
58
53
36
19
6
0
0
3
5
4
-1
-9
-15
-13
3
25
44
48
48
47
51
52
50
44
35
24
8
-7
-16
-13
-2
10
16
10
1
-3
-3
-1
1
2
5
5
4
4
8
16
26
38
45
41
26
8
-4
-7
-10
-14
-14
-5
11
22
21
10
-3
-10
-7
5
21
33
38
38
38
40
47
50
48
43
36
32
29
22
10
-4
-19
-28
-31
-21
2
29
43
39
20
-1
-14
-16
-9
2
12
18
19
14
4
-7
-13
-17
-15
-11
-6
1
5
-5
-25
-47
-66
-72
-66
-45
-9
32
65
81
79
66
47
23
2
-12
-17
-16
-13
-13
-14
-19
-29
-41
-47
-44
-34
-23
-9
9
32
49
55
47
39
34
32
29
28
32
39
40
34
26
23
18
11
-2
-14
-21
-19
-12
-4
8
21
31
33
21
-2
-29
-49
-59
-55
-41
-27
-18
-17
-20
-19
-15
-10
-10
-10
-8
-7
-11
-20
-29
-32
-31
-31
-32
-31
-27
-22
-16
-6
8
27
43
48
45
34
22
14
16
23
27
28
23
19
15
11
2
-9
-16
-18
-15
-10
-4
7
17
22
22
21
17
11
-1
-13
-19
-14
-4
8
19
25
29
30
32
34
32
24
12
2
-5
-8
-10
-12
-13
-19
-24
-24
-17
-4
14
33
48
57
59
56
50
47
48
53
56
50
33
13
0
-4
-5
-2
1
6
11
11
5
0
-5
-7
-9
-12
-13
-10
-9
-16
-27
-32
-25
-9
4
7
3
-2
-9
-18
-22
-10
10
30
40
42
36
28
24
26
36
48
54
54
46
33
14
-3
-11
-2
19
43
63
71
71
65
53
38
22
5
-10
-22
-28
-24
-18
-16
-23
-26
-24
-17
-13
-6
8
25
37
34
27
24
27
30
25
12
-2
-10
-13
-17
-23
-32
-36
-38
-38
-33
-19
5
33
59
74
79
67
40
4
-32
-58
-67
-57
-33
-9
5
9
7
-2
-18
-32
-33
-21
-11
-3
8
22
29
25
23
34
48
54
41
23
12
7
2
-7
-19
-23
-19
-8
2
9
16
27
36
37
30
23
26
37
50
60
66
65
52
27
-8
-45
-70
-79
-67
-53
-44
-39
-30
-12
7
25
35
37
33
26
20
14
3
-13
-28
-36
-36
-33
-27
-18
-4
8
13
10
0
-13
-26
-30
-21
-3
17
31
41
45
36
17
-5
-23
-36
-42
-43
-30
-16
-7
-1
10
28
48
61
65
59
42
16
-11
-25
-25
-16
-12
-6
0
6
2
-11
-23
-25
-15
3
18
35
49
61
66
64
56
47
36
25
10
-7
-24
-40
-51
-55
-53
-42
-26
-8
9
23
34
39
40
37
31
24
11
-2
-14
-24
-31
-33
-31
-23
-18
-16
-15
-17
-19
-20
-17
-5
13
28
42
52
59
56
43
25
12
1
-15
-33
-45
-47
-44
-39
-31
-17
-3
5
5
0
-2
-2
0
9
21
31
35
36
33
28
19
6
-2
-5
-2
4
14
21
26
25
20
14
8
4
4
10
15
13
5
-8
-18
-22
-15
2
21
34
40
43
43
31
4
-33
-64
-80
-80
-68
-48
-27
-6
15
36
63
90
108
110
91
60
30
10
0
-4
-5
2
15
23
20
7
-3
-1
9
17
17
9
0
-8
-13
-12
-2
11
17
14
9
9
13
13
11
10
12
13
11
6
-1
-9
-14
-11
1
4
-8
-30
-45
-53
-59
-67
-67
-53
-33
-18
-13
-13
-9
-2
7
14
14
8
6
8
10
1
-11
-22
-27
-31
-32
-24
2
34
63
76
80
81
84
85
78
64
45
26
11
1
-2
-3
2
11
22
33
39
43
52
67
83
92
99
102
102
95
79
55
26
-2
-29
-47
-58
-66
-74
-81
-84
-84
-82
-78
-72
-65
-63
-68
-79
-94
-105
-107
-104
-100
-94
-85
-69
-56
-53
-58
-58
-53
-44
-35
-22
-8
8
18
22
23
28
33
34
32
31
30
29
30
31
29
23
18
20
31
51
78
110
148
184
208
221
230
237
238
232
219
199
169
130
91
55
24
-8
-31
-35
-19
0
11
13
10
0
-27
-63
-92
-111
-129
-159
-193
-219
-233
-234
-224
-199
-161
-121
-90
-60
-28
7
33
49
55
55
50
36
16
-2
-18
-31
-40
-40
-25
5
40
74
113
159
205
238
252
253
246
229
195
144
87
30
-25
-81
-132
-170
-193
-203
-198
-179
-148
-116
-93
-83
-81
-80
-82
-93
-115
-145
-181
-214
-238
-250
-250
-239
-211
-167
-113
-60
-11
35
71
85
72
42
4
-43
-101
-157
-188
-192
-182
-158
-104
5
159
326
484
625
747
835
864
834
762
672
559
412
247
93
-25
-103
-149
-172
-168
-139
-94
-39
18
72
114
134
117
52
-54
-174
-295
-416
-537
-635
-679
-659
-603
-531
-440
-316
-173
-46
48
116
169
198
190
153
106
52
-12
-79
-126
-142
-136
-114
-61
33
150
246
299
330
360
381
372
328
271
208
133
36
-64
-141
-193
-227
-241
-223
-171
-103
-31
52
143
222
265
266
242
203
144
65
-18
-88
-147
-197
-229
-231
-201
-155
-104
-38
43
118
167
187
186
163
112
37
-41
-107
-178
-268
-359
-420
-432
-410
-373
-321
-246
-159
-78
-12
44
85
100
78
21
-64
-170
-288
-394
-471
-510
-509
-457
-354
-207
-28
173
389
600
785
928
1032
1092
1093
1022
890
730
565
399
234
91
-2
-37
-34
-14
27
101
192
266
300
300
278
215
89
-86
-267
-427
-575
-721
-842
-894
-875
-812
-727
-605
-429
-226
-44
95
193
252
254
197
106
19
-61
-146
-229
-279
-278
-236
-170
-77
51
193
310
389
453
517
558
540
457
343
224
98
-32
-148
-223
-254
-258
-233
-158
-28
121
243
326
381
416
415
356
245
105
-51
-216
-373
-494
-561
-583
-567
-508
-405
-274
-138
-1
132
244
308
315
274
198
85
-56
-203
-332
-434
-502
-524
-492
-410
-297
-174
-53
52
130
165
146
64
-73
-245
-426
-597
-739
-830
-856
-811
-693
-492
-211
126
483
838
1175
1457
1648
1725
1703
1604
1427
1173
867
553
261
3
-212
-354
-395
-324
-161
44
235
387
496
554
535
435
280
102
-115
-392
-701
-967
-1158
-1295
-1385
-1379
-1238
-1007
-772
-548
-294
-19
194
292
317
324
301
199
32
-130
-252
-353
-438
-463
-390
-252
-93
80
287
505
671
763
809
834
814
721
559
368
170
-29
-213
-355
-422
-412
-334
-203
-42
125
278
407
502
554
557
496
368
180
-42
-262
-464
-645
-791
-867
-850
-758
-618
-446
-241
-18
182
315
372
370
321
223
65
-152
-402
-653
-871
-1034
-1122
-1118
-1029
-892
-755
-635
-523
-416
-344
-344
-419
-550
-715
-901
-1090
-1239
-1306
-1265
-1087
-761
-309
220
803
1445
2117
2729
3196
3515
3730
3841
3787
3543
3152
2674
2142
1591
1092
716
474
334
270
261
279
304
344
404
428
332
101
-218
-587
-1020
-1507
-1986
-2393
-2711
-2925
-2984
-2864
-2628
-2353
-2046
-1669
-1246
-874
-590
-345
-109
40
18
-132
-284
-369
-408
-428
-398
-284
-95
155
475
861
1251
1561
1757
1866
1914
1881
1719
1410
1009
612
284
18
-222
-429
-546
-535
-423
-266
-87
118
329
501
608
657
634
497
246
-51
-316
-550
-795
-1030
-1174
-1174
-1064
-909
-725
-483
-192
86
305
465
560
552
408
151
-150
-452
-759
-1067
-1322
-1471
-1523
-1526
-1505
-1429
-1283
-1110
-967
-860
-770
-725
-784
-955
-1170
-1352
-1489
-1584
-1580
-1414
-1065
-575
24
715
1461
2197
2886
3525
4078
4452
4590
4522
4306
3940
3408
2776
2170
1653
1198
784
476
336
326
334
309
299
364
462
473
315
4
-378
-770
-1174
-1600
-2022
-2389
-2675
-2870
-2957
-2900
-2696
-2386
-2016
-1602
-1148
-692
-283
51
290
410
403
323
236
157
51
-66
-121
-83
9
120
295
570
882
1119
1258
1362
1445
1426
1257
993
718
434
110
-233
-521
-717
-831
-861
-785
-620
-425
-218
54
397
708
862
848
750
619
428
148
-194
-539
-855
-1122
-1304
-1369
-1324
-1193
-981
-694
-373
-80
147
308
384
344
176
-84
-385
-691
-980
-1231
-1426
-1558
-1628
-1625
-1549
-1419
-1266
-1112
-964
-845
-774
-769
-844
-995
-1183
-1335
-1398
-1361
-1225
-959
-523
57
710
1410
2179
2991
3717
4235
4541
4695
4693
4469
4026
3482
2942
2416
1856
1296
839
554
424
378
364
368
402
471
530
517
396
170
-148
-557
-1052
-1577
-2081
-2541
-2939
-3210
-3289
-3197
-3020
-2781
-2420
-1920
-1388
-956
-635
-355
-105
50
80
41
-12
-92
-204
-283
-249
-107
79
276
504
772
1038
1250
1408
1530
1598
1565
1422
1217
1003
778
505
193
-85
-255
-318
-322
-303
-261
-185
-81
52
217
386
501
525
474
364
192
-47
-314
-551
-745
-916
-1065
-1161
-1176
-1109
-963
-744
-485
-247
-72
46
118
124
37
-141
-376
-643
-915
-1159
-1346
-1467
-1526
-1522
-1458
-1357
-1236
-1089
-903
-713
-607
-646
-812
-1024
-1217
-1381
-1523
-1610
-1574
-1358
-965
-435
208
958
1777
2588
3343
4049
4679
5112
5227
5054
4731
4319
3754
3011
2227
1571
1078
669
316
86
23
93
231
402
556
617
539
334
38
-343
-792
-1254
-1679
-2080
-2490
-2891
-3188
-3301
-3224
-3001
-2667
-2236
-1734
-1224
-772
-408
-128
69
163
148
73
5
-52
-152
-312
-452
-461
-302
-41
242
519
799
1086
1359
1571
1679
1667
1562
1386
1128
777
381
25
-261
-511
-729
-849
-809
-646
-441
-220
44
342
602
749
772
695
537
315
60
-211
-485
-741
-918
-952
-857
-713
-590
-473
-294
-36
223
394
463
464
407
245
-40
-386
-701
-957
-1178
-1380
-1531
-1590
-1541
-1405
-1221
-1043
-910
-817
-743
-700
-740
-904
-1173
-1478
-1749
-1923
-1953
-1821
-1544
-1139
-596
85
865
1682
2502
3286
3958
4422
4655
4717
4658
4465
4104
3597
3011
2415
1852
1365
986
713
526
431
441
529
613
621
544
407
217
-37
-360
-744
-1180
-1653
-2119
-2515
-2794
-2945
-2969
-2859
-2614
-2254
-1842
-1439
-1062
-688
-312
7
203
262
229
141
1
-185
-360
-469
-516
-527
-478
-315
-37
289
607
923
1230
1468
1580
1590
1552
1451
1220
867
504
225
10
-202
-390
-461
-395
-289
-226
-170
-28
190
349
346
238
135
48
-119
-404
-700
-879
-940
-980
-1028
-1008
-848
-595
-345
-138
56
249
386
408
314
144
-66
-314
-594
-884
-1156
-1381
-1529
-1578
-1527
-1393
-1204
-996
-807
-677
-623
-648
-752
-936
-1192
-1467
-1684
-1795
-1789
-1658
-1377
-917
-299
430
1233
2085
2939
3712
4323
4738
4957
4986
4829
4507
4044
3455
2781
2110
1541
1105
763
488
307
267
347
480
604
695
734
686
532
263
-119
-606
-1169
-1749
-2289
-2748
-3101
-3312
-3351
-3219
-2953
-2602
-2198
-1754
-1288
-839
-439
-115
120
243
257
196
107
9
-98
-188
-215
-155
-36
126
352
651
967
1220
1383
1492
1555
1529
1384
1150
872
564
236
-52
-237
-309
-319
-304
-252
-150
-10
150
320
472
556
546
467
345
167
-101
-448
-795
-1062
-1217
-1280
-1277
-1200
-1026
-754
-430
-115
160
393
575
663
616
431
157
-135
-395
-615
-813
-997
-1129
-1161
-1104
-1024
-978
-958
-930
-914
-951
-1043
-1154
-1280
-1449
-1655
-1822
-1872
-1785
-1571
-1211
-675
6
750
1497
2250
3008
3701
4228
4535
4642
4592
4392
4032
3531
2968
2428
1947
1524
1184
969
873
817
735
658
662
737
771
689
526
335
78
-325
-855
-1394
-1857
-2261
-2619
-2872
-2959
-2912
-2814
-2667
-2400
-1993
-1526
-1093
-711
-373
-131
-40
-63
-101
-110
-147
-244
-336
-335
-241
-120
15
207
459
711
914
1090
1266
1392
1399
1288
1131
977
800
573
322
101
-62
-162
-195
-161
-82
18
133
256
350
373
327
252
170
45
-155
-404
-637
-819
-952
-1045
-1075
-1007
-832
-584
-316
-62
160
344
457
451
313
95
-121
-297
-462
-643
-811
-913
-933
-913
-890
-857
-801
-744
-734
-777
-856
-961
-1112
-1310
-1520
-1696
-1815
-1853
-1764
-1493
-1053
-510
84
727
1428
2151
2820
3380
3815
4112
4245
4201
4006
3705
3322
2858
2339
1835
1424
1128
912
751
668
696
799
889
901
840
750
646
493
238
-152
-655
-1199
-1696
-2098
-2410
-2648
-2792
-2803
-2676
-2437
-2118
-1735
-1325
-949
-653
-435
-263
-124
-30
9
-4
-61
-145
-229
-275
-252
-163
-19
167
394
630
841
1027
1214
1389
1485
1444
1281
1076
878
673
434
174
-61
-230
-308
-300
-239
-169
-109
-33
63
130
121
53
-30
-135
-323
-593
-864
-1057
-1168
-1216
-1177
-1009
-739
-456
-222
-28
143
266
318
308
268
216
139
22
-138
-331
-532
-715
-866
-962
-971
-881
-746
-658
-661
-720
-791
-891
-1059
-1275
-1477
-1620
-1692
-1671
-1535
-1297
-1001
-636
-134
527
1263
1969
2615
3233
3790
4185
4349
4319
4170
3927
3567
3096
2565
2047
1586
1210
929
745
654
650
717
821
926
997
1017
951
757
414
-53
-600
-1193
-1789
-2333
-2764
-3055
-3210
-3227
-3087
-2795
-2415
-2024
-1633
-1202
-731
-304
-16
137
225
284
267
141
-44
-184
-236
-229
-195
-121
19
219
445
676
897
1081
1196
1243
1256
1247
1176
999
726
430
173
-30
-188
-292
-321
-284
-201
-95
14
96
113
76
27
-17
-91
-227
-392
-525
-614
-675
-702
-656
-543
-417
-322
-230
-101
45
131
111
18
-85
-164
-224
-294
-395
-520
-633
-711
-762
-809
-851
-868
-865
-884
-958
-1081
-1224
-1375
-1526
-1660
-1756
-1807
-1804
-1721
-1517
-1169
-699
-146
459
1114
1820
2532
3166
3667
4043
4308
4421
4331
4063
3716
3330
2866
2306
1753
1330
1031
769
529
390
377
399
355
268
221
220
179
26
-241
-574
-934
-1284
-1611
-1922
-2224
-2471
-2596
-2572
-2436
-2231
-1964
-1642
-1302
-993
-727
-493
-280
-97
38
120
145
124
79
16
-63
-118
-72
103
335
521
654
812
1022
1195
1219
1099
940
813
702
554
353
125
-88
-249
-340
-383
-399
-378
-281
-123
8
40
-5
-51
-82
-154
-295
-448
-545
-593
-634
-666
-636
-528
-387
-250
-104
63
218
304
307
265
224
185
128
31
-106
-251
-365
-428
-462
-498
-547
-595
-644
-719
-846
-1019
-1205
-1376
-1533
-1687
-1812
-1849
-1746
-1511
-1194
-818
-345
259
950
1632
2256
2842
3397
3846
4097
4136
4026
3815
3499
3079
2584
2070
1567
1100
704
398
190
87
106
228
380
472
483
451
404
323
156
-140
-569
-1078
-1580
-2009
-2352
-2617
-2789
-2831
-2740
-2555
-2304
-1984
-1589
-1152
-727
-340
9
300
495
570
554
492
416
348
307
286
262
223
213
290
453
647
807
921
992
1013
987
940
891
803
632
394
165
-17
-184
-374
-551
-651
-666
-659
-674
-701
-721
-740
-770
-790
-773
-709
-619
-528
-454
-402
-367
-326
-277
-236
-213
-181
-100
12
94
101
61
28
37
94
168
205
151
11
-144
-257
-359
-524
-772
-1037
-1254
-1421
-1561
-1665
-1706
-1668
-1557
-1361
-1062
-666
-200
321
891
1480
2033
2522
2949
3303
3531
3605
3562
3464
3294
3004
2608
2204
1862
1558
1239
933
726
638
601
542
462
400
361
319
257
147
-43
-330
-664
-978
-1252
-1510
-1766
-1992
-2156
-2256
-2298
-2269
-2167
-2013
-1812
-1540
-1196
-847
-570
-355
-144
77
247
327
359
408
471
509
527
561
615
647
650
679
765
864
907
892
867
859
845
788
670
499
302
125
-7
-112
-236
-383
-523
-640
-755
-880
-984
-1031
-1030
-1008
-969
-886
-762
-643
-565
-514
-444
-330
-202
-109
-79
-92
-106
-89
-61
-49
-45
-10
70
149
166
123
77
69
79
55
-33
-186
-400
-670
-968
-1251
-1482
-1653
-1761
-1793
-1718
-1522
-1219
-834
-381
142
735
1367
1981
2520
2968
3327
3573
3656
3566
3356
3091
2767
2340
1842
1391
1071
849
651
481
425
498
593
616
586
568
551
451
227
-69
-378
-700
-1050
-1398
-1690
-1906
-2057
-2151
-2178
-2134
-2014
-1809
-1534
-1238
-971
-741
-546
-410
-342
-287
-181
-46
26
14
16
108
231
295
330
440
639
831
958
1062
1168
1215
1149
1036
954
868
688
438
237
140
58
-101
-302
-462
-568
-666
-777
-876
-958
-1056
-1169
-1249
-1268
-1239
-1187
-1108
-989
-853
-733
-625
-501
-353
-209
-102
-39
-8
0
-12
-26
-15
33
107
183
240
276
290
272
214
115
-19
-187
-392
-631
-895
-1160
-1394
-1556
-1608
-1529
-1322
-1003
-582
-74
486
1066
1649
2220
2756
3211
3553
3768
3840
3744
3478
3086
2639
2181
1721
1263
847
527
349
291
290
279
249
246
307
397
422
316
95
-185
-492
-814
-1142
-1454
-1742
-2001
-2211
-2324
-2319
-2223
-2079
-1891
-1621
-1264
-874
-520
-230
11
202
320
362
355
308
207
75
2
66
231
398
518
652
851
1069
1219
1282
1305
1320
1304
1232
1108
936
708
445
200
3
-176
-369
-563
-715
-812
-888
-960
-1020
-1043
-1042
-1044
-1070
-1119
-1178
-1223
-1240
-1236
-1212
-1158
-1055
-916
-785
-677
-568
-421
-253
-105
-2
72
142
213
264
291
286
241
140
-27
-244
-481
-706
-899
-1047
-1153
-1213
-1231
-1181
-1027
-757
-390
40
535
1106
1711
2267
2715
3063
3344
3540
3601
3525
3358
3139
2864
2515
2115
1717
1343
987
646
364
197
153
174
182
160
152
180
183
71
-169
-459
-727
-992
-1307
-1669
-2000
-2235
-2366
-2406
-2339
-2142
-1835
-1470
-1092
-725
-390
-114
79
197
253
266
235
164
62
-38
-99
-92
-27
71
195
353
545
748
941
1125
1302
1447
1515
1479
1356
1189
1002
790
529
215
-110
-375
-564
-721
-903
-1098
-1240
-1293
-1289
-1280
-1287
-1289
-1275
-1240
-1186
-1104
-1004
-889
-780
-705
-683
-691
-670
-582
-453
-337
-236
-118
18
135
207
258
311
334
275
135
-27
-180
-336
-524
-729
-897
-982
-975
-900
-769
-569
-281
103
560
1058
1577
2099
2592
3016
3345
3573
3691
3676
3520
3260
2938
2566
2136
1666
1217
826
495
224
57
25
81
118
88
38
12
-35
-182
-411
-634
-815
-1047
-1406
-1816
-2119
-2260
-2326
-2394
-2404
-2262
-1979
-1661
-1362
-1035
-651
-284
-35
76
116
133
124
87
59
62
73
75
103
209
394
604
797
989
1209
1443
1637
1751
1789
1770
1703
1577
1387
1150
886
598
266
-106
-468
-758
-955
-1096
-1212
-1286
-1266
-1147
-983
-842
-745
-670
-613
-605
-673
-794
-918
-1013
-1083
-1144
-1186
-1181
-1113
-996
-860
-734
-618
-482
-314
-153
-78
-135
-284
-451
-596
-741
-912
-1102
-1273
-1395
-1450
-1413
-1255
-961
-541
-29
534
1121
1717
2306
2851
3303
3644
3872
3985
3952
3772
3481
3140
2757
2322
1866
1469
1179
961
751
549
406
354
349
328
254
133
-25
-218
-439
-669
-894
-1134
-1415
-1709
-1928
-2018
-2023
-2022
-2002
-1874
-1608
-1325
-1139
-1011
-817
-540
-302
-184
-121
-17
101
138
83
29
37
72
99
160
298
479
637
767
913
1080
1220
1309
1378
1427
1404
1271
1074
888
706
463
150
-164
-417
-636
-863
-1076
-1205
-1224
-1182
-1118
-1022
-880
-741
-682
-728
-830
-925
-1009
-1109
-1225
-1306
-1305
-1231
-1135
-1030
-873
-619
-307
-27
162
266
299
239
67
-184
-447
-702
-967
-1242
-1483
-1642
-1705
-1660
-1477
-1141
-688
-160
424
1063
1719
2329
2868
3347
3754
4031
4118
4010
3745
3375
2951
2527
2131
1744
1347
971
663
432
247
110
54
82
119
102
53
15
-45
-221
-533
-890
-1203
-1479
-1758
-2015
-2186
-2253
-2251
-2187
-2026
-1772
-1497
-1244
-966
-606
-214
87
236
288
319
327
281
182
69
-24
-84
-88
0
173
374
558
723
908
1132
1358
1523
1596
1591
1531
1406
1175
836
460
123
-169
-460
-762
-1015
-1164
-1217
-1222
-1199
-1131
-1017
-882
-762
-670
-617
-620
-680
-775
-884
-1001
-1121
-1222
-1265
-1227
-1110
-933
-713
-457
-182
73
261
355
368
321
222
61
-170
-463
-796
-1140
-1445
-1653
-1724
-1655
-1451
-1118
-663
-104
530
1220
1920
2559
3075
3463
3748
3917
3922
3759
3496
3196
2843
2395
1876
1394
1018
713
413
133
-43
-67
-2
38
20
-17
-28
-64
-202
-445
-715
-973
-1262
-1626
-1998
-2270
-2417
-2497
-2515
-2382
-2073
-1717
-1452
-1237
-922
-489
-99
111
184
237
288
277
201
141
144
161
138
114
173
346
595
864
1130
1382
1601
1747
1798
1767
1674
1515
1257
895
493
127
-197
-532
-893
-1208
-1390
-1431
-1381
-1270
-1107
-932
-804
-733
-668
-582
-525
-567
-695
-829
-930
-1014
-1100
-1150
-1126
-1024
-867
-666
-427
-178
34
188
280
307
256
133
-52
-297
-600
-932
-1232
-1446
-1557
-1560
-1444
-1204
-855
-415
125
770
1479
2163
2760
3252
3628
3845
3860
3683
3375
2994
2558
2075
1582
1136
780
507
298
161
124
180
256
293
303
339
368
270
-26
-433
-804
-1125
-1499
-1956
-2363
-2586
-2655
-2678
-2655
-2487
-2161
-1788
-1454
-1102
-663
-199
161
382
527
623
622
518
383
281
187
72
-9
25
181
393
634
938
1317
1701
2003
2186
2267
2248
2107
1827
1414
916
401
-87
-546
-999
-1429
-1769
-1951
-1978
-1900
-1762
-1575
-1347
-1099
-868
-690
-586
-559
-592
-681
-844
-1071
-1292
-1420
-1444
-1412
-1346
-1201
-952
-657
-396
-176
44
245
349
323
218
91
-80
-328
-617
-865
-1025
-1098
-1063
-871
-501
-5
542
1101
1666
2224
2744
3182
3491
3620
3558
3362
3118
2854
2515
2051
1520
1053
719
462
208
-18
-123
-86
-8
29
57
133
195
101
-175
-506
-786
-1069
-1461
-1904
-2231
-2389
-2496
-2621
-2647
-2434
-2041
-1662
-1363
-1030
-579
-111
210
366
450
517
512
401
242
113
33
-25
-56
-13
134
362
621
887
1165
1456
1729
1928
2004
1956
1797
1540
1186
753
293
-155
-579
-978
-1320
-1548
-1630
-1586
-1462
-1283
-1061
-818
-595
-427
-325
-300
-369
-541
-783
-1027
-1224
-1367
-1474
-1543
-1549
-1459
-1258
-964
-631
-316
-50
163
312
360
292
130
-85
-335
-613
-874
-1034
-1046
-937
-746
-459
-27
546
1173
1776
2339
2878
3367
3727
3889
3831
3595
3248
2842
2394
1909
1417
966
583
247
-36
-214
-241
-161
-76
-21
48
149
183
50
-222
-503
-742
-1043
-1489
-1999
-2395
-2617
-2750
-2862
-2890
-2727
-2387
-1997
-1623
-1215
-731
-249
106
299
406
472
471
387
293
254
237
166
60
41
183
425
658
865
1110
1408
1682
1840
1860
1783
1642
1423
1105
698
246
-207
-631
-1002
-1283
-1439
-1465
-1404
-1287
-1104
-832
-513
-232
-49
51
98
63
-101
-372
-660
-895
-1077
-1238
-1363
-1404
-1327
-1140
-886
-615
-355
-127
47
127
80
-77
-287
-513
-757
-1014
-1213
-1273
-1180
-976
-672
-215
411
1130
1828
2462
3050
3569
3914
4007
3872
3622
3327
2966
2483
1893
1302
811
443
137
-138
-336
-369
-232
-50
34
-4
-65
-77
-95
-236
-531
-910
-1298
-1688
-2080
-2424
-2655
-2765
-2807
-2788
-2659
-2373
-1963
-1503
-1043
-607
-218
95
326
496
615
664
624
516
376
235
122
94
200
416
645
815
956
1148
1398
1610
1692
1636
1501
1322
1079
751
359
-62
-482
-878
-1218
-1472
-1619
-1645
-1553
-1380
-1179
-976
-760
-523
-304
-159
-112
-138
-216
-342
-511
-689
-834
-922
-939
-879
-757
-602
-421
-210
13
173
213
157
82
9
-116
-333
-587
-782
-873
-877
-792
-570
-169
379
993
1610
2220
2809
3314
3661
3808
3778
3629
3386
3027
2530
1929
1326
829
446
104
-231
-487
-563
-476
-356
-282
-210
-84
31
2
-198
-467
-734
-1058
-1507
-2013
-2420
-2669
-2830
-2956
-2978
-2804
-2467
-2079
-1683
-1223
-685
-189
148
345
504
631
621
431
197
93
135
187
179
186
315
548
794
1028
1296
1592
1825
1925
1910
1826
1646
1313
846
348
-105
-532
-961
-1355
-1637
-1771
-1796
-1750
-1621
-1377
-1035
-681
-404
-238
-139
-59
-16
-80
-269
-513
-712
-839
-942
-1040
-1080
-1004
-821
-598
-377
-161
34
161
173
76
-84
-266
-448
-594
-658
-622
-488
-258
96
588
1187
1813
2409
2958
3443
3808
3987
3960
3762
3435
3004
2479
1896
1312
783
336
-41
-350
-544
-574
-477
-362
-301
-242
-130
-33
-85
-308
-590
-861
-1186
-1628
-2104
-2481
-2746
-2960
-3099
-3048
-2777
-2400
-2014
-1591
-1089
-586
-197
72
306
511
593
521
397
333
324
300
261
287
437
676
930
1154
1363
1583
1800
1930
1899
1713
1469
1237
979
611
121
-403
-870
-1248
-1544
-1752
-1849
-1830
-1705
-1507
-1277
-1051
-845
-674
-553
-493
-488
-531
-635
-816
-1040
-1219
-1305
-1328
-1332
-1296
-1156
-916
-652
-428
-235
-55
95
175
177
123
35
-53
-72
31
241
518
857
1295
1829
2375
2858
3260
3602
3854
3967
3931
3780
3515
3093
2524
1918
1410
1010
620
186
-207
-431
-472
-447
-443
-423
-321
-199
-209
-414
-700
-932
-1131
-1417
-1814
-2204
-2483
-2674
-2843
-2940
-2860
-2595
-2263
-1953
-1635
-1243
-805
-406
-77
212
460
612
634
571
497
443
416
436
521
651
779
892
1033
1221
1410
1510
1496
1422
1340
1230
1015
661
237
-161
-492
-795
-1094
-1356
-1521
-1588
-1589
-1536
-1412
-1226
-1040
-907
-824
-762
-721
-727
-775
-832
-885
-952
-1047
-1134
-1180
-1176
-1139
-1070
-963
-834
-703
-569
-429
-307
-240
-216
-160
-18
193
425
685
1022
1441
1882
2290
2672
3052
3404
3669
3822
3876
3824
3619
3251
2796
2365
1986
1598
1155
704
354
148
26
-103
-257
-382
-432
-458
-550
-731
-944
-1134
-1328
-1589
-1901
-2184
-2383
-2527
-2643
-2674
-2557
-2317
-2056
-1813
-1543
-1206
-870
-632
-489
-355
-186
-38
23
34
75
170
270
355
470
652
860
1041
1202
1392
1588
1698
1668
1548
1395
1187
869
467
75
-253
-545
-828
-1058
-1186
-1235
-1260
-1266
-1204
-1077
-958
-908
-907
-903
-898
-936
-1020
-1105
-1162
-1195
-1216
-1206
-1147
-1063
-986
-907
-797
-673
-593
-584
-610
-619
-601
-566
-478
-287
3
341
711
1151
1681
2235
2737
3176
3573
3880
4003
3935
3772
3587
3341
2977
2546
2147
1804
1448
1048
679
416
254
148
95
96
103
29
-141
-344
-534
-751
-1057
-1436
-1805
-2092
-2298
-2480
-2662
-2795
-2787
-2599
-2290
-1959
-1650
-1339
-1015
-729
-527
-384
-236
-81
21
33
-2
-18
13
85
200
369
569
770
960
1138
1279
1346
1326
1245
1120
935
670
349
24
-272
-550
-821
-1051
-1174
-1166
-1080
-999
-937
-832
-647
-452
-353
-373
-444
-515
-616
-776
-956
-1089
-1162
-1207
-1227
-1196
-1117
-1030
-949
-850
-725
-614
-547
-504
-442
-357
-251
-100
130
422
738
1073
1452
1879
2311
2709
3055
3321
3472
3512
3489
3423
3265
2968
2580
2186
1816
1436
1057
752
560
425
288
171
130
119
26
-187
-430
-611
-768
-1014
-1379
-1764
-2064
-2281
-2498
-2737
-2902
-2882
-2674
-2368
-2047
-1714
-1350
-988
-681
-436
-206
10
163
214
200
192
223
285
359
445
532
624
753
935
1128
1248
1263
1213
1140
1026
837
589
331
91
-134
-344
-525
-669
-790
-886
-932
-919
-872
-831
-808
-792
-778
-778
-809
-864
-912
-937
-956
-987
-1009
-977
-881
-782
-745
-764
-778
-762
-770
-838
-917
-926
-844
-710
-540
-294
66
521
1019
1522
2019
2497
2922
3258
3478
3571
3550
3437
3233
2921
2499
2032
1601
1250
964
739
591
528
504
458
384
322
285
226
82
-143
-397
-646
-920
-1251
-1597
-1874
-2045
-2156
-2248
-2292
-2217
-2019
-1761
-1498
-1226
-934
-652
-427
-281
-198
-160
-163
-200
-254
-304
-320
-270
-141
41
240
443
647
837
992
1108
1184
1198
1109
906
632
334
24
-304
-623
-870
-1010
-1060
-1062
-1039
-987
-896
-778
-666
-581
-520
-477
-459
-484
-563
-677
-790
-879
-938
-956
-922
-840
-741
-645
-562
-493
-455
-461
-489
-485
-411
-277
-112
77
316
639
1037
1456
1848
2204
2548
2873
3123
3243
3234
3142
2987
2735
2365
1918
1470
1060
683
357
124
1
-46
-64
-69
-50
-25
-45
-140
-297
-484
-688
-918
-1178
-1450
-1699
-1895
-2036
-2121
-2123
-2001
-1761
-1475
-1210
-946
-634
-304
-71
10
25
71
122
79
-53
-143
-112
-14
65
145
290
482
638
731
811
896
929
858
721
580
427
206
-97
-432
-737
-985
-1159
-1250
-1256
-1190
-1073
-930
-797
-691
-585
-454
-338
-320
-430
-590
-702
-757
-821
-926
-1019
-1038
-972
-863
-747
-629
-503
-363
-201
-20
160
327
501
721
1010
1336
1646
1921
2190
2477
2759
2975
3085
3112
3091
3007
2813
2489
2096
1713
1356
983
586
233
2
-107
-163
-206
-217
-186
-164
-212
-315
-421
-531
-720
-1029
-1389
-1682
-1875
-2032
-2195
-2313
-2290
-2108
-1834
-1539
-1235
-904
-556
-231
33
217
313
317
260
200
173
156
102
18
-16
63
218
354
437
524
656
770
772
656
503
348
126
-205
-576
-872
-1065
-1210
-1333
-1380
-1302
-1141
-986
-869
-751
-597
-447
-367
-378
-433
-481
-522
-590
-695
-811
-902
-953
-954
-896
-787
-656
-522
-354
-120
155
412
636
879
1190
1536
1857
2127
2359
2558
2712
2815
2855
2809
2681
2522
2379
2213
1943
1587
1265
1052
869
616
330
140
63
-12
-154
-292
-353
-388
-499
-691
-884
-1067
-1302
-1610
-1896
-2065
-2129
-2168
-2205
-2182
-2046
-1819
-1555
-1274
-968
-639
-323
-63
129
270
389
498
592
669
736
796
836
853
862
881
899
899
875
831
752
607
400
174
-30
-235
-483
-763
-1019
-1202
-1318
-1399
-1455
-1465
-1419
-1323
-1200
-1064
-933
-835
-798
-812
-847
-878
-912
-963
-1022
-1055
-1044
-989
-909
-811
-702
-588
-460
-291
-61
219
520
830
1165
1528
1889
2214
2486
2708
2889
3028
3114
3128
3058
2918
2734
2516
2256
1949
1616
1267
900
531
218
22
-80
-173
-296
-403
-452
-483
-568
-702
-816
-903
-1030
-1249
-1505
-1708
-1849
-1979
-2107
-2172
-2117
-1964
-1757
-1508
-1190
-824
-481
-208
15
234
443
591
645
634
619
631
659
694
743
813
884
930
940
934
926
908
842
694
470
199
-88
-389
-694
-973
-1185
-1330
-1443
-1536
-1573
-1525
-1422
-1332
-1285
-1241
-1172
-1099
-1073
-1106
-1155
-1181
-1188
-1208
-1246
-1261
-1221
-1138
-1054
-971
-840
-615
-313
17
357
735
1172
1630
2052
2418
2740
3028
3263
3415
3465
3411
3280
3109
2902
2619
2248
1848
1505
1235
981
709
467
311
222
149
83
40
-2
-120
-345
-623
-902
-1188
-1511
-1838
-2120
-2343
-2524
-2645
-2651
-2523
-2317
-2083
-1807
-1467
-1096
-767
-503
-264
-17
206
353
413
440
487
563
641
712
794
908
1043
1158
1224
1243
1225
1160
1032
855
660
462
231
-61
-406
-758
-1067
-1308
-1473
-1563
-1586
-1548
-1469
-1371
-1276
-1193
-1124
-1066
-1034
-1046
-1093
-1141
-1166
-1172
-1180
-1195
-1196
-1160
-1099
-1037
-962
-816
-560
-222
128
469
845
1286
1750
2177
2560
2926
3260
3496
3594
3574
3459
3261
3011
2744
2467
2136
1741
1349
1037
808
621
466
359
273
165
35
-85
-223
-452
-775
-1094
-1348
-1604
-1938
-2288
-2519
-2590
-2586
-2563
-2473
-2262
-1969
-1668
-1361
-1020
-668
-372
-167
-23
90
172
221
264
309
354
406
497
629
763
865
954
1064
1183
1256
1254
1190
1093
963
790
559
265
-77
-438
-770
-1052
-1281
-1448
-1533
-1538
-1492
-1420
-1317
-1186
-1071
-1023
-1037
-1069
-1094
-1140
-1225
-1321
-1401
-1473
-1543
-1562
-1473
-1291
-1079
-849
-537
-102
409
919
1405
1893
2360
2747
3040
3269
3438
3496
3424
3286
3146
2972
2693
2328
1991
1737
1502
1197
857
602
498
478
428
304
146
10
-91
-202
-370
-613
-902
-1203
-1498
-1767
-1987
-2129
-2198
-2226
-2216
-2132
-1949
-1696
-1434
-1186
-946
-698
-454
-238
-60
73
165
226
263
268
230
181
179
249
343
397
426
490
606
702
699
611
493
368
194
-52
-327
-576
-784
-969
-1147
-1293
-1371
-1366
-1290
-1185
-1095
-1027
-947
-837
-735
-706
-766
-859
-935
-1004
-1101
-1213
-1280
-1259
-1158
-994
-761
-451
-75
346
803
1293
1774
2191
2521
2795
3055
3279
3385
3321
3128
2900
2697
2494
2247
1964
1702
1495
1331
1178
1032
891
740
564
375
207
51
-139
-378
-619
-815
-1003
-1254
-1585
-1912
-2149
-2287
-2369
-2412
-2380
-2243
-2027
-1778
-1523
-1259
-978
-696
-439
-230
-82
14
80
142
199
248
285
322
373
435
508
596
687
753
760
707
620
527
424
278
64
-208
-487
-724
-908
-1063
-1205
-1311
-1340
-1271
-1134
-978
-845
-744
-664
-589
-529
-517
-575
-689
-823
-956
-1090
-1219
-1302
-1296
-1185
-983
-699
-332
110
584
1052
1500
1940
2358
2718
2997
3196
3322
3355
3270
3085
2861
2635
2388
2072
1712
1382
1139
955
774
600
485
448
436
377
253
82
-119
-351
-603
-853
-1096
-1358
-1637
-1895
-2078
-2179
-2230
-2248
-2200
-2044
-1793
-1514
-1260
-1013
-729
-417
-151
27
151
267
357
373
334
324
374
416
386
326
332
424
527
590
638
694
711
621
426
192
-42
-284
-550
-820
-1064
-1273
-1445
-1552
-1569
-1494
-1360
-1204
-1047
-905
-795
-726
-695
-705
-770
-895
-1046
-1167
-1221
-1213
-1159
-1040
-827
-519
-153
249
705
1213
1718
2140
2461
2728
2983
3200
3319
3302
3160
2940
2694
2450
2196
1903
1575
1269
1033
862
719
595
490
382
255
133
51
-30
-191
-447
-715
-927
-1125
-1381
-1673
-1903
-2034
-2121
-2209
-2251
-2176
-1993
-1766
-1528
-1253
-922
-575
-274
-39
154
327
454
492
431
332
272
277
318
366
420
474
518
542
560
587
605
567
449
266
54
-161
-375
-599
-838
-1071
-1256
-1365
-1413
-1421
-1378
-1262
-1088
-926
-835
-812
-813
-816
-833
-884
-971
-1080
-1181
-1240
-1236
-1171
-1045
-832
-510
-99
366
862
1386
1908
2375
2756
3059
3294
3433
3452
3362
3187
2926
2586
2213
1864
1553
1254
966
733
567
434
305
213
193
212
202
136
28
-133
-373
-685
-1012
-1319
-1622
-1925
-2170
-2309
-2355
-2355
-2298
-2140
-1892
-1623
-1372
-1117
-837
-567
-346
-168
-9
125
206
226
213
193
194
237
327
436
530
602
668
727
754
734
668
549
371
148
-85
-310
-538
-770
-982
-1146
-1267
-1364
-1423
-1420
-1359
-1281
-1214
-1143
-1035
-900
-792
-752
-768
-795
-804
-799
-785
-740
-645
-498
-311
-65
268
683
1124
1541
1936
2338
2740
3086
3326
3452
3479
3401
3199
2881
2508
2147
1817
1490
1142
798
514
314
190
123
106
111
80
-22
-167
-303
-437
-629
-905
-1207
-1476
-1713
-1959
-2208
-2405
-2511
-2526
-2453
-2277
-2004
-1678
-1336
-994
-668
-386
-162
22
186
321
410
468
511
522
477
410
397
467
561
611
626
650
689
699
637
508
329
117
-106
-314
-514
-732
-974
-1201
-1371
-1472
-1525
-1541
-1517
-1450
-1340
-1191
-1027
-899
-844
-845
-852
-836
-811
-794
-769
-710
-600
-435
-208
87
446
844
1260
1692
2137
2565
2925
3181
3340
3424
3428
3317
3087
2786
2466
2125
1741
1331
967
690
483
326
223
167
103
1
-82
-92
-80
-165
-380
-632
-861
-1120
-1460
-1809
-2044
-2154
-2229
-2302
-2298
-2155
-1932
-1713
-1487
-1200
-853
-516
-225
41
288
472
564
590
611
637
637
592
535
515
552
611
649
655
648
634
594
508
372
202
-10
-268
-554
-830
-1070
-1278
-1458
-1594
-1665
-1672
-1634
-1559
-1442
-1291
-1137
-1020
-958
-931
-908
-881
-862
-852
-820
-731
-593
-428
-224
70
471
929
1382
1814
2253
2688
3056
3304
3437
3480
3443
3318
3110
2834
2507
2143
1765
1399
1070
791
568
390
248
136
52
-23
-100
-173
-254
-383
-607
-896
-1179
-1418
-1653
-1913
-2153
-2312
-2396
-2451
-2452
-2328
-2078
-1796
-1548
-1296
-982
-636
-344
-134
42
215
350
414
434
469
534
609
682
766
852
912
938
948
945
897
784
645
528
410
219
-66
-377
-629
-829
-1034
-1255
-1414
-1466
-1454
-1447
-1447
-1412
-1338
-1260
-1205
-1150
-1081
-1035
-1050
-1102
-1132
-1114
-1067
-1003
-878
-645
-315
65
455
860
1283
1711
2112
2482
2824
3126
3340
3423
3391
3291
3134
2888
2538
2146
1780
1454
1135
826
586
437
326
203
95
53
53
-8
-184
-425
-653
-859
-1094
-1374
-1659
-1902
-2098
-2262
-2386
-2442
-2420
-2334
-2193
-1986
-1702
-1361
-1015
-704
-432
-184
31
175
242
284
357
455
527
563
613
716
841
928
967
997
1032
1044
997
891
735
522
246
-72
-400
-720
-1017
-1266
-1435
-1533
-1594
-1637
-1639
-1584
-1493
-1400
-1312
-1210
-1088
-976
-917
-918
-948
-957
-920
-843
-746
-632
-475
-236
109
545
1035
1533
2018
2480
2904
3250
3492
3629
3674
3616
3421
3094
2703
2327
1982
1625
1239
881
615
448
328
212
111
38
-29
-131
-282
-459
-644
-841
-1066
-1327
-1603
-1870
-2095
-2256
-2352
-2392
-2374
-2281
-2097
-1847
-1559
-1253
-934
-635
-401
-235
-96
52
175
223
210
217
285
374
434
481
570
702
825
902
950
979
959
855
688
501
306
78
-184
-444
-676
-882
-1069
-1230
-1357
-1462
-1536
-1546
-1476
-1361
-1256
-1167
-1064
-956
-893
-897
-925
-925
-892
-844
-773
-650
-468
-237
51
410
823
1233
1612
1984
2370
2727
2992
3149
3230
3259
3204
3019
2712
2353
2027
1748
1471
1161
863
652
539
444
302
137
19
-41
-115
-250
-431
-620
-822
-1056
-1310
-1553
-1764
-1944
-2088
-2177
-2206
-2177
-2086
-1921
-1700
-1463
-1240
-1017
-772
-514
-272
-68
100
238
332
387
422
452
479
502
535
587
637
662
668
693
742
773
741
643
504
328
100
-182
-478
-747
-973
-1162
-1317
-1424
-1473
-1468
-1427
-1372
-1312
-1236
-1127
-1009
-933
-927
-958
-961
-921
-876
-838
-768
-615
-386
-128
139
446
820
1243
1654
2022
2357
2683
2974
3166
3218
3164
3073
2960
2771
2470
2114
1814
1611
1440
1213
936
680
485
319
143
-33
-172
-284
-414
-585
-759
-912
-1076
-1301
-1584
-1847
-2023
-2108
-2142
-2143
-2103
-2013
-1876
-1707
-1509
-1289
-1061
-831
-595
-359
-154
-13
77
153
242
338
426
512
602
699
800
900
983
1032
1033
988
891
741
542
323
112
-81
-273
-471
-676
-886
-1086
-1245
-1323
-1327
-1308
-1311
-1323
-1306
-1251
-1194
-1167
-1159
-1147
-1120
-1081
-1030
-969
-900
-810
-670
-470
-226
37
316
623
959
1315
1676
2027
2341
2588
2759
2874
2937
2940
2870
2734
2537
2281
1996
1725
1497
1281
1040
786
569
413
280
122
-56
-225
-373
-517
-667
-815
-976
-1168
-1381
-1568
-1701
-1800
-1892
-1952
-1932
-1833
-1710
-1593
-1448
-1233
-967
-715
-517
-344
-167
7
143
244
338
438
519
566
602
655
718
763
775
772
758
713
626
522
428
324
162
-59
-280
-468
-654
-886
-1142
-1349
-1468
-1519
-1549
-1559
-1514
-1398
-1234
-1075
-966
-927
-935
-943
-932
-921
-943
-982
-991
-936
-819
-657
-453
-189
143
531
952
1383
1801
2190
2537
2824
3033
3151
3176
3120
2987
2781
2515
2217
1928
1672
1435
1184
914
672
499
384
265
119
-25
-128
-213
-330
-489
-650
-796
-950
-1138
-1343
-1528
-1683
-1817
-1920
-1966
-1939
-1861
-1761
-1641
-1475
-1251
-992
-743
-539
-372
-215
-61
78
186
271
357
447
536
624
705
760
773
756
741
726
683
591
489
410
325
172
-54
-287
-470
-623
-793
-977
-1128
-1228
-1297
-1348
-1356
-1305
-1223
-1148
-1087
-1024
-957
-906
-872
-836
-796
-763
-739
-700
-612
-472
-294
-89
144
404
694
1008
1344
1690
2030
2355
2650
2888
3030
3059
2990
2859
2694
2488
2221
1891
1539
1216
949
723
511
308
132
-6
-122
-225
-308
-372
-445
-564
-728
-907
-1078
-1247
-1415
-1560
-1660
-1732
-1799
-1855
-1868
-1818
-1719
-1592
-1428
-1212
-968
-741
-556
-390
-216
-38
115
230
325
418
512
585
638
679
709
719
705
681
661
636
581
491
382
263
118
-72
-301
-529
-722
-876
-1005
-1111
-1185
-1215
-1205
-1174
-1131
-1083
-1034
-988
-938
-873
-811
-782
-796
-821
-820
-792
-757
-711
-608
-420
-178
69
315
589
913
1263
1610
1944
2253
2511
2690
2794
2853
2874
2826
2671
2421
2126
1848
1602
1366
1120
869
640
454
301
167
50
-45
-124
-203
-291
-393
-519
-680
-869
-1071
-1272
-1470
-1644
-1758
-1810
-1835
-1864
-1873
-1811
-1675
-1499
-1309
-1085
-815
-532
-289
-94
81
240
350
388
399
432
496
556
591
616
650
682
699
697
689
671
628
554
463
365
252
99
-97
-312
-521
-710
-884
-1041
-1161
-1215
-1210
-1179
-1144
-1083
-978
-845
-724
-640
-580
-536
-520
-536
-568
-585
-594
-610
-628
-605
-518
-379
-204
18
300
638
994
1340
1669
1975
2237
2433
2560
2617
2599
2492
2317
2110
1895
1658
1379
1082
819
623
480
353
231
128
52
-4
-64
-149
-253
-359
-458
-571
-729
-935
-1152
-1343
-1496
-1616
-1693
-1715
-1686
-1610
-1496
-1347
-1176
-992
-791
-563
-325
-120
29
133
214
271
294
284
268
272
307
367
437
502
550
577
585
582
564
525
459
381
300
197
38
-174
-398
-584
-735
-878
-1008
-1082
-1083
-1052
-1026
-994
-924
-832
-767
-738
-697
-614
-541
-546
-625
-705
-738
-732
-721
-702
-648
-544
-387
-188
50
321
611
912
1207
1477
1717
1940
2143
2293
2348
2315
2245
2167
2062
1897
1687
1470
1264
1056
842
655
518
415
316
213
119
40
-43
-158
-300
-459
-630
-818
-1015
-1192
-1335
-1447
-1544
-1632
-1681
-1661
-1564
-1412
-1244
-1084
-938
-794
-642
-476
-310
-163
-41
62
148
210
236
242
257
296
348
399
448
503
555
596
625
647
660
640
581
491
393
282
144
-23
-198
-354
-479
-583
-672
-739
-783
-816
-849
-871
-863
-826
-777
-741
-708
-666
-628
-630
-684
-755
-790
-773
-739
-716
-681
-588
-435
-267
-118
37
244
516
817
1102
1350
1555
1710
1824
1907
1960
1968
1933
1884
1837
1763
1619
1418
1219
1070
956
837
694
539
394
267
155
51
-51
-156
-267
-390
-529
-675
-805
-904
-985
-1069
-1166
-1263
-1334
-1369
-1368
-1335
-1275
-1193
-1098
-985
-842
-678
-532
-435
-368
-280
-148
-2
117
214
312
406
464
479
489
523
562
576
564
549
526
476
398
335
300
261
180
68
-37
-124
-217
-334
-464
-578
-667
-719
-732
-711
-676
-647
-627
-616
-611
-612
-620
-637
-669
-708
-734
-737
-734
-751
-771
-760
-693
-586
-459
-305
-103
145
405
650
884
1127
1379
1627
1860
2060
2204
2274
2275
2229
2152
2039
1884
1697
1489
1268
1040
819
630
482
357
236
122
33
-20
-59
-115
-208
-334
-476
-630
-792
-942
-1061
-1150
-1239
-1351
-1465
-1545
-1571
-1539
-1462
-1347
-1225
-1122
-1025
-889
-705
-521
-382
-265
-118
56
200
284
348
431
511
549
564
605
675
726
728
705
675
625
556
501
470
421
303
141
2
-106
-231
-393
-540
-620
-653
-689
-735
-763
-769
-779
-796
-794
-768
-739
-733
-741
-755
-782
-823
-851
-851
-835
-826
-807
-735
-605
-449
-298
-144
39
257
495
739
983
1218
1423
1591
1727
1841
1937
2011
2054
2055
2004
1895
1729
1524
1315
1144
1014
892
745
582
437
320
199
47
-105
-222
-310
-405
-526
-650
-760
-873
-1017
-1185
-1338
-1442
-1493
-1502
-1486
-1456
-1425
-1385
-1321
-1221
-1081
-918
-741
-563
-384
-206
-31
126
245
322
377
428
484
543
599
649
688
718
746
768
773
754
716
665
599
521
446
388
338
262
143
2
-132
-253
-376
-499
-604
-680
-746
-821
-905
-982
-1032
-1059
-1075
-1083
-1074
-1035
-967
-892
-831
-791
-763
-744
-722
-682
-603
-488
-355
-209
-36
165
373
570
762
981
1216
1436
1618
1776
1925
2052
2127
2145
2112
2029
1890
1714
1533
1357
1169
965
764
591
446
310
174
48
-60
-154
-241
-325
-406
-484
-562
-654
-789
-977
-1178
-1331
-1413
-1451
-1471
-1463
-1406
-1315
-1235
-1164
-1051
-867
-649
-464
-328
-207
-73
53
144
204
262
329
389
430
461
499
545
592
629
655
666
662
651
636
613
560
476
371
262
151
27
-118
-284
-470
-662
-841
-974
-1051
-1085
-1105
-1128
-1155
-1181
-1199
-1211
-1221
-1223
-1210
-1178
-1137
-1098
-1063
-1028
-991
-960
-923
-859
-753
-618
-471
-308
-114
113
362
625
906
1197
1473
1718
1937
2129
2282
2391
2465
2514
2523
2482
2397
2295
2180
2039
1868
1682
1499
1312
1109
888
673
482
312
160
23
-90
-182
-262
-354
-470
-608
-758
-910
-1064
-1209
-1321
-1377
-1373
-1337
-1297
-1263
-1222
-1162
-1077
-954
-792
-619
-483
-401
-336
-246
-135
-36
37
110
199
279
328
361
402
451
489
507
512
510
499
478
436
354
222
80
-29
-107
-206
-362
-538
-675
-769
-851
-938
-997
-1012
-1005
-1003
-1004
-991
-971
-959
-952
-927
-877
-822
-785
-768
-766
-776
-792
-802
-794
-767
-733
-697
-661
-616
-549
-446
-303
-117
108
365
636
911
1175
1415
1620
1790
1940
2079
2192
2252
2252
2207
2132
2020
1873
1708
1556
1409
1235
1020
794
610
475
360
233
102
-9
-105
-205
-313
-413
-496
-571
-657
-755
-856
-948
-1022
-1071
-1100
-1118
-1113
-1055
-938
-794
-680
-609
-553
-485
-412
-359
-325
-281
-206
-117
-56
-35
-20
30
127
241
345
439
526
604
655
677
685
685
670
633
569
479
361
233
112
-8
-155
-328
-488
-599
-664
-717
-765
-784
-765
-724
-682
-645
-610
-580
-558
-540
-522
-512
-521
-548
-587
-631
-676
-719
-756
-792
-820
-822
-787
-733
-673
-596
-474
-308
-130
39
213
405
612
815
1011
1204
1386
1548
1681
1789
1863
1904
1924
1932
1911
1829
1689
1518
1355
1190
997
784
586
428
287
130
-39
-183
-288
-377
-472
-570
-640
-669
-675
-693
-735
-789
-842
-888
-927
-958
-974
-969
-943
-902
-847
-789
-729
-669
-600
-521
-439
-359
-274
-178
-79
6
80
161
248
315
346
359
391
452
518
566
588
590
578
557
524
468
384
280
176
84
3
-84
-188
-312
-440
-551
-623
-655
-662
-649
-618
-576
-535
-505
-483
-466
-465
-480
-505
-530
-560
-607
-665
-707
-727
-738
-747
-743
-714
-668
-624
-580
-525
-446
-351
-251
-148
-39
81
211
351
500
665
848
1045
1242
1433
1616
1789
1949
2083
2175
2208
2182
2113
2020
1894
1724
1513
1297
1103
915
709
491
297
142
7
-125
-244
-343
-442
-569
-719
-855
-956
-1033
-1109
-1183
-1248
-1310
-1382
-1447
-1458
-1398
-1305
-1228
-1166
-1081
-965
-860
-805
-761
-661
-502
-355
-274
-230
-161
-63
11
44
81
173
303
426
519
597
675
745
797
843
886
918
924
897
838
752
649
535
405
244
63
-102
-219
-295
-362
-436
-502
-545
-564
-575
-579
-576
-572
-578
-605
-652
-709
-768
-817
-849
-868
-885
-901
-906
-891
-852
-802
-753
-709
-663
-603
-527
-443
-358
-273
-184
-88
22
151
295
455
631
828
1049
1271
1462
1627
1791
1956
2092
2164
2182
2168
2112
1988
1808
1625
1470
1302
1072
808
588
441
324
181
20
-119
-230
-339
-454
-552
-619
-683
-781
-913
-1053
-1177
-1278
-1350
-1392
-1396
-1374
-1342
-1311
-1271
-1202
-1093
-955
-820
-704
-595
-475
-349
-244
-167
-94
-5
85
147
187
238
320
409
477
530
596
682
757
799
819
841
868
875
838
762
665
558
443
327
222
130
37
-76
-208
-330
-423
-488
-539
-582
-608
-618
-636
-675
-716
-722
-694
-665
-654
-651
-646
-650
-674
-700
-697
-664
-641
-645
-656
-637
-583
-513
-448
-392
-343
-305
-287
-287
-295
-286
-242
-165
-66
60
230
450
698
945
1183
1420
1643
1818
1933
2000
2035
2034
1998
1946
1890
1807
1659
1456
1242
1047
857
648
426
205
-13
-224
-400
-509
-557
-591
-639
-689
-717
-733
-773
-850
-939
-1006
-1047
-1076
-1103
-1130
-1153
-1164
-1146
-1072
-946
-806
-688
-578
-451
-301
-161
-51
53
177
304
392
438
476
523
560
561
539
525
528
531
530
531
528
490
416
343
303
282
253
209
159
101
18
-84
-171
-224
-256
-296
-348
-408
-468
-533
-594
-630
-633
-610
-581
-559
-546
-545
-562
-590
-615
-620
-598
-566
-521
-454
-354
-258
-207
-204
-204
-177
-132
-91
-55
-17
-6
-47
-121
-173
-184
-190
-226
-283
-330
-359
-375
-365
-308
-192
-15
220
498
774
1007
1196
1378
1557
1700
1789
1846
1895
1911
1844
1691
1491
1281
1067
841
605
383
194
48
-66
-169
-257
-315
-331
-323
-319
-322
-323
-332
-378
-476
-594
-697
-786
-870
-938
-972
-988
-1028
-1094
-1138
-1113
-1026
-906
-772
-622
-472
-347
-244
-135
-1
135
238
298
334
357
361
334
286
243
237
262
301
325
327
323
332
362
398
420
422
417
412
395
356
303
252
208
151
66
-34
-124
-190
-245
-296
-330
-330
-304
-280
-277
-286
-291
-286
-279
-269
-246
-210
-168
-126
-81
-41
-29
-69
-132
-178
-191
-197
-226
-276
-323
-366
-421
-488
-543
-571
-590
-630
-700
-776
-835
-859
-854
-817
-754
-664
-549
-409
-243
-52
162
396
645
907
1170
1414
1613
1751
1827
1846
1815
1748
1666
1581
1481
1348
1178
992
809
635
482
370
313
288
267
234
201
174
139
82
0
-90
-182
-289
-424
-585
-762
-939
-1108
-1247
-1325
-1338
-1317
-1292
-1266
-1215
-1126
-1007
-867
-710
-547
-404
-291
-191
-87
10
87
144
196
245
276
286
281
273
274
299
356
426
477
501
515
537
561
571
559
540
523
493
442
378
324
285
242
175
102
57
54
71
71
40
-8
-47
-69
-75
-87
-135
-222
-321
-401
-460
-519
-586
-645
-683
-709
-735
-750
-749
-736
-724
-710
-678
-620
-550
-483
-435
-417
-421
-436
-453
-479
-531
-603
-677
-743
-808
-866
-891
-871
-821
-754
-652
-489
-272
-26
230
503
787
1052
1273
1458
1630
1789
1912
1981
2003
2000
1974
1915
1816
1687
1551
1413
1261
1100
953
831
714
578
442
353
316
274
178
48
-63
-150
-258
-413
-580
-717
-834
-965
-1114
-1246
-1341
-1408
-1446
-1439
-1385
-1303
-1210
-1102
-964
-810
-663
-530
-400
-280
-182
-109
-40
30
95
140
175
215
263
314
369
430
483
513
524
542
571
594
597
586
570
544
496
430
360
285
208
142
111
112
117
103
74
40
0
-41
-65
-53
-25
-22
-63
-126
-178
-212
-238
-252
-252
-246
-251
-275
-305
-330
-350
-370
-381
-365
-320
-266
-227
-216
-227
-251
-273
-287
-289
-293
-319
-377
-443
-497
-543
-600
-663
-712
-735
-751
-783
-821
-837
-820
-795
-777
-746
-664
-517
-323
-112
103
328
570
826
1072
1293
1491
1673
1828
1934
1985
2006
2020
2008
1921
1739
1514
1310
1158
1032
897
744
590
453
339
242
147
48
-49
-135
-198
-245
-291
-361
-476
-616
-737
-811
-864
-940
-1048
-1156
-1249
-1335
-1414
-1450
-1420
-1355
-1296
-1234
-1125
-966
-816
-721
-651
-553
-411
-267
-159
-86
-26
26
71
112
158
211
260
304
350
409
484
566
644
705
740
748
728
692
654
612
556
492
447
438
438
408
338
274
257
281
301
289
254
215
184
163
145
109
44
-41
-115
-169
-227
-305
-389
-451
-490
-526
-567
-595
-598
-589
-577
-553
-511
-468
-460
-489
-525
-554
-591
-653
-728
-788
-826
-852
-874
-886
-876
-852
-831
-808
-774
-738
-713
-695
-664
-602
-514
-415
-304
-168
-15
140
301
500
750
1021
1274
1505
1735
1966
2152
2270
2341
2402
2445
2432
2360
2266
2167
2031
1826
1583
1361
1179
997
790
577
380
190
2
-150
-238
-293
-383
-520
-653
-748
-838
-961
-1094
-1186
-1247
-1324
-1435
-1531
-1568
-1570
-1574
-1582
-1564
-1498
-1390
-1249
-1084
-930
-813
-720
-608
-460
-312
-196
-105
-9
97
198
292
395
498
576
617
641
680
733
781
826
879
930
948
911
832
738
649
565
494
441
390
324
235
139
52
-22
-86
-134
-163
-182
-194
-191
-167
-133
-105
-74
-28
16
9
-62
-156
-219
-255
-293
-343
-386
-410
-424
-431
-424
-399
-368
-336
-295
-247
-209
-190
-181
-173
-181
-218
-270
-317
-363
-434
-535
-629
-684
-705
-723
-748
-769
-775
-769
-754
-724
-669
-588
-500
-414
-334
-253
-176
-105
-27
76
209
360
518
686
876
1087
1301
1510
1706
1874
1994
2058
2080
2075
2032
1940
1815
1686
1556
1397
1192
955
722
510
312
128
-25
-131
-197
-263
-353
-462
-565
-654
-745
-852
-962
-1049
-1111
-1180
-1272
-1358
-1405
-1420
-1443
-1485
-1506
-1461
-1355
-1225
-1097
-951
-773
-585
-424
-298
-172
-17
153
293
388
459
532
596
628
628
629
654
694
722
730
737
753
770
779
779
780
778
759
712
642
564
489
414
324
208
74
-51
-153
-236
-311
-377
-425
-455
-480
-500
-494
-456
-391
-308
-223
-157
-129
-130
-129
-109
-83
-73
-81
-101
-136
-192
-261
-319
-359
-385
-393
-362
-301
-244
-218
-205
-183
-160
-166
-203
-244
-275
-314
-379
-462
-543
-608
-657
-690
-701
-698
-693
-682
-642
-571
-490
-433
-411
-406
-389
-344
-286
-241
-218
-191
-132
-38
77
206
359
532
708
870
1034
1207
1379
1530
1658
1782
1889
1956
1973
1955
1913
1829
1698
1545
1391
1225
1018
793
590
415
235
44
-124
-241
-329
-427
-533
-621
-696
-783
-872
-929
-952
-989
-1063
-1142
-1181
-1194
-1222
-1264
-1279
-1246
-1190
-1124
-1040
-938
-848
-780
-696
-562
-398
-256
-149
-43
74
178
254
319
399
477
518
520
515
526
549
571
596
626
655
680
706
729
728
684
607
524
455
402
351
282
192
92
7
-63
-140
-241
-346
-417
-436
-417
-385
-341
-287
-221
-143
-49
51
127
161
163
156
154
158
178
212
239
235
198
149
88
9
-89
-182
-246
-280
-305
-339
-395
-473
-549
-597
-609
-608
-618
-638
-653
-666
-694
-738
-778
-795
-789
-764
-722
-676
-643
-631
-623
-600
-564
-529
-501
-465
-413
-364
-338
-335
-325
-281
-201
-102
6
132
286
467
666
869
1075
1282
1485
1676
1848
1991
2089
2134
2138
2103
2025
1891
1706
1498
1306
1138
975
792
593
408
268
169
86
-4
-105
-205
-290
-350
-394
-438
-497
-571
-649
-746
-876
-1019
-1135
-1190
-1200
-1201
-1201
-1190
-1170
-1157
-1149
-1118
-1045
-941
-820
-684
-532
-379
-244
-129
-21
79
155
196
213
230
262
303
343
377
410
451
502
547
573
575
547
497
445
418
417
415
373
306
252
219
169
77
-25
-94
-121
-136
-159
-180
-199
-225
-261
-274
-244
-174
-96
-46
-25
-11
30
113
219
301
330
324
317
320
321
312
307
303
291
253
196
132
63
-22
-120
-216
-301
-387
-477
-557
-609
-633
-645
-661
-689
-720
-750
-778
-792
-787
-761
-719
-662
-593
-518
-450
-404
-387
-389
-395
-389
-372
-356
-353
-360
-370
-378
-384
-389
-380
-341
-265
-159
-38
89
220
352
490
634
798
984
1173
1340
1465
1558
1641
1724
1789
1803
1758
1670
1557
1421
1251
1054
853
665
491
324
171
39
-77
-191
-308
-409
-484
-537
-586
-642
-689
-725
-756
-793
-829
-848
-858
-886
-943
-1014
-1068
-1096
-1115
-1126
-1107
-1033
-914
-789
-689
-606
-513
-388
-236
-84
47
157
267
389
505
586
629
653
676
690
678
643
602
563
529
501
474
439
391
333
284
253
232
207
174
135
87
25
-54
-138
-224
-304
-377
-433
-469
-491
-501
-499
-472
-412
-325
-224
-132
-47
35
128
224
306
369
422
468
502
512
506
496
479
441
381
323
284
249
197
131
78
42
1
-69
-146
-195
-210
-223
-257
-308
-361
-413
-467
-516
-547
-563
-583
-616
-649
-658
-641
-608
-567
-518
-459
-392
-319
-250
-193
-164
-166
-191
-224
-253
-270
-267
-253
-243
-239
-224
-178
-101
-10
87
200
333
481
638
801
970
1135
1290
1430
1542
1616
1644
1641
1612
1557
1472
1363
1240
1107
958
805
650
501
358
228
114
8
-97
-188
-248
-287
-338
-417
-503
-574
-638
-714
-800
-858
-876
-875
-888
-925
-973
-1019
-1057
-1079
-1070
-1027
-965
-905
-858
-826
-789
-719
-595
-429
-260
-129
-35
49
144
242
318
367
401
427
445
451
449
441
416
366
310
280
289
306
293
248
201
174
163
145
107
45
-46
-161
-281
-386
-465
-522
-551
-547
-516
-484
-463
-434
-364
-250
-121
-12
75
159
253
348
418
455
473
495
526
556
565
545
495
422
336
251
184
139
111
88
58
13
-45
-111
-174
-236
-308
-391
-476
-556
-634
-716
-801
-880
-941
-974
-967
-921
-854
-795
-753
-725
-699
-670
-636
-592
-542
-506
-488
-474
-442
-391
-335
-276
-214
-153
-113
-84
-34
53
153
236
319
434
600
790
976
1161
1359
1553
1710
1815
1880
1925
1954
1957
1927
1873
1800
1713
1598
1445
1261
1082
945
834
698
510
305
135
5
-123
-260
-383
-477
-571
-680
-781
-842
-876
-928
-1015
-1107
-1180
-1233
-1266
-1261
-1222
-1177
-1145
-1108
-1039
-948
-856
-755
-616
-454
-323
-241
-173
-84
11
74
108
148
211
270
291
277
259
257
271
292
307
317
328
336
334
322
317
334
356
352
315
259
201
140
66
-11
-82
-142
-192
-231
-255
-263
-266
-274
-289
-302
-300
-275
-233
-190
-146
-90
-15
62
122
171
222
278
315
328
330
340
352
348
324
288
250
215
187
168
152
134
111
82
35
-49
-163
-275
-360
-414
-458
-518
-595
-678
-740
-775
-791
-805
-818
-817
-798
-768
-738
-702
-662
-620
-573
-508
-415
-317
-251
-226
-216
-194
-160
-136
-134
-145
-161
-175
-185
-180
-145
-71
40
172
303
422
539
671
831
1005
1173
1316
1431
1517
1573
1600
1608
1613
1615
1587
1507
1386
1261
1149
1030
877
702
547
425
310
168
5
-143
-248
-320
-383
-455
-535
-609
-673
-733
-798
-868
-927
-965
-982
-989
-993
-996
-995
-990
-973
-941
-891
-833
-775
-711
-631
-530
-410
-286
-170
-64
41
143
229
289
328
368
411
450
472
479
480
482
488
499
510
518
520
518
510
483
430
357
277
194
106
20
-50
-96
-133
-176
-230
-279
-310
-330
-350
-379
-406
-411
-393
-358
-328
-315
-310
-294
-252
-185
-112
-40
32
112
196
266
320
371
432
497
538
542
522
498
478
453
411
354
276
181
71
-43
-150
-253
-358
-455
-534
-591
-635
-675
-706
-718
-715
-718
-730
-739
-714
-656
-590
-541
-509
-472
-417
-357
-312
-291
-288
-292
-294
-282
-256
-227
-212
-214
-214
-193
-155
-114
-74
-30
21
66
99
134
196
296
415
538
655
768
878
987
1092
1198
1300
1393
1461
1499
1508
1497
1474
1439
1384
1298
1176
1032
893
780
682
573
440
296
162
41
-74
-183
-277
-361
-452
-551
-644
-722
-800
-888
-970
-1024
-1053
-1078
-1105
-1117
-1110
-1097
-1083
-1043
-961
-856
-769
-716
-670
-608
-529
-450
-371
-287
-203
-126
-61
-1
56
93
107
116
150
225
309
362
382
394
422
451
465
459
449
444
440
427
405
388
375
361
337
299
248
187
117
43
-27
-95
-152
-186
-193
-177
-164
-169
-189
-204
-209
-212
-222
-223
-193
-138
-81
-40
-10
26
77
134
180
203
207
201
197
194
179
153
126
104
78
38
-5
-37
-62
-98
-150
-204
-246
-277
-304
-325
-338
-347
-359
-367
-361
-349
-347
-355
-350
-315
-270
-248
-249
-246
-221
-185
-170
-186
-217
-242
-262
-291
-330
-359
-357
-325
-290
-273
-275
-277
-264
-231
-185
-133
-83
-41
2
57
136
233
334
436
548
678
818
956
1079
1190
1284
1357
1406
1437
1455
1451
1410
1335
1250
1174
1100
1005
880
738
593
441
282
137
29
-49
-126
-220
-320
-408
-485
-562
-637
-698
-742
-788
-848
-913
-965
-1001
-1031
-1060
-1072
-1058
-1029
-1007
-989
-947
-862
-744
-621
-507
-391
-272
-157
-49
56
163
257
322
370
409
440
447
435
426
425
416
385
350
337
342
343
341
352
374
380
358
330
313
298
263
216
179
153
110
42
-27
-68
-94
-130
-180
-226
-251
-263
-274
-283
-286
-281
-274
-259
-226
-175
-121
-80
-50
-17
33
97
154
182
178
153
116
74
37
11
-7
-22
-42
-64
-88
-119
-159
-192
-208
-212
-225
-254
-291
-318
-337
-349
-354
-344
-325
-306
-293
-273
-237
-180
-118
-69
-45
-48
-66
-94
-125
-160
-189
-206
-215
-217
-218
-214
-204
-195
-189
-189
-192
-197
-205
-215
-222
-218
-194
-148
-86
-15
67
155
248
338
425
516
617
722
819
905
983
1053
1112
1157
1188
1209
1215
1197
1151
1084
1005
917
819
710
592
462
325
193
78
-14
-90
-163
-237
-317
-406
-495
-563
-605
-629
-657
-700
-745
-781
-804
-815
-818
-819
-824
-831
-822
-790
-747
-710
-673
-617
-534
-433
-331
-233
-140
-60
6
60
111
160
209
261
324
387
432
452
465
481
492
482
461
447
453
446
406
348
309
303
301
269
204
131
64
2
-58
-116
-167
-215
-261
-302
-334
-359
-386
-414
-430
-420
-376
-316
-266
-235
-213
-173
-109
-37
30
93
152
195
207
204
210
232
252
251
230
207
192
186
184
176
157
130
109
101
96
80
52
23
1
-15
-38
-81
-142
-202
-243
-257
-255
-248
-243
-240
-241
-247
-253
-252
-246
-243
-247
-250
-251
-254
-255
-255
-251
-253
-264
-282
-299
-308
-311
-304
-285
-255
-221
-193
-167
-136
-94
-35
37
118
204
290
382
479
574
657
723
786
861
945
1017
1057
1066
1061
1055
1041
1004
945
877
807
733
643
538
425
317
212
110
7
-91
-183
-270
-350
-417
-473
-528
-590
-658
-720
-770
-804
-826
-834
-832
-821
-806
-786
-764
-743
-726
-709
-680
-641
-594
-533
-452
-359
-275
-204
-131
-39
68
163
230
273
311
349
384
415
437
446
445
444
452
464
470
464
450
432
409
380
346
300
241
171
101
40
-12
-64
-117
-164
-200
-227
-251
-281
-312
-339
-349
-343
-325
-303
-272
-227
-170
-128
-113
-107
-82
-32
17
37
33
24
23
29
45
67
91
107
115
122
126
121
111
107
117
122
100
56
7
-33
-68
-99
-122
-132
-143
-172
-216
-253
-266
-249
-209
-164
-129
-116
-125
-143
-156
-155
-142
-121
-105
-105
-116
-122
-120
-119
-131
-151
-162
-156
-148
-147
-149
-149
-145
-137
-126
-105
-74
-33
24
101
188
278
367
460
554
636
695
739
788
844
900
939
955
952
937
914
889
865
834
789
725
647
556
459
361
264
179
108
42
-30
-114
-206
-301
-395
-490
-577
-648
-702
-751
-797
-836
-857
-863
-858
-846
-821
-781
-734
-687
-641
-590
-530
-463
-392
-314
-235
-161
-94
-38
17
78
146
219
292
356
403
425
426
418
408
396
373
337
294
263
251
254
258
249
227
197
173
151
132
106
70
24
-28
-79
-136
-197
-254
-290
-299
-295
-298
-316
-341
-361
-373
-373
-355
-330
-302
-278
-251
-210
-162
-118
-80
-45
-9
24
54
89
136
187
231
253
253
244
236
231
226
215
203
193
184
167
140
117
105
97
77
41
-4
-43
-72
-88
-88
-81
-78
-90
-113
-137
-158
-175
-191
-203
-207
-205
-209
-220
-227
-218
-191
-168
-156
-155
-146
-117
-74
-33
1
28
58
89
114
129
141
157
184
218
253
280
300
314
322
332
346
364
376
381
378
374
368
360
339
305
265
226
199
179
157
129
92
56
20
-15
-54
-94
-132
-167
-196
-220
-249
-285
-327
-367
-394
-407
-409
-409
-410
-407
-387
-357
-325
-306
-300
-292
-275
-245
-212
-182
-157
-129
-95
-57
-24
3
30
65
103
126
129
121
118
120
127
137
155
174
177
160
137
133
145
155
149
137
136
144
145
125
92
61
38
19
-3
-26
-46
-63
-79
-97
-122
-154
-189
-217
-233
-235
-232
-226
-222
-212
-187
-147
-105
-72
-57
-48
-28
8
52
91
121
146
173
209
259
317
379
434
480
523
555
571
564
542
514
492
465
431
396
367
342
305
250
189
139
100
56
-3
-66
-114
-161
-222
-302
-377
-424
-447
-463
-480
-489
-493
-497
-506
-513
-513
-512
-517
-520
-514
-497
-474
-437
-388
-330
-279
-232
-175
-101
-24
32
65
92
120
146
163
183
213
251
284
305
323
343
360
368
367
365
358
342
319
292
268
242
213
182
151
118
80
40
3
-26
-53
-77
-102
-125
-156
-188
-217
-239
-250
-252
-240
-214
-187
-174
-178
-192
-205
-215
-222
-221
-207
-178
-150
-126
-102
-66
-13
49
103
143
170
192
212
234
252
269
286
307
328
346
363
380
381
354
305
256
227
206
175
126
67
9
-47
-102
-153
-197
-236
-264
-285
-295
-301
-310
-315
-312
-303
-300
-297
-285
-260
-230
-205
-178
-145
-115
-98
-82
-52
-12
22
39
49
62
78
94
110
127
137
131
113
99
96
96
89
69
35
-3
-32
-43
-34
-22
-17
-16
-16
-13
-14
-13
-6
13
30
39
38
33
33
40
53
72
94
118
140
163
185
210
233
250
259
261
258
249
240
240
249
263
272
271
262
246
226
202
183
165
141
106
62
18
-18
-45
-64
-80
-94
-101
-101
-99
-105
-129
-168
-210
-249
-277
-294
-304
-312
-317
-315
-308
-305
-314
-316
-292
-248
-208
-195
-197
-190
-177
-168
-175
-186
-191
-191
-187
-177
-158
-138
-134
-150
-172
-190
-207
-222
-226
-202
-151
-91
-41
-6
15
28
29
24
18
17
25
41
63
91
124
161
205
246
273
280
266
246
231
228
236
251
271
296
318
336
354
378
405
424
424
408
381
353
323
298
274
248
219
188
162
146
139
139
145
153
155
150
132
103
63
21
-11
-35
-56
-78
-97
-107
-115
-125
-138
-146
-150
-167
-203
-247
-286
-313
-330
-335
-321
-292
-265
-252
-253
-262
-271
-278
-283
-280
-271
-259
-243
-225
-209
-196
-185
-167
-133
-86
-34
16
58
85
89
69
29
-16
-47
-55
-37
-9
18
44
76
117
151
164
147
114
81
61
54
50
46
48
56
60
56
50
53
66
77
76
60
36
10
-11
-15
0
32
67
93
110
116
117
123
136
150
151
136
113
90
70
55
45
34
21
13
21
40
58
64
64
67
68
53
19
-22
-50
-64
-72
-85
-104
-123
-134
-139
-141
-144
-159
-182
-217
-252
-276
-279
-260
-227
-199
-184
-185
-195
-202
-196
-172
-136
-97
-65
-50
-47
-43
-25
7
42
73
99
119
133
141
144
144
147
157
173
194
211
220
227
242
264
284
296
289
268
238
204
168
136
113
110
128
156
180
193
191
170
129
75
30
12
16
32
46
54
50
30
-2
-33
-50
-62
-76
-100
-125
-141
-152
-164
-178
-188
-181
-167
-152
-144
-133
-117
-100
-92
-96
-103
-109
-124
-144
-158
-154
-134
-112
-98
-90
-79
-66
-50
-37
-30
-33
-39
-35
-14
20
54
77
91
101
107
107
101
93
87
87
83
69
43
25
27
50
78
103
122
133
131
111
81
53
37
29
23
19
18
22
23
21
14
6
-5
-19
-32
-44
-50
-53
-58
-63
-68
-67
-67
-77
-95
-113
-113
-96
-72
-55
-46
-38
-31
-28
-26
-27
-31
-41
-54
-59
-47
-30
-21
-22
-28
-35
-42
-45
-34
-12
12
22
19
6
-3
2
17
38
57
70
84
100
121
139
145
136
113
86
63
51
47
48
55
64
70
73
76
85
96
100
91
74
61
55
51
49
51
60
69
74
74
73
68
62
53
45
38
29
21
16
18
17
12
3
-3
-4
-3
-9
-22
-35
-40
-37
-35
-39
-49
-57
-61
-64
-61
-56
-45
-34
-29
-35
-47
-59
-64
-62
-59
-58
-59
-61
-63
-67
-71
-76
-80
-89
-95
-93
-85
-74
-68
-66
-66
-64
-60
-53
-42
-27
-15
-9
-5
-7
-9
-12
-9
-2
2
2
0
2
11
26
48
69
81
82
82
88
96
95
81
66
59
63
71
83
106
136
162
171
166
152
132
109
85
68
61
65
73
81
79
72
58
42
29
23
26
38
53
70
88
104
117
125
126
121
111
96
83
73
71
71
71
65
52
33
13
-2
-15
-24
-36
-45
-46
-41
-34
-35
-41
-51
-57
-64
-73
-88
-105
-113
-109
-102
-104
-119
-144
-164
-168
-161
-147
-127
-105
-89
-84
-88
-94
-85
-67
-46
-33
-29
-35
-41
-49
-55
-58
-57
-56
-52
-42
-31
-23
-25
-34
-45
-53
-56
-52
-40
-23
-8
4
10
10
4
-8
-21
-33
-40
-44
-37
-18
13
46
72
80
69
49
34
30
41
62
86
114
139
163
181
187
178
157
131
119
124
137
144
142
135
129
121
114
104
92
79
69
62
54
44
29
8
-18
-46
-63
-63
-53
-42
-45
-57
-71
-78
-78
-80
-85
-96
-104
-107
-98
-81
-64
-50
-41
-39
-43
-50
-53
-46
-32
-19
-13
-15
-18
-20
-21
-21
-16
-13
-10
-6
10
32
53
65
68
66
59
47
35
27
26
26
31
44
59
67
63
51
44
42
39
33
29
32
38
45
48
51
54
56
49
37
22
11
7
5
0
-7
-11
-10
-8
-10
-15
-19
-23
-31
-38
-42
-43
-48
-58
-71
-78
-76
-70
-61
-50
-39
-30
-21
-18
-18
-25
-31
-31
-23
-16
-13
-12
-8
-2
2
6
17
34
52
67
81
92
97
91
76
64
58
54
52
56
68
86
101
102
97
86
77
66
52
39
30
27
29
31
33
33
26
12
-4
-11
-9
-3
-1
1
4
6
-3
-22
-39
-44
-36
-28
-25
-24
-26
-27
-32
-34
-29
-16
-2
4
-1
-8
-12
-12
-14
-16
-15
-11
-5
4
14
23
29
29
23
11
1
-5
-6
0
4
7
10
10
10
9
7
7
8
9
9
11
14
17
18
16
9
1
-8
-16
-18
-11
4
20
27
27
22
21
17
8
-3
-12
-18
-22
-21
-16
-7
3
8
10
8
8
7
8
6
1
-6
-11
-12
-9
-6
-5
-7
-7
-7
-5
-5
-6
-6
-6
-13
-23
-27
-23
-11
4
23
44
66
79
81
76
68
57
43
25
10
-2
-7
-8
-10
-10
-3
11
29
44
53
55
51
48
49
54
58
56
46
36
33
31
24
12
1
-5
-7
-10
-18
-23
-26
-23
-19
-15
-12
-15
-20
-22
-17
-8
-5
-9
-17
-24
-27
-27
-27
-26
-24
-23
-30
-40
-47
-44
-38
-29
-16
1
20
33
37
39
44
53
57
52
40
29
21
15
9
-1
-5
1
13
28
41
47
48
44
34
25
13
3
-8
-11
-8
-1
2
5
9
11
12
8
7
4
-2
-8
-12
-10
-7
-7
-10
-10
-7
1
12
20
21
19
19
25
34
40
35
28
22
22
23
24
24
25
29
40
55
68
76
75
65
53
39
31
31
33
37
39
40
41
40
39
38
38
42
42
34
18
-1
-17
-26
-32
-33
-30
-24
-16
-6
-2
-2
-9
-14
-13
-8
0
5
7
6
4
5
11
17
19
18
23
32
44
44
43
45
55
64
63
55
43
29
13
0
-7
-5
1
7
6
-1
-8
-9
-1
13
28
39
41
34
23
11
0
-11
-21
-30
-31
-26
-16
-8
-8
-12
-15
-8
8
23
22
4
-29
-64
-83
-78
-51
-18
-3
-5
-13
-13
-10
-19
-39
-64
-82
-91
-91
-92
-99
-114
-126
-120
-90
-45
2
34
47
38
19
-1
-17
-30
-38
-36
-20
2
26
51
79
101
108
93
60
23
-3
-8
6
27
36
33
28
34
52
68
79
79
75
72
72
72
66
50
32
19
12
11
17
30
47
59
61
54
42
30
23
28
41
52
53
40
19
-2
-26
-52
-72
-76
-59
-27
7
31
40
40
36
28
16
-1
-20
-36
-44
-48
-50
-51
-55
-56
-54
-49
-45
-38
-28
-14
-1
8
18
29
40
43
45
48
55
65
71
66
45
16
-12
-30
-35
-29
-13
11
33
45
40
22
0
-18
-26
-25
-23
-24
-26
-23
-11
2
6
0
-12
-28
-45
-62
-71
-69
-56
-35
-10
16
41
54
51
33
3
-34
-69
-89
-84
-60
-34
-21
-20
-23
-23
-10
16
47
64
53
26
6
3
14
30
44
56
65
65
52
28
0
-14
-2
32
70
97
109
110
101
81
61
49
51
59
61
55
41
19
-5
-21
-26
-15
3
24
38
35
12
-22
-52
-63
-59
-44
-30
-18
-8
3
17
24
15
-10
-40
-60
-64
-61
-63
-68
-68
-61
-49
-36
-23
-6
5
6
-5
-13
-15
-12
-10
-10
-13
-16
-16
-15
-9
-10
-25
-42
-47
-32
-16
-13
-24
-37
-40
-30
-12
9
28
40
41
31
18
15
22
30
34
37
41
45
42
33
27
28
29
31
33
38
43
46
41
30
22
22
28
29
28
26
27
25
17
4
-3
0
7
10
8
5
0
-2
4
14
20
19
13
6
0
-10
-26
-43
-53
-54
-46
-36
-29
-27
-28
-29
-29
-26
-24
-21
-15
-9
-4
-11
-24
-35
-38
-32
-29
-27
-24
-16
-10
-1
9
23
34
37
35
33
34
35
32
25
18
12
9
7
9
14
19
22
23
26
31
35
34
29
23
21
23
29
39
53
67
76
80
82
80
69
53
37
27
22
15
7
0
-4
-7
-4
12
43
75
95
93
75
50
30
21
18
20
18
9
-5
-18
-20
-7
12
29
40
44
43
35
19
-2
-25
-44
-53
-49
-32
-9
9
15
12
4
-6
-18
-25
-28
-29
-27
-23
-24
-33
-47
-60
-63
-55
-43
-28
-14
0
10
16
19
19
12
2
-10
-17
-18
-11
2
19
32
38
37
35
34
33
28
18
6
-2
-6
-7
-9
-12
-19
-23
-21
-11
4
17
24
27
30
31
29
26
24
24
25
25
29
34
39
36
28
21
16
11
1
-12
-19
-15
-3
13
19
19
13
6
-2
-10
-15
-16
-11
0
11
20
24
23
23
25
27
26
20
9
2
4
15
31
45
52
52
53
56
65
74
71
54
30
12
8
13
16
13
6
0
-4
-5
-7
-7
-10
-13
-13
-4
8
17
18
21
25
27
19
0
-23
-44
-50
-41
-25
-20
-32
-55
-71
-71
-57
-37
-13
11
33
49
52
47
40
32
21
8
0
2
11
13
-2
-24
-38
-35
-21
-5
8
20
30
35
29
18
7
-1
-6
-7
-4
4
13
24
34
44
46
39
26
16
15
20
22
16
10
11
19
25
28
30
34
34
27
14
1
-13
-21
-22
-12
4
15
19
20
23
25
21
15
5
-6
-13
-17
-15
-11
-5
0
6
7
6
2
1
0
0
2
7
13
13
9
2
-2
-6
-9
-9
-5
1
3
5
13
25
38
47
53
55
49
36
22
12
5
-4
-14
-18
-14
-5
6
19
30
39
39
33
25
18
13
8
0
-7
-5
-1
-2
-4
-4
0
3
4
6
12
19
21
14
2
-5
-5
-3
-2
-5
-5
2
18
36
48
50
50
50
50
47
38
28
17
5
-6
-15
-20
-19
-20
-26
-28
-23
-14
-3
5
5
0
-11
-20
-24
-26
-30
-33
-26
-6
18
37
41
37
30
28
30
37
39
31
15
-2
-13
-22
-26
-29
-27
-21
-13
-3
6
7
-3
-22
-38
-50
-53
-48
-32
-6
25
51
67
70
64
56
51
48
41
30
22
23
25
24
19
20
26
29
26
24
29
31
29
26
30
35
32
22
15
15
18
13
4
-3
-7
-6
-5
-1
2
-3
-15
-24
-24
-17
-13
-10
-7
4
16
22
17
9
3
5
12
17
20
19
12
6
4
8
15
16
13
8
0
-5
-3
8
29
51
68
71
60
38
16
1
-8
-13
-19
-26
-26
-22
-14
-2
11
22
22
16
11
9
11
11
4
-4
-9
-10
-7
-9
-19
-32
-42
-44
-41
-40
-42
-46
-43
-34
-25
-19
-12
0
17
28
30
25
20
16
9
-3
-14
-20
-19
-20
-21
-16
-5
6
12
12
14
17
25
29
29
27
24
19
13
9
6
3
1
-7
-20
-30
-32
-22
-6
7
12
13
12
6
-1
-8
-11
-9
-6
-1
5
13
18
19
17
14
18
26
34
45
50
56
60
58
50
36
23
11
2
-3
-3
0
-1
-9
-20
-27
-24
-13
-1
10
19
27
32
35
33
30
25
16
-4
-33
-56
-67
-64
-54
-42
-26
-8
6
9
9
7
12
22
35
47
56
59
55
46
33
20
13
15
24
28
27
19
14
15
12
3
-7
-6
6
25
42
51
51
38
15
-6
-20
-26
-36
-45
-53
-53
-49
-44
-38
-33
-26
-16
-5
9
18
18
11
3
-2
-10
-18
-20
-17
-6
4
12
14
13
9
8
16
31
46
55
50
39
27
22
22
22
18
15
20
33
45
52
54
54
53
51
45
37
32
26
19
12
1
-13
-31
-49
-58
-56
-43
-29
-15
2
19
33
37
35
34
36
35
26
15
7
6
8
5
0
-8
-14
-18
-26
-31
-31
-25
-18
-14
-8
-1
7
13
13
11
12
9
3
-5
-8
-5
-3
-5
-6
-4
-2
-5
-10
-11
-6
-2
-6
-20
-36
-44
-43
-37
-35
-38
-42
-39
-32
-19
-7
-2
-1
1
4
11
18
23
24
22
17
15
21
27
31
26
21
15
10
8
9
15
24
32
38
41
38
27
17
9
6
5
3
3
7
9
13
18
25
34
40
45
48
47
42
34
25
14
4
0
7
16
23
31
39
48
55
56
52
47
43
41
37
34
29
25
19
13
8
4
1
-2
-4
-4
1
7
12
12
8
2
-8
-19
-31
-36
-33
-25
-15
-6
0
-2
-14
-31
-40
-35
-18
3
19
29
33
33
35
35
35
29
20
13
10
12
12
6
-3
-14
-23
-31
-38
-42
-42
-36
-25
-12
3
15
25
28
29
29
31
31
30
26
26
29
31
29
20
7
-5
-11
-15
-16
-10
8
36
64
79
76
63
45
26
6
-14
-28
-30
-18
4
23
33
35
30
24
13
-2
-12
-13
-12
-16
-28
-32
-22
-3
15
27
35
43
44
35
21
4
-14
-29
-37
-33
-20
-7
-2
0
4
17
35
49
52
47
38
28
14
-5
-20
-26
-17
0
14
18
15
13
19
30
39
37
26
13
2
-5
-10
-15
-22
-26
