18
16
14
10
6
5
8
13
17
18
15
9
6
7
11
11
9
11
18
26
28
25
24
25
25
24
24
24
26
22
17
16
19
24
27
27
24
24
22
15
6
-4
-8
0
16
32
40
38
27
13
4
3
10
19
21
17
6
-6
-12
-7
3
9
7
7
13
27
35
32
21
14
12
13
14
18
29
38
42
35
24
13
2
-4
-2
7
17
26
32
34
30
20
9
3
-1
-3
-7
-6
3
12
16
9
3
5
14
21
24
26
31
28
18
6
7
20
29
30
23
17
8
-2
-9
-3
16
34
36
26
15
11
8
3
2
6
11
8
-1
-4
3
14
17
10
1
0
6
14
19
20
16
4
-13
-27
-27
-14
7
24
36
35
27
19
20
32
47
49
36
21
15
22
30
33
31
24
9
-8
-20
-16
0
19
31
29
25
22
23
25
25
22
15
8
4
2
4
7
11
11
12
9
4
2
9
19
24
16
3
-6
-4
5
17
26
32
32
28
18
12
13
18
24
24
22
24
28
30
27
22
15
7
-1
-2
5
22
37
41
28
8
-13
-25
-22
-7
11
18
13
8
5
2
-7
-19
-27
-24
-14
-3
9
21
31
34
25
13
5
5
13
20
21
17
11
1
-8
-15
-15
-10
-1
2
7
17
26
26
13
-6
-20
-24
-19
-10
4
18
25
17
0
-17
-22
-15
-4
6
13
14
8
5
2
2
0
-5
-7
-4
1
4
8
9
7
-1
-10
-14
-9
0
7
9
4
-2
-3
0
4
6
7
9
13
11
2
-4
2
14
25
28
23
18
14
13
11
10
11
17
22
19
7
-6
-10
-8
0
10
20
27
28
22
14
10
7
7
10
15
18
15
8
2
-1
-3
0
6
13
17
19
22
26
25
20
13
12
19
26
29
23
14
6
4
4
4
7
13
21
26
30
30
31
29
24
13
0
-3
1
11
22
29
30
26
20
12
5
1
1
4
15
25
34
33
25
16
9
3
-3
-7
-4
6
17
22
24
21
19
12
5
3
7
14
20
24
28
31
30
22
10
3
7
20
31
35
31
31
31
28
21
9
2
1
6
13
17
19
18
12
1
-8
-11
-4
9
19
25
23
23
20
13
5
2
6
13
18
24
31
36
36
32
23
14
5
0
-2
0
5
13
27
36
33
18
4
-3
-3
1
12
27
42
45
34
19
9
4
1
0
5
15
24
25
23
19
16
13
10
4
5
15
30
43
45
36
22
7
-5
-7
-1
11
21
25
27
26
23
13
2
-6
-11
-12
-9
0
13
22
23
18
12
10
10
10
10
12
12
14
18
27
35
35
26
15
8
11
19
28
32
29
21
13
5
-4
-12
-13
-2
17
29
29
25
20
17
8
-3
-7
2
17
31
33
29
21
15
9
7
6
8
9
8
6
6
8
10
10
8
8
8
8
6
6
12
19
24
23
23
19
17
13
10
13
18
27
33
35
34
28
19
9
2
-1
5
10
18
25
29
30
22
12
3
3
8
17
24
24
19
12
10
13
17
16
12
12
14
18
21
26
30
30
27
19
10
7
7
10
11
10
5
0
3
11
22
30
33
31
26
20
14
8
6
5
5
4
0
-3
-3
2
10
17
23
26
24
20
14
14
12
14
14
13
11
9
8
14
21
26
25
19
14
12
13
15
13
9
4
2
3
5
8
14
21
26
25
20
13
13
17
23
25
23
18
9
2
3
8
12
15
16
15
11
6
4
2
0
-1
3
13
24
28
29
27
25
20
10
2
2
7
13
20
25
29
31
28
23
16
10
6
8
13
18
23
26
26
20
9
1
-2
-1
2
8
13
18
20
21
21
16
7
2
2
5
6
7
13
22
25
19
9
4
3
6
4
4
5
5
5
9
15
23
26
25
24
28
31
30
24
15
5
-3
-5
-4
2
9
13
16
16
12
4
-2
-3
-2
4
8
13
16
19
22
23
20
16
14
19
26
28
24
22
24
23
21
20
23
31
36
35
29
20
13
12
15
21
27
31
34
32
25
19
13
8
2
-5
-8
-6
2
9
13
12
8
2
0
2
5
8
11
17
23
26
24
20
16
14
12
12
15
20
25
26
25
27
30
31
30
27
27
31
33
31
24
17
14
12
7
4
3
8
15
20
24
26
25
22
15
9
3
2
4
6
6
5
4
7
8
5
0
-2
0
7
13
19
22
18
12
5
1
1
0
1
4
10
14
16
19
21
16
7
0
4
18
29
29
23
15
10
6
3
6
13
18
21
23
24
27
28
23
18
14
8
5
4
4
2
0
2
9
18
23
22
19
17
19
19
19
18
18
19
17
16
16
19
20
21
20
20
17
16
13
10
8
7
9
11
11
13
15
17
13
6
5
13
26
31
28
24
22
19
15
12
14
18
17
14
13
15
18
19
19
23
27
27
25
25
28
31
28
23
19
20
21
21
16
13
15
21
25
25
24
25
26
18
9
2
7
15
18
15
13
8
2
-2
1
8
11
5
-6
-15
-14
-4
15
32
39
28
13
9
19
30
30
25
19
14
6
-1
0
11
27
32
22
3
-10
-15
-9
-4
-4
-4
-5
-4
-3
-4
-3
-2
0
1
1
0
-1
0
0
-1
-4
-9
-10
-8
-6
-7
-9
-7
-5
-3
-5
-5
-5
-3
-3
-3
0
5
9
9
3
-4
-9
-5
2
8
8
3
1
2
2
-1
-2
2
5
1
-9
-16
-11
2
15
21
24
22
19
16
16
19
20
17
12
6
3
0
2
4
3
-1
-3
-1
2
10
16
22
26
28
29
25
19
13
12
14
15
13
7
6
11
18
19
16
15
20
26
27
26
25
26
28
26
24
24
23
18
13
13
16
17
16
13
12
9
5
5
8
16
17
11
5
2
3
8
10
12
14
18
21
23
25
26
26
25
20
17
13
8
5
6
9
14
17
17
15
15
16
16
15
14
15
15
14
9
3
0
0
4
9
11
9
7
5
3
-3
-6
1
13
20
18
15
17
24
28
27
23
23
24
23
19
16
17
23
26
21
14
10
12
16
17
15
15
16
16
15
14
17
21
26
28
25
19
12
6
4
4
4
4
4
6
5
3
4
7
12
15
15
15
14
15
13
14
15
15
16
19
24
26
25
24
24
23
21
18
20
27
32
29
16
6
6
9
12
10
8
9
11
15
17
20
21
21
19
20
25
25
21
10
4
3
2
0
-2
0
3
5
5
6
10
15
17
14
13
12
9
0
-3
1
9
12
9
4
6
11
15
19
21
18
12
4
1
7
14
19
21
24
26
26
23
22
24
27
27
24
25
23
23
21
17
11
4
4
11
19
22
23
24
25
27
25
25
28
32
29
22
17
18
20
22
19
13
10
9
8
10
13
19
23
24
20
19
20
22
21
20
20
21
22
22
22
25
28
28
24
17
12
9
6
4
4
5
7
5
4
4
7
12
16
21
24
26
25
23
20
17
18
23
26
25
20
14
13
14
16
16
14
12
10
8
11
16
18
15
13
13
13
7
2
2
7
12
12
13
15
18
17
15
14
16
20
23
22
21
15
8
4
6
13
17
15
9
5
3
4
6
6
8
11
15
13
7
1
3
6
7
4
1
2
1
-4
-9
-7
-3
3
8
15
22
22
17
11
9
10
12
16
19
23
20
18
19
23
26
27
24
24
24
25
25
25
24
22
24
26
26
24
24
23
25
25
24
24
24
25
24
21
17
11
6
8
12
16
16
12
7
6
10
19
26
28
26
22
20
18
12
7
8
11
15
16
16
16
17
18
22
25
27
26
26
28
28
24
15
10
11
14
18
22
22
21
16
10
10
14
12
7
4
4
11
15
16
15
14
14
15
12
8
3
-2
0
5
11
15
17
15
13
9
6
5
8
13
15
17
18
19
17
15
17
17
17
16
17
17
14
8
4
5
10
15
18
18
17
16
15
11
8
6
5
7
10
14
16
18
16
9
4
-1
0
3
8
16
23
25
24
24
25
25
24
19
16
13
14
16
23
26
25
24
23
24
25
23
22
19
17
14
12
13
15
15
13
13
14
15
16
19
25
26
26
21
20
20
22
22
23
21
21
22
24
26
25
22
23
25
24
18
14
11
12
14
15
18
22
25
27
30
31
30
26
24
23
24
20
14
5
1
2
2
-1
-2
0
5
8
8
10
13
17
15
12
11
15
16
17
19
21
16
8
3
7
14
18
15
17
19
18
11
3
3
10
16
16
14
14
14
18
23
26
25
24
23
23
21
19
14
11
12
16
15
13
12
13
14
16
20
26
31
32
28
25
24
26
25
24
25
25
24
21
17
11
7
4
8
14
17
18
15
16
19
25
24
19
12
11
14
12
8
0
2
7
8
4
2
7
13
16
15
15
15
11
7
4
4
6
6
9
13
17
16
14
11
9
8
12
16
19
15
13
17
24
25
20
13
8
5
4
5
8
14
18
17
15
15
15
16
11
6
0
-2
-1
0
4
10
14
16
14
12
13
13
9
5
2
3
6
10
13
16
15
14
13
13
14
14
12
10
14
17
23
22
18
13
11
13
14
14
13
13
13
14
16
20
24
27
28
27
27
25
18
9
4
3
4
3
4
9
14
15
14
12
14
16
19
23
25
25
22
22
25
28
25
22
21
21
25
28
28
27
27
28
29
27
23
20
23
27
26
14
7
6
14
20
20
18
17
17
18
16
17
17
15
10
4
0
-1
3
11
17
17
13
12
13
16
15
13
13
13
10
7
11
20
27
26
20
16
11
8
7
12
20
25
22
17
14
18
25
26
24
18
10
5
3
3
8
16
22
22
15
5
2
5
7
5
4
4
5
5
3
2
1
-1
-2
-2
2
7
10
14
16
13
6
1
-2
-2
0
0
5
12
19
21
20
14
11
10
14
20
24
25
22
23
24
23
22
22
23
25
26
26
24
21
19
20
22
21
21
21
21
18
13
9
11
15
20
22
22
23
23
24
30
36
34
25
16
13
12
12
12
15
20
23
23
21
21
21
21
22
24
25
27
28
27
24
22
21
24
24
22
18
13
12
15
17
17
16
14
14
15
15
14
16
19
23
23
18
13
13
18
24
27
25
24
24
23
18
10
5
7
12
17
22
24
26
23
19
15
14
15
15
15
14
10
7
4
4
5
4
5
4
5
5
4
4
5
5
4
4
5
4
5
5
4
5
5
5
4
4
4
4
4
5
5
4
4
-1
-2
-1
3
6
5
4
4
6
9
12
13
9
4
2
3
6
8
10
12
14
10
3
-4
-4
1
8
11
10
9
11
15
20
21
17
10
7
8
10
10
9
11
15
17
13
6
1
5
13
21
24
23
22
23
25
23
21
21
18
12
9
11
14
14
12
12
13
14
12
14
17
22
23
22
17
11
8
9
12
16
15
16
18
22
26
27
27
25
22
21
23
23
24
23
23
22
24
24
23
24
27
28
25
18
16
21
27
28
26
24
25
26
21
16
13
14
16
15
14
14
13
9
4
2
4
6
6
3
-1
-1
3
8
13
16
18
19
22
22
20
18
20
21
18
13
8
9
13
17
19
21
22
21
19
18
18
18
13
7
5
6
8
11
14
15
13
11
15
21
23
19
13
9
9
7
4
1
3
6
4
0
-3
-2
0
5
8
14
21
26
29
31
31
26
18
15
16
17
19
22
26
28
27
23
24
25
25
24
23
24
22
19
18
21
25
26
23
17
14
13
14
17
18
20
23
25
22
18
16
20
26
24
15
6
1
5
10
15
17
16
15
16
21
26
25
20
15
12
15
16
15
14
15
16
16
15
14
15
16
15
13
15
13
9
4
5
13
19
18
13
14
16
16
14
14
15
17
15
13
16
16
15
14
15
16
15
14
16
16
15
13
14
11
6
1
3
6
6
4
4
6
11
14
15
14
9
5
2
5
6
6
7
12
18
18
14
9
6
5
4
4
6
6
4
3
5
9
13
15
16
17
18
21
25
27
25
23
24
25
26
23
20
18
18
21
23
19
13
12
16
18
17
15
19
26
26
20
14
13
16
17
18
21
25
27
25
24
22
21
17
13
14
18
21
24
24
26
26
25
23
20
17
14
12
16
17
16
16
19
22
20
15
12
14
17
17
15
15
16
18
22
25
26
22
17
12
10
8
8
10
16
23
26
23
17
13
12
14
16
16
16
14
13
10
6
5
10
17
19
15
13
16
19
22
22
24
23
17
12
13
17
14
8
5
7
15
18
16
15
15
16
16
14
15
15
15
14
14
9
6
3
4
5
6
8
12
12
8
2
3
10
16
17
15
14
15
18
17
19
21
21
18
13
8
7
8
9
8
5
2
-1
1
7
12
12
8
6
10
11
9
7
9
10
9
5
6
11
11
8
2
3
5
7
10
13
14
10
4
2
3
6
4
4
8
13
15
15
13
12
10
7
2
2
5
8
11
13
15
15
14
12
12
14
14
13
13
15
15
14
14
18
23
26
26
23
22
23
24
23
22
21
25
27
27
25
22
18
15
14
18
23
28
29
29
26
24
23
24
24
22
19
14
13
14
15
16
13
9
5
2
3
6
6
4
5
5
6
5
6
10
15
15
10
5
2
5
10
13
16
17
14
12
9
7
3
3
4
5
5
5
8
14
20
22
23
20
15
7
2
3
5
5
4
3
4
5
4
3
4
4
4
5
9
14
14
10
5
2
1
1
1
-2
0
4
7
9
11
18
24
23
18
12
10
8
7
5
9
15
18
13
11
13
15
13
8
4
3
5
5
4
4
4
5
7
10
14
14
10
4
3
8
15
17
14
13
12
10
10
11
19
25
23
16
13
17
24
26
24
23
21
17
10
4
2
3
5
6
8
12
16
16
16
19
23
25
24
18
10
10
14
16
15
13
13
15
15
13
16
20
23
22
19
18
23
27
26
23
21
18
15
13
17
22
26
21
13
11
11
10
4
1
2
3
1
-3
0
9
14
12
4
2
5
12
15
15
13
13
15
16
18
21
18
12
4
2
6
15
23
25
25
25
23
21
18
18
21
24
23
16
6
0
2
8
7
6
8
15
17
12
4
1
4
6
4
4
5
6
4
3
5
5
5
4
4
6
5
6
10
15
16
14
15
14
14
14
13
15
14
14
13
14
14
15
20
24
26
25
23
23
19
14
13
17
25
26
22
16
12
14
14
14
15
15
17
22
25
26
23
20
16
14
12
13
15
15
14
13
15
16
17
21
27
29
27
21
15
11
9
10
13
12
10
10
11
12
13
15
19
23
22
18
15
12
10
10
11
12
11
11
11
12
12
10
13
18
21
20
17
14
9
6
2
3
5
5
4
4
7
13
15
15
15
14
14
15
14
13
13
15
14
14
13
16
16
14
15
20
24
24
19
14
11
12
12
7
3
2
5
6
6
8
12
17
18
14
11
13
13
11
5
2
1
1
2
1
5
12
17
18
15
13
14
13
8
4
7
13
19
17
14
11
9
6
4
8
14
18
16
14
15
17
15
15
15
18
17
15
13
12
7
3
4
8
9
7
5
8
9
8
8
14
18
19
14
12
15
18
16
14
15
15
13
8
5
5
10
15
17
17
15
11
8
5
5
8
13
18
17
15
15
16
16
15
15
17
17
13
8
4
4
5
2
0
0
7
17
24
24
22
18
14
13
14
20
24
24
18
13
12
12
12
12
12
13
14
17
22
24
24
20
16
13
11
8
6
3
3
4
6
10
13
15
15
14
13
13
14
17
20
24
26
25
21
16
14
12
13
14
15
17
20
24
26
26
23
23
24
25
25
24
24
25
24
24
24
25
25
24
24
24
25
24
23
24
25
25
23
24
20
16
12
11
14
16
15
13
15
21
26
26
24
23
24
24
21
17
14
13
12
14
16
19
24
28
30
30
27
22
14
9
6
6
8
10
14
19
18
16
13
12
13
14
14
11
10
10
15
20
21
17
18
23
25
21
13
11
17
23
27
25
20
17
16
19
25
29
25
22
23
26
25
20
13
9
6
5
4
6
13
21
26
27
25
24
23
22
18
12
5
3
4
6
6
8
13
21
29
30
27
21
16
11
9
7
4
3
3
5
6
6
9
14
17
16
13
13
15
16
14
13
14
15
13
7
3
3
5
9
14
15
16
13
13
14
13
9
4
2
3
4
3
0
-3
-1
5
10
12
12
12
16
21
21
16
9
6
8
9
10
9
10
10
9
9
9
11
15
19
24
27
26
23
21
18
15
13
14
16
17
16
14
14
16
16
15
14
15
15
14
9
6
8
15
22
25
20
15
13
14
16
15
14
16
15
15
15
15
16
16
15
15
16
15
14
15
16
15
15
15
13
8
3
5
12
22
29
32
31
26
21
17
16
14
11
7
7
11
12
9
7
8
11
9
4
1
2
5
6
7
11
15
16
14
13
14
15
13
8
4
4
4
7
10
16
23
26
26
23
19
15
8
2
2
5
7
5
6
14
23
28
28
25
21
12
4
2
3
7
6
5
9
17
24
28
29
31
28
22
13
8
3
1
2
4
11
17
21
23
25
25
24
21
17
14
12
10
6
3
1
4
5
0
-7
-10
-8
-2
4
7
12
16
17
12
7
6
7
11
9
7
8
9
9
10
13
17
20
21
18
18
18
19
18
18
18
21
24
27
30
33
32
25
19
13
9
5
5
8
15
21
25
27
25
22
17
13
11
9
6
4
4
5
5
7
10
13
12
8
3
3
5
5
2
-3
-3
3
8
12
13
13
14
14
14
14
10
6
4
3
5
5
5
3
4
6
5
4
7
14
15
11
3
-3
-4
-1
3
8
14
21
26
26
21
17
13
10
7
5
4
4
4
8
12
20
26
27
27
28
27
24
17
12
10
12
13
11
10
13
19
26
29
28
26
24
23
22
18
14
12
15
17
17
15
13
15
16
15
14
15
20
23
25
24
25
25
20
14
10
9
14
19
24
26
28
31
33
31
28
22
19
14
10
7
7
10
15
19
22
25
27
31
30
24
14
6
2
3
4
5
8
12
16
17
19
23
29
32
29
21
14
7
3
0
0
4
9
16
21
25
29
32
30
24
16
8
4
1
0
3
10
20
28
34
37
36
32
27
22
16
7
0
0
5
10
12
15
21
25
26
23
22
24
21
12
1
-9
-13
-14
-10
-3
5
11
16
23
29
32
28
22
13
5
-2
-6
-5
-3
2
8
18
27
33
34
33
29
24
17
11
5
0
-2
1
8
15
20
26
30
32
30
24
18
12
6
3
4
5
6
5
5
4
7
13
19
23
26
27
25
25
25
25
24
20
15
12
14
16
19
21
25
31
33
33
26
19
14
10
3
-3
-4
2
11
18
26
29
32
30
26
18
10
4
-2
-2
0
3
6
8
13
20
26
26
23
18
12
6
1
0
4
9
17
22
26
26
24
25
28
30
27
21
17
14
13
11
9
10
13
16
18
22
27
28
25
18
12
9
6
2
-2
-1
5
9
12
17
21
24
27
29
30
27
18
9
5
8
10
12
12
14
18
21
21
19
19
22
25
24
18
12
9
8
4
0
-2
-1
3
11
20
24
21
15
13
18
23
21
14
10
9
12
11
10
11
12
11
8
8
13
25
33
33
30
28
39
68
111
154
176
156
91
12
-26
13
97
137
57
-106
-233
-223
-111
-36
-96
-236
-312
-257
-164
-154
-236
-294
-249
-154
-119
-155
-165
-77
57
118
73
11
43
169
284
293
204
117
114
189
253
237
168
133
169
215
183
86
19
52
124
114
-7
-134
-136
-19
86
69
-39
-110
-63
49
120
105
62
61
106
150
155
139
137
162
190
183
137
88
78
117
149
116
14
-89
-123
-95
-72
-109
-190
-257
-274
-254
-231
-237
-267
-296
-294
-266
-236
-215
-183
-119
-36
24
51
89
189
341
488
579
616
629
629
607
569
536
512
461
326
100
-147
-316
-384
-441
-597
-843
-1057
-1124
-1069
-1026
-1079
-1178
-1191
-1072
-893
-751
-658
-545
-366
-155
21
149
281
457
648
780
829
841
884
972
1045
1031
926
797
717
684
623
476
270
85
-42
-151
-294
-453
-560
-587
-587
-623
-696
-735
-671
-498
-286
-129
-72
-60
23
242
525
721
759
713
718
817
934
962
881
753
646
564
466
329
189
95
37
-63
-260
-494
-627
-601
-511
-506
-630
-773
-795
-667
-476
-338
-297
-298
-261
-157
-38
30
48
80
152
212
204
160
157
222
281
251
141
31
-18
-27
-63
-161
-295
-397
-442
-468
-531
-621
-673
-645
-593
-598
-660
-684
-604
-466
-371
-364
-376
-326
-210
-86
-2
52
109
181
238
266
277
302
341
363
340
285
250
282
381
493
568
606
653
738
822
831
755
676
690
788
846
747
510
286
235
361
485
399
70
-309
-493
-411
-224
-146
-258
-469
-629
-644
-521
-344
-228
-244
-360
-461
-453
-345
-211
-97
-10
28
-29
-153
-204
-66
182
316
207
-15
-119
-27
132
210
175
78
-38
-135
-157
-97
-41
-84
-205
-302
-333
-349
-373
-340
-232
-165
-257
-435
-488
-304
14
295
485
627
738
774
730
680
699
777
816
708
414
38
-220
-229
-102
-123
-454
-897
-1100
-955
-735
-763
-1023
-1208
-1124
-902
-775
-752
-638
-356
-101
-93
-277
-344
-81
378
666
540
114
-228
-159
287
712
701
232
-282
-392
-67
299
323
21
-290
-379
-313
-294
-388
-493
-515
-507
-598
-809
-979
-863
-355
376
966
1137
907
581
527
946
1757
2562
2822
2273
1304
780
1240
2231
2664
1946
656
-110
34
418
248
-426
-908
-880
-822
-1279
-1998
-2168
-1517
-774
-855
-1741
-2474
-2239
-1217
-303
-164
-681
-1200
-1156
-491
332
747
597
273
283
672
1035
1093
1043
1188
1410
1282
703
138
126
620
1039
877
177
-573
-892
-670
-206
41
-179
-667
-978
-853
-469
-223
-290
-498
-571
-429
-203
-40
20
17
-10
-29
-1
92
209
282
273
202
102
-7
-110
-166
-162
-158
-241
-417
-567
-582
-476
-366
-337
-383
-456
-537
-614
-649
-608
-510
-422
-411
-510
-708
-920
-1003
-899
-740
-741
-952
-1193
-1290
-1285
-1311
-1292
-971
-224
711
1461
1868
2052
2172
2301
2501
2868
3389
3828
3880
3459
2799
2274
2145
2372
2566
2194
1072
-284
-1008
-782
-290
-499
-1534
-2540
-2766
-2426
-2251
-2439
-2509
-2187
-1874
-2004
-2294
-2075
-1252
-463
-254
-448
-535
-306
99
579
1094
1417
1291
906
862
1427
2107
2219
1734
1227
1053
989
765
533
533
563
177
-628
-1299
-1426
-1224
-1164
-1371
-1634
-1837
-2007
-2018
-1610
-844
-250
-256
-646
-797
-407
280
890
1270
1376
1161
798
765
1352
2146
2355
1720
864
540
782
1000
793
317
-108
-448
-819
-1158
-1290
-1249
-1297
-1572
-1925
-2128
-2163
-2126
-2036
-1868
-1722
-1752
-1910
-1913
-1594
-1157
-970
-1117
-1316
-1279
-1042
-852
-854
-938
-896
-579
103
1187
2535
3737
4276
3939
3107
2596
3090
4526
5948
6111
4563
2297
1116
1959
3783
4378
2567
-504
-2474
-2200
-817
-326
-1399
-2932
-3629
-3488
-3411
-3713
-3675
-2734
-1577
-1463
-2585
-3602
-3092
-1163
686
1166
359
-619
-721
309
1910
3094
3107
2103
1122
1121
1966
2671
2618
2146
1787
1398
574
-370
-542
238
885
252
-1438
-2839
-3020
-2296
-1569
-1401
-1876
-2806
-3667
-3673
-2515
-962
-208
-536
-1036
-788
110
959
1464
1866
2234
2304
2056
1979
2451
3161
3461
3130
2463
1780
1198
845
859
1023
734
-320
-1630
-2314
-2091
-1584
-1581
-2229
-3038
-3474
-3394
-3006
-2617
-2439
-2484
-2562
-2453
-2135
-1777
-1496
-1227
-901
-649
-666
-887
-973
-703
-288
-168
-498
-923
-860
51
1695
3523
4787
4921
3934
2579
1994
2923
5011
6784
6594
4088
909
-388
1306
4230
5157
2629
-1369
-3392
-2240
-144
-19
-2091
-3986
-3979
-3058
-3183
-4313
-4451
-2652
-702
-935
-3071
-4408
-3079
-161
1835
1715
320
-848
-858
422
2348
3600
3140
1496
474
1128
2505
2987
2387
1840
1821
1458
169
-1023
-723
730
1442
272
-1870
-3265
-3227
-2324
-1378
-966
-1510
-2943
-4231
-4013
-2197
-380
-141
-1246
-2062
-1574
-267
965
1959
2885
3386
2930
1920
1637
2771
4443
5065
3954
1905
374
294
1434
2497
2058
-89
-2440
-3130
-1987
-821
-1325
-3066
-4136
-3624
-2637
-2624
-3429
-3701
-2930
-2146
-2384
-3188
-3249
-2166
-909
-524
-944
-1351
-1233
-762
-352
-253
-488
-864
-1028
-775
-272
320
1355
3292
5607
6669
5321
2484
656
1613
4754
7653
8018
5412
1727
-16
1818
5464
6879
3809
-1402
-4057
-2383
505
532
-2399
-4761
-4290
-2730
-2925
-4628
-4932
-2608
-138
-550
-3382
-5132
-3478
177
2590
2145
-33
-1701
-1429
651
3094
4118
3052
1140
408
1459
2855
3021
2172
1695
1955
1799
451
-1036
-1024
440
1488
611
-1663
-3515
-3748
-2628
-1297
-849
-1735
-3419
-4551
-4037
-2215
-650
-480
-1253
-1674
-1158
-152
857
1920
3004
3506
2997
2099
2016
3065
4226
4304
3216
1874
1125
1075
1290
1263
715
-257
-1214
-1732
-1841
-1949
-2307
-2740
-2993
-3141
-3389
-3638
-3532
-3002
-2502
-2509
-2924
-3148
-2760
-1955
-1281
-1042
-1076
-1059
-886
-696
-616
-598
-547
-525
-701
-1045
-1096
-149
2106
4969
6858
6408
3820
1099
644
3219
7119
9357
8019
3970
475
609
4246
7588
6598
1440
-3222
-3281
1
1613
-867
-4372
-4826
-2756
-2201
-4549
-6337
-4314
-466
340
-3088
-6570
-5859
-1625
1948
2203
133
-1741
-1900
-269
2255
4072
3794
1822
366
1016
2740
3299
2323
1620
2277
2860
1573
-801
-1623
29
1980
1667
-808
-3188
-3853
-3083
-1922
-1074
-1070
-2313
-4210
-5066
-3830
-1617
-579
-1316
-2347
-2197
-1076
56
1105
2534
3901
3965
2531
1193
1623
3559
5149
5015
3435
1659
699
820
1568
1997
1282
-422
-1957
-2349
-1872
-1616
-2113
-2861
-3239
-3342
-3611
-3975
-3908
-3294
-2740
-2855
-3434
-3666
-3080
-2052
-1309
-1138
-1214
-1147
-922
-749
-696
-663
-655
-796
-1040
-1026
-279
1502
4149
6667
7393
5304
1643
-394
1545
6346
10111
9617
5106
34
-1644
1371
6255
8025
4358
-1406
-3523
-670
2245
471
-4190
-6022
-3636
-1893
-4513
-8190
-7130
-1650
1696
-1202
-6614
-7940
-3719
1577
3450
1599
-1368
-2942
-1912
1385
4754
5380
2808
2
86
2537
4097
3268
2016
2407
3361
2401
-283
-1658
40
2709
2947
144
-3185
-4586
-3858
-2260
-975
-850
-2375
-4823
-6099
-4713
-1829
-230
-1041
-2492
-2344
-613
1020
1763
2353
3243
3584
2691
1573
1881
3601
4843
4105
2001
390
294
1171
1824
1530
377
-943
-1648
-1555
-1347
-1822
-2835
-3424
-3158
-2820
-3309
-4232
-4334
-3305
-2383
-2744
-3903
-4307
-3329
-1935
-1310
-1483
-1665
-1522
-1457
-1736
-1952
-1548
-470
1045
2955
5187
6993
7184
5420
3000
2045
3717
7168
9973
9725
6030
1510
123
3202
7193
6852
1403
-3901
-3858
110
1773
-1620
-5814
-5775
-2899
-2762
-6662
-9333
-6375
-759
864
-3150
-7625
-7349
-2857
1435
2582
1007
-1341
-2601
-1444
1933
5074
5228
2677
723
1651
3962
4747
3725
3128
3928
4226
2253
-609
-1331
752
2970
2544
-375
-3372
-4541
-3782
-2097
-735
-916
-3078
-5846
-6704
-4582
-1408
-163
-1533
-3340
-3341
-1629
202
1368
2305
3187
3323
2439
1592
2060
3632
4768
4373
2877
1482
915
1081
1475
1543
938
-168
-1125
-1487
-1565
-1969
-2670
-3027
-2830
-2764
-3448
-4388
-4510
-3612
-2705
-2711
-3344
-3633
-3208
-2564
-2206
-2083
-1947
-1851
-1954
-2103
-1915
-1176
114
1988
4388
6665
7582
6328
3653
1752
2599
6114
9828
10612
7352
2373
-63
2378
7249
9104
5114
-1363
-4142
-1384
2125
1033
-3718
-6419
-4606
-2397
-4291
-8280
-8424
-3527
565
-1390
-6982
-9301
-5596
104
2658
1255
-1444
-3044
-2622
-42
3634
5764
4443
1310
147
2233
4813
5044
3681
3258
3941
3507
1262
-441
496
2758
3252
976
-2157
-3935
-3826
-2488
-887
-357
-2096
-5434
-7513
-6082
-2433
-253
-1371
-3780
-4371
-2587
-410
593
848
1406
2261
2738
2755
2854
3221
3483
3443
3351
3249
2715
1636
734
732
1252
1179
116
-1137
-1735
-1841
-2112
-2604
-2834
-2745
-2901
-3549
-4096
-3912
-3246
-2876
-3053
-3328
-3357
-3284
-3170
-2658
-1625
-784
-994
-2047
-2708
-2146
-792
525
1844
3828
6277
7643
6566
3761
1844
3033
6958
10742
11258
7738
2725
366
2790
7561
9366
5403
-1080
-3966
-1368
2031
910
-3843
-6587
-4815
-2469
-3969
-7560
-7767
-3483
13
-1873
-6817
-8645
-5075
152
2387
876
-1828
-3108
-1887
1349
4593
5304
2960
246
322
3005
5099
4643
3190
3090
3981
3591
1407
-325
337
2343
2961
1063
-1869
-3685
-3595
-2299
-1066
-1041
-2654
-4950
-5962
-4595
-2130
-1042
-2130
-3567
-3259
-1431
-38
17
-109
876
2503
3325
2947
2358
2442
3008
3440
3501
3209
2472
1379
495
335
661
732
204
-619
-1327
-1809
-2070
-2085
-2030
-2312
-3069
-3847
-4049
-3612
-3012
-2704
-2774
-3056
-3309
-3260
-2727
-1886
-1262
-1287
-1871
-2456
-2483
-1785
-541
1076
3066
5243
6789
6606
4555
2232
1978
4730
8826
11127
9556
4991
975
986
5022
8836
7802
2197
-2533
-2002
1590
2223
-1946
-6154
-5787
-2871
-2886
-6505
-8419
-5151
-456
-385
-5059
-8631
-6912
-1976
1393
1274
-750
-2491
-2688
-785
2574
5021
4423
1735
308
1787
4129
4621
3490
2992
3747
3968
2451
584
432
1892
2919
2082
-136
-2384
-3700
-3659
-2382
-992
-1211
-3529
-6053
-6238
-3877
-1492
-1306
-2668
-3239
-2147
-760
-367
-347
594
2293
3290
2876
1962
1737
2318
3053
3489
3466
2788
1527
445
380
1123
1511
807
-496
-1476
-1880
-2047
-2150
-2114
-2129
-2621
-3565
-4263
-4133
-3413
-2831
-2756
-2973
-3169
-3223
-3048
-2512
-1769
-1363
-1680
-2378
-2632
-1974
-567
1324
3668
6115
7501
6658
4019
1943
2806
6598
10516
11195
7667
2567
213
2728
7521
9267
5334
-1023
-3974
-1762
1413
858
-2784
-5014
-4005
-2889
-4734
-7689
-7500
-3763
-869
-2269
-6075
-7701
-5432
-1667
587
587
-667
-1954
-2179
-576
2240
4163
3703
1911
1188
2340
3855
4257
3936
3992
4222
3459
1645
353
840
2370
3041
1884
-384
-2380
-3217
-2783
-1641
-941
-1750
-3893
-5684
-5492
-3586
-1895
-1804
-2704
-3016
-2156
-876
42
667
1343
1938
2110
2004
2112
2575
3017
3105
2906
2625
2312
1967
1668
1413
1047
518
29
-281
-611
-1226
-1963
-2376
-2365
-2366
-2788
-3469
-3884
-3777
-3393
-3121
-3077
-3091
-3003
-2846
-2696
-2466
-2025
-1557
-1540
-2136
-2742
-2466
-1056
978
3109
5140
6622
6588
4670
2298
1933
4643
8721
10956
9344
4866
982
1011
4932
8644
7629
2127
-2537
-2028
1534
2238
-1780
-5933
-5721
-2980
-2907
-6242
-8130
-5320
-1132
-1011
-5124
-8288
-6723
-2228
914
898
-871
-2346
-2419
-750
2089
4281
4113
2107
794
1740
3724
4577
4025
3540
3793
3705
2406
911
868
2200
3053
2053
-229
-2213
-2955
-2537
-1554
-895
-1521
-3526
-5470
-5523
-3617
-1770
-1764
-3063
-3662
-2681
-1189
-434
-200
501
1766
2646
2562
2100
2144
2732
3166
2985
2428
1973
1772
1660
1466
1143
709
247
-130
-433
-867
-1566
-2276
-2543
-2334
-2229
-2715
-3492
-3804
-3461
-3097
-3243
-3577
-3436
-2843
-2472
-2630
-2828
-2563
-2082
-1956
-2170
-2058
-1033
948
3533
6033
7340
6495
3947
1909
2719
6454
10364
11048
7534
2488
200
2706
7419
9117
5222
-1036
-3768
-1086
2649
2175
-2224
-5498
-4738
-2779
-3671
-6678
-7391
-4307
-1317
-2518
-6627
-8631
-6082
-1632
718
-40
-1981
-2993
-2269
-40
2610
3958
3080
1263
876
2540
4421
4792
4180
4065
4363
3718
2007
950
1713
3111
3105
1342
-771
-2042
-2448
-2294
-1688
-1185
-1860
-3905
-5742
-5554
-3542
-1792
-1804
-2905
-3421
-2733
-1541
-533
350
1295
1980
2015
1653
1596
2132
2842
3177
3054
2749
2450
2145
1828
1573
1337
925
254
-443
-852
-975
-1128
-1526
-2040
-2435
-2688
-2944
-3221
-3395
-3439
-3482
-3561
-3498
-3196
-2875
-2797
-2855
-2689
-2258
-1965
-2085
-2240
-1670
47
2635
5267
6861
6550
4466
2206
1978
4696
8797
11159
9609
4987
918
962
5061
8881
7807
2156
-2702
-2435
1023
2068
-1229
-4915
-5019
-3096
-3470
-6485
-7852
-5073
-1426
-1645
-5532
-8347
-6907
-2953
-230
-243
-1760
-2966
-2771
-912
1783
3497
3039
1457
997
2360
3981
4365
4003
4173
4699
4232
2583
1427
2133
3808
4269
2569
-172
-2219
-2781
-2138
-1086
-648
-1665
-3908
-5783
-5681
-3770
-1948
-1768
-2840
-3578
-3114
-1936
-840
-3
728
1193
1140
855
1029
1886
2830
3132
2731
2156
1840
1810
1918
2042
1955
1377
370
-492
-689
-419
-421
-1086
-2013
-2570
-2668
-2701
-2914
-3137
-3196
-3251
-3524
-3880
-3912
-3468
-2864
-2531
-2556
-2705
-2755
-2671
-2410
-1701
-151
2310
5053
6874
6752
4822
2688
2468
5036
8950
11230
9717
5167
1119
1106
5243
9501
9191
3857
-1808
-2818
455
2758
431
-4132
-5905
-3984
-2484
-4409
-7256
-6672
-2919
-863
-3409
-7539
-8216
-4561
-376
708
-1220
-3492
-3868
-1924
1197
3509
3493
1652
345
1275
3495
4721
4290
3644
3877
4117
3130
1558
1271
2719
4104
3510
1069
-1446
-2585
-2218
-1096
-255
-709
-2738
-5163
-6001
-4479
-2095
-1061
-1875
-3053
-3139
-2226
-1209
-386
531
1410
1620
1079
648
1128
2270
3143
3178
2527
1683
1119
1179
1799
2302
1895
574
-743
-1186
-856
-566
-862
-1580
-2285
-2773
-3054
-3107
-2943
-2798
-2983
-3480
-3855
-3724
-3184
-2694
-2585
-2829
-3221
-3553
-3567
-2960
-1585
412
2717
4911
6317
6146
4352
2344
2265
4974
8737
10376
8158
3777
1247
3208
7944
10458
7434
1135
-2660
-1134
2245
2072
-2159
-5663
-4990
-2591
-3052
-6402
-8071
-5494
-1892
-1965
-5637
-8344
-6901
-2949
-261
-447
-2192
-3447
-3068
-1039
1598
3130
2617
1162
871
2333
3982
4341
3933
4133
4847
4592
2877
1284
1540
3219
4191
3052
477
-1769
-2505
-1781
-551
-78
-1166
-3387
-5173
-5189
-3684
-2192
-1867
-2478
-3068
-3096
-2602
-1649
-248
1154
1725
1153
228
149
1249
2673
3309
2864
1964
1412
1493
1896
2107
1830
1145
369
-220
-564
-777
-992
-1282
-1695
-2240
-2786
-3048
-2856
-2453
-2412
-3089
-4124
-4649
-4136
-3010
-2318
-2705
-3777
-4509
-4216
-2972
-1150
1121
3703
5829
6297
4721
2437
1730
3849
7709
10545
10034
6327
2420
1971
5727
9996
9855
4609
-868
-1505
1877
3641
576
-4115
-5399
-3198
-2063
-4521
-7595
-7210
-3949
-2174
-4140
-7262
-7717
-5013
-1919
-903
-1917
-3291
-3541
-2205
64
1841
2022
1072
707
1863
3468
3891
3225
3109
4254
5225
4387
2322
1267
2272
3886
3963
2063
-398
-1883
-1975
-1255
-671
-1070
-2624
-4430
-5140
-4362
-3156
-2766
-3160
-3304
-2709
-2015
-1840
-1717
-746
954
2129
1871
781
297
1086
2444
3198
2882
1951
1200
1129
1685
2293
2260
1390
232
-463
-543
-507
-802
-1348
-1880
-2405
-2999
-3402
-3241
-2677
-2430
-2965
-3916
-4494
-4309
-3654
-3091
-3003
-3417
-3999
-4147
-3316
-1390
1246
3937
5904
6372
5087
3033
2246
4217
8165
11195
10637
6555
2065
917
4121
8562
9527
5448
-43
-1818
798
3126
1019
-3770
-5993
-4034
-1947
-3587
-7151
-7849
-4740
-2029
-3260
-6708
-7961
-5515
-2022
-583
-1572
-3178
-3630
-2337
96
2213
2671
1620
792
1563
3281
4197
3849
3519
4148
4817
4094
2289
1310
2186
3656
3673
1788
-568
-1866
-1857
-1251
-822
-1113
-2370
-4102
-5065
-4418
-2906
-2213
-2932
-3826
-3463
-2067
-1033
-926
-838
105
1362
1726
1043
485
1036
2289
3033
2734
1998
1665
1879
2170
2150
1815
1293
644
-20
-496
-714
-878
-1244
-1830
-2468
-3017
-3378
-3427
-3186
-3032
-3385
-4114
-4496
-4039
-3156
-2762
-3217
-3944
-4129
-3567
-2636
-1567
-43
2278
4925
6543
6023
3856
2204
3185
6776
10392
10923
7630
3221
1736
4705
9198
10285
6118
250
-2026
329
2930
1446
-3003
-5547
-4110
-1988
-3060
-6383
-7680
-5376
-2707
-3216
-6143
-7761
-6188
-3161
-1359
-1525
-2552
-3107
-2480
-695
1342
2295
1788
1067
1547
2932
3677
3246
2864
3582
4579
4268
2652
1465
1930
3238
3620
2343
175
-1638
-2318
-1808
-795
-516
-1803
-4035
-5441
-4890
-3169
-2084
-2427
-3280
-3348
-2494
-1582
-1143
-762
98
1154
1585
1174
716
1090
2175
3009
2911
2171
1592
1622
2064
2417
2293
1628
719
43
-172
-200
-514
-1234
-2047
-2634
-2962
-3110
-3092
-3016
-3181
-3742
-4375
-4514
-3986
-3227
-2820
-3000
-3547
-4014
-3991
-3284
-1923
10
2415
4855
6364
6046
4171
2439
2763
5524
8958
10337
8217
4060
1540
3307
7874
10361
7436
1342
-2199
-487
2986
2888
-1394
-5282
-5130
-2772
-2615
-5532
-7853
-6576
-3456
-2581
-4997
-7600
-7249
-4353
-1740
-1181
-2082
-2923
-2754
-1429
518
1948
1980
1191
1229
2706
4250
4351
3515
3478
4507
4898
3525
1687
1448
2844
3853
2956
716
-1268
-2097
-1886
-1186
-743
-1377
-3189
-4993
-5246
-3822
-2286
-2104
-2998
-3538
-3033
-2153
-1650
-1225
-185
1195
1766
1060
102
292
1738
3171
3429
2605
1675
1388
1741
2251
2386
1860
839
-90
-400
-195
-117
-631
-1561
-2422
-2978
-3267
-3295
-3050
-2815
-3080
-3896
-4596
-4440
-3488
-2588
-2481
-3122
-3868
-4133
-3718
-2660
-1026
1093
3407
5304
6020
5220
3615
2834
4258
7620
10734
11032
7909
3786
2360
5009
8829
9102
4439
-1147
-2440
858
3644
1675
-3213
-5731
-4111
-2107
-3486
-6844
-7779
-5105
-2419
-3171
-6262
-7782
-5916
-2606
-739
-1126
-2461
-3077
-2170
-78
1928
2527
1665
821
1380
2947
3922
3681
3312
3868
4685
4285
2599
1303
1723
3118
3584
2236
-23
-1728
-2195
-1695
-945
-780
-1820
-3814
-5413
-5262
-3516
-1867
-1754
-2810
-3458
-2831
-1581
-724
-317
294
1211
1689
1232
483
576
1739
2994
3280
2562
1687
1394
1732
2218
2313
1717
581
-488
-879
-628
-458
-1004
-2072
-2897
-3045
-2812
-2743
-3012
-3420
-3788
-4094
-4293
-4229
-3839
-3346
-3139
-3411
-3913
-4072
-3376
-1693
714
3330
5430
6188
5234
3388
2556
4241
7874
10789
10347
6439
2026
868
4057
8512
9510
5465
-24
-1838
829
3489
1893
-2677
-5285
-3939
-2004
-3265
-6612
-7729
-5206
-2461
-3052
-6088
-7703
-5999
-2850
-1096
-1490
-2733
-3277
-2431
-458
1553
2320
1644
855
1362
2869
3828
3612
3310
3936
4754
4270
2546
1369
1969
3402
3720
2203
-143
-1897
-2378
-1741
-754
-589
-2007
-4306
-5599
-4772
-2881
-1982
-2674
-3572
-3264
-2068
-1296
-1300
-1108
9
1369
1748
1006
316
757
2105
3186
3185
2353
1557
1414
1864
2349
2293
1565
601
16
-37
-15
-421
-1211
-1944
-2412
-2776
-3103
-3172
-2945
-2884
-3422
-4250
-4584
-4106
-3323
-2927
-3097
-3548
-3924
-3919
-3249
-1803
239
2524
4627
5917
5724
4142
2621
3129
6223
10009
11404
8921
4425
1908
3777
8008
9623
5888
-222
-2949
-369
3230
2607
-1985
-5449
-4658
-2265
-2647
-5839
-7756
-5946
-2808
-2243
-4701
-7037
-6580
-3881
-1423
-854
-1910
-3181
-3227
-1486
1128
2750
2368
1077
888
2288
3754
3915
3370
3581
4518
4612
3123
1449
1402
2811
3712
2739
496
-1457
-2219
-1922
-1197
-870
-1676
-3503
-5046
-4930
-3368
-2077
-2280
-3280
-3498
-2517
-1383
-961
-787
21
1287
1905
1373
560
711
1958
3205
3388
2548
1606
1327
1668
2024
1912
1335
635
117
-172
-383
-679
-1107
-1620
-2156
-2660
-3039
-3203
-3187
-3219
-3514
-3998
-4285
-4058
-3440
-2922
-2912
-3360
-3825
-3867
-3311
-2150
-340
2091
4638
6242
5992
4142
2293
2313
4802
8392
10482
9164
5149
1836
2482
6523
9367
7099
1304
-2295
-578
3086
3105
-1237
-5182
-5011
-2711
-2678
-5495
-7442
-5959
-3099
-2565
-4880
-7117
-6767
-4313
-1969
-1174
-1776
-2708
-2777
-1362
891
2366
2114
1072
1000
2279
3534
3649
3254
3596
4485
4449
2908
1239
1140
2504
3548
2862
747
-1385
-2385
-2038
-1021
-509
-1418
-3460
-5090
-4948
-3385
-2150
-2387
-3369
-3561
-2565
-1426
-1059
-1034
-350
991
1856
1494
599
521
1660
3070
3576
2947
1895
1279
1424
2022
2400
2034
1031
78
-246
-102
-158
-786
-1688
-2363
-2677
-2828
-2947
-2991
-2999
-3184
-3652
-4152
-4270
-3854
-3186
-2731
-2757
-3183
-3648
-3691
-2927
-1206
1235
3774
5582
5996
4953
3285
2490
3779
6843
9544
9405
6078
2324
1792
5204
9028
8806
4021
-1081
-2103
591
2564
758
-3034
-4876
-3805
-2678
-3980
-6442
-6920
-4739
-2627
-3184
-5684
-7116
-5775
-2909
-957
-1009
-2180
-2853
-2106
-242
1571
2257
1776
1178
1469
2519
3359
3497
3429
3702
3974
3511
2401
1663
1991
2836
2996
1881
-22
-1712
-2406
-1974
-1060
-811
-1940
-3867
-5062
-4567
-3030
-1953
-2032
-2607
-2711
-2192
-1532
-956
-227
713
1402
1405
968
819
1368
2298
2952
2926
2317
1572
1210
1465
2016
2164
1495
389
-335
-327
-81
-319
-1162
-2076
-2566
-2643
-2620
-2703
-2899
-3190
-3544
-3827
-3872
-3660
-3344
-3057
-2848
-2801
-3013
-3342
-3310
-2455
-745
1444
3631
5319
5949
5212
3670
2809
3981
7014
9919
10274
7413
3520
2117
4626
8327
8641
4167
-1237
-2582
384
2903
1189
-2971
-4962
-3557
-2166
-3732
-6623
-7065
-4430
-2036
-2748
-5489
-6922
-5473
-2635
-795
-865
-2025
-2843
-2296
-383
1726
2545
1787
825
1159
2628
3736
3698
3358
3686
4186
3630
2079
1107
1763
3097
3265
1646
-692
-2321
-2608
-1806
-787
-752
-2334
-4601
-5553
-4262
-2120
-1312
-2276
-3432
-3364
-2368
-1527
-1046
-309
811
1553
1355
693
523
1192
2207
2859
2790
2116
1340
1091
1589
2281
2264
1265
21
-519
-281
-96
-640
-1654
-2357
-2441
-2335
-2538
-2984
-3273
-3288
-3313
-3573
-3892
-3919
-3549
-3025
-2722
-2859
-3309
-3602
-3187
-1851
127
2264
4159
5408
5496
4319
2891
2996
5501
8980
10506
8304
3797
741
1850
5980
8870
7242
2304
-1390
-908
1801
2388
-543
-3916
-4422
-2803
-2513
-4733
-6749
-5806
-3014
-1923
-3919
-6580
-6787
-4238
-1284
-125
-953
-2383
-2862
-1706
469
2175
2372
1558
1190
1930
2941
3220
3021
3291
4013
4014
2703
1210
1137
2511
3635
3002
802
-1521
-2674
-2304
-1016
-99
-802
-3105
-5272
-5375
-3469
-1634
-1596
-2840
-3600
-3141
-2228
-1578
-886
275
1392
1575
864
296
694
1834
2851
3081
2435
1398
801
1229
2323
2895
2110
489
-595
-445
234
240
-724
-1866
-2371
-2306
-2317
-2690
-3059
-3062
-2918
-3096
-3584
-3841
-3500
-2832
-2408
-2510
-2992
-3488
-3599
-3011
-1717
-32
1739
3500
5020
5618
4770
3128
2486
4188
7549
10078
9538
6106
2624
2307
5482
8644
7693
2584
-2086
-2115
1306
3071
527
-3452
-4635
-3020
-2299
-4345
-6655
-6072
-3272
-1830
-3520
-6236
-6794
-4548
-1602
-269
-1038
-2643
-3350
-2252
83
2024
2345
1415
753
1310
2549
3374
3542
3678
4041
3987
2956
1586
1207
2222
3429
3210
1227
-1280
-2682
-2310
-841
252
-276
-2445
-4793
-5481
-4013
-1830
-900
-1760
-3186
-3684
-2918
-1601
-456
301
700
726
496
403
820
1689
2509
2759
2313
1544
1086
1357
2125
2578
2029
672
-516
-764
-317
-73
-544
-1400
-2033
-2279
-2395
-2551
-2669
-2738
-2944
-3379
-3795
-3839
-3452
-2915
-2552
-2546
-2893
-3380
-3567
-3048
-1824
-294
1235
2788
4329
5304
5004
3584
2426
3141
5927
8936
9554
6825
2878
1414
3998
7851
8282
3898
-1401
-2649
367
2941
1330
-2778
-4875
-3608
-2122
-3352
-5998
-6541
-4190
-1938
-2633
-5441
-7052
-5598
-2436
-294
-502
-2159
-3341
-2758
-623
1625
2538
1925
976
964
1939
2928
3311
3456
3826
3995
3210
1773
1087
1967
3407
3544
1730
-824
-2384
-2258
-1064
-24
-196
-1839
-4028
-5119
-4198
-2153
-885
-1372
-2787
-3591
-3101
-1777
-390
601
985
724
149
-67
538
1710
2690
2893
2360
1625
1292
1611
2257
2521
1925
757
-136
-217
173
224
-435
-1410
-2076
-2247
-2203
-2253
-2429
-2643
-2909
-3288
-3676
-3789
-3465
-2910
-2557
-2646
-3021
-3310
-3247
-2802
-2080
-1187
-89
1398
3317
5120
5753
4666
2833
2336
4456
8087
10330
9008
4844
1213
1261
4758
7862
6764
1888
-2218
-1891
1372
2775
182
-3464
-4328
-2720
-2155
-4129
-6092
-5302
-2798
-1949
-3919
-6298
-6326
-4008
-1543
-697
-1495
-2804
-3298
-2179
163
2145
2367
1182
382
1101
2603
3468
3435
3340
3561
3446
2540
1618
1794
2939
3626
2755
727
-1117
-1846
-1457
-568
-47
-716
-2669
-4725
-5186
-3591
-1465
-815
-1981
-3411
-3524
-2299
-848
12
299
316
217
180
502
1221
1947
2281
2248
2114
1983
1821
1732
1826
1889
1533
802
248
232
378
35
-866
-1723
-2016
-1857
-1729
-1922
-2374
-2870
-3230
-3342
-3219
-3015
-2897
-2892
-2919
-2918
-2884
-2809
-2687
-2545
-2317
-1700
-315
1848
4144
5537
5333
3823
2342
2491
4832
8036
9528
7634
3487
551
1563
5574
8438
6870
2041
-1530
-971
1764
2429
-294
-3478
-4048
-2724
-2574
-4461
-5873
-4690
-2389
-2165
-4613
-6895
-6300
-3356
-829
-537
-1905
-3168
-3055
-1461
696
2042
1797
632
132
1093
2696
3641
3691
3546
3501
3068
2097
1462
2008
3193
3506
2214
150
-1341
-1693
-1219
-524
-288
-1153
-3048
-4699
-4619
-2866
-1266
-1422
-2871
-3747
-3043
-1551
-554
-322
-240
79
416
581
789
1261
1809
2070
1984
1790
1671
1626
1647
1742
1768
1477
867
293
69
32
-256
-907
-1550
-1824
-1820
-1889
-2179
-2550
-2851
-3064
-3166
-3099
-2938
-2899
-3027
-3067
-2819
-2510
-2541
-2890
-3012
-2423
-1148
506
2321
4042
5086
4846
3522
2380
2889
5359
8363
9565
7649
3919
1703
3272
7001
8471
5208
-138
-2553
-474
2472
2112
-1239
-3754
-3384
-2173
-2875
-5015
-5806
-4224
-2424
-2807
-4963
-6345
-5381
-3001
-1255
-1196
-2260
-3117
-2757
-1111
897
1982
1612
599
355
1410
2900
3661
3531
3225
3150
2930
2264
1691
1967
2891
3313
2406
563
-1056
-1599
-1071
-230
-163
-1482
-3555
-4740
-3987
-2149
-1196
-2010
-3447
-3801
-2736
-1354
-646
-530
-386
23
485
841
1175
1560
1904
2117
2239
2331
2342
2185
1888
1588
1354
1102
727
293
11
-64
-182
-622
-1296
-1797
-1904
-1873
-2094
-2584
-2995
-3107
-3074
-3113
-3169
-3023
-2668
-2384
-2404
-2647
-2808
-2677
-2297
-1829
-1289
-432
1029
3019
4852
5575
4762
3126
2268
3487
6467
9064
8869
5603
2008
1600
4882
8185
7296
2338
-1997
-1776
1545
3047
493
-3204
-4178
-2595
-1865
-3646
-5733
-5393
-3155
-1975
-3333
-5583
-6176
-4492
-2070
-776
-1212
-2504
-3118
-2077
140
1922
2067
1022
356
1007
2383
3284
3325
3131
3250
3392
2961
2087
1643
2146
2945
2838
1403
-526
-1699
-1587
-703
-113
-650
-2276
-3920
-4263
-3066
-1618
-1434
-2556
-3541
-3211
-1955
-967
-684
-511
59
710
933
867
1099
1791
2441
2548
2176
1766
1629
1738
1898
1882
1529
916
382
198
200
-37
-645
-1243
-1464
-1459
-1685
-2253
-2768
-2894
-2788
-2831
-3070
-3189
-3005
-2724
-2616
-2645
-2602
-2455
-2354
-2302
-2123
-1756
-1313
-675
674
2962
5343
6269
5014
2705
1574
3029
6341
9037
8772
5460
1869
1467
4799
8229
7398
2275
-2360
-2285
1189
2985
605
-3124
-4213
-2691
-1941
-3700
-5817
-5517
-3262
-2027
-3382
-5706
-6355
-4623
-2083
-674
-1010
-2262
-3001
-2245
-212
1741
2278
1452
683
1163
2514
3412
3305
2957
3162
3563
3252
2212
1507
1887
2746
2800
1546
-296
-1581
-1728
-1047
-472
-929
-2489
-4047
-4230
-2922
-1573
-1603
-2745
-3442
-2818
-1599
-943
-921
-714
47
834
1118
1108
1319
1832
2306
2501
2428
2133
1714
1463
1597
1837
1622
879
199
47
90
-277
-1003
-1436
-1298
-1124
-1523
-2363
-3000
-3075
-2816
-2622
-2669
-2923
-3248
-3424
-3246
-2767
-2313
-2167
-2284
-2414
-2403
-2247
-1855
-917
883
3364
5579
6245
4856
2514
1413
3040
6646
9535
9187
5535
1417
396
3366
7189
7436
3173
-1629
-2398
661
2868
968
-2902
-4392
-2813
-1670
-3409
-5951
-5785
-3021
-1299
-2945
-6064
-7109
-5027
-1916
-284
-761
-2221
-3102
-2429
-386
1688
2328
1455
560
1007
2447
3432
3362
3084
3438
3938
3522
2219
1330
1797
2962
3272
1980
-167
-1740
-1878
-889
20
-341
-2077
-3952
-4453
-3348
-1951
-1675
-2537
-3328
-3102
-2098
-1175
-709
-371
194
813
1058
889
797
1255
2125
2774
2754
2240
1789
1753
1996
2106
1793
1145
542
259
142
-202
-834
-1312
-1300
-1158
-1540
-2427
-3018
-2753
-2107
-2002
-2648
-3363
-3472
-3009
-2470
-2204
-2209
-2296
-2283
-2106
-1905
-1875
-1938
-1666
-626
1230
3492
5405
6065
4977
2824
1512
2750
6205
9253
9080
5410
1189
171
3252
7147
7383
3070
-1801
-2656
382
2714
989
-2870
-4547
-3070
-1711
-3107
-5640
-5945
-3692
-1945
-2964
-5387
-6217
-4455
-1812
-438
-920
-2290
-3092
-2332
-144
2100
2825
1858
711
893
2222
3282
3356
3158
3467
3821
3223
1821
1028
1769
3163
3417
1780
-699
-2277
-2094
-782
138
-510
-2535
-4421
-4655
-3228
-1689
-1497
-2499
-3297
-2931
-1814
-917
-523
-169
445
979
1025
795
926
1714
2739
3288
3013
2198
1494
1408
1894
2350
2155
1291
373
-19
35
3
-391
-914
-1283
-1592
-2086
-2670
-2937
-2716
-2359
-2392
-2930
-3522
-3569
-2905
-2026
-1666
-2067
-2682
-2768
-2229
-1685
-1653
-1920
-1803
-850
904
3087
5050
5915
5117
3160
1608
1991
4498
7590
8908
7090
3345
1031
2623
6601
8311
4963
-703
-3167
-624
2843
2437
-1476
-4365
-3729
-1987
-2536
-4945
-5910
-4121
-2031
-2421
-4805
-6295
-5180
-2520
-519
-352
-1579
-2803
-2634
-714
1723
2765
1837
470
549
2077
3386
3432
2989
3188
3718
3350
1934
870
1342
2729
3308
2165
1
-1735
-2102
-1210
-88
-24
-1500
-3518
-4378
-3450
-1934
-1479
-2304
-3174
-3081
-2307
-1640
-1174
-436
610
1325
1264
820
782
1490
2566
3322
3252
2365
1301
964
1691
2754
2953
1868
320
-517
-341
129
83
-552
-1259
-1675
-1927
-2276
-2654
-2742
-2476
-2274
-2590
-3286
-3663
-3235
-2342
-1809
-2010
-2494
-2590
-2197
-1784
-1748
-1956
-1935
-1278
176
2249
4344
5559
5258
3710
2135
1976
3861
6891
8885
7919
4372
1323
1906
5679
8355
6253
787
-2773
-1395
2138
2783
-556
-4101
-4413
-2604
-2205
-4154
-5829
-4963
-2741
-2066
-3775
-5813
-5900
-3947
-1675
-650
-1110
-2152
-2497
-1375
719
2225
2027
819
424
1615
3191
3613
2994
2695
3221
3536
2725
1494
1260
2204
2994
2445
765
-930
-1766
-1580
-814
-355
-1048
-2792
-4281
-4242
-2909
-1786
-1851
-2536
-2706
-2123
-1430
-1028
-626
22
591
672
460
567
1280
2278
3003
3095
2569
1802
1383
1653
2307
2597
2079
1052
182
-171
-167
-164
-402
-920
-1600
-2206
-2514
-2491
-2325
-2260
-2427
-2784
-3132
-3202
-2869
-2333
-1980
-2001
-2192
-2210
-1945
-1592
-1388
-1407
-1556
-1624
-1287
-215
1644
3827
5434
5637
4340
2514
1760
3167
6232
8824
8647
5340
1372
255
3089
6882
7190
2983
-1847
-2729
262
2611
1028
-2672
-4378
-3171
-2081
-3452
-5673
-5662
-3306
-1653
-2840
-5416
-6319
-4479
-1653
-150
-645
-2050
-2752
-1834
295
2180
2556
1634
885
1333
2428
3000
2914
3036
3636
3753
2615
1073
756
1979
3243
2965
1144
-920
-2049
-1937
-997
-91
-217
-1702
-3553
-4195
-3180
-1754
-1367
-2005
-2490
-2137
-1433
-1022
-761
-178
586
911
684
600
1296
2495
3276
3071
2224
1585
1686
2289
2703
2473
1770
1085
677
399
59
-272
-432
-520
-881
-1654
-2492
-2811
-2408
-1792
-1780
-2625
-3616
-3740
-2824
-1799
-1655
-2317
-2838
-2608
-1970
-1580
-1547
-1495
-1257
-1105
-1251
-1427
-1060
242
2361
4612
5952
5593
3770
1890
1653
3696
6875
8867
7826
4140
673
573
3998
7269
6343
1439
-2771
-2411
975
2388
-330
-3969
-4473
-2319
-1481
-3671
-6040
-5325
-2429
-1107
-2929
-5479
-5676
-3324
-686
328
-392
-1759
-2456
-1568
678
2699
2901
1488
351
846
2340
3322
3352
3156
3133
2759
1702
748
962
2206
3074
2369
316
-1723
-2473
-1662
-118
742
-130
-2446
-4518
-4639
-2827
-941
-772
-2178
-3421
-3175
-1760
-358
377
595
600
525
576
1050
1912
2697
2988
2809
2408
1972
1707
1859
2332
2475
1734
434
-453
-433
2
71
-430
-1148
-1751
-2105
-2129
-1865
-1696
-2040
-2759
-3206
-3007
-2539
-2374
-2517
-2512
-2206
-1969
-2050
-2113
-1710
-1012
-699
-1107
-1778
-1966
-1382
-203
1399
3343
5156
5873
4869
2871
1739
2925
6022
8862
9144
6348
2460
675
2608
6320
7663
4490
-609
-2830
-665
2245
1611
-2165
-4787
-3886
-1951
-2511
-5107
-6099
-3959
-1450
-1840
-4590
-6233
-4776
-1726
160
-156
-1613
-2581
-2093
-250
1827
2712
2005
901
889
2023
3037
3125
2842
2953
3136
2565
1398
826
1513
2622
2725
1364
-622
-2016
-2171
-1301
-300
-237
-1513
-3321
-4230
-3610
-2302
-1634
-1965
-2493
-2421
-1849
-1329
-959
-350
606
1393
1496
1105
966
1554
2594
3341
3273
2522
1756
1631
2195
2771
2575
1528
372
-109
90
292
-34
-748
-1374
-1718
-1939
-2153
-2242
-2164
-2175
-2550
-3116
-3351
-2980
-2321
-1936
-2048
-2400
-2590
-2405
-1893
-1285
-893
-911
-1216
-1452
-1370
-1025
-553
164
1440
3296
5115
5918
5149
3302
1793
2043
4333
7285
8591
6804
2970
283
1238
4701
6478
3759
-1294
-3652
-1357
1983
1698
-2049
-4751
-3723
-1502
-1959
-4798
-6115
-3980
-1079
-1033
-3745
-5835
-4927
-2020
257
470
-842
-2151
-2119
-424
1866
3012
2304
911
573
1610
2773
3038
2781
2839
3065
2593
1351
498
1024
2391
2998
1877
-367
-2216
-2528
-1349
140
427
-1098
-3424
-4653
-3816
-1903
-786
-1243
-2352
-2800
-2292
-1444
-709
13
804
1322
1241
872
948
1804
2944
3502
3088
2174
1670
2083
2986
3350
2528
978
-122
-58
668
905
100
-1163
-1917
-1886
-1642
-1783
-2262
-2621
-2685
-2720
-2951
-3185
-3080
-2626
-2183
-2052
-2174
-2257
-2067
-1590
-1036
-736
-855
-1156
-1175
-761
-310
-272
-517
-349
792
2778
4864
6091
5765
3963
1861
1242
3103
6454
8685
7638
3767
235
278
3874
7199
6260
1333
-3002
-2909
285
1878
-323
-3578
-4248
-2632
-2046
-3815
-5428
-4286
-1521
-549
-2569
-5125
-5231
-2672
261
1375
318
-1613
-2554
-1365
1343
3431
3210
1308
31
690
2269
3042
2781
2538
2696
2399
1182
118
548
2128
2998
1880
-580
-2616
-3002
-1824
-241
252
-1131
-3543
-4915
-3917
-1524
-116
-901
-2680
-3396
-2410
-849
-1
20
-40
320
910
1320
1493
1728
2247
2873
3167
2906
2372
2078
2209
2431
2283
1685
982
550
424
335
-18
-689
-1419
-1853
-1904
-1859
-2090
-2606
-3042
-3110
-2951
-2918
-3074
-3105
-2773
-2280
-2027
-2074
-2056
-1667
-1083
-732
-751
-854
-762
-538
-422
-452
-460
-357
-210
50
799
2325
4246
5522
5235
3479
1514
989
2708
5792
7945
7103
3469
-32
-84
3505
6951
6101
1148
-3170
-2796
870
2687
105
-3865
-4797
-2563
-1042
-2568
-4863
-4507
-1787
-235
-1796
-4364
-4677
-2257
469
1246
67
-1490
-1944
-839
1139
2582
2469
1246
424
834
1716
1938
1609
1702
2353
2481
1409
50
-142
933
1885
1494
-43
-1594
-2247
-1830
-808
-98
-598
-2294
-3882
-3881
-2292
-727
-579
-1498
-2067
-1658
-949
-625
-372
404
1389
1658
1045
557
1135
2498
3523
3516
2750
1938
1602
1884
2506
2815
2224
890
-288
-585
-240
-81
-537
-1299
-1902
-2253
-2477
-2580
-2525
-2478
-2665
-3023
-3215
-3022
-2576
-2175
-1988
-2012
-2102
-2012
-1523
-731
-113
-87
-507
-766
-476
115
444
249
-259
-693
-760
-237
1038
2932
4782
5590
4711
2560
675
760
3262
6633
8223
6384
2161
-1143
-662
3134
6369
5360
645
-3237
-2700
716
2238
-208
-3611
-4101
-2074
-1205
-2995
-4708
-3493
-619
186
-2198
-4861
-4625
-1698
1095
1605
33
-1916
-2553
-1196
1298
2989
2535
673
-532
6
1403
2236
2239
2060
1880
1241
157
-432
229
1587
2231
1356
-515
-2132
-2532
-1591
-84
674
-267
-2458
-4107
-3690
-1600
156
72
-1362
-2447
-2213
-1125
-89
566
953
1019
671
281
553
1705
3089
3782
3438
2470
1623
1479
2109
2958
3135
2143
440
-871
-1052
-382
192
-37
-1020
-2135
-2747
-2651
-2166
-1856
-2070
-2643
-3090
-3098
-2760
-2361
-2048
-1823
-1719
-1776
-1848
-1641
-1092
-539
-356
-496
-596
-455
-196
32
232
350
152
-437
-1028
-1036
-222
1237
3008
4613
5246
4197
1861
-1
422
3181
6235
7022
4588
576
-1797
-371
3610
6083
4104
-644
-3311
-1460
1926
2197
-1037
-3647
-2776
-611
-959
-3656
-4847
-2566
404
296
-2716
-5010
-4100
-1111
1185
1305
-295
-2214
-2960
-1712
777
2402
1723
-317
-1401
-513
1154
2027
1983
1862
1865
1392
344
-319
284
1698
2480
1663
-327
-2085
-2383
-1104
584
1058
-339
-2519
-3548
-2575
-738
90
-684
-1923
-2252
-1523
-587
-49
231
489
541
201
-132
213
1327
2475
2822
2254
1388
965
1290
2101
2775
2703
1738
410
-438
-372
231
555
128
-819
-1669
-1997
-1805
-1409
-1208
-1472
-2125
-2744
-2886
-2505
-1966
-1657
-1676
-1897
-2132
-2150
-1731
-935
-210
0
-237
-423
-229
180
461
513
441
284
15
-298
-512
-620
-723
-777
-478
492
2084
3696
4379
3515
1550
56
628
3364
6407
7223
4758
656
-1732
-207
3853
6287
4264
-375
-2857
-986
2197
2301
-791
-3048
-1988
-3
-682
-3514
-4572
-2153
710
287
-3024
-5431
-4495
-1520
621
548
-1062
-2730
-3182
-1910
298
1674
1131
-437
-1135
-271
1079
1754
1861
2039
2115
1442
306
-9
1132
2656
2890
1404
-649
-1790
-1418
-13
1263
1199
-533
-2777
-3670
-2490
-539
244
-647
-1977
-2430
-1944
-1270
-790
-326
155
297
-65
-480
-308
555
1584
2138
1965
1328
811
925
1673
2459
2584
1936
1076
629
668
796
658
231
-312
-798
-1069
-1047
-902
-1003
-1522
-2167
-2476
-2364
-2169
-2158
-2216
-2133
-1979
-1947
-1957
-1692
-1090
-512
-320
-432
-466
-219
158
412
451
346
219
163
161
60
-277
-754
-1085
-1065
-644
266
1770
3512
4429
3515
1084
-971
-639
2281
5667
6678
4242
326
-1460
784
4944
6540
3433
-1439
-3055
-127
3306
2828
-948
-3480
-2355
-181
-640
-3373
-4689
-2767
-96
-95
-2796
-5103
-4632
-2075
139
412
-1021
-2735
-3214
-1846
467
1874
1330
-238
-953
-106
1288
2018
2080
2155
2260
1777
706
86
759
2163
2834
1947
58
-1517
-1757
-584
1001
1429
-160
-2799
-4292
-3380
-1153
126
-540
-2078
-2886
-2527
-1665
-908
-335
52
54
-363
-787
-679
132
1323
2302
2534
1936
1101
918
1694
2731
3020
2318
1334
858
942
1082
907
480
11
-424
-812
-1082
-1204
-1314
-1605
-2090
-2549
-2752
-2654
-2408
-2223
-2197
-2240
-2155
-1858
-1487
-1260
-1197
-1092
-775
-336
18
218
370
553
679
623
388
86
-177
-358
-482
-643
-939
-1295
-1333
-567
1096
3010
4056
3441
1473
-375
-376
2038
5454
7206
5559
1631
-1078
160
4235
6815
4741
-302
-3344
-1658
2159
3385
801
-2269
-2553
-901
-589
-2568
-4249
-3223
-626
335
-1561
-4232
-4926
-3130
-583
726
71
-1824
-3329
-2934
-609
1802
2207
535
-1135
-972
642
1986
2255
2096
2086
1804
860
19
435
1971
3081
2494
539
-1338
-1945
-1107
388
1205
301
-2004
-3902
-3686
-1627
163
-10
-1687
-3029
-2930
-1835
-714
34
461
463
-98
-827
-895
87
1544
2454
2293
1415
676
791
1849
3180
3727
2909
1288
185
435
1521
2146
1605
383
-591
-963
-1038
-1125
-1231
-1359
-1719
-2391
-3018
-3148
-2774
-2326
-2137
-2161
-2192
-2112
-1841
-1336
-775
-542
-761
-1002
-729
9
599
632
338
183
260
320
232
135
144
150
-33
-434
-928
-1350
-1537
-1325
-606
564
1898
2890
2974
1921
269
-703
207
2924
5631
5944
3190
-380
-1268
1659
5467
5910
2190
-1859
-2076
1132
3387
1821
-1532
-2727
-1113
170
-1199
-3522
-3580
-1177
544
-779
-3791
-5274
-3914
-1302
287
5
-1480
-2929
-3195
-1827
317
1503
853
-578
-990
53
1380
1970
2060
2213
2133
1242
37
-111
1275
2921
3109
1488
-690
-1853
-1355
212
1464
1132
-838
-2976
-3501
-2114
-361
44
-1014
-2201
-2415
-1799
-1096
-619
-210
113
65
-338
-541
-83
787
1365
1294
886
671
892
1456
2116
2548
2440
1782
1030
772
1145
1687
1819
1333
461
-386
-864
-857
-598
-564
-1070
-1928
-2606
-2751
-2464
-2085
-1870
-1913
-2165
-2378
-2189
-1472
-622
-253
-534
-959
-891
-244
486
804
684
452
359
380
374
301
234
199
106
-156
-555
-919
-1139
-1307
-1603
-1996
-2096
-1425
101
1912
3040
2792
1343
-186
-374
1435
4373
6367
5659
2543
-394
-316
2983
6372
6225
2335
-1568
-1795
1144
3243
1860
-1291
-2715
-1682
-722
-1775
-3537
-3567
-1835
-739
-1833
-3918
-4741
-3597
-1676
-483
-656
-1852
-2992
-2816
-994
1152
1758
538
-793
-544
998
2225
2367
2147
2336
2588
2188
1372
1160
1957
2927
2894
1564
-261
-1399
-1147
185
1313
885
-1206
-3409
-3880
-2404
-652
-347
-1470
-2583
-2652
-1995
-1418
-1085
-650
-149
-91
-611
-1062
-716
376
1474
1914
1563
778
230
594
1922
3275
3468
2378
1179
1003
1682
2147
1818
1082
496
100
-271
-521
-535
-575
-995
-1660
-2050
-1950
-1710
-1710
-1898
-2000
-1928
-1794
-1642
-1428
-1181
-1016
-952
-878
-706
-456
-169
131
411
604
663
617
518
416
349
307
205
-31
-349
-607
-776
-986
-1347
-1762
-2024
-1995
-1610
-761
603
2147
3081
2732
1313
79
430
2656
5425
6637
5141
1969
-182
757
4055
6474
5322
1397
-1655
-1249
1284
2415
670
-1813
-2331
-1134
-786
-2416
-4096
-3535
-1324
-301
-1929
-4453
-5062
-3074
-421
653
-328
-2060
-2875
-2017
-54
1574
1721
591
-419
-173
1061
2116
2354
2161
2059
1901
1333
657
675
1574
2452
2185
647
-1113
-1820
-1068
358
1055
128
-1953
-3563
-3354
-1616
-78
-160
-1567
-2791
-2788
-1839
-844
-252
33
63
-301
-903
-1107
-406
909
1931
1980
1200
355
177
832
1851
2517
2451
1906
1454
1410
1610
1723
1600
1270
779
206
-246
-385
-298
-309
-657
-1274
-1883
-2239
-2246
-1987
-1711
-1687
-1958
-2247
-2234
-1902
-1512
-1297
-1227
-1117
-851
-489
-180
-7
90
230
390
383
128
-138
-72
300
532
298
-196
-468
-376
-235
-368
-765
-1209
-1569
-1817
-1869
-1575
-848
267
1563
2620
2904
2203
1065
635
1746
4019
5874
5714
3428
840
305
2389
4949
5079
2251
-901
-1419
615
2287
1441
-841
-1963
-1266
-633
-1637
-3313
-3562
-2081
-796
-1388
-3279
-4467
-3810
-1958
-399
-137
-1151
-2497
-2866
-1590
543
1829
1363
33
-517
277
1549
2316
2488
2421
2112
1430
778
872
1736
2489
2307
1261
36
-795
-969
-432
407
586
-561
-2363
-3215
-2368
-884
-391
-1217
-2245
-2464
-1978
-1419
-991
-544
-189
-225
-550
-614
-85
751
1404
1686
1664
1403
1047
976
1487
2287
2628
2143
1344
1069
1513
2034
1923
1169
371
33
102
155
-110
-637
-1171
-1522
-1703
-1826
-1953
-2053
-2089
-2104
-2179
-2281
-2218
-1846
-1313
-986
-1072
-1305
-1196
-589
112
398
230
27
126
432
668
752
784
762
575
244
2
10
146
133
-142
-535
-818
-898
-906
-1088
-1547
-2039
-2076
-1349
-36
1321
2228
2482
2158
1522
1049
1313
2561
4235
5078
4139
1964
543
1499
4112
5615
4024
521
-1621
-678
1582
2090
124
-2104
-2462
-1484
-1276
-2500
-3579
-3022
-1530
-1080
-2364
-3993
-4244
-2936
-1308
-557
-904
-1757
-2241
-1707
-261
1116
1381
591
-80
303
1400
2193
2312
2248
2354
2296
1739
1085
1078
1797
2445
2171
900
-616
-1403
-1008
74
648
-145
-1893
-3176
-2974
-1735
-815
-1000
-1818
-2304
-2089
-1558
-1125
-766
-300
145
216
-133
-434
-137
771
1691
1963
1498
862
758
1369
2177
2440
1901
1045
616
887
1440
1647
1293
659
142
-95
-132
-135
-247
-551
-999
-1432
-1725
-1883
-1956
-1911
-1705
-1469
-1457
-1724
-1950
-1727
-1049
-378
-188
-451
-686
-472
128
676
815
566
250
165
370
698
908
855
586
274
54
-73
-170
-255
-323
-443
-716
-1095
-1373
-1419
-1362
-1435
-1663
-1810
-1607
-943
117
1338
2317
2638
2202
1407
962
1445
2869
4452
4936
3636
1458
497
1981
4559
5348
3066
-302
-1620
-193
1550
1140
-994
-2431
-2069
-1360
-1991
-3436
-3771
-2464
-1195
-1643
-3347
-4381
-3658
-1896
-498
-211
-888
-1857
-2221
-1347
407
1735
1660
684
205
841
1877
2417
2451
2436
2324
1752
978
868
1710
2608
2438
1121
-430
-1344
-1400
-806
-15
233
-689
-2410
-3538
-3035
-1492
-517
-923
-1986
-2563
-2377
-1865
-1294
-607
7
81
-415
-801
-421
590
1517
1861
1664
1230
871
881
1370
1998
2163
1648
922
627
862
1180
1189
925
599
260
-132
-459
-532
-388
-364
-721
-1334
-1794
-1816
-1477
-1109
-1007
-1224
-1538
-1626
-1337
-836
-454
-361
-434
-436
-257
52
386
642
721
600
414
365
508
700
765
676
508
305
82
-95
-141
-112
-210
-560
-1024
-1339
-1411
-1420
-1572
-1850
-2048
-2018
-1805
-1527
-1197
-695
80
1051
1944
2436
2370
1934
1667
2179
3587
5111
5455
4022
1870
1052
2487
4625
4802
2241
-815
-1531
225
1776
945
-1365
-2594
-1914
-1103
-1911
-3658
-4243
-3021
-1598
-1690
-3047
-3975
-3413
-1881
-620
-371
-1004
-1790
-1849
-769
866
1833
1526
691
559
1371
2205
2315
2040
2089
2398
2274
1555
978
1193
1837
1956
1137
-118
-1013
-1166
-756
-340
-543
-1571
-2824
-3298
-2635
-1634
-1378
-2013
-2664
-2574
-1905
-1306
-1047
-884
-599
-292
-93
90
443
994
1576
1951
1945
1596
1249
1330
1877
2368
2222
1471
760
653
1054
1382
1223
679
148
-99
-87
0
11
-130
-434
-854
-1243
-1401
-1250
-966
-859
-1080
-1436
-1564
-1298
-819
-448
-342
-402
-417
-265
40
384
627
679
563
406
341
413
562
674
646
447
155
-61
-89
-5
-31
-313
-762
-1149
-1334
-1343
-1278
-1251
-1360
-1642
-1976
-2133
-1993
-1670
-1390
-1234
-1090
-777
-156
805
1937
2826
3037
2537
1881
1900
2998
4675
5692
5028
2991
1311
1619
3580
4888
3680
760
-1172
-659
837
879
-900
-2558
-2578
-1773
-1940
-3302
-4241
-3553
-2041
-1451
-2317
-3491
-3616
-2524
-1105
-283
-334
-891
-1222
-706
604
1863
2208
1708
1280
1564
2199
2475
2349
2362
2647
2610
1833
835
534
1088
1675
1428
280
-1106
-1948
-1864
-1124
-579
-1031
-2369
-3498
-3429
-2391
-1512
-1489
-1944
-2150
-1947
-1623
-1271
-699
42
527
501
273
350
854
1494
1958
2135
2012
1653
1349
1460
1969
2336
2038
1203
510
437
779
964
705
201
-224
-473
-636
-756
-768
-671
-620
-805
-1215
-1572
-1565
-1165
-706
-605
-938
-1316
-1259
-696
-55
192
24
-168
-68
231
443
478
491
596
694
646
490
378
363
365
295
131
-117
-410
-632
-670
-602
-675
-1007
-1404
-1575
-1500
-1428
-1533
-1719
-1815
-1828
-1860
-1875
-1712
-1331
-922
-679
-525
-151
679
1854
2934
3431
3178
2501
2101
2594
3975
5390
5626
4160
1930
779
1703
3604
4193
2423
-264
-1519
-755
335
4
-1462
-2416
-2184
-1829
-2448
-3522
-3631
-2440
-1236
-1319
-2469
-3311
-2884
-1484
-142
338
-107
-852
-1017
-161
1238
2160
2057
1386
1005
1218
1669
2001
2224
2381
2239
1614
812
431
705
1217
1303
627
-588
-1704
-2076
-1540
-692
-495
-1358
-2638
-3227
-2670
-1597
-979
-1148
-1632
-1820
-1543
-1009
-436
87
468
584
458
348
536
1060
1662
1992
1873
1427
1023
1015
1426
1880
1920
1436
753
296
234
418
581
511
140
-403
-846
-972
-811
-611
-587
-776
-1075
-1335
-1408
-1209
-839
-571
-606
-841
-957
-767
-401
-126
-55
-63
26
249
491
651
734
799
848
819
694
547
471
450
364
120
-249
-596
-781
-787
-747
-843
-1116
-1411
-1531
-1453
-1354
-1394
-1538
-1629
-1592
-1499
-1439
-1385
-1264
-1075
-902
-789
-661
-385
130
885
1802
2712
3347
3465
3061
2493
2339
2990
4195
5023
4515
2714
983
863
2339
3551
2691
173
-1710
-1450
-92
179
-1185
-2591
-2622
-1891
-1979
-3103
-3830
-3112
-1724
-1235
-2049
-3075
-3108
-2015
-573
362
387
-279
-869
-568
657
1848
2029
1337
848
1246
2057
2407
2171
1928
1958
1864
1301
639
523
959
1256
838
-157
-1140
-1634
-1524
-1046
-736
-1132
-2185
-3063
-2917
-1877
-987
-1027
-1667
-2002
-1660
-1044
-599
-283
117
499
584
396
309
610
1189
1691
1829
1555
1087
827
1049
1589
1892
1563
811
232
179
439
549
289
-191
-636
-908
-994
-941
-835
-794
-888
-1053
-1154
-1122
-992
-808
-574
-341
-239
-310
-361
-122
388
810
826
526
299
402
731
1018
1088
954
732
566
536
565
462
150
-229
-474
-570
-677
-863
-1030
-1090
-1140
-1321
-1580
-1700
-1586
-1400
-1367
-1500
-1589
-1466
-1190
-969
-919
-962
-930
-760
-517
-302
-146
0
208
551
1080
1793
2568
3168
3342
3021
2460
2202
2700
3814
4659
4240
2511
724
393
1670
2965
2523
387
-1571
-1756
-627
-2
-806
-2086
-2462
-1933
-1678
-2302
-2998
-2716
-1624
-902
-1249
-2092
-2348
-1613
-407
469
596
116
-410
-364
436
1481
2007
1759
1216
984
1153
1402
1547
1665
1731
1458
720
-76
-313
129
676
616
-224
-1346
-2039
-1940
-1299
-782
-941
-1724
-2494
-2587
-1940
-1117
-729
-867
-1133
-1147
-878
-501
-112
282
602
694
544
381
479
884
1379
1646
1505
1048
656
727
1255
1735
1646
1017
396
209
342
419
306
140
4
-196
-468
-628
-536
-339
-298
-451
-610
-620
-511
-370
-212
-38
87
96
24
-20
32
152
280
356
336
231
148
209
399
519
375
10
-315
-396
-292
-242
-377
-613
-791
-874
-933
-1015
-1088
-1106
-1075
-1034
-1014
-1039
-1088
-1075
-918
-682
-584
-736
-936
-853
-451
-78
-68
-341
-533
-437
-174
73
270
468
691
1011
1575
2374
3031
3046
2350
1523
1360
2177
3439
4068
3303
1547
250
576
2039
2815
1726
-329
-1384
-761
206
-34
-1291
-2056
-1613
-945
-1293
-2430
-2971
-2197
-967
-619
-1397
-2309
-2337
-1430
-329
221
5
-620
-987
-592
418
1287
1374
845
436
572
970
1193
1258
1428
1617
1418
768
191
217
725
1079
798
-39
-956
-1433
-1213
-544
-119
-520
-1556
-2336
-2180
-1350
-716
-773
-1207
-1435
-1294
-1028
-812
-549
-166
144
143
-93
-194
125
766
1337
1499
1212
767
575
845
1370
1674
1466
938
544
496
601
580
416
262
141
-69
-364
-532
-460
-346
-478
-852
-1169
-1192
-961
-662
-425
-320
-378
-525
-541
-282
115
372
404
378
434
532
598
685
831
899
708
355
160
285
515
509
201
-163
-332
-295
-225
-272
-448
-668
-857
-986
-1066
-1104
-1103
-1089
-1107
-1163
-1204
-1164
-1038
-881
-754
-692
-694
-716
-667
-495
-287
-219
-344
-502
-477
-252
-20
77
127
351
860
1546
2178
2540
2525
2191
1807
1767
2338
3317
3975
3571
2153
799
712
1880
2853
2216
263
-1234
-1064
12
289
-718
-1800
-1802
-1167
-1182
-2099
-2776
-2274
-1140
-681
-1326
-2226
-2383
-1660
-660
13
108
-274
-715
-647
114
1053
1419
1085
673
730
1086
1237
1111
1093
1318
1395
978
344
90
389
781
703
27
-895
-1553
-1593
-1076
-544
-636
-1418
-2201
-2242
-1574
-947
-916
-1292
-1525
-1407
-1137
-860
-489
5
396
459
292
215
425
846
1274
1519
1477
1200
952
1020
1403
1741
1683
1255
816
640
668
666
499
212
-109
-400
-597
-645
-581
-550
-675
-914
-1106
-1141
-1042
-898
-768
-665
-586
-513
-394
-185
90
351
535
643
717
808
941
1112
1255
1290
1188
1010
846
746
680
592
423
150
-186
-469
-603
-624
-684
-896
-1197
-1414
-1450
-1374
-1318
-1337
-1392
-1414
-1367
-1251
-1094
-936
-815
-727
-648
-565
-458
-299
-74
151
259
217
144
183
321
412
357
234
150
86
-51
-253
-374
-302
-67
244
635
1134
1656
1978
1916
1528
1160
1257
1985
2924
3242
2464
1159
576
1349
2641
2914
1626
-109
-743
-37
753
450
-696
-1459
-1255
-811
-1089
-1938
-2284
-1605
-692
-680
-1620
-2444
-2265
-1291
-383
-108
-412
-923
-1205
-915
-105
636
705
204
-149
75
539
752
775
963
1217
1073
473
44
306
961
1251
828
11
-665
-884
-608
-98
122
-354
-1277
-1849
-1578
-866
-499
-716
-1060
-1101
-919
-767
-597
-214
259
432
188
-118
-64
379
910
1242
1258
987
615
477
784
1308
1531
1218
691
425
488
573
477
309
205
73
-223
-566
-669
-472
-258
-344
-724
-1102
-1220
-1054
-762
-534
-500
-660
-850
-837
-537
-130
108
86
-33
-48
95
323
556
732
780
678
528
490
622
804
865
735
495
293
242
330
404
283
-50
-418
-617
-614
-533
-485
-494
-570
-730
-922
-988
-833
-565
-425
-512
-682
-706
-504
-205
3
49
0
-35
6
121
272
406
458
386
224
66
-9
-4
21
-3
-126
-343
-568
-671
-614
-536
-630
-923
-1207
-1263
-1047
-673
-221
310
873
1308
1473
1393
1247
1249
1564
2218
2919
3092
2410
1377
1060
1901
2978
2872
1365
-170
-344
585
1094
312
-974
-1464
-1023
-709
-1257
-2111
-2235
-1527
-931
-1223
-2074
-2525
-2124
-1295
-731
-722
-1085
-1428
-1361
-709
218
764
588
115
71
587
1117
1248
1199
1317
1459
1249
798
644
981
1339
1185
549
-132
-536
-585
-308
77
111
-490
-1355
-1711
-1287
-650
-504
-880
-1258
-1305
-1169
-1048
-859
-484
-102
-31
-271
-455
-276
181
586
718
596
379
257
387
777
1195
1301
1003
580
399
527
719
738
581
361
128
-107
-268
-278
-216
-276
-527
-818
-970
-983
-958
-927
-865
-824
-903
-1059
-1074
-825
-470
-277
-302
-358
-264
-30
224
432
585
673
692
686
726
847
1011
1132
1132
992
807
723
779
850
795
635
492
405
297
142
37
50
73
-42
-280
-457
-452
-335
-256
-283
-367
-433
-431
-369
-289
-231
-183
-94
28
74
-27
-174
-171
38
268
280
49
-207
-258
-99
60
34
-155
-330
-391
-397
-435
-484
-471
-428
-488
-682
-858
-855
-714
-622
-677
-789
-835
-801
-736
-658
-573
-535
-590
-679
-681
-565
-430
-374
-374
-335
-205
14
336
794
1344
1836
2106
2090
1876
1686
1790
2328
3054
3362
2769
1534
644
891
1910
2404
1532
-52
-889
-423
350
164
-926
-1724
-1547
-1087
-1342
-2170
-2493
-1824
-962
-935
-1698
-2293
-2054
-1235
-496
-209
-366
-755
-982
-635
250
1025
1066
543
232
542
1069
1275
1201
1218
1330
1180
714
398
584
985
1025
531
-181
-738
-973
-855
-500
-299
-674
-1508
-2092
-1888
-1196
-782
-947
-1280
-1320
-1113
-914
-713
-323
158
368
177
-80
1
446
949
1253
1287
1102
829
713
947
1393
1625
1364
808
424
435
642
727
590
334
43
-267
-530
-609
-477
-323
-386
-686
-1003
-1110
-988
-791
-686
-736
-886
-1003
-943
-665
-299
-44
14
-47
-84
-7
206
494
736
797
671
521
521
675
824
838
723
560
394
240
140
125
159
135
-6
-216
-382
-425
-374
-338
-416
-597
-766
-819
-755
-659
-582
-518
-465
-454
-476
-430
-246
-4
130
102
37
83
242
417
539
606
616
555
472
476
599
732
742
622
485
424
433
453
436
353
199
28
-84
-93
-45
-18
-54
-138
-234
-275
-201
-33
90
47
-115
-222
-182
-83
-51
-96
-144
-170
-197
-192
-82
104
203
106
-102
-241
-239
-177
-142
-148
-189
-303
-489
-630
-588
-392
-247
-319
-541
-705
-683
-544
-438
-439
-519
-605
-640
-598
-518
-481
-524
-599
-642
-652
-659
-618
-440
-156
57
99
151
504
1176
1788
1908
1530
1139
1287
2050
2897
3112
2453
1450
966
1350
2043
2142
1383
415
29
232
336
-111
-733
-893
-615
-592
-1239
-2059
-2213
-1568
-871
-870
-1500
-2056
-1979
-1319
-566
-203
-372
-795
-962
-588
96
583
636
495
488
622
712
755
943
1273
1423
1127
577
250
390
782
990
751
128
-556
-907
-743
-304
-110
-481
-1185
-1652
-1556
-1107
-757
-718
-855
-971
-1020
-1016
-876
-519
-61
210
131
-137
-242
15
511
934
1040
823
517
426
680
1094
1326
1216
927
732
696
686
591
454
340
200
-30
-290
-426
-393
-310
-346
-551
-835
-1040
-1041
-848
-618
-532
-623
-751
-754
-607
-415
-268
-183
-136
-106
-46
98
325
556
695
698
600
490
471
596
806
928
836
582
358
285
316
319
242
116
-21
-158
-252
-251
-181
-157
-267
-475
-659
-737
-705
-593
-453
-375
-425
-553
-607
-493
-285
-146
-138
-178
-159
-66
61
204
348
430
379
230
139
236
465
633
613
458
304
215
168
153
188
250
245
103
-103
-211
-158
-46
-19
-110
-231
-283
-246
-151
-51
-1
-44
-171
-284
-272
-116
76
168
132
71
91
181
240
217
169
179
247
301
312
330
394
447
389
215
56
36
150
266
246
72
-148
-269
-226
-103
-74
-228
-461
-574
-490
-339
-287
-344
-388
-372
-374
-454
-515
-424
-200
-23
-19
-118
-151
-40
146
288
326
282
235
251
332
403
395
317
245
222
220
198
157
119
74
-3
-109
-201
-242
-231
-207
-214
-280
-384
-454
-442
-384
-375
-455
-558
-595
-557
-506
-489
-491
-480
-459
-440
-405
-327
-208
-96
-22
31
103
239
461
767
1089
1293
1267
1064
915
1038
1406
1721
1680
1280
833
663
796
948
823
407
-51
-298
-327
-334
-477
-695
-820
-822
-847
-1015
-1214
-1208
-956
-709
-718
-937
-1070
-900
-521
-189
-64
-113
-188
-148
59
366
622
721
710
714
794
890
945
984
1041
1054
926
678
472
434
509
506
296
-73
-425
-600
-569
-468
-481
-699
-1019
-1228
-1203
-1021
-871
-859
-933
-975
-918
-771
-563
-331
-139
-51
-63
-83
-4
203
459
648
692
608
504
505
650
830
888
759
537
374
335
368
383
326
192
2
-194
-336
-391
-389
-400
-482
-624
-756
-802
-740
-623
-521
-476
-476
-478
-442
-341
-186
-27
81
120
136
194
319
473
601
662
638
565
517
556
650
697
630
501
409
383
366
316
245
169
63
-77
-188
-205
-168
-176
-266
-368
-413
-407
-388
-371
-349
-342
-366
-394
-375
-297
-190
-90
-14
25
28
31
88
193
280
291
246
200
179
169
168
185
209
198
131
49
8
16
32
17
-36
-101
-156
-195
-218
-217
-198
-185
-206
-257
-289
-248
-153
-76
-70
-116
-147
-122
-47
42
114
147
141
129
143
190
240
265
264
251
235
222
222
246
277
276
217
135
83
78
91
85
50
-1
-56
-101
-118
-104
-92
-116
-171
-207
-196
-174
-176
-182
-151
-94
-78
-135
-202
-196
-109
-3
49
19
-77
-171
-170
-24
172
247
128
-46
-67
84
231
214
84
8
51
112
89
12
-24
-1
8
-58
-161
-221
-201
-133
-88
-112
-192
-251
-216
-86
41
73
10
-55
-53
7
67
112
145
155
115
44
20
93
207
251
175
43
-33
-13
58
109
102
39
-48
-119
-133
-95
-47
-40
-92
-172
-237
-258
-232
-179
-132
-133
-193
-279
-321
-285
-206
-159
-186
-258
-317
-330
-295
-219
-111
13
127
216
287
356
431
538
684
840
922
885
799
794
894
959
848
609
438
434
477
379
131
-94
-164
-147
-206
-380
-558
-634
-629
-629
-662
-687
-673
-638
-613
-601
-591
-566
-511
-416
-312
-249
-226
-178
-53
104
200
212
221
287
384
452
484
514
551
558
526
485
452
400
313
227
173
121
17
-116
-204
-219
-241
-340
-481
-561
-545
-500
-501
-540
-563
-543
-495
-433
-354
-268
-194
-136
-74
6
90
163
224
277
305
300
295
336
413
459
428
347
283
260
245
215
172
132
82
21
-29
-50
-68
-115
-182
-225
-235
-247
-271
-277
-246
-216
-231
-267
-261
-198
-123
-79
-54
-27
1
17
43
100
174
214
209
201
222
261
280
277
275
278
268
232
194
182
190
179
128
58
1
-28
-40
-56
-83
-129
-194
-260
-296
-291
-267
-264
-289
-314
-307
-274
-238
-206
-174
-131
-87
-50
-17
20
61
99
131
158
178
192
204
225
255
275
266
228
191
184
201
205
173
111
52
22
11
-1
-22
-53
-90
-125
-145
-145
-139
-145
-160
-169
-168
-167
-172
-162
-116
-55
-19
-20
-28
-8
41
93
127
145
154
152
153
167
198
222
213
176
141
125
119
104
75
37
-7
-52
-82
-84
-74
-76
-99
-116
-114
-104
-112
-134
-149
-150
-141
-131
-119
-106
-100
-99
-87
-56
-20
2
9
24
50
76
90
101
122
148
160
153
132
118
116
131
155
171
157
103
34
-5
14
64
85
26
-95
-186
-166
-54
35
-6
-155
-268
-245
-132
-65
-98
-154
-135
-63
-33
-81
-122
-70
38
99
60
-9
-13
62
156
199
176
126
104
138
202
231
177
72
-3
-7
19
8
-53
-121
-162
-189
-221
-252
-255
-237
-234
-266
-315
-339
-307
-239
-181
-173
-207
-240
-218
-132
-29
26
13
-29
-39
13
105
185
219
210
189
188
218
271
322
341
317
267
223
210
224
237
223
169
92
27
5
26
47
26
-46
-125
-155
-112
-24
58
96
80
38
21
57
136
201
209
163
105
81
102
147
182
184
149
107
88
107
143
161
143
105
75
66
66
58
34
-4
-50
-101
-146
-178
-200
-222
-247
-272
-298
-325
-340
-322
-282
-258
-270
-286
-256
-179
-108
-89
-102
-101
-69
-28
4
21
30
36
46
67
92
105
103
105
118
125
110
95
110
145
156
125
78
53
55
57
44
21
-7
-35
-59
-70
-73
-81
-94
-92
-65
-31
-15
-16
-4
36
76
84
64
53
78
131
173
176
138
89
63
76
112
126
89
25
-14
-14
-5
-22
-66
-103
-118
-134
-175
-228
-258
-250
-228
-222
-243
-273
-288
-270
-220
-159
-120
-111
-110
-80
-19
40
68
73
90
129
160
155
127
118
142
168
156
98
36
10
25
32
-13
-108
-191
-204
-165
-148
-202
-295
-340
-311
-256
-243
-282
-324
-328
-298
-242
-139
45
281
453
462
335
256
404
758
1082
1128
898
646
630
844
1028
956
668
396
295
291
223
64
-68
-96
-113
-260
-532
-745
-737
-552
-404
-472
-729
-960
-950
-688
-377
-267
-407
-602
-610
-392
-117
43
84
104
141
160
161
216
370
542
604
514
363
282
336
480
587
529
284
3
-106
14
185
184
-29
-288
-426
-427
-374
-330
-307
-318
-377
-458
-493
-445
-341
-236
-169
-158
-190
-211
-143
28
210
279
206
94
74
181
343
454
464
386
279
205
203
261
321
322
250
140
38
-23
-35
-20
-20
-77
-183
-277
-299
-256
-213
-228
-297
-367
-392
-361
-292
-208
-139
-100
-92
-91
-63
6
97
176
209
197
170
167
208
276
326
317
248
167
129
157
220
258
242
177
95
22
-19
-14
24
45
7
-79
-155
-179
-162
-144
-156
-189
-224
-233
-203
-138
-73
-45
-62
-101
-124
-106
-41
41
96
94
60
47
79
130
158
159
150
139
122
111
122
148
156
119
56
-3
-37
-42
-17
20
28
-21
-99
-138
-120
-91
-94
-126
-141
-120
-88
-72
-73
-71
-57
-44
-41
-38
-19
14
43
49
39
35
55
89
120
130
123
107
97
100
115
130
123
98
71
50
26
0
-13
-7
2
-18
-68
-112
-118
-94
-73
-78
-97
-114
-123
-128
-129
-118
-100
-82
-71
-66
-51
-24
6
20
15
1
0
17
49
85
106
106
85
66
68
89
105
99
78
63
58
57
49
40
30
12
-16
-47
-65
-67
-58
-47
-42
-47
-61
-74
-74
-59
-37
-18
0
13
16
8
-1
-1
5
9
4
0
6
23
39
48
48
39
28
26
35
52
63
59
41
14
-13
-33
-42
-41
-35
-32
-39
-54
-62
-57
-45
-44
-62
-86
-88
-61
-18
14
20
4
-18
-31
-25
-4
17
29
33
40
54
66
70
67
55
40
19
6
12
39
68
77
60
30
11
13
30
48
48
30
8
-6
-7
-10
-19
-32
-40
-42
-45
-49
-49
-41
-33
-32
-40
-49
-50
-38
-19
-2
4
4
6
17
32
36
27
16
14
25
39
45
40
28
13
0
-5
4
26
48
47
25
3
5
40
85
114
110
83
67
86
157
266
370
395
299
106
-73
-95
97
362
428
137
-346
-622
-449
-42
122
-177
-651
-831
-598
-285
-241
-435
-558
-461
-325
-373
-535
-527
-240
88
139
-126
-414
-415
-104
278
440
286
-9
-148
25
362
556
468
269
211
333
467
490
465
497
550
505
349
214
232
384
518
479
241
-57
-192
-60
191
272
34
-342
-531
-402
-139
-20
-130
-326
-429
-408
-334
-264
-189
-109
-64
-91
-164
-191
-108
63
223
258
148
-13
-65
57
257
358
282
125
33
57
129
175
176
140
69
-28
-114
-144
-122
-91
-97
-141
-204
-256
-272
-244
-199
-182
-208
-244
-246
-206
-158
-136
-134
-125
-101
-73
-38
21
97
155
161
134
127
167
226
257
250
223
193
168
144
129
117
104
88
72
46
1
-46
-65
-52
-50
-97
-171
-214
-199
-155
-128
-126
-142
-164
-178
-164
-108
-36
10
8
-13
-13
17
66
118
158
171
150
119
115
145
176
171
136
103
93
95
85
68
56
51
33
-11
-65
-105
-119
-114
-107
-113
-140
-170
-172
-140
-109
-111
-140
-148
-119
-81
-70
-78
-75
-54
-39
-40
-44
-34
-10
18
44
60
56
41
43
73
108
111
84
58
56
60
50
23
-12
-37
-44
-36
-20
-13
-20
-35
-53
-71
-82
-76
-55
-37
-36
-40
-31
-2
31
48
48
37
34
51
89
129
143
131
104
90
96
113
126
123
102
81
69
67
64
54
44
40
40
32
12
-13
-33
-41
-43
-51
-69
-82
-76
-65
-71
-93
-102
-83
-55
-45
-51
-52
-38
-27
-26
-30
-25
-17
-17
-18
-3
24
42
32
0
-29
-37
-25
-12
-9
-16
-26
-36
-50
-60
-55
-38
-31
-46
-72
-81
-67
-48
-42
-42
-38
-29
-25
-26
-24
-20
-15
-14
-8
7
29
43
39
26
24
37
59
69
62
48
43
55
72
79
70
54
45
44
43
38
30
26
26
22
11
-6
-23
-29
-22
-12
-8
-11
-14
-12
-17
-33
-48
-47
-34
-23
-21
-24
-21
-12
1
15
28
31
27
27
40
54
54
47
51
65
68
53
34
32
38
37
27
19
19
21
16
11
5
-4
-16
-26
-23
-12
-8
-12
-21
-30
-38
-41
-37
-27
-19
-18
-19
-15
-12
-12
-16
-17
-13
-11
-8
0
14
23
21
12
8
12
16
15
12
12
13
14
13
12
11
3
-12
-30
-40
-43
-38
-31
-23
-19
-18
-15
-15
-15
-16
-17
-13
-10
-10
-11
-12
-12
-10
-5
4
16
22
19
13
14
26
39
43
37
31
26
24
21
17
14
13
15
14
14
13
13
12
13
13
13
13
12
9
2
-9
-16
-16
-11
-8
-11
-16
-23
-28
-30
-24
-16
-9
-5
0
8
6
-6
-18
-16
-7
-3
-8
-13
-7
7
15
16
13
11
9
12
19
27
32
28
22
17
16
15
13
8
-1
-9
-12
-10
-6
-8
-9
-10
-11
-15
-21
-23
-17
-7
0
6
11
12
11
11
15
23
23
19
16
20
28
31
24
14
7
4
2
4
8
10
7
5
5
8
8
7
6
6
4
-3
-9
-11
-7
-4
-4
-5
-6
-4
-2
0
5
9
11
8
6
10
17
20
17
11
7
4
0
-2
0
3
4
3
3
1
-3
-9
-9
-7
-5
-9
-13
-13
-8
-5
-4
-5
-4
-3
-5
-9
-10
-8
-3
2
5
5
5
6
10
13
15
14
12
13
13
14
13
10
7
4
5
11
18
24
26
24
24
28
33
36
37
38
39
41
43
38
31
24
22
23
25
26
23
20
16
12
9
6
4
3
2
2
-2
-9
-13
-12
-5
2
1
-3
-6
-5
-1
6
12
17
21
25
26
25
23
22
24
26
25
25
26
26
22
20
21
23
23
21
23
26
29
25
16
7
4
8
15
22
25
25
22
13
4
-2
1
7
11
7
1
-3
0
2
0
-6
-9
-4
6
15
20
23
30
39
46
50
51
52
55
64
87
123
162
178
145
59
-43
-86
-23
107
177
81
-141
-316
-297
-125
1
-68
-263
-393
-346
-210
-144
-185
-229
-188
-109
-101
-172
-201
-86
110
229
186
55
-12
65
241
388
402
285
157
147
256
363
361
273
196
168
134
63
4
15
62
50
-58
-186
-240
-188
-89
-35
-80
-202
-300
-281
-148
-10
18
-55
-131
-122
-40
49
98
113
115
112
97
84
96
146
208
229
178
80
5
9
75
123
83
-30
-130
-155
-115
-76
-78
-110
-142
-158
-159
-146
-123
-99
-88
-89
-95
-105
-108
-82
-23
41
66
45
17
24
65
109
131
128
111
90
84
97
125
144
139
113
78
48
36
39
44
30
-9
-57
-98
-124
-127
-113
-100
-113
-147
-170
-157
-121
-95
-90
-90
-75
-59
-50
-35
0
45
71
62
44
51
85
127
155
157
142
119
102
96
102
111
112
88
44
-3
-33
-34
-19
-15
-33
-67
-94
-100
-83
-61
-54
-63
-78
-86
-76
-51
-16
21
43
46
39
43
70
107
132
130
110
92
88
96
105
101
86
67
47
24
-3
-27
-35
-32
-39
-67
-110
-140
-142
-126
-111
-112
-124
-140
-150
-148
-134
-114
-93
-73
-51
-30
-16
-5
17
54
93
111
102
95
105
129
147
151
145
137
125
105
88
78
73
64
47
24
0
-18
-24
-20
-19
-31
-50
-62
-62
-54
-48
-42
-37
-34
-40
-44
-36
-18
-3
-4
-10
-6
10
26
26
16
8
10
16
16
13
12
14
16
14
10
2
-10
-18
-20
-19
-24
-38
-45
-39
-24
-18
-28
-42
-46
-41
-32
-26
-21
-18
-15
-13
-8
2
13
20
22
26
32
43
51
49
44
40
44
52
58
61
62
59
52
44
39
37
34
26
11
-6
-16
-11
2
7
-5
-29
-43
-39
-28
-27
-37
-44
-34
-15
-5
-8
-16
-17
-8
6
15
15
9
7
9
13
14
14
17
23
25
13
-6
-18
-15
1
11
3
-17
-34
-30
-15
-2
-3
-12
-16
-7
7
15
14
11
18
30
41
41
35
35
45
57
55
46
38
40
47
47
39
32
33
38
39
31
16
1
-9
-11
-10
-16
-23
-27
-23
-17
-17
-22
-26
-26
-26
-29
-29
-24
-13
-3
0
-3
-10
-14
-12
-2
6
9
6
4
7
13
17
17
12
6
2
1
5
7
5
3
5
6
5
4
3
5
7
9
12
16
15
8
1
1
5
7
5
3
4
8
11
12
10
7
3
3
4
6
8
12
15
16
15
17
21
27
26
21
15
14
14
17
16
14
15
16
17
15
15
15
16
15
14
15
15
15
14
15
16
15
14
15
15
15
14
15
16
15
15
15
15
14
10
4
-1
-3
-1
-3
-4
-5
-6
-9
-10
-11
-6
-2
-2
-3
-5
-3
0
2
4
5
6
4
4
7
14
21
28
31
34
35
36
38
42
44
42
38
34
36
40
43
39
30
22
21
21
20
13
7
4
5
7
4
3
2
0
-2
-1
2
2
0
-1
3
10
11
8
4
1
2
3
4
5
5
3
1
-3
-6
-7
-4
0
6
9
9
7
7
9
14
19
24
27
30
32
36
36
37
39
39
38
38
37
35
34
35
39
41
38
33
32
33
36
35
34
33
34
33
26
20
18
19
20
16
11
8
11
14
11
5
0
-2
-6
-9
-11
-11
-10
-9
-9
-8
-6
-2
1
2
0
-3
-7
-7
-5
1
3
2
-1
-3
2
9
15
19
22
24
25
25
24
22
18
15
11
12
13
11
3
-1
-5
-6
-8
-7
-3
3
5
9
12
17
21
23
23
23
23
22
22
23
22
22
21
23
26
26
25
21
17
18
22
26
27
26
25
24
25
26
30
36
38
35
28
23
21
23
27
28
26
20
18
18
21
21
20
20
20
20
20
20
20
24
27
30
32
31
28
24
20
18
20
23
26
27
25
25
25
25
25
26
26
27
27
26
25
24
18
11
5
3
4
6
11
14
16
16
15
19
23
27
27
26
25
28
31
32
29
25
25
24
21
11
0
-6
-3
3
6
4
0
-1
-1
-2
-3
-4
-6
-6
-4
0
7
7
4
2
3
2
-1
-3
2
10
13
9
2
2
7
13
14
14
15
16
19
23
27
28
27
21
16
14
17
22
25
29
29
27
25
24
26
29
32
31
28
26
25
26
30
29
26
19
16
19
22
22
19
16
16
14
13
13
20
24
23
19
18
21
23
21
19
20
22
21
20
21
21
21
20
19
15
11
8
10
11
11
10
9
9
8
8
13
19
24
26
25
25
25
25
27
30
31
29
21
15
14
16
19
18
15
16
17
18
17
17
16
18
17
16
15
14
9
5
6
8
10
8
6
2
0
1
5
11
16
16
14
14
14
16
18
21
25
25
20
13
11
13
15
12
6
1
2
3
3
0
-3
1
8
13
13
9
7
11
11
11
9
9
11
10
10
9
10
11
11
13
18
23
22
20
20
24
27
24
18
13
12
16
21
25
26
26
24
21
19
16
16
21
25
22
16
12
15
20
19
13
12
15
18
17
15
13
12
7
3
4
6
6
7
10
16
15
9
1
-2
-3
0
2
5
5
4
4
5
6
4
4
4
6
5
4
4
5
6
4
3
5
11
13
15
14
13
15
17
22
25
27
30
31
31
32
33
31
30
26
25
22
17
13
12
13
12
8
2
2
5
5
0
-4
-3
2
6
5
3
4
5
7
10
16
21
24
27
30
31
31
28
26
25
26
26
23
20
15
13
14
16
16
12
8
4
3
5
5
4
-1
-3
-2
2
5
5
4
4
7
6
3
-2
-1
1
8
10
8
4
4
9
17
17
13
10
14
22
26
25
23
23
24
23
23
23
23
22
22
21
17
12
12
13
12
7
2
2
5
7
6
7
13
16
15
13
13
14
14
13
14
13
13
14
14
15
18
21
26
25
23
22
22
24
24
24
24
27
28
25
22
19
21
23
25
24
26
29
28
25
22
23
26
26
26
28
32
33
29
27
29
33
31
24
18
17
21
25
26
23
17
12
9
6
2
-3
-3
0
6
5
4
4
5
5
4
4
5
5
4
2
4
2
-2
-5
-1
5
6
5
3
4
5
4
4
5
6
4
4
5
4
5
3
4
4
4
3
4
5
6
4
3
5
6
4
4
8
12
15
15
14
16
19
23
26
25
26
29
31
30
27
24
25
27
26
23
18
14
13
14
15
11
5
2
2
6
7
4
4
5
5
4
0
-1
-1
-1
1
2
-1
-3
-3
5
12
13
12
12
12
13
11
6
4
4
8
14
17
14
6
1
3
10
14
15
14
13
14
14
17
21
25
30
31
30
27
25
25
24
24
25
25
25
24
24
24
23
18
14
11
8
6
3
4
5
6
5
4
5
4
6
8
12
17
17
15
14
14
16
16
15
14
16
16
15
16
15
15
15
15
15
13
7
5
8
13
17
18
18
21
25
26
25
24
24
25
25
26
29
33
31
28
24
24
25
26
26
26
29
31
32
27
20
17
17
18
19
19
17
17
18
18
15
9
7
7
9
9
8
8
8
10
9
7
8
9
8
8
8
9
9
8
6
4
1
2
5
6
5
4
4
5
4
3
4
5
5
4
5
5
5
2
2
2
0
-2
2
9
13
13
8
10
13
17
19
20
22
26
26
26
26
27
27
27
26
23
22
24
25
24
22
22
25
25
23
21
19
16
16
19
23
25
24
21
21
21
16
11
11
14
14
14
12
12
14
14
11
10
8
5
3
4
7
11
12
13
14
13
13
14
14
14
13
13
13
14
14
13
13
9
5
2
6
12
16
18
21
25
27
22
16
12
13
13
14
18
22
24
21
15
12
12
14
14
13
13
13
14
13
14
13
14
13
13
13
13
13
13
13
14
14
14
13
14
14
13
13
14
14
12
13
14
15
13
15
21
25
26
24
23
21
17
12
6
5
5
4
3
5
5
5
4
4
5
4
4
5
5
4
3
7
12
15
15
13
13
13
13
9
4
1
3
5
7
5
3
5
6
5
3
3
5
3
-1
-5
-3
2
7
10
13
15
17
16
17
22
26
26
25
24
24
21
19
21
27
32
31
27
23
19
14
11
14
17
17
14
14
16
17
15
14
15
16
15
14
15
15
15
14
16
18
20
21
26
28
26
22
18
17
15
17
21
28
29
26
23
26
28
27
25
26
28
26
25
25
30
30
24
22
22
23
22
22
22
23
22
21
22
23
23
22
23
24
22
21
21
23
22
21
21
23
23
22
21
22
21
18
12
10
10
6
2
3
4
7
4
3
6
6
5
3
4
7
5
3
2
5
4
0
-5
-3
3
4
4
3
4
6
4
3
5
6
4
3
4
6
7
10
15
17
13
6
2
3
6
6
4
4
5
4
4
4
5
6
5
3
5
4
4
4
5
6
5
4
4
6
5
4
5
6
9
10
15
15
15
13
14
15
15
14
13
14
14
15
14
13
15
16
19
23
26
23
17
13
13
16
23
27
26
24
23
23
26
25
25
24
25
25
23
19
15
11
12
14
16
16
12
8
5
3
4
6
6
5
4
4
5
7
6
5
4
6
10
14
16
13
9
4
2
2
5
6
4
2
5
6
6
6
9
15
14
7
1
1
6
9
4
2
5
6
5
3
4
7
5
4
4
6
5
2
1
1
0
-3
-2
4
10
13
13
11
12
12
13
12
12
13
13
12
12
13
12
13
13
12
13
13
13
15
20
24
24
21
20
23
23
22
21
22
23
24
23
26
29
29
23
15
13
14
16
16
16
15
14
15
15
15
15
14
15
16
15
15
15
15
15
15
15
15
15
14
11
7
4
3
5
6
5
3
3
2
-1
-3
0
5
6
5
4
4
5
5
4
5
5
5
5
5
6
6
9
13
16
15
14
12
14
14
14
14
16
18
22
25
26
24
22
22
24
25
23
22
23
24
23
20
14
13
16
19
24
27
23
16
12
13
21
26
25
20
16
15
19
25
31
32
25
19
16
18
20
20
20
22
23
19
14
13
16
17
15
14
16
16
14
15
15
16
15
15
15
16
15
15
15
16
15
15
14
15
14
11
5
2
2
3
5
2
-2
-3
2
8
8
5
2
4
7
5
3
4
3
0
-3
-1
3
6
4
3
6
12
15
15
13
13
15
15
14
14
14
15
14
15
15
14
14
14
14
14
15
15
16
20
23
27
24
20
13
13
20
27
29
26
22
22
23
26
27
29
27
27
26
25
26
26
26
26
31
33
32
27
24
24
25
25
24
24
25
25
25
23
25
25
24
24
24
25
24
20
15
15
20
25
26
26
28
30
31
28
20
16
18
22
21
18
17
22
25
19
8
5
10
19
22
22
24
23
18
11
10
11
7
0
-3
2
10
13
11
9
11
17
19
15
9
9
12
13
13
9
9
11
12
11
10
11
11
10
6
4
2
3
6
6
5
3
3
3
3
-1
-2
4
10
14
14
17
18
20
18
18
18
18
18
17
19
18
18
17
18
19
18
17
17
19
19
17
17
17
17
13
7
7
8
9
8
8
7
9
10
10
9
9
9
10
10
12
14
14
11
8
7
10
11
12
15
18
22
22
19
18
20
21
20
17
20
23
22
19
16
16
17
18
18
17
17
17
18
17
18
20
24
25
22
15
12
14
17
17
14
13
16
17
14
14
13
16
12
6
2
3
6
6
3
3
5
6
4
3
4
6
5
3
4
11
14
12
5
2
4
6
5
4
1
0
0
6
10
12
9
7
10
11
11
9
7
5
3
0
3
4
0
-5
-1
7
14
13
10
10
12
12
10
10
11
11
6
4
6
12
15
15
10
5
3
8
13
17
15
13
16
21
25
26
25
24
19
13
10
12
17
22
24
25
26
25
24
23
25
25
25
24
24
25
24
24
24
25
25
26
28
32
30
26
20
15
14
15
15
15
15
15
16
17
20
23
25
23
18
14
15
21
27
27
25
25
25
24
19
15
17
22
26
27
25
25
26
26
25
26
26
25
26
26
26
25
26
25
24
19
15
13
14
16
16
16
14
15
15
15
15
15
15
15
15
14
11
7
6
11
17
17
15
14
16
16
14
14
16
16
15
14
14
17
16
14
14
16
15
14
15
18
20
22
25
28
27
24
24
27
28
26
24
24
21
15
11
14
18
17
14
12
15
16
14
9
5
3
4
5
6
8
10
13
16
16
14
15
18
23
24
23
17
13
11
14
18
17
15
14
16
18
16
15
20
26
28
27
24
26
27
26
23
21
19
15
13
14
16
19
21
24
27
27
26
24
24
23
18
13
12
15
17
16
14
14
16
16
14
14
15
17
14
14
15
16
15
14
15
15
17
14
16
19
22
24
24
26
27
26
25
24
22
17
13
14
18
18
16
13
13
16
16
15
14
15
15
15
15
14
15
15
14
15
15
15
14
15
15
15
15
15
16
15
15
15
15
15
15
15
16
13
7
3
3
7
6
4
4
5
5
4
4
5
5
4
4
3
2
-2
-2
1
5
6
5
5
7
13
16
15
14
12
14
15
15
14
13
15
13
8
4
5
8
13
15
16
15
14
14
15
15
15
16
19
23
25
26
24
23
22
23
24
25
25
25
25
23
25
26
25
24
24
26
29
32
31
27
25
25
26
27
27
26
26
26
27
26
27
26
25
24
23
18
13
12
15
18
17
14
13
17
20
22
24
22
18
14
13
14
16
16
14
15
16
15
15
14
15
16
14
15
16
15
14
15
18
19
22
26
27
23
16
11
12
17
16
13
14
16
17
15
13
10
7
4
4
5
6
5
4
5
6
5
4
4
5
4
4
5
5
5
4
4
5
4
4
5
5
5
4
5
5
5
4
5
5
5
4
4
5
5
4
5
4
5
4
5
5
5
5
5
5
5
4
5
6
4
4
4
5
5
4
5
5
5
3
4
5
5
3
5
5
5
4
3
5
5
4
4
8
13
15
16
15
15
16
15
14
15
15
15
15
15
15
15
15
16
15
15
14
15
15
14
10
5
2
4
6
6
4
4
5
5
4
4
5
4
4
3
2
0
0
5
11
12
7
1
1
4
5
5
3
4
7
11
14
16
15
14
16
20
24
26
25
23
24
25
25
24
24
25
25
24
24
25
25
25
24
25
25
25
24
27
30
31
29
26
24
25
26
26
26
26
26
26
25
22
19
15
13
14
16
16
17
18
23
26
23
15
12
18
26
27
27
25
26
27
26
25
23
19
15
13
14
17
17
15
13
14
15
10
5
2
5
9
13
16
17
16
14
15
16
15
14
13
13
11
6
2
3
5
7
8
10
15
21
23
20
15
13
15
16
17
12
7
4
4
5
6
6
4
6
10
13
17
16
15
15
15
13
8
4
8
14
18
16
15
15
19
20
18
14
12
13
16
14
11
9
12
15
16
16
15
15
15
15
14
13
10
5
6
14
19
16
9
3
4
9
13
16
16
15
14
14
15
16
19
22
26
27
26
24
25
27
27
24
18
15
13
15
16
16
15
14
14
16
15
15
14
16
15
14
15
15
14
14
16
20
25
27
26
26
25
24
21
18
17
19
25
28
27
25
25
26
26
27
26
26
26
27
27
26
26
26
26
26
26
26
26
25
27
26
26
26
26
26
26
26
27
26
26
25
27
26
26
24
24
22
17
14
13
18
21
18
14
14
20
26
27
26
25
25
25
27
26
27
26
26
26
26
26
26
27
26
26
26
25
26
26
26
26
26
27
25
26
26
25
23
20
15
13
15
20
25
27
26
25
26
26
26
25
26
26
26
25
27
30
33
31
27
24
24
26
26
24
22
18
14
10
9
7
5
3
4
9
12
12
7
3
4
6
6
4
5
5
6
7
11
15
18
16
13
13
13
9
5
6
10
11
7
2
4
7
6
3
3
5
6
4
3
5
6
4
4
5
4
6
4
4
5
4
4
4
5
4
4
4
5
4
1
-1
-1
-1
1
5
7
6
3
3
3
2
1
3
7
9
8
3
2
1
0
1
4
10
15
15
12
12
12
13
14
17
21
22
20
14
10
11
13
15
13
12
11
14
13
12
13
13
13
12
12
12
13
15
18
22
25
24
22
21
23
23
24
23
23
23
23
23
23
23
24
23
23
23
23
22
22
24
23
23
24
22
23
23
24
23
23
22
23
24
22
18
16
14
13
12
12
14
16
19
21
24
25
21
17
13
13
12
12
13
12
13
13
12
13
12
12
12
13
12
8
6
4
3
5
4
5
4
4
4
4
5
4
4
4
4
4
3
5
3
2
3
5
6
5
4
4
5
5
4
3
5
5
4
5
3
1
-2
-1
2
6
7
7
8
8
6
4
4
5
4
3
4
5
4
3
6
10
14
12
10
10
14
17
16
13
13
14
14
14
13
14
15
14
14
14
14
14
13
15
14
14
15
17
22
25
26
25
23
24
24
25
24
25
28
30
30
26
19
15
15
17
18
17
17
17
17
17
16
17
17
19
17
18
16
15
16
18
21
22
20
15
11
13
17
17
15
13
16
16
14
14
15
16
15
14
14
16
15
13
14
16
13
6
2
2
5
5
2
-2
-3
0
4
6
4
5
9
14
16
14
13
13
14
15
13
13
14
14
13
13
14
15
13
13
13
15
14
13
13
14
13
9
4
2
4
6
5
5
5
5
4
2
0
1
4
6
6
2
-1
0
6
12
15
15
13
12
15
15
14
14
14
14
14
14
14
14
14
14
14
15
16
17
21
26
27
25
23
23
26
25
23
24
25
26
24
24
26
26
23
24
24
22
18
14
17
23
27
26
24
23
25
25
25
24
24
26
29
31
29
28
26
25
26
26
26
27
26
26
26
26
26
26
26
26
26
26
26
26
27
26
26
26
26
26
26
27
26
26
26
26
26
26
26
26
26
26
27
26
25
26
26
26
25
24
23
22
23
25
25
21
14
15
19
25
27
26
25
25
28
26
25
26
26
26
26
26
26
26
26
26
26
26
25
25
26
29
32
32
30
26
24
23
22
19
15
13
17
24
27
25
24
24
26
26
24
24
26
25
20
15
14
17
22
26
27
25
21
21
23
27
26
24
24
24
23
18
14
14
15
17
15
14
15
16
14
14
15
16
16
14
13
14
14
13
14
15
16
15
14
15
15
10
4
2
5
6
4
3
5
6
4
3
4
5
5
3
4
9
14
16
13
8
3
2
6
6
5
4
4
5
4
4
5
5
5
4
5
5
6
8
14
18
17
16
18
25
29
27
23
24
25
26
22
19
16
15
15
15
15
15
15
14
15
14
15
16
17
20
23
22
18
14
13
15
17
15
14
13
16
16
15
15
15
16
14
14
15
16
15
15
14
16
18
21
24
26
26
24
24
25
24
23
22
19
16
17
23
27
28
24
23
25
27
26
25
28
33
33
27
20
16
16
19
22
27
28
27
25
26
24
20
17
19
25
29
27
22
20
18
15
13
14
17
16
13
13
16
17
14
14
15
16
15
13
14
14
11
5
2
3
6
6
4
4
5
6
4
4
5
6
4
4
4
5
4
4
5
5
5
5
4
5
4
3
4
5
5
4
4
5
5
5
4
5
5
4
4
5
5
7
9
13
14
10
4
2
4
8
6
4
4
5
6
5
3
6
11
13
14
15
16
15
15
13
16
15
14
14
16
15
12
8
5
4
4
5
4
5
4
4
4
4
5
5
4
5
5
6
8
