
21
17
10
6
5
5
7
11
16
23
25
26
27
25
26
26
26
26
25
23
21
15
7
-1
-3
-4
-4
-1
3
8
13
15
15
18
22
24
25
25
25
24
24
22
21
18
13
8
5
3
4
6
5
5
9
15
23
27
29
30
32
30
26
23
22
20
15
10
7
7
5
4
3
5
7
9
11
15
17
16
14
13
16
16
14
14
13
12
6
2
3
6
5
3
3
5
6
4
5
8
14
18
19
21
25
27
26
25
24
22
18
14
14
16
16
16
16
19
26
27
26
25
26
27
27
25
26
27
26
26
24
22
18
14
14
19
26
28
25
21
16
10
4
-1
-1
2
8
10
9
9
8
9
14
19
21
20
19
19
18
19
19
18
20
18
18
17
15
14
14
18
25
32
35
35
36
35
32
25
20
19
20
21
20
17
14
10
5
0
-1
0
-1
-2
0
5
9
11
14
19
23
25
27
28
27
20
11
5
1
-1
-5
-7
-6
-1
5
12
21
30
36
35
35
34
33
31
27
24
21
15
13
12
11
5
0
-3
-1
2
6
9
16
24
29
31
29
29
24
19
13
8
5
3
0
-1
2
5
7
5
3
4
7
10
13
15
15
15
16
16
15
13
11
10
9
4
1
-1
-1
1
5
12
21
24
26
29
34
37
32
25
21
20
18
14
14
17
18
15
14
15
17
15
13
15
17
16
15
14
12
7
1
-1
0
1
-1
-3
-2
-1
0
3
8
11
14
16
19
23
25
26
26
25
24
25
25
23
19
15
12
13
15
19
22
26
30
34
36
39
39
37
34
29
23
17
10
1
-7
-11
-10
-6
0
6
8
11
12
14
18
22
23
25
25
26
26
24
23
20
14
7
0
-5
-6
-6
-4
2
8
14
18
22
26
30
32
33
36
35
32
24
15
8
2
-3
-3
0
5
9
18
26
32
30
26
24
27
31
28
20
15
11
8
3
-2
-5
-6
-3
-1
3
8
14
19
22
25
24
20
16
13
14
16
15
14
15
19
24
23
20
14
8
5
4
10
15
23
30
35
39
38
33
31
28
24
18
10
7
7
10
14
16
20
20
18
16
17
19
19
17
16
16
14
6
-1
-1
3
5
5
5
8
13
16
15
13
14
14
14
14
14
15
13
9
7
9
13
16
15
14
9
7
6
3
3
6
13
18
23
25
25
25
22
20
17
15
12
11
11
8
4
2
4
6
5
8
16
25
27
25
21
19
15
9
4
1
-2
-2
3
11
17
19
18
17
13
9
6
8
10
11
7
7
9
10
8
7
9
10
9
8
11
17
20
20
19
19
17
13
10
7
9
13
17
19
19
17
12
8
5
1
2
3
7
13
21
25
27
28
30
27
20
12
8
8
10
11
13
17
20
20
17
12
8
8
11
16
21
20
20
21
24
26
24
16
9
5
7
11
15
16
15
14
14
13
11
7
3
3
8
13
21
25
27
26
23
20
15
9
4
-1
-2
-1
1
7
13
15
13
11
12
16
20
23
26
28
29
28
26
25
26
26
25
20
13
8
5
6
5
3
5
10
16
20
24
27
27
25
25
26
28
26
24
24
24
18
10
4
4
8
12
16
20
24
26
26
26
25
26
25
23
20
15
12
11
9
6
6
10
15
14
6
0
3
7
8
5
2
5
7
5
4
5
7
11
14
15
17
16
13
11
9
5
3
4
5
5
5
7
13
17
18
15
12
10
7
4
3
9
14
17
17
15
13
13
10
5
2
4
7
7
4
4
4
5
4
3
2
-1
1
5
11
17
21
24
25
23
20
15
11
8
5
3
5
10
15
20
21
20
19
20
25
28
29
30
34
37
36
33
29
25
18
8
0
-1
-2
-4
-1
3
12
17
21
22
23
21
20
20
19
16
10
6
4
5
4
3
5
6
4
3
8
15
18
16
12
12
14
15
14
13
14
14
11
7
7
9
13
15
15
13
11
8
3
2
4
8
12
14
15
15
12
7
1
-4
-7
-8
-6
-4
1
4
9
14
17
19
22
24
23
21
16
16
14
12
12
16
23
27
26
26
24
20
11
5
2
3
4
5
10
18
22
22
20
22
25
27
26
24
25
25
25
21
18
14
13
14
15
15
12
7
5
10
18
22
25
26
25
25
24
25
24
23
19
16
14
14
16
18
21
23
26
26
25
25
25
26
25
25
23
24
25
25
22
17
14
12
15
22
27
31
33
32
28
25
24
24
22
17
9
2
-2
-4
0
4
11
16
19
23
25
23
23
23
23
21
17
13
10
7
5
2
4
5
7
5
6
10
16
19
21
22
24
23
18
13
11
11
10
4
-3
-5
0
8
13
11
8
9
15
21
22
19
16
13
9
8
9
9
9
9
9
11
12
14
16
20
21
19
19
19
19
18
17
15
12
8
8
9
12
10
8
9
14
19
21
20
19
20
19
18
19
20
19
18
19
21
23
25
26
26
23
21
21
24
27
26
25
23
24
24
23
21
17
14
14
18
24
27
27
25
23
25
25
22
18
13
14
16
17
17
14
15
16
15
15
14
14
9
4
3
6
7
7
11
15
18
16
13
14
16
16
15
15
15
15
15
15
15
16
15
15
15
16
16
13
15
17
16
14
14
15
15
11
6
5
4
4
5
4
4
4
6
10
13
16
16
17
16
13
10
6
4
2
4
2
4
7
13
18
19
18
17
17
16
17
17
14
12
8
5
5
8
8
7
7
8
7
10
12
16
19
19
17
17
16
18
18
17
13
9
6
5
7
9
9
7
7
9
12
15
17
18
17
12
8
7
8
7
7
8
9
8
8
12
16
20
19
17
16
19
22
25
25
19
12
8
7
6
4
4
9
15
19
21
22
24
23
16
13
14
16
16
15
15
16
15
15
15
15
16
14
14
15
15
15
15
15
14
12
6
-1
-3
-2
2
5
9
13
15
15
13
13
13
14
15
13
10
5
2
3
6
6
4
3
4
6
6
9
13
16
15
13
11
13
14
13
10
7
6
5
4
4
4
4
5
11
15
18
18
19
23
26
23
16
11
10
8
4
2
3
6
6
3
3
5
5
4
4
7
11
15
16
14
12
13
13
13
10
5
0
-2
-1
1
6
11
17
19
19
21
21
20
19
19
20
22
20
20
20
20
20
20
20
20
20
20
20
18
13
10
9
11
16
19
18
13
9
7
10
13
12
9
9
8
4
2
3
11
16
16
15
19
24
27
25
24
25
25
24
24
25
25
24
23
26
30
31
29
27
25
25
25
26
26
26
25
26
26
26
25
26
26
22
16
13
13
16
16
16
14
15
15
15
15
14
15
15
15
14
15
15
15
11
4
2
3
6
6
4
5
9
13
18
23
27
27
25
23
22
18
14
12
15
17
16
14
14
15
16
15
15
15
17
16
14
15
16
16
13
10
7
5
5
4
5
4
5
4
4
4
4
4
5
5
5
5
7
11
15
16
14
8
3
4
11
16
16
15
14
16
16
15
14
16
16
15
14
15
15
15
14
16
15
14
15
15
15
15
15
15
15
15
14
12
9
6
3
4
7
5
3
3
5
4
4
1
-1
-1
0
3
9
12
14
14
15
16
14
15
18
24
27
25
24
24
26
25
25
24
24
24
25
25
24
24
25
25
24
25
25
24
24
24
25
24
24
24
25
24
24
21
17
14
12
12
9
4
2
7
13
17
16
12
13
15
15
11
8
5
4
4
4
5
4
5
4
4
4
7
13
21
27
28
28
28
27
21
13
8
8
9
9
9
13
18
22
20
18
17
18
17
15
12
13
16
19
18
13
7
6
6
4
0
0
4
8
11
14
16
16
15
13
14
12
10
4
0
3
6
6
5
5
11
15
17
15
15
19
26
32
36
37
35
30
23
15
9
6
2
1
3
8
12
17
20
26
29
31
29
27
25
21
17
12
6
-1
-6
-9
-11
-15
-17
-15
-9
0
6
12
17
24
27
25
22
19
15
9
4
2
-1
-2
-3
0
5
7
11
17
28
39
50
55
63
68
66
59
47
30
12
-5
-19
-27
-27
-20
-7
9
26
44
55
63
63
61
54
44
32
18
3
-9
-19
-24
-28
-29
-29
-26
-20
-14
-7
3
14
24
31
34
33
31
27
21
16
10
2
-4
-7
-9
-9
-10
-10
-8
-4
7
17
25
29
33
38
43
42
37
33
30
28
22
14
8
9
15
21
19
12
9
17
26
27
18
9
9
17
20
16
14
17
23
27
26
22
15
9
4
-1
-5
-7
-6
0
7
8
8
11
16
23
25
26
25
25
24
24
22
18
14
12
11
6
1
-2
2
11
18
21
23
27
32
33
28
22
19
19
16
13
7
5
4
4
4
5
5
6
7
10
15
17
15
16
21
24
21
13
7
3
0
-3
-3
0
4
7
7
11
17
22
24
24
26
29
31
30
27
22
14
6
0
-2
-1
0
2
7
13
19
25
29
32
31
30
31
33
31
27
20
17
14
12
7
2
1
0
0
-1
0
3
5
7
10
15
21
29
32
33
29
25
18
12
5
-1
-5
-5
-5
-2
0
2
4
8
14
21
26
28
28
28
29
28
22
17
15
12
9
5
3
5
5
2
-2
3
10
18
24
29
33
37
40
40
39
32
22
13
6
3
-2
-9
-12
-11
-8
-6
-4
-2
2
7
14
20
25
28
28
28
25
21
17
17
19
19
17
13
7
2
-2
-5
-4
2
9
16
24
35
46
52
54
51
45
32
11
-12
-29
-39
-43
-42
-32
-13
8
27
41
47
46
42
37
30
19
4
-10
-20
-25
-30
-30
-26
-19
-14
-11
-10
-10
-9
-9
-9
-6
-2
9
23
43
69
95
119
130
125
101
64
15
-38
-92
-139
-171
-177
-155
-110
-54
6
65
120
162
184
187
172
143
104
59
13
-30
-71
-105
-125
-133
-134
-133
-125
-104
-74
-39
-3
36
75
106
126
140
152
159
153
133
105
67
17
-48
-116
-177
-224
-248
-248
-230
-194
-140
-72
4
73
129
171
197
199
179
145
104
57
2
-56
-104
-131
-142
-146
-142
-124
-90
-47
-5
34
65
88
101
102
88
62
32
10
-2
-1
4
4
3
3
1
-5
-20
-42
-57
-58
-55
-53
-51
-34
-1
33
58
78
101
130
149
150
139
121
93
58
18
-16
-51
-88
-120
-133
-125
-107
-88
-63
-30
5
30
43
47
44
35
20
6
-2
-6
-14
-25
-38
-48
-54
-61
-70
-76
-75
-63
-49
-31
-9
19
52
81
104
119
121
110
93
75
56
24
-20
-64
-93
-105
-108
-100
-79
-47
-8
33
78
125
161
182
189
190
191
185
167
134
92
42
-16
-81
-144
-191
-211
-202
-162
-89
8
115
212
290
342
358
328
261
172
77
-25
-129
-220
-278
-300
-297
-282
-258
-226
-187
-140
-82
-25
18
43
60
74
76
59
23
-27
-85
-146
-203
-252
-294
-328
-342
-327
-289
-241
-180
-101
-12
65
118
151
174
181
165
136
111
102
108
128
172
248
349
436
464
406
272
96
-83
-247
-391
-498
-533
-466
-305
-96
106
271
408
528
613
621
534
390
247
127
7
-132
-267
-358
-398
-404
-391
-354
-289
-203
-107
-10
72
128
157
180
205
222
219
206
195
176
127
53
-26
-90
-147
-215
-286
-327
-315
-264
-212
-183
-165
-130
-63
16
79
115
144
191
250
293
288
241
180
128
73
-7
-116
-221
-288
-306
-291
-261
-215
-146
-57
39
124
189
230
251
263
271
261
213
125
26
-52
-110
-163
-226
-278
-294
-268
-214
-154
-92
-25
47
104
135
153
166
178
178
164
141
112
74
33
-3
-30
-58
-85
-107
-113
-111
-109
-98
-64
-17
19
32
38
53
76
90
92
88
81
68
52
34
14
-4
-12
-11
-11
-26
-50
-57
-41
-21
-18
-27
-27
-13
8
24
32
35
34
39
52
51
24
-21
-52
-60
-59
-65
-68
-58
-40
-25
-12
14
48
74
82
78
72
65
52
44
41
36
14
-12
-30
-43
-61
-80
-80
-52
-15
12
28
48
77
104
126
146
165
176
182
180
159
108
37
-25
-60
-76
-92
-103
-97
-75
-58
-55
-54
-41
-14
14
33
40
40
39
45
49
36
4
-36
-69
-100
-139
-190
-238
-266
-275
-272
-263
-247
-224
-189
-143
-88
-39
-7
13
30
40
36
18
-3
-23
-59
-119
-186
-221
-183
-53
176
502
884
1234
1434
1403
1131
694
209
-231
-602
-927
-1186
-1277
-1116
-745
-327
-4
233
477
760
979
1003
831
596
424
327
224
61
-125
-268
-346
-398
-470
-559
-618
-608
-533
-443
-368
-290
-160
32
224
347
406
468
556
603
539
388
234
96
-92
-370
-656
-819
-810
-707
-609
-536
-438
-265
-30
198
348
401
422
486
583
605
489
305
182
149
103
-49
-255
-386
-397
-366
-374
-405
-386
-286
-152
-35
69
181
309
425
512
570
605
603
529
366
129
-136
-379
-574
-704
-753
-717
-586
-378
-129
110
296
427
519
576
575
507
398
287
182
63
-69
-193
-300
-402
-489
-520
-473
-385
-305
-227
-106
59
207
284
301
302
282
207
73
-76
-194
-279
-349
-407
-437
-446
-439
-410
-342
-237
-125
-33
49
148
261
344
362
319
247
150
5
-200
-409
-529
-497
-310
14
481
1086
1726
2174
2205
1776
1081
383
-196
-743
-1349
-1907
-2125
-1828
-1173
-541
-157
104
507
1067
1478
1451
1067
674
502
455
325
70
-172
-287
-318
-373
-493
-661
-837
-965
-983
-887
-745
-595
-381
-37
376
703
884
995
1102
1142
1019
758
470
188
-170
-622
-1032
-1233
-1206
-1083
-974
-881
-744
-515
-203
136
403
537
605
726
913
1021
929
719
565
490
326
-44
-494
-800
-889
-892
-929
-972
-914
-716
-439
-159
100
354
627
906
1147
1292
1307
1214
1043
795
450
28
-386
-704
-908
-1043
-1150
-1194
-1099
-854
-535
-249
-15
218
473
686
783
766
703
617
466
219
-75
-334
-522
-660
-769
-838
-850
-799
-696
-556
-408
-275
-159
-41
72
137
142
128
147
203
242
209
101
-32
-121
-103
55
358
818
1429
2107
2610
2639
2071
1103
125
-622
-1205
-1810
-2413
-2695
-2355
-1460
-457
241
616
968
1486
1965
2027
1586
966
557
404
254
-60
-410
-583
-580
-607
-795
-1052
-1199
-1177
-1057
-918
-754
-504
-132
328
763
1042
1152
1215
1337
1420
1245
776
240
-137
-426
-857
-1437
-1862
-1868
-1555
-1250
-1103
-962
-618
-69
480
833
960
1005
1138
1363
1479
1272
799
367
185
101
-182
-696
-1139
-1263
-1170
-1120
-1142
-1010
-585
-45
344
540
719
990
1243
1334
1278
1199
1123
950
595
99
-434
-911
-1277
-1488
-1549
-1500
-1335
-995
-496
1
323
486
642
844
949
822
545
319
210
115
-72
-317
-527
-676
-794
-896
-969
-1008
-998
-904
-706
-457
-230
-28
199
434
564
516
360
209
66
-150
-431
-644
-694
-611
-425
-31
714
1775
2932
3939
4554
4465
3441
1675
-185
-1617
-2703
-3815
-4862
-5158
-4197
-2357
-590
524
1206
1992
2979
3684
3593
2731
1654
889
479
96
-452
-985
-1251
-1287
-1346
-1567
-1837
-1993
-1986
-1847
-1606
-1275
-839
-223
598
1446
2018
2231
2320
2492
2581
2254
1493
629
-109
-872
-1845
-2831
-3362
-3230
-2700
-2187
-1815
-1373
-629
374
1309
1850
1958
1919
2043
2295
2318
1857
1106
524
285
59
-561
-1500
-2234
-2387
-2149
-1978
-1976
-1787
-1098
-80
804
1327
1672
2103
2599
2884
2727
2154
1377
587
-176
-978
-1796
-2456
-2753
-2649
-2290
-1836
-1307
-664
23
592
947
1141
1254
1258
1062
683
274
-21
-204
-374
-575
-757
-866
-918
-966
-1031
-1083
-1074
-949
-693
-368
-90
101
282
507
661
564
222
-142
-376
-551
-790
-1023
-1068
-839
-359
402
1538
3001
4532
5742
6166
5329
3142
309
-2038
-3391
-4346
-5629
-6812
-6584
-4409
-1405
795
1767
2416
3530
4766
5188
4405
2905
1466
496
-79
-550
-1086
-1571
-1763
-1635
-1501
-1696
-2163
-2491
-2391
-2013
-1711
-1546
-1178
-286
966
2013
2489
2634
2946
3452
3563
2793
1413
132
-770
-1685
-2941
-4168
-4622
-4061
-3010
-2146
-1627
-1082
-157
1045
2039
2414
2258
2097
2338
2768
2755
2009
998
418
338
132
-696
-1843
-2557
-2533
-2188
-2012
-1937
-1516
-587
483
1262
1689
1986
2262
2398
2256
1840
1233
521
-183
-782
-1286
-1796
-2287
-2536
-2380
-1948
-1509
-1126
-637
9
575
791
688
514
414
307
100
-126
-215
-140
-37
-37
-154
-322
-478
-606
-720
-835
-949
-1014
-972
-827
-665
-570
-542
-553
-631
-809
-960
-753
97
1560
3334
5123
6742
7870
7909
6351
3381
-49
-2928
-4947
-6469
-7761
-8417
-7685
-5344
-2121
828
2837
4092
5108
5982
6240
5424
3708
1850
499
-308
-968
-1709
-2334
-2572
-2489
-2429
-2582
-2795
-2841
-2707
-2515
-2241
-1683
-718
528
1773
2795
3516
3983
4255
4275
3817
2702
1082
-574
-1905
-2951
-3917
-4691
-4864
-4260
-3240
-2339
-1684
-971
49
1227
2189
2714
2863
2867
2912
3007
2959
2536
1724
778
-42
-746
-1521
-2368
-2987
-3100
-2767
-2295
-1843
-1274
-426
603
1525
2157
2538
2756
2802
2599
2119
1414
576
-258
-954
-1495
-1989
-2486
-2795
-2651
-2058
-1314
-684
-165
330
701
759
520
210
-37
-315
-708
-1057
-1091
-755
-257
177
468
652
737
702
555
321
-1
-429
-918
-1339
-1585
-1674
-1712
-1748
-1692
-1437
-1009
-564
-206
117
525
1073
1778
2728
4056
5744
7398
8267
7584
5150
1690
-1542
-3721
-5097
-6478
-8053
-8942
-8063
-5347
-1918
917
2732
4049
5449
6775
7219
6210
4124
2006
570
-333
-1236
-2243
-2964
-3136
-3011
-3007
-3196
-3323
-3188
-2850
-2459
-2054
-1495
-557
839
2404
3592
4105
4200
4306
4392
3964
2746
1098
-424
-1716
-3065
-4511
-5564
-5684
-4867
-3656
-2601
-1790
-890
371
1804
2855
3180
3049
3043
3364
3603
3277
2444
1586
967
354
-569
-1684
-2520
-2803
-2740
-2701
-2739
-2568
-1960
-1045
-164
497
1051
1701
2449
3059
3266
2983
2357
1605
805
-142
-1319
-2551
-3438
-3722
-3546
-3241
-2893
-2269
-1242
-116
630
864
875
967
1106
1088
887
685
610
603
547
443
368
339
261
14
-412
-890
-1260
-1474
-1651
-1910
-2166
-2188
-1855
-1327
-873
-587
-306
215
1093
2302
3780
5505
7383
9003
9565
8281
5079
907
-2868
-5508
-7316
-8880
-10025
-9761
-7425
-3687
-113
2309
3938
5642
7409
8205
7236
4972
2664
1055
-85
-1235
-2377
-3120
-3303
-3162
-3012
-2986
-3058
-3129
-3054
-2751
-2306
-1837
-1215
-153
1358
2854
3841
4302
4560
4691
4351
3283
1735
197
-1174
-2592
-4101
-5254
-5493
-4763
-3604
-2611
-1925
-1224
-140
1323
2705
3410
3257
2735
2563
2885
3084
2531
1398
433
-22
-385
-1125
-2040
-2548
-2479
-2189
-1934
-1542
-799
138
921
1421
1715
1825
1698
1397
1081
766
324
-249
-740
-979
-1088
-1291
-1578
-1702
-1490
-1066
-688
-455
-266
-35
112
-22
-430
-850
-1064
-1127
-1187
-1181
-882
-253
459
1013
1409
1710
1819
1613
1180
715
222
-465
-1337
-2102
-2491
-2526
-2373
-2074
-1583
-963
-388
44
369
627
789
883
1104
1750
3046
4968
7126
8772
9069
7578
4624
1160
-1876
-4208
-6234
-8277
-9816
-9717
-7422
-3804
-476
1761
3492
5532
7537
8253
7039
4682
2470
855
-617
-2225
-3483
-3779
-3230
-2541
-2196
-2101
-2031
-2002
-2083
-2108
-1867
-1435
-1003
-466
470
1741
2829
3377
3615
3875
3979
3452
2270
915
-347
-1785
-3573
-5156
-5692
-5035
-3892
-2977
-2300
-1413
-104
1331
2380
2733
2512
2205
2267
2642
2778
2264
1396
818
667
400
-428
-1517
-2204
-2285
-2107
-1931
-1596
-948
-231
184
298
419
659
802
680
449
390
563
807
940
853
502
-38
-560
-916
-1209
-1618
-2071
-2247
-1988
-1543
-1254
-1127
-896
-457
-10
232
322
442
638
818
945
1066
1169
1154
989
771
559
243
-325
-1111
-1906
-2518
-2836
-2757
-2202
-1284
-339
325
675
857
926
780
404
32
38
688
2057
4056
6377
8352
9071
7888
5023
1564
-1372
-3572
-5691
-8094
-9949
-9848
-7413
-3894
-887
1248
3308
5690
7575
7879
6594
4703
2967
1330
-462
-2166
-3271
-3629
-3526
-3230
-2808
-2334
-1989
-1834
-1704
-1474
-1261
-1192
-1105
-680
112
962
1637
2266
3029
3739
3965
3564
2847
2083
1069
-586
-2740
-4598
-5407
-5183
-4580
-4098
-3597
-2596
-945
900
2238
2726
2670
2711
3149
3591
3361
2331
1144
522
466
365
-168
-867
-1260
-1276
-1208
-1253
-1346
-1402
-1421
-1376
-1191
-926
-742
-591
-156
732
1754
2421
2614
2554
2310
1640
460
-844
-1806
-2389
-2861
-3261
-3294
-2783
-1954
-1164
-539
-19
393
618
677
669
633
545
481
594
899
1199
1309
1237
1053
687
14
-896
-1735
-2225
-2328
-2185
-1896
-1456
-846
-132
521
925
977
691
158
-466
-903
-740
343
2306
4735
7086
8801
9287
8066
5251
1699
-1624
-4442
-7074
-9464
-10692
-9820
-7064
-3730
-900
1477
3984
6506
8052
7853
6275
4369
2707
1057
-825
-2544
-3477
-3592
-3433
-3359
-3194
-2729
-2182
-1895
-1828
-1675
-1356
-1022
-657
-60
733
1403
1852
2356
3025
3450
3264
2758
2431
2074
909
-1251
-3480
-4698
-4807
-4534
-4416
-4287
-3689
-2408
-635
1155
2430
3010
3268
3687
4176
4102
3119
1707
629
72
-384
-1022
-1600
-1754
-1513
-1215
-1059
-972
-869
-826
-946
-1157
-1256
-1122
-780
-285
349
1053
1630
1871
1751
1405
912
212
-679
-1553
-2189
-2572
-2793
-2782
-2361
-1580
-788
-273
9
227
372
325
156
88
228
478
758
1108
1495
1716
1611
1252
781
217
-463
-1134
-1595
-1833
-1981
-2043
-1837
-1295
-616
-36
432
857
1129
1045
598
2
-545
-879
-674
508
2751
5472
7730
8791
8375
6594
3907
981
-1733
-4299
-6848
-8855
-9288
-7711
-4946
-2222
93
2471
5021
6932
7374
6532
5299
4155
2842
1095
-799
-2400
-3670
-4790
-5632
-5810
-5233
-4266
-3237
-2065
-591
960
2131
2763
3087
3248
3061
2396
1542
912
548
201
-127
-123
234
364
-289
-1522
-2572
-2996
-3027
-3033
-2986
-2609
-1794
-659
618
1809
2622
2941
3035
3225
3365
2930
1754
373
-539
-894
-1109
-1431
-1668
-1585
-1257
-879
-444
98
529
511
105
-196
-84
156
91
-203
-212
274
853
1031
773
381
15
-389
-828
-1158
-1319
-1439
-1612
-1745
-1697
-1501
-1296
-1137
-963
-713
-386
12
485
988
1395
1554
1426
1146
911
776
584
158
-455
-1014
-1369
-1579
-1730
-1751
-1533
-1122
-647
-112
569
1326
1876
1972
1604
904
-16
-1024
-1857
-2150
-1617
-197
1919
4336
6565
8083
8362
7043
4252
710
-2702
-5548
-7795
-9209
-9182
-7453
-4699
-1997
238
2373
4619
6423
7058
6458
5155
3589
1864
101
-1398
-2443
-3127
-3537
-3561
-3137
-2535
-2089
-1780
-1359
-823
-457
-362
-247
97
448
522
519
893
1650
2281
2467
2468
2591
2546
1744
123
-1704
-3119
-4019
-4578
-4797
-4501
-3639
-2331
-763
826
2106
2841
3126
3232
3213
2829
1952
874
78
-221
-180
-63
-8
-20
-59
-71
-48
-102
-405
-979
-1577
-1864
-1725
-1358
-1010
-684
-155
672
1558
2105
2114
1693
1058
345
-365
-985
-1468
-1824
-2035
-2008
-1726
-1372
-1165
-1111
-1037
-870
-706
-597
-419
-47
448
894
1231
1465
1548
1408
1119
835
560
114
-557
-1244
-1708
-1939
-2036
-1954
-1555
-886
-204
296
627
840
858
592
106
-436
-839
-837
-96
1525
3764
6053
7810
8495
7656
5284
2091
-934
-3437
-5787
-8052
-9326
-8596
-6111
-3245
-953
1092
3483
5815
6999
6630
5404
4115
2814
1199
-589
-2021
-2810
-3118
-3186
-3088
-2880
-2689
-2518
-2182
-1598
-986
-596
-375
-55
447
933
1242
1461
1754
2081
2260
2261
2229
2174
1792
752
-857
-2502
-3667
-4252
-4477
-4479
-4122
-3192
-1701
32
1553
2552
3055
3316
3490
3412
2807
1719
601
-100
-337
-371
-390
-369
-244
-29
209
379
294
-205
-993
-1672
-1936
-1824
-1525
-1048
-302
610
1393
1871
2091
2067
1660
833
-152
-944
-1465
-1864
-2192
-2312
-2131
-1751
-1338
-962
-647
-456
-425
-467
-441
-289
-35
315
778
1273
1618
1693
1547
1302
987
526
-115
-808
-1338
-1566
-1530
-1378
-1206
-996
-704
-373
-150
-115
-194
-239
-227
-292
-467
-452
237
1812
3986
6228
8071
9070
8653
6450
2864
-999
-4229
-6743
-8774
-9986
-9591
-7400
-4286
-1317
1236
3693
5974
7373
7379
6292
4786
3166
1366
-521
-2081
-2992
-3316
-3281
-3011
-2613
-2325
-2332
-2488
-2443
-2081
-1629
-1269
-843
-136
730
1396
1773
2130
2613
2945
2838
2459
2165
1847
950
-735
-2615
-3903
-4427
-4594
-4660
-4388
-3474
-1991
-323
1161
2243
2849
3076
3142
3125
2825
2061
1050
256
-129
-361
-668
-859
-620
-68
310
263
17
-185
-490
-1111
-1796
-2016
-1639
-1073
-638
-126
765
1809
2439
2414
1974
1335
440
-678
-1634
-2110
-2268
-2441
-2557
-2247
-1487
-754
-421
-357
-276
-218
-395
-722
-831
-531
7
543
1010
1401
1615
1565
1321
993
576
2
-667
-1241
-1609
-1818
-1944
-1961
-1784
-1421
-992
-624
-341
-99
110
224
260
454
1155
2552
4523
6707
8607
9564
8918
6484
2913
-723
-3805
-6466
-8857
-10400
-10163
-7987
-4846
-1877
682
3273
5915
7778
8034
6813
5007
3277
1579
-305
-2136
-3375
-3794
-3666
-3361
-3005
-2590
-2198
-1940
-1777
-1586
-1345
-1126
-895
-495
138
876
1560
2160
2668
2980
2994
2774
2446
1912
882
-688
-2369
-3593
-4180
-4383
-4457
-4322
-3720
-2545
-967
644
1878
2503
2652
2723
2918
2968
2505
1658
967
690
478
-45
-657
-825
-496
-178
-225
-436
-549
-742
-1296
-1983
-2230
-1876
-1339
-941
-452
462
1598
2391
2570
2323
1830
1016
-130
-1276
-2039
-2411
-2652
-2815
-2648
-2024
-1210
-574
-187
96
265
149
-226
-520
-478
-227
-23
174
614
1292
1839
1947
1681
1252
702
-21
-800
-1432
-1876
-2212
-2361
-2120
-1528
-961
-714
-644
-436
-100
55
-28
116
1056
2892
5219
7512
9313
10079
9233
6663
3086
-434
-3416
-6158
-8812
-10610
-10438
-8159
-4933
-1967
621
3385
6243
8191
8377
7035
5100
3206
1363
-539
-2294
-3506
-3936
-3671
-3050
-2477
-2170
-2043
-1865
-1564
-1309
-1267
-1354
-1283
-841
-81
767
1526
2166
2681
2978
2978
2775
2506
2023
939
-823
-2680
-3861
-4185
-4136
-4159
-4125
-3610
-2472
-965
514
1634
2233
2455
2686
3097
3327
2909
1976
1190
883
650
7
-854
-1321
-1168
-737
-380
-147
-67
-305
-856
-1365
-1533
-1478
-1433
-1255
-598
488
1491
2048
2267
2350
2154
1427
269
-920
-1876
-2602
-3076
-3130
-2714
-2051
-1388
-749
-96
396
466
125
-284
-470
-434
-309
-101
277
802
1323
1700
1865
1760
1338
646
-179
-1010
-1780
-2384
-2654
-2513
-2074
-1524
-941
-338
196
491
487
322
211
330
839
1933
3717
5997
8174
9388
8914
6658
3354
48
-2767
-5388
-8062
-10127
-10402
-8499
-5336
-2114
825
3778
6604
8452
8664
7473
5612
3536
1303
-978
-2964
-4312
-4862
-4619
-3737
-2589
-1649
-1174
-1057
-1024
-945
-913
-1027
-1173
-1057
-478
435
1331
1982
2437
2797
3000
2905
2497
1807
745
-781
-2507
-3847
-4415
-4393
-4228
-4054
-3549
-2409
-787
772
1800
2265
2489
2765
3048
3049
2599
1868
1182
671
226
-238
-602
-702
-568
-396
-324
-352
-468
-731
-1156
-1591
-1834
-1822
-1634
-1279
-642
310
1342
2117
2477
2486
2196
1538
520
-649
-1713
-2577
-3216
-3503
-3293
-2666
-1897
-1168
-463
192
587
576
331
179
225
297
247
153
195
431
776
1086
1220
1066
620
12
-592
-1131
-1637
-2089
-2331
-2191
-1701
-1128
-731
-520
-324
-93
75
244
855
2378
4749
7313
9283
10112
9488
7350
4129
673
-2420
-5238
-8002
-10173
-10636
-8975
-6070
-3110
-341
2693
5868
8143
8679
7754
6227
4473
2347
-47
-2142
-3506
-4198
-4361
-3928
-2972
-2031
-1600
-1503
-1203
-676
-491
-917
-1411
-1288
-581
165
741
1431
2344
3082
3270
3057
2775
2316
1258
-472
-2330
-3668
-4278
-4378
-4237
-3963
-3486
-2632
-1309
242
1475
2013
2066
2171
2520
2768
2557
2040
1638
1467
1214
643
-45
-462
-489
-340
-238
-245
-366
-664
-1117
-1503
-1607
-1502
-1447
-1467
-1209
-364
847
1819
2168
2033
1778
1509
1049
244
-796
-1797
-2528
-2890
-2911
-2684
-2288
-1746
-1093
-449
37
305
421
458
428
334
245
250
392
655
979
1240
1300
1129
828
491
52
-619
-1472
-2229
-2601
-2523
-2172
-1800
-1548
-1371
-1110
-622
159
1293
2894
5013
7426
9560
10690
10233
8055
4671
1079
-1924
-4329
-6637
-8844
-10018
-9213
-6678
-3697
-1186
1105
3757
6438
8007
7794
6299
4504
2842
1098
-858
-2664
-3820
-4155
-3842
-3151
-2328
-1635
-1223
-992
-743
-522
-627
-1135
-1612
-1497
-749
157
858
1473
2235
3023
3471
3420
2931
1981
473
-1384
-3021
-3998
-4349
-4339
-4055
-3440
-2539
-1470
-300
847
1646
1863
1750
1812
2136
2281
1973
1564
1531
1747
1654
1055
362
-2
-75
-139
-290
-477
-750
-1198
-1685
-1912
-1768
-1453
-1181
-909
-451
234
974
1521
1724
1594
1289
977
669
193
-563
-1429
-2054
-2274
-2248
-2198
-2119
-1832
-1316
-797
-484
-308
-64
296
620
795
878
975
1087
1164
1203
1200
1056
657
58
-546
-1033
-1440
-1801
-2040
-2100
-2079
-2088
-2053
-1816
-1390
-922
-339
740
2582
4958
7349
9361
10682
10769
9059
5689
1678
-1938
-4948
-7627
-9733
-10393
-9117
-6520
-3723
-1243
1183
3805
6252
7798
8006
7007
5275
3288
1326
-544
-2302
-3775
-4634
-4632
-3868
-2827
-2054
-1731
-1555
-1139
-552
-298
-633
-1119
-1098
-491
196
682
1261
2179
3084
3457
3318
3028
2509
1264
-759
-2796
-4063
-4549
-4708
-4680
-4202
-3131
-1671
-81
1400
2420
2679
2372
2091
2105
2034
1492
748
413
584
766
607
337
296
386
260
-132
-493
-637
-698
-868
-1117
-1301
-1349
-1236
-911
-371
207
607
801
917
1009
986
787
485
158
-219
-664
-1076
-1351
-1553
-1812
-2067
-2092
-1803
-1421
-1203
-1100
-834
-286
346
797
1036
1203
1347
1368
1197
916
635
326
-103
-618
-1055
-1303
-1383
-1375
-1323
-1304
-1421
-1676
-1897
-1924
-1766
-1460
-800
535
2557
4870
7088
9039
10354
10131
7617
3268
-1348
-4970
-7604
-9737
-11031
-10499
-7972
-4641
-1776
582
3131
5877
7860
8296
7374
5752
3787
1605
-491
-2131
-3261
-4003
-4237
-3754
-2812
-2058
-1773
-1557
-1029
-480
-476
-1009
-1449
-1334
-824
-277
290
1067
2017
2857
3409
3698
3685
3103
1735
-225
-2209
-3698
-4529
-4844
-4798
-4416
-3637
-2418
-816
896
2225
2755
2579
2256
2170
2072
1516
653
202
510
1050
1095
657
341
436
585
388
-108
-651
-1160
-1605
-1791
-1574
-1164
-863
-596
-36
808
1481
1657
1526
1394
1202
703
-47
-709
-1111
-1367
-1528
-1464
-1204
-1080
-1273
-1463
-1214
-643
-334
-580
-966
-909
-357
233
523
627
821
1159
1446
1505
1291
843
242
-373
-868
-1239
-1591
-1948
-2153
-2052
-1727
-1429
-1269
-1119
-824
-412
87
895
2395
4669
7262
9388
10319
9619
7317
3999
544
-2520
-5286
-7883
-9729
-9821
-7894
-4936
-2205
5
2269
4829
6982
7821
7198
5712
3955
2116
225
-1536
-2914
-3749
-3984
-3624
-2818
-1938
-1368
-1159
-1013
-705
-430
-551
-1021
-1289
-923
-126
581
1062
1615
2366
2990
3179
3027
2684
1913
400
-1594
-3304
-4213
-4456
-4366
-4020
-3313
-2268
-1000
378
1613
2297
2272
1935
1794
1799
1487
803
322
484
946
1025
582
107
11
165
208
-13
-404
-821
-1133
-1212
-1041
-796
-663
-592
-353
144
711
1091
1218
1188
1040
714
220
-273
-612
-825
-1048
-1288
-1414
-1387
-1354
-1427
-1506
-1407
-1149
-914
-777
-586
-190
327
752
974
1071
1156
1253
1267
1065
580
-86
-685
-1037
-1197
-1342
-1523
-1596
-1450
-1175
-962
-881
-836
-734
-600
-482
-271
310
1496
3271
5382
7489
9128
9589
8200
5051
1270
-1865
-4147
-6345
-8719
-10143
-9258
-6239
-2765
-107
2031
4491
7047
8490
8098
6389
4314
2285
252
-1705
-3244
-4103
-4242
-3742
-2828
-1924
-1378
-1115
-792
-376
-288
-820
-1620
-1979
-1572
-713
157
951
1808
2680
3283
3450
3293
2913
2123
659
-1348
-3294
-4552
-4926
-4643
-4054
-3381
-2605
-1543
-117
1360
2290
2388
2043
1869
1939
1781
1153
486
317
561
678
459
234
255
294
23
-472
-862
-1078
-1281
-1438
-1277
-758
-256
-56
57
441
985
1199
919
540
435
429
124
-463
-911
-1002
-968
-1066
-1225
-1248
-1190
-1234
-1330
-1239
-945
-712
-675
-613
-302
119
357
422
600
973
1253
1181
882
632
438
71
-531
-1148
-1588
-1906
-2204
-2363
-2152
-1584
-957
-531
-299
-136
-38
-33
98
803
2377
4649
7073
9014
9872
9149
6776
3426
168
-2458
-4848
-7457
-9694
-10170
-8284
-5094
-2175
97
2546
5529
8002
8641
7435
5549
3827
2087
-51
-2255
-3802
-4390
-4218
-3490
-2372
-1310
-830
-900
-936
-668
-590
-1175
-2002
-2159
-1396
-342
465
1217
2258
3357
3985
4036
3782
3204
1904
-182
-2425
-4095
-4996
-5314
-5143
-4490
-3547
-2519
-1298
289
1879
2732
2636
2251
2240
2397
2081
1268
656
683
944
823
297
-201
-486
-774
-1201
-1572
-1689
-1623
-1490
-1180
-561
172
649
810
992
1425
1838
1774
1196
540
148
-111
-550
-1168
-1647
-1782
-1691
-1567
-1423
-1207
-991
-862
-727
-428
-37
172
91
-70
-78
22
65
71
213
490
698
721
669
627
454
-22
-726
-1400
-1888
-2193
-2307
-2149
-1725
-1193
-716
-330
-29
116
60
-46
144
953
2508
4679
7084
9088
9908
8981
6392
2913
-529
-3549
-6312
-8788
-10222
-9731
-7441
-4578
-2161
58
2911
6262
8702
9021
7496
5409
3568
1786
-308
-2479
-4067
-4642
-4277
-3361
-2377
-1714
-1416
-1172
-739
-357
-507
-1232
-1928
-1952
-1291
-421
355
1180
2212
3226
3845
3982
3786
3197
1889
-188
-2448
-4108
-4900
-5153
-5180
-4893
-4070
-2729
-1109
512
1801
2428
2426
2324
2573
2910
2689
1877
1221
1224
1406
993
28
-771
-1081
-1311
-1780
-2169
-2095
-1749
-1502
-1207
-473
555
1252
1414
1535
1970
2300
1954
1076
336
-16
-370
-1019
-1673
-1935
-1882
-1870
-1943
-1821
-1369
-796
-342
-18
224
277
35
-347
-582
-600
-578
-600
-485
-62
531
982
1176
1230
1186
888
262
-506
-1193
-1798
-2382
-2780
-2712
-2185
-1538
-1021
-545
53
651
939
801
501
504
1196
2706
4864
7214
9047
9557
8219
5254
1643
-1632
-4374
-6971
-9318
-10418
-9395
-6672
-3633
-1131
1198
3946
6751
8470
8401
6909
4862
2794
760
-1218
-2889
-3941
-4232
-3813
-2898
-1863
-1156
-968
-1027
-938
-739
-895
-1558
-2132
-1888
-887
128
758
1413
2504
3659
4176
3972
3517
2905
1614
-589
-2998
-4627
-5226
-5283
-5196
-4864
-4041
-2725
-1129
479
1789
2580
2948
3227
3538
3596
3107
2234
1420
854
327
-363
-1092
-1603
-1842
-1944
-1965
-1828
-1532
-1207
-909
-476
205
943
1425
1639
1879
2257
2456
2138
1425
713
119
-589
-1502
-2324
-2748
-2834
-2788
-2554
-1933
-996
-113
461
772
889
719
236
-318
-673
-833
-934
-923
-606
9
654
1098
1303
1256
887
242
-454
-1051
-1610
-2150
-2427
-2211
-1654
-1145
-828
-515
-69
368
601
594
398
109
26
620
2128
4276
6516
8345
9216
8500
6015
2530
-787
-3526
-6164
-8831
-10490
-9930
-7323
-4098
-1290
1350
4335
7158
8637
8309
6856
5144
3351
1273
-968
-2897
-4129
-4548
-4160
-3172
-2129
-1584
-1501
-1324
-793
-401
-737
-1600
-2131
-1824
-1003
-206
534
1516
2700
3649
4099
4225
4167
3589
2050
-297
-2672
-4399
-5424
-6023
-6243
-5863
-4781
-3174
-1307
595
2247
3370
3975
4378
4710
4598
3643
2115
825
197
-167
-828
-1669
-2075
-1824
-1406
-1367
-1652
-1799
-1536
-976
-340
265
795
1231
1641
2115
2546
2630
2182
1382
549
-219
-1060
-1993
-2777
-3156
-3115
-2791
-2244
-1453
-506
381
1025
1356
1315
851
84
-651
-1074
-1218
-1283
-1279
-990
-329
472
1094
1400
1404
1109
524
-218
-932
-1552
-2074
-2372
-2279
-1856
-1381
-988
-517
142
731
865
526
77
-117
109
901
2430
4649
7061
8875
9344
8069
5262
1737
-1601
-4450
-7064
-9351
-10394
-9316
-6475
-3235
-462
2161
5097
7733
8841
8054
6251
4409
2621
535
-1719
-3500
-4382
-4458
-3951
-2975
-1801
-945
-695
-753
-689
-603
-966
-1779
-2332
-2018
-1088
-239
370
1228
2594
3962
4661
4622
4180
3331
1706
-694
-3164
-4939
-5883
-6292
-6286
-5675
-4358
-2542
-564
1258
2628
3411
3811
4141
4337
3972
2884
1546
557
-20
-531
-1077
-1408
-1423
-1373
-1442
-1464
-1279
-1091
-1134
-1193
-831
-37
746
1276
1813
2566
3206
3241
2663
1879
1060
-21
-1440
-2764
-3463
-3482
-3153
-2675
-1969
-1003
-22
683
1036
1093
853
300
-414
-1033
-1419
-1592
-1538
-1128
-317
657
1427
1806
1856
1661
1174
358
-643
-1575
-2294
-2807
-3093
-3022
-2511
-1677
-751
122
890
1455
1646
1384
816
243
-8
354
1554
3595
6087
8294
9382
8802
6583
3390
118
-2770
-5439
-8022
-9876
-9916
-7861
-4738
-1805
766
3591
6625
8683
8749
7211
5300
3591
1720
-535
-2616
-3860
-4265
-4170
-3608
-2503
-1296
-679
-706
-742
-456
-344
-877
-1627
-1763
-1189
-548
-130
543
1846
3319
4228
4488
4478
4124
2866
567
-2028
-4045
-5318
-6160
-6605
-6325
-5193
-3515
-1645
264
2034
3332
4023
4377
4611
4417
3351
1661
272
-221
-216
-480
-1119
-1543
-1362
-900
-712
-903
-1168
-1272
-1207
-963
-450
290
1015
1560
2022
2505
2821
2618
1833
786
-205
-1117
-2003
-2662
-2787
-2409
-1890
-1445
-900
-108
645
917
681
289
-90
-613
-1290
-1717
-1560
-1026
-538
-123
520
1385
2014
2068
1681
1125
396
-574
-1585
-2302
-2657
-2804
-2754
-2315
-1456
-458
366
925
1222
1194
803
209
-280
-354
231
1584
3591
5903
7989
9180
8784
6559
3158
-244
-3024
-5545
-8153
-10075
-9970
-7592
-4275
-1436
873
3437
6257
8195
8292
6842
4897
3090
1326
-562
-2326
-3516
-3917
-3625
-2892
-2040
-1392
-1112
-1081
-1051
-972
-1052
-1412
-1774
-1698
-1104
-328
379
1193
2349
3586
4344
4428
4130
3579
2400
309
-2230
-4330
-5575
-6205
-6436
-6058
-4820
-2921
-848
1032
2520
3467
3877
3989
3964
3580
2579
1237
226
-142
-206
-379
-612
-679
-662
-814
-1112
-1334
-1473
-1695
-1869
-1564
-651
425
1220
1828
2532
3168
3242
2629
1734
882
-60
-1255
-2413
-3051
-3088
-2836
-2480
-1879
-959
-11
588
789
776
605
163
-515
-1116
-1349
-1227
-967
-658
-210
440
1155
1711
1956
1837
1349
542
-422
-1327
-2048
-2562
-2830
-2722
-2189
-1392
-593
83
664
1120
1300
1112
638
37
-527
-765
-234
1314
3617
6078
8155
9351
9045
6848
3287
-354
-3247
-5702
-8217
-10159
-10132
-7759
-4353
-1442
843
3329
6106
8071
8252
6908
5028
3189
1364
-481
-2110
-3305
-4017
-4168
-3652
-2699
-1913
-1668
-1669
-1387
-847
-635
-1057
-1632
-1619
-904
-16
644
1263
2175
3254
4039
4309
4184
3638
2325
130
-2400
-4457
-5721
-6374
-6500
-5874
-4434
-2581
-757
951
2557
3771
4257
4148
3869
3475
2638
1367
290
-87
-27
-119
-444
-640
-640
-818
-1344
-1874
-2076
-2062
-2013
-1701
-803
482
1583
2278
2875
3547
3883
3386
2160
790
-348
-1345
-2330
-3099
-3349
-3065
-2511
-1866
-1108
-244
519
940
987
812
515
76
-447
-816
-832
-591
-371
-248
-19
457
979
1204
1029
628
152
-378
-937
-1415
-1746
-1972
-2069
-1869
-1300
-586
-44
260
516
817
977
771
226
-338
-493
77
1445
3446
5763
7938
9247
8865
6514
2969
-466
-3161
-5516
-7889
-9552
-9295
-6994
-3961
-1530
264
2251
4683
6757
7532
6873
5369
3625
1906
261
-1290
-2700
-3813
-4317
-3976
-3032
-2185
-1956
-2097
-1877
-1038
-223
-207
-855
-1227
-755
92
567
724
1244
2355
3458
3965
3944
3616
2685
736
-1877
-4105
-5292
-5691
-5797
-5581
-4699
-3146
-1302
489
2045
3142
3624
3694
3718
3643
2996
1711
496
70
235
181
-416
-1055
-1237
-1147
-1273
-1689
-2065
-2161
-1954
-1385
-380
827
1768
2279
2676
3184
3463
2992
1799
486
-491
-1225
-1977
-2660
-2960
-2797
-2398
-1932
-1340
-585
119
488
481
296
61
-258
-657
-951
-969
-762
-502
-219
208
774
1233
1334
1083
655
142
-495
-1241
-1934
-2383
-2508
-2305
-1796
-1051
-238
465
992
1342
1455
1234
698
30
-566
-947
-934
-226
1395
3767
6320
8332
9170
8428
6138
2955
-155
-2700
-4982
-7355
-9249
-9453
-7525
-4514
-1874
111
2315
5198
7829
8798
7787
5765
3782
2024
138
-1935
-3771
-4889
-5094
-4495
-3442
-2430
-1747
-1201
-428
437
718
66
-932
-1340
-968
-447
-218
82
1005
2436
3737
4498
4693
4207
2735
335
-2290
-4361
-5650
-6322
-6408
-5759
-4439
-2741
-863
1118
2908
4017
4291
4127
3886
3389
2342
1050
226
76
28
-423
-1013
-1179
-953
-920
-1356
-1862
-1979
-1770
-1508
-1119
-306
853
1858
2423
2758
3079
3122
2495
1325
177
-651
-1373
-2183
-2824
-2934
-2584
-2152
-1785
-1298
-611
33
395
508
510
374
31
-391
-660
-721
-683
-546
-185
357
775
834
631
415
228
-84
-572
-1087
-1468
-1683
-1723
-1513
-1049
-506
-88
193
466
740
837
631
242
-91
-276
-337
-131
721
2493
4969
7415
8947
8941
7295
4506
1431
-1295
-3713
-6182
-8498
-9638
-8751
-6250
-3472
-1204
998
3769
6659
8393
8279
6846
5010
3111
1004
-1258
-3271
-4665
-5319
-5205
-4388
-3198
-2124
-1356
-673
78
581
390
-409
-1182
-1405
-1133
-726
-269
477
1653
3016
4130
4671
4480
3443
1576
-811
-3160
-4995
-6115
-6475
-6041
-4870
-3223
-1434
338
2036
3436
4201
4268
3968
3582
2976
1942
735
-59
-231
-199
-432
-887
-1238
-1413
-1608
-1872
-2008
-1886
-1571
-1077
-267
819
1811
2370
2597
2802
2971
2740
1917
781
-273
-1160
-1993
-2716
-3090
-3014
-2660
-2220
-1679
-961
-185
387
635
697
737
705
433
-67
-517
-657
-530
-377
-311
-194
84
383
471
327
137
0
-212
-620
-1116
-1438
-1463
-1284
-1038
-752
-385
73
551
921
1054
913
581
175
-269
-728
-970
-567
782
2934
5397
7575
8853
8622
6628
3367
-160
-3274
-6013
-8483
-10091
-9910
-7848
-4973
-2412
-221
2298
5302
7880
8905
8123
6206
3960
1726
-489
-2619
-4368
-5351
-5323
-4377
-3006
-1824
-1101
-602
0
544
464
-464
-1681
-2351
-2199
-1605
-877
164
1722
3446
4692
5189
5094
4393
2755
166
-2659
-4804
-5949
-6343
-6169
-5361
-3985
-2359
-672
1126
2862
3969
4121
3788
3621
3503
2741
1268
-4
-313
-76
-252
-1016
-1643
-1643
-1391
-1440
-1732
-1855
-1682
-1361
-833
79
1182
1974
2304
2557
2981
3169
2584
1353
119
-782
-1583
-2476
-3195
-3423
-3258
-2970
-2501
-1625
-503
356
758
1058
1534
1852
1499
559
-323
-743
-902
-1113
-1291
-1162
-754
-334
-2
343
673
757
503
108
-251
-644
-1133
-1501
-1460
-1058
-581
-153
331
856
1156
1053
701
342
-53
-658
-1382
-1736
-1205
357
2678
5300
7730
9400
9676
8175
5220
1778
-1317
-4049
-6810
-9324
-10438
-9335
-6590
-3552
-805
2116
5432
8209
9199
8249
6328
4314
2290
44
-2249
-4097
-5115
-5157
-4281
-2883
-1625
-911
-506
7
455
190
-940
-2144
-2502
-1976
-1255
-712
39
1444
3253
4723
5392
5329
4684
3322
1112
-1623
-4157
-5857
-6539
-6377
-5636
-4524
-3125
-1393
632
2574
3832
4169
4019
3928
3779
2979
1481
136
-315
-215
-442
-1131
-1545
-1278
-908
-1088
-1560
-1589
-1095
-680
-603
-394
339
1275
1874
2118
2333
2537
2418
1884
1169
386
-642
-1936
-3102
-3704
-3716
-3388
-2834
-1994
-920
150
1013
1620
1958
1953
1565
889
95
-679
-1337
-1783
-1931
-1743
-1252
-574
99
579
782
760
615
418
152
-256
-809
-1319
-1479
-1153
-588
-185
-78
-31
176
441
485
233
-141
-464
-725
-926
-907
-408
784
2715
5215
7780
9562
9674
7780
4493
1025
-1766
-4031
-6424
-8865
-10141
-9106
-6169
-3033
-831
983
3492
6463
8331
8018
6118
4013
2324
733
-1045
-2732
-3908
-4414
-4212
-3315
-2110
-1333
-1327
-1558
-1313
-732
-650
-1364
-2096
-1948
-976
86
929
1929
3310
4603
5180
4962
4237
3013
1042
-1522
-3923
-5448
-6045
-6089
-5757
-4903
-3438
-1533
534
2465
3879
4446
4258
3805
3397
2802
1712
398
-479
-704
-751
-1076
-1487
-1516
-1147
-813
-771
-858
-903
-980
-1086
-906
-218
669
1264
1564
2005
2691
3083
2675
1652
560
-437
-1589
-2889
-3847
-4029
-3547
-2759
-1781
-581
645
1519
1927
2071
2042
1622
683
-453
-1292
-1675
-1811
-1846
-1672
-1177
-478
195
707
1022
1099
931
605
230
-153
-514
-729
-695
-496
-319
-199
-7
273
417
249
-119
-422
-577
-697
-837
-884
-745
-438
81
1053
2734
5042
7404
8922
8821
6935
3900
713
-2078
-4676
-7341
-9511
-10006
-8316
-5368
-2638
-604
1504
4296
7045
8313
7565
5666
3739
2031
164
-1878
-3542
-4372
-4409
-3863
-2875
-1747
-1010
-865
-861
-539
-200
-523
-1426
-1942
-1407
-277
623
1259
2209
3558
4636
4892
4466
3636
2229
28
-2529
-4558
-5602
-5874
-5670
-4952
-3644
-1973
-265
1369
2856
3872
4065
3561
2898
2377
1765
814
-180
-660
-561
-412
-633
-998
-1041
-741
-552
-764
-1161
-1368
-1273
-955
-428
307
1071
1638
2033
2422
2706
2495
1624
433
-631
-1529
-2461
-3317
-3658
-3264
-2426
-1539
-664
302
1228
1789
1847
1537
999
269
-535
-1147
-1431
-1524
-1591
-1537
-1176
-578
-31
329
601
831
879
677
435
356
299
-31
-595
-975
-920
-683
-687
-953
-1096
-840
-329
115
353
455
471
344
25
-383
-615
-304
864
2926
5463
7712
8894
8524
6574
3563
369
-2318
-4526
-6726
-8849
-9850
-8701
-5735
-2487
-14
2110
4737
7468
8781
7847
5528
3282
1566
-185
-2297
-4236
-5242
-5100
-4149
-2897
-1835
-1265
-1027
-636
13
339
-172
-1065
-1311
-567
446
1015
1372
2144
3257
3966
3866
3269
2484
1279
-603
-2741
-4328
-5014
-5084
-4822
-4151
-2963
-1464
48
1463
2700
3473
3538
3104
2636
2253
1666
778
6
-245
-183
-365
-911
-1365
-1336
-988
-743
-751
-860
-921
-870
-594
-8
717
1256
1505
1685
1939
2044
1696
956
173
-485
-1166
-1934
-2512
-2578
-2175
-1639
-1156
-622
39
641
957
1020
1016
940
593
-54
-698
-1024
-1082
-1153
-1317
-1348
-1032
-432
214
705
965
1016
985
1005
992
668
-71
-900
-1378
-1461
-1478
-1572
-1486
-973
-217
391
719
908
991
801
258
-446
-1005
-1153
-624
812
3085
5669
7780
8736
8156
6105
3160
112
-2648
-5292
-7869
-9653
-9627
-7680
-4840
-2116
511
3511
6548
8434
8412
6984
5201
3498
1590
-694
-2932
-4519
-5195
-5018
-4154
-2896
-1709
-929
-428
121
642
640
-64
-868
-1002
-448
118
345
667
1574
2766
3481
3443
3015
2404
1288
-540
-2564
-3972
-4520
-4592
-4514
-4166
-3295
-1886
-151
1587
2890
3404
3234
2898
2702
2342
1432
232
-534
-579
-400
-550
-928
-1042
-773
-487
-459
-539
-482
-332
-267
-265
-122
217
577
835
1079
1387
1611
1532
1166
721
267
-359
-1211
-1991
-2307
-2133
-1776
-1451
-1061
-474
181
662
896
971
874
507
-75
-606
-911
-1063
-1195
-1260
-1094
-665
-85
531
1100
1493
1575
1364
1002
565
-6
-692
-1284
-1577
-1617
-1576
-1494
-1243
-778
-254
165
462
677
755
603
225
-211
-445
-149
976
2980
5465
7628
8619
7961
5822
2926
45
-2576
-5180
-7759
-9532
-9499
-7582
-4785
-2081
535
3498
6484
8351
8372
7030
5317
3601
1576
-851
-3153
-4685
-5243
-4976
-4079
-2833
-1685
-934
-398
244
836
824
94
-672
-770
-330
7
103
513
1577
2800
3458
3453
3164
2650
1528
-319
-2326
-3791
-4527
-4766
-4648
-4130
-3216
-1992
-465
1284
2814
3568
3520
3243
3115
2782
1741
269
-749
-894
-681
-778
-1136
-1235
-930
-617
-580
-666
-650
-622
-715
-727
-370
247
714
893
1077
1448
1734
1601
1154
725
337
-298
-1216
-2028
-2400
-2425
-2322
-2018
-1332
-409
320
649
771
887
896
600
51
-503
-894
-1112
-1175
-1070
-843
-548
-141
440
1041
1325
1161
811
592
455
81
-618
-1309
-1623
-1556
-1361
-1157
-839
-339
212
618
808
805
613
232
-261
-704
-915
-673
282
2096
4537
6946
8511
8675
7359
4937
2007
-957
-3812
-6583
-8947
-10082
-9270
-6752
-3679
-1010
1342
3967
6715
8464
8305
6583
4429
2497
588
-1560
-3605
-4902
-5149
-4524
-3415
-2242
-1339
-716
-77
662
1017
481
-613
-1277
-1019
-382
-39
195
985
2331
3426
3681
3357
2911
2197
759
-1321
-3296
-4509
-4942
-4936
-4657
-3990
-2800
-1145
696
2299
3277
3559
3437
3233
2922
2204
1013
-207
-888
-956
-862
-992
-1229
-1221
-933
-670
-626
-680
-684
-696
-760
-693
-319
213
634
981
1501
2137
2428
2085
1368
690
56
-784
-1786
-2546
-2800
-2654
-2278
-1637
-717
224
864
1165
1294
1285
994
404
-276
-827
-1212
-1446
-1475
-1264
-891
-455
41
583
995
1071
854
614
495
341
-65
-664
-1172
-1413
-1460
-1443
-1334
-1031
-557
-70
310
579
753
767
538
92
-385
-637
-429
382
1816
3746
5843
7512
8019
6901
4410
1387
-1464
-4092
-6697
-8887
-9645
-8386
-5769
-3056
-743
1703
4661
7370
8560
7843
6031
4084
2214
163
-2011
-3803
-4772
-4835
-4146
-2999
-1847
-1063
-575
-5
668
893
275
-712
-1158
-807
-264
-20
257
1144
2496
3508
3715
3382
2857
1949
306
-1824
-3640
-4592
-4817
-4732
-4441
-3746
-2541
-969
710
2193
3150
3419
3214
2945
2689
2080
912
-358
-1001
-887
-632
-773
-1116
-1105
-615
-82
64
-192
-625
-1024
-1191
-965
-410
174
609
1056
1719
2426
2757
2521
1898
1087
119
-953
-1909
-2553
-2873
-2910
-2583
-1853
-940
-144
452
948
1322
1388
1089
607
138
-300
-728
-1071
-1252
-1295
-1213
-918
-389
165
491
596
674
779
740
448
17
-377
-719
-1065
-1361
-1481
-1396
-1170
-835
-362
208
678
864
776
590
425
190
-269
-861
-1135
-573
986
3216
5535
7350
8127
7469
5386
2410
-734
-3621
-6160
-8134
-8993
-8289
-6257
-3701
-1267
1033
3467
5870
7488
7621
6317
4318
2368
675
-939
-2530
-3823
-4429
-4171
-3223
-2055
-1172
-742
-468
-5
483
433
-322
-1157
-1316
-774
-119
346
925
1878
2878
3424
3478
3290
2764
1486
-516
-2497
-3733
-4253
-4555
-4756
-4422
-3232
-1451
354
1834
2890
3461
3526
3239
2775
2084
1045
-95
-768
-756
-511
-598
-906
-857
-306
166
16
-578
-1053
-1234
-1371
-1527
-1391
-788
20
738
1432
2239
2917
3041
2566
1855
1128
229
-935
-2038
-2675
-2851
-2866
-2785
-2350
-1460
-435
337
822
1216
1526
1521
1103
499
-13
-409
-803
-1154
-1279
-1120
-833
-557
-240
204
677
953
924
657
247
-256
-756
-1104
-1255
-1341
-1442
-1400
-1007
-346
242
557
740
971
1124
946
423
-188
-703
-1098
-1211
-616
977
3294
5616
7277
7861
7134
5111
2274
-662
-3328
-5794
-7905
-8877
-8013
-5724
-3246
-1252
782
3469
6234
7716
7342
5915
4464
3094
1291
-992
-3113
-4476
-5005
-4829
-3996
-2707
-1467
-622
7
703
1192
920
-57
-932
-1115
-918
-920
-984
-406
1009
2581
3566
3909
3895
3423
2124
62
-2111
-3798
-4906
-5535
-5577
-4849
-3447
-1679
230
2099
3558
4219
4123
3696
3166
2298
946
-407
-1074
-1006
-831
-965
-1096
-768
-147
129
-214
-814
-1240
-1476
-1685
-1779
-1492
-801
58
949
1921
2905
3552
3581
3096
2369
1426
119
-1424
-2732
-3472
-3760
-3813
-3549
-2744
-1519
-306
634
1388
2026
2342
2131
1544
891
261
-444
-1145
-1562
-1568
-1332
-1032
-638
-114
381
652
697
621
402
-15
-479
-727
-741
-755
-867
-870
-569
-102
249
404
477
512
458
324
184
-8
-409
-1033
-1622
-1850
-1547
-665
830
2897
5236
7245
8186
7554
5461
2662
-25
-2409
-4832
-7246
-8732
-8332
-6251
-3755
-1766
5
2290
4969
6978
7427
6402
4649
2782
975
-819
-2566
-4011
-4706
-4303
-2973
-1465
-524
-213
20
516
879
430
-839
-2089
-2488
-2041
-1363
-769
64
1463
3114
4332
4771
4542
3709
2118
-154
-2497
-4213
-5125
-5464
-5342
-4616
-3242
-1469
382
2049
3224
3647
3441
3071
2727
2056
823
-438
-909
-584
-299
-570
-904
-622
65
316
-183
-896
-1285
-1438
-1626
-1707
-1360
-645
117
896
1917
3058
3747
3632
2996
2236
1291
-76
-1645
-2848
-3458
-3742
-3846
-3485
-2453
-1092
75
941
1702
2296
2383
1889
1171
526
-128
-892
-1529
-1740
-1615
-1453
-1252
-754
12
592
707
617
687
822
656
167
-276
-474
-630
-907
-1099
-962
-626
-410
-307
-41
420
734
670
420
261
106
-348
-1136
-1875
-2104
-1608
-390
1443
3674
5921
7636
8211
7217
4748
1488
-1740
-4555
-6969
-8753
-9224
-7980
-5598
-3153
-1032
1297
4160
6759
7839
7104
5450
3800
2178
182
-2051
-3786
-4488
-4256
-3466
-2375
-1216
-337
83
243
365
223
-570
-1829
-2720
-2631
-1805
-864
58
1272
2786
4056
4614
4538
4049
2984
1075
-1381
-3553
-4827
-5268
-5227
-4796
-3844
-2360
-553
1269
2740
3505
3512
3150
2812
2382
1450
94
-951
-1097
-627
-289
-369
-524
-437
-237
-204
-367
-623
-960
-1347
-1554
-1372
-914
-422
159
1107
2358
3350
3591
3170
2494
1698
611
-766
-2082
-3019
-3549
-3725
-3422
-2539
-1323
-203
630
1292
1824
2025
1743
1159
568
41
-539
-1157
-1596
-1703
-1552
-1253
-782
-126
507
822
759
551
413
297
44
-332
-640
-772
-833
-942
-1022
-885
-502
-78
204
387
609
854
940
738
300
-273
-955
-1697
-2275
-2363
-1751
-456
1381
3593
5915
7849
8693
7887
5487
2271
-858
-3593
-6153
-8403
-9447
-8528
-6112
-3544
-1502
603
3400
6260
7811
7513
6098
4445
2676
585
-1570
-3196
-4024
-4199
-3826
-2907
-1717
-821
-479
-362
-110
63
-341
-1287
-2053
-2001
-1251
-375
378
1261
2469
3731
4588
4852
4554
3560
1673
-859
-3241
-4782
-5478
-5712
-5519
-4554
-2738
-589
1235
2485
3248
3591
3526
3146
2529
1602
378
-711
-1103
-786
-366
-310
-404
-205
196
257
-264
-1002
-1522
-1791
-1964
-1959
-1569
-820
60
1009
2118
3223
3817
3591
2821
1993
1186
121
-1233
-2459
-3166
-3396
-3354
-3025
-2277
-1244
-259
541
1252
1854
2073
1778
1219
698
184
-483
-1153
-1447
-1273
-943
-728
-546
-246
62
198
242
381
521
376
-55
-399
-423
-353
-489
-734
-756
-502
-237
-102
29
234
338
213
34
12
17
-260
-812
-1285
-1433
-1363
-1168
-601
701
2742
5079
7083
8138
7753
5886
3181
565
-1612
-3766
-6201
-8237
-8676
-7146
-4615
-2319
-486
1556
4117
6424
7346
6584
4872
3080
1452
-222
-1964
-3409
-4169
-4153
-3515
-2514
-1499
-831
-587
-469
-226
-77
-427
-1166
-1587
-1182
-237
618
1235
1965
2952
3821
4168
3958
3247
1860
-258
-2565
-4234
-4930
-4980
-4729
-4083
-2857
-1270
226
1406
2314
2930
3126
2941
2585
2095
1270
138
-786
-1013
-707
-490
-635
-796
-618
-307
-331
-759
-1202
-1371
-1357
-1322
-1178
-763
-130
569
1326
2168
2869
3073
2752
2241
1733
972
-294
-1781
-2864
-3277
-3281
-3124
-2685
-1797
-656
345
1051
1560
1865
1788
1308
670
125
-328
-754
-1071
-1126
-945
-684
-435
-186
30
136
173
256
355
260
-121
-555
-729
-609
-438
-391
-398
-309
-94
148
305
289
72
-236
-426
-384
-230
-151
-183
-216
-223
-307
-497
-564
-146
995
2806
4919
6685
7384
6647
4778
2504
327
-1818
-4150
-6379
-7680
-7431
-5882
-3923
-2181
-471
1718
4288
6300
6830
5892
4321
2822
1384
-291
-2095
-3505
-4118
-3957
-3297
-2447
-1680
-1119
-600
85
748
878
333
-324
-452
-112
153
209
519
1362
2327
2856
2937
2897
2654
1725
-36
-2042
-3544
-4325
-4627
-4624
-4220
-3306
-1953
-353
1249
2519
3185
3299
3199
3042
2544
1419
-21
-1013
-1185
-946
-902
-1070
-998
-529
-85
-85
-433
-770
-993
-1200
-1301
-1044
-440
170
599
1057
1736
2405
2686
2522
2126
1549
649
-508
-1534
-2169
-2526
-2774
-2767
-2277
-1429
-618
-30
471
954
1211
1074
747
545
469
247
-202
-599
-670
-496
-347
-335
-345
-292
-225
-214
-265
-397
-644
-921
-1000
-751
-335
-35
78
151
275
347
268
132
100
162
180
113
57
77
109
82
12
-130
-482
-1147
-1940
-2415
-2153
-1030
784
2953
5081
6727
7444
6950
5327
3009
466
-2105
-4670
-6894
-8056
-7659
-6045
-4072
-2179
-83
2444
4839
6161
6108
5207
4016
2565
744
-1146
-2591
-3397
-3684
-3467
-2648
-1450
-432
117
468
896
1111
635
-405
-1286
-1533
-1367
-1148
-750
185
1553
2802
3545
3826
3682
2836
1123
-1030
-2838
-3886
-4318
-4384
-4059
-3216
-1931
-460
957
2114
2802
2940
2706
2331
1810
1011
73
-555
-638
-484
-550
-808
-813
-386
59
39
-383
-770
-919
-1014
-1177
-1189
-837
-280
189
578
1117
1774
2187
2137
1814
1466
1023
308
-554
-1222
-1598
-1891
-2193
-2260
-1863
-1158
-511
-69
281
638
936
1106
1157
1078
805
372
-36
-280
-430
-615
-792
-809
-652
-486
-432
-436
-392
-310
-260
-252
-232
-190
-142
-56
118
336
445
371
224
162
200
223
167
103
104
114
17
-238
-611
-1046
-1508
-1947
-2270
-2328
-1919
-879
781
2812
4888
6717
7920
7941
6411
3676
665
-1964
-4329
-6691
-8563
-8950
-7535
-5140
-2732
-405
2235
4947
6742
6970
6008
4643
3177
1468
-409
-2022
-3046
-3477
-3374
-2725
-1726
-835
-365
-160
54
165
-157
-862
-1410
-1397
-1002
-623
-248
498
1724
2975
3676
3686
3227
2427
1178
-513
-2252
-3502
-4025
-3986
-3654
-3145
-2401
-1329
51
1496
2580
2978
2789
2426
2108
1615
733
-259
-815
-811
-682
-786
-929
-722
-205
194
205
-41
-340
-661
-990
-1160
-1045
-778
-551
-306
196
974
1703
2063
2059
1893
1634
1159
412
-446
-1187
-1697
-1976
-2020
-1818
-1403
-861
-253
364
870
1122
1097
900
629
260
-226
-700
-958
-946
-811
-692
-558
-316
-18
166
149
42
-2
35
65
46
22
21
29
68
188
347
380
177
-145
-373
-446
-471
-512
-503
-393
-270
-246
-319
-426
-548
-698
-864
-1012
-1090
-939
-289
1017
2813
4715
6343
7300
7088
5445
2832
238
-1778
-3567
-5605
-7449
-7979
-6750
-4594
-2608
-913
1114
3602
5710
6521
6029
4959
3853
2646
1103
-665
-2220
-3168
-3411
-3122
-2613
-2150
-1761
-1227
-406
426
744
373
-230
-472
-332
-274
-473
-457
278
1516
2510
2865
2826
2672
2163
935
-810
-2374
-3297
-3699
-3854
-3725
-3097
-1979
-626
722
1870
2566
2624
2203
1685
1228
649
-131
-809
-1044
-916
-741
-576
-217
315
666
585
232
-143
-559
-1123
-1666
-1857
-1627
-1208
-739
-103
776
1661
2222
2385
2315
2125
1750
1126
352
-382
-965
-1376
-1591
-1557
-1271
-854
-485
-245
-103
-22
-61
-255
-471
-507
-338
-160
-105
-37
253
716
1080
1168
1062
876
574
104
-425
-835
-1108
-1327
-1464
-1362
-986
-519
-153
123
386
582
586
402
168
-45
-285
-539
-664
-595
-501
-556
-655
-544
-236
-73
-292
-689
-895
-826
-661
-390
329
1769
3722
5585
6747
6839
5806
3963
1883
-39
-1920
-4036
-6127
-7313
-6968
-5438
-3630
-1947
-32
2396
4816
6299
6457
5692
4587
3331
1821
59
-1709
-3141
-3924
-3885
-3159
-2206
-1465
-953
-375
338
774
505
-340
-1143
-1440
-1276
-900
-351
482
1516
2443
3053
3368
3377
2837
1561
-208
-1886
-3067
-3766
-4155
-4210
-3766
-2798
-1510
-181
956
1717
2030
2042
1989
1888
1499
716
-105
-452
-256
34
50
-77
-21
175
139
-316
-935
-1386
-1631
-1811
-1916
-1788
-1351
-701
92
1018
1960
2628
2819
2635
2332
1993
1494
764
-30
-661
-1074
-1351
-1519
-1507
-1307
-1056
-900
-836
-768
-657
-536
-390
-121
316
815
1214
1467
1618
1675
1569
1275
844
333
-238
-809
-1260
-1528
-1684
-1781
-1720
-1396
-926
-561
-365
-144
228
599
739
651
529
481
437
310
104
-154
-449
-731
-891
-888
-791
-687
-591
-511
-519
-696
-1026
-1384
-1588
-1430
-703
654
2448
4347
6063
7295
7567
6423
3998
1147
-1295
-3305
-5352
-7349
-8353
-7609
-5494
-3050
-781
1570
4103
6184
7067
6684
5536
4025
2251
348
-1394
-2734
-3556
-3727
-3191
-2226
-1338
-783
-372
83
341
21
-809
-1601
-1875
-1629
-1128
-508
300
1340
2462
3416
4004
4117
3659
2531
789
-1228
-3014
-4227
-4844
-4979
-4654
-3838
-2642
-1287
45
1246
2158
2636
2744
2685
2495
2013
1262
633
448
516
377
-76
-501
-660
-733
-981
-1365
-1688
-1929
-2163
-2264
-1962
-1217
-317
487
1220
1979
2632
2949
2899
2634
2201
1489
523
-415
-1056
-1433
-1717
-1902
-1827
-1504
-1191
-1056
-962
-695
-283
58
238
393
643
938
1159
1283
1368
1421
1369
1145
747
226
-342
-872
-1311
-1636
-1826
-1836
-1666
-1388
-1077
-717
-250
268
661
826
846
859
845
660
273
-147
-409
-507
-591
-773
-996
-1122
-1062
-867
-683
-608
-580
-453
-206
-21
-80
-314
-428
-181
492
1587
3103
4863
6344
6882
6142
4410
2340
394
-1474
-3528
-5651
-7142
-7261
-6004
-4105
-2227
-338
1908
4341
6191
6865
6483
5523
4178
2371
230
-1794
-3307
-4202
-4485
-4133
-3263
-2215
-1269
-414
425
1047
1120
656
75
-260
-391
-498
-480
-31
910
1986
2771
3154
3236
2986
2138
544
-1495
-3330
-4470
-4901
-4906
-4614
-3845
-2396
-422
1537
2920
3531
3582
3413
3153
2641
1720
555
-416
-888
-978
-1018
-1145
-1204
-1052
-798
-680
-812
-1117
-1436
-1619
-1555
-1230
-757
-218
438
1282
2178
2797
2911
2595
2079
1481
760
-99
-974
-1677
-2081
-2171
-1995
-1627
-1140
-605
-89
355
694
911
982
900
732
593
538
510
469
472
600
788
854
708
425
93
-294
-752
-1201
-1516
-1666
-1685
-1575
-1311
-930
-519
-117
274
611
820
893
886
799
570
217
-99
-266
-374
-554
-757
-806
-666
-492
-427
-434
-399
-316
-258
-248
-238
-195
-154
-142
-138
-43
295
1043
2257
3762
5140
5883
5660
4515
2801
897
-1036
-2973
-4751
-5969
-6256
-5612
-4377
-2870
-1165
783
2823
4522
5414
5339
4542
3425
2220
929
-451
-1730
-2622
-2963
-2789
-2258
-1594
-1032
-676
-415
-108
122
-23
-561
-1066
-1116
-788
-445
-135
469
1500
2560
3147
3192
2903
2274
1085
-575
-2159
-3178
-3656
-3900
-3973
-3606
-2616
-1164
384
1703
2589
2983
3002
2827
2469
1776
754
-232
-795
-954
-1057
-1256
-1298
-957
-432
-149
-264
-565
-824
-998
-1103
-1084
-893
-576
-164
416
1174
1915
2379
2508
2420
2149
1556
580
-561
-1516
-2102
-2368
-2396
-2154
-1591
-785
69
790
1292
1542
1530
1307
1001
714
437
120
-176
-299
-210
-72
-51
-121
-139
-72
-40
-134
-316
-502
-664
-776
-783
-669
-528
-431
-328
-138
84
177
105
5
2
62
74
32
4
24
46
24
-47
-160
-314
-477
-594
-632
-607
-545
-461
-378
-328
-311
-289
-242
-213
-268
-414
-585
-698
-645
-244
710
2228
3943
5240
5649
5117
3927
2409
771
-905
-2614
-4287
-5610
-6050
-5297
-3676
-1907
-361
1211
3057
4757
5517
5086
4020
2966
1977
748
-722
-2018
-2770
-2982
-2827
-2406
-1787
-1119
-562
-180
5
-47
-295
-528
-532
-334
-119
75
444
1106
1866
2385
2517
2362
1989
1297
207
-1092
-2214
-2897
-3185
-3245
-3108
-2625
-1725
-585
475
1252
1741
2016
2097
1959
1590
1028
377
-172
-446
-456
-429
-538
-696
-698
-551
-505
-708
-1001
-1135
-1063
-889
-641
-274
154
518
839
1259
1734
1960
1746
1290
895
545
-5
-767
-1420
-1717
-1744
-1670
-1444
-935
-240
374
794
1107
1341
1359
1078
654
300
45
-206
-451
-548
-401
-85
233
439
492
396
183
-90
-368
-631
-864
-1018
-1018
-835
-534
-238
-30
111
258
410
463
327
63
-138
-163
-74
-13
-30
-64
-56
-25
-15
-40
-101
-208
-344
-452
-503
-538
-618
-698
-662
-464
-206
-6
128
261
401
472
426
294
123
-110
-441
-820
-1114
-1195
-981
-424
496
1730
3116
4377
5150
5112
4202
2724
1107
-462
-2108
-3854
-5269
-5729
-5029
-3606
-2044
-512
1175
2991
4455
5022
4613
3611
2409
1143
-174
-1417
-2365
-2871
-2902
-2470
-1664
-739
1
432
653
724
516
-78
-842
-1363
-1437
-1211
-857
-309
548
1559
2356
2729
2738
2440
1703
438
-1101
-2416
-3193
-3488
-3505
-3304
-2783
-1873
-686
531
1492
2028
2163
2072
1876
1530
953
251
-280
-436
-308
-163
-143
-185
-179
-125
-108
-195
-412
-754
-1128
-1357
-1289
-940
-469
16
536
1122
1675
2016
2045
1807
1405
881
242
-454
-1062
-1416
-1450
-1230
-877
-478
-66
330
646
818
814
639
321
-43
-297
-341
-236
-130
-80
10
221
481
635
627
526
378
130
-264
-717
-1065
-1231
-1259
-1228
-1138
-932
-590
-170
220
502
661
725
714
614
424
199
17
-99
-190
-284
-347
-324
-234
-162
-174
-266
-383
-461
-468
-393
-260
-88
113
326
507
615
641
582
404
84
-305
-620
-791
-878
-934
-876
-547
123
1084
2226
3358
4148
4252
3605
2505
1312
127
-1163
-2551
-3747
-4378
-4270
-3550
-2508
-1382
-215
1080
2462
3582
4000
3613
2775
1903
1070
94
-1040
-2023
-2522
-2500
-2175
-1744
-1272
-775
-312
45
224
182
-49
-315
-430
-350
-193
-43
186
621
1189
1641
1808
1717
1423
862
-18
-1038
-1869
-2330
-2512
-2553
-2424
-1987
-1214
-247
693
1415
1822
1950
1922
1796
1477
885
187
-289
-407
-368
-430
-583
-623
-490
-339
-305
-344
-375
-425
-535
-601
-472
-173
112
303
512
820
1079
1088
862
599
388
116
-307
-755
-1033
-1094
-1035
-911
-688
-377
-82
117
258
420
585
671
650
575
500
431
366
323
290
212
38
-199
-417
-576
-699
-806
-867
-837
-720
-555
-372
-175
27
218
399
582
715
701
501
219
10
-98
-206
-364
-475
-432
-290
-204
-205
-153
50
300
430
400
313
230
123
-22
-124
-117
-48
1
35
126
285
430
478
428
314
164
7
-125
-229
-335
-452
-510
-455
-338
-257
-215
-127
21
121
97
10
-35
-66
-189
-392
-503
-352
117
877
1843
2782
3355
3332
2786
1957
985
-138
-1387
-2585
-3490
-3931
-3847
-3286
-2406
-1378
-245
1047
2394
3418
3748
3404
2753
2075
1325
366
-697
-1558
-2021
-2140
-2060
-1842
-1493
-1073
-675
-362
-160
-112
-231
-425
-508
-349
22
478
939
1407
1863
2210
2315
2111
1589
738
-410
-1662
-2688
-3241
-3354
-3222
-2914
-2291
-1243
69
1276
2097
2509
2650
2595
2288
1673
853
88
-396
-583
-647
-716
-748
-680
-595
-655
-864
-1046
-1086
-1070
-1083
-1012
-672
-73
562
1075
1506
1920
2211
2197
1838
1275
635
-61
-791
-1435
-1851
-1999
-1938
-1698
-1270
-704
-163
210
436
638
834
887
688
351
141
189
383
525
552
557
611
657
570
293
-109
-507
-801
-979
-1080
-1112
-1020
-746
-313
186
649
1004
1200
1217
1098
913
688
392
13
-353
-578
-616
-538
-444
-381
-329
-246
-109
41
126
103
29
1
36
64
55
79
189
321
347
261
166
121
54
-115
-346
-520
-583
-595
-628
-672
-651
-512
-276
-27
154
250
314
401
500
540
463
286
68
-129
-284
-402
-503
-576
-591
-528
-423
-346
-320
-307
-268
-207
-125
39
368
876
1501
2153
2723
3027
2857
2179
1212
249
-624
-1543
-2566
-3448
-3771
-3354
-2436
-1437
-568
299
1333
2411
3146
3253
2825
2189
1542
847
39
-765
-1345
-1593
-1572
-1405
-1187
-995
-872
-777
-617
-417
-325
-419
-541
-454
-128
268
619
990
1429
1804
1938
1827
1560
1107
337
-694
-1656
-2234
-2405
-2358
-2213
-1913
-1387
-662
141
860
1352
1565
1591
1566
1496
1254
796
291
-25
-103
-107
-206
-405
-589
-673
-691
-739
-873
-1051
-1148
-1052
-739
-287
199
647
1042
1402
1714
1888
1805
1419
837
228
-308
-779
-1193
-1485
-1564
-1418
-1112
-723
-306
92
433
714
930
1041
986
776
521
330
219
125
12
-78
-95
-51
-32
-116
-309
-542
-726
-821
-844
-818
-712
-471
-94
326
658
860
977
1045
1029
863
550
169
-203
-514
-738
-853
-871
-813
-670
-423
-107
166
307
337
348
392
443
448
377
239
88
5
29
91
77
-38
-163
-220
-236
-279
-340
-348
-284
-214
-175
-123
10
207
381
461
451
398
341
293
234
136
-7
-156
-245
-242
-179
-126
-117
-121
-77
24
122
155
122
69
22
-37
-111
-160
-144
-88
-53
-66
-76
-31
65
147
168
135
80
14
-80
-195
-289
-328
-336
-348
-356
-327
-259
-189
-128
-58
21
61
35
-12
-13
41
130
277
542
928
1330
1625
1732
1609
1227
619
-91
-755
-1330
-1842
-2258
-2402
-2113
-1447
-678
-29
516
1113
1769
2240
2274
1886
1335
837
388
-108
-634
-1032
-1188
-1127
-970
-814
-699
-628
-570
-473
-323
-181
-127
-127
-45
210
573
901
1132
1290
1375
1320
1078
695
235
-310
-933
-1501
-1808
-1800
-1625
-1426
-1164
-714
-98
498
905
1100
1157
1135
1061
928
691
323
-84
-341
-358
-276
-290
-406
-463
-403
-370
-494
-676
-715
-581
-423
-325
-187
97
456
736
909
1065
1210
1206
955
549
152
-186
-529
-876
-1125
-1202
-1130
-952
-670
-308
39
277
429
575
729
812
763
609
433
294
222
203
183
101
-38
-153
-201
-238
-335
-470
-545
-513
-421
-339
-257
-118
94
325
499
587
598
557
486
390
260
93
-93
-253
-353
-404
-444
-479
-460
-346
-184
-66
-21
28
137
252
290
266
267
315
332
267
182
148
124
28
-130
-254
-307
-344
-405
-440
-400
-312
-248
-199
-99
72
249
368
437
487
505
460
366
262
147
-10
-198
-350
-410
-406
-385
-339
-237
-92
28
94
141
189
204
164
119
139
214
258
227
163
134
134
119
59
-33
-127
-208
-263
-282
-259
-198
-107
2
111
202
269
312
318
273
184
81
-5
-57
-80
-77
-57
-41
-36
-38
-37
-29
-21
-18
-18
-14
-11
-15
-34
-55
-50
3
80
118
77
-9
-59
-43
-13
-47
-144
-223
-208
-113
-26
-10
-35
-28
32
96
108
70
37
40
55
50
29
20
28
34
24
15
13
-1
-46
-93
-103
-74
-45
-31
-8
38
87
116
143
181
196
148
65
16
2
-50
-170
-270
-260
-169
-110
-123
-137
-80
19
91
110
99
83
72
83
116
133
93
17
-26
-14
2
-38
-116
-167
-159
-126
-105
-97
-85
-70
-55
-19
47
117
146
133
128
166
205
172
64
-38
-78
-91
-136
-209
-236
-195
-139
-116
-107
-66
5
73
144
256
415
565
657
679
642
529
333
97
-116
-299
-480
-660
-767
-731
-567
-367
-189
-1
243
505
669
667
548
424
330
214
30
-179
-325
-380
-382
-366
-329
-255
-167
-104
-80
-73
-70
-65
-58
-47
-32
-6
50
132
210
245
239
225
211
150
8
-186
-347
-430
-463
-493
-504
-434
-265
-59
108
212
282
344
386
383
317
201
64
-48
-102
-105
-105
-126
-145
-132
-93
-68
-72
-81
-85
-95
-112
-94
-12
105
198
252
306
375
413
383
297
198
94
-33
-172
-286
-357
-403
-419
-380
-270
-135
-25
62
154
251
305
300
270
250
230
178
99
34
2
-21
-52
-78
-83
-80
-99
-139
-166
-160
-142
-142
-156
-148
-97
-20
43
82
115
160
207
229
209
157
89
16
-50
-106
-156
-205
-241
-239
-187
-111
-51
-14
23
72
109
115
100
100
118
137
139
132
118
93
51
17
-2
-26
-81
-152
-198
-203
-189
-182
-169
-127
-55
24
96
170
234
263
246
204
162
129
80
12
-51
-83
-86
-91
-108
-115
-92
-48
-17
-17
-32
-34
-24
-14
-16
-19
-9
17
53
83
99
97
93
96
88
46
-25
-86
-106
-104
-114
-136
-132
-93
-40
-5
18
45
69
71
51
34
33
28
5
-22
-32
-27
-22
-20
-11
2
5
-3
-9
-8
-11
-30
-46
-27
28
97
148
169
157
121
73
24
-29
-99
-178
-229
-209
-131
-48
-11
9
64
167
254
256
175
84
32
4
-42
-109
-157
-158
-115
-53
8
46
44
21
15
33
36
-9
-71
-89
-54
-18
-22
-41
-38
-24
-33
-64
-90
-105
-135
-184
-220
-212
-177
-145
-95
24
223
443
609
700
740
738
672
514
262
-48
-357
-596
-736
-807
-848
-836
-693
-395
-42
230
395
549
738
877
848
664
447
269
89
-137
-348
-461
-492
-514
-533
-482
-355
-239
-198
-187
-131
-44
11
41
118
253
367
414
446
514
561
487
301
107
-48
-220
-457
-683
-790
-766
-692
-598
-441
-196
80
309
470
575
606
542
426
324
234
103
-76
-216
-255
-239
-248
-281
-262
-182
-123
-141
-182
-177
-144
-148
-171
-120
45
230
339
382
439
513
518
394
194
4
-146
-281
-410
-501
-530
-509
-453
-345
-182
0
152
259
341
400
407
355
274
198
135
71
8
-31
-46
-58
-77
-98
-112
-128
-154
-175
-171
-145
-118
-95
-53
26
130
230
303
339
342
309
246
157
46
-77
-187
-256
-266
-235
-192
-160
-127
-73
2
72
110
113
96
82
72
65
59
51
46
40
36
34
31
18
-10
-53
-98
-137
-168
-193
-207
-193
-141
-64
15
75
124
168
208
229
213
157
83
16
-30
-68
-110
-152
-165
-142
-97
-53
-27
-16
-17
-21
-20
-14
-6
4
23
50
76
92
94
88
80
68
52
34
6
-34
-81
-125
-153
-159
-147
-123
-95
-66
-27
17
48
52
41
43
70
90
77
48
37
46
50
32
4
-17
-33
-55
-76
-90
-99
-103
-98
-79
-59
-45
-22
26
92
142
165
172
181
177
143
81
21
-28
-72
-113
-142
-153
-153
-151
-136
-97
-42
11
54
91
119
132
120
94
75
68
67
61
44
23
0
-25
-49
-67
-79
-85
-89
-90
-76
-44
-3
33
57
78
102
122
123
102
70
38
6
-35
-74
-97
-103
-100
-92
-76
-49
-21
-17
-33
-54
-55
-37
-10
12
32
55
87
118
132
124
103
80
50
8
-42
-81
-101
-105
-104
-98
-80
-50
-16
14
39
60
71
68
61
62
72
82
86
81
72
60
42
15
-14
-40
-58
-66
-72
-75
-68
-45
-7
30
55
70
84
96
98
87
69
48
25
-2
-27
-43
-54
-67
-79
-86
-88
-89
-99
-108
-105
-85
-54
-19
16
52
87
120
140
148
135
100
49
-5
-50
-89
-124
-151
-169
-171
-160
-134
-93
-42
10
58
102
134
147
134
109
87
72
49
13
-27
-57
-73
-81
-86
-84
-73
-54
-33
-7
26
64
99
121
136
142
140
128
111
95
76
51
18
-13
-37
-49
-55
-59
-56
-48
-38
-33
-31
-25
-11
1
5
3
6
20
41
53
55
55
57
52
32
0
-34
-63
-90
-118
-140
-146
-132
-102
-62
-13
36
78
107
116
106
83
50
11
-32
-75
-111
-131
-134
-123
-109
-92
-72
-44
-17
7
33
61
86
106
117
122
118
106
89
66
35
-5
-51
-90
-114
-122
-119
-105
-79
-39
13
66
111
143
163
172
168
149
121
88
53
19
-9
-29
-43
-60
-77
-88
-82
-67
-53
-43
-30
-6
25
53
75
99
124
141
142
125
93
54
11
-32
-74
-116
-155
-185
-198
-197
-182
-147
-96
-37
17
62
101
134
149
142
114
78
43
7
-30
-66
-97
-119
-134
-137
-133
-120
-101
-77
-48
-16
14
38
60
83
104
116
115
100
81
69
60
47
25
1
-18
-34
-48
-56
-53
-40
-24
-5
12
32
47
55
58
62
69
75
78
74
67
57
45
30
12
-8
-29
-46
-58
-66
-69
-67
-59
-44
-21
9
40
60
73
79
79
71
52
21
-12
-42
-67
-87
-101
-103
-91
-75
-56
-33
-7
15
23
21
14
11
7
0
-10
-22
-30
-35
-33
-27
-16
-6
1
2
-1
-6
-11
-12
-9
4
18
28
37
44
53
58
59
59
61
66
62
48
32
19
10
0
-12
-22
-25
-28
-28
-29
-26
-19
-7
9
26
40
54
63
70
76
76
68
52
31
12
-3
-19
-37
-54
-65
-68
-68
-69
-69
-64
-49
-26
-1
22
36
44
46
46
43
36
23
5
-13
-27
-40
-52
-60
-62
-57
-48
-38
-26
-13
0
11
17
26
37
47
51
53
55
57
53
44
31
19
9
-2
-12
-22
-27
-27
-21
-11
4
24
44
60
73
83
92
96
93
81
65
50
38
25
7
-14
-32
-40
-36
-23
-10
-1
5
15
30
40
38
29
22
26
34
37
32
27
22
18
10
0
-13
-28
-41
-49
-54
-56
-54
-44
-27
-5
10
20
25
28
28
24
16
9
1
-11
-27
-38
-41
-40
-37
-33
-25
-13
-2
-1
-2
0
7
11
8
4
3
5
5
0
-6
-6
-4
-3
-3
-4
-3
0
4
12
21
26
26
23
23
23
19
9
0
-8
-10
-7
-3
0
3
6
15
25
35
39
40
38
38
36
31
23
11
-1
-8
-10
-13
-15
-16
-14
-9
-2
2
7
13
16
21
26
32
38
41
44
50
52
48
36
19
6
-6
-17
-28
-36
-40
-39
-33
-22
-7
13
34
52
64
70
71
66
54
40
24
14
6
-2
-10
-14
-14
-13
-14
-13
-8
-2
1
6
17
32
45
52
58
66
76
78
70
53
35
13
-12
-36
-55
-63
-61
-54
-41
-20
3
24
37
46
49
49
43
35
27
18
6
-5
-14
-18
-20
-24
-27
-25
-19
-15
-16
-17
-18
-20
-20
-18
-14
-9
-3
3
12
20
23
25
23
18
4
-12
-21
-20
-17
-22
-30
-29
-19
-7
-4
-4
-4
4
9
8
4
3
5
8
14
19
23
22
19
14
8
1
-5
-10
-12
-9
-3
5
13
19
26
34
39
39
35
28
20
10
0
-7
-10
-7
-1
7
14
21
25
29
32
32
24
18
14
15
12
6
-1
1
6
13
16
15
14
12
11
10
12
13
8
4
5
14
22
27
26
26
29
33
29
19
7
0
-6
-11
-12
-9
-4
0
2
6
13
21
26
30
35
43
45
42
38
34
30
24
16
11
9
4
-1
-5
-8
-8
-7
1
9
20
28
36
42
48
51
52
52
47
39
28
15
2
-13
-27
-35
-36
-33
-29
-21
-8
6
15
21
30
41
48
47
41
33
31
29
22
11
0
-11
-21
-29
-30
-28
-27
-25
-18
-6
8
16
20
25
35
47
55
54
47
40
31
23
12
5
0
-4
-9
-16
-23
-26
-28
-23
-11
6
24
39
52
66
73
74
67
59
52
43
28
8
-8
-17
-22
-26
-27
-23
-11
-1
10
17
28
42
55
63
66
66
64
58
47
32
15
-1
-14
-26
-37
-47
-49
-42
-26
-11
4
19
38
52
59
56
53
50
47
40
29
16
4
-3
-8
-10
-16
-22
-25
-20
-14
-9
-6
-2
6
17
27
42
56
65
66
64
61
53
40
25
12
-1
-13
-29
-39
-44
-39
-29
-16
-3
13
27
40
47
53
58
62
61
54
43
35
27
19
10
1
-8
-11
-9
-7
-9
-16
-20
-16
-2
11
22
33
46
58
61
61
55
48
36
24
13
3
-14
-29
-36
-33
-26
-21
-18
-10
1
8
14
20
29
36
39
38
35
32
29
26
26
24
18
10
0
-8
-14
-19
-22
-20
-12
0
13
24
31
35
41
47
46
41
35
28
23
16
13
13
16
16
15
14
14
14
11
7
3
5
10
14
17
17
19
23
27
28
26
24
23
22
18
11
8
5
2
-1
0
7
14
12
4
2
6
16
18
14
12
13
15
16
14
10
6
2
3
4
5
5
5
5
5
5
4
5
5
4
4
5
5
4
5
4
4
4
6
13
20
26
31
35
37
34
27
21
18
14
7
3
0
0
-1
-2
0
6
12
20
28
32
33
29
25
25
26
25
22
16
12
14
14
12
5
1
3
7
7
5
2
5
9
13
16
16
15
14
13
9
5
3
4
6
6
4
3
5
4
0
-3
-2
3
7
9
12
14
19
21
24
26
26
24
23
25
24
20
14
11
13
15
15
12
8
5
4
8
15
23
28
26
23
23
25
25
25
23
24
25
25
24
25
25
24
24
24
24
24
25
25
24
24
25
25
24
25
24
23
23
21
17
14
13
14
16
20
24
25
24
23
19
13
6
1
2
5
3
-1
-4
1
8
12
14
15
19
22
22
17
13
10
8
8
7
4
3
3
9
14
17
17
18
25
31
34
32
29
25
24
22
19
15
12
11
12
18
23
26
26
24
23
25
25
25
24
25
26
26
25
25
26
25
25
25
25
26
25
24
23
21
16
13
13
17
17
17
19
23
27
29
30
30
31
27
18
10
6
3
-1
-3
-3
-1
-1
-1
2
9
13
14
12
12
16
22
27
27
26
24
21
18
15
14
15
15
15
16
15
17
18
19
23
26
28
26
29
33
33
27
19
11
5
0
-5
-3
3
6
8
11
19
26
29
30
30
29
27
24
21
19
15
12
15
17
17
14
13
16
16
15
13
15
20
22
21
18
13
7
2
3
7
8
5
3
4
6
5
4
7
13
17
15
9
5
-1
-3
-1
4
8
6
3
4
6
6
7
9
15
16
14
11
8
6
0
-3
-4
-1
1
4
7
14
19
25
29
31
32
34
33
29
23
15
11
12
13
11
7
3
2
5
6
8
14
24
34
39
36
29
18
9
4
3
3
2
-1
-3
-3
2
8
13
14
19
23
24
20
15
12
10
8
5
3
2
4
5
5
4
5
5
5
7
11
14
11
4
0
3
6
6
4
4
9
13
14
15
16
15
15
18
18
16
11
10
9
6
2
2
4
4
-1
-3
2
11
17
20
19
19
19
18
17
15
12
10
13
20
24
20
17
18
21
22
20
19
19
17
16
14
11
6
2
4
9
13
13
11
13
17
19
20
17
13
9
9
12
11
5
0
-1
0
-1
-2
0
5
11
15
19
23
26
25
24
24
25
26
23
18
14
12
15
20
22
19
16
17
24
28
29
30
35
39
36
26
18
17
16
13
8
9
12
12
13
20
31
37
37
35
33
37
38
36
35
35
32
24
8
-5
-12
-10
-6
-4
-10
-10
-1
16
29
35
38
47
54
51
34
14
-1
-13
-26
-42
-53
-54
-49
-44
-33
-13
13
33
39
36
38
45
44
29
7
-10
-21
-34
-48
-55
-48
-34
-23
-14
-1
22
42
52
51
51
52
46
30
11
0
-10
-23
-38
-40
-27
-15
-9
2
20
36
35
29
26
29
24
6
-11
-19
-22
-32
-41
-38
-26
-14
-7
1
14
25
27
20
15
11
5
-4
-12
-14
-14
-14
-17
-15
-7
4
13
21
30
36
34
28
23
24
20
10
2
1
5
8
7
9
15
22
25
28
36
41
38
30
25
20
14
3
-3
-3
-1
0
3
9
17
23
26
29
32
34
33
28
22
15
4
-6
-13
-13
-10
-7
-6
-3
3
7
8
6
5
11
17
17
15
13
12
6
-1
-8
-10
-6
1
9
17
26
34
39
41
41
43
48
50
45
33
23
17
13
6
-2
-6
-1
7
15
20
27
34
38
40
39
34
26
13
1
-7
-11
-13
-18
-23
-25
-22
-14
-6
7
21
34
38
32
21
12
5
-6
-23
-34
-35
-28
-19
-14
-9
2
20
37
52
63
70
72
65
47
22
-6
-29
-42
-42
-33
-16
3
17
29
42
58
78
87
87
78
60
32
-6
-42
-66
-75
-73
-63
-46
-23
1
22
39
55
68
75
71
55
29
2
-24
-51
-78
-100
-103
-86
-54
-14
23
55
79
86
79
66
55
43
24
-10
-50
-86
-108
-113
-98
-61
-13
29
55
68
81
92
92
76
54
26
-5
-39
-71
-89
-91
-79
-65
-43
-9
33
75
102
107
93
67
37
4
-23
-46
-64
-82
-96
-104
-100
-79
-40
11
66
106
119
108
88
70
46
15
-21
-51
-69
-82
-91
-95
-82
-53
-17
19
52
82
105
106
91
65
36
4
-27
-53
-69
-77
-82
-83
-72
-47
-14
20
55
88
108
111
95
73
52
29
3
-22
-39
-48
-53
-51
-44
-28
-3
27
60
85
97
94
81
63
45
28
13
-1
-13
-29
-44
-57
-59
-49
-29
-2
23
40
44
40
34
29
25
22
12
-5
-26
-50
-67
-74
-66
-48
-26
-7
9
22
32
39
43
45
43
35
20
2
-16
-30
-41
-48
-49
-39
-17
11
30
37
37
38
39
37
26
14
9
4
-8
-27
-39
-37
-26
-16
-4
10
26
29
24
18
16
17
11
2
-7
-13
-19
-28
-29
-25
-14
-2
10
23
35
40
35
22
10
2
-4
-8
-10
-7
-2
0
2
5
12
22
37
52
62
65
54
28
-4
-33
-47
-48
-35
-12
11
26
25
17
12
19
36
50
55
48
28
-4
-36
-57
-54
-31
-4
17
25
26
20
17
14
10
6
0
-2
1
0
-9
-22
-33
-34
-21
0
26
45
51
39
14
-11
-30
-34
-29
-17
-5
2
-1
-9
-17
-15
-5
10
23
31
33
31
22
6
-12
-23
-22
-12
1
9
13
15
13
11
9
12
19
26
27
20
10
1
-2
-2
-1
2
5
6
5
6
11
17
23
25
23
18
13
12
13
15
15
13
12
13
14
14
14
12
9
3
-1
0
7
17
27
33
37
37
34
29
23
21
23
21
13
3
-3
-4
1
8
17
26
33
35
37
38
36
31
22
15
5
-5
-13
-14
-10
-4
0
9
21
33
38
37
35
31
27
20
13
4
-4
-11
-12
-8
0
9
19
30
37
39
40
38
34
24
10
-6
-18
-26
-26
-20
-7
12
29
39
42
41
41
35
21
3
-10
-18
-26
-34
-35
-23
-4
12
20
26
35
40
43
47
53
50
32
2
-25
-39
-41
-36
-22
-3
15
27
32
35
37
37
36
34
29
18
4
-10
-22
-32
-34
-24
-5
11
20
20
15
8
1
3
16
28
29
15
-5
-23
-35
-40
-31
-6
19
29
19
7
1
2
4
6
14
24
26
17
2
-10
-20
-26
-25
-15
-1
13
19
17
12
6
3
7
17
29
37
32
19
2
-12
-17
-17
-15
-10
2
17
22
18
14
19
26
30
31
34
36
30
13
-6
-19
-27
-29
-24
-10
5
16
20
20
23
29
35
41
44
42
31
13
-5
-19
-27
-28
-22
-12
0
9
19
29
36
38
36
32
30
30
24
16
1
-14
-28
-37
-35
-23
-5
12
26
38
46
49
48
47
45
42
34
22
8
-5
-18
-29
-33
-29
-16
0
14
26
37
50
58
58
51
42
30
12
-10
-27
-35
-32
-25
-13
2
17
24
25
28
34
38
35
27
15
0
-15
-26
-32
-31
-22
-4
14
24
25
29
40
55
60
58
55
51
38
16
-7
-13
-10
-2
7
18
23
17
5
1
13
35
54
63
64
57
38
12
-10
-18
-15
-8
-7
-10
-12
-13
-14
-18
-13
5
27
38
35
31
28
19
1
-20
-31
-29
-20
-15
-18
-27
-35
-37
-29
-11
17
44
65
68
55
34
16
11
14
13
2
-18
-37
-52
-62
-59
-39
-7
26
