27
32
33
29
24
18
14
10
5
0
-3
-3
1
5
9
15
20
24
25
27
28
30
29
25
24
24
25
25
24
21
18
14
14
15
15
17
16
16
20
27
34
36
36
34
34
35
31
25
21
17
17
15
14
15
15
15
15
15
16
19
22
25
30
31
32
29
26
25
25
22
17
13
14
15
14
8
1
-2
-3
-1
1
5
5
5
3
3
5
7
10
14
16
12
2
-5
-7
-8
-11
-12
-9
-4
-1
-1
2
4
10
13
15
16
14
12
13
14
15
14
14
14
15
13
8
5
3
-1
-3
-1
1
4
7
11
13
17
20
24
23
20
14
8
5
3
4
5
5
5
3
4
4
4
-1
-2
0
4
8
13
14
17
19
20
19
17
18
19
20
18
18
18
19
18
17
18
19
19
17
18
22
25
26
29
33
38
38
34
30
26
22
19
17
17
19
18
15
11
9
8
8
13
17
19
19
18
18
21
25
27
26
23
24
28
32
31
27
20
17
17
16
13
8
4
3
8
14
21
23
23
24
25
24
25
24
24
25
24
24
24
25
24
21
17
14
12
13
14
14
15
18
22
26
28
24
26
29
32
30
24
24
25
26
25
20
16
11
7
3
5
5
8
11
16
22
26
28
29
32
30
23
16
12
12
11
9
9
12
12
9
10
13
18
21
21
20
19
21
23
23
26
27
25
21
16
11
5
0
-4
-3
1
4
5
4
4
5
4
4
4
5
5
8
11
14
10
4
-3
-5
-2
1
1
-2
-1
-2
1
3
5
8
12
15
16
14
13
14
15
15
14
13
11
6
3
0
-1
-4
-7
-9
-8
-5
-1
5
11
14
17
21
26
26
23
21
20
17
12
7
4
5
5
5
5
6
9
13
18
22
24
27
31
31
30
24
23
25
25
24
23
25
25
25
24
24
26
25
23
24
30
33
31
28
26
30
33
32
28
24
28
33
32
24
16
11
10
8
6
7
10
10
10
13
19
21
19
16
17
19
20
18
20
24
29
27
24
22
20
14
6
1
3
7
7
4
8
13
17
15
14
15
16
16
14
14
16
15
14
14
13
9
4
2
4
10
12
13
12
9
4
3
9
18
19
14
12
15
15
9
3
1
5
7
4
3
4
3
-3
-8
-8
-1
3
8
12
16
17
16
15
16
16
15
15
16
16
15
15
16
16
15
15
15
16
16
15
16
15
16
16
15
15
15
15
16
15
15
15
15
15
16
15
15
16
14
13
10
7
7
6
7
7
7
7
7
7
10
14
17
17
15
14
13
9
5
3
6
7
6
3
0
0
1
2
6
7
5
3
6
10
14
12
7
2
1
4
5
5
4
4
5
4
5
4
4
5
4
6
10
14
15
14
13
13
15
15
17
21
24
26
25
23
23
24
23
23
24
24
24
24
23
24
24
23
23
24
24
23
23
23
24
24
23
24
23
24
24
23
23
23
24
23
25
24
23
24
24
23
23
24
23
23
23
24
24
23
23
23
24
25
27
30
29
28
26
23
24
25
25
22
17
14
13
14
15
16
15
15
16
15
15
15
15
15
14
14
15
15
14
10
7
4
7
11
15
17
13
6
3
3
5
6
3
4
5
6
5
4
4
6
5
4
5
8
7
4
0
-2
-1
2
4
6
9
13
16
15
13
13
18
22
25
23
18
13
12
14
20
25
26
23
21
18
14
13
13
14
15
14
13
14
18
22
25
26
24
23
23
23
20
16
13
14
14
14
14
14
14
15
15
14
15
13
14
14
15
14
14
14
14
14
15
14
12
8
6
3
3
4
5
5
5
4
4
2
-1
-3
-2
2
7
11
13
15
13
13
12
13
13
13
12
13
13
13
13
12
10
8
5
4
8
14
17
14
13
13
15
14
13
14
15
15
13
14
14
15
15
13
14
15
15
15
19
24
27
26
23
23
25
25
26
25
27
27
25
18
11
9
11
13
13
13
18
23
24
22
19
20
21
17
13
9
9
11
12
12
13
18
22
23
20
19
19
21
21
22
21
20
20
21
24
28
29
28
24
24
25
25
22
16
14
16
22
25
25
22
18
14
13
17
22
26
27
27
26
25
26
24
19
13
12
15
18
17
14
13
16
18
19
22
26
29
26
24
24
29
31
30
27
25
18
12
9
9
11
11
10
10
10
7
3
2
2
1
-3
-2
4
11
12
9
4
1
2
0
-2
-2
0
3
1
-2
-4
-1
5
6
5
3
4
5
3
0
-2
1
7
11
10
9
6
9
9
9
9
8
9
9
9
8
8
9
8
9
11
16
19
19
19
19
23
25
27
29
30
29
24
19
16
17
20
22
23
25
27
27
28
30
33
30
27
25
25
26
25
24
24
25
25
25
25
24
24
24
24
25
26
28
31
33
31
27
25
25
25
22
19
20
26
27
26
24
25
26
21
15
14
20
26
28
26
23
21
18
14
12
16
17
14
10
5
2
4
6
6
5
4
4
5
5
5
4
5
4
4
3
2
-1
-2
0
4
8
8
5
4
3
4
5
4
4
2
1
-2
-3
-2
1
4
5
5
4
5
5
5
4
5
4
4
4
4
3
3
0
-2
-2
0
6
11
13
12
10
11
13
11
11
13
18
21
22
21
21
21
21
21
21
24
25
27
25
20
14
11
14
18
17
14
13
19
26
27
25
24
26
28
29
31
31
25
19
19
23
29
27
21
19
22
24
20
13
11
14
17
19
19
22
25
27
23
18
15
15
15
14
15
17
16
15
17
22
26
27
22
16
10
5
3
5
6
6
4
3
4
6
6
4
7
12
16
17
16
14
15
16
15
14
15
16
14
10
5
1
0
1
4
10
18
24
23
19
16
18
20
19
19
20
24
27
26
23
21
18
17
18
23
29
33
32
30
26
24
20
16
12
14
16
15
10
4
2
6
14
16
16
12
6
2
1
0
-1
-2
-3
-1
-1
0
4
10
13
11
4
1
3
5
5
4
6
11
17
19
17
13
13
13
15
17
20
24
25
22
16
11
12
13
13
8
1
-7
-11
-9
-4
0
4
7
13
16
21
29
36
39
39
38
37
38
34
31
28
26
21
11
1
-6
-7
-2
5
21
51
90
128
144
128
83
37
20
44
86
106
66
-20
-104
-130
-95
-53
-60
-123
-195
-218
-182
-124
-94
-103
-128
-143
-143
-133
-112
-76
-36
-20
-43
-77
-83
-39
23
61
55
24
3
13
51
92
107
86
51
38
61
102
119
92
32
-32
-77
-94
-82
-62
-60
-98
-172
-252
-304
-315
-297
-262
-204
-96
78
287
463
530
494
457
548
806
1105
1231
1077
766
569
649
886
988
785
404
125
66
83
-10
-204
-353
-415
-528
-800
-1084
-1127
-893
-647
-656
-890
-1067
-991
-732
-482
-337
-271
-252
-273
-271
-125
194
518
625
485
318
351
585
820
886
779
615
476
381
329
331
346
266
21
-315
-560
-595
-492
-433
-523
-705
-858
-920
-905
-819
-665
-503
-433
-482
-522
-385
-63
267
437
451
447
539
708
881
1008
1082
1080
994
865
790
817
870
806
556
217
-45
-147
-158
-215
-388
-635
-858
-994
-1044
-1044
-1025
-1007
-1007
-1037
-1075
-1066
-951
-739
-516
-382
-344
-320
-221
-48
121
215
238
242
285
377
481
529
470
319
169
108
146
197
159
-10
-290
-625
-927
-1082
-1005
-700
-263
199
590
822
827
627
414
466
950
1720
2300
2199
1392
542
516
1464
2462
2369
1101
-193
-411
261
705
310
-398
-671
-604
-843
-1474
-1776
-1243
-415
-280
-1057
-1916
-1989
-1295
-541
-241
-327
-521
-717
-855
-689
-36
788
1096
595
-150
-263
465
1339
1573
1105
502
222
256
400
592
795
794
364
-352
-852
-765
-282
31
-199
-812
-1329
-1444
-1220
-892
-601
-396
-367
-610
-968
-1016
-486
325
771
534
-9
-222
128
717
1136
1286
1277
1173
982
842
932
1208
1355
1145
715
383
263
217
125
39
-28
-230
-679
-1164
-1310
-1044
-745
-829
-1272
-1648
-1618
-1253
-870
-678
-657
-688
-697
-637
-457
-161
141
300
283
190
162
266
479
706
782
581
164
-191
-232
-9
143
-52
-553
-1083
-1396
-1430
-1250
-963
-679
-467
-283
-5
439
973
1432
1688
1730
1673
1725
2064
2608
2945
2673
1894
1262
1345
1934
2193
1584
502
-189
-176
5
-259
-864
-1225
-1151
-1127
-1593
-2245
-2368
-1789
-1138
-1102
-1611
-1987
-1769
-1151
-611
-369
-319
-324
-341
-265
88
719
1266
1324
925
563
671
1148
1516
1475
1169
910
782
649
458
323
293
177
-207
-717
-979
-858
-658
-761
-1153
-1483
-1513
-1350
-1209
-1107
-936
-729
-649
-712
-684
-341
224
660
730
559
494
746
1211
1628
1824
1793
1612
1383
1249
1325
1534
1584
1232
600
92
-39
47
-19
-380
-849
-1186
-1361
-1486
-1594
-1595
-1467
-1361
-1428
-1605
-1642
-1377
-932
-591
-508
-595
-649
-538
-259
87
336
343
122
-103
-99
127
320
270
23
-232
-414
-601
-855
-1091
-1167
-1053
-824
-533
-121
496
1261
1918
2158
1905
1481
1435
2114
3270
4106
3843
2456
919
529
1700
3344
3704
2065
-377
-1625
-945
406
664
-488
-1801
-2169
-1896
-1930
-2349
-2286
-1385
-582
-982
-2285
-2984
-2158
-537
439
256
-413
-776
-696
-348
317
1290
1999
1704
552
-253
298
1769
2688
2193
906
64
133
607
892
902
732
237
-685
-1600
-1803
-1179
-481
-545
-1359
-2128
-2201
-1708
-1211
-973
-825
-649
-640
-908
-1048
-484
705
1619
1458
518
-61
465
1678
2585
2671
2180
1566
1087
935
1307
2046
2434
1785
320
-858
-871
-12
590
177
-956
-1939
-2239
-1991
-1607
-1350
-1306
-1521
-1950
-2327
-2281
-1691
-888
-395
-479
-936
-1274
-1112
-436
382
820
598
-62
-563
-437
216
814
852
310
-412
-907
-1031
-897
-746
-805
-1124
-1433
-1273
-390
961
2142
2590
2198
1369
809
1146
2503
4225
5150
4417
2308
300
30
1833
4141
4643
2476
-697
-2164
-941
1191
1710
126
-1809
-2498
-2267
-2290
-2578
-2105
-791
-179
-1453
-3547
-4145
-2457
-110
867
188
-956
-1595
-1610
-1012
348
2018
2708
1586
-372
-1095
335
2588
3526
2461
635
-350
-95
682
1259
1444
1201
349
-1018
-2116
-2039
-861
179
-118
-1601
-2929
-3026
-2082
-1076
-607
-552
-657
-952
-1373
-1378
-441
1058
1912
1374
116
-397
545
2225
3397
3485
2779
1804
964
691
1339
2560
3164
2119
-179
-2000
-1923
-302
1080
786
-961
-2690
-3185
-2467
-1473
-1033
-1286
-1897
-2505
-2851
-2678
-1880
-804
-173
-460
-1343
-1935
-1590
-456
719
1194
745
-209
-861
-589
478
1446
1402
251
-1166
-1870
-1593
-890
-500
-622
-782
-336
858
2225
2934
2590
1548
684
855
2330
4389
5489
4405
1649
-409
391
3542
5902
4780
917
-2161
-1956
380
1667
522
-1356
-1848
-1295
-1668
-3297
-3979
-2039
822
1172
-1791
-4922
-4780
-1601
1339
1681
106
-1423
-2058
-1993
-1098
895
2997
3195
888
-1734
-1774
997
3765
3872
1648
-435
-776
49
778
1093
1293
1138
45
-1632
-2466
-1558
159
803
-397
-2359
-3457
-3139
-2056
-1006
-277
28
-364
-1436
-2305
-1769
266
2267
2474
839
-830
-787
955
2966
4012
3880
2893
1427
162
113
1654
3593
3927
1859
-1161
-2745
-1850
311
1552
719
-1479
-3338
-3686
-2709
-1513
-1047
-1424
-2150
-2732
-2954
-2703
-1898
-778
-42
-324
-1410
-2223
-1804
-273
1261
1721
945
-302
-985
-557
627
1522
1220
-215
-1753
-2359
-1900
-1030
-328
234
984
1961
2760
2846
2035
804
217
1257
3801
6218
6369
3597
-166
-1668
625
4575
5994
2893
-2020
-3901
-1119
2753
3102
-262
-3192
-2763
-858
-1013
-3111
-3603
-983
1511
148
-3953
-6015
-3714
161
1705
516
-1040
-1657
-1984
-2125
-760
2293
4410
2916
-1051
-3219
-1075
3157
5172
3379
128
-1466
-730
769
1625
1793
1609
780
-960
-2660
-2692
-815
1053
788
-1492
-3623
-3944
-2847
-1611
-688
97
295
-872
-2831
-3442
-1355
1972
3535
2087
-541
-1583
-183
2261
4003
4425
3772
2388
796
46
1029
3162
4381
3061
-93
-2561
-2527
-604
1020
847
-812
-2608
-3491
-3256
-2345
-1481
-1319
-2036
-3119
-3734
-3389
-2282
-1072
-409
-596
-1424
-2234
-2243
-1138
533
1620
1299
-97
-1234
-992
406
1605
1458
66
-1542
-2468
-2456
-1642
-246
1407
2859
3676
3536
2317
447
-758
238
3578
7182
8118
5190
260
-2995
-1932
2707
6928
6680
1928
-2739
-2731
1245
3883
1796
-2387
-3921
-2405
-1636
-3276
-4110
-1280
2424
1769
-3367
-7122
-5069
341
3451
2348
-280
-1933
-2808
-3276
-1930
1873
5295
4481
-270
-3935
-2359
2868
6330
4945
813
-1979
-1832
-161
1344
2277
2482
1205
-1596
-3985
-3597
-570
2123
1818
-1003
-3573
-4004
-2789
-1389
-415
272
396
-678
-2577
-3455
-1727
1752
4054
3134
135
-1783
-760
2132
4473
4918
3748
1877
255
-109
1296
3473
4262
2434
-826
-2980
-2637
-675
884
690
-1106
-3229
-4280
-3690
-2088
-784
-742
-1941
-3501
-4318
-3776
-2202
-701
-309
-1085
-2099
-2328
-1498
-121
1009
1307
673
-406
-1087
-797
237
1102
917
-432
-2116
-2854
-1794
866
3944
5957
5838
3415
-229
-2823
-2106
2161
7293
9435
6760
1124
-3333
-3299
1170
6409
7722
3554
-2472
-4761
-1754
2282
2514
-662
-3032
-2914
-2938
-4753
-5371
-1649
3624
4128
-1462
-6999
-6378
-760
3862
4198
1842
-860
-3423
-5145
-3812
1214
6226
6254
971
-4368
-4496
406
5425
6250
2944
-1149
-3061
-2281
-10
2381
3705
2794
-569
-4387
-5425
-2514
1640
2987
408
-3390
-5176
-4306
-2267
-417
767
880
-442
-2448
-3232
-1519
1712
3955
3573
1288
-644
-502
1599
4069
5196
4246
1838
-417
-886
770
3021
3619
1723
-1255
-3102
-2907
-1499
-247
50
-770
-2388
-3930
-4268
-3007
-1127
-218
-1006
-2734
-3945
-3705
-2204
-502
240
-399
-1746
-2550
-2049
-586
764
1171
606
-348
-1044
-1156
-771
-271
-59
-215
-310
432
2480
5197
6727
5335
1449
-1879
-1357
3233
8340
9653
5880
-184
-3945
-2589
2530
6608
5512
149
-4028
-3029
854
2068
-873
-3782
-3335
-2049
-3974
-7540
-6945
-892
4255
2327
-4452
-8253
-5280
702
4196
3870
1631
-1121
-3711
-4312
-1121
4266
7043
4205
-1637
-4744
-2279
3010
6082
4682
771
-2269
-2858
-1591
365
2111
2581
786
-2685
-5228
-4530
-1266
1354
980
-1662
-4080
-4680
-3608
-1678
359
1573
1005
-1197
-3196
-2832
172
3667
4973
3337
535
-870
234
2810
4837
4996
3407
1197
-365
-541
533
1863
2156
789
-1568
-3401
-3586
-2297
-766
-227
-1072
-2735
-4149
-4364
-3184
-1430
-473
-1079
-2621
-3601
-3100
-1604
-352
-41
-379
-763
-969
-1035
-831
-173
648
840
-95
-1660
-2656
-2256
-685
1201
2819
4153
5134
5119
3471
787
-868
425
4420
8396
9201
5908
830
-2023
-182
4715
7752
5276
-893
-4813
-2934
1639
2910
-580
-4409
-4733
-3273
-3754
-5535
-4513
-128
2528
-466
-5862
-7129
-2854
2103
3461
1997
358
-1088
-2805
-3002
383
5212
6270
1860
-3313
-3607
862
4978
5070
2308
-192
-1225
-1403
-908
662
2509
2513
-287
-3915
-5176
-3066
132
1303
-408
-3170
-4684
-4230
-2636
-982
133
387
-388
-1777
-2624
-1798
676
3381
4554
3531
1374
57
840
3171
5168
5249
3390
950
-520
-355
960
2168
2043
268
-2208
-3824
-3659
-2199
-885
-922
-2352
-4090
-4809
-4012
-2429
-1351
-1463
-2344
-3005
-2816
-1886
-783
-80
-49
-519
-973
-966
-500
58
356
233
-365
-1335
-2167
-2048
-502
2105
4762
6348
6021
3626
292
-1664
-272
4137
8741
10279
7521
2135
-2320
-2628
1495
6348
6909
1963
-3880
-4870
-778
2907
1870
-2100
-4544
-4604
-4870
-5843
-4543
26
3464
1116
-5054
-8204
-5009
846
4106
3767
1924
-322
-2801
-3644
-474
5277
8244
5053
-1286
-4590
-2261
2711
5780
5120
1924
-1606
-3569
-2850
141
3140
3451
366
-3921
-6106
-4653
-1071
1531
1140
-1645
-4478
-5355
-3919
-1233
1141
1885
558
-1866
-3311
-2177
1060
4069
4770
3170
1098
353
1306
3067
4479
4786
3773
1845
46
-459
602
2130
2476
925
-1649
-3593
-3838
-2608
-1097
-623
-1748
-3799
-5236
-4865
-2961
-1097
-751
-2001
-3561
-4029
-3028
-1290
98
473
-134
-1140
-1737
-1345
-105
1055
1104
-138
-1761
-2555
-1946
-115
2473
5189
6916
6319
3162
-648
-2027
664
5839
9729
9339
4756
-909
-3617
-1275
4285
8166
6497
501
-4248
-3621
536
2849
934
-2463
-4074
-4343
-5253
-5845
-3299
1624
3722
-190
-6316
-7984
-3614
2074
4394
3304
1152
-1016
-2861
-2627
1165
6229
7664
3618
-2020
-3863
-818
3565
5514
4242
1205
-1860
-3515
-2732
148
2845
2726
-580
-4571
-6186
-4551
-1432
633
328
-1872
-4370
-5469
-4316
-1517
1099
1776
291
-1834
-2636
-1293
1410
3855
4739
3822
2015
773
1059
2645
4340
4942
4015
2042
144
-521
410
1947
2362
787
-1839
-3625
-3522
-2123
-873
-801
-1975
-3635
-4637
-4160
-2475
-941
-843
-2126
-3437
-3526
-2368
-912
-13
117
-310
-950
-1324
-990
-42
728
495
-697
-1925
-2245
-1349
560
3106
5575
6706
5393
2026
-1121
-1411
1864
6614
9418
8034
3111
-2028
-3531
-124
5157
7062
3210
-2933
-5404
-2402
1751
2082
-1154
-3857
-4211
-4442
-6033
-6451
-3073
1604
2157
-2480
-7065
-6471
-1599
2746
3887
2788
906
-1311
-2643
-931
3698
7347
6248
1415
-2377
-2009
1184
3904
4423
3041
645
-1774
-2844
-1661
865
2352
1156
-2048
-4964
-5667
-3945
-1238
394
-316
-2848
-5188
-5431
-3343
-433
1402
1287
-230
-1730
-1849
-134
2549
4512
4537
2910
1191
845
2068
3807
4745
4225
2538
654
-359
-20
1127
1806
1025
-1007
-2994
-3688
-2941
-1706
-1139
-1732
-3096
-4311
-4469
-3319
-1629
-751
-1425
-2933
-3719
-2950
-1296
-71
128
-310
-789
-1045
-965
-414
393
703
-84
-1543
-2338
-1330
1490
4985
7419
7240
4143
-119
-2394
-526
4537
9184
9943
6132
322
-3401
-2284
2661
6814
5785
79
-4865
-4419
-40
2684
891
-2719
-4445
-4486
-5229
-6314
-4787
-418
2414
25
-5292
-7708
-4724
643
4182
4522
2523
-696
-3441
-3077
1372
6684
7843
3636
-1683
-3088
13
4072
5696
4335
1392
-1483
-2864
-1850
922
3047
2265
-1191
-4673
-5666
-4009
-1574
-307
-854
-2630
-4518
-5419
-4662
-2457
31
1313
650
-1272
-2668
-1913
1062
4402
5681
4043
1136
-320
967
3795
5769
5423
3115
393
-1133
-642
1383
3199
2914
157
-3313
-5020
-3992
-1584
-96
-728
-2819
-4761
-5346
-4394
-2567
-938
-503
-1588
-3391
-4371
-3495
-1263
672
1022
-75
-1414
-1907
-1309
-126
815
815
-232
-1567
-1886
-235
3162
6742
8299
6415
1899
-2145
-2393
1776
7344
9915
7329
1424
-3359
-3398
1129
6003
6369
1430
-4393
-5921
-2762
699
868
-1286
-2928
-3826
-5631
-7588
-6356
-1236
3118
1740
-4157
-8285
-6603
-1192
3352
4852
3748
838
-2729
-4308
-1557
4065
7630
5825
668
-2801
-1835
1987
5245
5790
3564
-49
-2897
-3028
-290
2946
3537
515
-3861
-6218
-5135
-2098
180
97
-1964
-4369
-5522
-4776
-2654
-421
727
378
-908
-1965
-1677
295
3037
4787
4318
2199
455
697
2636
4566
5034
3870
1866
51
-701
-26
1449
2242
1178
-1370
-3675
-4202
-2929
-1196
-487
-1384
-3344
-5108
-5419
-3904
-1550
-150
-782
-2724
-4081
-3653
-1950
-357
328
216
-367
-1203
-1816
-1539
-373
661
549
-456
-962
231
3071
6195
7617
5947
1859
-1631
-1273
3302
8764
10790
7768
2063
-1912
-1104
3591
7623
6602
821
-4564
-4964
-1453
957
-289
-2790
-3604
-3579
-5091
-7169
-6180
-1550
2253
1032
-3766
-6931
-5599
-1457
2393
4308
3766
781
-2883
-3710
129
5779
8034
4946
-133
-2480
-761
2657
4892
4807
2776
-141
-2374
-2430
-311
1971
2072
-366
-3442
-4994
-4443
-2761
-1274
-890
-1909
-3826
-5306
-5026
-2934
-456
768
243
-1188
-2134
-1505
836
3687
5060
3890
1381
111
1423
4025
5468
4681
2667
975
220
182
618
1313
1622
710
-1415
-3502
-4087
-2953
-1363
-833
-1812
-3515
-4741
-4706
-3412
-1657
-648
-1134
-2611
-3604
-3049
-1365
48
292
-347
-1059
-1443
-1546
-1390
-911
-299
46
132
720
2612
5451
7433
6690
3299
-208
-719
2632
7400
9663
7275
1858
-2251
-1527
3343
7532
6441
550
-4763
-4980
-1330
1169
-55
-2758
-3979
-4117
-5153
-6432
-5163
-1174
1650
64
-4174
-6446
-4732
-1040
1942
3330
3062
913
-2097
-3017
146
5276
7724
5387
907
-1554
-547
2246
4532
5052
3449
249
-2685
-3065
-542
2382
2666
-157
-3701
-5366
-4591
-2607
-920
-480
-1572
-3619
-5170
-4874
-2821
-547
465
45
-949
-1609
-1338
213
2732
4826
4874
2810
632
569
2756
5088
5379
3387
729
-780
-546
690
1669
1528
222
-1605
-3098
-3645
-3153
-2105
-1357
-1621
-2867
-4218
-4609
-3672
-2083
-995
-1117
-2183
-3185
-3180
-2022
-467
476
352
-456
-1192
-1413
-1220
-961
-820
-663
-138
1119
3195
5521
6819
5884
2955
229
396
4048
8533
9903
6490
799
-2371
-245
5039
8074
5351
-1002
-5301
-4362
-716
889
-807
-2976
-3460
-3648
-5393
-7087
-5423
-658
2627
980
-3595
-6200
-4662
-948
2117
3391
2765
348
-2552
-3241
-244
4345
6572
4808
1236
-873
-346
1707
3691
4546
3643
1025
-1942
-3106
-1499
1372
2699
981
-2617
-5444
-5660
-3543
-992
6
-1248
-3707
-5371
-4872
-2604
-273
705
254
-747
-1414
-1191
234
2592
4638
4849
3017
839
391
2051
4204
4931
3665
1331
-647
-1265
-404
1080
1782
778
-1510
-3569
-4078
-2995
-1469
-815
-1524
-3026
-4219
-4292
-3279
-1945
-1161
-1282
-1996
-2621
-2587
-1786
-651
141
182
-405
-1175
-1758
-1949
-1592
-666
499
1488
2391
3733
5412
6108
4556
1515
-225
1550
5990
9619
9313
5013
-61
-1838
1059
5541
6505
2112
-3753
-5582
-2596
637
253
-2350
-3517
-2983
-3637
-6096
-6921
-3645
912
1827
-1582
-5137
-5241
-2513
434
2373
3237
2436
-226
-2605
-1655
2630
6411
6174
2670
-351
-519
1281
2994
3713
3501
2265
58
-1946
-2068
-138
1838
1587
-1062
-4062
-5216
-4082
-2022
-841
-1382
-3040
-4372
-4330
-3060
-1538
-513
-56
-11
-332
-698
-298
1376
3539
4541
3545
1532
406
1207
3271
4901
4725
2679
72
-1353
-801
868
1899
1176
-911
-2974
-3808
-3157
-1729
-699
-979
-2515
-4197
-4720
-3723
-2069
-971
-980
-1770
-2646
-2989
-2442
-1135
182
588
-124
-1190
-1675
-1437
-1025
-767
-349
694
2375
4242
5612
5741
4233
1776
220
1265
4721
8227
8955
5929
1125
-1697
-27
4663
7568
5130
-852
-4808
-3628
-66
1065
-1129
-3445
-3780
-3762
-5196
-6377
-4432
-236
1838
-542
-4615
-6048
-3824
-284
2274
3151
2189
-431
-2922
-2507
1365
5497
6095
2999
-358
-993
858
3031
4056
3762
2346
176
-1639
-1718
15
1791
1616
-719
-3496
-4809
-4133
-2420
-1110
-1152
-2490
-4122
-4752
-3786
-1843
-190
339
-131
-898
-1247
-673
974
3147
4595
4252
2381
607
540
2333
4556
5395
4019
1170
-1308
-1783
-161
1900
2347
539
-2276
-4198
-4234
-2776
-1033
-239
-1014
-2923
-4611
-4775
-3336
-1491
-572
-950
-2017
-2903
-2985
-2066
-530
702
790
-230
-1479
-2097
-1938
-1362
-682
42
950
2318
4208
5877
5927
3761
912
204
3050
7692
10469
8930
3981
-653
-1245
2662
7288
7668
2669
-3379
-5130
-2109
1129
795
-1952
-3683
-3736
-4279
-5879
-5959
-2784
1112
1600
-1808
-5383
-5671
-2836
710
3084
3458
1546
-1636
-3273
-1051
3727
6826
5589
1784
-723
-211
1906
3555
3984
3317
1639
-596
-2041
-1505
485
1860
1030
-1593
-4132
-4985
-3960
-2158
-1064
-1541
-3193
-4608
-4529
-2948
-1022
91
174
-255
-636
-588
258
1991
3859
4521
3345
1343
379
1338
3327
4647
4281
2440
152
-1361
-1280
183
1659
1599
-321
-2828
-4219
-3810
-2272
-906
-713
-1864
-3582
-4566
-3981
-2236
-670
-343
-1196
-2336
-2889
-2480
-1279
91
812
443
-671
-1689
-2034
-1733
-1098
-347
458
1402
2734
4460
5729
5177
2549
-199
-232
3274
7864
9769
7232
2082
-1638
-882
3625
7492
6421
710
-4579
-4926
-1336
1232
69
-2627
-3744
-3659
-4617
-6222
-5493
-1686
1664
967
-2778
-5395
-4556
-1549
1372
3163
3324
1365
-1712
-2916
-211
4480
6845
4950
1185
-806
76
2216
3755
3999
2923
763
-1468
-2143
-604
1689
2303
303
-2805
-4662
-4271
-2550
-1118
-917
-1853
-3215
-4153
-4065
-2896
-1209
149
550
-52
-1019
-1265
57
2622
4797
4894
2849
507
-34
1628
3941
4911
3770
1363
-700
-1272
-386
915
1419
605
-1134
-2871
-3729
-3325
-2024
-849
-843
-2177
-3889
-4629
-3789
-1954
-394
-96
-1081
-2410
-2902
-2077
-525
673
871
220
-750
-1600
-2043
-1860
-1082
-108
711
1627
3193
5143
6002
4484
1416
-378
1347
5762
9407
9149
4833
-550
-3030
-714
4317
7231
4761
-1163
-5048
-3795
-97
1176
-1043
-3571
-4090
-4029
-5230
-6199
-4221
-161
1785
-499
-4263
-5518
-3561
-539
1853
3195
2874
396
-2559
-2682
1088
5572
6617
3723
208
-780
863
3175
4480
4170
2320
-280
-2017
-1554
582
2127
1268
-1516
-4059
-4737
-3710
-2213
-1265
-1252
-2138
-3467
-4292
-3762
-2026
-239
533
216
-479
-801
-265
1280
3321
4590
4012
1996
351
606
2537
4463
4796
3194
645
-1253
-1350
132
1659
1683
17
-2153
-3491
-3527
-2628
-1527
-1027
-1642
-3077
-4202
-3993
-2573
-1081
-531
-966
-1728
-2169
-2016
-1306
-342
370
418
-159
-912
-1394
-1463
-1190
-660
124
1225
2730
4486
5771
5525
3395
655
-350
1791
5925
8846
7853
3277
-1315
-1929
2045
6691
6994
2069
-3629
-5058
-2108
823
482
-1831
-3214
-3518
-4631
-6370
-5953
-2329
1312
1133
-2474
-5496
-5167
-2359
652
2675
3217
1690
-1303
-3030
-1035
3537
6584
5518
1986
-403
-4
1987
3673
4155
3308
1328
-896
-1832
-702
1315
1992
319
-2497
-4369
-4290
-2877
-1440
-949
-1670
-3128
-4298
-4209
-2771
-922
221
286
-321
-935
-950
93
2086
3983
4420
3066
1176
481
1607
3616
4910
4427
2294
-230
-1563
-983
718
1877
1362
-591
-2756
-3886
-3481
-2051
-812
-852
-2239
-3919
-4610
-3839
-2198
-763
-339
-1008
-2115
-2705
-2222
-948
262
703
282
-619
-1501
-1950
-1731
-905
161
1127
2078
3371
4919
5772
4848
2337
166
580
3915
7809
8926
5877
797
-2105
-224
4653
7519
4971
-1019
-4974
-3889
-374
926
-1028
-3281
-3692
-3658
-5026
-6414
-4963
-1003
1556
60
-3601
-5556
-4321
-1367
1422
3040
2733
313
-2430
-2470
1069
5253
6324
3832
729
-259
896
2622
3785
3962
2809
450
-1750
-2036
-229
1733
1713
-486
-3125
-4393
-3895
-2541
-1494
-1398
-2210
-3348
-4003
-3614
-2249
-577
563
653
-172
-1094
-1015
586
2987
4579
4215
2304
528
381
1928
3850
4558
3409
1138
-728
-1044
78
1413
1667
460
-1536
-3208
-3728
-2971
-1586
-677
-1065
-2590
-4143
-4550
-3525
-1814
-521
-315
-1101
-2168
-2634
-2016
-627
609
878
117
-1029
-1831
-1937
-1386
-372
879
2201
3548
4827
5517
4813
2644
519
698
3883
7878
9119
6011
807
-2086
-114
4754
7521
4910
-1138
-5243
-4239
-435
1424
-265
-2875
-3841
-3914
-4958
-6197
-5065
-1484
1115
-31
-3475
-5492
-4437
-1683
920
2589
2799
1056
-1582
-2351
325
4416
6185
4364
1289
-97
798
2554
3807
4033
3031
936
-1188
-1779
-384
1537
1896
25
-2752
-4475
-4243
-2738
-1391
-1210
-2151
-3381
-4008
-3662
-2541
-1133
31
487
80
-736
-974
125
2256
4100
4394
3084
1397
776
1699
3376
4423
3899
1966
-207
-1275
-715
747
1716
1216
-594
-2620
-3678
-3284
-1934
-773
-807
-2129
-3779
-4499
-3798
-2323
-1174
-933
-1383
-1968
-2276
-2077
-1295
-162
685
641
-268
-1356
-1889
-1646
-862
139
1204
2387
3782
5138
5600
4358
1915
408
1862
5865
9343
9146
5019
105
-1575
1348
6017
7570
3779
-2328
-5340
-3296
323
1055
-1283
-3386
-3603
-3766
-5361
-6433
-4383
-424
1347
-816
-4198
-5277
-3558
-818
1591
3073
2738
290
-2242
-1813
1908
5585
5918
3256
629
93
1262
2804
3867
3871
2382
-22
-1560
-936
1037
2133
1062
-1381
-3428
-4048
-3441
-2407
-1688
-1717
-2496
-3496
-3919
-3302
-1908
-498
276
267
-215
-616
-346
895
2691
3931
3667
2153
805
907
2370
3886
4166
2950
1007
-516
-830
8
1074
1235
87
-1717
-3093
-3401
-2743
-1733
-1143
-1538
-2812
-4070
-4275
-3231
-1764
-893
-943
-1523
-2078
-2215
-1748
-793
140
449
10
-732
-1268
-1445
-1314
-841
61
1356
2928
4565
5686
5395
3405
1008
496
3045
7194
9727
8352
3783
-553
-1123
2537
6856
7131
2299
-3520
-5213
-2269
983
831
-1792
-3673
-4053
-4732
-6111
-5875
-2718
778
936
-2295
-5310
-5241
-2594
506
2708
3358
1884
-1059
-2781
-900
3462
6345
5311
2002
-159
232
1929
3289
3743
3243
1711
-327
-1499
-862
781
1543
409
-1841
-3627
-4028
-3226
-2048
-1380
-1736
-2892
-3939
-3975
-2871
-1295
-65
395
85
-648
-1079
-384
1550
3668
4483
3503
1768
856
1466
2975
4152
4076
2660
666
-716
-700
388
1334
1086
-356
-2116
-3242
-3280
-2387
-1239
-773
-1534
-3056
-4119
-3878
-2646
-1451
-981
-1162
-1598
-1993
-2094
-1619
-592
421
721
137
-864
-1645
-1838
-1411
-570
409
1454
2822
4577
5914
5496
3012
175
-414
2292
6564
9153
7854
3344
-1014
-1626
1954
5893
5460
240
-4936
-5308
-1652
1095
185
-2206
-3092
-3029
-4305
-6334
-5888
-2105
1432
980
-2687
-5554
-5181
-2478
612
2946
3606
1761
-1590
-3246
-942
3581
6164
4838
1643
-234
191
1730
3101
3747
3249
1406
-895
-1930
-908
954
1635
341
-1979
-3807
-4273
-3427
-2002
-1074
-1436
-2871
-4183
-4250
-3006
-1320
-87
328
-7
-715
-1042
-204
1788
3755
4233
2904
1014
260
1275
3177
4409
4005
2207
168
-938
-689
393
1270
1077
-325
-2217
-3456
-3299
-2045
-860
-807
-1971
-3457
-4193
-3731
-2440
-1125
-520
-869
-1803
-2552
-2457
-1435
-62
818
675
-329
-1471
-2001
-1675
-832
0
625
1377
2728
4550
5778
5152
2670
197
157
3232
7361
9220
6987
2092
-1622
-993
3369
7088
6013
704
-3903
-3955
-944
671
-745
-2669
-2933
-2956
-4805
-6988
-6011
-1736
1619
670
-3038
-5420
-4676
-2101
635
2715
3189
1240
-1827
-2754
116
4446
6332
4614
1622
66
502
1889
3220
3860
3210
1212
-975
-1705
-563
1079
1441
39
-2117
-3679
-4008
-3302
-2217
-1523
-1735
-2738
-3744
-3871
-2893
-1359
-63
473
146
-656
-1055
-154
1973
3924
4121
2473
600
251
1663
3568
4475
3762
1883
-42
-897
-335
896
1527
855
-770
-2397
-3236
-3028
-2077
-1141
-1051
-2058
-3495
-4263
-3785
-2451
-1211
-784
-1210
-1965
-2387
-2090
-1144
-12
701
592
-256
-1261
-1745
-1459
-741
-137
160
520
1586
3549
5568
6059
4127
957
-640
1331
5878
9533
9207
4887
-142
-1822
1101
5473
6351
2125
-3378
-5012
-2255
547
33
-2229
-2985
-2455
-3518
-6359
-7268
-3899
787
1945
-1145
-4707
-5412
-3399
-474
2200
3695
2780
-335
-2794
-1674
2357
5538
5297
2740
592
85
733
1943
3372
4060
2826
12
-2164
-1828
387
2006
1369
-948
-3176
-4126
-3726
-2550
-1403
-1124
-2065
-3578
-4379
-3703
-1956
-198
733
581
-368
-1255
-951
951
3356
4407
3335
1339
375
1246
3028
4169
3820
2255
467
-539
-368
515
1162
887
-283
-1786
-2934
-3210
-2502
-1339
-743
-1436
-3046
-4285
-4094
-2602
-951
-271
-818
-1951
-2715
-2506
-1404
-84
674
488
-408
-1400
-1925
-1781
-1178
-549
-185
126
1039
2949
5182
6129
4663
1600
-506
559
4543
8618
9507
6160
934
-1964
-98
4469
6635
3462
-2347
-5308
-3481
-383
2
-1817
-2653
-2039
-2775
-5843
-7826
-5375
-338
2144
-30
-3862
-5546
-4416
-1946
835
3190
3553
1021
-2348
-2877
449
4574
5910
4170
1738
445
344
1092
2668
4278
4123
1415
-1933
-2912
-787
1960
2346
-52
-3111
-4648
-4226
-2795
-1465
-969
-1617
-3076
-4306
-4271
-2896
-1081
186
497
-46
-945
-1243
-11
2506
4554
4386
2224
222
304
2298
4328
4715
3274
1096
-472
-710
146
1169
1399
483
-1166
-2720
-3422
-2984
-1812
-872
-1070
-2461
-4065
-4613
-3603
-1743
-363
-334
-1417
-2536
-2694
-1719
-281
721
779
17
-1013
-1711
-1752
-1225
-546
-181
-261
-283
668
2994
5662
6601
4604
930
-1358
-37
4252
8417
9268
5902
649
-2325
-468
4265
6682
3657
-2191
-5348
-3794
-836
-216
-1498
-2013
-1702
-3062
-6343
-7878
-4850
286
2396
-142
-4007
-5408
-3836
-991
1774
3565
3165
302
-2721
-2668
904
4835
5867
3931
1371
-6
48
1250
3196
4596
3699
438
-2665
-2870
-297
2167
2033
-464
-3206
-4495
-4081
-2641
-1160
-638
-1572
-3343
-4542
-4184
-2501
-522
790
930
-39
-1256
-1325
490
3175
4636
3782
1703
518
1252
3055
4306
4086
2659
964
-97
-132
588
1290
1181
17
-1687
-3005
-3291
-2612
-1640
-1148
-1553
-2681
-3785
-3966
-2913
-1372
-589
-1088
-2143
-2627
-2173
-1276
-480
67
269
-97
-929
-1560
-1383
-612
-86
-328
-998
-1170
4
2673
5782
7310
5761
1929
-1156
-641
3540
8425
10321
7631
2191
-1822
-1144
3329
6744
4926
-972
-5514
-5076
-1647
349
-375
-1524
-1705
-2529
-5205
-7379
-5734
-943
2424
1245
-2705
-5354
-4777
-1995
1214
3513
3679
1215
-2172
-3247
-513
3862
6210
5047
1973
-485
-942
597
3124
4836
4018
771
-2464
-3013
-718
1890
2242
101
-2720
-4363
-4245
-2910
-1360
-605
-1222
-2849
-4280
-4381
-3004
-977
613
1052
272
-1013
-1515
-291
2183
4131
4089
2406
880
904
2243
3590
3929
3179
1848
556
-154
-18
627
934
277
-1111
-2362
-2833
-2556
-1957
-1447
-1378
-2001
-3096
-3810
-3345
-1933
-777
-812
-1733
-2453
-2305
-1513
-631
22
300
38
-709
-1418
-1465
-817
-168
-243
-1044
-1789
-1454
550
3821
6781
7399
4844
761
-1550
197
5114
9660
10379
6584
1003
-2065
-153
4861
7887
5397
-746
-5097
-4547
-1332
434
-251
-1378
-2021
-3606
-6502
-7884
-5092
46
2633
390
-3935
-6143
-4806
-1328
2337
4517
3763
168
-3347
-3137
1095
5557
6433
3766
577
-761
-134
1541
3390
4272
3020
-52
-2631
-2494
11
2247
2017
-476
-3279
-4617
-4029
-2278
-717
-472
-1687
-3400
-4339
-3934
-2527
-842
430
707
-171
-1421
-1581
117
2694
4210
3754
2274
1333
1486
2210
2928
3412
3338
2291
567
-640
-427
651
1135
298
-1227
-2411
-2834
-2622
-1971
-1234
-1105
-2046
-3506
-4195
-3408
-1808
-717
-807
-1660
-2410
-2499
-1869
-817
128
404
-181
-1156
-1684
-1322
-476
-12
-407
-1332
-1961
-1544
252
3139
5974
7059
5364
1840
-802
-168
3713
8213
10003
7504
2303
-1634
-1013
3398
6779
4891
-1102
-5624
-4987
-1343
682
-155
-1344
-1470
-2393
-5423
-7865
-6018
-718
2858
1315
-3131
-5801
-4752
-1543
1652
3640
3552
1035
-2252
-3126
-210
4049
5861
4175
1279
-267
4
1177
2541
3564
3296
1182
-1588
-2711
-1251
1127
1883
223
-2399
-4044
-3958
-2685
-1267
-647
-1289
-2817
-4095
-4092
-2752
-937
376
690
66
-921
-1295
-306
1766
3623
4074
3080
1650
907
1376
2816
4281
4532
2991
528
-1051
-663
960
2026
1427
-415
-2248
-3136
-2913
-1970
-1002
-788
-1723
-3295
-4274
-3795
-2244
-905
-715
-1505
-2408
-2700
-2190
-1117
-8
489
43
-953
-1621
-1418
-629
-11
-80
-774
-1645
-2079
-1413
739
3911
6571
6945
4497
741
-1622
-692
3162
7469
9231
6931
1931
-1955
-1374
3043
6494
4662
-1325
-5846
-5164
-1444
659
-127
-1364
-1677
-2760
-5557
-7255
-4648
666
3368
845
-3829
-6006
-4505
-1356
1575
3540
3575
975
-2548
-3397
-76
4555
6318
4245
976
-738
-425
1005
2753
3980
3483
889
-2141
-3107
-1349
1169
1960
402
-2143
-3947
-4190
-3089
-1554
-752
-1378
-2989
-4270
-4190
-2800
-943
507
982
317
-940
-1501
-326
2139
4108
4170
2641
1076
714
1663
3174
4198
3840
2024
-76
-829
188
1611
1724
284
-1486
-2459
-2580
-2317
-1875
-1373
-1298
-2085
-3301
-3828
-3087
-1732
-924
-1123
-1837
-2326
-2242
-1633
-752
2
197
-295
-1078
-1495
-1186
-383
298
303
-488
-1623
-2238
-1513
778
3925
6433
6780
4508
910
-1525
-812
2907
7223
9027
6749
1798
-2024
-1386
3267
7373
6369
588
-4817
-5446
-2213
575
654
-609
-1705
-3357
-6081
-7523
-4925
325
3251
1064
-3544
-5915
-4566
-1463
1366
3264
3564
1448
-1976
-3408
-810
3741
6094
4584
1306
-826
-859
515
2434
3982
3854
1413
-1907
-3443
-1997
824
2293
1174
-1556
-4002
-4797
-3691
-1580
-89
-476
-2432
-4232
-4344
-2809
-863
417
744
269
-643
-1212
-527
1460
3524
4221
3293
1785
927
1213
2378
3679
4158
3210
1307
-162
-203
730
1296
749
-500
-1666
-2403
-2674
-2395
-1682
-1190
-1621
-2796
-3677
-3464
-2436
-1537
-1341
-1702
-2179
-2417
-2179
-1418
-495
-41
-338
-962
-1222
-879
-268
144
112
-396
-1204
-1828
-1588
-74
2449
5015
6335
5449
2547
-648
-1750
457
4756
8136
7963
4073
-740
-2524
456
5506
7423
3681
-2556
-5653
-3648
79
1444
170
-1443
-2578
-4310
-6355
-6177
-2577
1613
2349
-840
-4532
-5539
-3719
-683
2259
3998
3171
-254
-3514
-3129
1114
5457
6152
3246
-169
-1542
-698
1245
3174
3975
2663
-432
-3129
-3179
-665
1934
2206
-52
-3065
-4824
-4452
-2497
-507
-35
-1425
-3455
-4441
-3736
-1992
-212
957
1134
199
-1185
-1600
-139
2428
4223
4104
2616
1182
796
1576
2998
4141
4073
2588
609
-525
-312
557
1059
726
-295
-1611
-2688
-2916
-2142
-1109
-918
-1868
-3085
-3505
-2950
-2083
-1525
-1408
-1621
-2035
-2332
-2047
-1087
-44
328
-80
-658
-819
-525
-86
272
413
121
-711
-1691
-2035
-1195
708
3042
5012
5758
4619
1867
-804
-1152
1689
6058
8754
7510
2987
-1384
-1929
1928
6510
6935
2109
-3741
-5462
-2525
941
1454
-254
-1667
-2493
-4135
-6064
-5557
-1791
1971
1965
-1467
-4548
-4664
-2483
175
2388
3437
2194
-1101
-3578
-2304
1983
5286
4803
1709
-880
-1348
-164
1709
3422
3770
1855
-1336
-3195
-2161
489
2067
1251
-1085
-3243
-4076
-3308
-1530
-109
-312
-1996
-3570
-3625
-2327
-854
78
554
631
75
-865
-1113
197
2541
4285
4210
2576
786
240
1375
3384
4744
4285
2160
-200
-1234
-533
914
1657
956
-785
-2494
-3283
-2963
-2024
-1251
-1215
-1947
-2928
-3469
-3223
-2400
-1531
-1066
-1161
-1688
-2258
-2323
-1545
-222
789
791
-81
-973
-1105
-396
564
996
443
-909
-2205
-2409
-1067
1328
3755
5316
5448
3932
1264
-971
-804
2334
6536
8549
6430
1377
-2891
-2962
1229
5811
6137
1409
-4122
-5428
-2090
1614
1967
-378
-2514
-3519
-4546
-5541
-4536
-1046
1983
1362
-2249
-5126
-4835
-2154
943
3205
3657
1476
-2233
-3995
-1369
3618
6212
4284
422
-1598
-856
974
2400
3031
2526
576
-1815
-2589
-1004
1178
1647
120
-1818
-2873
-3018
-2592
-1653
-585
-405
-1643
-3363
-3970
-2889
-960
626
1230
753
-475
-1513
-1140
953
3490
4598
3591
1562
265
620
2217
3851
4380
3366
1342
-504
-1105
-290
1077
1735
941
-972
-2855
-3613
-3003
-1743
-889
-1070
-2128
-3306
-3782
-3216
-2018
-1047
-905
-1454
-2026
-2077
-1565
-771
3
475
375
-289
-980
-978
-147
766
845
-71
-1283
-1977
-1866
-1079
254
2054
3958
5159
4833
2896
409
-838
457
3933
7432
8294
5445
718
-2079
-359
4359
7231
4816
-952
-4564
-3087
613
1750
-486
-2754
-2827
-2401
-3628
-5128
-3901
-249
1952
291
-3114
-4580
-3183
-704
1304
2427
2150
65
-2417
-2559
405
3758
4291
2019
-291
-690
285
1300
1974
2327
1833
162
-1633
-1896
-419
1149
1179
-266
-1888
-2691
-2548
-1774
-847
-507
-1313
-2812
-3647
-2914
-1175
192
466
-13
-632
-1048
-924
166
2043
3535
3469
2047
761
807
1972
3156
3583
3163
2108
770
-212
-212
662
1422
1083
-369
-2024
-2930
-2818
-2079
-1378
-1257
-1856
-2780
-3337
-3101
-2275
-1458
-1098
-1220
-1573
-1878
-1891
-1461
-682
45
282
-43
-557
-754
-396
318
872
768
-81
-1176
-1764
-1476
-634
213
998
2202
3961
5328
4851
2248
-649
-1151
1740
6025
8163
6117
1321
-2261
-1466
2980
6685
5633
437
-4087
-4135
-992
1054
160
-1508
-1769
-1704
-3355
-5656
-5276
-1486
2151
1976
-1447
-4471
-4704
-2633
194
2595
3352
1507
-1885
-3663
-1693
2408
4900
4027
1414
-438
-674
187
1609
3019
3238
1400
-1475
-2968
-1825
583
1831
985
-915
-2417
-2923
-2573
-1738
-990
-964
-1747
-2611
-2761
-2114
-1106
-43
850
1017
78
-1170
-1102
846
3183
3914
2782
1298
802
1303
2209
3189
3840
3363
1502
-537
-1064
136
1496
1505
205
-1351
-2450
-2953
-2732
-1778
-791
-867
-2212
-3674
-3945
-2971
-1792
-1248
-1278
-1432
-1539
-1622
-1518
-967
-87
568
534
-53
-579
-547
-10
574
789
512
-133
-908
-1478
-1525
-948
117
1539
3250
4822
5251
3734
905
-1129
-457
2833
6562
8061
6051
1688
-1797
-1332
2911
6774
5843
442
-4313
-4264
-877
1221
255
-1372
-1635
-1906
-3926
-5948
-4632
-230
2889
1533
-2523
-5101
-4371
-1650
1206
3159
3257
896
-2477
-3683
-1145
2918
4792
3321
617
-847
-540
723
2212
3283
2985
925
-1613
-2510
-1081
1076
1818
584
-1453
-2874
-3086
-2259
-974
-81
-302
-1559
-2851
-3129
-2204
-705
567
1004
325
-1037
-1795
-769
1663
3577
3403
1602
76
123
1417
2815
3500
3221
2057
506
-514
-336
716
1538
1278
-3
-1612
-2816
-3111
-2368
-1106
-385
-975
-2514
-3746
-3719
-2596
-1274
-506
-528
-1215
-2172
-2714
-2232
-839
533
922
220
-814
-1306
-915
73
1030
1335
733
-459
-1541
-1932
-1535
-681
215
1030
2009
3354
4593
4599
2799
400
-167
2380
6429
8552
6545
1562
-2626
-2660
1417
5764
5986
1539
-3394
-4304
-1331
1344
915
-1042
-1761
-1534
-2614
-4808
-5033
-1855
1796
2080
-1007
-4016
-4376
-2499
22
2176
3055
1649
-1502
-3643
-2401
1261
3949
3622
1375
-506
-966
-247
1184
2693
3090
1508
-1178
-2732
-1799
603
2187
1659
-384
-2391
-3197
-2560
-1057
236
331
-919
-2589
-3406
-2794
-1237
238
772
120
-1155
-1851
-978
1171
3020
3194
1930
701
552
1281
2188
2942
3341
2891
1394
-242
-637
437
1645
1607
324
-1202
-2231
-2604
-2255
-1252
-355
-626
-2128
-3537
-3551
-2309
-1025
-520
-691
-1192
-1865
-2361
-2059
-833
497
936
371
-488
-984
-915
-295
699
1451
1205
-31
-1245
-1448
-757
-116
-139
-503
-374
857
3047
5082
5360
3204
27
-1391
659
5037
8489
8238
4251
-491
-2122
693
4986
5992
2192
-2764
-4231
-1993
111
-301
-1372
-765
126
-1706
-5528
-6784
-3095
2120
3671
680
-3233
-4765
-3717
-1334
1505
3570
2954
-650
-4255
-4170
-284
3674
4361
2099
-434
-1439
-940
466
2225
3313
2553
147
-1904
-1741
290
2085
2064
472
-1411
-2568
-2614
-1630
-273
339
-452
-2034
-3020
-2678
-1500
-399
182
207
-309
-1072
-1262
-225
1562
2746
2498
1363
522
618
1461
2485
3076
2735
1495
189
-194
445
1217
1275
598
-353
-1279
-1988
-2110
-1427
-509
-407
-1498
-2943
-3535
-2885
-1613
-598
-349
-882
-1815
-2451
-2168
-997
263
715
171
-755
-1284
-1060
-238
726
1265
963
-63
-1070
-1268
-646
-15
-136
-856
-1250
-505
1424
3787
5377
5077
2717
-271
-1440
703
4998
8107
7201
2652
-1851
-2332
1643
6115
6386
1886
-3160
-4415
-2081
179
265
-327
92
186
-2186
-5676
-6143
-2129
2559
3152
-547
-4531
-5503
-3565
-518
2218
3401
1840
-1893
-4653
-3528
672
4071
4001
1485
-725
-1204
-327
1137
2583
3135
2048
-112
-1535
-959
960
2374
2075
383
-1464
-2380
-2070
-1070
-307
-385
-1147
-1929
-2251
-2110
-1678
-1014
-241
221
-40
-800
-1171
-435
1122
2390
2505
1623
690
569
1387
2536
3163
2774
1629
545
217
633
1180
1242
630
-422
-1449
-1930
-1605
-824
-403
-881
-1937
-2701
-2607
-1836
-1020
-688
-991
-1668
-2186
-2093
-1415
-644
-259
-317
-573
-815
-932
-763
-187
568
939
543
-361
-1047
-1013
-450
-21
-210
-868
-1298
-740
1074
3553
5317
5010
2538
-358
-1171
1239
5394
8144
7126
2724
-1946
-3232
-51
4655
6216
2870
-2158
-4101
-1972
816
1193
-48
-572
-583
-2161
-4996
-5704
-2462
1759
2514
-701
-4272
-5111
-3417
-912
1351
2561
1534
-1611
-4168
-3239
635
3786
3609
1177
-755
-963
-68
1207
2580
3327
2418
86
-1758
-1430
585
2206
2000
305
-1573
-2619
-2497
-1419
-120
390
-389
-1887
-2922
-2797
-1768
-579
167
171
-545
-1435
-1549
-345
1550
2762
2487
1262
345
521
1585
2728
3175
2616
1391
313
89
708
1453
1540
752
-505
-1569
-1947
-1576
-877
-490
-788
-1589
-2351
-2624
-2311
-1635
-995
-814
-1254
-1981
-2342
-1952
-1094
-435
-363
-713
-1068
-1156
-895
-311
392
776
493
-276
-869
-785
-210
189
-53
-773
-1375
-1253
-70
2051
4313
5362
4167
1227
-1275
-1016
2358
6617
8533
6376
1385
-2834
-2914
1248
5796
6171
1785
-3179
-4337
-1828
657
871
55
-223
-902
-3322
-5838
-5172
-1113
2440
2026
-1452
-4392
-4731
-3054
-597
1767
2763
1126
-2284
-4283
-2622
1246
3746
3163
939
-683
-927
-168
1250
2877
3551
2270
-274
-1927
-1268
854
2301
1792
-191
-2223
-3117
-2479
-843
499
310
-1432
-3310
-3767
-2604
-970
-21
33
-406
-988
-1401
-1144
50
1606
2403
1911
800
222
710
1873
2931
3276
2687
1423
231
-81
639
1617
1818
910
-490
-1496
-1711
-1318
-719
-324
-535
-1494
-2688
-3139
-2357
-1044
-467
-1087
-2081
-2393
-1902
-1286
-984
-809
-543
-420
-678
-1018
-870
-135
676
1014
738
69
-586
-722
-112
723
736
-512
-2060
-2334
-740
1803
3892
4742
4215
2445
97
-1282
-112
3454
6928
7270
3669
-1315
-3649
-1361
3379
5959
3721
-1249
-4281
-3119
-6
1540
836
-264
-891
-2201
-4526
-5582
-3271
781
2535
314
-3384
-5165
-4244
-1989
369
2099
2091
-282
-3373
-4092
-1350
2407
3901
2484
137
-1179
-1024
229
2070
3488
3176
1001
-1257
-1543
207
2040
2181
670
-1184
-2296
-2352
-1532
-369
231
-411
-1890
-2944
-2790
-1898
-1153
-712
-225
162
-148
-1006
-1217
21
1867
2661
1856
553
127
891
2168
3125
3234
2384
1056
210
472
1397
1856
1256
96
-752
-986
-908
-822
-781
-873
-1286
-1942
-2347
-2117
-1519
-1220
-1483
-1924
-2088
-1985
-1850
-1659
-1215
-653
-464
-835
-1278
-1135
-355
485
832
633
183
-171
-175
207
639
574
-165
-1114
-1621
-1480
-867
215
1934
3874
4730
3392
426
-1916
-1499
1772
5727
7478
5542
1142
-2279
-1651
2642
6409
5505
405
-4001
-3789
-271
2134
1439
-339
-1041
-1480
-3297
-5352
-4673
-882
2479
1942
-1879
-5297
-5617
-3087
394
2891
2927
163
-3526
-4823
-2110
2414
4768
3301
55
-1905
-1489
311
2191
3395
3359
1811
-432
-1639
-789
1229
2489
1920
66
-1772
-2634
-2251
-999
208
366
-807
-2498
-3481
-3132
-1767
-223
656
359
-912
-2124
-2087
-589
1306
2279
1971
1046
372
401
1193
2463
3493
3466
2279
852
289
776
1536
1751
1239
267
-833
-1675
-1804
-1140
-338
-297
-1204
-2302
-2744
-2445
-1954
-1676
-1589
-1613
-1837
-2240
-2419
-1957
-1001
-237
-180
-639
-979
-784
-167
510
972
1096
838
326
-86
-48
397
777
619
-152
-1205
-2052
-2228
-1439
224
2181
3613
3869
2762
725
-1102
-1212
1148
4807
6950
5386
953
-2600
-1897
2512
6218
5252
355
-3723
-3443
-196
1917
1176
-446
-964
-1268
-3001
-5074
-4610
-1265
1585
906
-2300
-4601
-4318
-2540
-715
783
1499
415
-2244
-4013
-2616
1023
3556
3011
676
-960
-925
128
1443
2618
3008
1979
40
-1136
-440
1340
2360
1679
-41
-1506
-1979
-1501
-568
112
-108
-1304
-2725
-3340
-2718
-1304
28
547
-29
-1310
-2255
-1823
-10
1899
2441
1407
-42
-581
167
1631
2972
3535
3012
1654
322
-37
779
1996
2535
1922
510
-907
-1616
-1328
-363
439
253
-1007
-2527
-3265
-2840
-1762
-903
-840
-1576
-2621
-3235
-2860
-1590
-239
283
-243
-1183
-1634
-1144
69
1318
1839
1284
97
-685
-330
832
1691
1472
420
-631
-1125
-1126
-968
-913
-1047
-1256
-1143
-194
1646
3514
4030
2509
-90
-1612
-422
3010
6180
6408
3181
-1019
-2521
144
4434
6014
3227
-1064
-2775
-1168
882
1011
23
-274
-308
-1897
-4703
-5769
-3345
363
1616
-546
-3690
-5157
-4402
-2280
238
1970
1517
-1190
-3841
-3656
-514
2781
3581
1985
13
-873
-582
552
2245
3671
3543
1553
-735
-1276
239
2086
2443
1127
-677
-1799
-1856
-1110
-203
61
-713
-1997
-2740
-2461
-1646
-1005
-688
-550
-706
-1286
-1775
-1302
206
1612
1723
632
-419
-389
649
1885
2601
2537
1816
898
429
774
1592
2097
1826
988
61
-668
-1042
-851
-140
417
-49
-1555
-2990
-3186
-2156
-1004
-713
-1277
-2036
-2452
-2397
-1918
-1128
-322
26
-332
-1075
-1468
-965
275
1466
1821
1200
209
-325
-40
739
1347
1336
749
-41
-667
-994
-1093
-1101
-1121
-1251
-1485
-1498
-671
1283
3528
4344
2689
-364
-2136
-695
3225
6640
6735
3220
-1171
-2677
176
4747
6412
3288
-1545
-3425
-1381
1253
1471
55
-608
-520
-1688
-4222
-5326
-3098
427
1564
-623
-3685
-5050
-4285
-2262
136
1779
1288
-1350
-3820
-3514
-481
2567
3290
1897
189
-583
-297
799
2358
3542
3320
1625
-199
-594
629
2171
2581
1518
-227
-1560
-1836
-1149
-216
120
-461
-1508
-2299
-2500
-2214
-1606
-823
-281
-472
-1296
-1862
-1382
-111
933
1079
542
-28
-158
305
1211
2049
2229
1697
1110
1108
1562
1834
1641
1284
1044
793
361
-51
-147
-49
-180
-692
-1289
-1650
-1766
-1769
-1676
-1502
-1445
-1714
-2171
-2366
-2015
-1316
-722
-521
-672
-925
-970
-571
213
930
1074
636
174
218
677
1024
955
654
410
224
-34
-297
-370
-314
-483
-1104
-1957
-2558
-2566
-1895
-589
1130
2605
2902
1612
-413
-1391
-17
3284
6428
7092
4521
429
-1931
-366
3938
6984
5689
1160
-2384
-2172
397
2016
1492
277
-496
-1620
-3753
-5301
-4096
-739
1429
136
-3222
-5453
-5049
-2968
-752
726
884
-617
-2839
-3615
-1712
1442
3132
2351
619
-169
296
1221
2159
3053
3396
2521
836
-150
493
1953
2649
1962
520
-831
-1655
-1703
-936
38
148
-1030
-2652
-3465
-3060
-1976
-904
-258
-334
-1192
-2194
-2254
-961
785
1630
1145
104
-459
-137
838
1968
2705
2618
1754
785
534
1189
2122
2519
2098
1205
361
-128
-203
8
189
-65
-883
-1859
-2358
-2150
-1627
-1322
-1369
-1555
-1741
-1944
-2048
-1770
-1060
-351
-140
-416
-675
-487
106
727
1021
857
397
51
198
789
1297
1218
621
63
-47
152
225
-48
-516
-951
-1316
-1700
-2098
-2360
-2299
-1802
-830
523
1871
2585
2213
1001
-64
128
1968
4635
6379
5664
2689
-156
-109
3022
6085
5626
1788
-1724
-1912
206
1399
473
-789
-877
-873
-2419
-4632
-4868
-2448
80
21
-2298
-4317
-4383
-2954
-1185
264
860
19
-1852
-2936
-1722
1056
3059
2924
1490
393
280
821
1715
2764
3309
2588
911
-244
207
1628
2369
1591
-59
-1375
-1742
-1328
-668
-355
-796
-1866
-2863
-3102
-2561
-1780
-1231
-1007
-1065
-1400
-1791
-1708
-802
542
1408
1234
341
-383
-262
730
2015
2791
2550
1518
568
516
1358
2299
2553
2011
1133
401
22
27
307
539
306
-491
-1432
-1957
-1884
-1502
-1202
-1154
-1326
-1619
-1879
-1898
-1560
-1001
-554
-479
-732
-992
-910
-390
293
693
585
195
-11
217
683
981
921
665
454
301
29
-393
-703
-649
-370
-320
-771
-1473
-1928
-1924
-1680
-1541
-1551
-1364
-506
1123
2890
3658
2744
787
-472
430
3304
6206
6826
4440
871
-718
1272
4918
6312
3636
-716
-2787
-1501
575
870
-208
-781
-729
-1663
-3855
-5096
-3542
-531
781
-821
-3455
-4646
-3816
-1962
-104
1106
974
-694
-2625
-2776
-557
2237
3286
2180
509
-159
344
1341
2315
2924
2679
1427
0
-346
621
1742
1786
759
-414
-1082
-1283
-1209
-906
-618
-823
-1608
-2339
-2349
-1758
-1258
-1205
-1337
-1360
-1358
-1398
-1147
-296
769
1174
575
-316
-435
516
1806
2467
2180
1392
777
721
1213
1951
2477
2370
1580
568
0
152
673
957
666
-114
-1060
-1805
-2029
-1662
-1075
-884
-1380
-2203
-2695
-2515
-1860
-1150
-722
-712
-1051
-1424
-1418
-864
-32
582
692
398
31
-104
124
628
1111
1236
868
214
-316
-410
-99
278
343
-19
-576
-965
-1008
-826
-699
-833
-1238
-1713
-1901
-1419
-126
1620
3001
3213
2110
497
-283
722
3259
5788
6388
4258
726
-1381
-104
3526
6067
4948
1145
-1905
-2036
-327
817
602
-24
-558
-1721
-3711
-4963
-3850
-1118
565
-411
-2939
-4698
-4538
-2930
-905
613
792
-627
-2560
-3087
-1351
1355
2872
2373
901
-60
45
893
1988
2857
2948
2014
638
-92
337
1339
1919
1622
678
-461
-1365
-1630
-1148
-470
-447
-1306
-2323
-2648
-2229
-1631
-1221
-954
-854
-1125
-1636
-1731
-959
256
1038
1026
603
273
236
564
1310
2180
2514
1973
1104
802
1251
1801
1881
1617
1364
1066
489
-148
-303
89
375
-48
-992
-1767
-1987
-1821
-1596
-1457
-1486
-1752
-2134
-2270
-1916
-1254
-712
-544
-676
-880
-907
-540
219
972
1177
725
152
113
674
1290
1430
1082
613
297
145
103
192
383
443
118
-534
-1107
-1235
-966
-670
-660
-981
-1529
-2117
-2420
-2073
-1030
261
1246
1768
2016
2037
1646
968
791
1937
4140
5781
5182
2437
-179
-118
2747
5598
5362
1997
-1422
-2089
-409
985
573
-706
-1441
-1808
-2803
-4147
-4312
-2720
-861
-631
-2133
-3778
-4168
-3210
-1557
109
1035
525
-1171
-2461
-1766
657
2784
2991
1680
496
427
1160
2013
2679
2956
2457
1190
54
78
1174
2088
1762
387
-1006
-1676
-1609
-1153
-678
-554
-1040
-1978
-2788
-2927
-2333
-1418
-728
-657
-1230
-1969
-2084
-1141
400
1453
1300
283
-544
-414
564
1685
2309
2226
1611
855
417
587
1240
1860
1925
1321
411
-264
-353
75
578
632
40
-895
-1612
-1749
-1382
-888
-647
-843
-1373
-1881
-1985
-1585
-972
-567
-554
-768
-906
-758
-331
168
464
442
282
285
520
769
846
827
877
937
791
410
47
-60
40
115
20
-231
-554
-843
-961
-851
-678
-718
-1037
-1393
-1517
-1448
-1434
-1597
-1772
-1661
-1032
149
1591
2668
2776
1919
855
565
1523
3367
5063
5382
3770
1216
-73
1302
4078
5197
3062
-559
-2504
-1751
-149
271
-430
-1017
-1307
-2216
-3825
-4652
-3494
-1258
-134
-1149
-3174
-4316
-3729
-1926
9
1092
750
-753
-2130
-1917
95
2456
3405
2572
1117
361
624
1422
2260
2848
2854
2041
774
-14
285
1215
1681
1060
-271
-1445
-1897
-1644
-1084
-720
-915
-1657
-2506
-2898
-2607
-1897
-1266
-1071
-1337
-1746
-1816
-1244
-235
603
802
470
136
209
713
1416
2039
2288
1983
1320
864
1030
1609
1977
1767
1173
607
282
194
281
407
320
-135
-776
-1213
-1258
-1082
-961
-1016
-1203
-1415
-1539
-1486
-1269
-995
-748
-529
-380
-393
-521
-484
-45
634
1075
1000
617
372
501
856
1127
1118
884
643
559
587
566
439
288
135
-138
-587
-1014
-1147
-975
-776
-813
-1131
-1588
-1969
-2032
-1657
-1065
-752
-1014
-1572
-1804
-1355
-397
662
1566
2204
2432
2141
1573
1392
2213
3909
5392
5331
3390
860
-219
1073
3465
4527
3031
169
-1724
-1581
-456
12
-547
-1290
-1710
-2282
-3374
-4219
-3721
-2084
-871
-1238
-2620
-3521
-3157
-1923
-581
385
673
153
-713
-936
64
1698
2768
2704
1957
1301
1132
1469
2155
2800
2820
1958
749
99
369
1008
1192
605
-419
-1341
-1817
-1802
-1502
-1281
-1429
-1931
-2464
-2690
-2502
-2036
-1501
-1087
-936
-1053
-1200
-1011
-340
550
1177
1275
1011
788
894
1341
1910
2291
2243
1771
1197
948
1163
1560
1706
1431
919
444
132
-24
-62
-53
-138
-431
-859
-1194
-1267
-1113
-910
-833
-971
-1286
-1575
-1554
-1116
-519
-187
-289
-562
-601
-255
266
659
776
681
537
489
594
804
1006
1077
955
682
379
178
134
183
189
39
-289
-690
-986
-1045
-921
-834
-968
-1280
-1566
-1681
-1634
-1505
-1363
-1279
-1312
-1387
-1293
-911
-432
-180
-204
-134
438
1491
2534
3012
2734
2010
1491
1774
2932
4252
4628
3510
1577
327
709
2147
3014
2230
295
-1323
-1733
-1337
-1054
-1212
-1478
-1691
-2185
-3115
-3845
-3504
-2120
-814
-659
-1577
-2520
-2567
-1618
-212
965
1380
902
38
-307
369
1609
2467
2463
1925
1414
1175
1193
1458
1854
2002
1551
654
-98
-305
-136
-35
-239
-697
-1264
-1780
-2036
-1926
-1640
-1541
-1780
-2119
-2204
-1937
-1493
-1093
-829
-686
-613
-512
-259
191
724
1113
1200
1038
888
1008
1427
1885
2052
1805
1325
913
757
845
1028
1118
957
517
-47
-451
-500
-270
-88
-229
-674
-1106
-1227
-1028
-757
-645
-701
-801
-871
-935
-969
-851
-507
-78
168
112
-71
-91
171
585
913
997
831
550
367
429
672
848
756
450
154
11
-51
-159
-316
-431
-487
-595
-823
-1071
-1152
-1018
-819
-770
-942
-1206
-1353
-1253
-950
-656
-589
-786
-1028
-1022
-679
-188
169
263
164
68
182
674
1520
2404
2849
2581
1812
1165
1252
2215
3480
4034
3194
1375
-35
118
1524
2603
2090
308
-1299
-1755
-1360
-969
-933
-1030
-1192
-1717
-2638
-3288
-2898
-1575
-363
-235
-1143
-2159
-2385
-1620
-327
802
1212
762
-119
-627
-202
961
2055
2386
1919
1139
581
529
979
1645
2011
1652
669
-293
-611
-275
175
221
-219
-875
-1441
-1743
-1727
-1472
-1192
-1106
-1279
-1581
-1793
-1718
-1268
-578
-15
93
-195
-414
-159
488
1063
1245
1114
937
862
889
1025
1260
1452
1388
1054
692
537
566
583
484
320
139
-95
-359
-509
-448
-295
-289
-529
-881
-1124
-1121
-884
-555
-355
-414
-623
-712
-514
-139
175
308
299
240
215
303
523
753
809
668
495
429
438
442
454
509
510
302
-92
-445
-569
-494
-395
-409
-576
-851
-1097
-1146
-967
-738
-685
-846
-1063
-1159
-1067
-817
-504
-301
-348
-597
-807
-770
-502
-162
134
338
385
237
22
12
383
1041
1699
2102
2118
1754
1210
913
1266
2221
3116
3120
2006
484
-313
172
1378
2092
1542
71
-1255
-1664
-1263
-685
-411
-510
-903
-1541
-2236
-2545
-2113
-1127
-294
-218
-868
-1619
-1796
-1156
-26
927
1143
587
-174
-409
154
1102
1749
1732
1208
603
263
317
685
1100
1201
784
18
-612
-710
-317
117
127
-386
-1105
-1572
-1546
-1136
-712
-608
-877
-1280
-1489
-1340
-904
-388
-15
62
-150
-422
-412
40
711
1151
1090
683
341
360
718
1158
1397
1290
898
445
193
260
529
753
754
505
112
-256
-420
-295
23
266
207
-144
-546
-729
-605
-288
7
92
-83
-371
-525
-401
-79
214
308
198
11
-101
-42
170
398
473
346
137
8
11
66
81
27
-68
-186
-311
-413
-451
-426
-394
-422
-522
-633
-672
-624
-534
-456
-408
-403
-477
-612
-700
-618
-391
-203
-222
-416
-604
-621
-450
-194
16
102
81
29
15
59
187
482
992
1558
1835
1577
960
553
883
1905
2911
3032
2013
565
-169
364
1558
2193
1599
244
-836
-1078
-769
-497
-483
-580
-732
-1128
-1806
-2333
-2152
-1254
-337
-173
-867
-1769
-2090
-1533
-445
497
736
197
-618
-953
-415
657
1486
1560
1031
437
186
349
773
1222
1411
1141
516
-59
-219
24
323
341
0
-527
-986
-1173
-1050
-782
-630
-737
-1031
-1305
-1387
-1200
-796
-364
-162
-314
-623
-693
-314
303
742
792
598
442
472
674
977
1282
1425
1274
915
649
701
992
1219
1159
835
426
103
-27
47
198
205
-55
-449
-708
-701
-556
-486
-556
-678
-776
-857
-924
-906
-738
-470
-266
-242
-357
-448
-368
-100
240
468
466
283
110
129
329
531
557
403
200
64
14
14
28
18
-61
-226
-421
-570
-620
-589
-549
-593
-761
-966
-1043
-899
-643
-498
-592
-821
-955
-828
-477
-87
155
188
99
49
181
567
1172
1808
2165
2016
1482
1058
1255
2103
3001
3170
2343
1070
299
540
1393
1927
1532
424
-671
-1214
-1204
-942
-684
-580
-789
-1380
-2117
-2508
-2220
-1429
-711
-553
-987
-1612
-1889
-1487
-516
490
929
611
-66
-437
-131
674
1449
1745
1474
900
431
357
675
1121
1342
1130
555
-81
-452
-429
-172
-5
-158
-609
-1128
-1460
-1493
-1294
-1046
-921
-1003
-1235
-1442
-1424
-1108
-635
-272
-177
-259
-281
-99
230
570
849
1041
1100
1013
889
907
1108
1319
1333
1144
923
803
752
681
574
480
383
193
-109
-391
-471
-329
-174
-239
-547
-873
-971
-804
-550
-412
-447
-553
-596
-520
-365
-211
-100
-17
72
159
222
275
363
491
590
580
468
356
339
411
474
432
278
93
-40
-105
-155
-238
-352
-452
-508
-527
-542
-580
-642
-708
-746
-731
-661
-563
-482
-459
-519
-625
-677
-575
-328
-91
-42
-209
-421
-467
-273
41
294
377
307
180
117
224
543
1011
1451
1626
1416
963
640
790
1419
2112
2306
1734
722
0
112
881
1518
1336
411
-541
-912
-727
-409
-248
-252
-419
-849
-1476
-1903
-1729
-1032
-354
-193
-575
-1125
-1413
-1207
-544
268
752
591
-39
-540
-412
290
1024
1289
1021
535
191
157
398
740
936
793
329
-184
-445
-373
-153
-32
-131
-413
-763
-1030
-1083
-918
-688
-594
-688
-849
-923
-845
-636
-356
-92
51
48
-3
61
289
578
783
842
798
743
762
878
1019
1065
967
798
670
610
564
508
483
489
444
272
24
-169
-240
-232
-234
-286
-377
-473
-542
-563
-548
-534
-521
-472
-384
-306
-282
-269
-193
-59
48
68
37
44
131
263
369
379
276
122
41
100
223
242
86
-140
-266
-248
-198
-240
-373
-499
-548
-543
-541
-559
-565
-528
-461
-410
-409
-448
-467
-401
-259
-118
-55
-65
-86
-77
-47
-9
48
121
160
138
85
60
73
83
85
111
178
229
211
150
131
230
462
767
1017
1070
883
616
551
852
1371
1722
1585
1013
429
282
634
1090
1164
730
86
-375
-513
-452
-365
-338
-424
-686
-1105
-1486
-1577
-1304
-871
-594
-645
-947
-1252
-1310
-1007
-455
44
198
-37
-375
-440
-102
424
804
858
647
369
223
299
530
729
727
520
257
78
14
13
13
-34
-160
-356
-546
-652
-669
-653
-647
-653
-666
-687
-697
-642
-496
-321
-209
-185
-178
-76
142
392
564
611
586
576
640
767
887
926
868
775
715
697
677
634
594
564
491
329
111
-63
-133
-125
-112
-154
-282
-471
-625
-650
-547
-421
-385
-451
-557
-630
-620
-493
-283
-104
-67
-156
-243
-218
-86
77
211
268
219
94
-12
-4
105
221
242
137
-57
-250
-327
-250
-115
-83
-210
-405
-528
-520
-413
-282
-194
-195
-264
-325
-298
-180
-26
108
189
189
113
39
74
239
428
500
412
244
112
90
180
321
400
320
103
-125
-228
-175
-41
72
98
31
-88
-175
-142
45
331
588
697
617
424
287
379
739
1178
1371
1119
561
117
123
530
928
922
475
-115
-492
-527
-349
-174
-162
-360
-714
-1078
-1268
-1183
-890
-599
-512
-667
-932
-1097
-1003
-635
-152
180
168
-129
-402
-348
54
538
789
714
450
211
158
323
608
803
736
429
94
-57
0
126
184
122
-59
-311
-535
-612
-522
-376
-318
-388
-527
-649
-680
-572
-344
-119
-43
-135
-254
-231
-34
228
417
471
417
334
307
375
514
646
702
655
529
379
275
253
283
295
232
87
-98
-255
-326
-297
-229
-204
-264
-371
-463
-496
-451
-339
-212
-136
-134
-155
-144
-86
-10
75
160
211
195
147
146
219
302
325
296
256
212
138
50
6
19
32
-19
-127
-231
-286
-297
-281
-257
-248
-271
-316
-347
-341
-303
-244
-169
-95
-44
-27
-10
44
138
232
291
319
331
330
320
326
358
389
376
316
251
209
167
98
19
-40
-82
-149
-258
-375
-454
-488
-494
-492
-498
-528
-575
-613
-608
-555
-463
-349
-232
-133
-68
-15
66
201
385
587
769
889
906
838
775
839
1053
1277
1287
985
539
274
361
634
737
481
7
-392
-568
-582
-551
-519
-521
-638
-912
-1216
-1319
-1123
-779
-538
-508
-616
-728
-743
-577
-211
231
497
430
169
39
227
613
932
1030
928
724
521
424
497
676
767
629
320
31
-117
-153
-163
-180
-221
-341
-558
-777
-849
-742
-601
-577
-673
-783
-823
-781
-664
-478
-283
-177
-182
-197
-104
93
295
427
493
522
524
522
551
614
667
666
616
537
428
303
214
194
196
131
-22
-197
-316
-365
-382
-396
-426
-479
-545
-589
-580
-518
-438
-374
-330
-297
-264
-220
-151
-47
76
194
278
318
338
378
463
574
655
662
602
525
489
508
539
527
441
310
191
115
71
23
-41
-120
-200
-276
-344
-389
-397
-371
-348
-350
-377
-394
-366
-287
-190
-110
-56
-19
13
50
95
155
223
272
276
236
198
200
234
250
210
129
57
21
0
-36
-90
-143
-187
-229
-279
-320
-330
-312
-291
-289
-309
-328
-324
-287
-221
-145
-90
-73
-77
-71
-24
54
121
140
116
83
68
70
67
55
43
32
12
-26
-59
-61
-41
-23
-24
-30
-19
15
63
111
156
199
249
317
400
471
497
486
482
522
581
602
554
469
393
348
312
255
167
67
-31
-124
-223
-326
-411
-453
-463
-482
-542
-620
-661
-638
-573
-502
-448
-408
-380
-343
-265
-137
-2
79
103
131
206
301
358
370
375
392
398
378
352
336
315
260
178
104
53
-2
-75
-155
-215
-259
-302
-349
-383
-396
-394
-390
-379
-350
-308
-263
-216
-164
-104
-43
12
71
146
227
290
324
343
374
413
446
452
438
414
382
340
291
249
213
167
102
25
-46
-102
-149
-192
-230
-266
-307
-351
-383
-387
-372
-353
-342
-332
-311
-271
-216
-159
-109
-69
-30
17
71
125
170
204
232
250
260
266
272
277
272
251
223
191
157
119
84
51
19
-21
-70
-122
-159
-178
-185
-190
-202
-221
-233
-228
-207
-178
-151
-131
-113
-86
-47
1
47
87
118
139
151
163
185
215
237
238
220
200
187
182
173
154
120
81
42
9
-20
-45
-69
-92
-117
-145
-170
-186
-188
-184
-180
-180
-186
-188
-177
-149
-111
-80
-62
-46
-28
-2
27
57
90
117
131
133
132
140
152
166
177
176
153
110
68
56
68
75
47
-6
-49
-64
-67
-76
-95
-111
-118
-126
-145
-164
-162
-136
-98
-76
-76
-85
-80
-51
-5
39
65
70
72
88
121
159
181
183
176
176
185
192
185
166
140
119
104
85
58
25
-5
-27
-47
-73
-109
-139
-156
-160
-164
-172
-183
-190
-189
-176
-161
-146
-134
-119
-101
-85
-72
-55
-34
-13
-1
5
10
17
20
18
16
16
13
2
-13
-23
-31
-44
-61
-72
-77
-79
-82
-85
-85
-77
-61
-38
-14
5
19
41
75
113
146
172
199
228
256
277
291
294
291
291
297
296
270
216
158
121
105
93
60
0
-66
-113
-136
-154
-178
-207
-230
-240
-243
-247
-249
-234
-205
-172
-142
-115
-90
-62
-25
28
87
126
134
130
140
172
206
220
211
190
165
135
102
76
57
29
-15
-69
-116
-149
-178
-208
-233
-247
-259
-280
-300
-300
-282
-257
-239
-223
-194
-156
-116
-73
-19
43
95
130
152
178
211
241
265
281
285
276
262
252
243
223
189
153
119
81
35
-10
-43
-67
-99
-139
-176
-196
-205
-212
-217
-214
-204
-191
-180
-161
-131
-96
-62
-28
5
36
62
87
122
160
189
200
200
197
198
198
194
185
168
141
105
70
41
18
-3
-30
-64
-98
-130
-151
-163
-168
-170
-173
-177
-178
-173
-158
-135
-108
-84
-64
-50
-33
-9
26
65
94
109
113
116
129
147
161
165
156
141
129
118
106
89
76
65
53
32
0
-31
-53
-60
-53
-49
-62
-98
-136
-140
-107
-65
-56
-81
-106
-99
-64
-32
-18
-14
-4
7
13
14
25
53
84
98
89
69
52
48
61
83
94
79
41
8
0
12
22
14
-4
-21
-36
-48
-54
-49
-40
-37
-44
-55
-63
-62
-50
-31
-15
-9
-17
-27
-20
4
31
42
41
38
41
51
58
62
64
66
60
49
40
37
37
34
26
19
11
1
-14
-24
-24
-21
-26
-37
-44
-41
-32
-27
-24
-24
-20
-16
-9
-3
5
14
20
26
31
35
41
46
46
41
37
38
43
44
36
24
14
10
6
-4
-13
-21
-27
-33
-42
-48
-51
-52
-53
-57
-62
-69
-70
-64
-55
-48
-47
-47
-44
-37
-28
-19
-9
-1
5
8
11
20
31
40
44
42
38
35
36
40
45
43
35
25
15
11
8
5
2
-3
-11
-21
-30
-31
-27
-23
-23
-23
-22
-23
-22
-14
2
20
30
34
36
43
54
70
87
104
114
117
118
120
117
109
104
111
115
103
69
32
15
18
23
8
-26
-65
-89
-96
-96
-100
-113
-126
-133
-134
-135
-135
-126
-108
-89
-76
-69
-62
-53
-38
-13
16
35
36
26
27
47
70
79
67
52
46
50
55
52
40
24
9
-2
-10
-19
-30
-42
-50
-57
-66
-76
-81
-76
-67
-60
-60
-61
-57
-45
-29
-12
-1
7
10
16
29
46
62
71
75
76
77
79
83
85
85
78
69
58
50
46
40
33
23
11
-2
-13
-23
-33
-38
-40
-42
-47
-55
-57
-52
-49
-48
-48
-43
-34
-29
-27
-24
-17
-6
4
10
13
17
22
28
35
40
41
40
39
39
37
35
31
29
26
23
21
16
8
3
0
-4
-8
-13
-16
-20
-24
-26
-25
-24
-25
-26
-23
-18
-15
-14
-14
-9
-2
5
10
14
17
21
28
35
39
38
37
40
42
42
38
33
30
29
28
30
32
32
26
17
10
7
3
-1
-5
-6
-10
-13
-16
-17
-14
-12
-12
-11
-8
-4
-1
1
2
6
12
19
20
21
26
35
40
42
39
35
34
35
39
41
38
33
26
21
21
23
21
16
11
8
6
2
-3
-4
-2
1
1
-2
-2
0
4
9
13
16
19
22
24
24
27
29
34
38
35
29
26
27
31
33
31
25
21
18
16
15
16
15
12
7
3
0
0
0
2
6
5
2
-1
-3
-2
1
3
4
7
6
4
5
8
13
15
14
13
14
17
23
26
25
22
17
13
12
12
11
6
-2
-5
-3
2
5
2
1
1
5
7
7
5
5
7
8
8
9
15
20
23
23
24
25
26
24
23
25
25
24
23
24
26
25
22
19
17
12
9
6
3
-1
-4
-2
2
2
-1
-4
-2
4
6
5
3
4
6
9
11
13
16
18
21
23
26
26
26
29
37
40
35
30
26
26
25
20
14
11
11
9
4
1
0
-1
1
1
4
5
4
6
12
20
25
25
26
29
32
34
37
38
39
36
33
33
36
36
33
32
32
28
20
14
14
21
25
22
12
6
3
4
3
1
0
-2
-3
-3
-2
-1
-3
-2
1
5
3
-1
-3
3
12
14
12
7
8
14
20
25
27
25
23
18
15
14
14
15
14
8
0
-6
-6
-5
-4
-2
-3
-5
-9
-10
-9
-3
1
2
2
5
9
12
14
13
15
18
22
25
27
29
32
34
34
33
30
27
25
26
26
28
27
24
23
23
24
24
21
15
14
12
13
13
12
12
8
6
5
9
15
16
15
13
13
14
14
15
20
24
28
29
30
31
34
34
32
28
26
26
26
27
26
26
26
26
25
24
22
17
14
13
16
22
25
26
27
26
26
28
29
30
27
22
20
24
29
33
31
28
27
27
25
25
25
25
26
26
26
26
26
25
24
22
17
10
5
4
4
5
5
3
0
-1
1
8
12
9
2
-5
-4
1
7
12
13
10
4
2
2
8
11
15
16
14
13
10
9
7
8
9
10
3
-9
-12
-4
6
6
-4
-11
-9
-1
-1
-2
0
5
6
3
3
8
14
20
23
26
26
25
25
31
37
39
35
29
28
31
35
38
38
34
29
23
21
21
24
24
22
17
14
12
12
13
13
13
11
10
5
7
10
13
15
15
13
14
13
14
16
20
25
26
25
24
23
24
24
23
23
23
23
23
23
22
20
17
13
11
12
14
15
13
9
4
3
4
3
0
-2
-4
-4
-4
-3
0
2
3
4
4
4
5
5
10
12
15
16
14
16
21
25
26
25
26
28
31
29
27
25
25
24
24
25
22
18
13
13
15
15
15
15
16
18
20
23
26
27
25
26
30
33
31
28
26
30
33
31
27
23
25
26
26
23
24
25
25
24
22
20
18
14
12
14
16
12
7
2
3
5
6
4
0
-1
1
7
12
12
9
9
10
11
10
9
8
10
10
9
8
9
10
9
9
10
10
9
9
10
10
10
9
9
9
10
10
12
16
20
22
21
17
17
18
21
23
23
21
19
17
17
18
19
19
17
17
18
18
18
17
18
18
17
18
19
18
18
17
18
19
18
17
18
17
14
8
7
8
9
9
8
7
4
1
-1
3
6
5
3
0
-1
-2
1
8
13
8
2
0
4
7
5
4
5
5
5
4
5
5
4
4
4
5
6
4
5
5
5
3
5
5
6
5
6
12
15
15
12
13
15
15
14
12
14
15
16
19
23
26
26
23
23
23
20
17
18
20
18
14
9
9
7
2
-2
-2
-1
0
-2
-5
-2
1
2
3
4
5
4
5
5
4
4
4
5
5
5
7
12
17
19
21
26
30
33
32
34
34
33
30
26
24
25
25
24
24
25
25
25
24
25
24
24
24
24
25
24
24
25
26
29
31
30
28
25
24
25
27
27
26
25
26
27
26
25
24
22
18
13
13
15
17
14
9
6
4
3
0
-2
-3
-3
-4
-5
-7
-7
-3
-3
-3
-5
-4
0
3
2
3
4
5
4
3
5
11
16
16
13
15
21
25
25
24
23
24
24
23
23
23
24
24
23
23
24
24
23
23
23
24
24
27
29
31
30
27
27
30
32
31
29
28
31
32
30
25
22
24
26
26
24
24
25
25
24
23
24
24
20
13
13
14
17
16
15
15
15
15
15
14
16
15
15
14
15
15
15
15
15
15
17
18
22
25
27
25
23
24
25
26
24
24
24
25
24
23
24
24
21
15
12
13
17
18
15
16
19
21
20
16
16
20
26
27
25
22
23
26
26
25
24
25
23
17
13
13
16
17
16
14
15
15
15
14
14
14
12
6
2
-2
0
2
4
3
3
4
2
-1
-4
-2
1
2
-1
-2
0
4
5
4
4
5
4
4
4
4
4
4
4
5
4
4
4
5
4
5
5
4
4
4
5
6
5
5
4
5
6
6
9
15
20
23
23
24
25
28
29
30
28
24
18
15
18
24
27
26
25
24
25
24
25
25
26
26
26
25
26
26
28
31
31
28
24
24
25
27
27
25
25
26
27
27
26
26
27
29
31
31
30
26
22
25
27
26
23
23
25
26
24
25
29
33
33
28
23
20
16
13
13
17
15
10
4
2
5
6
5
3
2
0
-2
-1
4
7
5
4
4
6
5
4
4
4
2
-2
-4
-1
3
5
4
4
5
6
5
4
5
4
4
3
4
5
4
4
5
5
4
4
4
5
5
4
5
5
5
4
5
4
5
5
5
5
5
3
4
5
6
7
9
12
16
14
8
3
2
5
6
5
4
6
9
13
16
16
15
12
13
14
15
14
13
14
14
14
13
14
13
14
13
13
14
12
6
2
4
5
5
4
2
0
1
4
7
9
6
0
-2
0
4
5
5
3
6
11
15
15
14
13
14
15
15
15
17
21
25
26
24
23
25
26
24
21
17
14
13
13
15
14
14
14
14
15
14
13
14
15
14
13
14
15
14
13
13
14
11
6
2
1
5
7
4
2
4
4
1
-2
-3
0
3
5
5
4
5
4
4
4
5
5
5
4
4
5
5
3
4
5
5
5
8
13
16
15
12
12
13
15
15
12
13
14
14
14
16
20
25
25
24
23
23
24
23
24
23
25
25
29
30
30
27
24
24
27
30
31
31
28
25
27
31
34
31
25
22
26
30
31
27
23
19
18
20
20
22
21
19
18
20
19
20
20
20
19
20
21
18
12
9
8
10
12
11
10
11
12
11
11
11
13
12
11
12
11
11
11
10
7
5
3
4
5
4
3
1
-2
-3
-3
-1
-2
-3
-3
2
5
4
3
4
4
2
0
-4
-2
1
3
5
6
4
2
0
-2
1
3
6
5
2
0
4
6
8
9
13
17
17
12
11
15
17
15
12
13
15
15
13
13
14
15
14
13
13
15
13
13
14
15
14
13
14
15
13
13
15
19
22
24
26
26
23
22
24
26
27
24
23
25
30
31
27
26
24
25
27
25
26
26
26
26
26
27
26
26
26
26
26
26
24
23
20
16
14
16
22
28
28
26
24
28
33
33
30
26
24
24
25
25
24
25
24
25
24
25
24
24
24
24
25
25
24
25
25
25
24
25
24
25
25
25
24
25
25
24
24
24
25
25
25
25
24
21
16
14
13
15
15
11
7
3
4
6
6
4
4
5
5
4
4
5
4
4
5
5
5
5
7
13
18
18
13
12
13
15
16
16
15
16
15
15
15
15
15
14
15
15
15
15
15
16
16
15
15
15
15
14
15
17
17
16
18
24
28
26
24
24
25
25
24
24
25
26
27
29
32
33
28
24
24
26
27
26
25
25
27
26
26
27
26
25
22
19
14
13
14
17
15
14
14
14
13
5
1
2
6
7
4
3
5
6
4
4
5
5
5
4
4
5
4
4
4
6
4
4
5
6
4
4
4
5
4
4
5
5
4
4
4
6
4
3
5
5
5
4
5
6
5
4
5
4
5
4
3
5
5
4
4
5
5
4
5
8
14
15
16
15
16
16
15
15
16
16
14
15
15
15
15
15
15
17
15
19
22
26
27
26
25
24
26
26
26
26
26
26
26
26
26
27
26
26
26
26
26
26
26
26
26
26
26
26
26
26
25
26
26
26
26
23
20
15
12
14
18
16
14
14
15
17
15
13
15
16
16
13
14
15
11
5
2
4
6
7
4
6
6
5
5
8
13
17
13
8
4
4
5
5
5
5
5
5
4
4
4
4
4
4
1
-2
-2
1
5
5
4
3
5
6
4
4
3
5
4
3
4
8
12
15
14
14
15
14
14
14
14
15
14
13
14
15
15
14
14
14
15
15
14
14
15
13
9
8
10
15
16
15
16
20
25
26
24
23
25
26
26
28
31
31
29
24
23
25
27
26
25
23
20
15
11
13
18
18
14
14
16
16
15
13
15
16
15
15
15
17
15
14
15
16
16
14
15
17
19
20
23
27
28
26
23
26
28
26
25
25
27
27
25
26
26
26
26
26
26
26
27
26
27
26
26
26
26
26
25
27
27
26
26
25
26
25
26
27
26
25
25
25
22
16
12
14
16
16
14
14
16
16
14
14
15
16
14
14
16
15
15
14
15
12
5
1
3
7
7
5
3
5
5
2
-1
-2
0
3
5
6
4
4
5
6
4
3
5
5
4
4
4
5
5
4
4
5
5
4
7
13
16
16
13
14
17
21
21
18
13
12
17
22
27
25
24
24
23
20
17
20
24
26
25
24
24
25
26
25
24
23
24
24
24
25
26
29
29
27
26
26
26
25
25
26
25
26
26
26
25
26
26
26
26
26
26
26
27
26
26
26
26
26
26
26
26
26
26
27
27
26
26
26
26
26
26
26
25
24
22
17
14
13
16
17
16
15
19
25
26
26
25
24
24
18
15
13
14
16
15
15
15
15
15
16
14
15
15
16
15
15
16
15
16
16
15
13
10
8
10
13
16
17
16
14
15
16
17
14
10
8
6
4
4
5
5
4
4
7
12
15
16
15
16
16
15
14
15
16
15
15
15
15
14
15
16
16
15
15
16
17
16
16
21
26
28
27
24
25
27
27
25
25
26
26
26
26
26
26
25
26
27
26
26
26
26
26
26
26
25
26
27
26
26
26
25
25
27
25
25
29
31
30
23
18
17
20
22
21
18
20
22
22
20
19
20
21
20
19
20
20
21
21
24
25
22
17
14
16
19
19
16
16
18
18
17
16
17
18
17
16
17
18
17
16
17
17
18
16
17
18
18
17
17
20
23
21
18
17
14
14
14
15
17
16
15
14
16
15
14
15
15
15
15
15
16
16
14
14
15
15
15
15
15
15
15
15
15
15
15
14
16
15
15
16
15
12
7
3
4
5
6
4
4
4
5
4
4
4
5
5
5
3
5
5
5
4
4
5
4
4
4
5
4
4
4
5
5
5
4
4
4
4
5
5
4
4
4
4
4
4
5
5
5
4
4
5
5
8
13
17
17
15
15
15
16
16
18
22
26
26
25
24
25
24
24
22
18
14
12
14
16
13
6
2
4
7
7
5
3
4
5
4
4
5
4
5
4
4
5
5
5
4
4
4
3
5
5
4
4
4
5
4
4
5
5
4
4
5
5
4
4
5
5
4
3
6
5
5
7
14
19
18
14
14
16
16
14
13
15
16
15
14
15
16
15
14
15
16
15
14
14
16
17
13
9
5
4
4
5
6
6
5
3
4
5
3
4
6
8
10
13
12
7
4
9
16
18
11
5
6
14
18
16
10
7
9
11
9
6
5
8
13
16
18
16
15
15
16
16
16
15
15
18
23
26
26
25
24
25
25
25
26
25
25
24
25
25
25
25
25
25
25
25
25
26
25
25
25
25
26
24
25
22
18
14
13
15
17
16
15
13
16
15
11
7
4
4
5
6
5
4
5
5
5
3
1
-1
2
8
10
8
2
-1
2
6
5
0
-3
-3
0
2
5
6
5
5
5
5
5
4
5
8
11
13
11
6
6
9
14
15
9
3
4
12
17
17
14
13
14
14
13
14
16
18
21
24
25
25
24
24
26
24
21
18
17
20
26
27
26
23
24
26
26
21
18
19
22
26
27
24
24
24
26
30
31
31
26
25
29
33
33
29
25
27
31
31
28
24
24
28
30
27
21
20
25
29
27
20
15
14
17
18
16
13
13
16
18
17
14
9
7
7
10
7
3
-2
-2
3
7
6
0
-4
1
7
8
2
1
5
12
14
12
8
10
13
16
18
19
17
16
17
20
19
13
7
8
12
13
8
2
2
5
7
5
3
5
5
6
4
3
6
6
7
9
11
9
4
1
6
13
16
12
4
1
3
5
4
1
-2
-3
-2
1
5
5
4
3
3
1
-2
-4
-3
2
5
4
4
4
5
4
3
0
0
0
3
9
12
10
8
11
16
20
20
17
17
18
21
20
20
16
16
22
27
26
19
16
19
26
28
22
18
19
23
26
26
25
24
28
30
29
23
19
20
25
29
27
19
15
17
24
27
24
17
12
16
24
25
21
15
16
22
28
28
25
23
25
29
31
26
19
18
24
28
24
16
12
19
26
25
18
12
12
15
17
15
10
7
4
3
6
6
5
4
5
5
4
5
4
4
5
4
5
5
5
4
4
5
5
4
4
4
5
2
1
-1
0
5
10
14
11
7
7
11
15
11
3
4
10
16
17
13
12
13
14
13
13
13
14
14
14
14
16
21
25
25
23
22
23
24
25
27
30
29
23
19
16
18
21
19
15
13
9
8
9
10
10
9
9
10
11
9
9
9
11
10
9
10
10
10
9
9
10
9
9
9
10
9
9
12
16
20
21
19
19
19
18
19
19
19
19
18
18
18
18
18
19
18
19
19
18
18
18
18
18
18
19
18
18
19
18
19
18
19
18
18
19
19
18
19
19
18
18
18
18
18
18
18
18
19
18
18
18
19
19
19
18
18
18
18
18
19
18
19
19
19
18
18
19
18
19
19
22
23
22
18
17
19
24
27
27
24
23
24
24
20
16
13
15
16
16
15
15
16
15
14
15
15
15
14
14
15
15
15
15
16
15
15
14
12
8
4
3
4
6
5
4
4
5
5
4
4
6
5
4
5
4
6
9
14
17
17
15
15
15
15
15
15
15
16
15
15
13
9
5
3
4
7
5
4
3
5
5
4
4
4
7
12
16
18
16
14
14
15
18
18
21
24
26
26
25
20
15
12
14
17
16
14
13
16
16
15
14
16
16
15
14
15
16
15
15
15
16
15
11
7
4
4
5
6
5
5
4
4
5
4
4
5
4
5
4
5
5
4
4
4
6
4
3
4
5
4
0
0
-1
2
7
11
13
12
11
11
12
13
12
12
12
12
11
11
13
12
12
12
13
12
11
12
13
13
11
12
12
12
11
11
12
14
14
11
11
12
11
12
16
20
22
23
22
21
21
20
21
22
23
21
21
22
22
21
21
22
23
21
21
21
22
23
23
24
28
29
26
24
25
26
26
24
24
26
25
24
24
24
25
25
24
25
25
26
24
24
25
26
24
22
20
18
14
13
14
15
15
14
15
16
16
15
14
16
16
18
22
25
25
19
13
11
14
17
16
14
14
15
14
9
4
3
5
5
5
6
5
4
5
4
6
4
4
4
5
5
4
4
5
5
3
3
3
1
-1
-3
0
5
6
4
4
5
5
4
3
5
5
4
4
5
6
4
4
4
5
4
4
5
6
4
4
5
5
4
4
5
5
4
4
4
5
5
5
4
4
5
4
4
5
5
4
5
5
5
4
5
5
4
4
4
5
7
10
14
16
15
13
15
18
23
25
25
24
23
23
23
24
24
23
23
24
24
23
25
28
29
27
21
19
18
19
21
22
20
18
19
21
20
16
12
10
9
9
11
11
9
8
8
8
5
3
2
5
5
4
4
4
5
5
4
5
4
3
4
5
6
4
4
9
14
16
15
13
14
13
13
14
14
15
14
14
14
14
14
14
13
15
14
14
14
15
14
14
14
14
14
14
14
14
13
13
14
13
14
13
14
14
15
16
20
23
20
13
10
13
15
16
13
13
13
14
14
14
13
14
14
14
14
13
14
13
14
13
13
14
13
13
13
14
13
14
14
13
12
11
8
5
2
3
6
6
3
3
5
6
4
4
5
5
5
4
5
5
5
4
4
5
3
-1
-3
-1
2
4
5
5
4
5
4
5
4
4
4
4
4
4
4
4
5
4
4
3
4
5
4
4
4
4
5
4
4
5
4
4
5
5
4
4
5
4
5
5
5
4
5
5
4
5
5
4
4
4
5
5
3
2
3
0
-3
-2
2
6
6
4
4
5
5
4
4
7
12
13
14
15
14
13
12
14
14
14
14
13
14
13
12
16
22
26
26
23
23
24
24
24
23
24
23
23
23
23
24
25
27
30
31
29
25
24
24
25
25
24
25
25
24
24
25
26
25
24
25
25
24
24
24
25
24
24
25
25
24
24
24
25
25
23
25
25
24
23
25
25
24
24
24
26
25
23
22
23
22
17
12
13
16
17
14
14
16
16
15
13
15
16
15
14
15
16
15
14
14
16
16
14
14
16
16
11
6
4
5
5
4
3
2
-1
-2
1
4
6
4
3
5
5
5
4
5
6
5
4
5
4
5
3
4
5
5
5
5
6
5
4
4
5
4
4
4
5
7
9
14
16
15
12
12
13
15
13
13
13
14
13
13
13
14
13
13
14
14
13
13
14
14
14
14
17
23
27
26
23
23
27
30
31
29
29
29
31
32
29
27
28
31
33
32
26
22
24
26
26
24
22
22
19
16
12
13
15
15
9
4
3
5
6
4
4
1
-1
-2
-1
0
-1
-2
-3
0
1
-1
-2
-1
3
5
5
3
4
5
5
4
4
5
5
3
5
4
5
4
4
4
5
5
4
4
5
5
4
4
5
5
4
5
5
5
5
4
5
4
5
4
4
5
5
5
5
4
4
5
5
4
5
4
4
5
4
5
6
10
14
17
16
14
16
22
27
27
22
21
23
24
24
23
23
24
23
23
23
24
23
23
23
24
23
24
24
24
23
23
23
24
23
24
24
24
25
26
29
30
31
28
26
26
28
31
31
28
25
24
26
26
26
26
26
26
26
26
27
25
26
26
26
25
22
17
13
12
15
16
16
14
14
14
15
12
8
4
3
5
5
5
3
5
6
5
3
4
6
4
2
1
1
2
5
9
11
9
8
7
9
9
6
2
1
3
6
6
5
4
3
5
5
5
4
4
6
4
4
4
5
5
4
5
4
4
4
4
5
5
5
8
12
16
16
14
13
15
19
22
24
25
24
20
18
20
25
27
26
24
24
25
25
25
24
25
24
25
24
24
25
24
23
25
25
25
24
24
25
25
24
25
26
24
24
24
25
25
24
25
24
24
24
24
25
25
24
24
25
25
24
23
22
20
17
20
25
27
25
23
23
25
25
24
24
25
25
24
23
24
24
24
24
25
26
24
23
24
25
25
24
24
25
25
24
24
25
25
23
24
25
24
19
14
12
13
14
14
14
15
15
14
12
10
9
11
13
15
16
14
14
15
14
14
13
14
15
14
14
14
14
14
14
14
14
14
14
13
15
13
14
15
13
9
5
6
11
16
17
13
12
13
16
16
14
13
14
15
11
7
7
10
15
17
11
4
1
3
6
6
5
7
12
16
16
14
12
14
15
14
13
14
15
18
23
26
26
24
23
24
26
26
24
23
25
25
24
25
24
25
25
25
25
25
25
26
30
31
29
25
24
25
27
26
26
25
27
26
25
26
26
26
26
