23
26
25
24
23
25
25
24
24
24
24
25
24
26
30
32
30
26
24
25
24
20
15
14
14
17
19
22
26
27
26
26
24
26
26
26
25
27
26
26
26
27
25
27
30
32
30
23
16
14
14
11
7
5
7
11
10
10
14
22
27
28
25
23
24
24
20
16
12
12
17
16
14
13
15
17
16
13
12
13
16
20
24
26
25
23
21
19
15
10
8
7
6
4
7
13
18
17
14
14
14
16
15
13
11
8
4
4
5
5
5
3
5
10
15
16
15
15
15
15
15
13
10
8
10
14
19
17
13
14
16
17
14
14
16
19
21
23
25
25
19
13
11
15
16
16
15
15
15
16
15
12
7
4
3
6
9
12
14
16
19
19
22
26
26
24
21
20
18
13
7
4
5
8
13
19
24
27
25
26
28
32
31
24
18
13
11
8
3
0
1
5
7
7
12
18
24
27
24
24
25
24
19
13
11
13
15
16
14
14
14
14
13
14
14
14
14
13
13
13
10
8
3
2
4
3
2
-2
-3
-1
2
6
5
3
5
9
14
21
24
26
25
23
24
25
25
23
19
16
14
13
14
16
20
24
26
25
23
23
25
25
25
24
25
25
23
22
18
14
13
12
13
15
14
13
13
14
14
14
15
19
23
27
25
23
23
24
26
25
24
24
24
25
23
24
24
25
25
24
25
25
24
24
24
25
25
24
25
25
25
24
24
25
25
26
28
32
33
31
31
32
31
28
24
24
26
26
22
16
13
14
16
15
14
15
19
24
26
26
23
20
15
13
14
16
16
15
15
14
15
15
15
15
15
15
15
15
15
15
15
15
16
15
15
15
15
15
15
16
15
16
16
17
16
14
8
5
3
5
6
9
13
16
16
15
14
13
11
8
4
3
5
8
11
13
11
7
3
2
5
6
5
3
4
7
11
13
14
15
14
8
2
2
5
6
5
3
5
6
5
3
1
0
-1
-1
3
7
7
6
8
13
17
16
13
13
14
15
15
12
9
5
5
11
16
17
16
17
22
26
26
23
23
25
26
25
26
28
32
34
32
28
24
23
19
15
13
13
15
19
22
25
25
24
23
23
24
24
23
23
24
24
22
17
13
12
13
14
13
14
13
14
16
18
21
23
21
16
12
11
14
15
13
12
13
14
14
13
14
14
14
14
13
14
13
14
13
13
13
13
14
13
15
13
13
14
14
13
13
9
5
2
3
4
5
4
4
4
4
5
4
5
5
4
5
5
4
3
2
1
-1
-2
0
5
12
13
11
10
11
12
12
9
8
7
6
4
4
5
5
4
3
6
10
15
16
15
13
13
14
15
14
14
14
15
14
13
14
15
14
14
16
20
25
27
25
24
24
25
26
24
24
24
24
22
17
13
15
21
27
26
23
23
24
21
15
12
17
25
28
24
22
24
26
26
23
24
26
25
24
23
25
25
24
23
24
26
24
24
25
25
25
24
24
25
25
24
24
25
23
19
15
13
12
14
15
17
16
20
25
28
27
27
30
33
30
24
21
21
19
12
7
10
16
18
16
15
18
23
23
17
13
12
16
17
14
9
4
3
3
5
5
5
4
4
4
5
5
5
8
13
18
17
14
13
14
14
9
4
2
4
6
4
2
2
3
2
3
7
14
18
19
19
20
21
18
13
11
10
9
5
3
3
7
8
10
14
20
23
24
24
24
25
27
29
31
30
26
22
21
21
17
13
12
16
14
8
4
9
18
25
28
30
34
34
30
23
12
0
-12
-20
-23
-19
-14
-7
2
16
29
41
48
51
48
39
27
14
3
-5
-11
-15
-15
-13
-6
3
12
22
31
39
46
52
57
59
61
61
53
40
21
5
-4
-10
-16
-23
-25
-18
-5
9
22
35
48
58
60
57
51
43
33
21
5
-10
-22
-34
-41
-46
-44
-37
-26
-13
3
21
37
52
67
80
86
87
80
69
51
25
-4
-31
-55
-74
-90
-98
-90
-73
-49
-25
2
30
53
71
79
78
67
47
23
-1
-23
-43
-58
-65
-69
-65
-58
-45
-30
-15
-3
13
29
46
62
80
98
112
115
102
76
40
3
-35
-69
-97
-112
-112
-99
-75
-45
-10
29
66
95
113
121
118
100
67
23
-20
-52
-71
-82
-87
-83
-67
-41
-13
14
40
59
69
66
54
44
38
32
20
2
-9
-14
-20
-30
-43
-51
-53
-47
-40
-34
-27
-10
14
35
51
57
56
52
42
26
8
-11
-27
-39
-50
-56
-51
-38
-21
-5
14
34
54
64
66
58
48
37
23
6
-13
-29
-39
-44
-41
-36
-30
-21
-13
-2
10
20
28
33
34
37
37
34
26
15
8
4
-1
-10
-18
-18
-13
-8
-4
2
12
24
31
33
33
31
29
25
19
14
7
-2
-10
-14
-13
-12
-11
-10
-4
6
17
25
34
38
38
33
28
24
18
8
-4
-11
-13
-8
-6
-3
0
6
11
17
22
22
20
17
13
8
2
-3
-4
-2
1
3
6
9
13
16
16
13
9
6
4
3
3
5
6
4
5
9
15
17
12
4
-7
-18
-25
-24
-9
22
72
140
207
246
238
189
119
41
-40
-124
-197
-241
-245
-205
-135
-51
30
102
168
222
246
227
170
102
36
-23
-82
-132
-158
-154
-126
-87
-49
-21
-2
9
11
8
5
6
9
11
14
29
58
88
102
95
75
53
23
-26
-89
-149
-183
-181
-150
-104
-56
-5
52
111
158
174
157
124
89
52
6
-45
-83
-97
-85
-62
-37
-17
4
25
46
64
70
64
52
43
38
37
34
30
26
24
21
18
12
3
-15
-36
-56
-69
-76
-76
-69
-47
-16
15
39
51
56
48
30
3
-23
-45
-67
-82
-84
-72
-54
-37
-18
7
33
45
40
31
26
23
15
2
-14
-28
-32
-30
-22
-17
-12
-4
9
21
30
32
32
29
24
20
22
31
36
30
13
1
2
8
7
-5
-11
-1
17
30
35
46
67
85
95
101
107
107
92
59
22
-8
-35
-59
-77
-80
-67
-44
-20
4
24
44
62
74
75
67
52
33
12
-8
-26
-42
-55
-56
-42
-21
-10
-8
-8
1
9
9
3
3
5
2
-7
-7
1
7
-1
-13
-15
-13
-20
-38
-54
-61
-65
-71
-74
-62
-43
-28
-19
-10
-2
-2
-10
-20
-26
-31
-38
-45
-47
-40
-25
-8
7
21
27
23
12
-1
-10
-18
-18
-7
26
84
165
252
322
348
317
244
150
48
-74
-220
-366
-453
-431
-307
-146
-11
92
201
330
426
429
338
212
104
14
-85
-186
-251
-261
-229
-185
-135
-80
-27
7
17
12
8
6
6
8
21
48
86
131
162
157
109
36
-39
-109
-180
-254
-312
-326
-288
-212
-127
-49
31
119
209
267
261
193
108
51
30
5
-52
-115
-127
-78
-26
-26
-64
-75
-33
19
29
1
-13
9
49
74
88
109
133
139
124
97
70
37
-10
-55
-83
-84
-71
-52
-26
15
59
93
104
95
71
38
9
-7
-20
-43
-70
-78
-51
-9
12
9
11
34
55
41
-1
-41
-61
-70
-83
-96
-94
-76
-56
-35
-6
30
50
34
-3
-25
-18
-8
-18
-43
-56
-42
-17
3
16
20
11
-13
-35
-44
-47
-63
-87
-94
-68
-23
15
38
58
77
87
83
72
57
33
0
-26
-33
-25
-13
5
38
93
159
212
237
221
162
77
-6
-56
-75
-91
-118
-138
-118
-53
23
76
104
114
104
73
44
35
33
1
-65
-107
-81
-14
20
-3
-35
-34
-14
-20
-62
-107
-122
-115
-98
-76
-42
4
56
110
153
171
150
106
60
15
-40
-106
-160
-180
-165
-133
-84
-17
54
102
110
101
102
110
94
51
10
5
31
56
62
55
45
31
14
-3
-23
-61
-112
-138
-112
-51
-9
2
18
70
128
144
109
56
10
-38
-96
-152
-177
-179
-172
-157
-114
-50
3
21
14
3
-11
-37
-66
-81
-86
-97
-116
-116
-74
-18
15
10
-14
-37
-58
-73
-58
-6
59
109
161
294
561
883
1045
871
410
-77
-357
-463
-618
-929
-1213
-1167
-702
-67
384
534
577
762
1072
1230
1007
497
18
-230
-322
-437
-594
-667
-589
-433
-299
-208
-130
-75
-72
-114
-162
-177
-121
33
239
379
395
384
478
612
564
234
-184
-429
-494
-601
-859
-1094
-1046
-682
-222
97
233
325
488
685
764
620
317
46
-60
-44
-64
-182
-283
-218
-21
102
10
-177
-230
-96
25
-42
-209
-226
-2
295
462
484
502
591
680
659
494
245
-6
-217
-410
-634
-867
-979
-844
-515
-196
-29
56
212
450
614
575
386
189
56
-49
-165
-279
-350
-363
-332
-281
-232
-199
-186
-172
-147
-120
-104
-101
-81
-32
33
76
79
54
27
5
-28
-75
-111
-129
-156
-216
-272
-249
-126
12
53
-33
-184
-318
-404
-418
-302
3
493
1106
1807
2547
3112
3116
2320
964
-382
-1404
-2317
-3398
-4362
-4473
-3372
-1571
26
1015
1727
2624
3618
4110
3632
2357
945
-95
-781
-1401
-1989
-2247
-1992
-1471
-1061
-826
-569
-265
-174
-451
-850
-973
-691
-184
343
829
1305
1795
2277
2600
2486
1771
671
-388
-1212
-2013
-2960
-3761
-3849
-3025
-1706
-517
286
916
1635
2357
2689
2370
1608
920
599
457
141
-356
-679
-600
-337
-275
-487
-709
-731
-678
-772
-985
-1026
-659
51
833
1446
1812
1983
2027
1928
1560
823
-172
-1069
-1572
-1732
-1846
-2049
-2098
-1685
-861
-26
513
803
1048
1278
1320
1070
620
126
-355
-820
-1206
-1413
-1403
-1237
-979
-635
-206
229
530
618
531
358
168
-24
-224
-438
-667
-895
-1057
-1057
-867
-577
-349
-275
-310
-356
-394
-495
-662
-678
-224
829
2276
3773
5083
6006
6123
4959
2545
-313
-2643
-4184
-5399
-6568
-7134
-6271
-3934
-1060
1312
2928
4202
5419
6285
6225
4991
2949
818
-833
-1897
-2609
-3142
-3393
-3164
-2502
-1729
-1134
-759
-521
-439
-588
-862
-924
-490
362
1262
1923
2393
2899
3451
3704
3238
1994
366
-1185
-2522
-3772
-4909
-5554
-5288
-4106
-2465
-881
450
1627
2738
3633
4014
3699
2856
1908
1194
697
174
-437
-869
-897
-716
-762
-1159
-1564
-1633
-1481
-1456
-1594
-1527
-960
-35
875
1578
2144
2663
3072
3211
2964
2337
1483
611
-196
-1049
-2055
-3028
-3556
-3411
-2808
-2134
-1504
-712
360
1459
2171
2346
2172
1876
1486
941
293
-299
-756
-1092
-1309
-1343
-1185
-958
-806
-745
-690
-595
-499
-440
-406
-351
-243
-64
179
434
612
644
527
305
32
-235
-461
-648
-795
-840
-695
-384
-84
-8
-191
-489
-730
-828
-736
-369
383
1572
3097
4640
5673
5682
4510
2531
399
-1429
-2933
-4292
-5456
-6022
-5536
-3938
-1718
413
2039
3241
4283
5104
5260
4409
2769
989
-427
-1445
-2245
-2813
-2927
-2503
-1787
-1140
-733
-504
-369
-356
-507
-735
-844
-678
-242
324
897
1450
2019
2548
2811
2561
1779
711
-365
-1406
-2496
-3519
-4069
-3793
-2788
-1545
-491
337
1134
1967
2633
2839
2480
1735
953
410
112
-153
-520
-840
-842
-515
-194
-200
-480
-722
-776
-807
-966
-1098
-908
-352
313
876
1401
2009
2556
2672
2160
1223
264
-487
-1080
-1667
-2247
-2620
-2544
-1952
-1064
-228
365
813
1291
1741
1895
1596
1005
385
-191
-773
-1297
-1576
-1552
-1382
-1175
-829
-253
376
765
860
854
853
711
304
-224
-620
-825
-937
-980
-878
-645
-437
-314
-140
179
480
515
267
-44
-256
-423
-632
-792
-709
-272
526
1676
3112
4513
5292
4934
3436
1375
-535
-1981
-3161
-4341
-5349
-5589
-4613
-2646
-478
1216
2379
3369
4330
4916
4649
3477
1843
275
-1000
-1991
-2665
-2896
-2664
-2166
-1629
-1100
-522
31
308
137
-347
-799
-943
-748
-332
197
821
1555
2351
3020
3261
2864
1921
756
-411
-1658
-3081
-4389
-4983
-4530
-3333
-2006
-869
229
1485
2746
3581
3668
3045
2068
1154
507
47
-412
-849
-1044
-889
-595
-457
-512
-592
-676
-940
-1412
-1772
-1684
-1163
-460
327
1307
2461
3465
3932
3724
2965
1855
570
-748
-2005
-3131
-3964
-4222
-3748
-2751
-1675
-755
171
1305
2466
3157
3072
2394
1564
824
107
-694
-1476
-1992
-2101
-1879
-1502
-1074
-611
-139
243
431
425
337
270
220
108
-95
-291
-354
-269
-153
-117
-153
-170
-127
-111
-241
-532
-834
-968
-902
-774
-654
-306
693
2468
4563
6178
6732
6122
4589
2499
280
-1702
-3362
-4876
-6230
-6904
-6251
-4249
-1680
566
2231
3630
4940
5824
5761
4636
2871
1058
-455
-1630
-2500
-2983
-2954
-2462
-1784
-1220
-866
-649
-555
-689
-1071
-1479
-1605
-1337
-786
-73
836
1965
3141
4017
4313
3973
3105
1847
288
-1487
-3317
-4887
-5766
-5646
-4611
-3129
-1672
-360
972
2358
3484
3957
3699
3021
2296
1659
1028
336
-307
-692
-741
-647
-727
-1070
-1420
-1486
-1332
-1309
-1566
-1801
-1602
-890
71
1053
2030
2971
3687
3945
3635
2786
1514
46
-1326
-2431
-3307
-3975
-4239
-3856
-2898
-1734
-646
387
1429
2293
2680
2518
1997
1314
527
-318
-1072
-1579
-1805
-1793
-1572
-1158
-619
-67
413
773
960
930
708
363
-57
-537
-1003
-1304
-1329
-1113
-789
-436
-34
403
734
791
552
142
-306
-711
-917
-656
302
1937
3951
5881
7124
7063
5450
2793
63
-2158
-4111
-6213
-8103
-8703
-7346
-4570
-1614
736
2616
4470
6267
7379
7169
5591
3237
878
-1041
-2469
-3449
-3914
-3821
-3319
-2652
-1939
-1198
-556
-269
-463
-950
-1361
-1436
-1120
-517
255
1142
2173
3301
4235
4548
4053
2988
1697
188
-1758
-4030
-5945
-6741
-6268
-5040
-3633
-2198
-558
1330
3159
4457
4905
4547
3750
2932
2230
1420
298
-906
-1630
-1610
-1241
-1134
-1400
-1608
-1475
-1259
-1320
-1552
-1536
-1138
-605
-65
698
1837
3076
3978
4399
4434
4036
2993
1291
-728
-2664
-4279
-5420
-5887
-5578
-4621
-3231
-1519
381
2120
3286
3767
3767
3428
2628
1308
-214
-1446
-2192
-2624
-2868
-2780
-2208
-1321
-481
121
536
822
896
712
374
41
-255
-530
-723
-738
-590
-390
-187
41
260
335
209
-30
-309
-674
-1128
-1430
-1212
-278
1300
3354
5661
7710
8628
7701
5082
1847
-877
-2849
-4687
-6805
-8569
-8727
-6756
-3523
-468
1747
3533
5393
7020
7580
6660
4666
2349
194
-1643
-3044
-3832
-3943
-3535
-2862
-2093
-1309
-626
-236
-255
-587
-989
-1275
-1385
-1285
-874
-63
1102
2420
3601
4350
4459
3913
2869
1440
-417
-2675
-4921
-6434
-6694
-5801
-4322
-2802
-1397
78
1806
3610
4898
5080
4181
2928
2055
1585
977
-27
-990
-1364
-1205
-1063
-1246
-1519
-1591
-1575
-1754
-2061
-2084
-1591
-792
-5
768
1734
2870
3843
4358
4376
3922
2885
1228
-737
-2498
-3804
-4735
-5315
-5280
-4398
-2861
-1143
429
1783
2853
3456
3481
3016
2196
1079
-209
-1365
-2111
-2454
-2566
-2460
-1974
-1125
-250
318
592
768
867
721
314
-117
-366
-476
-574
-643
-575
-381
-163
44
246
337
164
-254
-713
-1053
-1228
-1069
-207
1586
4041
6493
8222
8627
7349
4622
1389
-1323
-3346
-5324
-7548
-9154
-8910
-6672
-3608
-915
1264
3452
5741
7469
7926
7011
5162
2895
594
-1448
-3001
-3973
-4403
-4341
-3793
-2810
-1617
-602
-113
-210
-647
-1096
-1374
-1434
-1226
-662
260
1432
2717
3948
4841
5065
4517
3391
1862
-150
-2681
-5231
-6933
-7307
-6634
-5476
-4029
-2171
35
2190
3900
4966
5289
4876
4016
3157
2403
1410
13
-1278
-1779
-1514
-1209
-1359
-1710
-1812
-1677
-1605
-1614
-1462
-1124
-819
-516
174
1452
2926
4013
4535
4645
4334
3342
1616
-456
-2401
-4013
-5255
-5948
-5841
-4922
-3454
-1692
229
2081
3428
3938
3696
3072
2257
1158
-240
-1600
-2483
-2783
-2726
-2492
-1992
-1136
-132
624
940
952
836
581
103
-470
-827
-800
-561
-397
-369
-292
-28
305
459
341
67
-232
-557
-950
-1336
-1460
-1010
240
2318
4952
7509
9105
8957
6885
3582
270
-2221
-4087
-6077
-8255
-9507
-8626
-5778
-2482
-19
1763
3764
6113
7810
7886
6424
4284
2151
196
-1554
-2916
-3722
-3992
-3823
-3256
-2391
-1513
-967
-870
-1080
-1405
-1743
-1966
-1850
-1229
-185
1016
2211
3405
4536
5287
5300
4526
3204
1471
-789
-3544
-6180
-7765
-7799
-6620
-4988
-3359
-1658
357
2613
4596
5648
5473
4444
3336
2595
1953
918
-409
-1317
-1374
-1042
-1109
-1683
-2131
-2010
-1646
-1603
-1875
-1944
-1493
-711
149
1120
2295
3468
4258
4490
4229
3505
2234
478
-1422
-3083
-4335
-5157
-5469
-5154
-4208
-2776
-1049
745
2286
3278
3661
3594
3178
2322
997
-486
-1658
-2316
-2592
-2620
-2321
-1636
-769
-40
450
799
1006
907
457
-92
-461
-648
-815
-943
-822
-371
171
502
567
493
346
40
-485
-1147
-1715
-1856
-1181
562
3222
6191
8588
9588
8720
6170
2807
-365
-2995
-5474
-8042
-9973
-10063
-7978
-4772
-1845
383
2507
4979
7269
8312
7576
5532
3139
1045
-691
-2180
-3281
-3690
-3390
-2757
-2166
-1663
-1171
-839
-938
-1439
-1981
-2266
-2289
-2066
-1424
-246
1248
2675
3870
4862
5543
5608
4851
3307
1106
-1586
-4343
-6472
-7453
-7314
-6459
-5193
-3562
-1576
607
2690
4303
5103
5028
4423
3753
3096
2140
779
-510
-1101
-959
-695
-852
-1355
-1757
-1860
-1888
-2094
-2403
-2478
-2081
-1213
-35
1275
2577
3755
4697
5231
5108
4144
2430
346
-1673
-3376
-4677
-5480
-5640
-5096
-3963
-2432
-693
1036
2447
3271
3455
3156
2545
1685
616
-509
-1464
-2076
-2282
-2090
-1572
-908
-319
63
273
381
358
105
-344
-793
-1029
-1006
-829
-595
-308
43
410
680
761
620
274
-242
-876
-1485
-1764
-1294
198
2617
5465
8012
9454
9136
6954
3641
337
-2358
-4786
-7376
-9582
-10098
-8306
-5113
-2060
195
2178
4488
6789
8057
7627
5780
3387
1188
-573
-1950
-2953
-3466
-3427
-2939
-2168
-1281
-523
-229
-567
-1290
-1926
-2212
-2223
-2070
-1656
-809
465
1976
3465
4656
5306
5341
4863
3883
2159
-431
-3391
-5751
-6843
-6800
-6187
-5320
-4079
-2311
-192
1806
3215
3838
3867
3708
3598
3362
2646
1447
274
-318
-313
-234
-555
-1226
-1829
-2101
-2163
-2265
-2450
-2537
-2321
-1688
-604
818
2279
3467
4298
4832
4960
4362
2915
959
-992
-2677
-4056
-4993
-5287
-4968
-4282
-3316
-1907
-77
1689
2830
3241
3207
2906
2262
1265
141
-859
-1637
-2112
-2128
-1663
-990
-454
-142
80
258
280
75
-280
-676
-1058
-1349
-1407
-1155
-698
-202
279
774
1204
1341
986
174
-817
-1616
-1896
-1447
-166
1909
4525
7110
8794
8736
6706
3445
234
-2160
-4081
-6294
-8644
-9773
-8488
-5242
-1797
623
2407
4523
6856
8157
7551
5530
3242
1252
-574
-2256
-3385
-3668
-3350
-2823
-2133
-1171
-209
174
-255
-1109
-1840
-2280
-2540
-2578
-2157
-1169
233
1823
3395
4671
5339
5347
4894
3992
2266
-458
-3513
-5747
-6597
-6483
-6050
-5357
-4061
-2127
3
1843
3131
3747
3739
3476
3392
3410
2943
1726
379
-231
-60
73
-437
-1283
-1809
-1910
-2024
-2387
-2714
-2642
-2164
-1450
-500
757
2160
3350
4137
4560
4600
4043
2771
1043
-711
-2250
-3535
-4454
-4793
-4509
-3834
-2977
-1895
-510
953
2064
2596
2652
2385
1802
922
-32
-783
-1242
-1492
-1538
-1274
-709
-84
321
418
308
102
-185
-573
-1018
-1386
-1538
-1423
-1116
-727
-308
158
637
989
1050
765
210
-451
-983
-1055
-338
1310
3710
6332
8330
8784
7220
4125
783
-1750
-3556
-5519
-7928
-9674
-9241
-6422
-2704
251
2184
4002
6156
7833
7905
6281
3925
1739
-119
-1775
-3043
-3593
-3478
-3087
-2610
-1936
-1091
-477
-467
-974
-1596
-2081
-2386
-2423
-2008
-1100
129
1493
2872
4076
4846
5095
4939
4348
2959
560
-2351
-4771
-6052
-6346
-6159
-5676
-4699
-3072
-976
1149
2829
3726
3825
3505
3242
3123
2768
1891
817
200
227
354
-29
-845
-1511
-1744
-1864
-2248
-2773
-3027
-2831
-2282
-1398
-71
1573
3089
4134
4748
5046
4834
3814
2075
96
-1706
-3189
-4257
-4738
-4631
-4188
-3570
-2608
-1169
409
1544
2020
2108
2052
1763
1144
413
-118
-435
-734
-1021
-1050
-706
-198
178
329
300
100
-264
-698
-1087
-1417
-1718
-1894
-1770
-1321
-729
-142
442
1020
1406
1378
920
239
-410
-768
-485
790
3065
5770
7928
8618
7424
4718
1527
-1120
-3004
-4795
-7024
-9037
-9335
-7192
-3640
-495
1467
2990
4961
7034
7961
7053
4883
2533
576
-1028
-2361
-3277
-3629
-3478
-2979
-2267
-1544
-1085
-1003
-1148
-1323
-1540
-1851
-2059
-1822
-1056
-8
1117
2346
3616
4548
4817
4567
4127
3321
1556
-1225
-4061
-5784
-6174
-5931
-5619
-5036
-3720
-1692
509
2299
3324
3517
3207
3001
3192
3297
2571
1089
-119
-257
239
309
-382
-1183
-1508
-1588
-1951
-2585
-3041
-3076
-2769
-2114
-948
646
2228
3468
4404
5087
5227
4502
3024
1229
-614
-2442
-4023
-4906
-4916
-4405
-3797
-3048
-1856
-286
1101
1825
1940
1797
1557
1135
532
-35
-386
-579
-723
-745
-495
-59
246
221
-6
-217
-412
-748
-1226
-1643
-1841
-1840
-1673
-1280
-667
-38
402
684
953
1145
991
400
-331
-739
-530
386
2013
4224
6578
8279
8453
6679
3432
-59
-2715
-4525
-6320
-8397
-9672
-8695
-5472
-1714
971
2669
4504
6742
8256
7948
6062
3725
1643
-254
-2046
-3360
-3841
-3657
-3218
-2651
-1859
-1001
-531
-692
-1236
-1741
-2040
-2177
-2101
-1631
-673
664
2152
3526
4501
4919
4902
4658
4039
2538
-49
-3054
-5339
-6289
-6226
-5794
-5198
-4188
-2573
-530
1515
3061
3726
3544
3100
3031
3271
3061
1938
478
-295
-131
204
-51
-790
-1390
-1620
-1816
-2258
-2790
-3082
-2998
-2533
-1631
-289
1270
2723
3931
4888
5455
5315
4298
2594
572
-1477
-3328
-4673
-5227
-4982
-4228
-3268
-2154
-821
608
1754
2269
2135
1643
1089
553
-9
-544
-880
-906
-714
-455
-165
192
528
631
398
-20
-409
-736
-1122
-1586
-1929
-1943
-1624
-1153
-705
-333
-10
276
494
583
467
150
-172
-112
727
2495
4953
7500
9279
9413
7500
4088
505
-2195
-4156
-6308
-8859
-10535
-9791
-6634
-2793
94
1996
3943
6306
8175
8435
6988
4702
2434
478
-1186
-2481
-3254
-3519
-3446
-3136
-2575
-1850
-1277
-1156
-1481
-1947
-2250
-2276
-2026
-1483
-626
515
1855
3244
4401
5024
5048
4690
4062
2864
730
-2110
-4732
-6268
-6614
-6290
-5744
-4943
-3588
-1551
847
2900
3915
3806
3279
3166
3491
3415
2307
658
-399
-384
40
-35
-713
-1402
-1717
-1886
-2255
-2761
-3079
-3054
-2720
-2021
-818
762
2292
3468
4373
5119
5422
4820
3282
1309
-614
-2376
-3940
-4991
-5192
-4659
-3841
-2938
-1763
-254
1173
1998
2135
1904
1527
973
265
-341
-625
-670
-670
-611
-312
228
719
856
565
-12
-682
-1273
-1667
-1874
-1985
-2003
-1776
-1201
-444
183
550
786
1007
1120
923
358
-390
-947
-881
115
2033
4527
7027
8803
9037
7237
3851
235
-2455
-4346
-6424
-8903
-10451
-9507
-6183
-2323
419
2130
3963
6315
8184
8359
6765
4389
2157
273
-1403
-2780
-3573
-3720
-3456
-2963
-2230
-1346
-712
-720
-1288
-1889
-2079
-1868
-1541
-1209
-647
430
1987
3577
4651
5017
4940
4713
4168
2784
330
-2672
-5252
-6683
-6881
-6250
-5283
-4210
-2873
-990
1310
3289
4165
3966
3533
3522
3642
3102
1735
324
-280
-79
201
-5
-602
-1172
-1527
-1804
-2182
-2651
-3050
-3175
-2828
-1898
-465
1179
2701
3913
4784
5273
5224
4468
2997
1035
-1046
-2858
-4134
-4798
-4942
-4691
-4057
-2972
-1492
70
1289
1915
2023
1832
1464
924
269
-316
-664
-762
-672
-390
99
615
828
568
18
-525
-955
-1357
-1762
-2052
-2123
-1951
-1520
-827
-30
587
886
985
1007
861
407
-254
-869
-1253
-1254
-532
1257
3981
6906
9129
9975
9029
6284
2517
-944
-3351
-5299
-7725
-10173
-10797
-8489
-4450
-970
1081
2778
5195
7735
8863
7954
5793
3449
1330
-575
-2117
-3073
-3504
-3646
-3495
-2851
-1805
-904
-672
-1090
-1709
-2146
-2330
-2309
-2015
-1314
-180
1237
2705
4001
4946
5474
5581
5167
3949
1700
-1325
-4314
-6404
-7259
-7137
-6424
-5267
-3639
-1581
663
2679
3987
4322
3925
3432
3240
3054
2314
1071
99
6
430
486
-162
-999
-1456
-1649
-2062
-2776
-3345
-3387
-2937
-2136
-918
755
2546
3929
4699
5040
5033
4419
2982
992
-985
-2599
-3832
-4648
-4870
-4471
-3721
-2844
-1739
-290
1152
1950
1896
1441
1109
897
482
-187
-764
-966
-826
-501
-57
411
663
516
87
-365
-749
-1148
-1563
-1844
-1880
-1701
-1337
-777
-135
322
452
440
518
579
282
-425
-1054
-961
114
1997
4381
6964
9167
10028
8724
5426
1435
-1846
-4151
-6310
-8834
-10798
-10576
-7719
-3656
-310
1758
3466
5636
7785
8655
7651
5396
2975
947
-757
-2233
-3253
-3552
-3251
-2749
-2274
-1759
-1207
-926
-1192
-1823
-2350
-2526
-2424
-2054
-1207
191
1826
3275
4362
5092
5397
5180
4481
3288
1341
-1486
-4563
-6682
-7139
-6400
-5486
-4790
-3810
-1960
585
2927
4172
4139
3458
2990
3024
3037
2380
1162
189
22
319
332
-179
-823
-1238
-1551
-2045
-2695
-3207
-3379
-3158
-2444
-1096
732
2533
3863
4715
5286
5463
4843
3309
1286
-692
-2440
-3933
-4897
-4997
-4351
-3480
-2656
-1640
-275
1055
1814
1941
1743
1353
691
-101
-618
-712
-651
-619
-390
221
885
1083
771
345
14
-416
-1072
-1714
-2072
-2198
-2229
-2034
-1419
-556
138
521
854
1298
1570
1277
435
-526
-1125
-1051
-104
1811
4486
7284
9262
9529
7742
4454
855
-2127
-4546
-7003
-9429
-10661
-9558
-6419
-2866
-219
1675
3791
6354
8346
8609
7087
4752
2519
582
-1192
-2660
-3474
-3600
-3373
-3028
-2477
-1699
-1046
-923
-1274
-1673
-1870
-1956
-1980
-1704
-906
302
1614
2857
3960
4776
5145
5065
4518
3200
803
-2330
-5120
-6613
-6781
-6299
-5676
-4812
-3328
-1130
1361
3354
4165
3814
3143
3026
3384
3256
2050
430
-403
-154
303
115
-559
-1031
-1134
-1350
-1973
-2674
-3006
-2935
-2610
-1922
-655
1047
2678
3873
4624
4965
4745
3856
2446
753
-1089
-2890
-4228
-4721
-4455
-3894
-3307
-2536
-1377
-16
1108
1738
1919
1762
1298
604
-87
-546
-748
-797
-706
-372
184
704
882
659
221
-249
-722
-1210
-1661
-1983
-2117
-1998
-1568
-905
-262
155
429
751
1058
1007
406
-476
-1109
-1092
-259
1441
3914
6735
9121
10148
9171
6273
2441
-977
-3380
-5396
-7834
-10187
-10751
-8540
-4656
-1205
953
2740
5137
7630
8775
7918
5769
3402
1259
-681
-2293
-3284
-3631
-3613
-3380
-2800
-1871
-1031
-798
-1190
-1744
-2073
-2197
-2248
-2106
-1497
-344
1141
2660
3971
4876
5257
5154
4652
3609
1724
-988
-3861
-5949
-6781
-6641
-6090
-5319
-4061
-2083
347
2491
3650
3713
3267
3072
3324
3442
2724
1246
-56
-347
174
532
109
-724
-1269
-1434
-1725
-2421
-3177
-3515
-3328
-2688
-1515
212
2091
3540
4375
4814
4902
4343
3015
1276
-447
-2064
-3550
-4555
-4719
-4234
-3623
-2996
-1952
-385
1059
1653
1431
1019
759
432
-145
-692
-828
-591
-315
-97
260
799
1180
1074
575
28
-434
-965
-1631
-2196
-2382
-2184
-1800
-1358
-839
-246
340
832
1166
1222
866
139
-643
-1065
-818
242
2121
4635
7311
9380
9961
8470
5138
1093
-2409
-5048
-7451
-9917
-11425
-10522
-7182
-3168
-201
1767
3927
6627
8712
8932
7370
5096
2871
717
-1394
-3055
-3870
-3967
-3767
-3381
-2623
-1573
-780
-714
-1225
-1744
-1938
-1922
-1859
-1612
-906
302
1762
3159
4271
4987
5308
5274
4752
3362
855
-2338
-5174
-6767
-7051
-6590
-5847
-4815
-3263
-1153
1173
3094
4032
3923
3408
3259
3491
3305
2134
542
-336
-134
367
287
-343
-911
-1176
-1467
-2037
-2676
-3076
-3180
-2973
-2228
-776
1074
2693
3743
4367
4758
4774
4105
2683
788
-1178
-2860
-3999
-4501
-4510
-4233
-3679
-2672
-1211
280
1273
1618
1581
1394
988
271
-505
-902
-794
-476
-228
36
488
981
1144
860
377
-94
-635
-1343
-2018
-2344
-2288
-2064
-1767
-1283
-588
95
573
898
1142
1143
662
-199
-938
-1012
-161
1589
4038
6787
9139
10196
9231
6252
2260
-1305
-3739
-5620
-7852
-10097
-10706
-8553
-4576
-925
1352
3111
5487
8076
9318
8363
5932
3308
1087
-815
-2405
-3420
-3780
-3744
-3496
-2910
-1936
-992
-674
-1091
-1754
-2149
-2219
-2178
-2025
-1471
-310
1295
2933
4225
4996
5261
5134
4624
3501
1487
-1302
-4154
-6187
-7020
-6925
-6373
-5503
-4090
-1969
580
2818
3995
3975
3433
3249
3562
3605
2659
1019
-249
-489
-92
115
-178
-662
-1038
-1366
-1825
-2421
-3014
-3438
-3436
-2692
-1163
705
2324
3468
4303
4897
4983
4290
2934
1294
-363
-1957
-3328
-4181
-4390
-4154
-3712
-3022
-1915
-517
717
1413
1576
1420
1040
428
-286
-816
-971
-817
-534
-174
313
871
1269
1265
828
133
-614
-1305
-1898
-2325
-2497
-2372
-1992
-1437
-785
-91
597
1188
1524
1434
888
71
-717
-1190
-1075
-97
1884
4629
7497
9636
10240
8817
5587
1645
-1693
-4051
-6212
-8806
-10937
-10800
-7834
-3650
-351
1664
3598
6190
8514
9131
7759
5350
2880
668
-1233
-2630
-3405
-3753
-3868
-3591
-2702
-1467
-594
-555
-1142
-1775
-2102
-2180
-2139
-1891
-1220
-49
1450
2979
4256
5079
5364
5164
4520
3285
1205
-1652
-4579
-6596
-7221
-6815
-6061
-5186
-3842
-1744
747
2777
3716
3692
3405
3421
3615
3344
2222
683
-367
-476
-70
91
-262
-794
-1171
-1466
-1914
-2494
-2944
-3070
-2813
-2086
-793
928
2635
3904
4611
4840
4603
3816
2496
814
-1017
-2762
-4072
-4627
-4451
-3915
-3289
-2429
-1139
328
1385
1741
1628
1347
889
176
-571
-985
-1006
-864
-642
-162
622
1346
1561
1212
605
-1
-606
-1267
-1894
-2328
-2499
-2412
-2054
-1412
-592
189
760
1095
1231
1115
622
-215
-1022
-1224
-414
1393
3857
6530
8841
9961
9072
6112
2103
-1588
-4448
-6968
-9461
-11097
-10581
-7748
-4002
-920
1240
3342
5889
8183
9035
7996
5672
3046
742
-1092
-2468
-3375
-3783
-3718
-3258
-2535
-1771
-1231
-1098
-1327
-1707
-2044
-2247
-2253
-1950
-1243
-143
1245
2751
4097
4948
5173
4985
4579
3662
1646
-1453
-4611
-6574
-6999
-6553
-5951
-5223
-3957
-1961
464
2680
3997
4110
3487
3082
3313
3495
2686
1034
-236
-293
315
468
-129
-824
-1110
-1251
-1705
-2434
-3047
-3311
-3184
-2525
-1191
576
2212
3396
4262
4929
5088
4325
2738
913
-704
-2126
-3441
-4400
-4628
-4131
-3298
-2433
-1492
-372
748
1516
1757
1549
1025
287
-462
-912
-908
-630
-351
-92
354
1008
1535
1552
1046
322
-357
-982
-1616
-2187
-2518
-2510
-2186
-1625
-936
-266
258
619
865
971
780
207
-534
-975
-672
497
2355
4635
7050
9066
9763
8319
4876
738
-2667
-5065
-7257
-9621
-11128
-10293
-7034
-3003
103
2152
4151
6534
8427
8707
7254
4941
2611
507
-1388
-2875
-3674
-3809
-3579
-3172
-2517
-1646
-949
-865
-1361
-1920
-2108
-1960
-1733
-1442
-824
302
1799
3326
4545
5232
5354
5036
4314
2927
584
-2430
-5144
-6645
-6860
-6413
-5777
-4821
-3195
-927
1465
3273
4022
3805
3306
3214
3466
3264
2089
523
-329
-128
356
274
-341
-899
-1166
-1461
-2057
-2784
-3294
-3401
-3028
-2080
-578
1161
2723
3930
4833
5368
5247
4267
2616
732
-1066
-2676
-3972
-4684
-4650
-4063
-3271
-2376
-1208
213
1439
1976
1829
1415
1013
528
-142
-775
-1051
-946
-658
-269
279
892
1259
1176
738
146
-523
-1230
-1843
-2221
-2366
-2322
-2017
-1383
-578
87
511
870
1253
1411
1025
168
-658
-928
-441
728
2484
4767
7282
9210
9459
7474
3873
49
-3045
-5574
-8080
-10251
-10866
-9134
-5746
-2297
280
2353
4698
7233
8913
8771
6892
4274
1870
-61
-1712
-3102
-3937
-4033
-3592
-2933
-2174
-1383
-836
-838
-1272
-1681
-1821
-1857
-1888
-1602
-649
821
2290
3449
4336
4974
5198
4881
4001
2413
-64
-3089
-5644
-6856
-6845
-6407
-5920
-4953
-3025
-417
2005
3538
4077
3979
3733
3628
3509
2913
1656
252
-514
-429
-80
-124
-594
-1045
-1266
-1531
-2116
-2859
-3318
-3238
-2669
-1683
-257
1503
3207
4449
5125
5323
4973
3879
2101
65
-1781
-3263
-4327
-4813
-4620
-3946
-3080
-2056
-768
610
1587
1867
1643
1260
798
199
-417
-811
-924
-869
-648
-170
435
795
725
441
207
-54
-560
-1245
-1803
-2102
-2261
-2287
-1962
-1207
-339
264
587
847
1063
997
521
-167
-729
-886
-398
944
3135
5810
8281
9674
9183
6596
2728
-1002
-3794
-6087
-8579
-10747
-11009
-8568
-4605
-1149
1029
2836
5239
7798
9129
8449
6282
3704
1352
-698
-2424
-3610
-4115
-4105
-3824
-3258
-2303
-1219
-626
-853
-1489
-1858
-1803
-1704
-1730
-1477
-514
1009
2534
3709
4545
5114
5338
5076
4114
2171
-759
-3974
-6321
-7142
-6789
-6067
-5292
-4104
-2134
388
2683
3988
4122
3644
3375
3568
3580
2673
1046
-218
-378
126
318
-130
-736
-1081
-1334
-1812
-2457
-2993
-3312
-3344
-2809
-1458
426
2177
3454
4474
5381
5755
5059
3379
1362
-506
-2193
-3691
-4705
-5002
-4756
-4257
-3434
-2062
-339
1092
1800
1950
1885
1619
1004
188
-424
-668
-752
-839
-750
-272
427
905
918
593
142
-377
-972
-1538
-1927
-2119
-2156
-1968
-1434
-629
115
543
733
908
1052
910
369
-344
-908
-1153
-973
-143
1559
4017
6703
8826
9532
8177
4910
946
-2224
-4239
-6084
-8509
-10547
-10297
-7271
-3211
-192
1582
3475
6172
8568
9093
7515
4960
2503
362
-1600
-3191
-4039
-4141
-3834
-3311
-2493
-1432
-569
-366
-807
-1439
-1865
-2001
-1921
-1611
-1000
-71
1144
2572
4010
5107
5586
5411
4614
3060
633
-2327
-5014
-6709
-7272
-6984
-6109
-4752
-3003
-995
1114
3020
4213
4367
3816
3308
3130
2755
1671
284
-435
-169
333
218
-474
-1082
-1328
-1591
-2206
-2923
-3261
-3092
-2602
-1824
-582
1086
2764
4038
4846
5277
5201
4359
2778
843
-1051
-2728
-4065
-4860
-5015
-4694
-4063
-3029
-1492
217
1452
1913
1914
1868
1737
1243
438
-251
-545
-574
-550
-443
-135
261
462
340
33
-294
-609
-955
-1336
-1682
-1886
-1816
-1416
-811
-241
169
514
908
1253
1304
982
442
-156
-811
-1468
-1734
-1033
873
3624
6519
8834
9865
9023
6314
2686
-583
-3066
-5428
-8176
-10469
-10724
-8428
-4881
-1805
411
2651
5458
8043
9117
8275
6212
3814
1450
-808
-2738
-4034
-4623
-4626
-4070
-2935
-1511
-428
-147
-538
-1116
-1593
-1998
-2346
-2426
-2009
-1074
263
1899
3649
5128
5925
5921
5248
3939
1841
-1011
-4054
-6445
-7603
-7510
-6520
-5046
-3368
-1558
438
2470
4014
4514
4050
3378
3090
2908
2147
782
-342
-534
-92
134
-213
-788
-1234
-1630
-2149
-2655
-2903
-2876
-2639
-2035
-850
753
2269
3380
4169
4735
4841
4191
2859
1220
-447
-2043
-3414
-4314
-4668
-4620
-4226
-3316
-1848
-233
955
1551
1870
2163
2269
1884
1051
182
-372
-587
-626
-589
-492
-376
-316
-318
-309
-262
-272
-472
-854
-1234
-1399
-1294
-1048
-798
-536
-165
324
789
1082
1158
1032
686
96
-693
-1511
-2051
-1887
-652
1669
4593
7346
9163
9452
7952
4998
1498
-1711
-4524
-7269
-9720
-10809
-9701
-6863
-3698
-1092
1240
3924
6787
8814
9079
7533
4928
2188
-157
-2039
-3524
-4485
-4669
-4028
-2856
-1577
-512
98
54
-611
-1503
-2162
-2455
-2538
-2422
-1820
-499
1356
3276
4836
5797
6065
5671
4699
3086
630
-2543
-5600
-7431
-7584
-6601
-5344
-4145
-2760
-932
1204
3172
4411
4620
4063
3434
3159
2878
1959
542
-429
-389
58
-80
-903
-1655
-1901
-2001
-2331
-2643
-2549
-2170
-1784
-1187
22
1623
2871
3475
3898
4441
4603
3755
2074
331
-1090
-2397
-3694
-4630
-4896
-4624
-4026
-2996
-1445
206
1304
1716
1930
2295
2501
2047
1003
-21
-587
-809
-991
-1143
-1085
-829
-610
-548
-517
-399
-305
-394
-626
-823
-902
-894
-777
-481
-83
221
357
472
654
726
468
-84
-723
-1343
-1901
-2077
-1335
534
3117
5764
8029
9496
9455
7361
3736
49
-2698
-4942
-7593
-10283
-11300
-9526
-5869
-2251
475
2950
5756
8222
9143
8220
6211
3911
1566
-735
-2643
-3818
-4268
-4160
-3503
-2360
-1180
-549
-611
-1011
-1436
-1916
-2481
-2832
-2620
-1849
-754
597
2286
4116
5559
6237
6234
5715
4455
2111
-1092
-4242
-6444
-7459
-7552
-6978
-5811
-4142
-2143
63
2269
3968
4598
4238
3702
3625
3628
2843
1215
-201
-488
-4
141
-505
-1338
-1681
-1659
-1819
-2284
-2665
-2662
-2348
-1816
-950
317
1728
2933
3867
4644
5126
4897
3743
1992
176
-1472
-3022
-4436
-5406
-5663
-5212
-4198
-2726
-986
619
1741
2448
3032
3451
3249
2185
697
-493
-1117
-1431
-1680
-1776
-1572
-1157
-752
-437
-182
-34
-80
-305
-562
-731
-774
-702
-544
-358
-140
186
622
981
1034
777
390
-51
-667
-1504
-2278
-2490
-1765
-27
2516
5446
8181
10027
10305
8651
5394
1558
-1842
-4613
-7244
-9804
-11294
-10536
-7597
-3892
-750
1738
4230
6812
8642
8843
7405
5074
2626
434
-1411
-2851
-3803
-4194
-3960
-3126
-1949
-919
-476
-692
-1281
-1913
-2417
-2713
-2689
-2255
-1436
-268
1314
3293
5248
6495
6663
6014
4959
3404
895
-2505
-5803
-7805
-8171
-7504
-6521
-5351
-3699
-1398
1294
3768
5324
5574
4837
3958
3441
2905
1715
84
-968
-902
-405
-476
-1121
-1559
-1471
-1400
-1771
-2230
-2286
-2082
-1986
-1772
-856
744
2311
3361
4102
4750
4934
4200
2712
1017
-705
-2609
-4520
-5785
-5978
-5334
-4317
-3044
-1411
417
2019
3131
3781
3954
3442
2189
609
-676
-1413
-1833
-2201
-2416
-2206
-1560
-794
-219
102
236
223
117
21
-38
-183
-479
-725
-622
-160
307
451
311
164
145
107
-179
-762
-1482
-2057
-2170
-1544
-52
2215
4973
7793
10007
10712
9220
5801
1783
-1478
-3841
-6237
-9105
-11309
-11171
-8437
-4693
-1601
765
3401
6527
8985
9516
8126
5823
3449
1201
-891
-2580
-3646
-4127
-4129
-3628
-2705
-1778
-1321
-1400
-1698
-1973
-2229
-2447
-2434
-2040
-1296
-192
1442
3557
5555
6697
6823
6357
5492
3810
945
-2618
-5790
-7809
-8625
-8465
-7445
-5728
-3629
-1325
1250
3880
5728
6041
5152
4236
3902
3491
2159
255
-966
-929
-424
-481
-1106
-1537
-1474
-1415
-1775
-2272
-2442
-2336
-2230
-1929
-902
846
2571
3658
4272
4814
5074
4421
2765
767
-982
-2553
-4157
-5484
-5956
-5452
-4361
-2980
-1312
497
1974
2793
3118
3203
2898
1936
537
-664
-1290
-1528
-1658
-1656
-1404
-1004
-640
-267
241
713
767
316
-236
-448
-304
-123
-106
-168
-168
-108
-78
-87
-95
-130
-289
-603
-963
-1225
-1330
-1229
-730
468
2521
5228
8011
10000
10253
8306
4736
950
-2016
-4397
-7039
-9859
-11454
-10565
-7573
-4089
-1249
1130
3710
6450
8512
9098
8075
5938
3410
1055
-921
-2578
-3898
-4614
-4472
-3631
-2625
-1902
-1538
-1403
-1470
-1771
-2193
-2462
-2374
-1907
-1072
206
1946
3881
5503
6384
6466
5964
4980
3298
643
-2776
-6065
-8130
-8496
-7618
-6335
-5060
-3543
-1380
1331
3853
5333
5507
4911
4350
4039
3440
2048
257
-921
-1006
-613
-642
-1209
-1719
-1835
-1883
-2207
-2594
-2645
-2361
-1999
-1481
-433
1166
2774
3891
4566
5035
5124
4370
2695
611
-1321
-2972
-4437
-5560
-5946
-5397
-4126
-2514
-839
727
2020
2921
3409
3443
2881
1716
334
-695
-1163
-1367
-1609
-1755
-1516
-951
-407
-49
248
496
441
1
-463
-591
-519
-629
-896
-880
-396
170
352
180
24
58
98
-86
-540
-1176
-1816
-2112
-1633
-156
2145
4853
7499
9489
10045
8609
5480
1822
-1247
-3635
-6070
-8831
-10935
-10928
-8482
-4850
-1555
1083
3760
6727
9057
9590
8229
5911
3527
1282
-891
-2811
-4145
-4760
-4680
-3927
-2677
-1468
-878
-964
-1285
-1513
-1737
-2072
-2288
-2054
-1299
-115
1514
3522
5402
6475
6578
6108
5253
3548
559
-3219
-6536
-8430
-8849
-8272
-7103
-5503
-3500
-1033
1831
4551
6191
6218
5156
4100
3528
2900
1582
-131
-1274
-1376
-981
-910
-1298
-1642
-1615
-1482
-1623
-1977
-2183
-2087
-1809
-1353
-505
798
2240
3460
4391
5056
5181
4379
2686
635
-1289
-3003
-4534
-5637
-5964
-5456
-4329
-2768
-910
926
2298
3042
3352
3374
2933
1878
517
-603
-1258
-1655
-1979
-2102
-1815
-1178
-475
64
352
405
300
151
2
-207
-488
-669
-597
-371
-217
-153
29
378
620
503
126
-248
-577
-1007
-1489
-1708
-1402
-559
801
2815
5498
8300
10139
9999
7680
4014
369
-2355
-4386
-6599
-9160
-10858
-10196
-7163
-3421
-515
1681
4240
7251
9341
9275
7394
5021
2898
800
-1466
-3422
-4489
-4699
-4445
-3832
-2756
-1493
-723
-806
-1338
-1672
-1654
-1618
-1746
-1701
-983
529
2452
4227
5466
6056
6058
5536
4391
2379
-583
-4030
-6968
-8480
-8405
-7349
-6005
-4523
-2596
-42
2769
5028
6021
5671
4641
3752
3176
2335
802
-859
-1619
-1285
-803
-996
-1554
-1678
-1338
-1220
-1578
-1888
-1773
-1547
-1479
-1108
99
1797
3086
3683
4072
4500
4460
3456
1753
-13
-1591
-3090
-4393
-5099
-5013
-4322
-3251
-1877
-354
985
1929
2563
2968
2935
2248
1115
69
-584
-1006
-1446
-1835
-1888
-1519
-967
-520
-236
-19
167
240
163
43
20
86
119
66
10
26
70
60
13
0
4
-113
-417
-797
-1068
-1153
-1076
-764
60
1723
4254
7170
9545
10384
9159
6229
2723
-280
-2613
-4987
-7857
-10444
-11198
-9397
-5990
-2644
-98
2216
4957
7716
9288
8916
6989
4498
2098
-172
-2353
-4116
-4973
-4843
-4142
-3296
-2377
-1363
-567
-428
-910
-1437
-1567
-1463
-1471
-1436
-771
778
2788
4548
5637
6008
5788
5052
3689
1427
-1746
-5100
-7432
-8070
-7484
-6601
-5680
-4193
-1760
1200
3808
5412
5850
5368
4491
3703
2977
1860
256
-1119
-1466
-977
-652
-1021
-1547
-1555
-1220
-1198
-1599
-1914
-1858
-1686
-1527
-983
263
1827
3020
3664
4072
4318
4017
2900
1232
-521
-2154
-3619
-4707
-5149
-4915
-4170
-2994
-1410
326
1763
2648
3088
3226
2953
2127
946
-145
-896
-1420
-1875
-2164
-2060
-1556
-917
-399
-41
227
388
371
232
132
115
25
-258
-583
-680
-501
-291
-251
-327
-326
-221
-148
-223
-456
-806
-1195
-1430
-1238
-414
1130
3405
6209
8829
10120
9241
6440
2928
-194
-2849
-5659
-8772
-11191
-11537
-9448
-6024
-2725
5
2771
5938
8725
9864
8975
6863
4496
2133
-367
-2742
-4366
-4963
-4857
-4385
-3482
-2084
-672
11
-237
-888
-1353
-1538
-1653
-1700
-1413
-557
881
2695
4474
5701
6112
5867
5189
3830
1314
-2181
-5534
-7567
-8068
-7672
-6896
-5682
-3810
-1383
1247
3652
5289
5661
4868
3749
3046
2533
1430
-303
-1643
-1736
-986
-484
-622
-861
-779
-680
-959
-1402
-1591
-1603
-1746
-1791
-1096
379
1830
2609
3025
3676
4347
4156
2776
881
-739
-2024
-3299
-4459
-4988
-4676
-3830
-2749
-1408
185
1636
2494
2755
2732
2520
1914
894
-161
-899
-1379
-1802
-2062
-1872
-1281
-705
-380
-97
366
806
868
589
331
236
82
-255
-525
-460
-196
-87
-196
-278
-185
-63
-86
-238
-415
-621
-880
-1087
-1021
-460
780
2816
5492
8184
9900
9744
7536
4088
741
-1706
-3695
-6222
-9278
-11298
-10625
-7424
-3582
-634
1688
4462
7641
9784
9712
7765
5201
2784
455
-1875
-3823
-4901
-5046
-4534
-3609
-2446
-1370
-762
-687
-826
-909
-1054
-1490
-2024
-2055
-1170
425
2162
3653
4813
5573
5759
5255
4082
2209
-432
-3561
-6313
-7733
-7598
-6545
-5318
-4030
-2271
160
2824
4884
5715
5332
4345
3424
2708
1769
316
-1177
-1816
-1358
-599
-493
-1062
-1525
-1367
-896
-707
-961
-1427
-1828
-1895
-1325
-103
1234
2095
2557
3173
3987
4258
3397
1792
265
-960
-2251
-3652
-4589
-4615
-3962
-3073
-2008
-638
813
1895
2484
2791
2854
2410
1417
313
-467
-992
-1563
-2130
-2326
-2011
-1443
-873
-266
423
959
1067
822
567
454
311
-19
-422
-690
-787
-802
-770
-655
-509
-416
-337
-166
34
-9
-438
-1034
-1398
-1280
-585
825
3066
5875
8421
9653
8929
6440
3083
-194
-3069
-5888
-8825
-11101
-11370
-9153
-5570
-2302
125
2587
5810
9000
10470
9444
6799
3953
1493
-811
-3021
-4652
-5288
-5068
-4348
-3233
-1823
-619
-186
-448
-790
-912
-1141
-1704
-2137
-1780
-585
949
2460
3893
5084
5672
5523
4795
3449
1141
-2052
-5141
-6954
-7232
-6676
-5934
-4977
-3444
-1252
1286
3607
5036
5148
4254
3269
2767
2316
1167
-547
-1771
-1789
-1077
-619
-724
-902
-752
-476
-469
-777
-1184
-1541
-1751
-1587
-879
155
1066
1737
2470
3389
4018
3755
2643
1292
108
-1076
-2452
-3708
-4296
-4088
-3439
-2650
-1694
-493
768
1780
2403
2651
2496
1892
973
52
-650
-1158
-1562
-1816
-1788
-1464
-979
-441
138
705
1086
1153
986
767
525
154
-347
-777
-975
-1019
-1085
-1176
-1129
-874
-519
-202
29
138
44
-249
-570
-680
-375
576
2436
5158
8032
9874
9773
7733
4602
1412
-1344
-3911
-6726
-9548
-11228
-10636
-7899
-4381
-1278
1496
4635
7913
9989
9863
7997
5638
3413
1077
-1518
-3817
-5129
-5362
-4901
-4031
-2820
-1461
-377
119
51
-355
-896
-1401
-1682
-1591
-1074
-85
1388
3129
4627
5406
5440
5019
4205
2625
18
-3133
-5750
-7014
-6967
-6244
-5372
-4373
-2909
-719
1977
4371
5523
5160
4018
3127
2720
2117
784
-803
-1661
-1483
-910
-663
-761
-792
-609
-440
-495
-768
-1184
-1650
-1896
-1582
-707
307
1097
1782
2660
3602
4052
3656
2654
1485
246
-1214
-2767
-3913
-4273
-3972
-3363
-2545
-1408
-60
1095
1784
2145
2398
2421
1916
933
-69
-735
-1152
-1544
-1859
-1836
-1415
-803
-198
363
837
1086
1043
833
593
278
-225
-830
-1274
-1390
-1264
-1083
-928
-735
-415
36
494
773
748
441
-17
-504
-893
-948
-315
1264
3691
6417
8561
9225
7975
5210
1956
-949
-3512
-6241
-9084
-10960
-10627
-8018
-4434
-1289
1165
3685
6668
9267
10093
8661
5861
2975
524
-1719
-3831
-5323
-5714
-5120
-4042
-2774
-1381
-123
525
383
-195
-756
-1205
-1644
-1942
-1721
-757
795
2532
3995
4844
5029
4781
4214
2975
627
-2531
-5329
-6700
-6657
-6047
-5472
-4730
-3277
-949
1807
4175
5360
5125
4073
3175
2757
2188
836
-879
-1838
-1583
-847
-549
-744
-858
-638
-393
-425
-695
-1070
-1510
-1843
-1727
-1061
-208
469
1108
2060
3218
3970
3893
3159
2164
996
-444
-2007
-3277
-3995
-4231
-4077
-3413
-2171
-667
583
1382
1959
2487
2727
2321
1340
277
-491
-1018
-1494
-1847
-1831
-1404
-798
-247
206
577
833
931
880
662
227
-350
-831
-1040
-1065
-1086
-1097
-961
-661
-342
-63
260
622
797
571
2
-640
-1130
-1332
-1052
-4
1970
4653
7366
9138
9114
7103
3830
513
-2084
-4198
-6527
-9033
-10493
-9591
-6426
-2590
472
2829
5390
8125
9701
9046
6662
3948
1631
-524
-2680
-4358
-5081
-4969
-4367
-3316
-1818
-340
478
540
286
-20
-566
-1412
-2090
-2031
-1177
112
1537
2957
4126
4753
4821
4521
3782
2173
-433
-3334
-5436
-6219
-6085
-5707
-5249
-4314
-2511
19
2585
4335
4827
4374
3750
3402
2965
1784
-73
-1629
-1999
-1391
-792
-763
-923
-683
-125
146
-214
-936
-1558
-1874
-1896
-1636
-1091
-356
463
1389
2479
3553
4179
4026
3153
1899
513
-968
-2482
-3765
-4501
-4559
-4029
-3047
-1784
-509
533
1336
2048
2600
2622
1937
924
155
-290
-790
-1477
-1921
-1722
-1096
-582
-327
-49
364
624
521
255
89
-76
-461
-934
-1146
-1065
-1017
-1128
-1082
-595
120
630
815
866
846
586
16
-656
-1171
-1374
-1048
184
2482
5377
7851
8892
8062
5691
2653
-248
-2839
-5468
-8177
-10103
-10050
-7781
-4447
-1510
636
2724
5320
7833
8977
8114
5851
3325
1131
-854
-2790
-4387
-5179
-5030
-4161
-2839
-1331
-65
520
410
59
-187
-476
-1051
-1660
-1693
-899
366
1601
2633
3498
4136
4401
4192
3372
1715
-760
-3423
-5334
-6044
-5932
-5609
-5155
-4093
-2067
595
3006
4379
4591
4170
3731
3374
2650
1219
-541
-1744
-1884
-1360
-978
-1012
-1015
-563
76
248
-272
-1053
-1585
-1785
-1806
-1620
-1083
-231
741
1767
2901
3930
4367
3968
3036
1981
790
-769
-2522
-3877
-4465
-4465
-4160
-3495
-2322
-843
519
1586
2428
2957
2904
2272
1479
835
174
-749
-1695
-2142
-1955
-1514
-1164
-834
-360
131
405
468
474
387
48
-450
-729
-635
-480
-611
-868
-763
-161
498
733
568
375
303
144
-296
-916
-1521
-1998
-2157
-1569
138
2793
5682
7970
9015
8403
6141
2902
-310
-3045
-5650
-8325
-10202
-10003
-7605
-4383
-1697
463
2904
5678
7749
8205
7198
5470
3434
1106
-1281
-3174
-4218
-4557
-4457
-3886
-2705
-1126
273
995
976
471
-258
-1065
-1805
-2256
-2201
-1555
-400
1054
2532
3770
4623
5071
5033
4206
2283
-542
-3426
-5418
-6214
-6227
-5909
-5213
-3793
-1604
906
3098
4487
4896
4506
3762
3026
2217
1017
-499
-1680
-1956
-1529
-1085
-925
-744
-293
107
-13
-629
-1305
-1774
-2079
-2184
-1844
-980
104
1103
2086
3219
4267
4686
4211
3106
1745
247
-1386
-2958
-4139
-4752
-4793
-4266
-3188
-1745
-272
997
2035
2811
3160
2958
2306
1419
419
-635
-1556
-2077
-2112
-1846
-1494
-1090
-561
55
587
871
852
579
174
-206
-458
-584
-650
-660
-573
-376
-120
126
308
429
528
617
591
266
-392
-1164
-1759
-2051
-1993
-1380
91
2431
5178
7597
8958
8704
6715
3650
684
-1502
-3370
-5761
-8428
-9854
-8820
-5867
-2741
-485
1420
3904
6734
8537
8300
6382
3940
1706
-355
-2362
-3990
-4766
-4603
-3778
-2559
-1139
153
892
946
565
-25
-865
-1952
-2893
-3139
-2505
-1229
390
2148
3791
4999
5626
5669
4947
3112
245
-2800
-4989
-6003
-6280
-6242
-5769
-4484
-2328
279
2644
4116
4431
3961
3444
3211
2785
1540
-280
-1575
-1597
-847
-441
-750
-1081
-766
-94
87
-516
-1389
-1928
-2044
-1907
-1531
-867
-56
725
1587
2729
3939
4604
4356
3414
2198
834
-708
-2239
-3430
-4185
-4606
-4598
-3860
-2410
-782
512
1516
2501
3307
3404
2634
1505
592
-87
-808
-1514
-1820
-1602
-1211
-985
-836
-523
-120
91
82
98
215
202
-67
-331
-287
-43
50
-85
-184
-93
25
-6
-98
-84
0
16
-53
-157
-399
-962
-1760
-2330
-2173
-1107
729
3091
5670
7901
8979
8303
6026
3013
104
-2577
-5373
-8181
-10041
-9927
-7874
-5028
-2487
-283
2271
5345
7991
8934
7827
5523
3129
1037
-970
-2932
-4381
-4863
-4403
-3334
-1909
-373
779
1050
494
-336
-1071
-1842
-2759
-3393
-3137
-1916
-211
1551
3260
4791
5797
6011
5463
4216
2158
-655
-3590
-5743
-6673
-6658
-6157
-5251
-3713
-1484
1039
3159
4312
4464
4102
3744
3373
2505
936
-753
-1677
-1583
-1075
-823
-834
-689
-296
-74
-357
-986
-1590
-2045
-2370
-2371
-1766
-662
442
1275
2094
3169
4204
4580
4068
3001
1731
284
-1336
-2840
-3883
-4404
-4502
-4110
-3080
-1588
-132
949
1731
2366
2722
2575
1992
1296
665
22
-661
-1185
-1372
-1309
-1198
-1035
-678
-165
223
282
127
24
61
117
93
41
35
59
57
31
24
34
33
18
17
26
20
10
-7
-127
-512
-1215
-2039
-2610
-2541
-1589
254
2760
5501
7915
9355
9226
7357
4336
1253
-1224
-3422
-6026
-8807
-10372
-9540
-6729
-3545
-1008
1316
4208
7270
9085
8777
6882
4527
2246
-35
-2206
-3776
-4437
-4372
-3810
-2707
-1132
298
825
347
-518
-1206
-1741
-2370
-2953
-2984
-2118
-505
1393
3131
4464
5367
5906
5988
5222
3222
157
-3113
-5589
-6828
-7071
-6758
-6019
-4655
-2506
177
2697
4289
4681
4292
3791
3426
2833
1643
92
-1073
-1359
-1002
-627
-562
-636
-591
-464
-501
-827
-1355
-1921
-2334
-2357
-1820
-862
144
1021
1973
3155
4192
4458
3825
2831
1938
981
-420
-2114
-3467
-4097
-4159
-3899
-3282
-2265
-1094
-62
846
1725
2358
2390
1873
1261
804
298
-418
-1034
-1140
-821
-546
-542
-601
-510
-358
-317
-348
-312
-220
-180
-202
-193
-136
-102
-118
-121
-83
-55
-67
-76
-52
-27
-36
-48
-41
-93
-334
-785
-1307
-1715
-1897
-1782
-1235
-36
1945
4528
7141
8952
9191
7588
4671
1536
-979
-2999
-5271
-7946
-9911
-9750
-7321
-4026
-1276
913
3426
6398
8669
9038
7560
5262
2915
593
-1684
-3492
-4418
-4532
-4136
-3304
-2028
-688
90
83
-312
-653
-954
-1441
-2032
-2292
-1852
-674
1002
2783
4243
5145
5572
5662
5159
3513
577
-2898
-5686
-7045
-7149
-6645
-5903
-4749
-2856
-298
2274
3998
4467
4052
3535
3319
3032
2032
316
-1263
-1776
-1207
-459
-372
-898
-1342
-1262
-911
-816
-1184
-1802
-2321
-2440
-1986
-1025
120
1124
1967
2799
3534
3810
3449
2708
1907
1012
-184
-1561
-2695
-3355
-3690
-3793
-3421
-2383
-1007
113
783
1308
1876
2193
1928
1263
699
408
119
-343
-720
-703
-419
-248
-312
-382
-295
-170
-162
-234
-312
-451
-668
-723
-398
117
362
198
-6
97
355
377
91
-214
-349
-430
-575
-664
-555
-381
-423
-752
-1146
-1351
-1254
-754
384
2363
4975
7436
8695
8107
5944
3195
702
-1534
-4078
-7001
-9317
-9719
-7940
-5125
-2670
-810
1337
4334
7359
8871
8196
6097
3779
1713
-334
-2415
-4060
-4807
-4663
-3899
-2687
-1214
73
701
654
326
-17
-483
-1176
-1831
-1986
-1420
-282
1123
2511
3663
4460
4907
4952
4300
2599
-80
-3018
-5257
-6272
-6259
-5760
-5070
-4017
-2274
86
2421
3938
4345
4052
3701
3471
2946
1701
-38
-1436
-1844
-1429
-915
-785
-884
-848
-647
-577
-822
-1264
-1704
-2009
-2022
-1555
-619
478
1408
2149
2833
3384
3519
3111
2360
1497
538
-560
-1645
-2452
-2886
-3028
-2893
-2393
-1584
-744
-70
521
1150
1650
1722
1380
994
826
728
437
27
-180
-68
120
117
-69
-279
-446
-596
-720
-791
-852
-935
-934
-704
-303
41
211
319
495
666
670
465
164
-107
-269
-293
-211
-115
-89
-132
-216
-399
-804
-1455
-2145
-2468
-2001
-525
1813
4525
6941
8391
8382
6866
4436
1987
-64
-2150
-4807
-7591
-9124
-8472
-6193
-3675
-1602
523
3270
6142
7882
7729
6079
3894
1778
-203
-2043
-3468
-4158
-4070
-3375
-2221
-796
473
1072
913
410
-80
-679
-1603
-2540
-2828
-2222
-1077
234
1707
3337
4744
5505
5521
4792
3077
313
-2778
-5042
-5989
-6123
-6031
-5574
-4246
-2037
449
2547
3874
4308
4012
3439
2919
2243
1018
-505
-1427
-1265
-636
-468
-823
-972
-570
-164
-378
-1064
-1614
-1790
-1829
-1821
-1487
-660
375
1246
1951
2668
3260
3325
2739
1839
969
100
-890
-1804
-2276
-2278
-2145
-2076
-1872
-1320
-592
-36
261
464
619
608
469
477
758
1038
991
691
480
455
337
-83
-640
-1032
-1197
-1258
-1249
-1097
-855
-681
-568
-311
171
634
834
850
914
996
836
396
-14
-144
-139
-272
-512
-582
-398
-217
-311
-685
-1187
-1744
-2323
-2729
-2596
-1619
243
2731
5411
7735
9109
9060
7511
4924
2028
-751
-3523
-6443
-8998
-10117
-9189
-6796
-4130
-1709
918
4100
7103
8613
8100
6283
4201
2216
153
-1897
-3384
-3902
-3616
-2952
-2093
-1041
5
634
629
158
-506
-1278
-2121
-2753
-2748
-1934
-565
963
2421
3730
4758
5269
5038
3948
2035
-415
-2842
-4640
-5531
-5684
-5418
-4821
-3719
-1977
197
2239
3533
3830
3457
3036
2841
2494
1479
-34
-1170
-1308
-847
-682
-1054
-1313
-948
-345
-248
-730
-1182
-1219
-1096
-1105
-1033
-545
217
811
1144
1534
2089
2450
2274
1694
1076
540
-28
-634
-1136
-1481
-1738
-1877
-1752
-1382
-991
-699
-339
242
857
1151
1056
833
699
576
312
-33
-263
-344
-428
-604
-743
-685
-484
-344
-353
-388
-332
-230
-173
-102
106
397
577
589
613
756
812
516
-57
-544
-743
-810
-926
-1023
-938
-710
-555
-587
-759
-1008
-1318
-1617
-1733
-1473
-680
795
2970
5512
7705
8759
8233
6247
3438
614
-1797
-4040
-6523
-8885
-9911
-8739
-5953
-3013
-609
1825
4787
7492
8566
7697
5910
4206
2566
559
-1622
-3257
-4006
-4120
-3820
-2998
-1713
-528
1
-51
-202
-277
-547
-1143
-1694
-1715
-1139
-250
746
1869
3089
4163
4787
4780
4040
2511
321
-2061
-4004
-5139
-5557
-5555
-5217
-4299
-2561
-200
2096
3564
3952
3666
3301
3011
2416
1227
-191
-1092
-1178
-923
-935
-1194
-1177
-655
-42
136
-169
-622
-1003
-1303
-1466
-1358
-1027
-695
-390
192
1217
2292
2787
2544
2006
1612
1295
724
-162
-1057
-1662
-1926
-1911
-1636
-1151
-644
-309
-136
43
279
388
189
-218
-516
-516
-337
-205
-148
3
342
726
947
925
706
341
-121
-573
-904
-1124
-1314
-1436
-1306
-835
-205
296
560
683
740
684
470
162
-140
-408
-630
-731
-659
-496
-390
-379
-378
-345
-384
-601
-942
-1217
-1262
-960
-169
1279
3379
5729
7560
8116
7150
5109
2767
572
-1647
-4215
-6901
-8770
-8924
-7346
-4934
-2644
-660
1502
4108
6576
7867
7455
5802
3800
1924
98
-1762
-3358
-4272
-4377
-3829
-2790
-1448
-214
422
364
18
-253
-579
-1281
-2198
-2653
-2135
-813
727
2079
3196
4122
4758
4890
4278
2763
475
-2007
-3938
-4962
-5298
-5309
-4984
-4004
-2239
-44
1921
3081
3271
2843
2412
2268
2026
1145
-216
-1139
-978
-165
313
108
-245
-223
9
-46
-532
-1211
-1864
-2371
-2545
-2249
-1648
-1021
-326
741
2104
3135
3346
2968
2554
2193
1527
477
-505
-1024
-1225
-1446
-1658
-1582
-1215
-909
-872
-905
-783
-626
-694
-914
-894
-394
370
1006
1376
1638
1939
2185
2156
1720
925
-45
-954
-1609
-1960
-2094
-2107
-1978
-1610
-1007
-356
135
411
581
754
895
882
657
306
5
-111
-56
11
-76
-330
-559
-588
-473
-464
-710
-1078
-1347
-1489
-1619
-1678
-1340
-332
1291
3256
5283
7012
7836
7200
5192
2627
271
-1884
-4307
-6932
-8791
-8889
-7251
-4851
-2544
-313
2274
5100
7286
7984
7178
5575
3805
1973
-17
-1976
-3454
-4169
-4145
-3495
-2323
-916
193
602
416
19
-432
-1093
-1950
-2556
-2397
-1431
-65
1293
2515
3595
4449
4939
4911
4141
2419
-87
-2663
-4487
-5312
-5557
-5655
-5437
-4360
-2284
163
2039
2864
2923
2848
2952
2941
2319
1071
-146
-610
-284
190
257
5
-129
-40
-75
-536
-1331
-2155
-2814
-3211
-3185
-2587
-1517
-274
922
2066
3158
3990
4263
3867
2991
1928
862
-157
-1090
-1830
-2241
-2281
-2053
-1739
-1484
-1316
-1187
-1049
-908
-791
-674
-458
-60
468
960
1321
1634
1993
2296
2283
1831
1099
347
-322
-976
-1661
-2303
-2755
-2882
-2610
-1988
-1219
-529
32
587
1208
1748
1957
1753
1297
817
405
17
-408
-834
-1174
-1351
-1358
-1237
-1066
-910
-794
-709
-660
-686
-803
-920
-851
-420
474
1870
3741
5840
7596
8286
7470
5352
2663
126
-2061
-4195
-6496
-8506
-9249
-8128
-5610
-2840
-489
1729
4273
6754
8103
7748
6243
4532
2903
1034
-1137
-3037
-4075
-4256
-3948
-3312
-2310
-1170
-411
-291
-492
-575
-574
-827
-1320
-1504
-903
321
1569
2461
3121
3792
4407
4581
3948
2422
246
-2090
-4046
-5292
-5839
-5886
-5536
-4686
-3220
-1249
826
2507
3492
3867
3971
3975
3630
2616
1145
-26
-393
-297
-472
-1058
-1462
-1256
-839
-897
-1492
-2060
-2226
-2186
-2169
-1982
-1311
-273
742
1589
2451
3359
3970
3957
3374
2468
1354
59
-1210
-2125
-2575
-2731
-2746
-2556
-2063
-1387
-760
-290
75
361
522
587
708
962
1218
1296
1234
1227
1324
1314
1001
474
-4
-362
-789
-1415
-2035
-2305
-2143
-1781
-1447
-1121
-672
-114
411
825
1165
1429
1506
1312
930
505
96
-334
-770
-1109
-1289
-1339
-1287
-1093
-758
-396
-139
-3
58
3
-259
-669
-972
-933
-485
400
1816
3755
5812
7235
7368
6086
3866
1463
-606
-2408
-4365
-6537
-8165
-8225
-6508
-3908
-1444
735
3082
5572
7392
7799
6894
5304
3409
1223
-1102
-3099
-4353
-4809
-4570
-3710
-2378
-956
137
752
1004
987
658
11
-767
-1387
-1603
-1303
-519
559
1674
2674
3546
4214
4337
3487
1604
-801
-2975
-4450
-5224
-5500
-5365
-4716
-3428
-1521
707
2696
3889
4148
3875
3553
3192
2388
1002
-430
-1169
-1088
-776
-808
-1137
-1314
-1129
-839
-807
-1118
-1601
-2037
-2240
-2048
-1418
-511
399
1190
1963
2779
3425
3550
3029
2102
1096
135
-814
-1701
-2342
-2603
-2502
-2123
-1527
-814
-155
301
542
642
632
528
397
333
339
348
375
536
867
1195
1278
1044
623
166
-295
-790
-1301
-1750
-2047
-2132
-1963
-1561
-1039
-541
-122
284
742
1176
1412
1370
1145
891
639
313
-99
-494
-770
-947
-1097
-1184
-1113
-901
-709
-638
-573
-354
-34
164
131
9
-24
48
182
502
1237
2457
3924
5202
5854
5572
4340
2496
517
-1357
-3212
-5061
-6507
-6954
-6193
-4612
-2782
-958
933
2941
4807
6050
6296
5527
4086
2414
786
-719
-2012
-2914
-3284
-3154
-2654
-1896
-1016
-266
119
147
11
-176
-463
-848
-1121
-1038
-552
223
1183
2219
3121
3651
3701
3280
2342
830
-1060
-2833
-4042
-4634
-4830
-4721
-4146
-2941
-1227
619
2192
3240
3735
3818
3623
3131
2226
967
-275
-1082
-1376
-1445
-1547
-1603
-1379
-884
-441
-359
-630
-1007
-1258
-1313
-1209
-985
-638
-121
610
1500
2351
2915
3071
2876
2434
1742
731
-536
-1799
-2741
-3181
-3119
-2636
-1836
-877
49
828
1453
1899
2031
1726
1107
502
146
-8
-131
-264
-304
-186
18
202
272
172
-105
-453
-726
-902
-1084
-1290
-1351
-1112
-651
-190
151
412
634
772
794
733
600
357
32
-228
-309
-274
-269
-347
-465
-597
-736
-839
-859
-845
-862
-838
-602
-133
311
445
262
12
-132
-209
-272
-138
544
1924
3698
5226
5920
5565
4370
2743
982
-878
-2920
-5022
-6683
-7274
-6545
-4856
-2850
-893
1097
3269
5374
6797
7038
6102
4435
2501
540
-1339
-2946
-4007
-4362
-4076
-3344
-2354
-1276
-339
243
410
289
14
-375
-825
-1138
-1073
-556
269
1215
2180
3072
3707
3860
3379
2239
561
-1368
-3118
-4325
-4879
-4902
-4513
-3670
-2287
-476
1367
2752
3408
3446
3199
2874
2381
1521
343
-758
-1353
-1346
-1037
-789
-727
-721
-641
-530
-550
-802
-1229
-1655
-1868
-1709
-1152
-334
540
1366
2164
2908
3384
3337
2726
1771
702
-396
-1474
-2375
-2905
-2988
-2652
-1920
-872
241
1098
1570
1775
1812
1605
1086
401
-208
-643
-939
-1045
-836
-335
220
607
829
989
1064
919
494
-104
-710
-1202
-1527
-1689
-1728
-1651
-1386
-857
-167
416
704
771
839
973
1004
782
398
96
-31
-119
-318
-579
-752
-798
-816
-874
-924
-920
-901
-866
-692
-303
134
336
241
81
66
127
75
-36
153
983
2423
4024
5178
5449
4797
3538
2077
590
-1035
-2935
-4912
-6366
-6682
-5723
-3945
-1948
5
2001
4038
5738
6581
6358
5277
3710
1924
74
-1670
-3075
-3928
-4143
-3798
-3069
-2135
-1133
-234
353
515
365
137
-55
-247
-418
-377
38
753
1530
2206
2752
3104
3088
2526
1377
-227
-1991
-3505
-4425
-4691
-4511
-4064
-3275
-1970
-221
1554
2867
3511
3621
3439
3049
2327
1189
-152
-1244
-1740
-1704
-1472
-1283
-1114
-844
-492
-199
-85
-174
-425
-744
-972
-952
-636
-122
475
1119
1799
2422
2802
2785
2342
1548
520
-596
-1615
-2378
-2813
-2905
-2612
-1902
-897
118
909
1446
1815
1989
1824
1280
563
-55
-448
-653
-719
-649
-462
-219
54
347
586
630
399
-21
-470
-833
-1085
-1223
-1240
-1130
-896
-560
-176
156
382
517
600
621
551
428
326
241
90
-149
-379
-504
-559
-652
-784
-841
-750
-594
-490
-459
-427
-328
-160
53
286
480
537
398
114
-200
-415
-384
95
1154
2662
4163
5119
5229
4543
3311
1790
131
-1618
-3428
-5096
-6167
-6160
-5017
-3212
-1299
579
2586
4622
6122
6532
5859
4554
2971
1164
-797
-2587
-3846
-4464
-4525
-4049
-3021
-1636
-335
518
892
971
869
570
98
-374
-612
-487
-33
598
1245
1813
2266
2539
2490
1942
846
-617
-2111
-3322
-4084
-4381
-4235
-3637
-2575
-1137
433
1814
2749
3164
3148
2869
2429
1809
964
4
-779
-1149
-1187
-1176
-1234
-1177
-834
-366
-123
-237
-507
-686
-715
-645
-469
-149
287
794
1369
1961
2364
2357
1926
1284
619
-38
-717
-1381
-1935
-2269
-2225
-1684
-746
211
844
1151
1369
1579
1571
1160
474
-171
-585
-794
-860
-770
-505
-129
256
581
789
809
607
227
-230
-660
-979
-1124
-1093
-951
-778
-589
-370
-143
38
167
272
354
359
277
185
159
180
178
129
69
-10
-163
-393
-607
-727
-786
-844
-871
-768
-525
-243
-3
222
469
667
703
576
382
174
-75
-345
-486
-330
175
996
2074
3241
4126
4307
3666
2497
1218
-15
-1315
-2743
-4046
-4758
-4558
-3544
-2148
-744
615
2070
3556
4651
4904
4264
3076
1707
300
-1106
-2356
-3208
-3529
-3356
-2784
-1906
-875
55
668
946
1009
931
653
130
-487
-893
-879
-501
11
493
950
1433
1858
1996
1639
780
-364
-1484
-2352
-2883
-3106
-3058
-2716
-2023
-988
229
1331
2052
2326
2310
2171
1906
1374
556
-302
-875
-1065
-1056
-1038
-991
-765
-349
66
273
237
65
-134
-288
-349
-302
-187
-54
137
480
947
1330
1427
1253
972
671
282
-224
-718
-1026
-1125
-1099
-990
-764
-426
-62
247
477
596
564
426
310
276
219
41
-172
-244
-151
-27
46
128
268
352
253
0
-255
-444
-607
-754
-820
-792
-767
-801
-773
-526
-100
273
447
496
571
682
710
591
384
162
-79
-341
-568
-696
-737
-744
-720
-615
-415
-178
25
167
255
315
371
436
471
404
221
3
-168
-300
-428
-479
-257
391
1417
2554
3434
3755
3426
2626
1663
672
-479
-1905
-3345
-4237
-4201
-3410
-2355
-1332
-237
1094
2521
3607
3996
3679
2910
1930
818
-397
-1582
-2501
-2976
-2994
-2620
-1917
-985
-63
564
790
742
563
249
-243
-783
-1107
-1058
-711
-229
324
955
1623
2184
2437
2199
1393
165
-1139
-2173
-2825
-3175
-3275
-3039
-2364
-1307
-79
1072
1935
2401
2520
2436
2199
1692
837
-133
-797
-966
-883
-860
-881
-694
-262
119
192
23
-175
-374
-664
-962
-1005
-690
-214
213
644
1223
1848
2189
2065
1613
1069
501
-141
-824
-1413
-1799
-1952
-1854
-1513
-1022
-525
-82
349
772
1069
1124
975
772
608
453
257
44
-123
-214
-235
-206
-159
-159
-255
-422
-589
-711
-799
-861
-855
-739
-523
-267
-14
232
455
609
668
664
635
554
365
80
-190
-362
-458
-556
-669
-724
-671
-542
-400
-262
-101
91
282
427
500
504
447
352
223
76
-84
-248
-400
-493
-433
-107
560
1548
2687
3642
4027
3638
2646
1472
403
-640
-1876
-3213
-4170
-4296
-3619
-2566
-1483
-353
979
2418
3569
4073
3885
3208
2222
1006
-320
-1514
-2353
-2802
-2939
-2746
-2114
-1105
-65
593
758
635
438
177
-208
-637
-897
-858
-556
-105
434
1050
1693
2234
2479
2250
1474
289
-999
-2079
-2799
-3169
-3228
-2962
-2342
-1390
-228
939
1858
2342
2402
2218
1931
1499
832
56
-522
-743
-776
-856
-961
-869
-520
-138
42
5
-137
-330
-547
-675
-594
-335
-30
303
751
1300
1741
1886
1752
1473
1083
543
-104
-712
-1191
-1560
-1814
-1837
-1543
-1034
-517
-91
303
713
1042
1135
976
707
470
274
69
-132
-235
-202
-117
-84
-105
-112
-98
-139
-280
-466
-618
-723
-807
-851
-792
-613
-375
-132
100
312
468
531
514
448
342
184
-16
-226
-414
-557
-633
-620
-537
-420
-293
-150
-12
60
36
-26
-40
-1
34
58
130
256
313
190
-39
-180
-145
-19
166
587
1437
2577
3531
3863
3530
2811
1947
954
-252
-1632
-2956
-3905
-4243
-3939
-3168
-2161
-1024
278
1724
3068
3930
4090
3627
2759
1645
381
-880
-1932
-2647
-3003
-2986
-2549
-1754
-864
-187
174
348
463
472
258
-148
-521
-627
-421
-42
361
750
1173
1616
1926
1878
1357
452
-597
-1551
-2266
-2713
-2911
-2856
-2493
-1765
-732
391
1317
1870
2079
2093
1994
1733
1233
551
-90
-500
-687
-806
-918
-903
-667
-342
-174
-220
-300
-281
-253
-349
-477
-412
-94
303
627
915
1231
1488
1534
1347
1033
642
142
-438
-964
-1335
-1551
-1623
-1480
-1088
-552
-52
348
685
944
1028
893
644
406
210
18
-147
-212
-168
-97
-77
-94
-93
-69
-77
-165
-329
-523
-692
-796
-814
-756
-641
-480
-265
1
267
453
507
458
377
308
229
97
-87
-258
-354
-358
-306
-245
-207
-191
-176
-153
-129
-113
-102
-89
-62
3
138
319
466
510
483
456
420
287
32
-237
-412
-527
-664
-773
-680
-268
426
1284
2173
2905
3256
3125
2645
2016
1266
262
-1003
-2257
-3108
-3355
-3090
-2530
-1812
-953
49
1086
1951
2460
2557
2301
1783
1104
380
-284
-855
-1329
-1643
-1675
-1393
-945
-542
-274
-107
-7
9
-60
-166
-268
-351
-374
-248
45
398
689
915
1121
1259
1181
808
228
-402
-974
-1436
-1748
-1877
-1818
-1566
-1103
-452
248
812
1159
1360
1486
1481
1239
771
263
-90
-256
-354
-472
-553
-491
-285
-67
37
11
-79
-178
-266
-318
-301
-228
-129
-2
192
451
685
806
799
703
529
267
-45
-339
-572
-739
-813
-746
-550
-315
-112
64
234
366
398
328
207
81
-30
-98
-87
-28
2
-21
-47
-36
-7
-3
-26
-57
-112
-222
-361
-451
-445
-377
-314
-276
-239
-170
-62
55
147
203
239
270
274
229
163
132
145
137
57
-64
-150
-160
-121
-81
-67
-68
-44
33
142
207
185
117
81
93
105
84
44
-1
-69
-155
-184
-103
44
142
138
81
29
-28
-135
-270
-329
-214
106
590
1149
1678
2072
2246
2147
1754
1111
317
-512
-1293
-1965
-2425
-2547
-2296
-1774
-1124
-409
376
1164
1790
2112
2101
1799
1253
547
-168
-742
-1135
-1388
-1488
-1357
-984
-505
-106
130
227
226
133
-38
-250
-461
-624
-662
-510
-189
185
519
806
1071
1251
1219
906
387
-190
-698
-1095
-1374
-1514
-1466
-1195
-745
-225
260
649
909
1011
957
801
609
399
178
-2
-61
-9
61
91
122
202
270
209
2
-256
-483
-676
-830
-887
-800
-604
-363
-75
294
699
1015
1148
1114
967
717
361
-42
-398
-652
-818
-905
-883
-727
-482
-236
-40
108
225
300
308
260
201
170
165
156
132
104
94
91
59
-18
-124
-228
-312
-385
-435
-433
-375
-296
-226
-141
1
178
315
368
379
404
430
403
309
191
76
-38
-143
-210
-234
-246
-261
-251
-200
-145
-117
-81
19
161
268
303
312
326
316
238
114
1
-87
-181
-275
-317
-278
-205
-180
-229
-292
-286
-178
9
262
605
1051
1505
1786
1769
1496
1115
698
201
-432
-1129
-1703
-1994
-1967
-1716
-1355
-935
-412
249
945
1466
1664
1577
1341
1026
610
103
-396
-779
-1009
-1083
-978
-696
-348
-87
36
100
163
172
41
-198
-410
-484
-417
-252
-4
310
636
897
1054
1085
954
612
101
-428
-828
-1066
-1199
-1254
-1181
-927
-519
-52
371
690
890
985
991
882
632
275
-66
-270
-334
-344
-362
-352
-262
-116
0
29
-10
-83
-169
-264
-336
-354
-319
-246
-127
56
279
468
565
574
537
455
292
51
-205
-404
-532
-605
-613
-531
-363
-153
67
285
471
562
526
417
309
215
94
-47
-130
-115
-54
-33
-47
-22
68
141
116
6
-108
-170
-191
-201
-201
-172
-106
-2
116
215
269
282
279
254
164
9
-133
-180
-158
-160
-213
-230
-143
-7
63
38
-4
-4
19
19
-12
-53
-100
-131
-104
-11
81
93
35
-3
19
38
-11
-101
-148
-132
-116
-145
-175
-134
-36
31
19
-9
30
117
159
121
62
43
31
-19
-87
-105
-62
-17
-5
16
74
123
111
57
32
52
67
47
21
25
38
14
-48
-100
-110
-89
-61
-30
19
94
185
274
361
463
602
757
863
841
670
395
101
-165
-403
-627
-819
-921
-875
-680
-400
-136
76
272
496
703
800
739
576
394
211
-16
-291
-541
-694
-751
-758
-726
-629
-464
-279
-121
15
144
240
258
208
163
172
202
185
114
50
35
48
21
-65
-172
-265
-320
-335
-309
-247
-166
-77
26
146
263
331
322
243
132
30
-52
-125
-199
-258
-262
-191
-73
27
75
88
104
133
144
108
33
-36
-71
-79
-88
-115
-136
-126
-93
-69
-64
-68
-60
-43
-23
0
26
32
-3
-50
-54
0
63
64
5
-62
-89
-95
-112
-149
-191
-228
-259
-273
-255
-209
-158
-80
106
469
974
1487
1855
1970
1784
1338
765
224
-256
-792
-1465
-2108
-2386
-2135
-1543
-938
-449
65
731
1439
1915
1991
1737
1326
869
398
-69
-478
-783
-982
-1076
-1027
-799
-461
-184
-94
-149
-194
-168
-152
-230
-338
-332
-150
152
495
846
1161
1354
1375
1237
944
445
-258
-983
-1492
-1703
-1737
-1705
-1539
-1113
-452
241
772
1089
1236
1269
1205
1029
726
317
-92
-363
-443
-411
-374
-335
-233
-75
21
-36
-195
-342
-436
-515
-577
-535
-348
-78
197
489
819
1086
1139
964
699
441
135
-281
-710
-992
-1093
-1097
-1026
-801
-416
-17
262
443
607
726
703
544
369
249
140
8
-89
-88
-33
-12
-35
-44
-40
-85
-212
-369
-477
-508
-479
-391
-235
-31
185
392
593
765
851
798
619
373
121
-123
-348
-523
-616
-626
-581
-488
-335
-130
75
224
307
329
307
253
199
176
173
160
131
106
100
99
76
24
-49
-134
-220
-292
-338
-352
-331
-273
-179
-61
65
189
294
363
387
367
312
230
131
20
-103
-226
-328
-376
-359
-291
-204
-118
-39
31
83
109
110
90
66
61
91
145
186
186
150
113
99
100
87
43
-27
-103
-164
-194
-187
-156
-115
-60
14
105
176
208
214
224
232
193
103
10
-36
-48
-74
-115
-123
-88
-49
-48
-64
-57
-33
-27
-55
-102
-147
-179
-176
-118
-25
54
90
107
144
196
224
193
106
-1
-89
-140
-162
-180
-204
-219
-208
-170
-115
-52
-3
19
27
49
90
120
114
97
114
160
177
130
51
-12
-51
-86
-123
-151
-160
-151
-115
-47
23
66
80
98
137
167
156
120
95
89
76
34
-21
-63
-89
-106
-114
-102
-78
-60
-50
-27
18
59
64
40
20
24
36
40
53
83
107
86
21
-42
-68
-78
-106
-149
-168
-147
-109
-74
-34
25
79
101
92
89
104
103
51
-31
-82
-74
-38
-24
-35
-34
-2
45
83
105
112
95
49
-4
-40
-58
-79
-110
-123
-88
-18
46
80
94
108
116
108
84
67
58
39
-14
-91
-153
-166
-135
-112
-121
-136
-110
-37
41
77
83
98
129
145
133
117
116
104
43
-46
-104
-111
-110
-140
-172
-152
-84
-31
-23
-27
-1
35
44
30
35
67
89
71
31
1
-21
-52
-78
-78
-62
-64
-89
-105
-94
-79
-90
-104
-84
-30
6
5
-4
18
63
91
78
39
-3
-31
-46
-48
-48
-60
-74
-63
-12
55
104
128
148
178
204
211
204
212
260
345
422
435
343
164
-23
-149
-217
-293
-416
-534
-545
-410
-203
-36
62
161
322
495
572
513
385
268
161
16
-163
-314
-394
-428
-448
-435
-358
-237
-132
-61
6
91
164
179
142
106
110
142
165
155
125
99
87
74
29
-66
-197
-322
-406
-434
-421
-373
-295
-181
-37
121
262
354
384
368
335
290
214
94
-45
-145
-178
-169
-162
-167
-153
-100
-30
18
34
42
60
73
65
48
53
83
107
106
103
128
170
182
135
50
-36
-111
-178
-234
-267
-274
-252
-195
-97
23
117
163
183
208
224
198
129
51
-7
-48
-84
-110
-119
-116
-103
-74
-29
16
35
33
27
20
3
-24
-42
-36
-15
8
33
69
108
130
122
89
45
1
-40
-79
-109
-122
-113
-89
-52
-4
48
88
96
76
50
35
18
-24
-79
-111
-101
-71
-50
-38
-14
29
71
92
84
54
14
-22
-43
-53
-60
-58
-42
-4
41
80
108
123
121
101
66
23
-31
-86
-115
-105
-71
-49
-44
-22
34
101
132
116
82
53
31
4
-21
-25
-13
-2
2
9
27
37
22
-10
-36
-45
-50
-61
-66
-47
-7
37
67
84
98
105
98
79
58
35
11
-14
-32
-38
-38
-39
-40
-34
-25
-23
-31
-46
-60
-66
-69
-69
-66
-57
-35
-6
22
46
66
88
108
115
103
78
49
20
-11
-43
-76
-97
-103
-97
-89
-83
-69
-39
2
38
57
75
107
149
177
172
139
100
64
30
-5
-46
-93
-135
-155
-146
-116
-85
-58
-32
-4
24
46
64
78
89
93
94
95
87
63
31
2
-27
-67
-118
-158
-172
-165
-150
-127
-90
-41
2
34
59
87
109
115
112
109
106
93
61
15
-39
-92
-129
-143
-142
-135
-119
-82
-23
44
93
112
109
103
101
103
105
99
84
70
65
71
74
57
20
-24
-67
-101
-123
-137
-135
-115
-72
-17
40
86
120
137
142
131
103
62
12
-43
-94
-132
-146
-138
-114
-83
-50
-12
30
66
90
96
78
42
-6
-43
-58
-54
-43
-35
-21
4
35
52
47
30
14
-3
-27
-53
-67
-62
-47
-30
-5
30
63
83
85
79
79
81
80
69
48
21
-4
-17
-17
-13
-12
-16
-14
-2
13
20
16
9
8
13
14
13
10
11
13
13
9
0
-17
-43
-70
-84
-78
-60
-40
-17
10
40
61
68
63
51
35
16
-6
-26
-45
-58
-65
-62
-54
-46
-46
-46
-35
-12
15
33
39
47
64
84
89
71
40
8
-13
-24
-28
-28
-26
-19
-2
23
45
46
25
-4
-24
-29
-30
-29
-21
-1
29
61
85
102
104
89
57
18
-19
-51
-76
-93
-97
-87
-69
-51
-32
-12
7
19
21
24
31
44
56
60
58
50
33
8
-20
-43
-59
-69
-75
-74
-62
-42
-22
-5
6
16
25
27
23
17
17
25
33
33
26
19
16
15
14
11
2
-14
-31
-44
-49
-46
-39
-27
-6
20
43
59
68
69
65
55
43
30
16
4
-8
-14
-13
-8
-7
-10
-15
-19
-22
-25
-24
-24
-21
-15
-6
5
12
17
17
21
24
24
21
17
16
15
11
4
-4
-9
-14
-20
-27
-30
-26
-17
-2
9
17
17
13
7
0
-10
-23
-34
-35
-28
-11
10
28
38
40
36
26
11
-8
-27
-40
-46
-45
-36
-21
2
25
42
51
53
51
46
35
20
8
-1
-6
-7
-7
-3
2
6
6
10
18
29
33
29
22
18
19
23
26
23
17
14
17
24
27
26
22
18
12
6
-2
-6
-7
-4
1
11
24
35
40
43
41
40
36
32
29
28
28
25
18
8
-2
-8
-12
-9
-7
-6
-3
4
16
28
36
39
38
36
35
34
31
21
9
-2
-8
-12
-19
-25
-27
-23
-16
-13
-7
4
19
30
38
45
52
55
51
45
38
30
15
-1
-13
-21
-29
-37
-40
-35
-22
-7
10
29
48
61
65
65
66
64
57
48
40
33
24
14
9
6
-4
-23
-46
-59
-62
-60
-57
-45
-24
-2
17
29
39
42
40
35
29
24
16
3
-8
-14
-13
-17
-30
-43
-49
-46
-42
-39
-30
-10
11
29
42
53
57
53
43
34
29
22
9
-4
-12
-19
-26
-32
-34
-31
-30
-27
-18
-4
10
23
33
39
37
28
21
19
18
11
0
-8
-6
-2
-1
-5
-6
0
5
9
12
16
22
27
29
28
28
30
31
30
27
25
22
20
12
1
-9
-12
-13
-15
-16
-11
1
16
29
40
46
49
48
48
43
34
19
3
-4
-4
-2
0
2
4
5
5
7
11
15
16
13
13
15
16
13
12
10
7
2
-1
-1
0
-1
-1
1
4
3
-1
-2
5
15
21
26
31
38
44
42
39
35
29
21
8
-5
-11
-10
-9
-9
-8
-3
6
17
23
27
28
28
31
39
46
46
41
36
32
24
6
-18
-38
-47
-48
-44
-34
-19
0
15
24
29
34
34
29
23
19
17
12
5
-2
-3
-3
-8
-16
