
263
242
280
357
341
392
423
399
434
419
420
426
403
436
430
457
412
397
450
428
388
372
333
294
304
269
277
293
392
243
476
401
451
508
394
406
387
399
332
381
346
319
331
332
364
299
293
302
394
216
262
234
121
247
116
232
82
89
36
133
48
-23
91
-10
14
-6
46
-18
-48
-15
-44
-10
-73
-85
-152
-111
-167
-227
-164
-214
-139
-247
-151
-166
-103
-22
-106
-69
-51
-86
-101
-119
-189
-225
-269
-268
-361
-325
-349
-397
-459
-494
-335
-493
-439
-448
-340
-294
-468
-276
-281
-257
-346
-313
-319
-355
-288
-342
-338
-310
-385
-433
-387
-414
-316
-339
-352
-332
-248
-302
-286
-219
-239
-255
-193
-171
-244
-191
-154
-219
-139
-277
-203
-131
-231
-229
-228
-117
-207
-180
-151
-107
-49
-47
-25
-100
-79
-129
-113
-80
-60
15
-98
33
-63
-27
36
1
32
20
87
0
16
69
34
0
4
39
1
119
80
167
115
227
236
121
381
285
361
371
395
360
354
368
299
324
357
392
311
405
378
422
420
461
442
403
474
413
422
387
451
366
434
428
348
437
367
421
389
364
402
373
370
409
404
404
393
408
431
360
248
302
205
185
171
153
188
163
170
186
183
106
117
32
74
150
63
80
-29
95
-30
-54
38
-21
35
16
15
-33
57
42
23
-28
-91
-3
-123
-128
-209
-253
-281
-322
-297
-329
-313
-265
-308
-205
-205
-286
-196
-239
-229
-277
-268
-354
-309
-439
-431
-391
-453
-435
-464
-468
-472
-381
-404
-438
-402
-419
-448
-389
-378
-376
-352
-287
-309
-236
-303
-297
-340
-414
-469
-531
-536
-520
-470
-494
-434
-426
-377
-377
-323
-374
-379
-356
-338
-279
-243
-270
-188
-201
-143
-174
-192
-121
-143
-83
-62
-67
6
-21
-43
23
-37
-27
-11
66
86
139
186
146
200
187
228
262
191
264
262
266
371
285
361
306
332
265
353
337
293
366
321
301
298
315
289
324
286
373
334
302
441
393
411
438
385
379
410
402
367
438
334
410
381
434
355
325
440
335
468
405
431
444
485
490
508
524
497
518
399
472
367
393
338
381
391
304
379
324
330
161
232
109
103
59
-10
59
1
9
-34
22
-79
20
-88
-53
-39
-90
-103
-200
-145
-281
-216
-353
-317
-371
-364
-232
-320
-343
-321
-271
-359
-355
-407
-454
-409
-419
-411
-401
-475
-419
-370
-462
-445
-424
-471
-435
-482
-445
-453
-522
-493
-545
-550
-527
-510
-520
-493
-461
-414
-406
-497
-494
-463
-502
-512
-488
-432
-508
-418
-430
-431
-316
-467
-324
-331
-275
-282
-258
-130
-203
-193
-271
-157
-217
-142
-162
-93
-103
-100
-67
-77
-55
-66
76
38
135
84
187
142
128
191
138
200
172
230
227
271
229
227
266
302
331
354
365
367
454
327
370
435
381
335
400
406
355
371
423
380
414
408
354
474
444
438
459
459
472
482
517
516
508
492
545
482
439
442
453
403
368
429
413
419
407
490
469
460
448
434
457
360
340
324
348
326
190
254
221
299
191
144
229
125
160
84
92
123
23
40
18
-5
-85
-146
-167
-160
-127
-106
-64
-109
-64
-62
-28
-113
-91
-112
-109
-162
-179
-151
-226
-127
-190
-219
-251
-285
-268
-305
-222
-297
-269
-359
-301
-310
-377
-274
-424
-371
-452
-445
-351
-395
-336
-426
-335
-372
-384
-349
-447
-406
-458
-456
-392
-465
-416
-419
-446
-390
-371
-429
-330
-379
-315
-307
-348
-268
-407
-349
-440
-371
-418
-418
-415
-406
-416
-404
-406
-364
-360
-417
-272
-324
-187
-211
-134
-137
-40
-74
-21
-64
-28
-1
-3
10
-28
73
-76
17
54
107
96
153
185
203
287
270
269
218
259
189
352
352
261
329
294
302
356
253
341
290
266
270
264
337
304
444
386
455
492
567
556
506
545
454
446
374
350
343
353
270
368
317
341
307
309
391
295
452
289
401
304
322
311
327
390
308
341
273
347
205
217
162
147
165
114
139
179
172
249
178
288
226
217
211
171
209
133
82
134
138
32
33
37
-28
-84
-54
-199
-108
-168
-99
-130
-151
-156
-123
-142
-104
-158
-183
-118
-133
-86
-37
-204
-143
-165
-266
-272
-286
-235
-426
-331
-325
-305
-381
-381
-361
-432
-405
-419
-394
-488
-352
-401
-398
-431
-437
-391
-454
-423
-438
-387
-457
-435
-347
-382
-296
-317
-311
-281
-291
-277
-310
-277
-337
-348
-379
-325
-384
-408
-397
-439
-458
-330
-401
-337
-304
-276
-240
-188
-201
-195
-99
-182
-193
-122
-106
-174
-105
-165
-86
-103
-96
-74
-137
-48
-76
-43
39
32
129
121
146
100
116
88
182
225
241
322
313
378
313
399
379
459
395
450
531
529
474
522
550
467
508
556
507
474
538
479
570
447
472
433
466
451
371
480
473
421
387
427
430
339
319
376
289
297
272
262
306
215
245
244
193
246
261
237
214
238
323
335
304
278
355
317
301
259
298
221
150
170
90
84
110
97
29
87
18
-67
-10
-76
-112
-59
-56
64
13
8
50
-34
-24
-89
-92
-212
-188
-198
-210
-203
-302
-248
-321
-277
-368
-269
-306
-291
-273
-344
-238
-273
-145
-285
-256
-301
-269
-383
-372
-309
-406
-348
-437
-379
-473
-439
-459
-495
-454
-550
-517
-548
-567
-552
-523
-559
-616
-515
-598
-537
-625
-585
-593
-584
-630
-586
-552
-482
-400
-488
-450
-445
-374
-427
-296
-400
-302
-246
-292
-195
-248
-181
-186
-95
-118
-55
-49
8
14
41
56
129
126
193
186
159
153
230
212
106
184
122
182
175
254
229
283
173
299
232
279
284
280
323
255
255
363
292
188
268
180
292
304
357
348
438
368
446
470
507
445
387
339
405
439
344
367
395
456
510
450
477
542
493
538
477
531
466
454
437
481
418
428
481
468
429
504
471
499
391
337
362
287
247
207
248
138
237
212
232
273
137
204
142
99
172
139
107
109
41
108
1
-32
-37
-147
-142
-227
-192
-194
-186
-174
-116
-124
-162
-94
-105
-112
-252
-229
-297
-298
-261
-391
-322
-410
-469
-471
-485
-490
-475
-448
-464
-465
-443
-397
-503
-401
-368
-377
-416
-416
-236
-345
-327
-346
-305
-355
-369
-358
-437
-441
-446
-349
-282
-388
-281
-362
-360
-339
-341
-380
-389
-342
-344
-255
-369
-283
-307
-312
-383
-379
-327
-326
-370
-262
-302
-306
-330
-346
-255
-300
-185
-200
-123
-121
-72
-119
-114
-53
-134
-107
-160
-21
-63
-68
-87
23
42
129
170
169
264
233
254
305
376
276
392
343
290
343
375
480
309
385
325
437
433
392
448
387
474
454
527
529
538
507
542
501
482
494
464
633
504
512
500
419
482
472
467
440
461
428
478
439
404
379
348
444
303
373
364
337
399
329
260
168
241
192
167
158
137
133
134
167
144
42
28
36
-95
-37
-119
-142
-195
-150
-154
-22
-67
-37
102
18
122
51
125
-22
-55
-148
-183
-198
-213
-248
-259
-200
-233
-235
-235
-170
-252
-217
-275
-281
-259
-288
-225
-354
-246
-336
-351
-319
-445
-426
-437
-438
-459
-479
-485
-470
-492
-461
-466
-580
-477
-525
-458
-419
-382
-347
-397
-295
-326
-276
-355
-292
-341
-394
-334
-497
-377
-474
-454
-500
-434
-430
-377
-412
-338
-270
-361
-345
-215
-173
-190
-163
-118
-80
-61
-17
10
-12
40
94
118
107
101
109
46
115
114
194
170
197
229
279
250
276
286
304
255
237
296
206
269
179
221
164
250
256
244
351
315
340
382
391
417
371
328
398
415
423
442
441
428
441
441
465
367
415
430
413
459
480
455
419
469
344
349
335
327
372
255
207
281
268
195
211
225
204
244
268
253
293
281
219
296
243
276
216
177
216
169
213
67
159
60
66
138
69
45
11
-26
-46
-89
-98
-96
-114
-168
-133
-137
-128
-224
-165
-196
-237
-207
-204
-152
-270
-295
-243
-209
-316
-291
-214
-274
-215
-201
-231
-253
-146
-258
-226
-241
-335
-280
-285
-307
-155
-226
-293
-236
-304
-372
-297
-274
-350
-303
-346
-326
-306
-263
-229
-270
-320
-303
-326
-337
-380
-408
-484
-448
-440
-379
-446
-376
-334
-396
-390
-347
-336
-338
-289
-317
-257
-247
-203
-199
-256
-149
-140
-162
-116
-129
-100
-113
-47
-37
-12
48
69
100
119
141
-12
13
71
6
26
-57
-36
-24
30
65
35
-17
23
39
37
85
-27
60
133
149
162
260
236
257
279
246
225
202
143
150
279
260
262
324
374
446
458
455
517
432
549
481
538
480
405
423
403
403
382
446
378
393
396
421
364
419
336
265
264
255
315
315
334
286
350
322
255
385
275
362
346
289
337
256
348
191
270
223
213
275
161
234
257
236
147
190
125
53
18
91
79
48
16
-7
47
88
29
15
-1
-42
-63
-32
-83
-95
-90
-200
-152
-245
-231
-293
-323
-342
-416
-368
-424
-372
-432
-454
-448
-486
-453
-486
-509
-502
-480
-470
-468
-360
-429
-402
-378
-423
-445
-479
-427
-519
-531
-568
-535
-568
-565
-467
-479
-461
-444
-424
-453
-417
-488
-524
-439
-537
-424
-444
-469
-434
-448
-365
-364
-344
-388
-359
-357
-384
-333
-319
-265
-210
-140
-66
-69
-38
40
63
42
107
80
63
112
112
130
44
149
117
151
174
101
197
153
193
255
204
127
148
152
200
165
206
222
160
198
273
207
218
250
362
300
463
421
441
515
507
488
444
505
456
546
465
519
406
435
468
479
428
438
456
524
514
422
422
470
496
536
484
510
535
513
582
537
516
420
475
309
409
381
420
408
365
403
357
400
274
401
302
299
302
209
340
260
194
186
150
157
112
1
127
120
-14
61
-59
52
-5
-7
-23
-150
-83
-169
-187
-215
-231
-223
-373
-318
-386
-321
-360
-512
-464
-586
-536
-642
-548
-595
-525
-580
-517
-384
-519
-380
-441
-311
-356
-443
-520
-525
-628
-638
-606
-685
-565
-634
-460
-461
-374
-328
-260
-222
-285
-252
-214
-248
-245
-349
-316
-396
-448
-417
-448
-400
-483
-425
-425
-369
-391
-407
-397
-395
-332
-315
-284
-231
-278
-285
-168
-186
-174
-204
-199
-127
-173
-88
-134
-37
-124
-70
32
70
131
69
188
176
261
254
310
371
395
403
483
453
485
508
443
442
484
451
285
398
286
283
310
250
327
293
278
317
317
315
242
312
329
324
286
319
438
372
471
373
438
478
428
384
315
342
333
283
304
235
295
280
319
333
355
409
310
401
346
266
375
302
335
290
342
348
346
382
350
331
337
350
203
196
159
175
81
78
64
72
10
85
-52
5
-54
-26
-33
-82
-56
-89
1
-42
-6
-88
15
-110
-30
-128
-95
-145
-176
-77
-260
-137
-284
-222
-332
-275
-267
-315
-317
-349
-316
-372
-339
-398
-410
-306
-419
-435
-449
-440
-530
-474
-507
-494
-462
-572
-479
-459
-499
-475
-497
-455
-321
-424
-381
-360
-384
-355
-349
-314
-326
-292
-280
-217
-251
-263
-265
-251
-165
-253
-259
-212
-217
-161
-195
-212
-107
-182
-200
-182
-97
-190
-150
-155
-192
-68
-168
-32
-99
-43
-48
-7
6
-10
35
36
18
-15
91
-5
30
-32
74
52
11
144
92
192
186
269
280
266
333
284
347
334
332
361
267
177
340
269
289
448
363
409
512
363
478
348
418
362
386
368
370
496
336
434
343
388
364
347
333
326
354
306
417
413
331
389
328
307
340
348
336
376
330
362
396
370
360
290
264
200
245
139
136
203
134
165
196
214
265
174
167
112
88
76
-92
53
-22
-81
8
-63
51
-95
58
-20
-11
-55
-68
-42
-213
-144
-199
-149
-280
-177
-84
-152
-159
-198
-184
-217
-222
-233
-269
-232
-287
-271
-236
-287
-302
-343
-373
-324
-423
-300
-365
-296
-380
-341
-384
-367
-372
-518
-386
-470
-378
-531
-460
-507
-557
-500
-573
-459
-651
-501
-506
-490
-490
-483
-398
-467
-285
-356
-323
-314
-293
-211
-220
-128
-220
-140
-126
-111
-35
-114
-75
-245
-237
-201
-195
-227
-267
-202
-191
-154
-93
-79
42
79
51
58
151
-16
64
12
65
69
4
49
85
218
143
201
250
220
182
262
282
288
345
348
412
538
434
539
479
477
393
444
444
416
514
389
490
400
396
399
382
425
394
368
427
344
424
424
344
380
361
394
300
357
327
360
301
272
394
246
272
190
255
262
205
259
211
283
192
221
204
164
224
172
170
202
250
197
203
272
167
135
70
91
129
60
30
4
79
-26
77
21
-4
-16
-89
15
-75
-36
-74
-112
-115
-137
-179
-266
-178
-305
-253
-279
-192
-245
-268
-185
-292
-300
-431
-317
-352
-424
-334
-303
-335
-369
-287
-354
-417
-437
-459
-474
-453
-391
-343
-340
-283
-260
-277
-236
-245
-225
-331
-350
-313
-369
-323
-383
-423
-361
-380
-387
-421
-461
-443
-428
-395
-377
-417
-442
-382
-399
-367
-349
-275
-162
-240
-165
-105
-147
-86
-191
-211
-262
-300
-221
-327
-295
-244
-240
-140
-72
-92
-62
0
15
34
120
33
85
61
133
153
117
207
149
261
193
203
256
236
240
266
252
241
352
301
342
329
337
414
448
478
381
409
343
377
385
443
484
472
427
499
481
469
438
395
410
414
449
470
420
457
434
431
410
321
451
315
381
253
286
273
270
331
336
408
282
347
299
370
325
378
406
321
304
326
302
299
377
213
313
264
306
287
324
273
204
216
86
142
86
110
142
162
158
233
68
7
-66
-24
-81
-195
-188
-288
-279
-239
-260
-297
-257
-309
-310
-157
-192
-185
-298
-300
-248
-352
-356
-394
-319
-422
-429
-392
-437
-458
-452
-496
-461
-520
-391
-432
-426
-432
-574
-395
-510
-444
-516
-499
-398
-503
-409
-479
-367
-409
-527
-482
-528
-512
-635
-524
-553
-469
-561
-526
-410
-570
-491
-596
-491
-545
-455
-451
-438
-437
-385
-308
-284
-267
-122
-82
-34
-12
-5
30
-45
-38
-9
52
-75
-65
-4
-18
96
77
155
95
111
207
272
193
245
233
254
241
241
273
263
244
256
381
364
433
491
443
504
501
456
484
391
403
436
418
419
433
478
434
390
504
370
392
430
462
497
479
440
545
579
520
547
518
552
604
536
538
547
398
445
435
397
445
472
425
468
458
393
506
458
409
394
369
416
405
383
352
359
361
250
289
236
129
135
103
-23
24
4
-76
-59
-98
-104
-104
-93
-139
-97
-150
-202
-213
-198
-183
-191
-254
-215
-302
-372
-302
-387
-362
-411
-440
-535
-501
-475
-528
-565
-535
-573
-476
-410
-529
-477
-474
-531
-533
-508
-541
-534
-503
-588
-465
-546
-484
-481
-470
-580
-463
-484
-427
-400
-486
-360
-464
-360
-384
-379
-385
-411
-393
-416
-242
-361
-273
-271
-391
-263
-341
-215
-232
-97
-106
-61
-109
-175
-161
-250
-320
-347
-389
-476
-308
-337
-171
-178
-176
-57
-94
-18
11
-13
92
22
8
-25
-34
-21
-45
-16
-66
31
-17
46
86
90
215
118
271
218
314
370
297
452
323
496
484
490
532
531
634
563
585
625
698
587
635
655
584
598
558
675
567
591
517
608
664
597
642
630
566
598
575
551
597
468
440
374
387
354
323
433
279
360
315
260
256
189
186
115
84
60
135
-38
78
142
5
92
69
56
57
3
28
-9
-49
-23
3
-83
-61
-1
-84
-42
-92
-184
-52
-91
-120
-100
-154
-113
-139
-199
-247
-243
-299
-235
-291
-279
-347
-376
-374
-351
-420
-427
-439
-432
-430
-390
-359
-424
-442
-399
-498
-477
-388
-446
-501
-516
-568
-599
-462
-387
-376
-393
-353
-264
-216
-191
-314
-332
-347
-347
-397
-341
-355
-336
-332
-353
-311
-321
-320
-375
-337
-280
-217
-263
-244
-116
-211
-160
-126
-209
-133
-166
-187
-174
-116
-147
-119
-103
-135
-67
-49
-8
17
8
78
112
91
125
77
92
104
128
225
131
187
87
166
106
163
158
131
264
214
274
261
340
253
301
425
239
302
345
269
350
370
313
433
405
363
416
358
303
332
289
368
363
350
469
383
472
412
404
450
321
404
332
367
450
393
360
364
300
358
298
312
320
333
321
381
385
387
365
340
330
303
271
215
270
239
284
244
218
182
210
158
116
59
-71
27
-77
-19
-114
-34
-59
-97
-65
-135
-211
-205
-221
-290
-293
-216
-338
-200
-239
-211
-209
-277
-227
-285
-153
-321
-179
-250
-203
-203
-201
-200
-263
-207
-240
-210
-282
-276
-304
-378
-351
-367
-277
-420
-330
-257
-345
-160
-262
-181
-299
-250
-246
-286
-257
-400
-345
-468
-347
-386
-330
-477
-428
-409
-391
-373
-427
-395
-392
-409
-386
-417
-337
-281
-355
-224
-272
-223
-214
-187
-92
-204
-100
-173
-90
-143
-98
-80
-90
0
-92
72
-23
4
21
26
77
59
116
134
111
94
161
132
134
172
94
110
141
129
177
84
158
123
116
189
79
106
37
98
32
82
19
26
70
49
133
129
171
180
225
226
269
239
321
281
340
296
351
292
299
236
271
323
259
310
255
353
287
355
291
264
334
269
320
262
228
253
240
204
220
256
192
273
277
375
425
517
665
685
821
981
1059
1121
1145
1272
1247
1216
1212
1207
1094
1111
1012
874
824
652
555
445
306
188
51
-130
-295
-398
-495
-586
-790
-819
-934
-1013
-1086
-1154
-1129
-1266
-1224
-1165
-1110
-1085
-1018
-937
-796
-784
-671
-560
-601
-481
-412
-353
-218
-209
-164
-157
5
-50
-86
84
-56
-27
-227
-177
-240
-318
-403
-380
-415
-451
-315
-324
-143
-81
-72
-141
-145
-158
-171
-244
-380
-384
-480
-525
-561
-626
-585
-673
-596
-756
-685
-709
-789
-692
-869
-788
-842
-872
-934
-865
-985
-920
-941
-968
-972
-951
-927
-871
-883
-879
-707
-813
-680
-716
-656
-598
-578
-443
-274
-44
172
416
712
997
1363
1771
2033
2350
2533
2771
2769
2862
2883
2718
2695
2448
2225
2108
1826
1595
1307
1061
793
531
365
80
-128
-344
-423
-650
-749
-932
-1096
-1148
-1230
-1203
-1169
-1108
-954
-817
-606
-364
-47
118
304
527
696
911
941
1008
1015
903
1011
914
844
834
722
658
584
623
573
566
517
545
448
386
331
330
184
35
0
-128
-214
-295
-319
-464
-458
-493
-464
-485
-460
-381
-318
-337
-268
-243
-184
-171
-141
-148
-151
-199
-250
-210
-380
-274
-477
-441
-482
-565
-504
-573
-548
-612
-544
-613
-564
-557
-658
-618
-727
-751
-862
-886
-944
-1081
-1073
-1143
-1086
-1119
-1117
-1032
-1105
-989
-984
-1009
-955
-981
-993
-1016
-930
-951
-880
-880
-863
-703
-740
-704
-564
-631
-474
-445
-303
-148
-105
80
246
223
295
357
394
476
560
595
690
724
744
805
888
1094
1156
1342
1482
1681
1814
1948
2128
2181
2249
2190
2203
2035
1938
1697
1466
1197
809
642
412
128
-19
-184
-306
-414
-536
-507
-659
-675
-755
-775
-893
-946
-988
-985
-1026
-992
-927
-861
-757
-647
-435
-350
-55
86
247
496
588
794
809
888
799
818
724
461
478
265
173
12
-79
-88
-216
-154
-86
-73
25
62
146
134
191
150
72
27
-107
-64
-158
-131
-140
-75
37
57
102
301
328
363
477
411
438
281
257
169
8
-128
-277
-456
-614
-698
-840
-851
-923
-953
-962
-978
-927
-972
-1074
-1141
-1190
-1303
-1349
-1405
-1243
-1238
-1002
-808
-421
-144
188
764
1020
1587
1723
2087
2249
2322
2413
2342
2330
2100
2008
1746
1554
1289
967
692
338
121
-234
-380
-651
-822
-1031
-1215
-1313
-1399
-1423
-1674
-1706
-1723
-1775
-1730
-1850
-1687
-1655
-1622
-1446
-1307
-1077
-946
-655
-456
-147
39
198
294
428
425
485
458
447
464
463
369
338
428
299
326
287
315
352
389
441
511
554
571
512
530
479
407
343
149
65
-43
-210
-254
-337
-341
-340
-395
-367
-252
-284
-289
-91
-145
-62
-16
8
-1
-21
-112
-198
-180
-338
-301
-345
-376
-225
-177
-12
86
131
184
268
262
139
122
-41
-209
-393
-559
-679
-805
-931
-1065
-1042
-1103
-1082
-980
-968
-846
-795
-680
-532
-447
-420
-357
-372
-441
-310
-269
-79
120
322
535
913
1384
1791
2362
2837
3318
3754
4025
4299
4510
4452
4321
4077
3842
3560
3189
2694
2282
1826
1266
868
397
60
-334
-682
-1079
-1392
-1559
-1813
-2091
-2349
-2638
-2821
-2951
-3024
-3125
-3104
-3057
-2962
-2723
-2451
-2062
-1813
-1411
-997
-604
-195
190
437
594
787
814
876
790
668
563
406
289
133
176
88
13
54
22
-16
-71
-61
-156
-372
-439
-547
-748
-931
-1216
-1427
-1511
-1682
-1764
-1791
-1731
-1641
-1464
-1258
-1090
-781
-684
-460
-249
-133
-6
6
33
-8
-110
-277
-298
-385
-444
-436
-305
-180
-151
86
143
245
260
191
107
68
-155
-398
-578
-780
-965
-1113
-1227
-1365
-1322
-1393
-1291
-1354
-1216
-1165
-1144
-937
-1023
-834
-660
-301
46
264
603
1017
1453
1934
2398
2762
3160
3461
3661
3945
4136
4189
4067
3977
3930
3796
3598
3276
2923
2467
2045
1562
1193
693
218
-228
-582
-952
-1190
-1252
-1460
-1610
-1664
-1697
-1660
-1557
-1527
-1445
-1403
-1404
-1214
-1129
-944
-847
-632
-553
-314
-38
185
449
494
767
855
961
1008
1013
935
790
666
500
309
177
-46
-206
-337
-433
-403
-414
-350
-361
-320
-270
-258
-109
-132
-31
-86
-11
-6
-189
-125
-292
-360
-481
-563
-611
-612
-531
-591
-455
-470
-457
-372
-538
-566
-692
-840
-936
-991
-1112
-1202
-1147
-1255
-1279
-1186
-1173
-1201
-1175
-1166
-1063
-1003
-1006
-1156
-1102
-1224
-1257
-1323
-1424
-1480
-1618
-1634
-1819
-1824
-1900
-1965
-1981
-2118
-2088
-1754
-1453
-1087
-836
-481
38
601
1193
1633
2159
2475
2796
2961
3266
3407
3415
3251
3177
3349
3199
2994
2838
2565
2271
1938
1599
1293
865
472
8
-370
-741
-900
-1229
-1468
-1514
-1633
-1621
-1629
-1461
-1293
-1245
-1074
-919
-712
-530
-284
-87
-45
81
240
455
561
663
741
881
963
997
1182
1208
1164
1179
1154
1038
1034
877
742
590
489
358
96
97
11
-47
-120
-69
-44
142
147
162
361
439
548
622
631
656
666
561
574
510
476
350
280
169
200
57
-67
-153
-257
-435
-500
-548
-799
-926
-1094
-1190
-1440
-1474
-1554
-1524
-1635
-1627
-1616
-1583
-1557
-1556
-1558
-1499
-1482
-1426
-1383
-1405
-1287
-1455
-1365
-1439
-1417
-1437
-1545
-1556
-1618
-1726
-1686
-1293
-1069
-853
-474
-115
405
1044
1642
2193
2734
3185
3410
3721
4076
4195
4056
3701
3602
3527
3172
2780
2268
1854
1394
886
369
-32
-569
-935
-1464
-1805
-1978
-2178
-2364
-2554
-2552
-2688
-2494
-2431
-2183
-2109
-1991
-1679
-1453
-1161
-858
-584
-347
-2
181
517
765
885
925
1098
1097
1160
1180
1041
907
664
473
203
38
-212
-383
-651
-786
-805
-970
-924
-894
-1034
-1010
-995
-841
-729
-606
-603
-451
-347
-255
42
103
315
356
434
601
815
943
968
1119
1089
1203
1275
1176
1210
1013
923
747
608
463
210
32
-108
-261
-426
-453
-495
-531
-568
-660
-712
-517
-545
-703
-719
-837
-757
-763
-868
-833
-822
-825
-854
-912
-931
-1012
-984
-1121
-1244
-1257
-1125
-743
-566
-366
-166
374
862
1404
2062
2545
3045
3359
3604
3970
4265
4301
4073
3842
3801
3748
3237
2778
2241
1837
1270
663
154
-207
-641
-1272
-1669
-2044
-2130
-2345
-2557
-2813
-2811
-2756
-2743
-2473
-2316
-2238
-2071
-1750
-1424
-1163
-842
-499
-266
-65
198
655
732
969
1032
981
1111
961
878
715
459
152
-5
-405
-534
-793
-1086
-1221
-1398
-1479
-1460
-1366
-1340
-1239
-1116
-1004
-796
-628
-540
-553
-473
-305
-179
-35
-10
52
278
255
380
520
521
566
465
502
543
388
411
188
47
-171
-330
-374
-622
-817
-1025
-1019
-1181
-1289
-1227
-1268
-1202
-1234
-1267
-1062
-998
-944
-1019
-956
-914
-882
-795
-866
-916
-844
-893
-954
-1049
-1120
-1214
-1387
-1456
-1589
-1482
-1199
-1014
-763
-633
-124
362
918
1571
2200
2816
3288
3656
3987
4487
4682
4653
4416
4308
4437
4188
3751
3341
3026
2626
2079
1607
1220
784
211
-330
-836
-1121
-1463
-1710
-2125
-2333
-2366
-2347
-2257
-2157
-1916
-1856
-1566
-1180
-871
-434
-103
273
508
829
1239
1506
1804
1764
1858
1846
1838
1852
1665
1395
1107
933
553
294
-36
-405
-674
-985
-1088
-1232
-1343
-1337
-1364
-1427
-1386
-1246
-1111
-994
-940
-823
-712
-469
-319
-180
-159
0
15
131
192
272
301
217
222
147
222
78
-17
-238
-390
-544
-641
-800
-935
-1135
-1338
-1377
-1574
-1638
-1553
-1691
-1646
-1670
-1645
-1534
-1514
-1531
-1577
-1522
-1516
-1350
-1413
-1489
-1409
-1444
-1608
-1694
-1725
-1845
-1861
-2021
-2154
-2230
-1934
-1624
-1440
-1131
-770
-98
441
1217
1906
2530
3111
3455
3848
4266
4594
4599
4464
4185
4218
4189
3592
3189
2783
2367
1897
1329
942
589
82
-425
-969
-1331
-1525
-1811
-2167
-2536
-2578
-2588
-2608
-2457
-2212
-2149
-1967
-1582
-1214
-701
-329
24
418
653
1192
1524
1782
1952
2000
2187
2133
2194
2020
1768
1436
1200
912
555
318
-43
-274
-600
-789
-975
-1101
-1215
-1170
-1197
-1243
-1108
-936
-702
-559
-388
-230
-52
291
510
638
768
962
1056
1195
1343
1366
1359
1205
1190
1129
1006
836
635
300
51
-133
-311
-517
-836
-988
-1220
-1306
-1400
-1487
-1525
-1563
-1588
-1660
-1421
-1342
-1304
-1204
-1237
-1054
-840
-903
-895
-891
-933
-904
-1094
-1248
-1203
-1440
-1553
-1804
-1931
-1579
-1401
-1198
-1177
-731
-134
405
1159
1820
2425
2927
3311
3546
3938
4236
4123
3802
3523
3607
3424
2870
2427
1985
1489
939
461
-14
-362
-1007
-1372
-1986
-2337
-2346
-2754
-3113
-3359
-3380
-3404
-3425
-3312
-2960
-2962
-2694
-2262
-1876
-1293
-959
-424
-75
184
681
1178
1336
1650
1803
1853
2035
1868
1985
1868
1481
1308
1005
671
478
81
-342
-542
-832
-944
-1082
-1228
-1112
-1229
-1273
-1051
-975
-780
-693
-521
-311
-168
164
369
530
610
860
1075
1201
1464
1362
1507
1417
1398
1264
1141
1153
772
534
313
125
-55
-378
-632
-722
-1038
-1159
-1241
-1265
-1281
-1322
-1335
-1332
-1265
-1085
-1063
-1041
-1104
-1052
-841
-908
-889
-994
-822
-966
-967
-1087
-1169
-1270
-1626
-1494
-1307
-1059
-844
-532
-138
409
1152
1852
2492
3086
3583
3976
4288
4724
4964
4881
4551
4453
4441
4154
3653
3230
2774
2172
1539
1038
603
110
-546
-1032
-1653
-1898
-2183
-2588
-2857
-3094
-3081
-3239
-3155
-2943
-2697
-2597
-2289
-1975
-1685
-1133
-810
-316
61
360
957
1324
1476
1705
1894
1990
2021
1868
1799
1715
1315
1109
642
383
54
-407
-768
-1227
-1385
-1684
-2015
-2159
-2214
-2270
-2384
-2300
-2251
-2060
-1875
-1642
-1436
-1203
-825
-526
-260
23
271
351
618
842
959
967
871
754
637
544
418
162
-159
-411
-649
-783
-1041
-1379
-1532
-1780
-1990
-1947
-1995
-2097
-2088
-2102
-2035
-2072
-1934
-1885
-1725
-1704
-1556
-1396
-1331
-1198
-1110
-997
-1080
-966
-1039
-1016
-1190
-1208
-796
-620
-258
-151
344
774
1455
2164
2820
3464
3883
4321
4593
5105
5292
5254
4967
4744
4854
4561
3988
3531
3040
2501
1835
1198
612
190
-445
-939
-1551
-1854
-1943
-2464
-2787
-3028
-2912
-2950
-3028
-2924
-2601
-2631
-2326
-1994
-1654
-1221
-780
-308
140
595
1211
1743
1918
2274
2486
2910
2906
2924
2961
2779
2589
2276
1851
1635
1351
883
443
5
-239
-553
-854
-1059
-1222
-1459
-1579
-1629
-1623
-1500
-1393
-1363
-1117
-926
-550
-274
-101
123
277
585
643
798
813
933
1006
867
792
625
641
299
39
-269
-492
-787
-1181
-1355
-1625
-1840
-2233
-2378
-2481
-2507
-2616
-2737
-2649
-2571
-2447
-2427
-2381
-2218
-2106
-2203
-2282
-2067
-2023
-1896
-1972
-1947
-1921
-1914
-2002
-1807
-1519
-1309
-891
-702
-174
275
1010
1692
2304
2910
3500
3940
4264
4757
4846
4767
4527
4456
4578
4015
3670
3293
2747
2277
1531
999
397
-223
-849
-1469
-2123
-2268
-2605
-3127
-3437
-3588
-3411
-3522
-3494
-3204
-2998
-2866
-2476
-2105
-1648
-1209
-792
-209
84
672
1392
1701
2142
2449
2792
3145
3346
3471
3487
3424
3185
3053
2606
2396
1955
1456
992
410
120
-239
-669
-981
-1203
-1384
-1477
-1506
-1621
-1518
-1436
-1253
-996
-876
-505
-256
18
294
498
715
871
1076
1201
1183
1291
1279
1299
1069
1090
878
742
446
283
25
-426
-586
-900
-1161
-1502
-1614
-1799
-1944
-2047
-2091
-2200
-2109
-2045
-2084
-2052
-2006
-1807
-1900
-1945
-1880
-1874
-1810
-1795
-1840
-1891
-2016
-1802
-1351
-1071
-685
-372
196
692
1338
2094
2731
3282
3598
3954
4293
4749
4870
4582
4323
4239
4305
3947
3461
3189
2727
2231
1485
926
388
-276
-1042
-1704
-2359
-2690
-2948
-3509
-3857
-4167
-4174
-4287
-4243
-3964
-3867
-3824
-3375
-2958
-2567
-2227
-1853
-1399
-1080
-619
15
396
711
1193
1327
1730
2036
2160
2298
2248
2431
2300
2103
2021
1825
1443
994
633
338
-21
-508
-667
-977
-1290
-1470
-1538
-1511
-1571
-1532
-1371
-1158
-979
-600
-463
-204
11
238
538
774
921
1083
1078
1353
1412
1245
1161
1096
987
732
509
299
206
-167
-459
-680
-1022
-1246
-1524
-1639
-1828
-2032
-2067
-2051
-2001
-2022
-1917
-1913
-1810
-1825
-1732
-1658
-1598
-1473
-1469
-1457
-1299
-1370
-1307
-1025
-603
-161
80
613
1182
1927
2632
3366
3964
4438
4823
5017
5330
5467
5335
5103
4802
4803
4689
4213
3933
3422
3068
2551
1912
1293
562
-96
-653
-1439
-1962
-2310
-2981
-3355
-3603
-3700
-3735
-3857
-3803
-3477
-3457
-3175
-2772
-2599
-2008
-1705
-1226
-881
-564
-39
393
588
846
1201
1313
1735
1793
2004
2043
2068
2101
1932
1752
1673
1452
1021
676
337
70
-453
-788
-1097
-1553
-1722
-1914
-1989
-1983
-1915
-1885
-1683
-1465
-1273
-877
-785
-562
-295
-163
17
92
149
140
140
177
329
278
311
322
238
161
17
-17
-286
-572
-866
-1115
-1482
-1725
-1871
-2105
-2369
-2567
-2701
-2669
-2681
-2655
-2716
-2649
-2490
-2490
-2469
-2382
-2307
-2271
-2294
-2287
-2163
-2068
-1585
-1268
-712
-248
212
1013
1681
2536
3298
3960
4497
4916
5155
5487
5689
5341
5172
4944
4864
4642
4101
3800
3488
3023
2566
2009
1544
1011
334
-219
-892
-1439
-1727
-2420
-2918
-3207
-3431
-3409
-3457
-3457
-3237
-3216
-2935
-2367
-2206
-1794
-1498
-1026
-533
-285
312
652
958
1290
1448
1786
1955
2217
2254
2391
2312
2483
2477
2208
2177
1801
1710
1323
1054
622
228
-10
-333
-670
-954
-1109
-1188
-1298
-1379
-1323
-1132
-928
-771
-601
-310
34
218
389
374
579
534
535
394
347
424
296
210
157
206
213
203
18
-16
-158
-298
-555
-956
-1215
-1499
-1824
-2017
-2331
-2531
-2725
-2793
-2876
-2855
-2898
-2897
-2833
-2886
-2828
-2789
-2709
-2720
-2814
-2875
-2636
-2155
-1794
-1336
-948
-335
382
1157
2102
2860
3483
3962
4504
4727
5226
5367
5054
4746
4554
4514
4289
3772
3454
2965
2575
2100
1703
1250
592
-11
-587
-1278
-1735
-2043
-2791
-3281
-3742
-3922
-3926
-4024
-3922
-3677
-3672
-3280
-2885
-2508
-1976
-1732
-1398
-1037
-633
-93
216
308
740
836
1150
1349
1563
1885
1877
1821
1930
1928
1896
1809
1540
1368
1166
962
682
334
43
-268
-622
-818
-990
-1055
-1083
-1126
-997
-760
-597
-235
-110
169
295
705
715
793
836
843
811
642
757
562
464
459
402
262
317
345
332
135
-40
-101
-239
-416
-628
-757
-1160
-1232
-1417
-1601
-1759
-1916
-1914
-2154
-2148
-2115
-2208
-2275
-2263
-2352
-2401
-2387
-2511
-2146
-1992
-1569
-1170
-791
31
579
1612
2378
3234
4025
4636
4995
5420
5860
5681
5608
5039
5037
4810
4134
3878
3268
2806
2239
1670
1285
792
261
-339
-872
-1470
-1522
-2172
-2701
-3142
-3541
-3576
-3949
-3933
-3717
-3824
-3696
-3314
-3034
-2444
-2088
-1722
-1303
-1094
-474
-13
92
355
401
538
716
657
789
757
785
896
751
725
912
797
612
534
452
391
-7
-297
-391
-655
-1018
-1201
-1480
-1513
-1664
-1666
-1465
-1472
-1103
-944
-706
-423
-64
105
352
502
591
597
388
474
344
166
127
-39
-87
-325
-280
-318
-501
-565
-550
-748
-884
-979
-1229
-1208
-1424
-1561
-1817
-1945
-1900
-1910
-2054
-2101
-2103
-2096
-2079
-2224
-2125
-2175
-2221
-2306
-2102
-1738
-1443
-902
-649
40
703
1630
2565
3265
4086
4704
5234
5517
6012
6079
5984
5636
5402
5390
4882
4447
4034
3459
3009
2434
1889
1505
1002
439
18
-646
-847
-1289
-1864
-2190
-2574
-2763
-3088
-3183
-3030
-2954
-3019
-2610
-2334
-1980
-1477
-1185
-623
-393
12
521
570
894
1010
1137
1171
1150
1171
1176
1092
1014
948
748
857
607
524
373
260
147
-16
-171
-355
-594
-891
-1043
-1256
-1275
-1384
-1585
-1477
-1462
-1189
-900
-793
-636
-389
-170
94
186
261
177
58
10
-23
-229
-368
-412
-745
-753
-843
-675
-848
-1038
-1009
-1176
-1175
-1390
-1418
-1705
-1949
-2133
-2114
-2243
-2367
-2340
-2466
-2470
-2430
-2378
-2323
-2351
-2378
-2483
-2500
-2618
-2412
-2178
-2009
-1431
-1235
-528
135
832
1743
2509
3309
3977
4576
4916
5505
5699
5595
5311
5075
5115
4772
4207
3742
3245
2797
2224
1586
1197
621
83
-385
-1029
-1244
-1500
-2106
-2531
-2831
-3043
-3114
-3410
-3217
-3072
-3064
-2768
-2393
-1860
-1448
-941
-519
-96
297
905
1237
1449
1734
1894
2055
2103
1967
1946
1797
1593
1515
1090
1246
1080
812
663
492
396
247
-146
-121
-290
-614
-663
-900
-836
-929
-1010
-1054
-895
-708
-399
-239
-154
166
256
345
442
415
362
204
154
112
-99
-97
-217
-287
-387
-435
-312
-480
-605
-722
-804
-935
-1107
-1297
-1504
-1673
-1908
-2042
-2186
-2186
-2222
-2429
-2470
-2379
-2235
-2351
-2371
-2345
-2243
-2370
-2292
-1789
-1510
-990
-796
-277
459
1220
2124
2720
3441
3977
4689
5007
5484
5752
5610
5321
4956
5100
4619
4106
3551
2969
2455
1859
1360
803
295
-523
-954
-1639
-2042
-2255
-3032
-3412
-3776
-3938
-4092
-4173
-4119
-4040
-3823
-3522
-3089
-2675
-2096
-1537
-1141
-770
-257
436
736
915
1183
1437
1535
1632
1693
1599
1593
1449
1281
1101
1037
999
601
295
39
8
-305
-617
-712
-911
-1165
-1362
-1361
-1450
-1430
-1458
-1433
-1285
-1045
-764
-502
-276
-102
243
376
583
640
563
549
385
285
118
-104
-193
-282
-443
-547
-491
-557
-492
-669
-639
-691
-857
-917
-1037
-1118
-1487
-1756
-1949
-2070
-2305
-2474
-2609
-2646
-2584
-2631
-2553
-2423
-2347
-2294
-1906
-1504
-934
-404
57
876
1456
2506
3348
4146
4851
5301
5767
6159
6608
6553
6340
5950
5881
5716
5058
4623
4109
3603
2990
2421
1851
1356
798
1
-594
-1215
-1358
-2103
-2741
-3161
-3531
-3689
-4194
-4080
-4003
-3881
-3780
-3237
-2803
-2383
-1678
-1258
-652
-284
296
731
977
1353
1477
1616
1702
1836
1763
1735
1633
1701
1504
1313
1225
1023
867
543
420
115
-231
-527
-757
-1127
-1417
-1490
-1789
-1982
-2170
-2176
-2058
-1970
-1900
-1733
-1541
-1217
-913
-806
-533
-469
-308
-374
-423
-354
-459
-729
-898
-1040
-1166
-1237
-1458
-1491
-1534
-1587
-1677
-1623
-1662
-1758
-1837
-1844
-1963
-2103
-2387
-2581
-2771
-2915
-3153
-3290
-3381
-3499
-3494
-3491
-3476
-3399
-2840
-2531
-1845
-1331
-810
302
992
2073
2889
3872
4715
5361
5834
6333
6883
6766
6704
6210
6319
6055
5405
4966
4267
3854
3371
2779
2267
1827
1094
736
-48
-530
-862
-1639
-1989
-2565
-3023
-3348
-3572
-3708
-3734
-3930
-3512
-3202
-2931
-2232
-1789
-1139
-597
-107
676
1139
1449
1983
2149
2323
2528
2487
2555
2490
2376
2394
2195
2219
2182
1844
1749
1536
1294
1103
792
555
407
-115
-331
-605
-843
-1100
-1374
-1615
-1582
-1546
-1670
-1484
-1441
-1122
-881
-768
-548
-431
-266
-232
-309
-290
-451
-606
-609
-870
-942
-1073
-1295
-1316
-1405
-1407
-1301
-1373
-1444
-1409
-1489
-1499
-1611
-1832
-2089
-2321
-2597
-2891
-3276
-3501
-3735
-3948
-4167
-4254
-4325
-4008
-3694
-3334
-2724
-2191
-1184
-499
729
1730
2772
3642
4369
5009
5617
6224
6114
6171
5791
5770
5549
4810
4445
3917
3368
2855
2404
1955
1639
1060
595
151
-374
-573
-1219
-1812
-2277
-2697
-3049
-3549
-3922
-4019
-4258
-4299
-3876
-3746
-3266
-2828
-2379
-1628
-1198
-395
210
568
1017
1451
1630
2062
2114
2213
2268
2060
2190
2069
2024
1892
1675
1629
1570
1390
1173
1018
718
753
290
-30
-71
-417
-559
-924
-1064
-1098
-1044
-1173
-1058
-1017
-739
-585
-646
-428
-301
-192
-164
-198
-191
-123
-261
-261
-451
-521
-539
-634
-793
-858
-876
-877
-920
-965
-954
-981
-1064
-1209
-1286
-1480
-1540
-1874
-2147
-2445
-2659
-2881
-3244
-3578
-3718
-4054
-3729
-3390
-3098
-2524
-2192
-1173
-397
762
1718
2751
3598
4441
5060
5608
6362
6381
6418
5985
6183
6034
5357
4902
4333
3786
3179
2650
2091
1783
1055
638
86
-351
-294
-1068
-1469
-1884
-2223
-2584
-2996
-3255
-3377
-3834
-3943
-3680
-3616
-3123
-2794
-2284
-1757
-1252
-464
111
524
948
1382
1539
1918
1928
1978
2110
1888
1948
1669
1818
1726
1548
1313
1266
1168
972
665
374
249
-186
-555
-862
-1021
-1227
-1492
-1851
-1854
-1903
-1840
-1773
-1836
-1668
-1438
-1345
-1235
-1081
-992
-1014
-1012
-950
-965
-1055
-1102
-1132
-1237
-1202
-1155
-1231
-1163
-1240
-1055
-970
-1074
-918
-1109
-1130
-1218
-1432
-1692
-1936
-2241
-2562
-2898
-3339
-3469
-3815
-4005
-4324
-4341
-3860
-3677
-2997
-2702
-1861
-943
-3
1162
2045
3134
3896
4646
5039
5955
6344
6315
6350
6173
6399
5926
5520
5011
4536
3906
3385
2757
2260
1868
1109
778
-17
-104
-392
-1070
-1309
-1662
-1878
-2188
-2393
-2551
-2766
-3107
-2852
-2831
-2630
-2235
-1921
-1325
-957
-304
333
824
1170
1798
2016
2318
2687
2650
2887
2825
2947
2736
2620
2687
2467
2242
2098
2138
1871
1659
1338
1195
797
380
46
-313
-568
-870
-1157
-1409
-1483
-1615
-1693
-1777
-1762
-1575
-1499
-1482
-1417
-1195
-1270
-1245
-1294
-1380
-1281
-1296
-1388
-1455
-1528
-1548
-1473
-1615
-1458
-1401
-1252
-1199
-1252
-1106
-1068
-1154
-1272
-1539
-1732
-2002
-2485
-2714
-3213
-3567
-3963
-4290
-4592
-4903
-4637
-4431
-3992
-3664
-3066
-2194
-1374
-241
706
1879
2788
3580
4092
4745
5431
5536
5536
5298
5550
5455
4979
4572
4098
3588
3087
2464
1889
1458
877
468
-168
-510
-666
-1344
-1773
-2149
-2377
-2688
-2920
-3064
-3122
-3298
-3248
-2993
-2811
-2422
-2169
-1588
-1106
-622
103
600
1037
1467
1838
2088
2503
2505
2671
2733
2702
2848
2782
2863
2861
2685
2626
2588
2433
2260
2005
1811
1504
1073
661
357
13
-464
-655
-1042
-1156
-1274
-1317
-1379
-1357
-1304
-1281
-1114
-1125
-960
-1034
-909
-947
-990
-1043
-1176
-1168
-1274
-1305
-1391
-1304
-1313
-1138
-975
-739
-545
-428
-266
-57
-33
-50
-261
-660
-855
-1384
-1719
-2232
-2727
-3157
-3585
-4053
-4108
-3911
-3770
-3224
-3044
-2183
-1536
-577
631
1353
2443
3130
3961
4497
5236
5495
5628
5444
5331
5735
5223
4881
4429
3885
3315
2775
2223
1779
1060
476
85
-622
-575
-1138
-1760
-2184
-2532
-2630
-2964
-3324
-3445
-3602
-3892
-3624
-3573
-3189
-2818
-2696
-2126
-1658
-940
-283
-32
469
918
1166
1592
1824
1960
2166
2036
2173
2215
2113
2386
2316
2214
2267
2302
2296
2195
1913
1739
1493
1111
767
299
24
-419
-892
-1154
-1501
-1559
-1777
-1889
-1904
-1773
-1758
-1542
-1421
-1381
-1298
-1325
-1255
-1333
-1454
-1695
-1828
-2044
-2095
-2202
-2219
-2190
-2181
-1931
-1661
-1396
-1221
-904
-543
-467
-426
-532
-618
-952
-1231
-1635
-2054
-2436
-2955
-3401
-4017
-3709
-3720
-3490
-3180
-2792
-1813
-1191
131
1115
2198
3104
3900
4514
5237
5881
6009
6064
5628
5970
5903
5307
4975
4413
3977
3450
2844
2376
2049
1344
925
241
-150
-95
-803
-1227
-1732
-2086
-2180
-2694
-2900
-2877
-3335
-3345
-3275
-3221
-2747
-2409
-2071
-1749
-1260
-357
107
431
911
1226
1605
1873
2029
2108
2183
2132
2346
2195
2380
2557
2473
2553
2586
2759
2737
2552
2525
2436
2092
1839
1530
1133
733
156
-267
-544
-926
-1153
-1441
-1545
-1645
-1825
-1803
-1764
-1720
-1710
-1666
-1663
-1602
-1672
-1868
-1901
-2108
-2223
-2467
-2598
-2698
-2777
-2747
-2566
-2384
-2268
-1973
-1632
-1322
-1180
-989
-982
-964
-1222
-1613
-2017
-2431
-3025
-3623
-3997
-4000
-4132
-3844
-3626
-3136
-2210
-1516
-346
566
1677
2473
3293
3891
4598
5134
5185
5242
4981
5304
4924
4561
4134
3547
3258
2691
2177
1699
1344
728
411
-225
-356
-464
-1128
-1389
-1760
-1950
-2248
-2526
-2759
-2924
-3258
-3178
-3170
-3061
-2612
-2500
-2033
-1654
-1257
-488
14
377
766
977
1491
1817
1805
1974
2004
2064
2132
2018
2193
2368
2237
2379
2438
2666
2836
2661
2726
2857
2613
2488
2179
1933
1700
1088
823
389
118
-135
-535
-732
-752
-924
-926
-884
-983
-945
-979
-1039
-920
-1059
-1158
-1272
-1499
-1624
-1900
-1913
-2058
-2138
-2241
-2073
-1864
-1817
-1582
-1392
-1204
-1005
-933
-868
-852
-1107
-1354
-1731
-2096
-2501
-3173
-3333
-3386
-3321
-2977
-3073
-2204
-1675
-631
398
1190
2286
3143
3800
4254
5212
5257
5416
5090
5126
5278
4547
4434
3919
3382
2870
2333
1808
1430
875
454
-21
-675
-425
-1027
-1477
-1900
-2211
-2455
-2886
-3073
-3120
-3438
-3716
-3502
-3650
-3230
-2940
-2795
-2333
-2104
-1464
-932
-660
-131
171
233
575
801
902
1031
955
1276
1211
1251
1457
1468
1610
1684
1861
1910
2033
1923
2002
1767
1634
1649
1117
940
582
278
30
-201
-327
-472
-708
-822
-817
-1037
-902
-1009
-1113
-1225
-1317
-1234
-1283
-1505
-1627
-1744
-1951
-1960
-2187
-2195
-2109
-2239
-2159
-2028
-1867
-1649
-1569
-1429
-1226
-1158
-1097
-1100
-1201
-1396
-1713
-2067
-2368
-2808
-3129
-3149
-3177
-2722
-2662
-2080
-1333
-562
564
1489
2580
3366
4166
4668
5502
5740
5817
5755
5526
5744
5222
4764
4453
4077
3582
3109
2489
2226
1862
1235
1059
312
355
126
-594
-890
-1260
-1474
-1784
-2255
-2441
-2474
-2892
-2766
-2865
-2736
-2180
-2259
-1697
-1479
-1061
-269
-91
141
560
663
853
1049
947
1210
1206
1300
1436
1355
1683
1862
1820
2066
2302
2288
2533
2432
2486
2372
2022
1955
1550
1194
755
344
-81
-275
-643
-840
-894
-1026
-935
-1029
-936
-805
-966
-997
-1171
-1337
-1341
-1580
-1978
-2053
-2371
-2588
-2617
-2792
-2782
-2881
-2904
-2647
-2555
-2283
-2072
-1849
-1643
-1525
-1510
-1412
-1699
-1934
-2313
-2833
-3156
-3727
-4077
-4148
-4113
-3903
-3659
-3339
-2414
-1578
-595
427
1444
2532
3340
3864
4590
5264
5228
5180
4889
5109
4914
4289
3960
3467
3170
2616
2102
1578
1466
1006
677
171
-133
84
-660
-1075
-1408
-1576
-1773
-2199
-2463
-2539
-2790
-2793
-2744
-2797
-2356
-2055
-1719
-1261
-959
-159
217
481
865
1011
1265
1448
1371
1316
1423
1414
1498
1435
1571
1794
1865
2128
2437
2701
2982
2988
3091
3157
3027
2746
2396
1996
1657
1156
598
361
126
-87
-254
-532
-439
-406
-450
-378
-311
-402
-460
-570
-825
-770
-1122
-1332
-1534
-1800
-1858
-1987
-2123
-2218
-2140
-2118
-1952
-1779
-1445
-1305
-1181
-945
-1037
-993
-1075
-1360
-1757
-2340
-2794
-3240
-3928
-4070
-4064
-4024
-3570
-3464
-2628
-1755
-680
340
1344
2303
3272
3845
4271
5144
5001
5084
4637
4654
4621
4028
3621
3251
2760
2484
1930
1345
1276
858
622
164
-280
-59
-545
-1165
-1600
-2079
-2313
-2655
-3155
-3221
-3506
-3709
-3526
-3742
-3279
-2857
-2555
-2038
-1723
-1049
-328
-34
239
584
647
923
914
808
867
670
751
731
775
1062
1230
1356
1638
2012
2372
2562
2617
2806
2707
2536
2315
1902
1511
999
327
-86
-364
-593
-860
-1159
-1192
-1058
-1087
-815
-661
-610
-633
-600
-623
-666
-802
-1188
-1472
-1832
-1964
-2097
-2233
-2309
-2308
-2239
-1980
-1649
-1312
-927
-677
-383
-293
-265
-110
-290
-786
-1266
-1973
-2390
-3043
-3442
-3583
-3690
-3424
-3356
-2586
-1853
-781
342
1366
2508
3515
4366
4894
5774
5920
5908
5592
5516
5531
4851
4313
3751
3382
2901
2434
1834
1688
1357
1039
836
367
554
317
-274
-656
-968
-1275
-1633
-2236
-2448
-2818
-3276
-3083
-3256
-3101
-2773
-2574
-2071
-1761
-1173
-364
-66
234
628
766
984
1098
997
936
773
744
727
587
746
959
965
1291
1683
2066
2355
2446
2675
2746
2596
2415
2084
1606
1210
534
57
-451
-813
-1010
-1368
-1667
-1671
-1514
-1512
-1384
-1317
-1222
-1233
-1241
-1185
-1343
-1484
-1724
-2087
-2247
-2384
-2537
-2565
-2789
-2724
-2530
-2362
-2050
-1743
-1464
-1263
-1000
-953
-870
-938
-1289
-1590
-2229
-2621
-3267
-3853
-3954
-4274
-3980
-3976
-3587
-2786
-1950
-792
103
1302
2232
3255
3823
4587
5333
5326
5298
5003
5243
4989
4280
3921
3333
2954
2451
1912
1515
1345
1010
850
340
232
517
-82
-350
-834
-1114
-1225
-1866
-2176
-2338
-2876
-2947
-3042
-3233
-2713
-2528
-2216
-1749
-1356
-521
44
316
812
1079
1278
1625
1429
1511
1504
1308
1419
1292
1392
1659
1718
1783
2099
2435
2747
2884
2960
3206
3033
3037
2740
2384
2023
1471
943
447
137
-209
-516
-1005
-998
-1006
-1020
-910
-1000
-913
-982
-880
-899
-967
-1207
-1275
-1575
-1822
-1831
-1976
-1995
-2125
-2276
-2023
-1837
-1567
-1244
-1126
-711
-581
-493
-338
-446
-618
-1018
-1675
-2147
-2723
-3349
-3673
-3930
-3997
-3802
-3731
-2991
-2313
-1405
-393
604
1582
2614
3241
3885
4816
4856
5084
4731
4803
4932
4260
3795
3285
2885
2406
1907
1298
1206
782
496
217
-235
143
-244
-720
-1034
-1388
-1527
-1880
-2442
-2540
-2965
-3347
-3269
-3565
-3346
-3037
-2985
-2547
-2254
-1749
-968
-726
-369
114
235
674
776
765
937
718
831
729
732
915
1054
1095
1312
1624
1948
2233
2319
2575
2604
2511
2373
2109
1817
1367
832
396
6
-291
-540
-811
-990
-974
-974
-900
-844
-1027
-1016
-1072
-1025
-1003
-1261
-1304
-1414
-1527
-1624
-1680
-1668
-1658
-1634
-1686
-1367
-1256
-952
-704
-688
-263
-308
-175
-283
-415
-612
-1184
-1620
-2036
-2465
-3152
-3321
-3536
-3457
-3123
-3214
-2399
-1889
-789
253
1238
2347
3165
3998
4492
5382
5542
5726
5305
5414
5554
4806
4505
3917
3631
3100
2514
2029
2001
1537
1258
935
399
763
160
-301
-712
-1077
-1301
-1877
-2200
-2458
-2726
-3161
-3057
-3216
-2972
-2670
-2548
-2053
-1922
-1292
-772
-528
-216
79
242
485
533
497
651
483
705
654
710
1088
1206
1342
1556
1873
2059
2309
2190
2480
2326
2041
1959
1464
1231
657
196
-268
-586
-802
-984
-1311
-1410
-1214
-1330
-1181
-1269
-1298
-1309
-1420
-1511
-1487
-1765
-1997
-2084
-2287
-2157
-2318
-2146
-2126
-2147
-1835
-1676
-1312
-1162
-845
-742
-548
-576
-584
-629
-904
-1247
-1840
-2247
-2696
-3228
-3862
-3922
-4043
-3833
-3664
-3362
-2428
-1825
-751
218
1363
2212
3098
3711
4373
5081
5108
5253
4887
5181
5010
4453
4070
3713
3403
2708
2309
1929
1855
1285
1027
732
506
643
46
-303
-654
-874
-1202
-1686
-2026
-2097
-2542
-2868
-2858
-2927
-2645
-2450
-2202
-1814
-1449
-841
-148
151
481
855
956
1322
1272
1365
1498
1362
1534
1461
1550
1844
1925
1976
2289
2374
2744
2712
2686
2825
2575
2358
2172
1829
1361
910
417
193
-139
-458
-592
-903
-883
-876
-981
-785
-845
-889
-875
-896
-921
-997
-1271
-1438
-1587
-1735
-1840
-1833
-1874
-1842
-1919
-1678
-1455
-1264
-1039
-856
-610
-534
-497
-513
-612
-924
-1315
-1875
-2309
-2747
-3288
-3998
-4342
-4192
-4202
-3955
-3879
-3172
-2505
-1638
-486
439
1570
2271
3012
3545
4323
4705
4852
4665
4575
4823
4437
4156
3841
3303
2944
2496
2054
1824
1399
975
730
182
170
-106
-600
-961
-1459
-1683
-2097
-2511
-2648
-2948
-3453
-3446
-3337
-3302
-2901
-2900
-2423
-2137
-1729
-841
-599
-222
92
374
629
844
861
1134
1081
1170
1408
1259
1666
1815
1868
2018
2095
2319
2396
2177
2243
2120
1804
1617
1209
948
577
68
-145
-369
-676
-711
-949
-891
-958
-914
-833
-805
-793
-883
-906
-860
-830
-1111
-1279
-1321
-1479
-1512
-1569
-1462
-1384
-1452
-1179
-969
-680
-550
-355
-127
-92
-29
-35
-217
-469
-791
-1270
-1733
-2170
-2770
-3202
-3886
-4015
-3890
-3857
-3332
-3214
-2392
-1773
-661
449
1396
2389
3164
4005
4418
5258
5481
5690
5429
5262
5541
5179
4922
4355
3990
3518
3236
2668
2437
2041
1566
1264
638
621
223
-265
-883
-1256
-1586
-1998
-2308
-2710
-2936
-3457
-3312
-3285
-3128
-2893
-2720
-2220
-1980
-1392
-836
-367
-249
131
354
659
888
910
1145
1113
1225
1274
1413
1656
1857
1932
1959
2164
2262
2250
1943
1954
1637
1177
878
405
117
-343
-566
-851
-1116
-1190
-1158
-1142
-1283
-1173
-1055
-899
-1008
-1068
-1053
-1111
-1179
-1400
-1544
-1651
-1605
-1799
-1858
-1735
-1715
-1642
-1736
-1469
-1235
-1044
-950
-821
-593
-524
-535
-678
-1003
-1211
-1673
-2045
-2493
-2959
-3491
-4033
-4370
-4879
-4595
-4466
-4118
-3794
-3317
-2507
-1630
-393
470
1627
2404
3229
3856
4551
5428
5402
5462
5219
5658
5713
5208
4824
4421
4138
3663
3294
2839
2609
1985
1653
1029
606
564
-174
-720
-1221
-1511
-1791
-2240
-2597
-2741
-3020
-3152
-2968
-2950
-2588
-2382
-2000
-1472
-1212
-537
-59
186
508
915
1193
1478
1628
1780
2030
2035
2276
2382
2548
2786
2780
2760
2873
2807
2710
2425
2167
1891
1487
922
574
249
-169
-518
-912
-914
-1042
-1042
-1064
-1109
-926
-854
-845
-864
-681
-619
-626
-683
-754
-715
-877
-910
-980
-1055
-1086
-1069
-1014
-1009
-947
-747
-593
-703
-546
-409
-397
-508
-742
-1004
-1276
-1613
-2062
-2379
-3026
-3367
-3724
-4167
-4450
-4812
-4880
-4661
-4439
-3852
-3589
-2900
-1993
-1111
-62
862
1841
2642
3342
3818
4718
5082
5311
5265
5248
5566
5306
4910
4611
4239
3789
3428
2658
2282
1792
1075
742
-79
-493
-839
-1628
-1986
-2457
-3015
-3208
-3632
-3829
-3879
-4200
-3938
-3713
-3597
-3180
-2847
-2233
-1777
-1486
-829
-221
-13
477
813
1122
1667
1727
2161
2325
2461
2832
2747
2884
2982
2890
2676
2520
2232
2101
1602
1230
911
400
160
-192
-498
-735
-993
-1115
-1050
-1190
-1007
-856
-1044
-768
-683
-593
-403
-461
-241
-261
-278
-119
-219
-189
-261
-248
-299
-320
-197
-55
-113
-30
57
38
115
149
112
-72
-270
-530
-863
-1208
-1456
-1982
-2417
-2715
-3018
-3278
-3554
-3787
-3995
-4136
-3826
-3548
-3173
-2715
-2285
-1382
-657
320
1326
2359
3147
3944
4618
5285
6121
6241
6310
6201
6352
6382
5818
5418
4933
4425
3731
2985
2375
1913
1057
389
-343
-1007
-1129
-1769
-2378
-2891
-3256
-3337
-3686
-3949
-3921
-4025
-4030
-3875
-3666
-3257
-2912
-2595
-2229
-1890
-1195
-542
-175
283
779
1199
1735
1917
2345
2556
2556
2745
2662
2689
2436
2314
1903
1662
1213
947
572
195
-121
-656
-859
-1166
-1291
-1556
-1791
-1787
-1756
-1900
-1903
-1744
-1613
-1496
-1477
-1281
-968
-806
-712
-603
-508
-391
-315
-361
-345
-341
-348
-344
-363
-324
-270
-246
-257
-291
-443
-530
-656
-811
-1142
-1374
-1703
-1960
-2194
-2587
-2741
-3013
-3271
-3409
-3617
-3742
-3788
-3977
-4103
-3753
-3428
-2850
-2439
-1962
-1004
-132
963
1867
2962
3799
4797
5400
6088
6901
7168
7120
6787
6908
6657
6051
5454
4803
4273
3565
2718
2031
1513
715
189
-455
-1014
-1152
-1720
-2179
-2637
-2887
-3114
-3275
-3537
-3591
-3554
-3448
-3038
-2882
-2486
-2044
-1468
-998
-602
67
813
1245
1618
2184
2525
3085
3193
3280
3473
3380
3334
3029
2842
2608
2303
1852
1484
1162
850
544
54
-100
-477
-766
-1006
-1244
-1401
-1770
-1779
-1880
-1841
-1830
-1681
-1418
-1345
-1040
-916
-676
-535
-434
-307
-302
-73
-170
-133
-183
-108
-203
-418
-390
-434
-435
-618
-611
-801
-1049
-1244
-1410
-1688
-1965
-2240
-2592
-2709
-2985
-3243
-3432
-3632
-3730
-3939
-4123
-4162
-4177
-4264
-4363
-4459
-4134
-3710
-3200
-2588
-1994
-1168
-134
951
2006
3136
3952
4942
5531
5957
6645
6687
6502
6142
5915
5815
5147
4453
3875
3286
2555
1909
1159
835
107
-396
-871
-1550
-1682
-2133
-2729
-3105
-3445
-3739
-3811
-4123
-3974
-3920
-3984
-3349
-2920
-2448
-1797
-1238
-471
91
666
1503
2034
2316
2939
3124
3474
3668
3572
3690
3557
3392
3195
2968
2706
2524
1883
1645
1347
974
679
134
-9
-232
-739
-983
-1122
-1277
-1504
-1611
-1601
-1381
-1350
-1071
-701
-618
-252
-103
203
407
529
581
627
638
706
621
518
582
255
240
165
122
87
-269
-380
-536
-830
-1119
-1290
-1594
-1890
-2300
-2497
-2577
-2885
-2961
-3307
-3434
-3600
-3611
-3558
-3655
-3711
-3665
-3489
-3442
-3125
-3082
-2594
-1971
-1434
-767
-169
746
1537
2463
3241
4153
4813
5306
5593
5836
6170
5994
5680
5227
5057
4872
4258
3663
3186
2744
2242
1646
904
469
-247
-820
-1514
-2222
-2423
-3108
-3662
-4176
-4360
-4400
-4403
-4418
-4044
-3783
-3480
-2813
-2319
-1679
-1239
-794
-234
229
691
1229
1397
1564
1898
2094
2358
2418
2397
2484
2333
2286
2114
1870
1561
1275
902
507
247
-125
-385
-872
-1040
-1217
-1473
-1529
-1656
-1636
-1704
-1622
-1427
-1084
-1007
-764
-479
-329
6
65
319
371
416
469
477
514
598
514
295
346
287
216
77
-72
-207
-506
-729
-902
-1074
-1427
-1691
-1904
-2032
-2235
-2444
-2472
-2670
-2757
-2952
-2803
-2747
-2620
-2580
-2440
-2124
-2003
-1772
-1710
-1421
-1421
-1204
-777
-326
244
391
949
1620
2435
3137
3810
4428
4812
5318
5526
5999
6108
5914
5595
5390
5345
4992
4471
3887
3283
2628
2153
1397
822
140
-578
-1100
-1797
-2059
-2429
-2818
-3214
-3379
-3323
-3107
-2972
-2898
-2470
-2370
-1946
-1533
-1274
-734
-461
-85
127
470
951
1309
1358
1724
1882
2039
2221
2093
2229
1941
1735
1699
1413
1165
925
590
255
-103
-456
-654
-1000
-1292
-1371
-1723
-1797
-1800
-1925
-1952
-1974
-1844
-1674
-1531
-1385
-1093
-936
-706
-532
-337
-218
-222
-90
-103
-78
-22
-79
-287
-243
-274
-499
-651
-879
-1020
-1199
-1405
-1644
-1741
-2080
-2241
-2381
-2516
-2619
-2764
-2695
-2717
-2668
-2570
-2460
-2252
-1882
-1900
-1750
-1597
-1378
-1194
-1335
-1264
-1293
-1403
-1403
-1412
-1110
-907
-485
-267
173
970
1670
2554
3101
3807
4342
4861
5122
5489
5762
5632
5518
5119
5236
4850
4369
3907
3295
2643
2091
1400
798
262
-526
-799
-1438
-1670
-1942
-2193
-2429
-2526
-2383
-2299
-2208
-2097
-1762
-1734
-1422
-1046
-849
-574
-227
147
399
610
994
1441
1484
1676
1882
2108
2405
2333
2486
2454
2423
2396
2008
1884
1649
1342
804
473
94
-172
-571
-968
-1069
-1484
-1545
-1661
-1702
-1768
-1633
-1536
-1414
-1246
-1071
-713
-602
-470
-308
-137
42
108
129
166
155
126
138
-49
22
-80
-224
-334
-471
-520
-691
-873
-1012
-1159
-1345
-1307
-1522
-1637
-1778
-1874
-1884
-2094
-2105
-2218
-2147
-2244
-2171
-2019
-1970
-1909
-1883
-1597
-1629
-1447
-1471
-1521
-1518
-1533
-1537
-1703
-1369
-1209
-846
-729
-432
250
732
1477
2023
2718
3245
3885
4180
4587
4926
5005
4861
4528
4693
4575
4070
3481
2888
2349
1711
1118
495
-68
-724
-1229
-1710
-2014
-2070
-2338
-2547
-2662
-2577
-2389
-2331
-2112
-1868
-2038
-1716
-1451
-1215
-986
-866
-619
-338
-193
162
633
825
1098
1248
1555
1909
2065
2278
2135
1970
1926
1641
1311
940
521
63
-403
-766
-991
-1352
-1599
-1606
-1734
-1696
-1640
-1288
-1023
-996
-798
-559
-331
-243
-50
14
179
200
137
326
284
486
410
381
538
619
746
686
680
673
628
450
513
332
53
-49
-330
-540
-673
-875
-997
-1141
-1244
-1256
-1254
-1145
-1109
-1076
-1024
-909
-915
-896
-877
-796
-714
-879
-840
-913
-877
-874
-1001
-1131
-1213
-1265
-1090
-914
-713
-488
-88
416
980
1762
2433
2961
3437
3952
4228
4882
5006
5098
4859
4660
4702
4341
3788
3231
2681
2012
1485
744
228
-299
-845
-1253
-1657
-1774
-1875
-2086
-2247
-2275
-2163
-2169
-2162
-2068
-2053
-2209
-2044
-1946
-1773
-1668
-1633
-1277
-1073
-914
-443
-97
25
359
513
684
858
966
969
750
600
443
194
-157
-402
-756
-1119
-1339
-1529
-1575
-1764
-1717
-1620
-1700
-1414
-1227
-904
-842
-786
-603
-447
-313
-231
-128
-168
-102
-6
129
232
369
425
371
420
649
607
543
497
354
320
-16
12
-109
-365
-606
-654
-708
-787
-845
-937
-901
-1018
-996
-976
-949
-805
-825
-872
-855
-817
-632
-731
-686
-679
-672
-604
-642
-540
-639
-681
-769
-803
-831
-956
-1126
-989
-846
-663
-368
-156
351
879
1556
2189
2838
3425
3978
4318
4807
5340
5402
5371
5236
5373
5326
4870
4453
3936
3523
3001
2421
1773
1262
619
94
-537
-1010
-1094
-1548
-1890
-2207
-2355
-2316
-2412
-2557
-2349
-2462
-2327
-2074
-1990
-1752
-1559
-1379
-1168
-1070
-785
-360
-220
-36
103
314
677
677
742
755
701
752
444
308
107
-126
-440
-741
-1000
-1066
-1245
-1347
-1238
-1207
-1082
-1001
-783
-695
-537
-420
-230
-249
-363
-221
-340
-317
-388
-400
-459
-569
-627
-516
-608
-498
-498
-568
-346
-322
-212
-194
-258
-260
-253
-352
-292
-432
-581
-629
-691
-787
-800
-863
-985
-1106
-1021
-1013
-1066
-995
-981
-873
-841
-793
-674
-555
-657
-592
-594
-737
-838
-974
-1102
-1372
-1702
-1926
-1931
-2202
-2305
-2152
-1833
-1370
-1090
-478
244
1060
1852
2544
3405
4098
4698
4994
5466
5770
5771
5634
5253
5305
5072
4394
3885
3362
2835
2118
1432
845
292
-252
-714
-1181
-1561
-1683
-2074
-2334
-2598
-2677
-2682
-2825
-2845
-2599
-2666
-2526
-2128
-1880
-1507
-1325
-938
-480
-162
204
571
831
1074
1160
1357
1433
1296
1333
1129
920
734
443
171
21
-247
-429
-381
-484
-315
-335
-189
45
62
131
247
343
399
321
154
151
10
-107
-260
-442
-517
-648
-651
-572
-464
-412
-358
-234
-155
96
49
217
223
106
99
13
18
-103
-202
-289
-345
-380
-260
-290
-236
-218
-156
-50
15
71
72
-46
-82
-213
-436
-626
-891
-1067
-1277
-1536
-1642
-1680
-1910
-1875
-1921
-1923
-1824
-1731
-1636
-1565
-1468
-1406
-1468
-1475
-1219
-1064
-996
-947
-642
-247
167
793
1331
1980
2583
3103
3559
4166
4560
4618
4535
4413
4615
4339
3679
3122
2480
1794
1073
348
-210
-657
-1234
-1581
-1994
-1963
-1796
-1922
-2081
-2012
-1876
-1660
-1581
-1594
-1470
-1680
-1594
-1633
-1645
-1674
-1582
-1568
-1524
-1346
-968
-625
-601
-382
-136
96
305
312
432
411
465
502
295
202
414
303
128
229
263
535
589
678
845
873
1024
1203
1165
1080
969
804
596
365
233
2
-331
-451
-615
-593
-586
-718
-621
-531
-417
-162
19
184
353
513
589
818
982
1022
1053
1148
1295
1328
1383
1461
1569
1563
1448
1421
1349
1237
1141
964
708
400
210
-39
-206
-499
-597
-808
-996
-1140
-1304
-1349
-1498
-1525
-1622
-1761
-1859
-1931
-2131
-2255
-2396
-2631
-2810
-3132
-2996
-2907
-2754
-2466
-2285
-1737
-1277
-361
335
1231
1936
2662
3394
3871
4607
4852
4948
4799
4877
4887
4617
4049
3632
3198
2646
2257
1744
1486
909
569
148
-191
-291
-802
-1288
-1759
-2058
-2373
-2793
-3242
-3433
-3852
-4249
-4175
-4357
-4197
-4128
-3865
-3635
-3283
-2874
-2336
-1989
-1693
-1294
-1022
-534
-371
-167
20
165
294
419
451
662
756
728
876
1070
1318
1329
1319
1481
1523
1399
1239
1090
857
520
183
-78
-406
-713
-934
-1232
-1338
-1441
-1446
-1427
-1411
-1239
-976
-798
-527
-172
54
410
754
1075
1322
1517
1794
1979
2122
2187
2369
2371
2313
2306
2311
2213
2098
1921
1761
1568
1172
972
607
345
72
-354
-686
-852
-1065
-1305
-1554
-1824
-1851
-2063
-2204
-2289
-2382
-2504
-2624
-2684
-2759
-2818
-2839
-2870
-2953
-2797
-2883
-2703
-2253
-1996
-1454
-1147
-439
290
1041
1990
2821
3652
4411
5076
5476
6201
6462
6612
6506
6335
6409
6080
5507
5040
4488
3964
3318
2565
1945
1126
404
-305
-1070
-1661
-2298
-3036
-3648
-4128
-4408
-4682
-5072
-5129
-5091
-5235
-4997
-4737
-4522
-4174
-3861
-3277
-2962
-2565
-1959
-1441
-1115
-661
-323
170
492
748
1094
1303
1536
1711
1713
1824
1964
1769
1948
1762
1643
1612
1245
1094
782
395
170
-216
-487
-783
-1248
-1325
-1538
-1827
-1814
-1844
-1862
-1717
-1711
-1529
-1306
-1290
-1010
-927
-589
-404
-331
69
307
547
766
945
1277
1556
1611
1818
1953
1970
2067
2077
1890
1844
1614
1305
1080
671
343
40
-333
-705
-1004
-1328
-1522
-1835
-2115
-2288
-2393
-2474
-2600
-2611
-2558
-2545
-2524
-2521
-2454
-2469
-2462
-2405
-2376
-2243
-2155
-2097
-1960
-1820
-1752
-1659
-1255
-813
-312
212
632
1510
2210
3013
3881
4615
5333
6017
6403
6744
7199
7211
7074
6669
6549
6283
5547
4939
4195
3526
2614
1797
982
224
-615
-1362
-2141
-2879
-3125
-3739
-4198
-4515
-4661
-4612
-4652
-4676
-4336
-4225
-3969
-3485
-3265
-2760
-2344
-1886
-1457
-1196
-730
-118
61
404
789
1081
1420
1620
1890
2188
2271
2339
2372
2319
2521
2451
2200
2079
1802
1731
1313
886
598
187
-262
-655
-997
-1428
-1572
-2017
-2123
-2340
-2327
-2272
-2340
-2292
-2190
-1944
-1862
-1696
-1465
-1214
-990
-652
-389
-203
151
383
669
907
1009
1341
1599
1650
1685
1827
1695
1837
1563
1401
1269
959
659
144
-101
-451
-860
-1341
-1708
-1988
-2253
-2603
-2872
-2951
-3071
-3226
-3267
-3346
-3251
-3213
-3294
-3197
-3191
-3013
-2852
-2771
-2536
-2305
-2191
-1952
-1627
-1452
-1164
-960
-661
-375
-156
244
719
1244
1837
2263
2832
3514
4036
4769
5289
5688
6119
6352
6320
6468
6302
5961
5504
4986
4710
4180
3462
2716
2168
1467
793
12
-600
-1187
-1853
-2294
-2828
-3130
-3377
-3669
-3925
-3968
-3995
-3819
-3791
-3644
-3299
-3225
-2744
-2371
-2069
-1625
-1312
-692
-451
-52
597
967
1214
1589
1900
2182
2447
2545
2767
2672
2627
2752
2449
2263
2071
1693
1365
976
618
275
-165
-460
-744
-1019
-1191
-1355
-1500
-1660
-1645
-1555
-1494
-1525
-1386
-1268
-1228
-1038
-980
-769
-669
-592
-319
-66
55
299
443
541
830
862
1043
1160
1181
1341
1243
1387
1376
1327
1195
1070
1101
876
704
441
200
-151
-481
-860
-1339
-1683
-2217
-2513
-3024
-3442
-3585
-3763
-3917
-4104
-4026
-3972
-3674
-3542
-3212
-2891
-2515
-2065
-1685
-1393
-975
-627
-450
-244
-26
174
304
331
413
575
662
650
725
985
1240
1650
1772
2185
2606
3088
3624
4000
4418
4639
4809
4878
4946
4852
4555
4125
3702
3399
2920
2235
1649
1045
362
-228
-844
-1430
-1919
-2473
-2748
-3127
-3408
-3491
-3627
-3821
-3824
-3679
-3540
-3308
-3192
-2737
-2515
-2150
-1753
-1325
-863
-503
-134
198
604
1025
1432
1591
1830
2054
2297
2486
2429
2429
2394
2264
2039
1857
1682
1517
1268
934
795
524
349
32
-188
-335
-572
-716
-819
-919
-1058
-939
-1061
-1087
-1087
-1077
-1076
-1070
-1005
-1024
-837
-715
-605
-462
-312
14
303
441
626
982
1196
1383
1521
1723
1863
1999
1953
1892
1871
1731
1524
1138
925
667
336
39
-401
-641
-1034
-1440
-1792
-2034
-2324
-2568
-2683
-2790
-2694
-2684
-2546
-2448
-2103
-1910
-1647
-1345
-1066
-793
-565
-413
-183
3
112
302
257
403
234
418
335
215
272
204
291
163
215
260
248
196
133
291
443
638
681
799
1189
1357
1791
2005
2308
2546
2708
2853
2995
3116
2828
2673
2394
2288
2019
1480
1053
524
130
-367
-894
-1397
-1811
-2267
-2566
-2787
-2936
-2797
-3052
-2901
-2774
-2676
-2383
-2159
-1927
-1662
-1432
-1196
-830
-697
-366
-230
-55
39
367
672
822
949
1024
1189
1318
1364
1239
1165
1102
918
835
546
346
193
-196
-463
-712
-792
-901
-1146
-1189
-1133
-1189
-1140
-1101
-1041
-815
-789
-680
-532
-383
-136
-72
-12
126
298
523
637
837
991
1165
1241
1358
1479
1482
1449
1426
1322
1302
1388
1222
1136
1112
1037
940
832
688
575
462
249
123
32
-84
-342
-457
-610
-726
-779
-875
-828
-802
-732
-635
-555
-407
-328
-224
-227
-167
-205
-294
-287
-437
-418
-583
-591
-596
-697
-661
-657
-688
-712
-811
-768
-767
-979
-909
-775
-560
-323
-86
204
711
1098
1586
2132
2515
3018
3301
3504
3627
3785
3772
3452
3190
2949
2755
2276
1738
1307
855
310
-199
-756
-1259
-1751
-2176
-2475
-2846
-2977
-3145
-3310
-3388
-3333
-3257
-3039
-2974
-2796
-2634
-2365
-2036
-1790
-1496
-1212
-957
-634
-445
-100
254
313
429
571
736
658
767
611
607
546
451
390
196
165
-33
-28
-105
-228
-375
-461
-510
-661
-745
-811
-803
-901
-909
-868
-887
-817
-783
-686
-583
-614
-477
-375
-182
-148
-22
192
370
585
744
1031
1148
1305
1414
1582
1753
1877
2004
2084
2148
2234
2308
2229
2218
2036
1908
1721
1566
1344
1098
895
522
280
0
-241
-574
-676
-976
-1058
-1065
-1159
-1168
-1183
-1104
-1094
-1013
-853
-780
-672
-623
-579
-490
-377
-318
-330
-336
-319
-169
-213
-122
-32
-21
54
97
215
329
369
453
470
391
381
403
323
246
333
380
451
579
706
852
995
1242
1481
1809
2023
2190
2369
2543
2693
2658
2539
2333
2101
1882
1561
1170
668
154
-277
-764
-1228
-1594
-1989
-2202
-2582
-2653
-2817
-2859
-2869
-2917
-2752
-2758
-2669
-2550
-2379
-2235
-2104
-2040
-1866
-1740
-1576
-1387
-1254
-1104
-905
-664
-564
-331
-191
-27
55
77
185
180
181
147
64
32
37
-18
-144
-185
-244
-279
-321
-329
-328
-268
-288
-262
-189
-144
-23
35
155
409
513
740
779
946
1114
1222
1352
1361
1462
1455
1612
1620
1552
1512
1411
1441
1380
1253
1142
1048
892
692
638
404
229
30
-167
-326
-444
-527
-692
-879
-931
-956
-981
-975
-1068
-1041
-1015
-1008
-935
-937
-819
-800
-792
-703
-660
-621
-573
-551
-505
-419
-359
-279
-216
-179
-171
-51
-2
24
49
42
-18
50
38
34
33
197
402
544
824
1153
1535
1830
2255
2668
3012
3247
3323
3577
3514
3498
3275
2923
2709
2421
2033
1562
1142
651
245
-325
-750
-1277
-1700
-2050
-2447
-2564
-2772
-2896
-2964
-2889
-2838
-2753
-2490
-2348
-2046
-1821
-1524
-1268
-1007
-824
-593
-333
-302
-238
-85
47
137
235
248
359
520
519
557
643
742
753
820
798
870
893
852
903
734
638
451
311
88
-44
-283
-460
-648
-777
-742
-883
-886
-933
-864
-897
-737
-670
-543
-489
-395
-255
-263
-67
79
266
250
355
493
619
666
750
714
787
751
693
755
604
592
468
438
382
268
158
28
-130
-268
-364
-487
-585
-773
-916
-1066
-1061
-1064
-1214
-1195
-1222
-1139
-1001
-897
-801
-729
-623
-538
-485
-412
-338
-366
-358
-347
-299
-303
-236
-242
-272
-255
-241
-86
-62
-68
70
179
183
215
376
391
479
453
416
464
445
395
255
147
-1
-109
-112
-82
-147
-90
-37
168
437
751
974
1305
1484
1747
1985
2138
2256
2231
2140
2116
2078
1969
1767
1497
1289
1020
804
496
324
2
-218
-462
-553
-682
-818
-961
-1015
-1054
-1083
-1088
-1047
-978
-1044
-881
-853
-706
-647
-515
-452
-402
-235
-176
99
12
161
257
358
420
311
402
354
306
291
254
223
206
133
86
128
60
110
112
66
189
105
146
131
52
26
88
56
33
127
166
196
258
294
348
332
386
357
347
361
274
306
332
204
217
51
25
-119
-116
-236
-382
-587
-713
-780
-957
-954
-1137
-1115
-1199
-1122
-1097
-1133
-1091
-1197
-1112
-1224
-1245
-1403
-1418
-1533
-1615
-1646
-1770
-1630
-1637
-1586
-1558
-1502
-1431
-1265
-1257
-1158
-1070
-1042
-909
-853
-856
-737
-743
-752
-723
-777
-696
-838
-734
-640
-403
-201
54
392
746
1267
1769
2321
2780
3233
3610
3951
4218
4412
4440
4336
4141
4023
3769
3353
2913
2454
1878
1360
956
460
36
-409
-773
-966
-1195
-1373
-1518
-1695
-1690
-1655
-1612
-1601
-1515
-1433
-1387
-1201
-1081
-886
-807
-639
-467
-316
-148
16
248
280
435
559
746
956
991
1011
1116
1149
1252
1185
1212
1200
1027
1023
930
894
705
590
443
341
197
53
-19
-218
-257
-454
-393
-504
-527
-585
-584
-611
-695
-620
-708
-603
-693
-611
-543
-519
-458
-414
-318
-263
-44
0
113
206
262
387
354
449
448
412
446
355
352
208
98
69
-63
-213
-324
-573
-661
-758
-924
-1108
-1273
-1433
-1456
-1632
-1716
-1703
-1738
-1703
-1743
-1635
-1568
-1501
-1473
-1369
-1265
-1251
-1017
-972
-923
-827
-689
-586
-629
-515
-477
-314
-291
-221
-135
48
169
149
286
304
488
448
596
605
708
796
715
959
768
865
850
809
777
680
646
594
504
426
308
276
126
54
38
-10
-16
66
197
257
510
656
876
976
1187
1357
1404
1493
1533
1640
1593
1647
1571
1404
1317
1163
991
772
603
379
295
129
-29
-41
-150
-229
-336
-285
-366
-378
-414
-403
-507
-539
-586
-684
-746
-828
-813
-840
-866
-896
-782
-756
-578
-492
-344
-146
8
157
276
357
392
470
557
588
617
647
645
543
607
541
554
582
509
595
664
669
704
774
746
798
815
861
842
861
825
764
688
603
420
374
128
-22
-105
-346
-404
-649
-674
-853
-960
-1076
-1129
-1182
-1194
-1105
-1242
-1233
-1164
-1190
-1107
-1152
-1106
-1080
-1112
-1010
-1002
-884
-809
-766
-731
-668
-579
-535
-538
-533
-520
-563
-618
-618
-693
-709
-674
-734
-765
-778
-806
-794
-919
-968
-1037
-1111
-1061
-1135
-1219
-1278
-1250
-1262
-987
-915
-726
-461
-190
281
712
1092
1536
1903
2241
2542
2846
3167
3187
3153
3077
3098
2919
2762
2399
2139
1774
1530
1094
767
472
50
-158
-600
-791
-965
-1144
-1279
-1544
-1617
-1712
-1776
-1748
-1768
-1673
-1655
-1514
-1302
-1196
-1086
-899
-875
-690
-511
-370
-186
-101
60
184
441
523
712
760
818
995
937
1079
964
924
882
826
757
674
550
477
397
267
325
280
369
312
328
355
361
339
407
298
264
194
141
137
72
143
20
11
52
93
126
116
156
185
290
365
400
579
593
655
752
918
919
925
1045
1075
1135
1030
1155
1076
1006
919
816
722
614
473
238
136
-42
-191
-374
-571
-770
-899
-1032
-1225
-1354
-1414
-1575
-1678
-1834
-1838
-1912
-1977
-1969
-2093
-1950
-1955
-1830
-1673
-1591
-1463
-1359
-1131
-923
-754
-595
-372
-183
-47
197
326
470
557
644
804
843
854
848
775
706
717
684
640
576
449
461
329
290
137
-42
-168
-414
-457
-695
-775
-828
-1020
-1010
-1035
-1046
-1005
-991
-877
-820
-718
-638
-573
-493
-374
-251
-170
-134
-48
85
210
291
422
483
654
806
922
1009
1067
1107
1221
1177
1179
1135
1002
1059
931
852
791
589
580
468
326
233
119
120
-19
-60
-71
-164
-154
-158
-117
-199
-163
-187
-155
-76
-87
34
7
105
161
294
319
448
483
520
673
727
755
801
895
1016
1022
1069
1075
1158
1080
1073
1028
974
965
804
734
598
551
361
239
-18
-160
-299
-469
-509
-598
-544
-607
-694
-568
-608
-601
-610
-584
-546
-600
-576
-639
-625
-563
-566
-576
-480
-487
-341
-384
-371
-312
-336
-384
-417
-463
-477
-474
-617
-547
-717
-795
-797
-908
-946
-1100
-861
-866
-734
-664
-562
-208
-77
303
613
940
1196
1389
1571
1771
1857
1783
1653
1435
1475
1214
960
658
221
-30
-389
-844
-1102
-1407
-1711
-2004
-2147
-2195
-2215
-2101
-2175
-2015
-1868
-1671
-1483
-1281
-1152
-959
-690
-482
-288
-122
32
178
379
392
638
760
837
912
976
1082
1118
1069
1017
891
826
701
519
360
276
52
-33
-135
-187
-224
-312
-246
-255
-168
-165
-57
47
148
167
304
319
375
449
491
499
493
579
531
620
604
686
629
643
643
593
625
556
511
478
372
379
317
183
199
142
96
26
-27
-83
25
-45
-82
-47
-108
-79
-67
-193
-115
-106
-185
-50
-141
-51
-79
-39
-62
-93
-61
-97
-53
-39
-52
112
93
179
190
199
222
238
179
58
98
-18
-54
-177
-147
-162
-207
-156
-146
-50
-54
6
103
97
196
283
340
408
388
458
425
446
360
295
355
209
271
169
111
124
106
86
-2
85
-90
-53
-147
-126
-169
-292
-235
-344
-266
-295
-222
-346
-269
-282
-313
-221
-318
-200
-224
-179
-123
-52
-18
-47
22
36
-69
6
-60
-117
-160
-264
-372
-444
-521
-603
-580
-656
-734
-584
-718
-696
-788
-883
-847
-931
-993
-1021
-1012
-1124
-1034
-1072
-1008
-917
-977
-831
-781
-635
-553
-508
-435
-296
-244
-164
-149
-131
4
-33
124
160
214
272
359
426
424
565
502
549
615
691
642
569
738
585
639
701
667
728
844
895
1023
1082
1236
1398
1509
1762
1801
1910
2048
1998
1993
1969
1983
1817
1691
1592
1396
1267
922
771
391
160
-116
-375
-603
-873
-998
-1225
-1317
-1317
-1441
-1488
-1480
-1459
-1368
-1373
-1288
-1267
-1069
-899
-750
-638
-434
-344
-168
-31
81
252
222
398
496
631
679
745
732
907
882
897
848
694
654
551
472
311
231
59
-43
-192
-249
-299
-338
-360
-430
-342
-266
-228
-180
-49
53
36
144
222
264
401
346
340
353
305
216
213
186
-1
-16
-87
-203
-237
-444
-534
-693
-776
-875
-898
-1000
-1113
-1097
-1195
-1125
-1253
-1315
-1355
-1453
-1451
-1479
-1453
-1482
-1467
-1444
-1404
-1350
-1316
-1226
-1196
-1143
-1032
-950
-857
-760
-662
-501
-460
-371
-291
-260
-120
-135
71
143
357
546
788
1050
1338
1768
1932
2285
2391
2638
2665
2708
2858
2670
2461
2191
2088
1735
1534
1167
875
696
367
180
-143
-317
-525
-738
-966
-1117
-1207
-1357
-1458
-1523
-1572
-1521
-1498
-1430
-1392
-1368
-1197
-1043
-964
-783
-675
-463
-301
-98
200
307
453
519
718
786
837
918
879
886
839
807
803
753
701
647
571
582
575
590
556
527
568
484
465
417
359
260
80
-26
-74
-164
-237
-327
-271
-345
-424
-343
-340
-329
-306
-299
-230
-98
-117
90
137
220
230
305
395
389
487
512
583
619
628
635
630
554
561
444
433
353
346
204
149
58
-170
-175
-439
-490
-601
-721
-756
-907
-949
-992
-887
-915
-816
-790
-762
-486
-499
-375
-177
-148
50
25
188
290
325
379
368
413
461
496
448
505
550
550
519
537
515
463
460
398
357
344
240
233
169
138
32
-33
-116
-142
-216
-297
-368
-392
-487
-485
-557
-580
-579
-641
-703
-690
-742
-792
-851
-931
-851
-908
-965
-960
-957
-897
-838
-790
-773
-787
-728
-723
-665
-554
-508
-483
-386
-360
-257
-157
-83
-28
-14
36
119
206
236
236
248
296
252
168
102
77
-7
-88
-174
-209
-269
-372
-298
-397
-363
-355
-235
-256
-177
-178
-32
85
149
255
349
447
489
704
730
785
739
885
1002
1024
1120
1165
1175
1305
1269
1345
1293
1247
1193
1204
1170
1012
974
832
783
779
629
539
564
431
382
307
199
237
215
135
109
146
96
92
150
124
166
156
90
114
32
39
5
-58
-116
-126
-124
-152
-174
-188
-157
-196
-190
-159
-210
-183
-205
-206
-123
-56
11
28
142
197
319
283
378
394
345
324
349
169
175
42
14
-104
-221
-241
-425
-505
-673
-788
-934
-1015
-1077
-1207
-1292
-1350
-1370
-1363
-1457
-1395
-1437
-1323
-1242
-1218
-1033
-997
-864
-773
-563
-475
-331
-196
-52
108
161
223
209
221
209
224
111
36
17
-162
-200
-297
-468
-515
-650
-797
-799
-903
-893
-1005
-1029
-1039
-1091
-1053
-1176
-1109
-1190
-1053
-1015
-835
-724
-408
-151
179
577
931
1405
1712
2020
2296
2462
2600
2676
2724
2595
2485
2379
2264
2017
1784
1529
1141
855
461
296
-165
-415
-667
-873
-1038
-1177
-1229
-1302
-1297
-1310
-1279
-1233
-1142
-1195
-1105
-987
-902
-768
-598
-417
-240
48
298
523
904
1173
1401
1613
1841
1951
2009
1987
1863
1894
1752
1661
1548
1382
1373
1201
1160
1058
952
866
777
651
505
417
323
89
-60
-191
-394
-476
-724
-791
-1027
-1089
-1156
-1225
-1176
-1238
-1161
-1169
-957
-891
-804
-634
-460
-347
-242
-59
21
121
192
171
185
228
158
175
116
-24
-7
-152
-191
-323
-384
-478
-577
-679
-738
-759
-957
-968
-1087
-1078
-1207
-1244
-1299
-1318
-1286
-1254
-1122
-1074
-953
-871
-736
-645
-523
-379
-365
-113
-174
109
203
285
339
418
558
569
615
595
598
512
607
638
534
549
559
503
548
557
530
417
506
521
432
339
272
158
58
-33
-116
-154
-236
-290
-291
-278
-301
-289
-352
-291
-321
-325
-291
-312
-226
-259
-179
-151
-123
-123
-117
21
49
40
66
138
259
241
315
331
394
437
395
473
427
422
393
318
309
231
325
153
235
71
107
84
-122
-110
-249
-302
-431
-439
-572
-629
-629
-588
-626
-558
-501
-495
-362
-400
-275
-254
-141
-47
-58
147
163
349
352
499
574
630
841
793
903
982
957
1032
1084
1174
1161
1253
1228
1235
1232
1090
1161
1054
983
919
833
830
725
645
526
472
331
233
164
64
-5
54
-56
-148
-133
-206
-127
-194
-183
-251
-219
-196
-317
-203
-367
-386
-404
-476
-527
-510
-493
-547
-470
-436
-359
-353
-388
-311
-313
-333
-362
-300
-296
-301
-309
-374
-396
-445
-453
-516
-588
-638
-780
-855
-921
-1055
-1119
-1171
-1226
-1293
-1260
-1222
-1224
-1152
-1228
-1177
-1135
-1126
-1070
-952
-973
-898
-794
-744
-563
-508
-393
-238
-113
4
121
291
337
477
505
620
668
715
727
762
783
744
803
684
668
597
435
408
307
267
132
167
126
87
83
56
91
47
73
11
129
42
175
90
139
177
208
372
359
443
441
546
642
681
781
791
931
947
942
994
1031
1082
998
947
899
910
850
793
786
654
553
459
489
299
269
101
78
-26
-154
-96
-230
-248
-363
-250
-389
-437
-399
-458
-397
-454
-415
-506
-500
-460
-449
-353
-339
-323
-204
-212
-143
-37
11
80
137
265
321
497
430
408
433
361
410
344
348
258
298
228
156
157
85
59
-70
-137
-194
-243
-275
-303
-423
-392
-410
-471
-437
-409
-401
-402
-329
-381
-268
-230
-164
-82
-77
27
103
208
154
234
188
136
226
120
154
79
50
42
-1
-80
-96
-235
-269
-258
-375
-447
-591
-549
-636
-642
-796
-766
-796
-948
-874
-869
-914
-931
-911
-895
-817
-823
-753
-724
-718
-669
-613
-506
-524
-417
-383
-232
-272
-122
-112
-44
-28
60
49
41
182
115
207
187
286
274
314
278
433
329
312
304
335
430
360
459
427
471
468
487
574
493
476
447
488
420
507
544
470
532
498
587
588
598
579
578
597
483
532
411
448
411
289
368
249
347
368
409
384
439
425
460
483
345
427
411
302
347
339
287
164
158
77
22
-18
-134
-134
-184
-221
-182
-200
-240
-201
-150
-57
-84
-40
-112
-125
-116
-121
-162
-151
-186
-166
-113
-128
-105
-93
-78
-136
-71
-57
-36
-56
-14
-71
93
-23
18
122
85
205
184
272
215
264
172
209
177
39
22
17
-30
-167
-44
-157
-193
-151
-234
-285
-245
-245
-245
-250
-300
-247
-275
-366
-357
-319
-411
-379
-433
-451
-403
-403
-382
-447
-400
-409
-406
-358
-354
-274
-271
-320
-285
-315
-342
-425
-419
-539
-581
-565
-711
-686
-762
-741
-822
-840
-823
-829
-822
-848
-823
-802
-780
-697
-737
-696
-588
-500
-453
-360
-322
-248
-105
-17
176
298
555
647
887
1108
1257
1500
1588
1673
1748
1762
1769
1690
1677
1498
1426
1272
984
863
553
423
183
54
-142
-181
-298
-388
-317
-427
-334
-277
-277
-192
-46
-56
-44
110
118
130
237
271
271
375
380
377
406
451
414
383
329
343
299
292
189
100
65
-30
12
-83
-66
-115
-130
-29
-29
2
-33
66
126
171
251
257
339
370
410
426
417
382
386
271
227
200
124
158
45
65
-59
-42
-51
-172
-71
-142
-94
-71
-77
-72
-37
14
-29
-38
1
48
-8
-102
-55
-75
-150
-204
-163
-329
-330
-349
-507
-497
-716
-754
-817
-933
-945
-1026
-1034
-1018
-1013
-979
-1010
-921
-850
-843
-717
-700
-534
-460
-328
-319
-204
-142
-54
70
46
160
116
181
190
243
301
238
273
204
239
245
175
253
233
187
179
158
135
54
58
41
5
-41
48
26
44
114
24
77
-16
-15
-117
-101
-115
-132
-181
-172
-139
-224
-169
-277
-178
-212
-167
-74
-98
-17
-19
72
81
168
192
222
301
279
364
364
342
329
319
354
288
221
224
243
250
205
194
281
222
201
290
281
317
213
181
207
54
121
-27
31
18
-83
-34
-20
7
55
177
201
232
254
243
256
238
125
215
121
153
175
142
234
154
246
208
213
265
222
279
215
244
272
308
269
276
290
265
257
289
269
156
167
171
131
107
33
-38
0
-34
-104
15
-31
-67
-24
-117
-77
-105
-103
-123
-108
-162
-199
-151
-189
-240
-172
-206
-204
-190
-138
-137
-104
-120
-252
-144
-252
-190
-247
-297
-342
-355
-279
-394
-385
-312
-377
-310
-229
-272
-267
-328
-227
-321
-189
-329
-316
-234
-295
-195
-291
-186
-295
-238
-276
-338
-259
-325
-235
-285
-242
-257
-292
-223
-241
-213
-227
-236
-272
-309
-280
-297
-361
-257
-285
-211
-144
-92
-99
-72
-13
-86
-47
-83
-36
-45
38
-23
-29
19
-11
-3
15
70
-21
16
9
51
75
36
84
108
162
125
213
178
192
227
137
205
149
160
124
92
89
27
15
3
95
22
135
172
206
268
256
281
301
295
320
313
301
335
346
337
368
422
357
389
381
434
382
350
364
351
303
270
372
269
280
291
279
193
208
256
132
220
195
302
315
385
413
414
516
392
507
469
464
377
403
422
362
368
327
398
265
300
257
314
238
188
273
160
186
54
26
-35
-85
-117
-108
-115
-203
-137
-144
-203
-137
-176
-237
-272
-271
-291
-351
-351
-455
-411
-435
-404
-470
-409
-483
-413
-514
-583
-548
-637
-672
-746
-714
-738
-795
-809
-769
-731
-717
-780
-663
-679
-619
-638
-592
-538
-592
-472
-512
-469
-536
-356
-356
-350
-218
-328
-246
-244
-216
-263
-231
-158
-155
-96
-171
-152
-93
-44
-33
-70
-24
18
129
78
224
168
237
246
314
308
305
361
281
371
276
371
374
279
382
220
329
297
332
310
302
369
318
357
345
367
328
313
338
371
368
364
314
262
249
342
319
360
361
392
360
400
362
360
376
335
464
361
514
363
458
426
506
465
429
511
376
466
326
390
302
339
239
237
322
235
285
231
270
206
227
175
141
214
188
159
-1
122
125
15
87
20
3
2
-12
0
-10
-56
-93
-80
-89
-71
-96
-102
-79
-64
-60
-48
-33
-158
-26
-94
-99
-165
-132
-156
-142
-120
-147
-135
-122
-192
-159
-161
-189
-190
-188
-293
-313
-299
-368
-368
-510
-490
-537
-521
-552
-586
-620
-629
-479
-548
-497
-444
-570
-493
-439
-399
-492
-503
-469
-501
-450
-421
-447
-397
-479
-492
-503
-536
-465
-518
-518
-524
-523
-509
-546
-595
-548
-537
-618
-482
-511
-444
-429
-432
-474
-345
-355
-309
-199
-173
-26
-101
111
72
148
189
146
284
174
301
210
268
345
289
421
324
392
404
441
378
375
449
446
432
490
444
521
531
483
535
538
473
594
510
565
589
555
584
585
606
597
650
597
721
642
626
555
611
464
540
490
441
425
369
430
288
348
228
219
207
175
168
175
145
239
252
125
224
207
289
172
219
212
165
248
190
237
159
181
119
98
123
64
11
-78
-41
-156
-119
-173
-137
-220
-174
-176
-212
-215
-233
-156
-216
-145
-186
-219
-150
-174
-206
-213
-242
-254
-211
-180
-114
-74
-155
-27
-47
-101
-74
-68
-179
-213
-223
-309
-271
-321
-356
-357
-378
-338
-411
-296
-357
-327
-298
-430
-326
-428
-366
-367
-392
-367
-429
-381
-356
-313
-294
-317
-233
-212
-320
-155
-133
-122
-147
-33
12
-59
133
-15
13
-44
-107
-56
-208
-134
-212
-155
-243
-229
-176
-283
-186
-180
-108
-222
-142
-181
-127
-91
-178
-163
-176
-30
-138
-128
-183
-146
-174
-136
-126
-107
-81
-73
-41
0
10
16
88
-14
58
83
106
132
164
204
103
120
153
196
258
291
220
380
377
347
404
333
267
259
258
285
342
263
284
349
386
330
343
368
342
337
235
345
217
298
251
236
335
230
363
335
317
290
308
343
295
297
323
179
286
143
179
128
117
124
117
143
103
224
73
191
214
161
221
149
193
222
231
180
281
211
236
298
249
338
314
325
286
278
335
290
233
154
134
104
63
127
-17
-18
-35
-81
-137
-110
-111
-323
-188
-279
-244
-186
-226
-257
-278
-340
-312
-284
-442
-363
-396
-389
-381
-383
-330
-378
-314
-322
-346
-327
-425
-351
-497
-536
-558
-541
-597
-537
-511
-463
-335
-329
-240
-273
-143
-252
-151
-289
-237
-285
-416
-300
-365
-351
-381
-347
-343
-289
-268
-214
-191
-239
-130
-201
-111
-65
-75
-125
-70
-102
-211
-142
-296
-304
-316
-313
-275
-299
-161
-231
-164
-162
-86
-52
-89
-9
-51
-52
-54
57
-13
59
59
109
107
137
130
156
154
82
169
133
185
121
189
150
195
182
230
309
227
377
337
360
361
400
390
407
420
459
420
398
447
408
451
382
392
362
392
509
452
521
496
538
583
614
616
567
528
518
569
375
413
361
365
360
319
377
314
422
326
417
388
389
377
373
384
243
303
243
187
158
92
61
19
-24
56
51
91
108
176
185
165
199
184
133
28
8
-111
-43
-179
-204
-275
-239
-220
-211
-198
-173
-81
-74
-141
-101
-128
-247
-144
-230
-266
-332
-485
-379
-442
-514
-622
-604
-691
-745
-658
-788
-619
-734
-662
-691
-577
-567
-670
-687
-724
-769
-772
-773
-799
-708
-650
-683
-626
-621
-684
-591
-652
-582
-599
-535
-490
-424
-352
-333
-271
-201
-149
-155
-86
-96
-83
-49
-31
-5
63
66
107
85
190
150
252
187
96
186
179
220
163
242
200
227
100
200
200
165
207
144
171
118
214
140
325
240
352
340
292
417
366
368
286
335
190
259
303
279
306
276
346
421
368
431
380
404
450
435
457
441
494
422
493
463
397
441
404
354
398
319
304
376
312
316
273
245
339
332
356
292
412
386
409
470
368
445
410
377
333
319
339
317
291
243
346
288
259
318
242
233
94
104
69
43
5
-25
-51
-93
-67
-100
-128
-147
-201
-260
-271
-299
-320
-345
-363
-411
-370
-427
-358
-406
-401
-371
-400
-377
-399
-311
-377
-308
-372
-328
-306
-312
-321
-300
-306
-263
-269
-233
-305
-293
-343
-299
-347
-381
-382
-450
-378
-446
-385
-439
-413
-478
-390
-413
-398
-396
-446
-465
-482
-462
-521
-490
-449
-464
-453
-406
-456
-387
-367
-307
-313
-321
-340
-210
-263
-211
-146
-225
-143
-109
-83
-76
-82
-118
-130
-64
-162
-115
-115
-17
-35
5
110
173
220
148
225
207
186
134
225
72
125
183
120
207
122
277
187
310
245
196
282
197
259
213
308
240
308
288
351
320
332
367
333
393
488
472
570
520
454
514
431
535
533
573
518
584
463
560
506
446
510
344
455
371
467
412
423
370
322
286
226
195
212
237
195
206
171
176
217
248
272
287
284
216
261
236
254
224
166
170
212
151
79
171
60
40
-32
-66
-54
4
34
-11
-52
5
-20
20
-27
-52
-52
-126
-83
-251
-282
-332
-325
-405
-361
-345
-354
-332
-366
-258
-293
-257
-282
-207
-278
-239
-298
-303
-334
-353
-286
-444
-342
-416
-355
-385
-356
-333
-450
-377
-461
-354
-466
-380
-448
-437
-375
-378
-347
-363
-331
-401
-251
-378
-328
-446
-434
-385
-419
-358
-335
-335
-391
-296
-337
-294
-366
-434
-303
-400
-353
-274
-322
-317
-327
-309
-346
-235
-238
-181
-157
-114
-59
7
71
73
197
202
217
225
240
347
186
232
198
189
240
277
307
191
291
267
294
343
302
428
368
426
397
373
439
371
386
240
353
234
293
334
271
391
330
418
394
505
395
394
472
376
382
353
362
354
342
360
368
415
335
461
423
366
405
288
326
265
295
321
326
349
290
387
347
452
341
345
327
236
318
230
267
154
249
219
170
237
156
303
164
237
203
141
216
148
123
17
-14
-8
-39
-11
-138
-201
-165
-285
-195
-290
-350
-300
-319
-298
-314
-276
-345
-315
-333
-425
-416
-433
-470
-416
-393
-473
-445
-402
-386
-339
-394
-381
-345
-399
-339
-442
-438
-475
-471
-496
-466
-433
-442
-371
-385
-393
-350
-399
-444
-468
-414
-432
-420
-414
-428
-406
-408
-424
-358
-422
-397
-390
-352
-226
-389
-226
-291
-230
-192
-235
-124
-169
-62
-186
-111
-119
-76
-148
-124
-50
-56
-14
43
38
-18
21
74
90
50
139
107
147
121
188
223
174
252
281
202
212
176
161
164
118
122
141
221
173
262
225
308
331
227
219
298
254
351
301
339
388
396
415
444
467
464
490
450
487
502
459
392
420
383
374
441
391
403
397
398
397
275
402
274
385
344
333
338
309
367
316
349
253
251
243
266
211
124
173
129
121
143
154
111
221
186
196
253
293
222
172
181
188
203
192
135
52
123
73
23
29
-95
-17
-98
-106
-131
-80
-121
-108
-43
-189
-129
-134
-168
-213
-233
-277
-233
-321
-330
-286
-406
-367
-328
-414
-367
-314
-391
-311
-393
-400
-465
-468
-540
-531
-569
-561
-549
-561
-548
-514
-574
-556
-543
-609
-457
-556
-475
-462
-441
-452
-457
-409
-392
-336
-344
-341
-377
-372
-396
-398
-468
-308
-373
-214
-217
-238
-159
-177
-199
-211
-114
-165
-75
-71
-77
14
57
47
32
166
95
159
99
158
128
32
158
55
68
33
70
36
42
89
57
161
73
128
184
229
204
279
284
379
357
413
403
382
380
326
273
251
203
113
181
112
223
310
205
248
289
271
328
242
277
201
347
285
360
333
339
431
317
418
391
416
338
429
436
459
495
464
514
504
447
613
503
486
598
542
539
499
507
372
418
333
284
272
223
299
271
189
215
124
31
48
-57
-168
-133
-213
-272
-234
-223
-242
-249
-220
-233
-172
-226
-172
-237
-177
-183
-182
-192
-180
-138
-186
-165
-177
-198
-195
-284
-204
-225
-223
-207
-163
-158
-175
-142
-99
-156
-144
-144
-116
-196
-196
-175
-253
-173
-268
-177
-171
-248
-275
-240
-258
-265
-408
-331
-450
-457
-473
-450
-421
-559
-492
-517
-484
-526
-418
-451
-464
-322
-480
-358
-339
-437
-385
-377
-302
-310
-281
-246
