27
43
44
34
22
6
-17
-36
-40
-31
-23
-33
-51
-61
-56
-48
-44
-36
-21
-5
2
0
-1
5
8
4
1
4
15
22
23
23
28
30
23
11
10
18
25
22
17
16
13
-1
-21
-31
-27
-18
-13
-9
-1
12
20
22
24
31
39
39
38
41
49
53
49
40
35
32
25
15
9
7
6
1
-6
-10
-13
-20
-29
-34
-22
-2
6
-2
-20
-32
-34
-28
-20
-7
6
11
1
-15
-23
-21
-13
-7
-2
4
6
0
-9
-11
-7
-4
-1
5
20
35
44
47
53
63
67
64
59
60
62
56
44
34
31
32
33
34
37
39
33
20
7
5
12
23
34
43
45
39
22
2
-17
-27
-26
-17
-7
1
0
-11
-28
-44
-54
-52
-45
-37
-35
-37
-41
-43
-39
-29
-20
-15
-14
-13
-3
7
11
9
10
15
23
24
19
14
13
15
17
21
32
44
50
52
51
51
52
54
54
54
51
46
38
35
39
46
55
59
55
43
23
1
-14
-18
-17
-17
-17
-19
-21
-29
-41
-47
-42
-30
-19
-15
-14
-11
-10
-13
-16
-15
-14
-14
-16
-19
-22
-26
-29
-23
-8
6
15
13
8
2
-7
-19
-25
-18
4
30
47
51
39
15
-13
-27
-17
13
42
55
50
41
35
34
35
37
40
39
32
26
24
29
31
24
8
-4
-6
0
6
10
10
9
2
-4
-4
1
9
18
28
34
34
21
3
-14
-26
-34
-40
-40
-36
-30
-29
-32
-33
-29
-27
-27
-27
-23
-18
-16
-16
-13
-5
6
11
12
9
6
5
4
3
4
3
-2
-13
-22
-25
-22
-14
-5
2
8
12
11
8
10
16
23
24
24
24
26
24
20
21
33
47
51
44
34
30
29
26
23
23
27
30
30
27
22
19
16
17
21
27
28
27
27
31
33
29
25
28
36
38
28
10
-4
-12
-14
-8
5
20
27
21
7
-9
-21
-28
-29
-26
-22
-22
-26
-28
-25
-21
-17
-20
-26
-27
-24
-21
-13
1
25
46
55
55
52
48
35
13
-9
-18
-12
-5
-3
-3
4
11
12
6
0
-4
-9
-12
-7
5
20
31
34
32
30
28
25
20
16
14
13
9
3
-5
-7
-2
3
2
-5
-11
-12
-7
-2
6
15
21
26
28
29
17
0
-15
-13
2
20
28
26
21
12
1
-8
-8
2
9
3
-12
-24
-27
-25
-25
-27
-22
-13
-10
-12
-13
-3
12
25
32
40
46
45
33
15
-1
-14
-27
-33
-26
-8
10
22
25
21
9
-7
-18
-19
-13
-7
-7
-7
0
11
22
27
30
30
28
24
18
16
20
27
36
41
44
40
29
13
2
-1
6
20
39
56
64
53
28
4
-7
-2
10
21
28
34
31
26
21
28
42
50
42
24
14
18
30
40
41
30
3
-34
-67
-78
-63
-36
-19
-13
-10
-2
3
-5
-20
-28
-27
-29
-37
-36
-13
24
49
51
36
11
-18
-48
-67
-65
-44
-25
-9
3
10
12
8
6
15
25
29
23
17
15
15
16
22
35
48
56
52
46
39
31
20
5
-9
-18
-25
-27
-25
-14
1
11
11
5
-4
-9
-11
-5
11
28
38
39
31
23
16
11
14
25
41
47
41
23
2
-14
-28
-33
-33
-29
-27
-27
-26
-16
-4
7
13
16
21
21
9
-9
-22
-24
-17
-9
1
13
23
19
5
-7
-10
-10
-10
-11
-7
0
2
1
4
10
10
-1
-8
-2
13
27
28
20
6
-8
-18
-17
-2
12
14
4
-5
-6
0
4
4
5
9
17
24
30
32
37
41
42
39
30
18
4
-7
-8
1
13
19
17
14
12
9
1
-4
-2
6
13
15
14
17
18
11
2
-8
-13
-13
-13
-10
-4
4
8
6
3
1
1
0
0
5
16
24
21
11
6
5
5
4
8
18
28
33
31
33
34
33
29
26
30
39
46
51
58
60
55
45
36
33
35
35
36
38
39
32
16
-3
-14
-16
-15
-11
0
20
34
29
7
-13
-19
-13
-1
10
22
24
13
-12
-32
-38
-29
-15
1
8
4
-17
-42
-58
-59
-51
-40
-26
-9
1
-4
-15
-20
-13
3
19
34
53
69
72
59
38
23
15
12
11
13
18
19
10
0
0
4
11
15
19
29
37
38
30
17
4
-9
-22
-28
-19
2
22
31
28
16
0
-15
-28
-28
-15
3
13
13
6
-3
-10
-16
-14
2
23
32
26
17
14
15
9
-1
-4
5
19
24
24
27
33
32
21
9
2
-4
-10
-11
0
21
38
43
39
31
19
4
-9
-10
-4
0
-2
-7
-7
-6
-9
-15
-16
-9
-3
-3
-13
-23
-20
-8
12
26
33
33
28
22
21
26
34
37
26
12
0
-6
-7
-1
14
28
35
30
20
14
10
5
8
20
38
50
49
37
20
1
-17
-25
-19
-2
11
15
16
18
16
8
-5
-14
-12
-3
7
19
35
45
41
24
7
1
6
15
20
21
19
15
8
1
-3
-1
4
10
15
14
17
26
42
54
50
33
13
2
-1
0
1
-1
-3
-6
-9
-7
-4
2
3
-5
-16
-27
-34
-32
-25
-13
-8
-8
-12
-13
-3
10
17
15
10
-1
-12
-18
-16
-1
15
23
18
7
-3
-11
-16
-18
-18
-20
-25
-29
-28
-17
-4
12
24
30
27
15
3
-1
5
16
27
38
49
56
51
36
17
1
-9
-14
-12
-2
13
22
22
20
26
39
52
59
65
67
67
61
54
53
54
52
43
31
24
18
8
-2
-8
-2
17
37
48
42
29
13
-1
-14
-27
-30
-19
-3
12
24
33
36
21
-13
-49
-69
-70
-59
-41
-19
1
12
13
15
26
35
33
15
-11
-36
-57
-73
-80
-73
-55
-33
-13
1
9
9
3
-6
-11
-9
-2
5
15
24
30
29
20
6
-9
-18
-20
-15
-4
13
27
34
34
33
30
24
16
14
24
36
40
35
31
30
30
26
21
22
30
42
52
54
47
36
27
23
21
16
8
-2
-8
-8
-6
-6
-8
-11
-11
-9
-6
-3
4
14
19
18
8
-5
-17
-27
-31
-25
-10
6
12
10
1
-9
-16
-17
-10
0
4
4
-2
-10
-16
-16
-10
-1
9
16
21
29
36
42
50
54
54
46
37
31
30
26
18
5
-8
-14
-9
0
8
14
14
11
4
2
5
14
21
27
37
47
50
45
35
29
28
28
28
31
35
38
35
25
12
5
6
12
16
16
14
10
6
-4
-16
-23
-18
0
25
50
63
66
53
28
5
-13
-21
-22
-15
1
20
29
23
0
-23
-38
-40
-41
-40
-38
-31
-24
-20
-18
-15
-12
-10
-11
-9
-5
0
7
13
20
25
27
26
25
22
16
11
8
9
13
18
18
12
2
-5
-5
-5
-4
1
10
16
12
2
-6
-3
11
32
49
58
51
33
15
4
3
5
11
15
14
6
-6
-11
-11
-14
-21
-29
-29
-27
-24
-19
-15
-11
-10
-12
-11
-5
6
13
15
11
3
-7
-15
-20
-23
-20
-17
-15
-13
-8
0
7
8
3
2
10
24
34
39
42
42
38
29
22
26
38
47
53
54
55
58
57
55
55
55
56
57
61
62
57
43
26
10
2
5
18
32
39
35
25
13
4
-4
-11
-19
-23
-17
-2
12
15
7
-8
-16
-17
-12
-9
-5
-4
-5
-11
-20
-22
-17
-11
-5
-4
-5
0
15
41
63
77
75
63
53
53
56
54
42
23
3
-11
-17
-15
-14
-22
-36
-47
-45
-35
-23
-14
-5
4
13
18
25
34
41
40
26
8
-4
-12
-18
-26
-31
-32
-24
-14
-6
-1
-3
-9
-17
-27
-30
-26
-17
-8
0
2
4
8
13
15
14
8
1
-3
-2
4
11
19
23
23
19
14
13
13
12
8
3
0
-2
-3
-5
-4
-1
5
16
23
26
26
20
16
14
14
13
11
3
-10
-25
-34
-34
-24
-9
7
16
16
7
-3
-8
-7
-3
3
7
11
14
17
22
28
34
33
29
21
14
16
26
37
45
48
46
39
18
-8
-23
-18
3
25
42
53
60
61
53
45
39
37
30
21
12
8
10
13
17
19
16
3
-13
-27
-32
-27
-12
3
14
21
29
35
42
43
36
20
0
-20
-30
-25
-10
2
6
2
-8
-23
-34
-37
-34
-28
-24
-24
-21
-17
-16
-20
-22
-18
-7
4
12
16
22
24
27
29
34
38
35
22
0
-19
-34
-43
-47
-47
-40
-27
-9
9
20
25
19
10
5
5
13
24
35
39
35
29
20
15
13
13
17
17
13
4
0
4
13
21
26
28
28
19
9
4
15
38
56
60
49
31
13
1
0
8
17
22
14
1
-8
-13
-13
-12
-5
6
16
19
20
21
22
15
2
-7
-6
2
8
11
11
9
2
-6
-11
-7
-3
-5
-14
-20
-17
-17
-24
-30
-27
-15
-4
-1
0
2
0
-12
-25
-33
-29
-25
-24
-25
-19
-9
-4
-4
-4
2
14
24
29
27
26
24
21
12
0
-8
-8
-1
11
20
25
22
13
3
-4
-5
-1
6
17
29
39
42
40
32
23
22
26
34
41
44
43
39
36
39
45
52
54
48
32
10
-10
-27
-36
-35
-25
-14
-8
-14
-22
-24
-18
-11
-7
-3
4
11
11
7
3
1
-7
-22
-37
-44
-39
-26
-14
-3
1
0
-5
-7
-8
-10
-8
-2
13
26
32
30
25
16
9
4
7
13
18
17
9
-2
-13
-25
-34
-37
-29
-13
8
22
21
8
-4
-10
-4
5
15
23
26
22
12
1
-9
-14
-13
-8
-3
2
6
14
25
33
31
21
8
-2
-9
-10
-3
7
19
32
42
47
42
26
7
-3
-4
2
9
15
19
16
10
4
1
2
3
5
6
4
3
7
14
23
30
32
30
27
25
27
31
31
23
11
-3
-12
-14
-10
1
9
16
18
17
15
15
17
21
24
25
25
21
12
0
-9
-10
-1
11
22
25
21
11
0
-5
-2
8
17
26
34
38
36
31
29
33
39
41
38
32
27
28
29
29
30
34
39
39
34
30
33
41
48
59
71
74
60
33
11
9
22
31
30
22
8
-16
-45
-69
-71
-54
-34
-27
-37
-61
-84
-93
-82
-55
-27
-7
-3
-16
-34
-45
-42
-31
-25
-28
-35
-41
-42
-39
-29
-16
0
13
17
11
5
6
19
29
25
10
4
11
19
20
15
23
43
56
46
26
12
11
15
17
19
27
35
39
36
32
33
33
29
26
22
16
8
3
5
11
12
7
5
7
8
0
-12
-14
-6
1
2
0
2
5
5
4
4
5
5
4
8
13
16
15
12
13
14
14
12
9
3
-3
-8
-6
5
19
27
24
12
0
-10
-18
-24
-29
-25
-12
5
13
14
11
8
5
-4
-12
-11
-3
6
12
13
16
16
18
20
28
40
45
39
25
14
13
21
31
41
51
60
65
65
64
62
59
51
44
47
63
83
92
84
64
46
38
37
37
33
29
26
19
4
-15
-27
-20
0
19
26
20
8
-3
-10
-17
-31
-51
-69
-83
-99
-123
-151
-171
-169
-153
-136
-133
-137
-142
-144
-149
-151
-145
-132
-127
-143
-170
-181
-156
-104
-56
-31
-25
-21
-16
-16
-23
-23
-1
44
100
151
192
221
236
244
253
268
289
317
349
380
403
414
425
438
453
455
439
414
398
390
370
321
251
181
127
78
19
-50
-108
-148
-178
-222
-283
-348
-398
-438
-481
-531
-579
-615
-641
-665
-689
-709
-721
-725
-711
-673
-619
-568
-532
-511
-489
-466
-440
-405
-345
-260
-164
-70
24
131
250
343
365
327
332
480
730
890
828
662
681
984
1306
1302
981
743
903
1277
1395
1088
705
650
874
961
705
374
300
418
381
75
-220
-240
-109
-151
-439
-717
-766
-662
-622
-739
-919
-1039
-1041
-950
-870
-925
-1105
-1226
-1127
-901
-802
-902
-995
-891
-689
-603
-630
-572
-346
-126
-64
-63
66
316
501
539
551
661
833
951
997
1046
1128
1201
1230
1227
1211
1180
1129
1056
949
810
683
613
554
407
147
-115
-277
-392
-584
-861
-1093
-1206
-1272
-1408
-1615
-1796
-1887
-1923
-1963
-2031
-2111
-2173
-2180
-2114
-2004
-1894
-1791
-1644
-1417
-1151
-935
-799
-673
-441
-51
406
750
882
916
1111
1573
2082
2292
2147
2009
2263
2812
3150
2978
2599
2515
2767
2901
2621
2197
2066
2204
2163
1745
1285
1151
1217
1055
552
50
-138
-114
-188
-475
-847
-1145
-1318
-1371
-1376
-1485
-1785
-2120
-2223
-2072
-1960
-2092
-2295
-2270
-2034
-1870
-1898
-1917
-1757
-1542
-1479
-1520
-1437
-1163
-870
-698
-595
-453
-270
-104
52
222
379
493
620
824
1045
1157
1140
1115
1188
1329
1455
1542
1611
1648
1625
1577
1572
1609
1598
1473
1280
1131
1100
1147
1129
929
586
301
235
298
213
-150
-591
-804
-757
-721
-929
-1297
-1562
-1621
-1622
-1733
-1944
-2137
-2255
-2345
-2425
-2450
-2392
-2322
-2332
-2419
-2477
-2413
-2265
-2142
-2100
-2057
-1871
-1500
-1062
-743
-604
-498
-204
327
882
1209
1318
1484
1905
2421
2706
2718
2787
3158
3608
3713
3440
3240
3422
3707
3611
3137
2789
2859
3010
2758
2137
1626
1478
1426
1130
642
251
42
-153
-430
-704
-909
-1132
-1420
-1651
-1751
-1850
-2090
-2354
-2405
-2283
-2287
-2516
-2682
-2517
-2182
-2034
-2113
-2126
-1929
-1720
-1681
-1681
-1518
-1263
-1127
-1100
-968
-664
-382
-252
-158
47
291
431
504
661
892
1031
1027
1051
1237
1504
1677
1708
1685
1679
1709
1788
1881
1866
1652
1360
1260
1432
1601
1427
926
477
383
518
491
119
-363
-606
-553
-485
-665
-1043
-1349
-1432
-1431
-1565
-1868
-2164
-2302
-2310
-2317
-2372
-2422
-2433
-2455
-2547
-2675
-2738
-2693
-2603
-2554
-2536
-2435
-2161
-1772
-1430
-1228
-1047
-666
-48
538
760
674
777
1467
2464
3013
2810
2501
2947
4057
4757
4357
3531
3491
4355
4954
4413
3331
2915
3312
3511
2862
1968
1718
1991
1933
1231
485
246
283
60
-480
-985
-1270
-1441
-1558
-1607
-1754
-2211
-2780
-2923
-2516
-2160
-2418
-2995
-3127
-2675
-2307
-2515
-2919
-2872
-2382
-2004
-1985
-2004
-1779
-1489
-1390
-1355
-1109
-698
-399
-266
-101
162
337
365
478
835
1220
1353
1327
1476
1856
2147
2106
1904
1866
2069
2311
2385
2240
1963
1716
1670
1834
1961
1752
1231
766
670
809
767
341
-228
-568
-594
-558
-697
-996
-1263
-1412
-1518
-1679
-1879
-2032
-2117
-2196
-2325
-2478
-2585
-2611
-2612
-2687
-2854
-2998
-2982
-2832
-2740
-2823
-2925
-2762
-2301
-1878
-1808
-1944
-1771
-1013
-53
435
281
107
671
1928
2965
3009
2402
2312
3356
4779
5257
4473
3509
3551
4461
5023
4520
3582
3269
3652
3827
3222
2361
2051
2221
2086
1313
499
290
507
437
-198
-987
-1433
-1476
-1373
-1392
-1687
-2227
-2690
-2693
-2323
-2185
-2661
-3311
-3379
-2827
-2400
-2582
-2971
-2908
-2418
-2055
-2050
-2054
-1772
-1401
-1243
-1232
-1090
-771
-459
-223
15
245
363
422
648
1075
1414
1447
1361
1502
1866
2105
2032
1886
1989
2305
2487
2320
1965
1756
1811
1914
1767
1347
954
865
966
861
374
-188
-418
-337
-367
-746
-1214
-1385
-1274
-1257
-1558
-1969
-2145
-2045
-1939
-2071
-2395
-2678
-2766
-2718
-2701
-2829
-3049
-3206
-3190
-3025
-2829
-2689
-2606
-2530
-2420
-2238
-1921
-1409
-766
-231
-36
-78
126
993
2280
3147
3023
2404
2457
3656
5064
5325
4316
3388
3746
4965
5540
4780
3595
3231
3692
3926
3339
2508
2213
2319
2075
1263
516
398
628
496
-211
-1017
-1401
-1339
-1205
-1350
-1873
-2561
-2992
-2876
-2458
-2371
-2917
-3591
-3640
-3030
-2509
-2629
-3054
-3088
-2632
-2204
-2138
-2164
-1922
-1503
-1250
-1211
-1118
-815
-428
-102
170
419
591
687
856
1180
1513
1674
1718
1833
2042
2174
2174
2208
2382
2505
2340
1964
1730
1821
1988
1835
1310
805
715
943
965
436
-347
-750
-575
-339
-627
-1336
-1805
-1689
-1396
-1521
-2076
-2537
-2573
-2413
-2449
-2717
-2932
-2922
-2805
-2765
-2818
-2870
-2874
-2877
-2912
-2911
-2749
-2384
-1963
-1725
-1719
-1646
-1137
-237
512
639
368
484
1457
2829
3620
3368
2668
2574
3506
4777
5304
4769
3952
3851
4531
5081
4746
3823
3207
3227
3333
2978
2374
2065
2051
1779
1009
233
25
242
226
-357
-1158
-1636
-1655
-1498
-1496
-1795
-2320
-2803
-2947
-2736
-2548
-2768
-3259
-3486
-3202
-2793
-2749
-3003
-3067
-2752
-2389
-2266
-2202
-1877
-1375
-1056
-1007
-919
-578
-152
129
308
538
768
863
921
1201
1695
2070
2101
1969
1987
2191
2400
2503
2510
2395
2136
1907
1961
2229
2252
1711
920
527
713
958
648
-161
-832
-922
-680
-697
-1196
-1825
-2139
-2095
-2024
-2200
-2573
-2884
-2970
-2882
-2789
-2818
-2955
-3078
-3087
-3006
-2938
-2937
-2962
-2963
-2939
-2877
-2678
-2285
-1840
-1595
-1564
-1411
-808
107
787
872
641
772
1643
2887
3696
3604
3048
3008
3959
5221
5622
4888
4053
4211
5099
5434
4613
3505
3240
3688
3759
2987
2109
1898
2035
1665
697
-67
-100
144
-97
-882
-1604
-1815
-1679
-1634
-1919
-2476
-3046
-3282
-3015
-2568
-2555
-3160
-3786
-3731
-3101
-2684
-2895
-3246
-3089
-2512
-2126
-2149
-2167
-1848
-1409
-1198
-1131
-892
-452
-61
186
431
722
907
984
1209
1704
2191
2352
2269
2266
2424
2546
2574
2652
2748
2544
1964
1526
1759
2371
2419
1481
322
26
626
1016
324
-972
-1632
-1202
-556
-786
-1870
-2772
-2735
-2133
-1896
-2374
-3026
-3177
-2817
-2493
-2604
-2974
-3174
-3063
-2880
-2870
-2971
-2961
-2785
-2634
-2656
-2704
-2483
-1925
-1344
-1103
-1143
-971
-234
762
1304
1156
989
1674
3132
4250
4145
3348
3259
4429
5768
5857
4734
3880
4318
5318
5419
4369
3384
3423
3931
3730
2694
1818
1726
1852
1401
537
35
90
94
-407
-1131
-1593
-1776
-1914
-2039
-2136
-2436
-3088
-3637
-3468
-2801
-2618
-3339
-4109
-3912
-2999
-2541
-2968
-3459
-3210
-2539
-2231
-2319
-2176
-1610
-1143
-1103
-1105
-706
-96
275
433
724
1123
1263
1146
1285
1934
2641
2829
2565
2359
2452
2694
2971
3284
3376
2845
1894
1456
2094
3010
2792
1236
-194
-104
1010
1299
-127
-2051
-2631
-1647
-693
-1164
-2639
-3538
-3093
-2138
-1954
-2754
-3609
-3667
-3099
-2715
-2940
-3404
-3519
-3202
-2877
-2889
-3085
-3101
-2854
-2626
-2631
-2672
-2361
-1662
-1015
-837
-920
-584
464
1607
1960
1546
1467
2575
4249
4965
4202
3234
3625
5231
6331
5782
4440
3988
4791
5546
5093
3872
3177
3379
3575
2975
1973
1481
1601
1550
817
-148
-629
-595
-605
-1009
-1624
-2146
-2460
-2539
-2405
-2333
-2683
-3349
-3670
-3290
-2785
-2977
-3746
-4102
-3550
-2799
-2764
-3311
-3524
-3008
-2303
-1993
-1962
-1791
-1431
-1118
-862
-478
-27
218
260
458
963
1432
1549
1550
1884
2510
2923
2886
2735
2831
3045
3079
3011
3130
3316
3065
2276
1619
1742
2313
2283
1195
-146
-589
-33
424
-177
-1515
-2386
-2155
-1481
-1494
-2446
-3474
-3674
-3135
-2712
-2949
-3499
-3694
-3395
-3056
-3063
-3268
-3286
-3034
-2807
-2841
-2988
-2933
-2629
-2354
-2334
-2409
-2215
-1646
-1038
-748
-680
-362
441
1347
1772
1715
1866
2771
4017
4596
4174
3654
4129
5427
6197
5606
4476
4260
5127
5728
5027
3701
3184
3680
3921
2992
1607
1075
1477
1620
764
-392
-769
-380
-202
-797
-1692
-2170
-2142
-2026
-2129
-2473
-2958
-3367
-3367
-2931
-2624
-3023
-3837
-4086
-3392
-2584
-2623
-3279
-3477
-2815
-2057
-1944
-2176
-1984
-1302
-762
-691
-716
-451
-29
269
505
885
1300
1495
1561
1850
2404
2842
2902
2784
2793
2912
2989
3084
3270
3255
2668
1785
1457
1994
2517
1914
360
-728
-437
412
235
-1293
-2782
-2845
-1784
-1182
-1970
-3395
-4020
-3412
-2499
-2381
-3121
-3833
-3790
-3171
-2712
-2819
-3193
-3318
-3093
-2875
-2951
-3167
-3166
-2845
-2455
-2252
-2165
-1912
-1381
-785
-365
-49
464
1231
1890
2152
2315
2973
4109
4888
4689
4098
4305
5509
6482
6110
4932
4483
5217
5884
5260
3859
3204
3698
4102
3327
1955
1355
1736
1933
1114
-83
-559
-286
-208
-846
-1694
-2103
-2117
-2184
-2443
-2749
-3092
-3517
-3774
-3598
-3277
-3421
-4020
-4268
-3683
-2917
-2917
-3560
-3794
-3137
-2299
-2087
-2291
-2154
-1557
-1065
-950
-826
-360
203
508
667
977
1370
1570
1673
2065
2752
3201
3046
2639
2598
3048
3553
3660
3274
2614
2101
2169
2772
3088
2248
584
-384
273
1450
1145
-932
-2745
-2458
-866
-436
-2106
-4071
-4188
-2662
-1600
-2243
-3642
-4180
-3589
-2893
-2888
-3339
-3622
-3553
-3373
-3274
-3207
-3066
-2847
-2652
-2588
-2616
-2478
-1933
-1132
-562
-447
-376
215
1233
1969
2044
1992
2578
3702
4441
4293
3952
4429
5602
6223
5569
4529
4523
5554
6098
5151
3654
3264
4096
4576
3623
2106
1554
2029
2157
1160
-110
-501
-186
-249
-1041
-1802
-1918
-1762
-1957
-2427
-2710
-2793
-3013
-3294
-3236
-2938
-3030
-3635
-3971
-3454
-2678
-2629
-3234
-3467
-2900
-2276
-2297
-2564
-2289
-1550
-1101
-1165
-1170
-726
-179
92
317
847
1440
1619
1532
1826
2642
3289
3187
2675
2565
3109
3781
3965
3513
2719
2064
1987
2479
2827
2190
693
-404
-126
833
801
-747
-2394
-2532
-1406
-757
-1578
-2988
-3524
-2955
-2303
-2383
-2957
-3324
-3248
-3017
-2911
-2938
-3008
-3104
-3215
-3281
-3248
-3146
-3032
-2925
-2805
-2608
-2244
-1692
-1089
-654
-413
-112
485
1235
1765
2023
2425
3263
4151
4435
4156
4147
4910
5775
5683
4719
4178
4842
5799
5564
4122
3025
3304
4062
3744
2317
1270
1484
2030
1578
296
-473
-191
192
-306
-1350
-1929
-1823
-1715
-2037
-2477
-2672
-2767
-2954
-3045
-2897
-2860
-3256
-3675
-3451
-2738
-2435
-2883
-3306
-2939
-2137
-1792
-1978
-1952
-1387
-860
-855
-967
-566
192
606
518
504
968
1577
1866
1943
2231
2740
3066
3018
2870
2936
3184
3381
3352
3011
2392
1830
1794
2233
2326
1398
-24
-635
-43
537
-218
-1932
-2933
-2435
-1541
-1722
-2922
-3785
-3521
-2778
-2569
-2987
-3368
-3313
-3045
-2875
-2820
-2801
-2847
-2949
-2959
-2807
-2658
-2649
-2642
-2409
-1996
-1660
-1480
-1256
-822
-264
252
695
1121
1575
2128
2851
3585
3916
3714
3586
4298
5637
6323
5549
4263
4185
5516
6452
5487
3549
2864
3923
4756
3690
1713
1052
1987
2513
1313
-392
-733
80
228
-955
-2144
-2127
-1491
-1493
-2197
-2702
-2708
-2758
-3056
-3121
-2828
-2808
-3339
-3668
-3142
-2425
-2603
-3447
-3634
-2736
-1893
-2055
-2532
-2143
-1100
-663
-1122
-1343
-543
510
730
367
490
1281
1847
1777
1815
2606
3545
3612
2900
2509
3027
3802
3905
3203
2301
1822
1979
2470
2518
1484
-171
-966
-121
1098
667
-1521
-3236
-2712
-1025
-722
-2468
-4270
-4182
-2709
-1853
-2482
-3568
-3847
-3294
-2723
-2592
-2706
-2759
-2705
-2618
-2533
-2465
-2420
-2315
-2063
-1723
-1446
-1237
-934
-464
32
415
754
1207
1783
2366
2904
3395
3749
3883
4021
4553
5413
5860
5322
4367
4246
5245
6044
5313
3599
2776
3536
4391
3696
1946
1022
1495
1908
1023
-377
-758
-147
-5
-991
-2071
-2153
-1625
-1590
-2233
-2788
-2856
-2824
-2992
-3107
-3009
-3052
-3442
-3691
-3331
-2772
-2776
-3231
-3235
-2483
-1789
-1863
-2214
-1930
-1097
-650
-894
-1038
-412
535
983
940
1056
1535
1947
2111
2425
3080
3536
3293
2754
2756
3394
3882
3638
2963
2483
2360
2364
2323
2120
1515
497
-337
-349
120
-64
-1317
-2567
-2547
-1570
-1221
-2268
-3628
-3816
-2864
-2139
-2497
-3341
-3635
-3234
-2806
-2801
-3007
-3068
-2971
-2883
-2825
-2708
-2530
-2357
-2168
-1899
-1595
-1354
-1142
-782
-218
391
878
1310
1875
2564
3082
3221
3229
3646
4636
5582
5644
4815
4150
4618
5792
6176
5034
3450
3045
3885
4395
3484
2019
1542
2092
2224
1172
-36
-170
361
175
-952
-1766
-1465
-905
-1259
-2270
-2741
-2369
-2042
-2356
-2801
-2811
-2702
-2968
-3277
-3036
-2549
-2658
-3288
-3379
-2504
-1646
-1760
-2323
-2179
-1321
-808
-1026
-1111
-386
547
784
513
612
1270
1844
2010
2202
2715
3111
2964
2625
2724
3229
3516
3250
2677
2144
1801
1749
1934
1857
985
-282
-737
48
774
-91
-2087
-3076
-2050
-639
-1050
-3095
-4424
-3635
-2024
-1722
-2940
-3977
-3641
-2608
-2224
-2729
-3269
-3192
-2720
-2384
-2353
-2447
-2451
-2234
-1774
-1242
-889
-714
-405
217
882
1241
1417
1873
2674
3285
3299
3100
3464
4518
5448
5405
4554
3950
4341
5291
5661
4934
3827
3421
3831
4111
3518
2474
1941
2064
2016
1256
345
95
314
63
-915
-1755
-1714
-1273
-1440
-2296
-2937
-2829
-2505
-2652
-3137
-3372
-3282
-3251
-3346
-3241
-2940
-2901
-3218
-3270
-2638
-1879
-1792
-2200
-2205
-1560
-1016
-1071
-1163
-600
270
576
305
323
1026
1742
1842
1732
2171
2990
3265
2696
2146
2519
3516
3941
3147
1832
1306
2017
2948
2654
965
-574
-376
1150
1824
296
-2111
-2894
-1520
-147
-858
-3002
-4124
-3175
-1724
-1744
-3100
-3991
-3448
-2412
-2244
-2944
-3407
-3022
-2363
-2234
-2611
-2795
-2373
-1663
-1233
-1240
-1319
-1046
-392
286
669
867
1267
1994
2647
2774
2533
2632
3483
4598
5039
4510
3773
3834
4747
5467
5039
3782
2982
3336
4054
3867
2702
1769
1869
2291
1873
728
70
368
624
-130
-1329
-1673
-1068
-782
-1586
-2677
-2886
-2309
-2009
-2432
-2982
-3101
-3001
-3037
-3053
-2817
-2630
-2861
-3175
-2919
-2207
-1905
-2324
-2652
-2118
-1163
-792
-1083
-1145
-512
218
396
276
466
940
1265
1487
2042
2788
2949
2309
1807
2357
3505
3895
2995
1749
1389
2051
2779
2610
1459
151
-286
391
1208
836
-828
-2287
-2145
-952
-633
-1992
-3584
-3604
-2280
-1496
-2250
-3455
-3621
-2846
-2419
-2886
-3429
-3225
-2597
-2398
-2756
-2990
-2600
-1833
-1244
-1057
-1083
-1005
-605
104
856
1355
1625
1956
2438
2778
2810
2932
3635
4639
5002
4331
3509
3704
4832
5522
4841
3547
3136
3864
4403
3652
2250
1668
2126
2328
1390
168
-15
625
617
-567
-1686
-1557
-798
-917
-2106
-3037
-2800
-2080
-1991
-2559
-3012
-3056
-3045
-3132
-3035
-2749
-2744
-3134
-3308
-2802
-2111
-2015
-2398
-2407
-1771
-1189
-1224
-1442
-1108
-316
176
107
40
492
1253
1825
2123
2359
2514
2392
2135
2204
2741
3223
3038
2236
1533
1571
2234
2678
2123
732
-333
-107
905
1079
-355
-2137
-2409
-1158
-346
-1365
-3183
-3735
-2651
-1633
-2092
-3405
-3991
-3416
-2682
-2674
-3136
-3309
-3011
-2677
-2637
-2736
-2617
-2137
-1445
-843
-550
-498
-341
194
984
1632
1944
2124
2426
2815
3144
3496
4054
4626
4682
4122
3673
4090
5018
5239
4255
3110
3098
3976
4214
3101
1755
1542
2162
2144
1022
-23
23
504
122
-1073
-1740
-1250
-634
-1084
-2267
-2875
-2480
-2013
-2343
-3162
-3631
-3532
-3284
-3145
-3043
-3025
-3273
-3584
-3425
-2733
-2184
-2284
-2594
-2376
-1705
-1316
-1403
-1296
-571
196
267
-84
79
982
1830
1979
1788
1946
2409
2578
2320
2226
2679
3162
2879
1910
1287
1765
2756
2856
1545
-27
-296
740
1377
290
-1676
-2453
-1374
-111
-584
-2526
-3838
-3246
-1815
-1483
-2673
-3961
-3989
-3019
-2355
-2647
-3276
-3360
-2859
-2442
-2478
-2537
-2040
-1074
-357
-360
-718
-649
156
1237
1936
2080
2015
2097
2397
2862
3491
4155
4461
4130
3557
3573
4421
5227
4954
3786
3031
3444
4159
3831
2495
1546
1781
2297
1830
608
-23
360
617
-236
-1510
-1821
-1125
-806
-1707
-2982
-3325
-2681
-2094
-2240
-2798
-3215
-3360
-3282
-2937
-2497
-2452
-2950
-3362
-3028
-2241
-1893
-2196
-2405
-1969
-1321
-1112
-1171
-864
-221
82
-127
-111
662
1635
1922
1609
1588
2189
2703
2504
2074
2318
3178
3568
2806
1633
1359
2214
2971
2390
773
-301
146
1220
1140
-555
-2290
-2292
-830
3
-1159
-3231
-4014
-2914
-1609
-1882
-3460
-4510
-3984
-2754
-2309
-2915
-3546
-3378
-2746
-2474
-2683
-2679
-1953
-895
-332
-516
-828
-493
590
1778
2375
2262
1926
1970
2643
3694
4551
4716
4187
3592
3705
4614
5439
5186
3953
2972
3180
4001
4042
2927
1814
1783
2335
2154
1062
266
517
935
336
-932
-1455
-861
-416
-1189
-2503
-2935
-2298
-1768
-2173
-3035
-3493
-3412
-3179
-2948
-2697
-2663
-3074
-3522
-3303
-2452
-1854
-2043
-2455
-2294
-1675
-1315
-1350
-1199
-622
-168
-239
-358
110
906
1247
1062
1105
1714
2203
1943
1462
1770
2783
3234
2371
1103
931
2016
2900
2263
552
-509
49
1251
1273
-390
-2232
-2472
-1235
-469
-1564
-3560
-4306
-3133
-1671
-1767
-3243
-4291
-3818
-2629
-2151
-2627
-3081
-2815
-2233
-2077
-2310
-2199
-1381
-402
-51
-373
-593
13
1335
2547
2945
2589
2200
2500
3571
4774
5274
4807
4016
3909
4790
5807
5786
4604
3438
3425
4265
4571
3645
2362
1964
2391
2457
1592
623
504
850
518
-633
-1435
-1084
-364
-598
-1834
-2838
-2775
-2178
-2050
-2604
-3290
-3662
-3677
-3416
-3023
-2882
-3291
-3889
-3898
-3142
-2399
-2403
-2852
-2890
-2300
-1679
-1453
-1340
-989
-591
-477
-436
-7
723
1149
1070
1039
1498
2053
2059
1692
1808
2618
3181
2603
1417
1070
2032
3025
2549
839
-316
230
1493
1519
-214
-2065
-2185
-777
101
-983
-3079
-4014
-3029
-1638
-1691
-3124
-4222
-3873
-2803
-2390
-2850
-3222
-2871
-2266
-2099
-2233
-1979
-1159
-391
-268
-581
-553
304
1687
2757
2872
2219
1759
2398
3998
5338
5287
4078
3181
3746
5290
6185
5453
3871
3058
3615
4484
4305
3060
1976
1882
2214
1934
1027
426
535
583
-200
-1321
-1642
-1039
-675
-1417
-2659
-3180
-2748
-2247
-2413
-3066
-3636
-3858
-3722
-3270
-2790
-2824
-3475
-3978
-3530
-2443
-1858
-2228
-2732
-2468
-1666
-1186
-1213
-1149
-682
-224
-107
7
541
1247
1588
1589
1752
2186
2418
2219
2096
2571
3281
3322
2490
1691
1873
2784
3149
2168
582
-50
823
1927
1507
-531
-2317
-2163
-700
-206
-1789
-3945
-4407
-2977
-1703
-2251
-3939
-4805
-4106
-2974
-2736
-3336
-3750
-3427
-2766
-2321
-2096
-1756
-1254
-904
-880
-863
-306
915
2198
2699
2261
1739
2202
3702
5084
5172
4089
3177
3553
4918
5889
5495
4184
3314
3635
4493
4649
3778
2780
2510
2665
2359
1526
1014
1202
1290
463
-760
-1143
-520
-129
-912
-2240
-2811
-2369
-1854
-2047
-2743
-3323
-3538
-3465
-3186
-2884
-2941
-3468
-3905
-3587
-2675
-2079
-2285
-2712
-2526
-1735
-1089
-1022
-1183
-1053
-620
-203
86
412
842
1242
1544
1860
2214
2418
2384
2382
2705
3136
3080
2389
1771
2025
2901
3155
2016
327
-247
737
1766
1086
-1069
-2622
-2137
-607
-248
-1782
-3632
-3966
-2891
-2120
-2765
-4117
-4737
-4203
-3363
-3115
-3433
-3684
-3525
-3149
-2791
-2345
-1661
-971
-733
-970
-1031
-207
1367
2649
2696
1727
1086
1915
3889
5396
5187
3794
3017
3908
5536
6081
5021
3713
3649
4604
5070
4314
3246
3010
3360
3144
2125
1403
1763
2347
1734
8
-1184
-803
153
-6
-1428
-2638
-2585
-1904
-1839
-2605
-3392
-3627
-3489
-3317
-3181
-3171
-3505
-4033
-4116
-3437
-2612
-2472
-2931
-3119
-2612
-1922
-1624
-1543
-1215
-708
-445
-431
-213
383
979
1270
1452
1801
2136
2138
1985
2231
2972
3548
3286
2393
1827
2219
3074
3214
2098
592
121
965
1729
909
-1140
-2428
-1746
-300
-283
-2129
-3945
-3924
-2560
-1884
-2856
-4340
-4749
-3957
-3134
-3100
-3504
-3608
-3270
-2861
-2553
-2113
-1415
-774
-607
-809
-694
294
1825
2817
2547
1627
1555
3045
5012
5634
4481
3132
3367
5029
6230
5665
4160
3528
4279
5124
4794
3673
3108
3457
3631
2753
1531
1300
2037
2240
994
-661
-1066
-200
306
-634
-2190
-2855
-2391
-1888
-2198
-3042
-3683
-3842
-3681
-3399
-3217
-3430
-4010
-4357
-3919
-3011
-2565
-2962
-3523
-3418
-2714
-2112
-1917
-1755
-1306
-798
-556
-429
-25
663
1264
1592
1842
2148
2328
2268
2284
2743
3402
3545
2906
2165
2234
3071
3546
2737
1151
326
1042
2217
2035
165
-1669
-1709
-395
123
-1296
-3317
-3858
-2730
-1758
-2337
-3768
-4390
-3745
-2909
-2897
-3497
-3858
-3642
-3177
-2758
-2316
-1783
-1386
-1350
-1442
-1084
9
1389
2158
1849
1057
1053
2482
4464
5281
4269
2760
2727
4444
6048
5748
4040
3059
3849
5103
5028
3722
2851
3190
3617
2917
1658
1349
2111
2365
1084
-626
-976
61
710
-244
-1971
-2822
-2394
-1710
-1753
-2481
-3295
-3769
-3759
-3308
-2797
-2834
-3539
-4185
-3981
-3118
-2570
-2796
-3177
-2947
-2230
-1734
-1698
-1704
-1429
-1057
-803
-497
58
649
953
1097
1470
2027
2258
1993
1819
2360
3301
3642
2923
1906
1752
2657
3546
3235
1803
596
748
1790
2049
620
-1387
-2006
-826
358
-306
-2392
-3705
-3043
-1664
-1587
-3036
-4333
-4164
-3114
-2635
-3149
-3766
-3644
-2967
-2398
-2130
-1833
-1364
-1035
-1068
-1089
-468
825
1960
2056
1236
699
1508
3336
4644
4298
2919
2300
3374
5050
5452
4191
2854
2991
4162
4605
3637
2501
2497
3141
2971
1803
1037
1524
2192
1554
-73
-909
-162
881
603
-906
-2185
-2322
-1789
-1510
-1815
-2460
-3093
-3385
-3122
-2580
-2470
-3119
-3863
-3763
-2859
-2178
-2371
-2904
-2898
-2326
-1863
-1794
-1710
-1317
-909
-778
-662
-195
405
660
658
977
1703
2141
1839
1405
1769
2810
3355
2688
1556
1333
2310
3273
2888
1300
83
465
1786
2101
473
-1715
-2247
-813
474
-362
-2658
-3939
-3062
-1570
-1607
-3223
-4554
-4304
-3170
-2642
-3121
-3767
-3806
-3331
-2836
-2468
-2037
-1515
-1166
-1150
-1140
-567
695
1936
2218
1528
1085
2084
4132
5427
4794
3201
2717
4059
5738
5906
4554
3372
3589
4572
4846
4021
3129
3078
3424
3100
2048
1387
1789
2349
1714
26
-1068
-573
485
383
-1042
-2282
-2227
-1472
-1311
-2069
-3017
-3492
-3479
-3224
-2941
-2918
-3385
-4020
-4120
-3502
-2859
-2867
-3273
-3331
-2889
-2470
-2343
-2154
-1661
-1231
-1220
-1276
-803
106
742
817
840
1273
1813
1916
1735
1959
2738
3291
2905
1997
1740
2572
3509
3225
1718
488
833
2197
2667
1227
-900
-1599
-428
777
108
-2068
-3560
-3059
-1666
-1406
-2731
-4145
-4205
-3191
-2478
-2762
-3450
-3668
-3292
-2771
-2360
-1945
-1493
-1267
-1401
-1480
-845
571
1910
2129
1248
615
1570
3764
5257
4650
2886
2322
3922
6007
6270
4584
3056
3313
4561
4887
3862
2925
3179
3809
3321
1806
912
1504
2329
1679
-190
-1307
-623
582
434
-1109
-2394
-2336
-1611
-1467
-2161
-3026
-3523
-3593
-3317
-2865
-2709
-3213
-3947
-4022
-3279
-2600
-2717
-3223
-3250
-2731
-2323
-2276
-2134
-1630
-1191
-1194
-1258
-813
-9
499
572
771
1424
2064
2116
1818
1948
2714
3358
3091
2173
1718
2380
3423
3455
2105
642
579
1775
2433
1245
-880
-1796
-745
666
400
-1537
-3164
-2984
-1706
-1211
-2228
-3612
-3917
-3105
-2357
-2509
-3193
-3538
-3264
-2762
-2368
-1994
-1536
-1246
-1399
-1705
-1397
-102
1512
2218
1524
419
536
2355
4435
4831
3361
1990
2615
4729
5971
5010
3178
2710
3922
4975
4431
3059
2537
3044
3170
2147
1070
1282
2271
2232
602
-1036
-1023
162
590
-544
-2012
-2341
-1646
-1182
-1622
-2498
-3115
-3272
-3059
-2622
-2350
-2725
-3597
-4036
-3434
-2446
-2241
-2945
-3486
-3078
-2207
-1777
-1856
-1821
-1431
-1069
-950
-743
-200
364
580
649
1013
1581
1821
1659
1716
2419
3217
3177
2272
1577
1992
3037
3329
2238
745
383
1410
2380
1748
-247
-1726
-1342
45
318
-1317
-3308
-3648
-2357
-1389
-2137
-3761
-4430
-3647
-2645
-2611
-3302
-3704
-3442
-2981
-2684
-2357
-1801
-1325
-1330
-1610
-1425
-341
1161
2027
1658
663
458
1849
3944
4859
3829
2292
2371
4269
5905
5465
3696
2907
3933
5149
4796
3360
2714
3374
3845
2944
1608
1494
2445
2625
1177
-459
-513
669
1143
10
-1543
-1997
-1395
-942
-1316
-2132
-2792
-3126
-3156
-2889
-2584
-2734
-3397
-3913
-3695
-3074
-2889
-3318
-3658
-3345
-2675
-2273
-2190
-2005
-1583
-1241
-1131
-941
-405
228
564
682
982
1491
1756
1586
1491
2026
2883
3117
2369
1464
1487
2410
3025
2387
1012
359
1080
2127
1892
174
-1433
-1364
-39
554
-711
-2642
-3188
-2004
-854
-1363
-3057
-4123
-3699
-2696
-2397
-2917
-3403
-3276
-2776
-2354
-2060
-1710
-1353
-1272
-1471
-1431
-596
853
1916
1773
902
807
2316
4365
5003
3732
2286
2657
4645
6040
5331
3547
2905
4025
5266
4980
3607
2884
3377
3786
2941
1591
1334
2233
2571
1256
-544
-917
188
916
-10
-1719
-2521
-2044
-1390
-1523
-2315
-3090
-3426
-3280
-2826
-2511
-2816
-3623
-4122
-3743
-2956
-2678
-3044
-3309
-2985
-2471
-2317
-2356
-2072
-1506
-1199
-1283
-1221
-627
124
487
550
822
1367
1687
1558
1484
2004
2837
3129
2576
1883
1956
2769
3315
2752
1458
729
1304
2344
2263
626
-1115
-1260
-2
699
-450
-2405
-3096
-2066
-959
-1334
-2761
-3610
-3197
-2402
-2286
-2807
-3214
-3138
-2834
-2542
-2162
-1641
-1277
-1350
-1585
-1318
-255
1058
1676
1222
415
477
1873
3635
4220
3216
1985
2231
3952
5331
4904
3402
2781
3668
4611
4179
2948
2569
3304
3654
2636
1341
1364
2389
2537
1038
-594
-620
551
978
-213
-1847
-2413
-1859
-1279
-1413
-2085
-2787
-3177
-3092
-2629
-2329
-2750
-3656
-4097
-3585
-2778
-2614
-3051
-3241
-2814
-2312
-2214
-2203
-1786
-1190
-1010
-1183
-982
-139
687
829
578
725
1388
1895
1840
1700
2113
2877
3163
2630
1928
1918
2601
3086
2642
1578
948
1345
2112
2005
662
-811
-1047
-111
476
-430
-2119
-2898
-2221
-1335
-1613
-2829
-3596
-3237
-2530
-2503
-3109
-3508
-3257
-2713
-2320
-2044
-1701
-1441
-1509
-1685
-1325
-163
1157
1600
902
67
465
2275
4052
4159
2716
1669
2579
4652
5588
4421
2750
2670
4061
4874
3977
2649
2619
3560
3621
2242
1066
1549
2744
2539
669
-843
-437
904
1071
-379
-1886
-2093
-1381
-984
-1396
-2187
-2841
-3133
-2970
-2491
-2269
-2774
-3607
-3816
-3179
-2585
-2805
-3399
-3392
-2711
-2195
-2250
-2298
-1807
-1189
-1115
-1382
-1189
-378
314
381
291
696
1403
1685
1445
1413
2064
2866
2961
2336
1878
2224
2949
3067
2248
1258
1091
1766
2219
1510
17
-887
-431
532
472
-974
-2526
-2789
-1917
-1329
-1930
-3094
-3609
-3178
-2608
-2654
-3148
-3416
-3173
-2714
-2348
-2044
-1713
-1514
-1587
-1630
-1073
160
1307
1454
614
-70
567
2379
3876
3746
2404
1670
2697
4514
5128
4029
2860
3222
4511
4812
3652
2671
3169
4143
3763
2183
1408
2337
3329
2526
545
-375
507
1504
931
-721
-1715
-1418
-782
-794
-1404
-2057
-2494
-2695
-2580
-2286
-2321
-2970
-3708
-3757
-3144
-2690
-2861
-3192
-3089
-2715
-2600
-2687
-2453
-1860
-1549
-1815
-2000
-1385
-294
296
131
-10
479
1172
1343
1116
1260
1980
2560
2374
1775
1634
2208
2849
2798
2054
1334
1301
1808
1986
1200
-90
-705
-168
559
176
-1272
-2370
-2138
-1289
-1243
-2294
-3346
-3436
-2852
-2528
-2798
-3191
-3243
-3004
-2713
-2365
-1868
-1417
-1371
-1706
-1786
-954
600
1748
1513
309
-215
1089
3368
4480
3438
1730
1687
3653
5488
5171
3327
2377
3403
4835
4684
3223
2453
3170
3883
3095
1598
1349
2540
3172
1869
-105
-542
702
1587
684
-1089
-1932
-1469
-838
-972
-1700
-2428
-2894
-3029
-2776
-2389
-2480
-3236
-3943
-3822
-3122
-2797
-3139
-3431
-3106
-2603
-2577
-2786
-2496
-1724
-1299
-1558
-1752
-1159
-200
168
-124
-195
435
1168
1285
1042
1251
2034
2630
2464
1921
1800
2266
2693
2487
1794
1327
1533
2051
2057
1195
88
-284
227
654
45
-1304
-2129
-1765
-985
-1032
-2082
-3109
-3208
-2604
-2199
-2432
-2929
-3132
-2924
-2532
-2116
-1686
-1337
-1297
-1577
-1694
-1033
363
1552
1545
543
-11
1071
3195
4407
3588
1912
1609
3319
5224
5217
3484
2257
2959
4441
4637
3366
2458
3042
3901
3307
1681
1097
2234
3205
2173
25
-769
443
1646
954
-990
-2152
-1812
-1066
-1022
-1602
-2244
-2760
-3094
-2979
-2481
-2331
-3027
-3896
-3853
-2968
-2451
-2921
-3537
-3303
-2538
-2251
-2523
-2435
-1649
-1026
-1287
-1795
-1435
-254
600
529
250
630
1455
1884
1739
1649
1994
2354
2260
1963
2049
2514
2712
2249
1538
1300
1678
2047
1718
711
-227
-394
78
312
-348
-1537
-2247
-2000
-1435
-1508
-2340
-3148
-3259
-2856
-2615
-2854
-3292
-3530
-3451
-3123
-2587
-1923
-1438
-1466
-1905
-2080
-1331
175
1379
1306
229
-377
675
2828
4152
3451
1787
1427
3167
5255
5420
3680
2322
2986
4604
4957
3687
2640
3100
3941
3389
1783
1177
2263
3173
2093
-62
-825
402
1561
804
-1110
-2087
-1535
-794
-1046
-1971
-2645
-2844
-2876
-2818
-2622
-2607
-3094
-3680
-3612
-2922
-2515
-2880
-3373
-3216
-2670
-2511
-2733
-2572
-1824
-1271
-1451
-1727
-1190
-52
612
399
84
439
1186
1557
1448
1460
1887
2289
2219
1940
2053
2594
2893
2424
1556
1178
1613
2149
1836
658
-360
-340
372
606
-232
-1475
-2051
-1753
-1368
-1650
-2482
-3158
-3232
-2912
-2680
-2783
-3106
-3380
-3393
-3052
-2408
-1704
-1319
-1481
-1922
-1925
-961
598
1603
1241
92
-228
1228
3488
4502
3427
1763
1744
3677
5463
5111
3238
2284
3373
4899
4779
3278
2503
3282
3973
2978
1263
1069
2559
3374
1921
-297
-721
753
1735
658
-1286
-2050
-1392
-732
-1009
-1813
-2441
-2781
-2910
-2697
-2285
-2298
-3014
-3715
-3553
-2776
-2418
-2815
-3201
-2960
-2516
-2522
-2738
-2448
-1696
-1306
-1575
-1735
-1074
-33
396
99
-52
523
1348
1663
1487
1447
1819
2211
2223
2022
2043
2341
2519
2246
1700
1393
1575
1874
1631
690
-268
-415
188
531
-157
-1418
-2072
-1696
-1113
-1317
-2253
-3002
-2976
-2529
-2342
-2586
-2915
-3043
-3003
-2854
-2472
-1803
-1170
-1049
-1458
-1732
-1134
280
1516
1551
458
-463
116
2108
3869
3830
2296
1314
2375
4515
5321
3922
2181
2318
3972
4745
3586
2227
2575
3838
3705
1908
779
1798
3244
2573
155
-1144
13
1605
1160
-933
-2236
-1663
-549
-464
-1324
-2141
-2560
-2799
-2799
-2404
-2114
-2626
-3619
-3917
-3150
-2381
-2605
-3309
-3311
-2574
-2148
-2442
-2608
-1979
-1218
-1272
-1818
-1669
-563
433
470
69
246
1069
1726
1787
1678
1869
2202
2283
2157
2205
2516
2709
2440
1860
1480
1607
1964
1930
1206
237
-218
24
290
-147
-1143
-1836
-1722
-1256
-1248
-1898
-2662
-2948
-2712
-2356
-2263
-2504
-2865
-3043
-2847
-2317
-1701
-1303
-1312
-1616
-1756
-1198
72
1264
1412
517
-161
649
2679
4171
3756
2086
1218
2312
4296
5122
4171
2907
2963
4085
4581
3689
2607
2744
3614
3525
2128
1107
1755
2936
2541
547
-808
-95
1339
1268
-419
-1817
-1705
-907
-769
-1401
-2031
-2318
-2478
-2523
-2288
-2073
-2437
-3226
-3554
-3029
-2397
-2462
-2934
-2968
-2492
-2218
-2405
-2438
-1899
-1306
-1303
-1582
-1321
-449
215
194
-7
282
925
1308
1321
1437
1882
2261
2200
1915
1888
2194
2452
2369
2043
1748
1630
1639
1589
1278
723
246
169
323
130
-677
-1609
-1936
-1606
-1330
-1696
-2474
-2953
-2823
-2448
-2334
-2574
-2888
-3020
-2906
-2556
-1988
-1384
-1104
-1353
-1790
-1694
-669
776
1550
1068
19
-157
1235
3212
3984
2935
1497
1637
3494
5076
4629
2863
2056
3106
4401
4087
2618
2026
2933
3675
2789
1256
1096
2344
2876
1463
-379
-453
1044
1834
684
-1089
-1622
-920
-429
-883
-1657
-2067
-2242
-2444
-2442
-2106
-1971
-2512
-3230
-3252
-2637
-2304
-2623
-2907
-2589
-2133
-2198
-2496
-2256
-1527
-1141
-1360
-1428
-766
95
324
51
133
821
1444
1459
1231
1405
1948
2267
2113
1901
2068
2489
2665
2346
1791
1468
1577
1832
1715
1022
177
-160
111
309
-248
-1346
-2055
-1873
-1361
-1438
-2237
-2997
-3052
-2599
-2318
-2517
-2897
-3077
-2993
-2769
-2418
-1922
-1460
-1332
-1566
-1729
-1268
-123
1058
1406
739
-58
252
1896
3605
3822
2524
1445
2160
4136
5261
4403
2823
2544
3750
4653
4011
2764
2558
3326
3458
2300
1213
1574
2657
2574
984
-368
-70
1050
1148
-146
-1453
-1621
-1057
-821
-1211
-1767
-2169
-2459
-2583
-2395
-2146
-2369
-3050
-3445
-3080
-2482
-2451
-2904
-3054
-2625
-2225
-2322
-2501
-2169
-1535
-1276
-1440
-1342
-649
72
204
-4
169
843
1395
1412
1268
1530
2115
2425
2204
1875
1950
2350
2527
2181
1638
1430
1638
1793
1428
653
34
-43
171
65
-629
-1505
-1923
-1725
-1426
-1608
-2249
-2776
-2770
-2437
-2295
-2524
-2832
-2901
-2718
-2416
-2031
-1577
-1263
-1312
-1558
-1449
-612
637
1465
1305
483
55
848
2509
3653
3251
1921
1455
2739
4535
4873
3542
2417
2981
4344
4527
3258
2298
2791
3553
2875
1202
595
1673
2564
1553
-403
-990
221
1243
481
-1207
-1940
-1350
-730
-1036
-1849
-2380
-2533
-2588
-2515
-2231
-2116
-2587
-3301
-3459
-2930
-2461
-2589
-2909
-2792
-2368
-2219
-2365
-2240
-1679
-1242
-1322
-1454
-1003
-182
247
131
135
696
1359
1506
1320
1478
2086
2498
2284
1874
1945
2481
2803
2488
1875
1595
1791
1985
1669
876
165
8
266
310
-277
-1197
-1762
-1703
-1465
-1653
-2311
-2914
-3019
-2735
-2515
-2622
-2910
-3094
-3042
-2787
-2371
-1852
-1435
-1393
-1708
-1875
-1288
44
1266
1423
515
-299
208
1968
3506
3439
2075
1223
2169
4071
4868
3802
2393
2482
3811
4453
3533
2439
2737
3787
3654
2046
941
1759
3160
2814
733
-654
151
1674
1547
-321
-1868
-1736
-776
-492
-1111
-1837
-2251
-2542
-2734
-2580
-2269
-2403
-3032
-3389
-2977
-2394
-2500
-3130
-3352
-2850
-2296
-2243
-2346
-2077
-1639
-1561
-1712
-1438
-634
6
23
-102
310
1089
1471
1257
1090
1475
2058
2202
1923
1815
2149
2493
2355
1863
1565
1717
1971
1809
1120
330
-18
183
443
149
-746
-1587
-1736
-1336
-1164
-1681
-2491
-2872
-2667
-2359
-2369
-2599
-2732
-2728
-2736
-2721
-2452
-1905
-1442
-1428
-1730
-1767
-1069
172
1157
1180
436
38
957
2829
4067
3537
2019
1509
2897
4774
5040
3496
2120
2576
4111
4643
3552
2420
2690
3599
3336
1791
858
1703
2929
2427
394
-827
30
1426
1180
-603
-1888
-1571
-679
-618
-1359
-2012
-2299
-2559
-2754
-2521
-2111
-2299
-3133
-3628
-3168
-2482
-2571
-3202
-3308
-2646
-2071
-2122
-2241
-1845
-1337
-1374
-1640
-1252
-235
371
47
-371
97
1132
1616
1259
939
1346
2033
2200
1871
1750
2125
2491
2335
1822
1484
1522
1647
1509
1047
478
127
160
338
139
-662
-1582
-1876
-1463
-1112
-1522
-2450
-3035
-2887
-2475
-2419
-2718
-2927
-2839
-2662
-2569
-2412
-1994
-1460
-1181
-1282
-1415
-1069
-109
998
1513
1135
441
487
1721
3291
3771
2780
1635
1964
3705
5009
4438
2805
2182
3236
4410
4092
2785
2271
2988
3452
2527
1187
1096
2096
2349
1000
-539
-567
538
903
-252
-1720
-2088
-1488
-1052
-1321
-1906
-2372
-2678
-2783
-2537
-2179
-2316
-3046
-3588
-3256
-2483
-2257
-2707
-2985
-2582
-2064
-2088
-2318
-1991
-1215
-861
-1176
-1316
-635
267
413
-51
-40
848
1721
1716
1235
1306
2071
2635
2385
1799
1687
2107
2420
2218
1765
1542
1638
1717
1431
783
146
-69
123
230
-195
-976
-1472
-1386
-1168
-1444
-2193
-2773
-2751
-2397
-2280
-2545
-2844
-2875
-2741
-2704
-2735
-2537
-1982
-1385
-1198
-1434
-1553
-994
170
1200
1373
741
192
661
2131
3466
3475
2291
1437
2167
3880
4696
3793
2519
2648
3975
4588
3542
2202
2276
3341
3497
2209
1119
1595
2623
2245
456
-711
-52
1142
955
-566
-1709
-1550
-950
-1042
-1754
-2330
-2554
-2710
-2804
-2609
-2361
-2594
-3193
-3357
-2777
-2212
-2378
-2831
-2654
-1924
-1625
-2073
-2379
-1833
-1045
-977
-1406
-1255
-299
438
239
-196
193
1234
1807
1502
1131
1467
2168
2421
2123
1884
2044
2293
2264
2027
1820
1660
1437
1186
982
740
372
37
-72
-124
-509
-1224
-1731
-1651
-1335
-1449
-2085
-2658
-2718
-2513
-2555
-2885
-3092
-2955
-2731
-2729
-2854
-2748
-2289
-1735
-1415
-1396
-1444
-1203
-468
575
1354
1346
709
338
1043
2567
3658
3391
2345
2062
3230
4723
4893
3647
2635
3131
4361
4562
3420
2453
2791
3535
3109
1670
962
1746
2574
1805
-6
-849
-62
815
236
-1298
-2127
-1712
-1079
-1185
-1800
-2235
-2365
-2467
-2527
-2394
-2297
-2601
-3106
-3179
-2706
-2315
-2447
-2691
-2496
-2068
-1997
-2215
-2048
-1357
-864
-1049
-1313
-848
110
568
258
26
566
1413
1674
1324
1145
1538
2036
2101
1873
1811
1982
2082
1990
1879
1827
1684
1393
1120
949
705
279
-105
-212
-222
-539
-1148
-1569
-1526
-1385
-1648
-2258
-2677
-2626
-2408
-2423
-2651
-2786
-2711
-2599
-2585
-2564
-2367
-1977
-1517
-1136
-947
-942
-894
-466
397
1243
1491
1130
881
1475
2754
3690
3459
2450
1981
2827
4223
4666
3745
2715
2923
4007
4366
3369
2259
2380
3205
3090
1745
763
1301
2285
1887
186
-887
-256
832
644
-708
-1688
-1568
-1138
-1262
-1757
-2066
-2241
-2580
-2865
-2701
-2356
-2486
-3059
-3289
-2849
-2401
-2545
-2862
-2612
-1965
-1745
-2072
-2131
-1485
-813
-846
-1173
-862
57
585
281
-48
435
1354
1715
1362
1129
1552
2185
2359
2101
1885
1887
1922
1932
2028
2104
1861
1337
968
968
982
635
135
-64
-19
-250
-904
-1462
-1476
-1259
-1448
-2091
-2596
-2569
-2326
-2391
-2758
-2970
-2785
-2463
-2363
-2473
-2489
-2211
-1721
-1226
-883
-747
-753
-649
-139
782
1645
1873
1445
1070
1517
2711
3670
3550
2687
2328
3152
4336
4493
3459
2576
2933
3882
3933
2871
2084
2508
3204
2707
1266
577
1316
2079
1369
-242
-928
-186
549
-4
-1295
-1942
-1646
-1318
-1582
-2087
-2354
-2500
-2763
-2917
-2691
-2376
-2466
-2828
-2853
-2405
-2064
-2216
-2449
-2223
-1722
-1510
-1580
-1382
-806
-457
-690
-929
-456
460
874
537
270
767
1604
1876
1494
1226
1583
2183
2395
2160
1901
1870
1940
1939
1862
1733
1524
1261
1055
920
742
468
236
122
-52
-494
-1082
-1445
-1446
-1390
-1635
-2114
-2435
-2416
-2309
-2433
-2736
-2884
-2717
-2457
-2395
-2526
-2574
-2332
-1855
-1344
-962
-786
-784
-741
-348
464
1305
1618
1323
1048
1547
2789
3818
3695
2631
1921
2540
3933
4574
3814
2714
2677
3581
3987
3155
2080
2017
2626
2519
1396
593
1084
1925
1509
-80
-1100
-547
484
358
-916
-1902
-1759
-1156
-1077
-1543
-1949
-2080
-2186
-2309
-2211
-1951
-1945
-2292
-2514
-2259
-1872
-1843
-2029
-1924
-1530
-1356
-1529
-1503
-966
-446
-539
-897
-672
175
722
428
-48
206
1051
1554
1316
932
1051
1542
1860
1817
1643
1514
1417
1391
1539
1737
1676
1277
870
753
778
587
133
-272
-430
-527
-811
-1214
-1463
-1520
-1630
-1942
-2250
-2287
-2127
-2108
-2357
-2601
-2531
-2214
-1985
-2017
-2150
-2142
-1925
-1556
-1096
-623
-322
-313
-414
-202
542
1480
1977
1772
1346
1486
2420
3458
3676
2961
2248
2505
3562
4236
3732
2656
2280
2923
3542
3149
2146
1733
2181
2453
1745
724
580
1240
1388
368
-810
-877
-98
124
-772
-1818
-1949
-1384
-1079
-1376
-1803
-1995
-2087
-2184
-2087
-1791
-1718
-2106
-2504
-2354
-1822
-1558
-1728
-1824
-1523
-1169
-1147
-1195
-864
-337
-226
-574
-667
-56
711
832
370
152
597
1212
1360
1101
951
1135
1430
1639
1775
1802
1577
1191
1034
1289
1567
1363
755
328
395
619
524
104
-293
-507
-696
-959
-1156
-1180
-1194
-1417
-1787
-2017
-1985
-1880
-1937
-2143
-2293
-2274
-2163
-2077
-2034
-1985
-1905
-1775
-1508
-1033
-470
-130
-186
-395
-270
398
1261
1727
1574
1197
1235
1932
2841
3217
2800
2198
2294
3180
3928
3675
2743
2269
2695
3173
2781
1885
1614
2163
2437
1638
512
333
1046
1289
339
-836
-929
-126
189
-640
-1736
-1993
-1511
-1212
-1492
-1892
-1983
-1935
-2007
-2049
-1864
-1686
-1856
-2195
-2201
-1832
-1583
-1698
-1781
-1466
-1055
-1039
-1270
-1162
-658
-375
-618
-806
-331
468
725
308
16
428
1135
1418
1253
1177
1392
1571
1533
1569
1871
2074
1759
1175
1009
1436
1812
1495
693
188
342
703
621
12
-632
-891
-832
-803
-991
-1284
-1495
-1578
-1611
-1663
-1745
-1841
-1952
-2059
-2111
-2061
-1940
-1838
-1835
-1900
-1912
-1758
-1444
-1070
-747
-546
-484
-511
-451
-97
553
1177
1379
1150
971
1350
2202
2856
2739
2079
1731
2237
3124
3394
2731
1959
2035
2791
3093
2366
1418
1358
2038
2245
1442
558
642
1297
1227
122
-841
-639
171
269
-618
-1465
-1437
-909
-745
-1116
-1526
-1671
-1733
-1852
-1867
-1697
-1576
-1672
-1765
-1615
-1381
-1378
-1516
-1417
-1049
-804
-868
-889
-571
-218
-286
-600
-539
11
425
246
-123
-8
560
949
870
719
870
1129
1146
1049
1213
1589
1677
1246
723
666
1049
1328
1111
577
192
201
404
384
-64
-701
-1046
-894
-579
-629
-1146
-1686
-1803
-1573
-1431
-1593
-1845
-1911
-1814
-1755
-1789
-1797
-1735
-1715
-1795
-1841
-1702
-1424
-1187
-1062
-940
-728
-485
-316
-173
105
558
979
1115
992
974
1399
2128
2564
2317
1760
1736
2523
3347
3242
2315
1720
2194
3039
3029
2094
1408
1719
2273
1935
894
422
1006
1582
1056
-100
-525
100
637
132
-909
-1353
-998
-654
-875
-1322
-1486
-1441
-1524
-1699
-1700
-1574
-1620
-1829
-1852
-1615
-1509
-1761
-1998
-1796
-1372
-1269
-1478
-1439
-952
-550
-681
-966
-765
-171
105
-169
-405
-98
435
601
444
503
915
1202
1045
802
982
1492
1767
1517
1057
881
1118
1466
1522
1138
564
262
434
736
611
-13
-565
-517
-89
1
-540
-1216
-1392
-1093
-896
-1124
-1487
-1553
-1345
-1228
-1364
-1553
-1593
-1552
-1578
-1625
-1536
-1323
-1176
-1168
-1166
-1034
-832
-696
-616
-445
-94
341
646
692
587
655
1140
1855
2227
1934
1412
1465
2252
2960
2781
2006
1706
2294
2909
2582
1604
1159
1652
2123
1624
613
339
1038
1553
961
-118
-417
180
528
-104
-1014
-1124
-495
-124
-508
-1077
-1189
-990
-979
-1183
-1252
-1157
-1213
-1459
-1545
-1345
-1211
-1410
-1642
-1520
-1217
-1186
-1399
-1372
-983
-715
-889
-1103
-833
-282
-96
-351
-425
35
549
525
161
154
662
1105
1034
729
710
1012
1282
1360
1382
1382
1217
957
922
1173
1265
844
278
235
693
853
221
-646
-845
-345
-24
-465
-1216
-1462
-1121
-846
-1096
-1583
-1787
-1649
-1531
-1651
-1844
-1891
-1825
-1816
-1879
-1877
-1755
-1623
-1570
-1529
-1386
-1158
-968
-861
-726
-421
51
534
842
907
865
982
1412
1960
2210
2007
1768
2056
2817
3295
2935
2175
1978
2575
3095
2721
1834
1525
2060
2474
1933
952
679
1238
1530
835
-133
-242
413
655
-94
-1028
-1148
-630
-453
-976
-1560
-1611
-1358
-1332
-1556
-1683
-1654
-1745
-1998
-2096
-1899
-1695
-1725
-1808
-1674
-1453
-1434
-1536
-1400
-1017
-799
-909
-937
-550
-82
-80
-442
-496
15
558
597
344
371
762
1086
1126
1126
1265
1329
1158
1061
1384
1871
1881
1297
775
926
1488
1640
1040
237
-2
412
833
653
-32
-583
-572
-247
-193
-614
-1115
-1229
-1009
-914
-1184
-1559
-1686
-1605
-1626
-1842
-2007
-1946
-1821
-1888
-2096
-2156
-1952
-1699
-1623
-1645
-1527
-1205
-862
-686
-630
-491
-130
385
835
1025
988
1007
1360
1947
2303
2123
1729
1772
2401
2975
2822
2157
1870
2353
2931
2759
2011
1663
2100
2524
2079
1133
805
1344
1721
1105
81
-174
410
708
50
-845
-978
-515
-430
-1035
-1612
-1583
-1310
-1397
-1757
-1891
-1764
-1785
-2038
-2134
-1908
-1728
-1852
-1968
-1724
-1381
-1414
-1701
-1659
-1181
-848
-999
-1186
-867
-291
-131
-418
-485
4
541
558
285
346
808
1132
1043
931
1189
1569
1565
1200
1027
1353
1818
1853
1388
901
863
1253
1592
1425
794
263
334
816
953
315
-586
-861
-364
94
-227
-1061
-1537
-1327
-994
-1145
-1640
-1908
-1772
-1615
-1746
-1978
-1998
-1856
-1861
-2069
-2170
-1939
-1579
-1458
-1634
-1784
-1622
-1193
-776
-567
-544
-528
-328
118
639
932
880
762
1002
1647
2217
2226
1803
1614
2082
2824
3063
2587
2048
2143
2706
2900
2375
1777
1853
2346
2320
1536
866
1050
1565
1359
419
-166
210
777
505
-423
-967
-744
-460
-733
-1250
-1425
-1315
-1367
-1599
-1642
-1476
-1518
-1882
-2120
-1930
-1659
-1734
-1952
-1828
-1430
-1304
-1569
-1681
-1286
-820
-855
-1195
-1158
-618
-195
-307
-559
-384
113
381
295
291
615
957
978
874
1040
1428
1622
1480
1318
1407
1600
1651
1599
1606
1590
1370
1065
1025
1272
1345
897
246
31
363
648
329
-412
-884
-736
-361
-394
-958
-1571
-1742
-1518
-1350
-1524
-1881
-2111
-2141
-2128
-2166
-2181
-2115
-2075
-2156
-2253
-2179
-1912
-1659
-1597
-1659
-1625
-1378
-1003
-667
-462
-365
-279
-82
311
834
1248
1324
1147
1145
1660
2461
2874
2551
2001
2061
2853
3545
3362
2593
2214
2610
3090
2886
2212
1893
2149
2299
1814
1135
1036
1446
1504
779
-85
-252
170
321
-218
-937
-1192
-1047
-1025
-1328
-1667
-1810
-1857
-1960
-2049
-2039
-2056
-2205
-2325
-2209
-1980
-1939
-2077
-2061
-1767
-1506
-1529
-1588
-1321
-866
-708
-918
-1006
-630
-111
51
-86
-33
370
742
768
661
780
1081
1244
1204
1213
1400
1576
1561
1473
1513
1632
1646
1549
1509
1557
1539
1382
1220
1158
1110
969
819
747
624
291
-88
-177
-7
-47
-558
-1134
-1206
-861
-758
-1226
-1805
-1903
-1596
-1450
-1720
-2061
-2099
-1940
-1922
-2101
-2211
-2101
-1929
-1895
-1955
-1907
-1694
-1463
-1346
-1314
-1238
-1067
-850
-652
-491
-339
-165
33
232
417
641
956
1299
1492
1463
1444
1734
2268
2573
2340
1912
1943
2562
3132
3013
2394
2057
2355
2781
2676
2121
1765
1889
2033
1703
1112
877
1106
1210
721
-30
-344
-82
167
-124
-775
-1203
-1162
-951
-954
-1219
-1516
-1666
-1665
-1619
-1623
-1702
-1791
-1805
-1729
-1652
-1635
-1616
-1513
-1377
-1336
-1386
-1371
-1194
-984
-918
-970
-926
-691
-418
-286
-269
-190
14
231
358
438
566
719
817
859
938
1087
1219
1258
1252
1301
1427
1563
1640
1632
1535
1386
1280
1296
1369
1326
1101
847
763
832
860
716
468
253
118
37
-20
-110
-334
-705
-1027
-1064
-885
-858
-1206
-1674
-1826
-1598
-1373
-1475
-1783
-1949
-1868
-1745
-1745
-1810
-1819
-1793
-1810
-1826
-1736
-1548
-1403
-1371
-1358
-1242
-1030
-829
-709
-642
-555
-393
-145
132
330
410
480
711
1112
1485
1646
1644
1712
1973
2306
2500
2501
2445
2483
2615
2721
2701
2578
2460
2414
2405
2350
2222
2078
1957
1806
1552
1235
981
834
679
405
62
-184
-287
-370
-553
-803
-1003
-1112
-1183
-1266
-1368
-1508
-1698
-1873
-1931
-1872
-1831
-1902
-1997
-1962
-1807
-1691
-1696
-1710
-1609
-1428
-1286
-1199
-1084
-925
-803
-756
-692
-524
-299
-129
-21
110
300
485
623
750
891
986
988
960
1013
1151
1258
1266
1245
1283
1371
1428
1422
1393
1376
1360
1329
1290
1245
1166
1035
885
786
767
762
664
436
194
115
221
285
63
-386
-709
-676
-499
-593
-1030
-1424
-1427
-1186
-1149
-1459
-1786
-1787
-1566
-1486
-1658
-1822
-1755
-1595
-1609
-1798
-1898
-1772
-1588
-1556
-1634
-1615
-1427
-1212
-1110
-1088
-1026
-871
-674
-510
-401
-315
-189
29
314
573
749
878
1041
1242
1436
1616
1823
2031
2134
2124
2163
2385
2635
2635
2377
2215
2416
2762
2791
2415
2039
2007
2157
2093
1751
1450
1375
1318
1047
688
531
552
430
31
-373
-499
-455
-558
-881
-1191
-1324
-1370
-1463
-1568
-1616
-1672
-1825
-1984
-1990
-1885
-1879
-2021
-2114
-2016
-1849
-1789
-1777
-1640
-1409
-1295
-1324
-1265
-975
-650
-533
-543
-399
-54
228
275
252
387
631
760
746
780
956
1136
1176
1142
1182
1294
1348
1298
1230
1196
1158
1089
1056
1101
1133
1038
854
733
750
819
819
726
578
412
268
205
231
243
125
-73
-170
-91
-18
-174
-524
-774
-732
-560
-577
-860
-1139
-1147
-953
-856
-1004
-1219
-1256
-1122
-1029
-1084
-1164
-1129
-1042
-1055
-1154
-1147
-942
-708
-675
-827
-921
-804
-589
-502
-600
-719
-690
-520
-340
-249
-226
-203
-138
-37
73
169
240
295
364
476
636
813
942
966
910
907
1098
1454
1733
1723
1520
1461
1718
2049
2072
1772
1527
1616
1836
1782
1410
1097
1111
1246
1148
838
668
772
837
556
103
-85
68
155
-142
-608
-806
-669
-541
-679
-950
-1089
-1071
-1062
-1140
-1231
-1280
-1319
-1359
-1351
-1297
-1274
-1306
-1299
-1206
-1123
-1141
-1169
-1045
-803
-649
-657
-665
-517
-307
-235
-305
-312
-146
74
187
209
267
396
522
597
656
729
781
783
775
805
849
853
818
786
774
753
733
754
813
831
762
663
617
612
565
460
370
343
336
292
228
184
137
32
-103
-168
-134
-122
-246
-460
-592
-560
-473
-492
-638
-771
-775
-702
-697
-815
-955
-990
-928
-883
-914
-962
-945
-886
-864
-889
-888
-820
-750
-751
-792
-770
-642
-475
-362
-326
-313
-270
-194
-135
-126
-144
-113
13
173
250
210
143
161
262
351
369
367
422
540
673
766
814
845
905
1009
1114
1143
1093
1065
1139
1244
1241
1134
1088
1198
1312
1229
994
851
901
950
794
527
403
461
469
264
-10
-132
-121
-175
-366
-534
-551
-504
-544
-667
-757
-776
-791
-834
-861
-861
-903
-1001
-1054
-983
-870
-836
-869
-839
-712
-609
-611
-630
-547
-407
-345
-379
-380
-277
-156
-119
-127
-75
42
131
150
165
233
314
345
345
369
422
453
450
451
483
509
495
461
443
447
449
445
441
430
386
317
264
243
224
173
102
55
40
8
-78
-198
-297
-341
-362
-409
-490
-558
-586
-604
-664
-753
-801
-767
-695
-677
-727
-771
-748
-676
-618
-595
-564
-493
-410
-355
-319
-261
-155
-39
31
37
20
46
140
252
304
273
223
240
330
413
427
405
429
510
578
583
556
562
602
624
617
627
678
730
720
669
649
692
752
767
744
734
760
778
735
645
568
539
532
492
405
302
222
156
78
-22
-121
-194
-254
-331
-428
-530
-616
-687
-753
-814
-868
-919
-974
-1035
-1077
-1082
-1045
-1000
-985
-1003
-1012
-965
-869
-782
-742
-718
-663
-566
-475
-420
-384
-325
-243
-176
-146
-142
-134
-115
-93
-78
-62
-28
23
64
66
33
12
34
69
69
29
14
65
148
193
196
221
312
434
513
527
522
581
739
939
1054
1014
923
979
1211
1386
1267
968
869
1123
1403
1296
866
592
716
917
774
367
158
303
437
212
-189
-332
-169
-95
-344
-670
-714
-523
-426
-558
-724
-749
-714
-746
-800
-783
-755
-812
-890
-845
-717
-699
-817
-862
-718
-570
-616
-740
-688
-480
-390
-507
-578
-416
-197
-192
-338
-340
-123
67
56
-25
18
150
212
207
261
385
447
408
389
475
575
571
498
468
494
501
477
483
516
493
398
323
340
384
341
214
113
102
130
121
65
-9
-76
-130
-154
-150
-154
-209
-303
-370
-363
-308
-268
-278
-317
-343
-342
-316
-281
-248
-240
-258
-274
-255
-205
-161
-144
-125
-74
-3
50
74
93
126
161
170
152
134
152
206
260
275
240
204
215
271
314
300
247
213
221
248
249
218
176
148
138
125
92
39
-6
-18
-7
-6
-38
-81
-98
-79
-48
-37
-48
-67
-96
-136
-174
-179
-133
-64
-30
-54
-97
-94
-27
39
36
-28
-64
-11
87
135
103
61
79
132
144
91
31
28
71
99
83
52
41
46
37
0
-34
-30
5
22
-22
-99
-131
-84
-24
-42
-132
-192
-142
-36
9
-47
-130
-156
-131
-117
-146
-187
-211
-216
-217
-219
-218
-219
-227
-236
-232
-202
-152
-94
-47
-27
-30
-33
-10
40
85
105
116
145
193
228
229
218
226
264
300
306
282
249
218
196
194
217
249
251
212
158
129
129
126
105
83
72
60
30
-13
-52
-78
-96
-103
-93
-79
-81
-113
-148
-163
-161
-153
-142
-123
-109
-119
-147
-165
-157
-132
-121
-132
-153
-165
-158
-138
-119
-120
-142
-163
-148
-85
-11
29
15
-21
-31
-5
24
19
-12
-18
24
83
100
63
17
15
68
136
174
166
134
115
121
135
132
114
109
129
153
154
140
145
175
202
191
156
137
143
146
120
78
59
81
118
129
98
53
32
44
65
71
52
23
6
14
44
70
72
45
6
-20
-28
-30
-40
-58
-76
-91
-100
-105
-111
-127
-146
-161
-162
-155
-156
-170
-175
-149
-105
-86
-122
-189
-234
-225
-168
-94
-28
13
29
24
11
7
13
24
35
41
44
48
54
54
42
22
16
38
89
139
156
129
80
27
-14
-46
-74
-99
-118
-129
-133
-134
-132
-128
-123
-126
-134
-137
-134
-134
-153
-184
-199
-189
-175
-188
-219
-218
-163
-87
-51
-69
-94
-73
-14
32
37
38
74
148
218
241
215
179
184
248
337
383
358
321
355
460
528
467
329
272
378
542
593
485
346
314
381
422
376
303
280
297
281
224
194
224
237
150
0
-93
-78
-39
-79
-190
-278
-292
-272
-289
-355
-428
-461
-440
-393
-374
-418
-499
-544
-509
-433
-388
-396
-416
-401
-361
-332
-326
-327
-323
-313
-288
-224
-125
-30
14
4
-13
5
57
105
123
117
123
161
212
241
233
211
208
224
237
238
239
253
268
262
242
234
247
265
265
240
203
166
140
127
117
105
88
72
53
17
-36
-91
-123
-137
-156
-186
-207
-200
-174
-162
-179
-206
-209
-182
-162
-171
-197
-204
-180
-143
-114
-82
-31
33
70
62
36
29
61
113
153
164
148
125
118
127
136
126
109
111
149
193
207
178
137
121
140
169
189
194
181
147
103
69
56
53
36
7
-10
-2
10
5
-25
-64
-95
-110
-105
-85
-64
-56
-58
-55
-50
-54
-72
-86
-93
-103
-125
-142
-128
-91
-63
-71
-98
-101
-71
-37
-34
-65
-92
-85
-39
24
79
105
101
81
66
60
59
64
83
122
158
164
131
92
66
47
25
20
49
93
105
70
34
36
65
78
56
29
15
12
5
-3
-12
-28
-48
-57
-54
-53
-79
-120
-144
-150
-158
-180
-195
-181
-155
-156
-185
-210
-199
-163
-133
-119
-110
-97
-81
-72
-67
-59
-46
-30
-20
-22
-27
-20
10
48
69
69
74
100
132
139
121
114
138
170
168
130
96
98
127
145
135
108
89
84
78
56
17
-14
-14
20
57
68
49
32
39
60
58
24
-17
-26
-7
17
25
22
15
7
-13
-44
-76
-91
-80
-44
5
49
72
70
54
30
9
-6
-16
-22
-30
-33
-22
1
19
23
15
9
6
-7
-26
-40
-30
3
37
56
59
52
38
19
-1
-5
9
31
43
39
28
20
16
7
0
4
18
34
40
33
26
26
35
50
63
58
42
31
41
64
78
76
67
65
67
51
18
-10
-19
-18
-26
-43
-52
-50
-56
-79
-102
-99
-66
-35
-33
-48
-55
-41
-28
-37
-62
-77
-70
-50
-41
-47
-61
-72
-78
-79
-71
-60
-41
-19
3
18
16
-5
-24
-30
-25
-26
-33
-26
4
42
60
45
18
-1
-2
11
30
46
50
38
18
2
-2
-1
6
19
31
34
24
9
1
3
6
0
-11
-12
-1
11
10
0
-7
-2
6
5
-6
-15
-8
9
21
16
5
5
14
20
13
6
14
38
56
55
40
22
7
-4
-8
-4
11
31
48
58
54
40
23
8
-5
-20
-27
-17
7
21
10
-17
-35
-29
-10
4
11
17
25
26
9
-16
-31
-26
-11
-5
-12
-25
-32
-40
-50
-56
-49
-26
1
17
18
11
3
-3
-5
-6
-3
-1
-2
-7
-9
-4
0
-4
-11
-12
-1
14
19
11
6
20
50
81
88
76
59
48
37
25
19
35
68
98
103
81
51
35
35
38
35
32
40
57
64
47
17
-5
-5
10
21
30
39
47
45
27
2
-14
-20
-24
-35
-48
-51
-44
-33
-28
-32
-38
-41
-40
-32
-23
-19
-16
-17
-15
-12
-11
-10
-12
-18
-23
-27
-25
-26
-36
-44
-37
-16
-1
-9
-29
-31
-7
26
40
25
2
-12
-16
-19
-23
-24
-19
-15
-18
-23
-24
-15
-4
0
-3
-12
-17
-13
-1
9
9
4
3
6
8
5
8
27
53
63
47
14
-12
-15
-3
13
23
31
39
43
39
28
22
23
31
38
35
26
15
7
6
8
9
10
16
24
26
19
4
-7
-11
-11
-11
-9
-3
8
13
4
-11
-25
-31
-30
-28
-28
-26
-20
-12
-7
-11
-22
-34
-43
-50
-53
-51
-37
-10
21
44
44
25
-4
-28
-40
-41
-36
-30
-28
-23
-15
-3
11
19
19
12
4
-2
-7
-8
-3
11
28
36
35
28
22
21
21
17
9
0
-1
7
21
31
34
30
25
26
30
35
33
23
10
5
14
26
27
14
3
4
14
27
32
30
22
11
0
-3
0
8
21
32
43
44
36
20
5
-2
1
6
7
4
3
3
3
-1
-8
-11
-9
-8
-11
-16
-18
-17
-17
-16
-11
-1
7
10
3
-8
-14
-12
-5
8
21
28
22
11
3
3
12
20
27
36
43
45
45
48
52
52
48
48
54
61
61
54
43
29
16
8
13
26
37
37
30
24
18
13
6
2
-2
-6
-11
-16
-19
-22
-22
-12
8
31
41
31
4
-25
-47
-63
-75
-82
-79
-60
-34
-11
0
-5
-19
-34
-40
-35
-17
1
12
6
-12
-28
-30
-19
-2
8
13
18
27
35
39
32
13
-12
-33
-41
-36
-19
-4
7
13
21
32
40
39
29
19
17
22
24
15
-1
-18
-26
-28
-24
-18
-10
0
13
26
31
26
16
