5
2
3
9
17
27
39
49
53
48
39
29
22
20
21
26
31
33
35
32
19
1
-12
-13
-6
3
7
3
-1
0
7
19
31
31
26
22
22
23
20
15
12
10
8
4
2
4
6
2
-2
-3
-3
-7
-23
-40
-50
-44
-26
-5
13
19
15
7
0
0
6
13
14
6
-11
-30
-41
-39
-24
-6
12
23
23
19
14
11
10
3
-4
-9
-5
-1
0
2
7
17
24
23
20
18
16
14
6
0
4
15
26
28
21
9
-3
-13
-19
-17
-7
3
7
2
-8
-15
-16
-15
-10
1
13
19
19
17
16
16
13
9
9
12
17
20
17
10
4
1
5
12
20
21
16
9
9
17
25
22
12
2
-2
1
10
18
26
31
29
24
16
8
-1
-7
-10
-7
-3
0
1
0
-4
-8
-10
-7
2
9
14
20
29
40
50
52
46
35
21
14
20
36
50
55
50
40
32
30
34
39
42
37
25
11
0
-4
-1
7
18
26
33
35
34
31
28
26
25
21
12
1
-9
-18
-22
-16
-4
4
-1
-19
-35
-38
-33
-26
-23
-20
-17
-14
-15
-15
-8
5
19
37
53
61
56
38
16
-7
-25
-39
-48
-49
-41
-27
-9
8
18
13
-5
-23
-29
-21
-10
1
6
12
20
31
43
46
36
17
-5
-19
-21
-11
6
22
31
30
21
8
-3
-4
6
23
36
41
42
41
42
39
34
29
26
22
13
0
-11
-11
-5
-3
-1
1
5
9
8
7
10
16
24
29
30
26
17
2
-6
-1
15
25
21
8
-1
-3
1
5
7
6
-2
-14
-27
-30
-23
-15
-15
-19
-24
-28
-28
-28
-27
-19
-3
14
29
34
31
22
9
-3
-9
-7
-2
1
3
3
5
5
6
9
19
33
46
53
52
49
39
32
27
31
40
51
65
76
76
60
35
14
0
-7
-14
-23
-29
-30
-25
-14
0
10
8
-6
-24
-40
-44
-36
-19
-9
-9
-15
-19
-20
-26
-35
-43
-40
-31
-20
-7
8
23
31
32
28
26
29
30
23
9
-6
-7
0
10
13
8
0
-6
-7
-3
2
8
8
5
0
0
5
15
22
24
19
10
0
-7
-12
-12
-10
-5
3
9
10
4
-6
-12
-6
6
21
31
36
33
28
24
27
33
37
38
36
30
26
22
19
20
21
23
18
14
7
-3
-11
-11
-4
7
14
16
15
12
7
3
3
3
0
-8
-17
-24
-27
-28
-27
-24
-16
-8
-4
-9
-21
-34
-41
-37
-22
-2
18
30
32
21
6
-4
-4
7
20
27
25
16
12
12
13
9
5
1
3
6
7
4
7
13
20
26
31
36
39
35
27
21
22
31
48
66
77
74
57
34
19
16
21
29
39
43
38
16
-14
-32
-32
-11
16
40
50
43
19
-13
-36
-37
-18
5
19
19
8
-6
-15
-12
1
19
32
38
38
34
25
17
15
21
26
23
14
5
-3
-7
-8
-2
9
17
17
16
15
19
23
22
13
2
-9
-19
-27
-33
-35
-30
-23
-19
-23
-28
-35
-40
-42
-44
-41
-35
-31
-30
-27
-15
1
14
18
15
10
5
2
3
13
24
32
35
39
42
38
28
23
27
40
50
54
51
46
40
33
32
34
32
28
22
20
22
29
40
50
53
47
34
19
5
-2
-4
2
10
17
18
6
-16
-46
-68
-73
-62
-44
-30
-21
-17
-16
-14
-11
-3
11
21
26
23
18
15
14
15
15
19
27
33
28
9
-13
-28
-30
-22
-12
0
8
10
4
-10
-19
-22
-14
1
12
20
19
14
10
9
11
10
5
1
-5
-9
-8
-8
-4
-3
-4
-9
-15
-22
-24
-20
-10
2
9
10
5
1
2
6
10
16
25
33
32
25
18
19
21
20
19
18
19
20
18
17
17
13
5
-5
-10
-8
-2
3
4
0
-2
-1
7
18
22
22
18
16
14
9
6
0
-4
-12
-16
-15
-9
-2
5
10
15
14
9
4
2
5
9
14
21
28
32
30
24
16
11
7
6
8
8
1
-7
-13
-15
-14
-9
1
10
13
13
18
30
44
50
44
32
22
17
18
22
25
31
39
49
58
62
62
57
53
49
45
42
37
31
26
22
21
22
24
23
22
18
16
13
16
23
31
38
36
29
18
12
11
10
6
-1
-12
-20
-29
-35
-34
-26
-14
0
10
12
5
-6
-16
-19
-18
-14
-7
2
6
7
6
9
15
17
15
11
7
0
-8
-13
-13
-8
0
7
12
12
7
3
8
22
34
35
30
28
32
38
44
46
48
45
36
26
21
23
32
39
41
35
22
9
-1
-7
-7
1
18
39
52
52
43
27
10
-1
1
16
35
45
42
30
17
8
0
-11
-24
-35
-41
-37
-28
-19
-17
-21
-26
-22
-12
3
16
27
33
31
25
18
17
19
19
15
13
16
25
30
28
26
27
32
32
25
17
10
6
2
0
3
10
13
9
-3
-13
-8
10
28
38
31
14
-9
-30
-40
-35
-14
13
32
31
13
-12
-31
-37
-31
-11
9
27
39
44
41
29
11
0
6
25
45
57
59
53
42
27
10
-4
-17
-27
-33
-29
-16
-1
13
24
33
40
41
36
25
16
9
6
2
-5
-13
-18
-22
-22
-18
-13
-10
-8
-8
-7
-6
-7
-7
-9
-13
-22
-29
-29
-21
-11
-6
-8
-12
-15
-9
5
26
45
53
49
42
38
36
34
30
24
22
22
26
34
38
35
23
8
-2
-7
-8
-4
2
10
15
17
18
18
18
21
24
27
26
24
22
19
11
-2
-14
-20
-20
-18
-15
-6
8
24
37
43
41
32
24
18
12
6
3
7
15
20
17
8
-3
-10
-10
-6
1
9
13
12
6
-7
-17
-22
-13
2
14
17
13
8
7
9
13
19
24
24
16
3
-10
-19
-24
-22
-15
-4
7
15
20
24
22
14
1
-9
-10
-5
2
7
13
17
16
11
12
23
39
48
50
51
55
53
42
29
21
21
26
31
31
29
26
19
6
-5
-9
-1
13
29
43
54
57
50
39
34
41
51
55
51
47
52
63
74
74
60
32
5
-14
-23
-30
-33
-28
-11
11
26
28
17
0
-21
-37
-37
-18
10
32
38
32
17
-3
-24
-40
-45
-33
-12
3
6
2
-3
-8
-14
-18
-13
-4
2
0
-6
-13
-21
-29
-38
-40
-37
-28
-13
3
19
28
27
22
14
6
-2
-10
-15
-15
-11
-7
-9
-13
-17
-17
-17
-17
-13
-5
6
18
24
23
14
0
-12
-14
-6
9
20
28
30
27
19
11
9
17
27
30
26
23
23
25
24
15
7
-2
-3
5
22
37
40
30
12
-3
-8
-5
0
6
9
17
23
22
11
-7
-23
-28
-22
-7
11
26
34
31
25
23
27
34
32
24
14
8
9
21
40
61
70
64
44
27
19
20
22
21
17
15
16
21
22
16
2
-11
-13
-10
-5
-1
6
16
23
27
28
28
20
3
-23
-43
-49
-39
-25
-13
-12
-16
-25
-31
-32
-28
-22
-18
-17
-17
-14
-12
-8
-8
-6
-5
-5
-2
2
4
3
-5
-8
-5
0
8
14
13
6
-5
-10
-7
3
7
0
-13
-23
-27
-27
-17
-7
2
6
7
9
9
3
-5
-9
-9
-9
-3
7
22
33
35
29
23
18
20
24
31
35
30
20
10
4
5
11
23
36
46
46
37
28
27
33
40
41
35
31
27
27
29
33
42
50
49
34
12
-4
-12
-11
-5
3
12
21
26
27
28
30
34
36
35
34
33
30
26
21
19
17
13
7
0
-6
-14
-28
-39
-42
-36
-28
-23
-20
-18
-19
-22
-24
-19
-4
11
22
24
15
-6
-29
-44
-41
-24
-3
14
23
26
20
8
-1
-3
1
5
3
5
12
20
22
12
1
-5
-3
5
15
23
25
20
7
-5
-14
-23
-32
-40
-41
-31
-19
-10
-8
-10
-12
-14
-15
-11
-3
4
5
7
8
10
5
-3
-2
11
29
43
47
46
44
38
31
24
21
21
23
23
21
18
14
12
11
12
10
12
18
27
33
29
17
3
-8
-13
-13
-9
1
13
23
24
18
12
10
13
18
26
35
40
41
38
38
38
36
29
17
0
-15
-21
-17
-4
9
19
20
13
-1
-15
-22
-14
3
21
35
41
39
33
25
14
1
-11
-19
-16
-4
12
26
34
40
35
20
0
-20
-32
-30
-18
0
17
28
32
23
7
-13
-26
-28
-15
7
26
36
32
13
-13
-35
-44
-37
-20
-6
-2
-6
-9
-4
5
15
24
30
36
34
24
9
-4
-9
-3
11
27
36
36
26
15
7
0
-5
-10
-12
-14
-13
-6
6
20
30
35
34
26
12
-3
-12
-10
-1
9
14
10
0
-10
-17
-16
-8
2
11
13
8
0
-7
-14
-20
-26
-28
-23
-15
-14
-19
-25
-27
-21
-9
1
7
9
8
5
1
1
7
12
9
0
-5
0
13
26
37
40
37
25
15
13
22
35
45
47
35
12
-14
-25
-17
4
28
42
41
29
11
-4
-12
-14
-12
-6
5
12
11
1
-11
-16
-20
-23
-21
-14
-8
-8
-11
-11
-10
-7
-5
1
8
11
8
9
16
21
22
16
12
8
3
-5
-12
-12
-8
-2
2
8
13
15
8
-1
-7
-3
8
19
24
23
19
12
6
2
5
8
6
0
-6
-12
-13
-12
-5
2
6
5
1
5
14
22
27
32
38
40
37
28
19
14
11
11
13
15
18
21
23
22
15
7
5
9
16
16
12
7
4
0
-5
-9
-9
-7
-6
-6
-5
-2
4
10
18
20
15
6
-4
-9
-7
-5
-8
-11
-12
-5
2
9
15
22
24
20
14
14
21
30
38
42
47
54
56
53
41
24
8
2
5
13
21
26
32
32
27
15
-2
-15
-20
-17
-6
8
23
33
34
24
7
-11
-21
-21
-9
5
20
31
33
29
20
11
8
9
11
9
5
1
5
16
30
37
37
32
20
0
-18
-25
-16
1
13
16
11
5
1
-3
-2
9
31
48
50
34
10
-11
-27
-35
-31
-20
-8
-9
-20
-25
-16
-1
9
14
17
22
18
1
-20
-28
-21
-7
6
15
22
23
10
-14
-36
-43
-36
-22
-9
2
13
25
32
32
29
28
36
50
61
64
65
66
70
75
74
72
70
69
62
52
40
32
29
28
26
22
18
12
4
-7
-16
-21
-22
-23
-25
-31
-37
-45
-59
-78
-94
-96
-91
-88
-95
-110
-120
-122
-119
-113
-104
-94
-88
-92
-103
-110
-107
-96
-90
-86
-80
-67
-53
-43
-44
-53
-62
-63
-52
-33
-11
12
38
67
96
111
109
98
90
109
163
231
272
263
227
223
265
300
272
197
162
209
278
274
196
135
150
190
171
97
55
87
123
90
15
-12
24
35
-39
-148
-185
-128
-71
-92
-164
-203
-180
-145
-144
-173
-198
-199
-188
-174
-163
-157
-153
-147
-135
-124
-113
-84
-26
35
58
42
26
44
72
76
67
80
121
153
147
121
110
121
127
106
66
24
-11
-39
-66
-98
-129
-154
-174
-204
-256
-320
-369
-392
-401
-414
-424
-425
-423
-438
-472
-504
-505
-462
-387
-312
-279
-292
-306
-237
-61
129
205
148
106
244
538
770
773
644
645
893
1195
1275
1120
1006
1125
1317
1296
1061
918
1029
1163
1020
701
588
789
946
736
338
168
307
406
216
-101
-263
-254
-275
-399
-527
-608
-712
-857
-948
-946
-965
-1072
-1173
-1161
-1109
-1150
-1230
-1188
-1039
-993
-1114
-1190
-1026
-758
-661
-743
-743
-522
-267
-192
-241
-204
-38
106
143
172
300
472
573
591
616
703
824
937
1029
1090
1114
1128
1163
1206
1205
1156
1104
1076
1048
995
934
875
780
626
470
387
350
255
67
-121
-222
-279
-398
-601
-809
-948
-1030
-1102
-1182
-1262
-1354
-1460
-1562
-1630
-1672
-1728
-1809
-1874
-1878
-1814
-1722
-1653
-1632
-1641
-1614
-1484
-1250
-994
-801
-668
-497
-212
137
413
524
549
686
1056
1545
1902
2008
2033
2231
2600
2861
2811
2618
2613
2836
2976
2804
2509
2420
2536
2512
2183
1810
1710
1783
1645
1183
717
552
557
389
-26
-417
-564
-572
-661
-876
-1093
-1246
-1376
-1519
-1655
-1769
-1883
-1978
-1999
-1958
-1950
-2019
-2067
-2007
-1918
-1922
-1973
-1897
-1661
-1452
-1408
-1409
-1243
-932
-706
-674
-674
-510
-217
24
154
277
473
680
818
920
1075
1283
1459
1546
1592
1668
1773
1833
1782
1655
1560
1587
1667
1634
1413
1144
1033
1092
1096
877
535
303
226
123
-134
-434
-607
-679
-837
-1132
-1404
-1510
-1542
-1692
-1969
-2183
-2212
-2162
-2217
-2379
-2492
-2462
-2362
-2305
-2291
-2233
-2084
-1884
-1687
-1498
-1297
-1076
-836
-579
-313
-37
270
627
997
1300
1505
1694
1966
2322
2649
2856
2947
2984
3015
3052
3086
3096
3062
2987
2897
2791
2644
2470
2327
2223
2055
1754
1427
1242
1176
1000
606
186
-17
-64
-230
-600
-946
-1079
-1116
-1266
-1502
-1627
-1619
-1674
-1884
-2072
-2071
-1976
-1990
-2103
-2123
-1986
-1847
-1823
-1833
-1756
-1631
-1544
-1465
-1296
-1082
-965
-948
-872
-658
-425
-293
-183
55
393
656
779
881
1073
1303
1466
1553
1621
1700
1780
1861
1930
1916
1772
1587
1509
1531
1478
1254
985
852
820
680
352
-2
-208
-310
-475
-736
-965
-1086
-1184
-1363
-1603
-1798
-1914
-2013
-2137
-2262
-2343
-2369
-2347
-2290
-2236
-2231
-2261
-2242
-2122
-1947
-1785
-1621
-1382
-1058
-742
-496
-274
17
394
780
1101
1345
1549
1766
2044
2370
2647
2767
2766
2835
3083
3373
3454
3289
3111
3094
3112
2940
2615
2403
2382
2298
1947
1509
1299
1278
1080
573
93
-35
24
-143
-597
-977
-1058
-1045
-1219
-1521
-1714
-1773
-1881
-2061
-2124
-2018
-1953
-2094
-2290
-2316
-2218
-2202
-2272
-2229
-2023
-1851
-1813
-1728
-1436
-1089
-941
-938
-792
-427
-102
10
74
321
676
888
941
1070
1392
1716
1817
1740
1710
1840
2022
2076
1919
1627
1418
1470
1683
1709
1339
828
619
750
771
361
-215
-478
-407
-445
-827
-1261
-1409
-1396
-1567
-1931
-2141
-2050
-1958
-2158
-2489
-2563
-2322
-2116
-2222
-2489
-2562
-2332
-2024
-1891
-1932
-1915
-1639
-1144
-679
-453
-415
-304
55
567
1002
1287
1531
1835
2160
2431
2666
2904
3076
3098
3048
3115
3332
3487
3374
3064
2803
2708
2662
2541
2369
2188
1935
1561
1221
1110
1127
941
456
19
-22
168
107
-346
-822
-987
-976
-1096
-1341
-1478
-1500
-1648
-1966
-2174
-2106
-2002
-2152
-2432
-2487
-2270
-2096
-2149
-2249
-2179
-2014
-1921
-1848
-1634
-1336
-1161
-1120
-991
-657
-298
-88
65
340
680
873
902
1011
1346
1741
1930
1891
1835
1934
2149
2293
2204
1883
1547
1464
1638
1718
1365
729
342
452
672
461
-155
-626
-631
-486
-657
-1125
-1490
-1574
-1613
-1811
-2026
-2031
-1920
-1977
-2236
-2423
-2350
-2183
-2194
-2398
-2550
-2464
-2189
-1904
-1749
-1733
-1729
-1535
-1055
-468
-101
-48
-7
382
1075
1637
1771
1687
1848
2393
2992
3247
3157
3071
3252
3581
3737
3599
3365
3273
3298
3204
2905
2603
2515
2517
2258
1656
1087
940
1089
1013
485
-120
-325
-191
-216
-643
-1169
-1399
-1379
-1436
-1675
-1885
-1915
-1899
-2002
-2158
-2206
-2168
-2202
-2343
-2462
-2467
-2415
-2367
-2287
-2142
-1994
-1895
-1773
-1552
-1287
-1097
-951
-702
-322
31
243
423
716
1052
1220
1214
1300
1655
2087
2235
2030
1804
1906
2280
2506
2246
1628
1172
1257
1665
1748
1146
278
-105
164
430
45
-785
-1295
-1192
-990
-1235
-1764
-2039
-1976
-1987
-2276
-2504
-2347
-2056
-2111
-2511
-2760
-2558
-2188
-2111
-2367
-2581
-2452
-2048
-1665
-1509
-1545
-1524
-1197
-566
46
296
250
373
974
1787
2235
2163
2057
2458
3252
3775
3649
3280
3360
3946
4347
4017
3311
3054
3426
3691
3206
2365
2081
2478
2647
1916
860
557
1084
1385
737
-270
-591
-177
42
-489
-1253
-1510
-1324
-1318
-1705
-2062
-2080
-2007
-2192
-2529
-2684
-2626
-2620
-2771
-2906
-2900
-2854
-2831
-2707
-2430
-2191
-2139
-2081
-1768
-1325
-1102
-1109
-948
-432
91
258
276
609
1241
1654
1602
1490
1798
2396
2719
2499
2062
1895
2140
2510
2580
2161
1547
1317
1688
2098
1750
668
-166
-8
635
621
-314
-1222
-1273
-860
-943
-1670
-2249
-2168
-1888
-2047
-2498
-2603
-2287
-2187
-2672
-3235
-3172
-2572
-2196
-2462
-2925
-2899
-2309
-1692
-1520
-1693
-1742
-1339
-597
42
236
118
210
853
1739
2202
2028
1789
2175
3090
3710
3499
2916
2853
3472
3982
3692
2979
2810
3399
3815
3241
2184
1871
2527
2966
2225
999
728
1542
2022
1205
-38
-269
474
793
-10
-1009
-1104
-582
-550
-1267
-1922
-1943
-1755
-1936
-2323
-2418
-2256
-2299
-2627
-2840
-2735
-2590
-2618
-2614
-2412
-2255
-2378
-2494
-2188
-1630
-1401
-1571
-1523
-892
-190
-64
-300
-127
630
1297
1354
1168
1383
2000
2451
2449
2274
2271
2425
2551
2562
2415
2054
1612
1425
1586
1653
1165
333
-158
-63
78
-289
-969
-1356
-1327
-1346
-1706
-2110
-2190
-2085
-2189
-2514
-2669
-2484
-2278
-2391
-2690
-2794
-2616
-2445
-2490
-2587
-2460
-2111
-1796
-1678
-1651
-1487
-1092
-569
-104
174
301
503
996
1727
2310
2413
2215
2314
3005
3812
3988
3515
3215
3676
4388
4382
3604
3058
3400
3948
3637
2598
2026
2440
2872
2242
981
459
1015
1444
737
-466
-819
-197
179
-466
-1434
-1681
-1308
-1243
-1783
-2252
-2147
-1885
-2056
-2514
-2687
-2518
-2480
-2756
-2983
-2898
-2743
-2777
-2822
-2624
-2371
-2383
-2503
-2277
-1716
-1348
-1378
-1315
-740
-12
257
167
384
1105
1732
1784
1622
1875
2502
2894
2769
2481
2413
2486
2451
2316
2211
2064
1738
1368
1223
1236
1022
417
-220
-462
-379
-425
-842
-1412
-1799
-1938
-1997
-2114
-2293
-2467
-2583
-2628
-2632
-2653
-2715
-2773
-2789
-2781
-2780
-2752
-2625
-2406
-2189
-2033
-1897
-1699
-1386
-958
-447
43
365
492
650
1111
1821
2331
2314
2082
2324
3207
4011
3960
3296
3073
3765
4539
4337
3387
2935
3486
4035
3494
2327
1941
2618
3028
2149
801
514
1307
1648
662
-644
-890
-271
-133
-957
-1786
-1790
-1435
-1595
-2185
-2431
-2182
-2102
-2529
-2945
-2842
-2517
-2526
-2785
-2804
-2555
-2473
-2633
-2587
-2168
-1843
-1948
-2047
-1602
-897
-679
-971
-982
-311
426
566
433
817
1668
2111
1760
1361
1772
2770
3348
2984
2193
1837
2228
2913
3104
2370
1144
518
1074
1974
1716
51
-1425
-1168
222
651
-758
-2521
-2811
-1820
-1283
-2019
-3005
-3059
-2498
-2434
-3027
-3348
-2906
-2442
-2785
-3557
-3677
-2902
-2176
-2312
-2906
-2963
-2236
-1435
-1182
-1268
-1080
-462
192
554
756
1159
1848
2499
2716
2552
2576
3248
4198
4475
3765
3041
3434
4615
5019
3960
2718
2860
3984
4218
2899
1578
1781
2776
2685
1281
312
862
1739
1282
-174
-853
-170
510
-28
-1165
-1570
-1176
-1038
-1604
-2192
-2247
-2167
-2477
-2915
-2939
-2680
-2677
-2944
-2992
-2735
-2640
-2850
-2847
-2334
-1847
-1951
-2269
-1992
-1156
-651
-854
-1042
-499
399
789
625
679
1295
1880
1869
1618
1860
2569
2943
2514
1821
1738
2361
2883
2526
1448
613
757
1522
1747
755
-738
-1332
-621
200
-230
-1703
-2689
-2311
-1442
-1447
-2356
-3006
-2773
-2356
-2560
-3078
-3068
-2540
-2346
-2841
-3307
-3008
-2270
-1974
-2301
-2549
-2171
-1454
-1018
-973
-891
-452
204
739
1059
1347
1790
2334
2781
3068
3350
3747
4088
4128
3960
3991
4352
4606
4300
3667
3372
3583
3709
3266
2594
2345
2493
2399
1813
1251
1174
1248
878
151
-279
-218
-204
-645
-1185
-1323
-1236
-1484
-2070
-2425
-2330
-2271
-2623
-3024
-2975
-2686
-2746
-3154
-3310
-2998
-2741
-2915
-3086
-2705
-2040
-1806
-2062
-2108
-1579
-954
-753
-765
-495
-8
262
362
795
1611
2127
1885
1427
1635
2518
3177
2960
2217
1786
2048
2668
2999
2604
1600
707
688
1426
1782
848
-776
-1497
-738
226
-168
-1730
-2802
-2448
-1569
-1534
-2359
-2937
-2730
-2402
-2644
-3128
-3101
-2591
-2338
-2658
-2986
-2725
-2072
-1642
-1601
-1578
-1306
-919
-589
-234
229
649
874
1047
1414
1956
2430
2729
2973
3223
3393
3483
3669
3976
4114
3841
3411
3331
3657
3833
3409
2669
2296
2450
2548
2067
1287
927
1118
1191
614
-194
-446
-131
-93
-796
-1584
-1586
-989
-807
-1448
-2172
-2221
-1866
-1887
-2380
-2734
-2657
-2558
-2765
-2969
-2784
-2432
-2387
-2597
-2575
-2203
-1895
-1898
-1902
-1571
-1076
-758
-558
-175
348
663
736
972
1573
2117
2126
1772
1702
2195
2827
2983
2523
1861
1552
1825
2325
2335
1509
424
104
760
1340
755
-652
-1434
-923
-144
-445
-1678
-2451
-2068
-1414
-1601
-2411
-2750
-2310
-1974
-2436
-3144
-3121
-2384
-1925
-2299
-2886
-2775
-1944
-1177
-1015
-1229
-1279
-964
-439
126
643
1024
1201
1285
1507
1983
2582
3062
3272
3234
3138
3239
3634
4049
4051
3579
3143
3243
3680
3733
3104
2363
2199
2478
2458
1865
1261
1176
1285
914
102
-384
-181
88
-323
-1198
-1652
-1367
-1000
-1245
-1913
-2312
-2218
-2037
-2114
-2319
-2418
-2456
-2554
-2594
-2415
-2163
-2131
-2309
-2377
-2171
-1879
-1687
-1505
-1221
-965
-876
-777
-405
129
434
438
568
1119
1764
1935
1601
1349
1664
2361
2796
2538
1801
1278
1490
2190
2480
1772
602
142
729
1306
710
-736
-1553
-1049
-258
-548
-1777
-2558
-2190
-1549
-1754
-2610
-2996
-2526
-2046
-2352
-3047
-3136
-2457
-1866
-2031
-2542
-2523
-1789
-1003
-772
-981
-1085
-771
-122
620
1226
1499
1413
1294
1615
2463
3338
3638
3310
2914
3023
3630
4191
4196
3674
3162
3134
3474
3611
3198
2550
2218
2266
2227
1819
1361
1240
1247
842
60
-400
-137
278
-3
-924
-1576
-1414
-956
-1022
-1649
-2177
-2206
-2023
-2035
-2239
-2417
-2560
-2760
-2895
-2749
-2408
-2236
-2389
-2596
-2529
-2194
-1813
-1505
-1263
-1111
-1040
-879
-461
62
333
302
394
953
1680
1932
1551
1140
1359
2131
2713
2527
1794
1293
1523
2166
2399
1800
875
529
992
1465
1046
-105
-905
-708
-151
-314
-1269
-2000
-1812
-1292
-1473
-2367
-2956
-2623
-2003
-2044
-2683
-2999
-2567
-2030
-2122
-2597
-2594
-1807
-870
-503
-708
-940
-768
-162
680
1456
1781
1480
988
1149
2307
3667
3972
2960
1885
2192
3741
4833
4230
2736
2199
3116
4020
3549
2331
2004
2758
3030
1895
607
838
2088
2211
491
-1173
-859
649
964
-585
-2133
-1991
-863
-566
-1448
-2257
-2218
-1971
-2222
-2589
-2435
-2063
-2221
-2802
-2966
-2481
-2079
-2277
-2623
-2523
-2173
-2076
-2100
-1753
-1176
-1027
-1324
-1255
-433
370
333
-108
137
1146
1828
1528
975
1185
2021
2475
2124
1587
1552
1933
2175
2007
1595
1216
1044
1085
1093
733
41
-449
-372
-143
-491
-1412
-2061
-1875
-1377
-1457
-2146
-2645
-2493
-2130
-2155
-2474
-2566
-2321
-2155
-2320
-2511
-2294
-1680
-1060
-752
-769
-904
-848
-316
689
1657
1901
1306
661
987
2388
3747
3808
2622
1675
2277
3940
4825
3959
2521
2363
3549
4269
3377
2035
2004
2972
2949
1321
6
726
2284
2061
-176
-1751
-780
1145
1188
-826
-2374
-1855
-572
-541
-1716
-2524
-2338
-2023
-2241
-2512
-2344
-2184
-2566
-3056
-2885
-2246
-2038
-2461
-2749
-2418
-1933
-1798
-1695
-1178
-626
-701
-1128
-931
50
781
555
112
561
1663
2118
1452
726
1069
2159
2732
2235
1373
1097
1545
2081
2037
1320
472
212
686
1140
674
-568
-1378
-982
-188
-427
-1808
-2857
-2470
-1420
-1313
-2413
-3379
-3174
-2396
-2248
-2804
-3090
-2646
-2163
-2315
-2662
-2278
-1145
-272
-395
-1041
-1110
-122
1334
2222
2012
1148
758
1675
3481
4639
3997
2238
1396
2593
4577
5083
3618
2143
2546
4132
4565
3139
1800
2311
3576
3172
1055
-99
1225
2907
2045
-769
-2060
-337
1770
1178
-1444
-2854
-1787
-310
-540
-1897
-2557
-2247
-2138
-2642
-2893
-2449
-2123
-2578
-3177
-2997
-2287
-2001
-2295
-2456
-2216
-2094
-2291
-2186
-1459
-890
-1238
-1862
-1490
-168
649
229
-307
350
1699
2133
1314
657
1257
2345
2471
1557
907
1358
2248
2410
1633
759
592
1070
1415
965
-133
-988
-897
-218
-78
-1014
-2212
-2479
-1800
-1364
-1959
-2944
-3190
-2611
-2155
-2384
-2801
-2755
-2442
-2459
-2731
-2514
-1540
-565
-465
-1110
-1482
-850
517
1715
2059
1568
914
993
2195
3834
4527
3632
2246
2203
3862
5419
5013
3175
2258
3315
4641
4157
2401
1752
2878
3643
2317
353
407
2275
2898
737
-1790
-1586
741
1706
-184
-2519
-2536
-833
-126
-1325
-2708
-2796
-2270
-2390
-2944
-2909
-2349
-2310
-3020
-3467
-3016
-2366
-2353
-2688
-2616
-2228
-2169
-2352
-2034
-1189
-772
-1201
-1504
-720
544
905
282
22
857
1791
1656
915
994
2137
3003
2566
1513
1258
2038
2709
2309
1221
597
962
1673
1700
757
-390
-773
-321
19
-604
-1854
-2568
-2197
-1520
-1648
-2615
-3425
-3403
-2955
-2820
-3037
-3094
-2851
-2729
-2903
-2863
-2124
-1083
-677
-1209
-1879
-1616
-215
1469
2299
1822
704
311
1532
3689
4890
4005
2205
1876
3730
5689
5392
3297
2179
3431
5155
4833
2913
2135
3452
4495
3060
584
307
2495
3774
1830
-1162
-1499
859
2281
572
-2153
-2697
-1148
-242
-1246
-2573
-2620
-2047
-2292
-3179
-3434
-2902
-2719
-3366
-3899
-3517
-2780
-2617
-2924
-2990
-2762
-2712
-2722
-2178
-1230
-923
-1602
-2124
-1392
-40
414
-166
-335
728
1916
1824
888
787
1966
2955
2497
1365
1277
2463
3330
2609
1026
345
1158
2216
2004
498
-872
-907
25
469
-385
-1764
-2290
-1680
-1054
-1458
-2563
-3208
-2943
-2454
-2438
-2693
-2664
-2438
-2557
-2982
-2927
-1958
-816
-627
-1433
-1995
-1174
705
2103
1848
418
-431
611
2938
4453
3772
1957
1498
3324
5452
5346
3256
2028
3295
5147
4752
2449
1392
2984
4666
3546
786
145
2481
4211
2302
-1252
-2038
652
2843
1416
-1774
-2806
-1097
276
-767
-2697
-3107
-2162
-1817
-2642
-3300
-2974
-2576
-3020
-3677
-3507
-2792
-2589
-2977
-3081
-2665
-2447
-2653
-2492
-1612
-992
-1445
-2072
-1459
30
611
-202
-743
326
1909
2063
922
524
1806
3234
3045
1727
1267
2367
3564
3236
1659
542
909
1986
2230
1118
-315
-738
-80
409
-291
-1704
-2445
-1986
-1293
-1532
-2590
-3335
-3148
-2611
-2548
-2923
-3088
-2836
-2631
-2759
-2795
-2242
-1406
-1117
-1597
-1963
-1200
543
1899
1707
397
-241
1074
3521
4809
3736
1809
1671
3832
5824
5228
2871
1852
3419
5238
4626
2359
1632
3461
5069
3764
914
190
2370
4089
2525
-583
-1315
946
2712
1311
-1507
-2246
-537
702
-417
-2379
-2856
-1965
-1559
-2287
-2998
-2868
-2543
-2771
-3172
-3086
-2750
-2793
-3086
-3050
-2754
-2723
-2835
-2403
-1524
-1252
-1938
-2386
-1472
46
492
-284
-671
303
1537
1565
786
857
2183
3225
2693
1405
1205
2474
3616
3167
1668
934
1740
2833
2501
724
-749
-523
718
1046
-292
-1975
-2336
-1463
-927
-1642
-2779
-3082
-2550
-2210
-2534
-2905
-2736
-2402
-2561
-2998
-2807
-1743
-780
-961
-1964
-2295
-1015
1019
1939
964
-543
-430
1786
4133
4272
2270
708
1691
4249
5452
4063
2109
2225
4150
5102
3633
1723
2037
4068
4696
2633
473
1145
3635
4199
1606
-1007
-452
2096
2799
499
-1929
-1792
-109
320
-1063
-2295
-2119
-1545
-1844
-2613
-2765
-2415
-2525
-3195
-3526
-3121
-2645
-2678
-2925
-2957
-2950
-3095
-2969
-2240
-1543
-1733
-2419
-2281
-1004
96
-75
-755
-434
872
1638
1112
446
958
2153
2460
1572
954
1745
3077
3180
1765
475
820
2292
2985
1882
33
-715
122
1164
858
-673
-1851
-1622
-727
-658
-1741
-2845
-2972
-2471
-2322
-2691
-2901
-2624
-2368
-2525
-2594
-1946
-972
-766
-1560
-2138
-1229
789
2115
1523
-112
-634
1030
3488
4281
2751
1057
1712
4332
5854
4428
2010
1883
4153
5520
3936
1616
1891
4271
4999
2567
149
1148
4142
4670
1492
-1601
-1006
1842
2700
343
-2175
-2064
-336
207
-1060
-2298
-2225
-1615
-1630
-2125
-2347
-2301
-2477
-2781
-2731
-2467
-2591
-3053
-3112
-2617
-2373
-2773
-2962
-2186
-1227
-1397
-2379
-2453
-1060
193
-147
-1169
-919
669
1684
1126
357
955
2304
2561
1499
901
1936
3384
3308
1742
649
1291
2629
2750
1306
-184
-305
612
1063
245
-1132
-1850
-1600
-1150
-1291
-1947
-2460
-2482
-2310
-2366
-2630
-2779
-2703
-2645
-2726
-2636
-2034
-1210
-953
-1552
-2148
-1532
289
1764
1450
-105
-712
945
3530
4387
2704
669
959
3433
5221
4318
2190
1853
3792
5242
4000
1623
1362
3506
4790
3018
400
575
3312
4587
2203
-977
-967
1789
3123
997
-1865
-2047
-46
924
-395
-2042
-2160
-1467
-1571
-2401
-2711
-2304
-2191
-2751
-3146
-2843
-2506
-2791
-3236
-3129
-2756
-2798
-2966
-2431
-1449
-1278
-2152
-2578
-1441
161
378
-669
-1043
116
1357
1199
409
776
2281
3017
2026
791
1177
2781
3471
2283
688
610
1948
2788
1837
-6
-818
28
1150
891
-677
-1906
-1656
-680
-569
-1698
-2867
-2965
-2332
-2072
-2495
-2896
-2756
-2442
-2473
-2628
-2288
-1488
-1054
-1483
-2084
-1653
13
1592
1579
118
-865
297
2921
4452
3342
1068
593
2761
5111
4886
2615
1487
3087
5169
4706
2194
1086
2890
4848
3807
906
154
2635
4718
3117
-352
-1244
1267
3330
1906
-1180
-2148
-508
819
-58
-1761
-2237
-1628
-1397
-1891
-2265
-2245
-2453
-3043
-3295
-2875
-2466
-2626
-2899
-2721
-2491
-2817
-3245
-2815
-1776
-1482
-2328
-2889
-1900
-238
184
-873
-1637
-854
555
1003
516
435
1227
1838
1465
875
1243
2299
2636
1760
870
1201
2277
2510
1334
-44
-218
656
1151
423
-839
-1427
-1119
-762
-1059
-1758
-2192
-2186
-2116
-2231
-2358
-2320
-2285
-2470
-2672
-2434
-1703
-1070
-1167
-1866
-2234
-1429
291
1575
1281
-106
-652
944
3534
4464
2713
476
756
3543
5586
4505
1996
1636
3973
5673
4183
1467
1344
3960
5405
3302
399
749
3789
4960
2196
-1056
-696
2297
3419
1014
-1733
-1606
370
1001
-429
-1790
-1713
-1255
-1655
-2349
-2293
-1866
-2120
-2892
-3098
-2612
-2440
-2965
-3308
-2886
-2434
-2701
-3075
-2573
-1628
-1564
-2431
-2709
-1592
-336
-469
-1466
-1496
-123
1055
787
-42
168
1326
1868
1187
598
1359
2718
2881
1558
459
996
2365
2628
1260
-213
-237
843
1363
459
-1002
-1662
-1276
-756
-896
-1534
-2007
-2048
-1954
-2029
-2211
-2302
-2333
-2443
-2514
-2214
-1513
-942
-1077
-1723
-1907
-913
714
1514
691
-747
-801
1252
3701
4043
1985
142
1079
3993
5476
3859
1536
1836
4382
5491
3365
839
1444
4232
4966
2270
-190
1056
4088
4192
666
-2032
-532
2769
3210
305
-2025
-1208
753
749
-1069
-2177
-1694
-1224
-1907
-2752
-2581
-2006
-2258
-3093
-3300
-2756
-2556
-3098
-3447
-3000
-2525
-2777
-3095
-2505
-1530
-1526
-2393
-2462
-1031
333
-3
-1272
-1352
157
1437
1178
371
599
1626
1950
1252
883
1685
2595
2200
926
553
1704
2882
2431
705
-421
48
1094
1124
-69
-1242
-1374
-806
-598
-1137
-1835
-2080
-2004
-2090
-2374
-2439
-2161
-1966
-2137
-2276
-1831
-1034
-785
-1429
-2072
-1523
145
1437
1068
-408
-993
546
3039
3967
2397
375
683
3307
5157
3903
1186
650
3037
5062
3926
1341
1181
3816
5335
3112
-156
-51
3217
4875
2271
-1316
-1218
2142
3955
1728
-1570
-1972
188
1392
108
-1631
-1740
-876
-798
-1608
-2088
-1928
-1961
-2449
-2664
-2336
-2240
-2809
-3278
-2973
-2490
-2647
-2952
-2397
-1382
-1366
-2475
-2927
-1589
148
233
-1083
-1621
-416
1069
1234
541
472
1211
1620
1229
949
1510
2204
1949
985
647
1488
2437
2155
762
-337
-178
655
872
47
-1018
-1406
-1143
-949
-1234
-1704
-1947
-1977
-2068
-2272
-2393
-2360
-2321
-2320
-2128
-1595
-1039
-1016
-1605
-2077
-1535
19
1385
1260
-195
-1161
-13
2580
4021
2751
416
157
2671
5101
4596
2117
1215
3170
5153
4183
1485
884
3304
5205
3513
162
-425
2431
4572
2778
-710
-1334
1434
3497
1918
-1213
-2015
-145
1271
318
-1431
-1802
-1112
-1066
-1874
-2243
-1779
-1617
-2399
-3169
-2951
-2284
-2244
-2722
-2849
-2566
-2560
-2787
-2428
-1498
-1195
-2009
-2607
-1659
21
458
-644
-1452
-639
842
1313
735
423
929
1424
1266
1026
1423
2006
1800
897
495
1182
1991
1677
440
-334
67
816
767
-72
-784
-899
-846
-1068
-1376
-1442
-1433
-1687
-2067
-2136
-1897
-1832
-2148
-2398
-2090
-1364
-837
-909
-1399
-1721
-1277
5
1307
1440
248
-735
229
2773
4375
3269
890
391
2696
5122
4698
2065
741
2467
4808
4415
1689
310
2094
4334
3589
722
-194
2229
4466
3009
-509
-1502
1098
3384
2066
-1047
-1930
-15
1528
659
-1041
-1355
-684
-774
-1671
-1936
-1300
-1109
-1966
-2695
-2349
-1760
-2095
-2906
-2967
-2358
-2211
-2634
-2487
-1504
-1070
-2016
-2950
-2131
-246
346
-982
-2144
-1323
511
1150
279
-398
163
1060
1177
887
1140
1726
1627
808
459
1191
2010
1683
492
-198
169
717
507
-224
-652
-623
-718
-1204
-1619
-1542
-1283
-1420
-1926
-2224
-2048
-1797
-1894
-2132
-1985
-1409
-986
-1195
-1750
-1812
-856
658
1522
921
-482
-866
817
3274
3946
2078
51
720
3661
5358
3626
674
376
3097
5102
3651
852
701
3323
4672
2407
-485
167
3521
4614
1433
-2004
-1217
2395
3590
693
-2312
-1706
932
1562
-441
-2049
-1479
-401
-751
-1799
-1877
-1275
-1504
-2566
-2971
-2264
-1702
-2082
-2561
-2299
-1919
-2243
-2657
-2112
-1143
-1244
-2349
-2615
-1193
244
-149
-1596
-1751
-106
1314
947
-152
-70
1127
1728
1087
483
996
1851
1708
765
419
1138
1818
1462
557
205
548
765
386
-186
-471
-572
-783
-1051
-1172
-1258
-1556
-1944
-2039
-1799
-1685
-2011
-2436
-2353
-1664
-938
-772
-1199
-1687
-1602
-701
590
1325
832
-328
-524
1210
3597
4114
2065
-49
714
3847
5646
3886
921
704
3420
5157
3354
503
686
3676
5084
2638
-392
245
3573
4622
1526
-1693
-792
2685
3680
766
-2123
-1496
1025
1585
-360
-1917
-1406
-404
-729
-1717
-1816
-1287
-1520
-2525
-2922
-2273
-1731
-2075
-2591
-2504
-2282
-2569
-2817
-2229
-1404
-1616
-2608
-2657
-1186
111
-383
-1764
-1842
-260
1061
713
-331
-320
795
1565
1281
795
1004
1535
1520
1024
864
1276
1543
1087
301
-52
153
387
265
-86
-390
-561
-627
-614
-664
-981
-1504
-1820
-1657
-1319
-1371
-1883
-2285
-2040
-1299
-702
-702
-1186
-1643
-1532
-640
624
1304
744
-425
-546
1224
3503
3877
1870
-13
866
3766
5164
3266
597
783
3558
4996
2980
328
839
3724
4595
1878
-687
622
3936
4303
827
-1920
-385
2977
3309
165
-2221
-1125
1201
1268
-782
-2060
-1403
-540
-964
-1851
-1890
-1452
-1661
-2332
-2359
-1725
-1574
-2255
-2701
-2244
-1744
-2097
-2618
-2142
-1131
-1142
-2256
-2654
-1350
88
-282
-1801
-2037
-309
1320
1011
-351
-671
366
1213
978
520
787
1341
1277
767
711
1236
1491
957
164
-129
82
249
95
-215
-515
-826
-1126
-1254
-1185
-1176
-1455
-1882
-2085
-1928
-1688
-1679
-1828
-1746
-1250
-663
-512
-938
-1472
-1407
-426
971
1687
990
-485
-965
634
3096
3862
2073
17
592
3487
5224
3558
624
297
2961
4872
3305
462
428
3274
4789
2530
-466
73
3358
4477
1462
-1750
-910
2453
3302
287
-2567
-1809
833
1503
-270
-1682
-1287
-662
-1267
-2133
-1880
-1158
-1431
-2442
-2717
-2071
-1798
-2365
-2693
-2187
-1843
-2457
-3033
-2347
-1171
-1256
-2465
-2743
-1245
202
-250
-1689
-1784
-210
985
466
-556
-301
992
1670
1206
748
1141
1684
1422
726
697
1431
1846
1263
313
-29
275
521
317
-78
-340
-473
-563
-590
-635
-920
-1439
-1775
-1605
-1196
-1134
-1583
-2095
-2145
-1677
-1054
-685
-787
-1262
-1661
-1381
-247
1032
1311
232
-1036
-731
1457
3589
3395
1127
-316
1213
4154
4940
2632
363
1207
3918
4631
2348
411
1622
4041
3752
756
-768
1503
4425
3696
10
-1847
295
3059
2431
-734
-2285
-691
1238
732
-1285
-2151
-1390
-793
-1334
-2009
-1904
-1657
-2118
-2792
-2720
-2136
-2026
-2477
-2656
-2350
-2283
-2676
-2682
-1910
-1384
-2008
-2850
-2283
-572
242
-735
-1855
-1284
358
994
134
-577
100
1316
1610
1035
780
1242
1601
1281
836
988
1477
1476
809
160
129
519
712
412
-162
-623
-766
-674
-621
-851
-1322
-1701
-1713
-1490
-1431
-1713
-2070
-2125
-1819
-1379
-994
-743
-754
-1103
-1431
-1037
269
1511
1384
-82
-1101
-10
2545
3969
2726
438
169
2604
4923
4232
1402
126
2069
4536
4097
1399
299
2316
4314
3023
-5
-463
2372
4330
2285
-1265
-1687
1219
3104
1354
-1493
-1761
242
1280
82
-1365
-1298
-562
-683
-1411
-1556
-1196
-1397
-2216
-2553
-2015
-1558
-1865
-2290
-2086
-1727
-1993
-2458
-2105
-1171
-1012
-1920
-2384
-1272
253
225
-1220
-1898
-637
1077
1256
172
-276
600
1481
1240
608
825
1632
1740
930
406
911
1616
1421
565
130
420
711
469
-23
-372
-667
-1036
-1223
-1039
-861
-1149
-1709
-1934
-1698
-1498
-1686
-2019
-2088
-1841
-1449
-1037
-759
-892
-1385
-1529
-609
980
1793
947
-514
-525
1535
3780
3816
1716
206
1437
4156
5056
2993
637
1101
3744
4904
2894
459
1000
3667
4413
1849
-542
676
3738
4000
641
-1996
-538
2639
2900
-110
-2313
-1226
904
910
-834
-1721
-1118
-777
-1550
-2152
-1659
-1170
-1854
-2878
-2782
-1877
-1673
-2367
-2662
-2096
-1811
-2457
-2887
-2050
-958
-1270
-2544
-2673
-1098
170
-530
-1997
-1894
-122
1139
627
-364
-115
1047
1502
865
399
946
1698
1544
776
571
1214
1738
1365
533
153
380
607
407
-27
-328
-428
-467
-551
-744
-1080
-1435
-1543
-1339
-1132
-1282
-1715
-2005
-1876
-1445
-965
-599
-501
-800
-1270
-1227
-196
1250
1772
755
-642
-493
1592
3629
3353
1114
-166
1520
4461
5093
2602
227
1069
3836
4535
2111
32
1328
4067
4037
958
-911
1051
3860
3146
-468
-2173
148
2981
2290
-914
-2401
-758
1161
783
-851
-1387
-777
-721
-1579
-1972
-1322
-872
-1582
-2542
-2476
-1732
-1559
-2072
-2287
-1943
-1855
-2267
-2256
-1387
-797
-1506
-2513
-2021
-244
615
-492
-1815
-1262
595
1415
459
-533
-35
1159
1394
664
386
1109
1744
1342
506
407
1068
1447
979
254
84
453
723
501
-42
-531
-794
-864
-857
-914
-1142
-1485
-1724
-1679
-1444
-1335
-1541
-1876
-1931
-1530
-950
-644
-803
-1186
-1312
-781
366
1428
1434
219
-914
-260
2151
4036
3304
870
-75
1993
4714
4688
1998
253
1772
4357
4297
1599
17
1674
3926
3170
229
-652
2002
4483
3046
-663
-1816
826
3273
2028
-1176
-2174
-259
1320
330
-1623
-2004
-995
-604
-1382
-2004
-1761
-1579
-2176
-2794
-2543
-1910
-1885
-2321
-2356
-2016
-2112
-2609
-2459
-1428
-815
-1527
-2428
-1851
-227
330
-893
-2037
-1274
600
1367
497
-361
50
990
1204
867
1018
1711
1930
1313
793
1173
1896
1873
1014
240
157
426
459
181
-134
-349
-496
-580
-628
-808
-1247
-1770
-2031
-1912
-1646
-1553
-1744
-2075
-2252
-2019
-1403
-793
-659
-1085
-1617
-1581
-661
697
1438
794
-665
-1172
409
2879
3643
1851
-160
486
3377
5042
3405
682
539
3130
4876
3446
1032
1156
3525
4369
1994
-509
424
3521
4210
1084
-1937
-1006
2306
3301
686
-1943
-1423
791
1251
-500
-1869
-1382
-481
-793
-1713
-1851
-1422
-1623
-2432
-2667
-2045
-1632
-2011
-2394
-2117
-1805
-2150
-2517
-1974
-1077
-1189
-2181
-2332
-959
294
-222
-1630
-1703
-81
1238
806
-339
-404
599
1220
918
681
1216
1780
1440
639
567
1373
1947
1515
627
251
495
694
457
24
-259
-370
-418
-443
-528
-827
-1279
-1549
-1416
-1137
-1146
-1514
-1885
-1946
-1723
-1390
-1037
-749
-718
-1043
-1386
-1110
14
1253
1420
234
-973
-429
1915
3885
3377
1075
-38
1705
4336
4580
2159
331
1589
4196
4506
2079
374
1822
4201
3741
709
-739
1468
4097
3116
-454
-1871
586
3218
2248
-976
-2239
-486
1225
532
-1196
-1596
-889
-887
-1783
-2079
-1353
-973
-1748
-2581
-2331
-1634
-1711
-2339
-2378
-1802
-1703
-2317
-2534
-1790
-1144
-1598
-2347
-1929
-571
1
-884
-1800
-1265
185
895
419
-94
262
985
1172
878
822
1181
1393
1130
820
973
1391
1442
924
335
224
570
852
657
44
-591
-899
-845
-699
-775
-1159
-1610
-1789
-1594
-1292
-1258
-1596
-2022
-2150
-1848
-1309
-827
-618
-779
-1217
-1498
-1022
319
1624
1623
190
-1040
-227
2342
4140
3216
785
44
2233
4861
4747
2166
563
1958
4210
4020
1600
398
2112
4123
3203
330
-519
1926
4196
2875
-511
-1564
819
2981
1702
-1430
-2506
-741
917
273
-1370
-1759
-1039
-930
-1725
-2061
-1458
-1161
-1977
-2860
-2607
-1794
-1781
-2518
-2783
-2293
-2049
-2428
-2459
-1600
-958
-1569
-2481
-1993
-374
327
-681
-1680
-995
548
970
118
-308
509
1366
1097
401
628
1594
1910
1151
477
855
1673
1723
893
158
202
689
921
631
32
-532
-792
-679
-464
-566
-1078
-1582
-1635
-1309
-1060
-1175
-1530
-1877
-2100
-2119
-1786
-1110
-502
-519
-1229
-1936
-1747
-478
1011
1517
650
-613
-710
929
3042
3599
2013
85
165
2333
4096
3407
1369
889
2735
4358
3397
1106
698
2676
3965
2358
-64
180
2774
3806
1368
-1525
-1141
1687
2797
620
-1839
-1530
474
990
-594
-1935
-1553
-739
-1061
-1922
-1900
-1216
-1254
-2162
-2629
-2059
-1482
-1789
-2361
-2265
-1839
-1953
-2367
-2115
-1295
-1099
-1852
-2260
-1345
-73
-20
-1013
-1378
-394
742
774
124
30
653
1069
874
755
1263
1884
1840
1281
1036
1383
1704
1410
719
290
405
745
831
467
-173
-694
-810
-614
-540
-903
-1531
-1953
-1950
-1748
-1673
-1796
-1985
-2148
-2275
-2288
-2056
-1610
-1206
-1114
-1339
-1594
-1517
-912
81
932
1020
290
-367
214
2056
3575
3166
1307
395
1919
4346
4783
2693
777
1509
3813
4500
2684
1010
1835
3761
3619
1159
-371
1146
3501
3167
331
-1309
247
2541
2216
-337
-1828
-784
755
553
-811
-1397
-959
-863
-1578
-2053
-1696
-1394
-1921
-2583
-2432
-1880
-1971
-2576
-2652
-2081
-1910
-2491
-2756
-1991
-1195
-1568
-2433
-2112
-592
238
-632
-1728
-1211
452
1220
446
-351
145
1247
1547
1042
910
1565
2107
1831
1307
1437
2050
2182
1498
735
652
1088
1296
913
248
-230
-369
-309
-253
-373
-761
-1315
-1735
-1782
-1548
-1388
-1545
-1916
-2194
-2200
-1994
-1731
-1493
-1309
-1237
-1306
-1398
-1245
-643
263
918
767
-82
-612
224
2135
3354
2514
591
139
2153
4483
4366
2131
935
2495
4604
4170
1680
629
2460
4348
3254
456
-175
2182
3979
2376
-654
-1179
1104
2618
1103
-1402
-1810
-279
559
-369
-1486
-1422
-950
-1264
-1933
-1867
-1340
-1529
-2408
-2669
-1868
-1226
-1716
-2552
-2521
-1906
-1842
-2290
-2116
-1157
-734
-1530
-2253
-1488
47
421
-628
-1275
-315
1101
1247
331
-8
777
1511
1272
778
1098
1925
2092
1421
985
1459
2135
1980
1085
412
448
728
657
260
-87
-219
-262
-340
-495
-781
-1193
-1569
-1731
-1714
-1697
-1756
-1839
-1953
-2173
-2419
-2439
-2119
-1679
-1414
-1371
-1393
-1365
-1211
-751
109
955
1057
292
-308
482
2441
3737
2952
1044
518
2373
4605
4525
2250
701
1827
3988
4204
2303
1121
2353
3995
3251
777
-84
1809
3540
2257
-628
-1358
819
2629
1441
-1189
-2012
-605
547
-97
-1321
-1543
-1143
-1334
-1986
-2054
-1539
-1510
-2243
-2734
-2387
-1976
-2260
-2694
-2434
-1885
-2040
-2692
-2621
-1635
-1050
-1643
-2291
-1642
-272
94
-813
-1390
-550
744
1022
445
334
1096
1761
1633
1286
1536
2129
2209
1673
1324
1672
2239
2238
1586
909
743
1016
1253
1087
535
-77
-411
-399
-299
-442
-908
-1465
-1816
-1870
-1773
-1729
-1817
-1988
-2166
-2302
-2336
-2201
-1914
-1603
-1393
-1274
-1173
-1112
-1125
-1010
-416
596
1284
935
-31
-174
1310
3266
3623
1974
420
1152
3551
4768
3380
1378
1549
3608
4536
2849
831
1313
3517
4026
1751
-342
565
2996
3189
507
-1619
-573
1787
1893
-505
-2267
-1460
202
229
-1173
-1972
-1548
-1225
-1806
-2369
-2039
-1498
-1796
-2589
-2761
-2238
-1986
-2314
-2455
-2023
-1724
-2046
-2262
-1612
-767
-920
-1792
-1854
-669
314
-103
-1026
-799
515
1297
830
256
714
1655
1854
1333
1190
1796
2256
1871
1206
1172
1688
1915
1520
1027
919
1019
932
653
400
171
-194
-607
-779
-678
-656
-1003
-1548
-1868
-1806
-1620
-1630
-1868
-2109
-2183
-2141
-2136
-2191
-2206
-2077
-1809
-1467
-1144
-975
-1035
-1109
-731
279
1331
1498
680
37
792
2584
3601
2716
1086
930
2704
4356
3881
2019
1353
2808
4304
3619
1573
954
2529
3842
2719
518
286
2314
3554
1897
-775
-1198
745
1997
697
-1420
-1735
-380
329
-670
-1996
-2183
-1660
-1661
-2236
-2458
-2089
-1882
-2252
-2646
-2545
-2253
-2238
-2285
-1993
-1620
-1714
-2073
-1938
-1241
-845
-1183
-1481
-913
11
143
-513
-714
159
1122
1040
328
312
1265
2055
1854
1264
1310
1937
2236
1844
1379
1435
1769
1787
1390
990
862
863
761
494
124
-277
-580
-660
-598
-687
-1081
-1555
-1768
-1710
-1711
-1966
-2263
-2297
-2108
-2016
-2155
-2281
-2141
-1846
-1692
-1686
-1507
-1024
-594
-609
-834
-531
582
1729
1826
866
207
1085
2997
4061
3216
1667
1543
3225
4734
4200
2330
1538
2755
4157
3673
1887
1211
2427
3480
2428
354
-37
1658
2810
1425
-958
-1382
376
1555
341
-1714
-2101
-860
-164
-1018
-2091
-2042
-1446
-1548
-2226
-2399
-1913
-1723
-2221
-2615
-2274
-1731
-1730
-2035
-1968
-1598
-1514
-1683
-1481
-882
-696
-1225
-1577
-937
95
302
-320
-524
329
1305
1282
573
395
1074
1673
1468
978
1082
1704
2002
1644
1212
1263
1565
1552
1175
864
839
873
718
425
134
-158
-457
-625
-607
-636
-975
-1494
-1773
-1666
-1515
-1677
-2051
-2259
-2162
-1995
-1980
-2065
-2077
-1999
-1917
-1807
-1521
-1023
-543
-380
-576
-785
-529
334
1362
1830
1436
742
756
1850
3189
3482
2467
1373
1580
2913
3773
3135
1926
1805
2886
3534
2667
1362
1346
2451
2774
1486
176
595
1993
2070
295
-1246
-783
651
755
-778
-1999
-1594
-578
-573
-1504
-2065
-1798
-1524
-1806
-2125
-1945
-1649
-1824
-2198
-2107
-1638
-1498
-1824
-1945
-1516
-1103
-1221
-1444
-1110
-502
-471
-1004
-1087
-244
610
448
-317
-400
482
1223
976
334
361
1046
1478
1300
1131
1444
1786
1557
1017
928
1386
1672
1310
730
596
872
942
513
-56
-317
-289
-290
-461
-685
-863
-1055
-1295
-1465
-1445
-1322
-1332
-1575
-1896
-2053
-1964
-1748
-1579
-1536
-1593
-1665
-1661
-1526
-1279
-998
-740
-552
-485
-532
-485
-45
764
1388
1266
628
461
1348
2585
2868
1958
1135
1650
3046
3630
2662
1382
1408
2563
3123
2197
990
1099
2200
2441
1107
-249
59
1414
1697
278
-1079
-714
603
837
-431
-1550
-1252
-329
-262
-1081
-1592
-1298
-972
-1268
-1724
-1637
-1200
-1094
-1373
-1486
-1251
-1080
-1201
-1288
-1111
-963
-1080
-1099
-640
-109
-220
-833
-983
-286
409
212
-485
-565
183
786
541
-10
20
554
795
522
367
745
1175
1053
618
587
1056
1341
991
422
298
630
846
612
192
-34
-56
-116
-305
-501
-629
-754
-926
-1070
-1100
-1080
-1151
-1354
-1553
-1574
-1411
-1237
-1226
-1363
-1471
-1395
-1183
-1020
-1010
-1067
-999
-740
-443
-341
-445
-439
9
754
1175
870
296
402
1459
2537
2530
1583
1037
1759
2945
3101
2010
1094
1547
2716
2956
1880
903
1269
2274
2241
934
-14
599
1769
1631
105
-944
-297
947
953
-322
-1228
-826
-39
-128
-920
-1336
-1078
-875
-1185
-1540
-1443
-1181
-1273
-1615
-1718
-1532
-1453
-1587
-1627
-1482
-1468
-1666
-1632
-1132
-684
-869
-1367
-1341
-690
-248
-523
-934
-702
-11
311
44
-178
93
493
529
360
472
863
1046
815
559
697
1125
1408
1304
961
696
724
999
1225
1102
676
340
380
597
562
177
-226
-361
-333
-418
-641
-799
-803
-824
-1011
-1249
-1310
-1173
-1063
-1147
-1314
-1331
-1166
-1040
-1123
-1278
-1204
-812
-387
-294
-550
-735
-412
346
934
836
273
73
742
1756
2074
1406
690
996
2125
2766
2161
1151
1090
1997
2521
1840
878
998
1989
2283
1223
122
438
1635
1869
598
-621
-333
797
991
-126
-1134
-929
-159
-71
-717
-1124
-890
-658
-958
-1410
-1447
-1223
-1235
-1462
-1477
-1261
-1238
-1486
-1543
-1215
-973
-1194
-1461
-1199
-674
-650
-1145
-1287
-635
59
-65
-672
-730
-45
473
205
-290
-168
465
813
607
409
663
1059
1072
752
590
796
1106
1214
1109
912
709
606
726
963
935
450
-111
-183
215
419
-24
-724
-951
-624
-388
-698
-1211
-1332
-1063
-940
-1217
-1547
-1564
-1417
-1477
-1717
-1772
-1518
-1301
-1432
-1731
-1755
-1369
-886
-671
-773
-918
-782
-278
346
659
462
95
197
993
1918
2142
1559
999
1300
2260
2837
2419
1627
1528
2235
2747
2324
1534
1465
2132
2399
1616
672
799
1752
2042
1013
-164
-79
959
1363
469
-645
-747
-83
186
-334
-926
-982
-794
-886
-1183
-1293
-1232
-1335
-1596
-1655
-1429
-1293
-1474
-1674
-1587
-1391
-1406
-1497
-1314
-975
-981
-1371
-1516
-1036
-432
-410
-822
-893
-392
50
-68
-368
-217
298
559
400
339
717
1161
1182
919
882
1150
1295
1087
865
1021
1399
1510
1206
856
834
1050
1123
870
505
329
355
310
-1
-421
-616
-493
-354
-529
-948
-1229
-1182
-1052
-1161
-1468
-1659
-1614
-1552
-1679
-1870
-1876
-1695
-1580
-1672
-1794
-1691
-1355
-1030
-936
-1041
-1097
-862
-337
186
367
190
56
406
1196
1873
1941
1523
1256
1603
2328
2750
2514
1998
1864
2238
2562
2328
1769
1539
1802
1980
1611
1068
1051
1510
1618
937
120
61
631
839
203
-619
-772
-351
-162
-563
-1094
-1246
-1141
-1179
-1392
-1507
-1472
-1515
-1703
-1806
-1690
-1568
-1641
-1756
-1663
-1443
-1373
-1447
-1378
-1114
-974
-1131
-1257
-994
-546
-430
-697
-833
-509
-52
74
-40
52
448
778
806
779
981
1265
1277
1025
904
1152
1548
1716
1563
1317
1210
1290
1427
1426
1168
778
557
653
815
645
110
-357
-394
-178
-181
-536
-904
-980
-889
-945
-1179
-1346
-1355
-1392
-1603
-1823
-1811
-1620
-1548
-1735
-1983
-2012
-1800
-1562
-1489
-1548
-1557
-1400
-1113
-854
-732
-692
-562
-232
217
583
731
718
748
1004
1477
1930
2083
1915
1752
1949
2441
2745
2519
2037
1908
2296
2672
2499
1965
1731
1992
2190
1817
1210
1083
1438
1494
825
68
72
664
834
154
-656
-765
-361
-279
-789
-1342
-1459
-1342
-1397
-1604
-1693
-1665
-1744
-1912
-1915
-1721
-1621
-1762
-1879
-1723
-1468
-1424
-1502
-1365
-1021
-864
-1029
-1120
-793
-342
-280
-557
-595
-164
282
286
59
123
529
826
769
643
790
1122
1339
1380
1416
1486
1460
1346
1336
1494
1604
1463
1186
1039
1054
1011
790
536
425
419
353
166
-54
-245
-422
-589
-693
-738
-820
-1006
-1217
-1321
-1323
-1360
-1513
-1703
-1816
-1851
-1881
-1926
-1955
-1963
-1987
-2015
-1969
-1836
-1717
-1698
-1705
-1572
-1275
-965
-791
-719
-588
-331
-24
241
477
723
919
970
947
1118
1616
2148
2235
1823
1498
1835
2629
3061
2717
2149
2144
2654
2882
2428
1875
1922
2330
2274
1595
1068
1258
1633
1342
486
-4
266
595
231
-558
-947
-757
-595
-866
-1259
-1382
-1370
-1524
-1737
-1722
-1603
-1758
-2130
-2233
-1908
-1627
-1750
-1968
-1825
-1483
-1453
-1712
-1687
-1191
-777
-896
-1176
-992
-443
-181
-386
-487
-77
469
581
361
364
724
1013
950
812
942
1217
1309
1227
1273
1512
1672
1588
1453
1494
1628
1642
1544
1482
1434
1236
931
804
940
1005
675
142
-105
50
188
-73
-565
-844
-788
-704
-873
-1198
-1407
-1428
-1417
-1504
-1644
-1733
-1765
-1809
-1891
-1946
-1915
-1823
-1769
-1807
-1871
-1838
-1677
-1489
-1398
-1410
-1404
-1272
-1031
-785
-588
-396
-154
104
265
319
431
769
1233
1487
1366
1175
1397
2053
2587
2517
2086
2005
2518
3044
2910
2281
1979
2375
2868
2682
1954
1552
1855
2212
1874
1077
714
1036
1299
837
25
-275
77
350
12
-600
-859
-714
-618
-814
-1104
-1267
-1358
-1476
-1555
-1541
-1561
-1707
-1830
-1755
-1601
-1625
-1792
-1797
-1563
-1403
-1533
-1687
-1497
-1080
-906
-1091
-1194
-871
-401
-275
-474
-514
-173
206
268
161
264
595
813
763
708
908
1241
1393
1283
1134
1161
1363
1599
1713
1623
1400
1257
1344
1530
1531
1286
1043
992
1019
926
758
669
593
320
-71
-210
1
103
-328
-1009
-1242
-868
-540
-856
-1559
-1889
-1603
-1231
-1311
-1726
-1979
-1889
-1720
-1715
-1795
-1784
-1702
-1687
-1732
-1692
-1515
-1335
-1290
-1355
-1377
-1246
-991
-737
-610
-617
-620
-436
-62
276
364
276
337
744
1303
1629
1581
1425
1529
1944
2362
2485
2348
2247
2383
2640
2757
2641
2464
2428
2512
2512
2311
2043
1910
1892
1773
1452
1119
995
1014
873
456
28
-102
-5
-43
-404
-875
-1133
-1123
-1066
-1152
-1368
-1594
-1740
-1791
-1778
-1759
-1789
-1853
-1897
-1900
-1891
-1875
-1808
-1675
-1554
-1499
-1452
-1315
-1115
-981
-968
-960
-815
-548
-308
-184
-126
-30
132
311
454
564
674
790
898
983
1064
1157
1256
1333
1378
1407
1437
1465
1483
1493
1502
1492
1442
1350
1242
1151
1100
1085
1072
998
812
554
355
296
301
193
-82
-362
-447
-365
-368
-636
-1025
-1212
-1098
-949
-1079
-1440
-1673
-1564
-1328
-1323
-1591
-1818
-1767
-1567
-1497
-1597
-1661
-1574
-1459
-1458
-1496
-1408
-1203
-1060
-1077
-1125
-1030
-780
-513
-341
-264
-212
-102
107
369
574
671
766
1000
1349
1621
1701
1687
1746
1905
2073
2212
2360
2502
2539
2457
2397
2486
2620
2579
2327
2083
2041
2111
2044
1760
1434
1235
1120
949
719
547
450
279
-52
-413
-618
-674
-764
-979
-1223
-1389
-1498
-1620
-1728
-1770
-1793
-1882
-1999
-2005
-1885
-1798
-1848
-1926
-1864
-1679
-1535
-1487
-1436
-1319
-1213
-1172
-1100
-900
-650
-507
-478
-408
-218
-11
98
152
269
442
563
597
641
767
922
1004
1005
996
1024
1074
1119
1158
1186
1177
1135
1096
1095
1103
1061
950
825
749
727
705
637
526
404
301
227
178
134
58
-60
-168
-192
-143
-145
-297
-543
-696
-658
-537
-540
-734
-963
-1017
-884
-763
-830
-1030
-1150
-1084
-944
-896
-948
-985
-953
-917
-933
-951
-921
-882
-899
-929
-870
-718
-603
-616
-688
-692
-600
-488
-433
-425
-413
-358
-247
-104
17
80
107
165
295
482
685
866
986
1013
991
1051
1273
1555
1663
1503
1290
1358
1756
2122
2070
1697
1507
1785
2182
2139
1636
1251
1380
1697
1615
1114
735
780
895
644
189
24
218
292
-66
-550
-687
-495
-406
-646
-991
-1147
-1112
-1049
-1031
-1040
-1114
-1280
-1420
-1392
-1255
-1211
-1307
-1363
-1268
-1163
-1197
-1259
-1138
-898
-823
-981
-1087
-892
-550
-388
-438
-438
-259
-71
-41
-70
21
216
344
373
422
546
646
648
617
640
690
708
715
763
807
767
676
652
720
756
673
553
520
562
569
508
449
429
382
268
172
188
249
186
-34
-228
-217
-67
-28
-227
-505
-598
-450
-277
-315
-554
-756
-743
-593
-529
-641
-783
-774
-638
-552
-608
-696
-668
-561
-528
-603
-654
-580
-472
-471
-569
-613
-525
-405
-389
-474
-537
-497
-378
-258
-208
-247
-334
-373
-298
-164
-109
-174
-244
-203
-74
20
47
103
251
416
486
474
510
671
882
1008
990
916
957
1201
1528
1662
1476
1197
1189
1489
1704
1503
1092
951
1171
1323
1066
652
540
716
724
375
43
86
285
167
-273
-555
-422
-195
-279
-597
-787
-754
-724
-819
-900
-887
-933
-1128
-1278
-1178
-952
-887
-1003
-1065
-982
-927
-980
-952
-712
-483
-536
-751
-739
-424
-157
-200
-361
-315
-80
71
66
109
289
431
390
312
393
563
589
451
377
500
680
732
679
657
685
671
603
568
599
615
563
500
493
517
503
458
428
410
362
289
239
219
171
69
-39
-105
-143
-185
-216
-216
-231
-317
-434
-480
-428
-386
-459
-604
-688
-675
-657
-707
-762
-729
-626
-576
-650
-764
-796
-712
-595
-536
-544
-572
-576
-535
-462
-384
-329
-300
-275
-232
-170
-104
-38
26
73
92
112
173
281
382
417
393
364
381
435
485
499
483
462
461
485
521
539
514
451
387
361
369
369
335
277
231
209
200
197
200
197
162
97
45
52
113
181
215
213
194
183
201
251
290
281
240
221
241
252
222
194
227
288
275
158
29
-14
23
52
43
35
61
70
1
-122
-202
-184
-127
-131
-219
-310
-330
-289
-270
-316
-389
-428
-428
-432
-462
-495
-493
-458
-424
-424
-456
-478
-444
-349
-247
-195
-181
-145
-59
20
34
18
44
133
209
213
185
207
301
400
429
384
319
284
281
270
214
123
50
23
12
-39
-134
-209
-225
-227
-285
-384
-439
-414
-379
-421
-519
-572
-547
-522
-564
-620
-588
-465
-373
-404
-491
-487
-337
-140
-30
-25
-17
92
280
435
499
538
649
814
917
911
906
1024
1207
1271
1163
1058
1129
1293
1312
1110
899
892
1034
1080
916
672
524
487
465
391
282
146
-19
-170
-237
-231
-258
-380
-535
-623
-662
-727
-803
-808
-751
-764
-900
-1009
-938
-771
-739
-894
-1019
-937
-744
-651
-678
-664
-552
-459
-468
-482
-388
-252
-208
-237
-199
-53
69
78
58
123
233
277
253
261
327
355
313
295
380
487
490
404
352
389
437
437
417
414
391
315
235
220
249
245
186
128
100
69
19
-18
-20
-26
-66
-105
-105
-104
-152
-235
-278
-269
-264
-293
-322
-320
-318
-341
-354
-315
-265
-279
-342
-367
-313
-232
-182
-148
-103
-75
-100
-152
-163
-117
-64
-37
-15
22
64
93
119
151
169
154
135
170
262
355
398
393
373
361
376
425
497
543
540
514
506
525
541
530
500
468
429
376
318
276
251
226
180
118
44
-32
-98
-139
-150
-161
-202
-276
-353
-403
-429
-457
-490
-505
-500
-507
-553
-618
-650
-642
-630
-652
-686
-690
-654
-610
-571
-524
-467
-430
-436
-464
-471
-445
-399
-345
-277
-210
-164
-151
-149
-130
-92
-51
-15
18
52
85
118
158
207
260
306
335
348
359
397
480
583
646
639
599
595
658
757
835
861
832
780
754
794
867
899
845
762
741
784
806
745
643
578
547
486
381
281
215
140
25
-90
-140
-148
-201
-327
-459
-540
-581
-626
-674
-699
-715
-752
-800
-810
-788
-796
-859
-916
-898
-828
-770
-743
-706
-648
-607
-597
-564
-470
-356
-284
-248
-184
-72
31
84
120
194
299
384
425
454
503
568
626
672
705
715
699
676
675
686
670
608
528
473
440
386
288
169
73
5
-70
-169
-272
-352
-412
-489
-593
-701
-782
-840
-894
-952
-997
-1019
-1028
-1038
-1054
-1059
-1043
-1003
-945
-881
-830
-789
-718
-579
-387
-232
-168
-137
-24
190
395
491
528
645
863
1057
1124
1126
1195
1358
1507
1559
1531
1486
1463
1472
1505
1495
1373
1192
1124
1222
1275
1064
707
555
687
753
459
36
-73
132
172
-202
-619
-634
-380
-371
-737
-1062
-1025
-849
-903
-1138
-1224
-1110
-1078
-1246
-1383
-1285
-1114
-1110
-1204
-1169
-1018
-969
-1049
-1030
-824
-653
-681
-721
-538
-242
-147
-261
-266
-19
228
235
140
221
445
540
437
371
507
694
728
650
642
727
776
735
698
724
743
696
629
596
568
501
442
444
466
424
329
259
226
163
53
-20
-12
18
-13
-84
-128
-159
-232
-328
-369
-344
-340
-396
-437
-388
-309
-305
-374
-420
-414
-415
-456
-479
-431
-364
-351
-379
-369
-315
-286
-310
-321
-269
-196
-166
-173
-151
-79
6
72
122
167
196
214
253
328
391
401
382
390
424
444
431
426
454
476
451
397
371
382
394
372
334
300
268
231
194
165
125
63
-6
-54
-78
-99
-121
-126
-104
-90
-119
-196
-281
-331
-335
-312
-287
-280
-287
-295
-288
-255
-201
-136
-89
-73
-79
-82
-67
-48
-40
-44
-39
-17
17
47
67
83
99
108
102
83
63
55
49
26
-17
-48
-45
-16
-2
-9
-6
29
67
75
50
30
32
46
59
74
93
97
85
86
125
175
189
159
129
140
168
169
143
133
158
193
196
172
146
124
93
45
-1
-27
-35
-31
-19
-10
-28
-77
-133
-156
-152
-159
-194
-231
-230
-195
-159
-158
-184
-210
-205
-166
-120
-102
-116
-129
-117
-94
-91
-111
-110
-66
-16
-13
-53
-78
-53
-6
15
-10
-48
-65
-53
-36
-28
-27
-20
-7
-4
-23
-48
-52
-26
3
7
-5
-3
36
92
130
130
97
56
33
32
44
51
54
68
91
108
100
82
69
64
61
58
64
75
66
36
18
44
105
149
141
94
45
19
7
1
-3
-4
-9
-23
-33
-16
26
63
65
43
26
21
11
-8
-21
-24
-37
-81
-139
-165
-138
-88
-59
-69
-93
-107
-109
-111
-125
-147
-160
-150
-125
-108
-115
-127
-128
-117
-107
-99
-88
-77
-76
-86
-85
-58
-24
-3
4
19
40
53
51
55
92
150
186
170
122
91
98
122
127
110
102
120
141
129
87
51
45
51
42
25
33
78
125
135
109
87
93
116
120
98
62
43
43
46
44
45
58
78
86
75
57
48
44
31
-2
-44
-73
-70
-42
-21
-32
-68
-104
-118
-117
-121
-134
-144
-146
-151
-162
-172
-160
-123
-76
-39
-21
-21
-27
-38
-50
-58
-54
-38
-20
-16
-27
-31
-10
32
73
97
108
117
124
127
124
114
104
97
93
92
87
75
61
47
35
24
20
29
41
43
33
22
20
15
-6
-32
-47
-44
-32
-27
-26
-24
-19
-14
-12
-13
-12
-14
-14
-14
-17
-18
-9
13
34
36
17
4
10
27
35
27
21
30
49
63
63
49
35
25
28
40
48
39
12
-15
-23
-12
5
10
0
-21
-44
-56
-54
-46
-44
-54
-68
-74
-71
-66
-59
-52
-50
-59
-73
-77
-66
-50
-43
-45
-48
-45
-37
-31
-29
-28
-31
-38
-41
-36
-19
1
14
17
13
6
2
8
16
22
16
1
-13
-19
-20
-19
-20
-20
-9
10
34
58
78
86
76
52
28
13
6
0
-5
-1
13
32
43
44
39
33
31
27
25
21
20
17
20
30
45
56
60
54
41
23
4
-11
-19
-22
-23
-22
-13
3
20
29
24
11
-4
-17
-22
-18
-5
8
6
-16
-46
-62
-61
-56
-61
-69
-66
-54
-42
-42
-48
-51
-54
-60
-71
-77
-77
-74
-72
-67
-50
-25
0
16
26
33
39
40
35
32
35
51
66
74
72
66
65
70
68
58
44
39
46
58
67
68
65
65
67
67
63
56
45
32
23
23
37
56
69
66
52
42
46
57
59
47
27
9
-1
-4
-5
1
8
9
-1
-26
-54
-70
-71
-67
-71
-86
-101
-109
-112
-112
-112
-112
-111
-108
-106
-107
-114
-124
-129
-123
-113
-113
-120
-120
-98
-68
-48
-48
-54
-49
-32
-14
2
16
33
45
45
35
33
52
79
97
101
98
101
105
105
102
104
109
106
96
100
132
168
176
152
140
175
232
248
205
151
148
180
178
111
41
37
87
104
48
-20
-25
20
22
-48
-117
-107
-56
-68
-161
-236
-207
-122
-86
-132
-191
-194
-162
-148
-166
-183
-182
-171
-166
-176
-196
-213
-197
-135
-68
-44
-65
-79
-54
-19
-11
-26
-21
11
37
33
14
10
21
22
16
19
43
75
90
83
67
54
48
50
59
68
71
63
51
43
43
49
62
68
60
39
15
1
1
8
13
10
6
6
9
3
-17
-44
-60
-56
-39
-20
-5
0
-14
-47
-76
-78
-50
-23
-18
-25
-17
9
26
19
5
4
16
29
34
38
40
32
14
-2
-3
9
31
56
82
96
98
94
92
92
86
70
55
49
54
65
71
66
54
44
35
21
-2
-25
-31
-20
-7
-8
-17
-20
-14
-13
-23
-35
-39
-33
-27
-32
-46
-62
-67
-63
-56
-59
-74
-90
-101
-114
-132
-142
-126
-88
-51
-32
-33
-40
-44
-47
-43
-37
-29
-23
-17
-7
-3
-13
-32
-43
-38
-25
-13
-4
9
23
30
31
28
32
41
53
65
74
87
106
127
139
135
119
97
75
54
36
28
35
51
62
54
35
22
30
54
78
85
74
51
26
4
-6
-1
13
21
22
22
28
34
30
22
13
7
-8
-33
-58
-70
-65
-52
-30
-7
15
20
5
-19
-40
-47
-47
-47
-50
-49
-45
-43
-43
-44
-41
-36
-35
-43
-50
-47
-39
-31
-22
-8
10
24
27
20
15
13
9
-2
-12
-18
-15
-15
-22
-35
-43
-42
-31
-18
-6
2
7
9
13
24
41
56
61
54
42
33
28
26
27
28
29
27
27
24
14
-2
-12
-11
2
14
19
17
12
3
-8
-14
-8
5
11
9
-1
-13
-22
-26
-27
-20
-9
-5
-9
-16
-18
-10
-3
0
-6
-10
-3
11
24
28
28
27
31
38
43
47
46
37
26
19
22
32
39
37
24
10
0
-3
-3
3
15
24
29
25
20
13
5
-2
2
17
34
42
39
34
27
19
13
17
28
37
31
16
1
-3
4
15
20
13
-1
-16
-20
-8
12
29
36
31
23
19
19
25
32
43
54
56
42
17
1
0
9
16
14
3
-7
-15
-18
-11
7
30
47
55
59
64
70
66
45
13
-16
-29
-28
-21
-19
-21
-30
-40
-43
-34
-9
18
31
22
7
3
17
39
53
52
37
13
-6
-9
1
5
-13
-53
-96
-122
-120
-93
-57
-31
-20
-12
7
39
64
64
49
36
30
22
5
-14
-19
-17
-22
-40
-59
-62
-51
-45
-51
-61
-54
-27
3
17
14
7
6
10
13
20
38
66
91
100
92
77
65
58
53
47
36
26
21
28
44
63
75
79
80
85
84
69
42
18
5
-4
-15
-20
-7
18
34
21
-13
-46
-59
-61
-60
-55
-46
-31
-19
-18
-21
-22
-22
-27
-38
-48
-48
-36
-19
-7
-6
-14
-28
-38
-39
-27
-9
4
12
14
12
10
7
8
15
31
56
78
83
72
58
53
59
71
79
91
111
133
131
84
7
-43
-20
50
74
4
-98
-120
-49
-1
-73
-195
-221
-118
-23
-61
-176
-211
-118
-23
-42
-133
-172
-134
-109
-159
-223
-208
-115
-37
-39
-86
-100
-53
16
53
39
3
-9
26
81
105
87
70
93
142
161
129
94
105
146
162
134
103
115
152
155
108
56
53
84
105
90
83
117
170
181
125
50
10
15
28
15
-18
-56
-87
-108
-115
-117
-126
-144
-157
-158
-154
-151
-145
-137
-134
-144
-158
-151
-114
-68
-45
-52
-64
-55
-23
11
28
22
7
-2
-12
-29
-49
-43
3
68
107
106
89
89
112
128
120
93
76
76
87
98
114
142
173
188
171
140
120
121
128
123
104
83
65
46
27
18
20
26
26
23
29
33
16
-21
-52
-67
-78
-105
-137
-152
-146
-141
-145
-147
-132
-117
-124
-149
-162
-147
-118
-103
-106
-115
-120
-113
-95
-68
-43
-32
-33
-37
-41
-37
-23
7
47
65
41
-6
-35
-17
26
62
79
91
99
94
70
52
65
99
121
115
102
111
140
158
152
138
136
140
130
92
52
28
28
35
34
26
17
7
-9
-33
-54
-55
-32
-1
17
12
-13
-45
-69
-77
-70
-57
-46
-41
-40
-44
-53
-62
-66
-66
-69
-84
-97
-94
-71
-46
-44
-60
-73
-67
-51
-39
-37
-26
-5
15
27
36
52
74
83
68
42
27
27
30
29
29
40
55
69
75
81
83
76
59
40
31
38
55
77
91
92
77
59
46
39
28
8
-14
-23
-19
-18
-34
-63
-89
-100
-101
-98
-90
-73
-52
-42
-45
-50
-46
-35
-29
-27
-27
-25
-24
-24
-15
11
45
67
62
36
8
-12
-23
-21
0
42
86
101
75
26
-9
-11
15
52
82
92
82
57
34
23
13
0
-10
0
27
48
54
52
53
51
29
-17
-60
-75
-66
-54
-51
-60
-81
-115
-150
-161
-130
-81
-44
-38
-45
-44
-32
-22
-18
-8
6
11
2
-15
-21
-10
13
42
68
81
66
29
-11
-33
-33
-20
9
52
91
100
74
41
34
52
70
82
93
115
140
145
123
88
64
59
65
70
67
60
48
28
-1
-29
-38
-27
-5
15
26
26
13
-10
-33
-39
-20
8
22
6
-34
-77
-108
-119
-112
-93
-73
-67
-83
-108
-122
-111
-84
-62
-58
-64
-75
-85
-93
-92
-80
-60
-39
-25
-16
-16
-24
-34
-33
-13
19
44
50
37
15
1
1
22
53
81
96
93
77
60
55
75
111
142
149
132
107
91
92
101
111
120
132
146
153
146
122
87
53
25
10
6
6
0
-17
-31
-35
-32
-35
-50
-67
-73
-66
-65
-71
-83
-91
-89
-85
-76
-70
-68
-69
-71
-72
-72
-71
-66
-56
-48
-51
-67
-81
-78
-60
-39
-28
-27
-32
-35
-33
-22
-3
16
25
26
20
12
2
-6
-7
2
19
34
39
32
23
19
25
39
55
67
69
60
44
30
23
22
21
21
26
36
47
56
59
54
43
31
24
20
19
16
12
2
-8
-14
-9
0
6
9
12
12
8
-3
-7
-2
9
15
10
-2
-13
-21
-22
-18
-13
-4
4
8
5
-3
-10
-12
-11
-10
-9
-7
-7
-15
-25
-32
-27
-13
3
14
21
22
18
13
15
29
45
53
52
43
33
27
22
16
11
10
11
12
12
12
13
19
28
34
32
21
5
-6
-7
0
5
4
3
3
3
-1
-3
0
8
9
2
-8
-12
-10
-5
-4
-5
-4
-2
2
6
7
3
-3
-8
-5
3
13
26
35
34
23
10
7
9
16
22
32
54
77
84
68
40
14
3
8
18
29
36
35
23
4
-9
-7
4
14
12
1
-13
-22
-24
-19
-12
-4
5
14
17
8
-8
-18
-14
-3
3
1
-7
-19
-36
-52
-54
-41
-22
-8
-1
0
0
-4
-13
-17
-16
-13
-13
-13
-5
7
20
27
30
32
30
23
15
9
10
14
14
18
25
33
35
30
25
24
28
25
17
9
7
10
15
17
18
15
8
4
3
6
11
20
31
35
32
25
25
31
34
30
25
19
15
9
4
5
10
8
-5
-18
-21
-13
-8
-14
-26
-34
-34
-30
-25
-21
-14
-8
-1
-2
-10
-22
-29
-25
-13
-1
3
1
-5
-12
-15
-13
-7
0
6
17
33
46
52
47
45
52
65
77
83
86
85
80
67
54
49
50
51
46
38
34
39
50
58
53
39
21
6
-6
-12
-11
-5
-1
-4
-11
-9
0
11
18
20
20
15
-3
-28
-45
-42
-27
-15
-9
-9
-9
-8
-9
-8
-6
-5
1
14
33
42
27
-11
-49
-64
-48
-18
11
19
9
-5
-14
-10
10
41
70
77
51
10
-27
-45
-47
-36
-15
6
17
14
9
3
-1
-7
-4
12
36
48
39
15
-7
-17
-19
-19
-19
-17
-12
-4
6
12
14
10
8
6
1
-10
-22
-23
-11
11
25
31
30
26
23
19
17
16
22
27
28
28
28
31
31
26
17
12
19
37
54
61
58
51
39
21
-9
-39
-56
-51
-32
-14
-9
-12
-14
-9
-7
-17
-33
-45
-39
-18
7
23
25
16
2
-10
-17
-17
-4
21
46
57
44
15
-15
-39
-53
-62
-63
-56
-43
-27
-16
-8
-3
2
7
15
21
25
22
11
2
2
16
33
40
32
12
-7
-14
-11
0
9
18
18
10
-7
-31
-51
-53
-35
-7
16
29
33
36
40
40
34
28
24
19
11
-2
-13
-14
-6
7
20
31
30
15
-9
-25
-28
-23
-16
-10
0
13
17
10
-2
-6
7
26
47
62
63
47
19
-7
-18
-17
-2
17
35
39
22
-9
-33
-39
-30
-18
-11
-4
4
6
1
-8
-15
-19
-20
-20
-17
-14
-10
-1
6
13
12
8
5
7
14
20
25
27
30
35
38
42
44
38
24
4
-11
-18
-11
1
10
8
-5
-27
-45
-50
-40
-19
0
13
20
21
15
6
-3
-4
-1
1
1
-2
-7
-13
-22
-25
-19
-8
1
2
0
1
1
4
11
27
41
46
41
36
40
47
49
46
45
54
59
50
26
3
-16
-27
-33
-30
-17
2
12
8
-3
-12
-15
-13
-9
-2
7
13
10
-2
-21
-34
-37
-27
-14
-5
-2
0
1
0
-8
-13
-15
-12
-5
-4
-2
2
6
8
6
6
9
14
17
17
15
11
9
15
28
43
50
44
33
26
27
31
34
32
27
20
12
4
-1
5
15
23
24
20
18
20
23
23
25
24
20
9
-4
-15
-22
-27
-26
-17
0
15
23
18
6
-10
-17
-14
-1
13
17
9
-6
-20
-27
-23
-9
10
28
37
31
18
3
-3
-7
-5
2
15
27
29
14
-9
-19
-11
2
11
13
12
11
9
13
23
38
46
38
31
34
47
56
59
59
59
52
37
27
39
62
77
69
48
28
13
0
-3
13
40
57
52
29
10
1
1
3
3
0
-14
-35
-53
-58
-46
-26
-12
-13
-29
-49
-65
-70
-60
-42
-23
-15
-20
-31
-36
-29
-14
4
17
25
28
24
18
9
0
-5
-10
-9
-9
-12
-20
-27
-24
-13
-1
12
27
42
52
47
31
14
4
3
10
21
35
48
56
55
