9
4
3
5
6
10
16
23
26
25
24
24
24
25
25
24
24
24
25
25
24
24
26
26
24
20
17
14
15
21
30
34
32
27
21
18
13
7
4
5
6
7
9
13
18
22
23
24
20
15
7
4
4
6
5
7
11
16
17
15
14
14
15
9
2
-4
-4
4
11
19
25
28
29
24
16
10
7
6
5
5
8
11
11
8
5
4
8
8
6
4
3
6
9
10
11
14
16
11
2
-5
-6
-3
0
5
10
16
20
23
26
25
19
8
-1
-6
-8
-5
4
13
21
26
28
31
32
27
20
13
6
3
1
6
14
23
27
25
21
16
11
6
3
5
11
18
22
24
24
24
24
21
15
7
0
-3
-2
6
16
27
33
35
31
24
15
10
7
10
13
14
17
23
29
30
26
21
18
14
7
4
4
6
10
16
22
25
26
25
23
21
17
14
14
15
19
22
26
31
34
29
21
13
8
1
-1
3
13
22
27
28
28
25
18
10
4
2
-1
-2
0
7
16
23
29
31
29
22
14
5
0
-2
1
6
13
18
21
23
23
22
18
16
13
10
8
6
3
3
7
14
16
15
14
13
15
14
14
14
14
15
14
16
22
26
26
21
15
9
4
3
6
14
22
27
29
29
26
20
13
8
5
4
3
5
10
19
26
32
36
37
33
23
12
6
1
-2
-2
1
7
17
22
24
24
22
17
8
2
3
7
8
10
14
20
22
18
13
7
6
5
4
6
11
17
22
26
26
21
15
8
3
-3
-3
1
10
19
27
31
32
30
26
18
8
-2
-7
-10
-7
1
14
24
30
31
26
18
10
4
2
3
5
7
11
17
23
25
22
16
11
12
15
16
16
14
13
13
14
15
17
19
23
26
24
18
14
14
21
26
26
25
23
20
17
11
6
4
4
7
12
19
24
27
24
21
16
13
11
13
14
15
14
13
14
15
15
14
15
20
24
26
25
24
24
25
25
25
25
24
24
26
29
30
30
25
19
15
13
15
16
16
15
16
16
16
15
15
16
16
15
14
16
17
19
22
25
27
27
23
18
13
7
3
4
13
21
24
25
24
24
20
12
5
3
3
4
8
14
21
25
26
26
25
20
13
5
4
4
6
9
13
20
26
27
25
20
13
7
2
2
6
8
10
13
17
18
17
13
11
6
2
4
9
15
16
15
14
16
16
14
14
15
16
14
15
16
17
19
23
27
25
20
13
11
12
10
7
9
18
24
26
25
23
20
16
8
5
5
9
16
22
25
25
25
26
27
27
24
23
19
15
13
14
17
19
19
21
25
25
18
11
12
17
21
22
23
26
28
25
24
23
19
14
11
14
18
18
15
13
18
24
24
18
13
9
5
3
4
6
6
10
17
23
27
25
23
21
15
8
3
3
6
11
17
23
26
26
21
15
10
4
2
4
9
11
14
15
17
17
20
23
22
16
6
3
5
8
12
16
24
28
27
21
16
11
4
1
4
10
17
22
28
34
33
24
12
3
-4
-4
-3
3
9
14
21
26
28
24
18
12
5
-1
-3
-2
4
11
18
27
32
32
27
19
9
-1
-9
-10
-1
14
26
32
37
39
35
25
12
1
-4
-4
-2
4
10
17
25
30
30
23
14
6
1
-2
-1
3
10
16
24
29
33
30
24
16
9
0
-5
-5
2
11
20
29
36
40
35
27
17
9
0
-6
-3
5
17
28
37
41
38
25
13
2
-4
-7
-6
3
15
25
31
32
31
28
23
14
7
0
-2
1
6
14
24
34
38
36
28
18
9
-2
-9
-11
-5
8
23
35
42
45
38
26
12
-1
-9
-12
-5
6
17
28
32
32
27
19
10
0
-6
-7
-2
5
13
21
25
27
26
22
18
10
2
-4
-3
4
14
24
35
42
42
33
19
7
-2
-5
-9
-5
3
14
28
39
41
37
24
10
-4
-17
-22
-18
-6
7
17
28
36
39
32
19
6
-3
-9
-11
-7
3
13
22
29
33
32
25
13
0
-7
-5
0
4
10
20
33
41
42
34
21
7
-6
-14
-17
-12
-1
16
29
36
35
28
19
10
1
-7
-9
-7
0
9
18
27
33
34
29
23
17
10
3
-2
1
9
20
31
37
38
35
29
22
14
7
0
-2
2
11
22
33
41
43
39
29
18
8
3
0
1
4
10
14
19
24
29
31
29
21
13
9
8
9
14
19
25
27
26
24
21
17
8
-3
-9
-10
-4
5
15
25
32
34
27
19
7
0
-5
-5
-3
4
13
23
27
27
26
23
17
9
1
-3
-3
-1
3
11
21
29
32
29
21
12
2
-3
-3
1
9
19
26
31
31
28
23
15
6
0
-2
1
5
12
21
28
31
31
27
23
17
12
8
7
8
10
14
21
27
32
32
27
18
10
3
1
5
13
25
35
39
40
37
30
17
3
-5
-7
-9
-7
1
14
26
30
32
32
28
21
11
3
-3
-6
-5
1
9
17
21
27
31
32
29
23
16
11
8
9
15
21
26
26
25
23
17
9
-1
-7
-8
-5
3
12
20
28
33
37
37
31
18
3
-11
-20
-24
-28
-27
-19
-2
17
33
41
46
46
37
24
9
-2
-7
-7
-4
2
10
17
22
25
26
24
21
16
14
14
16
18
20
27
34
39
36
28
18
6
-5
-15
-20
-14
-3
9
22
33
39
36
26
15
5
-3
-9
-10
-5
2
10
18
26
34
36
31
24
17
12
5
-2
-3
4
14
25
33
37
37
31
19
7
-2
-7
-10
-9
-1
11
22
29
35
38
36
29
20
14
12
8
4
3
3
6
4
4
4
5
4
6
10
17
23
26
27
29
31
28
22
16
13
9
5
4
6
11
14
15
16
16
16
15
16
16
17
18
21
26
28
25
19
12
3
-5
-10
-9
-1
10
19
28
35
40
38
30
19
9
-1
-8
-10
-5
4
14
20
26
31
32
25
14
6
1
1
3
12
22
33
37
37
33
25
12
-2
-13
-17
-17
-11
0
19
39
52
57
56
47
31
11
-5
-14
-13
-8
-2
6
16
29
38
42
35
25
15
7
0
-4
-3
4
16
26
30
33
33
26
15
2
-7
-13
-10
-3
10
23
35
45
47
42
29
13
-1
-11
-14
-14
-8
0
11
22
30
36
38
36
30
21
10
3
0
-1
0
4
10
15
14
12
12
13
13
9
4
3
4
6
6
11
18
23
26
25
22
19
11
2
-4
-4
-1
0
2
8
17
28
34
39
40
36
28
17
6
-1
-7
-9
-8
-1
6
13
20
28
35
34
27
14
2
-5
-7
-4
5
18
28
35
37
37
31
22
14
8
3
-3
-4
0
11
22
32
38
41
37
29
20
12
5
-1
-3
-1
8
18
26
32
35
32
25
14
5
1
0
1
2
9
17
21
24
25
25
22
15
7
0
-3
-2
1
4
8
12
18
24
26
25
23
25
25
25
23
20
18
15
13
13
15
18
21
26
32
33
29
24
16
10
3
-2
-2
1
7
13
20
26
29
27
20
13
6
2
-1
1
8
16
25
31
32
30
23
14
5
-5
-13
-15
-11
-1
12
27
42
49
47
38
30
20
11
0
-6
-4
3
8
15
24
34
39
34
24
16
9
2
-3
-3
6
17
26
31
34
33
27
16
4
-4
-9
-7
-3
9
23
36
44
44
42
36
26
11
2
-3
-3
2
8
16
23
28
29
27
25
20
13
7
4
4
8
14
19
25
26
26
22
15
7
2
-1
-2
1
8
17
24
29
29
24
16
6
-2
-5
-7
-6
-1
8
17
25
30
32
31
26
18
9
4
0
-1
-1
2
6
11
14
15
16
16
12
7
4
4
7
7
7
9
12
17
19
15
14
13
9
2
-2
-1
3
5
5
6
10
15
15
14
13
14
15
15
13
10
7
4
2
4
5
5
6
10
15
16
14
13
16
17
18
21
27
35
38
35
31
30
25
19
13
10
9
8
8
6
6
5
11
16
18
17
18
20
17
9
2
2
6
7
4
2
5
6
5
3
4
5
5
4
4
6
9
13
17
22
23
23
19
13
9
7
5
5
9
17
25
29
30
29
28
24
15
5
0
-3
-5
-6
-2
5
14
19
23
25
27
28
24
19
15
10
5
3
3
6
6
5
6
13
17
17
14
14
19
23
24
24
26
27
26
25
22
19
16
12
14
18
17
14
14
17
22
25
24
26
26
25
21
17
11
6
-1
-3
-2
0
3
5
9
13
15
15
15
15
17
21
26
29
30
30
29
25
19
13
12
11
9
5
4
9
18
25
26
22
20
17
13
5
-2
-4
-1
3
9
15
18
21
22
20
13
6
1
-1
0
0
5
15
23
28
26
22
18
12
5
0
0
4
10
18
24
26
26
25
24
22
18
14
13
14
17
19
24
29
31
31
29
23
15
7
2
1
3
5
11
18
29
33
32
26
20
12
2
-8
-11
-7
0
6
13
20
28
29
25
22
22
18
9
2
1
6
9
10
13
21
27
27
23
20
17
12
5
4
7
15
24
31
37
39
33
23
12
5
1
-3
-3
3
10
14
13
9
7
6
2
-5
-5
-2
3
7
11
17
25
26
24
22
22
21
17
10
4
2
4
7
12
19
29
36
38
32
23
15
11
6
3
4
12
20
23
25
23
19
12
6
3
2
4
5
5
4
7
10
12
10
5
1
2
4
3
1
-3
-2
2
4
10
17
26
29
29
24
21
20
21
22
22
26
27
27
25
24
24
25
26
24
23
23
21
17
14
14
15
15
15
15
15
15
16
14
12
6
1
-3
0
6
12
17
21
22
19
15
13
10
6
2
2
4
5
4
5
7
11
14
15
18
20
24
23
18
14
11
14
21
26
30
31
30
25
19
11
7
3
1
1
5
12
19
24
25
24
23
22
19
13
4
-1
-5
-1
1
6
13
19
23
25
28
28
23
15
11
14
17
18
19
23
27
28
25
23
23
23
19
15
18
26
32
31
28
29
29
26
19
14
15
16
16
14
15
16
20
21
23
20
14
8
7
5
5
4
5
6
10
14
16
14
9
3
-2
-2
-2
1
6
11
15
15
13
13
12
13
13
14
13
13
14
14
12
9
5
3
3
4
4
4
3
0
-1
2
7
10
11
8
8
9
8
5
0
-1
-1
1
2
7
13
22
25
26
24
21
18
14
12
15
20
24
26
28
32
33
31
26
24
25
23
16
12
14
19
24
25
25
25
25
21
12
6
3
4
10
18
25
29
32
32
28
23
16
12
9
6
0
-2
1
9
18
25
30
32
30
23
18
15
11
8
9
15
21
23
23
22
19
11
3
-1
-1
2
6
14
24
33
35
32
27
23
17
7
2
0
0
0
-1
3
12
21
24
22
20
21
21
17
12
11
8
3
-1
2
13
19
14
4
3
14
27
33
30
28
29
32
32
25
15
6
-1
-4
-4
0
8
17
27
33
36
34
31
22
10
-4
-10
-9
-1
8
15
22
28
31
28
20
7
-6
-18
-21
-15
-5
6
19
36
49
53
49
39
28
15
1
-7
-9
-6
0
9
19
25
27
27
27
25
16
6
3
12
24
31
36
39
41
37
24
9
-5
-12
-14
-10
0
12
22
31
42
46
45
34
20
9
0
-4
-4
-1
5
13
21
27
29
25
20
13
9
4
2
5
10
16
24
32
35
32
24
16
10
5
-2
-3
4
13
18
23
29
33
30
23
16
10
6
1
-1
2
9
15
22
27
27
23
18
16
11
5
1
4
11
19
23
26
26
25
24
23
25
26
27
29
31
30
26
24
24
25
22
15
10
6
7
10
17
25
31
37
38
37
33
29
23
18
9
-1
-10
-14
-14
-14
-13
-11
-9
-2
9
23
34
40
43
45
44
34
18
-1
-13
-22
-28
-32
-32
-27
-16
-3
10
20
26
28
27
23
16
9
6
7
8
13
23
34
35
27
11
-6
-21
-34
-38
-31
-14
6
26
46
64
71
65
44
21
0
-16
-29
-37
-39
-32
-15
8
26
35
34
26
15
-2
-22
-41
-52
-47
-32
-13
5
17
27
31
36
37
32
30
41
72
123
184
224
222
171
86
-1
-72
-134
-206
-279
-312
-264
-143
-3
107
183
256
325
351
303
192
70
-33
-119
-189
-224
-208
-157
-105
-67
-31
13
48
55
38
21
11
-3
-20
-23
3
42
67
71
71
79
75
41
-13
-68
-108
-142
-166
-167
-137
-88
-44
-6
40
103
168
204
191
142
77
13
-55
-135
-214
-258
-236
-158
-55
41
119
179
210
190
113
-2
-124
-225
-295
-328
-311
-233
-108
22
117
157
159
144
113
57
-26
-116
-176
-185
-151
-100
-57
-39
-45
-69
-102
-140
-174
-188
-154
-36
205
595
1082
1479
1523
1083
351
-267
-511
-550
-795
-1384
-1924
-1840
-1003
82
754
833
711
845
1250
1519
1288
602
-161
-645
-761
-655
-514
-427
-390
-359
-289
-147
47
192
151
-106
-416
-526
-311
118
502
652
588
496
556
755
869
653
93
-538
-930
-1023
-993
-988
-937
-698
-286
115
381
571
782
944
865
491
37
-192
-119
29
-18
-249
-385
-204
174
376
167
-294
-618
-573
-313
-167
-273
-437
-366
5
459
731
751
649
552
473
342
116
-157
-374
-456
-432
-402
-406
-363
-190
41
159
114
53
116
236
228
48
-160
-248
-221
-154
-71
48
184
284
329
332
270
105
-136
-360
-503
-591
-656
-650
-502
-236
23
169
207
222
263
296
243
65
-170
-338
-345
-229
-110
-66
-83
-118
-192
-356
-615
-883
-1015
-872
-382
405
1342
2301
3188
3794
3716
2659
889
-835
-1971
-2761
-3801
-5069
-5622
-4527
-1985
706
2357
2916
3227
3893
4570
4406
3040
1015
-777
-1859
-2328
-2424
-2211
-1728
-1207
-893
-743
-542
-286
-279
-747
-1490
-2000
-1873
-1050
195
1428
2302
2814
3270
3855
4245
3801
2216
-94
-2349
-4034
-5120
-5734
-5799
-5084
-3570
-1624
247
1782
3040
4031
4466
4008
2797
1526
819
619
343
-358
-1135
-1353
-838
-140
3
-630
-1591
-2243
-2350
-2177
-2065
-1970
-1494
-357
1213
2635
3485
3791
3813
3644
3107
2061
675
-653
-1652
-2355
-2924
-3363
-3449
-2979
-2022
-924
-26
589
1085
1609
2063
2175
1808
1131
463
-20
-371
-677
-901
-955
-847
-691
-583
-526
-480
-421
-361
-312
-278
-226
-104
102
304
371
279
152
121
142
26
-338
-831
-1183
-1204
-918
-524
-247
-219
-417
-710
-978
-1168
-1236
-1010
-244
1156
3000
4948
6672
7760
7590
5650
2212
-1517
-4312
-6012
-7414
-8922
-9605
-8051
-4121
514
3868
5434
6227
7204
8066
7746
5735
2622
-517
-2903
-4268
-4659
-4319
-3614
-2856
-2124
-1331
-478
210
406
-66
-1025
-1942
-2188
-1442
57
1681
2884
3585
4115
4761
5304
5036
3378
530
-2554
-4951
-6436
-7274
-7526
-6840
-5014
-2462
91
2237
4009
5401
6075
5656
4262
2544
1203
449
-76
-850
-1856
-2481
-2153
-1104
-327
-606
-1671
-2507
-2482
-1964
-1710
-1868
-1785
-796
1020
2931
4257
4832
4863
4527
3794
2550
839
-1056
-2720
-3889
-4611
-5020
-5002
-4221
-2601
-630
1021
2120
2903
3527
3759
3321
2312
1103
-51
-1089
-1916
-2356
-2368
-2125
-1804
-1421
-939
-426
-18
210
274
227
136
84
104
133
108
58
48
77
78
40
22
42
2
-182
-447
-627
-617
-467
-333
-366
-621
-1038
-1472
-1764
-1773
-1346
-359
1192
3145
5307
7443
8984
8948
6611
2505
-1631
-4318
-5722
-7142
-9096
-10367
-9244
-5488
-701
3178
5424
6599
7445
7988
7636
5929
3115
44
-2442
-3973
-4596
-4462
-3746
-2753
-1825
-1065
-341
326
595
155
-822
-1764
-2182
-1912
-1016
310
1726
2918
3867
4746
5442
5391
4107
1778
-903
-3385
-5515
-7131
-7771
-7033
-5111
-2762
-652
1122
2821
4481
5648
5732
4604
2805
1161
135
-436
-1004
-1704
-2150
-1886
-1008
-206
-113
-696
-1395
-1782
-1931
-2100
-2247
-2024
-1180
163
1644
2946
3936
4591
4848
4553
3581
2050
360
-1111
-2305
-3414
-4459
-5061
-4786
-3636
-2096
-661
550
1645
2588
3135
3126
2690
2037
1205
178
-844
-1499
-1675
-1663
-1766
-1875
-1643
-1034
-454
-273
-398
-470
-355
-227
-212
-175
50
387
627
720
786
842
713
281
-279
-705
-976
-1249
-1505
-1476
-1039
-499
-284
-467
-794
-1082
-1266
-1064
25
2189
4951
7516
9195
9384
7576
3984
-40
-2982
-4704
-6445
-8946
-11066
-10850
-7732
-3169
901
3670
5523
7027
8210
8602
7681
5348
2181
-855
-3061
-4346
-4926
-4902
-4309
-3368
-2392
-1473
-541
248
485
-28
-927
-1566
-1543
-879
160
1284
2302
3222
4169
5078
5502
4906
3172
707
-1957
-4489
-6633
-7980
-8105
-6960
-4972
-2684
-372
1944
4174
5932
6678
6127
4579
2799
1450
566
-339
-1548
-2638
-2889
-2168
-1188
-772
-1030
-1449
-1647
-1750
-2014
-2353
-2393
-1861
-761
717
2317
3757
4781
5236
5069
4305
3063
1580
95
-1300
-2662
-3982
-5024
-5406
-4903
-3704
-2309
-1103
-44
1137
2411
3322
3475
3003
2340
1679
887
-59
-898
-1435
-1800
-2146
-2313
-2071
-1572
-1239
-1214
-1197
-897
-401
35
337
592
819
982
1123
1261
1230
838
208
-264
-383
-397
-644
-1091
-1373
-1246
-837
-468
-384
-654
-1177
-1668
-1713
-995
487
2502
4833
7267
9242
9697
7772
3843
-398
-3360
-5056
-6827
-9370
-11465
-11083
-7666
-2831
1266
3884
5783
7703
9260
9414
7680
4638
1363
-1424
-3548
-4988
-5572
-5202
-4190
-3066
-2069
-1040
66
831
757
-95
-1111
-1700
-1677
-1107
-90
1186
2444
3536
4529
5378
5681
4969
3214
814
-1856
-4590
-7026
-8469
-8372
-6876
-4706
-2487
-308
2007
4347
6155
6800
6096
4478
2676
1197
53
-1023
-2089
-2813
-2807
-2124
-1316
-917
-959
-1097
-1141
-1280
-1687
-2124
-2123
-1503
-491
655
1893
3204
4342
4977
4946
4300
3189
1853
555
-651
-2038
-3808
-5566
-6477
-6074
-4723
-3156
-1687
-98
1773
3615
4844
5094
4405
3083
1503
-3
-1230
-2147
-2813
-3233
-3297
-2895
-2065
-1048
-177
325
507
617
812
942
748
241
-209
-272
-42
113
26
-85
47
401
698
690
330
-246
-792
-1080
-1095
-1141
-1575
-2337
-2819
-2274
-427
2356
5417
8160
10016
10237
8195
4166
-369
-3739
-5624
-7238
-9580
-11692
-11304
-7432
-1832
2601
4703
5757
7370
9314
9876
7965
4286
472
-2395
-4190
-5153
-5408
-5031
-4203
-3100
-1798
-422
683
1093
638
-423
-1535
-2155
-2010
-1190
-11
1237
2469
3738
4975
5851
5931
4985
3139
700
-2060
-4871
-7249
-8529
-8315
-6865
-4860
-2750
-470
2143
4774
6649
7131
6228
4553
2860
1546
483
-664
-1921
-2790
-2751
-1901
-951
-491
-473
-526
-586
-909
-1530
-2039
-2022
-1508
-792
43
1154
2558
3936
4910
5330
5207
4494
3111
1155
-1074
-3270
-5239
-6748
-7440
-7046
-5671
-3713
-1507
798
2983
4609
5306
5116
4373
3244
1671
-237
-2006
-3162
-3643
-3660
-3296
-2476
-1316
-217
488
812
908
790
407
-87
-422
-539
-644
-810
-776
-293
445
949
972
735
568
535
486
284
-115
-676
-1268
-1714
-2010
-2294
-2435
-1791
258
3550
7112
9824
10866
9732
6472
2132
-1647
-4085
-6024
-8606
-11305
-12029
-9439
-4616
4
2992
4797
6466
8168
9092
8439
6163
2915
-441
-3190
-4861
-5281
-4695
-3738
-3001
-2478
-1631
-197
1214
1619
731
-740
-1869
-2267
-2019
-1250
-101
1134
2235
3322
4555
5564
5599
4334
2208
-156
-2555
-4940
-6847
-7578
-6955
-5532
-3924
-2167
30
2583
4825
6008
5901
4874
3550
2374
1369
268
-1075
-2323
-2840
-2345
-1318
-574
-447
-537
-386
-130
-267
-870
-1407
-1398
-966
-485
54
970
2281
3556
4429
4891
4948
4277
2607
217
-2222
-4251
-5751
-6602
-6590
-5738
-4357
-2620
-426
2096
4242
5307
5290
4696
3713
2115
-15
-1974
-3152
-3652
-3860
-3676
-2688
-1022
516
1306
1532
1690
1775
1372
386
-685
-1314
-1485
-1510
-1510
-1309
-755
49
886
1568
1943
1902
1503
973
452
-192
-1136
-2260
-3168
-3516
-3151
-1966
150
3086
6366
9284
11024
10713
7885
3271
-1250
-4201
-5985
-8159
-10989
-12508
-10636
-5804
-665
2731
4661
6465
8421
9487
8763
6414
3241
-44
-2899
-4828
-5609
-5496
-4932
-4050
-2710
-983
605
1429
1312
602
-271
-1131
-1911
-2324
-1963
-788
745
2170
3432
4598
5365
5219
4074
2355
369
-1986
-4634
-6803
-7590
-6929
-5555
-4041
-2295
-82
2335
4341
5465
5535
4622
3145
1789
928
233
-811
-2001
-2497
-1887
-803
-193
-273
-498
-442
-286
-412
-874
-1404
-1726
-1678
-1129
-55
1319
2577
3435
3931
4209
4175
3473
1862
-419
-2741
-4545
-5610
-5933
-5520
-4424
-2878
-1175
554
2282
3759
4490
4201
3161
1882
600
-766
-2180
-3279
-3679
-3326
-2443
-1289
-88
941
1652
2060
2222
2060
1457
502
-487
-1245
-1738
-2015
-2013
-1631
-907
-42
761
1355
1627
1538
1170
638
-30
-844
-1693
-2343
-2621
-2431
-1625
7
2494
5518
8437
10342
10210
7533
3118
-1165
-4004
-5919
-8311
-11212
-12673
-10835
-6165
-1050
2624
4897
6792
8634
9691
9161
7021
3923
608
-2406
-4739
-6059
-6232
-5513
-4384
-3145
-1775
-300
867
1232
786
24
-626
-1119
-1449
-1365
-655
512
1804
3112
4382
5216
5080
3917
2200
239
-2102
-4763
-6954
-7705
-6890
-5315
-3783
-2351
-588
1690
4043
5669
5959
4953
3362
2031
1240
567
-480
-1751
-2513
-2247
-1264
-429
-277
-549
-666
-499
-453
-799
-1228
-1224
-681
119
998
1993
2954
3432
3169
2467
1786
1145
222
-1058
-2352
-3325
-3927
-4132
-3764
-2784
-1550
-491
372
1303
2291
2902
2771
2001
979
-4
-813
-1362
-1671
-1912
-2166
-2168
-1547
-369
771
1363
1482
1523
1573
1320
553
-463
-1241
-1529
-1414
-1075
-646
-235
64
251
396
483
382
33
-431
-801
-1037
-1258
-1474
-1419
-685
970
3471
6439
9168
10604
9743
6486
2089
-1674
-4113
-6138
-8791
-11460
-12128
-9604
-5019
-709
2136
4181
6448
8735
9846
9000
6565
3496
536
-1977
-3851
-4954
-5325
-5136
-4477
-3346
-1891
-577
96
24
-429
-822
-1004
-1038
-932
-583
80
1054
2321
3735
4858
5185
4664
3726
2587
809
-2045
-5388
-7722
-8015
-6661
-4903
-3524
-2337
-747
1473
3909
5710
6112
5083
3485
2328
1762
1080
-186
-1505
-1980
-1516
-910
-794
-964
-923
-707
-762
-1171
-1478
-1335
-953
-667
-345
436
1729
3065
3973
4322
4102
3189
1604
-234
-1813
-3018
-4026
-4782
-4868
-4060
-2680
-1252
14
1172
2149
2699
2711
2304
1567
498
-727
-1667
-2001
-1870
-1627
-1336
-777
82
873
1208
1087
766
387
-82
-588
-895
-866
-642
-457
-311
5
551
1053
1171
902
593
482
397
-27
-869
-1827
-2556
-2926
-2860
-2131
-533
1822
4554
7292
9570
10524
9206
5630
1243
-2236
-4489
-6640
-9381
-11566
-11243
-7964
-3437
277
2714
4792
7063
8800
8899
7163
4413
1622
-724
-2519
-3715
-4271
-4231
-3691
-2763
-1620
-562
95
197
-179
-802
-1431
-1885
-2072
-1928
-1354
-254
1319
3050
4494
5331
5482
5013
3952
2241
-118
-2838
-5285
-6751
-6908
-6022
-4689
-3321
-1895
-166
1917
3961
5269
5310
4246
2913
2089
1719
1117
-20
-1089
-1339
-905
-648
-1007
-1490
-1448
-972
-665
-811
-1145
-1320
-1195
-680
284
1450
2313
2649
2739
2869
2807
2127
858
-509
-1666
-2727
-3751
-4370
-4162
-3225
-2062
-994
44
1127
2041
2483
2395
1949
1279
402
-606
-1495
-1994
-2037
-1760
-1303
-683
98
898
1462
1628
1447
1045
463
-296
-1093
-1644
-1751
-1463
-964
-365
283
874
1267
1416
1366
1081
416
-617
-1698
-2456
-2797
-2775
-2197
-651
1951
5069
7891
9771
10180
8622
5141
845
-2779
-5303
-7593
-10181
-11888
-10855
-6917
-2112
1456
3656
5696
7986
9424
8846
6417
3276
327
-2136
-3939
-4800
-4717
-4126
-3405
-2491
-1212
114
786
461
-436
-1208
-1599
-1812
-1924
-1623
-626
869
2386
3651
4605
5049
4648
3400
1758
64
-1846
-4163
-6355
-7363
-6649
-4802
-2918
-1548
-405
1045
2850
4417
4980
4301
2965
1909
1486
1155
275
-953
-1650
-1386
-745
-582
-999
-1437
-1556
-1571
-1674
-1608
-1110
-418
63
458
1278
2554
3537
3558
2846
2132
1634
881
-429
-1897
-2941
-3478
-3759
-3772
-3233
-2119
-831
275
1176
1904
2277
2121
1569
890
156
-684
-1498
-2009
-2113
-1925
-1506
-806
62
751
1053
1114
1124
985
498
-216
-777
-989
-989
-930
-763
-408
29
356
537
655
723
624
266
-292
-906
-1487
-2000
-2298
-2006
-698
1696
4715
7616
9685
10260
8776
5297
922
-2864
-5556
-7911
-10485
-12242
-11392
-7588
-2630
1374
4023
6307
8693
10264
9870
7522
4274
1091
-1683
-3893
-5210
-5442
-4892
-4086
-3240
-2240
-1154
-399
-294
-659
-1037
-1211
-1257
-1173
-744
167
1396
2667
3813
4683
4982
4480
3291
1708
-200
-2559
-5182
-7336
-8209
-7556
-5806
-3646
-1596
164
1774
3426
4968
5812
5487
4243
2906
1980
1167
-63
-1575
-2587
-2581
-1922
-1388
-1307
-1367
-1214
-919
-759
-766
-726
-505
-120
465
1361
2442
3279
3532
3288
2795
2011
694
-1040
-2621
-3600
-4088
-4393
-4421
-3749
-2303
-608
750
1696
2466
3033
3045
2319
1133
-68
-1065
-1842
-2330
-2393
-2017
-1351
-542
279
884
1034
779
477
366
239
-207
-847
-1202
-1046
-651
-332
-25
455
934
1003
587
51
-298
-563
-982
-1535
-2002
-2188
-1855
-610
1759
4877
7910
10128
11022
10051
6912
2305
-2123
-5213
-7377
-9644
-11753
-12029
-9405
-4925
-687
2320
4677
7085
9182
10017
9138
6862
3792
537
-2251
-4055
-4867
-5132
-5154
-4748
-3670
-2236
-1199
-953
-1158
-1284
-1264
-1344
-1433
-1048
16
1348
2489
3500
4625
5592
5728
4799
3260
1500
-706
-3626
-6703
-8755
-9038
-7817
-5831
-3614
-1385
735
2712
4526
5895
6244
5353
3904
2878
2394
1610
38
-1567
-2098
-1617
-1287
-1804
-2559
-2662
-2223
-2007
-2172
-2044
-1207
-71
840
1661
2737
3824
4304
4039
3466
2810
1779
192
-1544
-2892
-3795
-4453
-4792
-4498
-3543
-2252
-878
540
1857
2691
2816
2437
1901
1240
271
-930
-1925
-2325
-2155
-1706
-1150
-459
328
945
1136
910
476
-36
-634
-1239
-1604
-1538
-1126
-616
-140
310
720
996
1086
993
687
152
-485
-1008
-1392
-1807
-2230
-2211
-1250
679
3172
5879
8523
10412
10399
7850
3523
-938
-4487
-7311
-9889
-11809
-11935
-9710
-5870
-1797
1656
4492
6983
8996
9946
9314
7160
4147
1124
-1365
-3175
-4330
-4837
-4750
-4225
-3425
-2450
-1512
-971
-1023
-1365
-1455
-1133
-740
-542
-265
578
2050
3690
4971
5634
5642
5036
3878
2170
-174
-3109
-6116
-8282
-8905
-8014
-6243
-4291
-2455
-567
1671
4148
6096
6647
5772
4440
3583
3076
2071
296
-1457
-2240
-2017
-1558
-1490
-1797
-2155
-2376
-2388
-2084
-1452
-727
-172
322
1157
2455
3719
4279
3986
3243
2395
1360
-23
-1553
-2825
-3688
-4259
-4515
-4202
-3246
-1980
-766
373
1501
2350
2518
2060
1491
1073
473
-613
-1786
-2288
-1941
-1323
-938
-641
-79
590
866
612
225
38
-104
-481
-977
-1203
-999
-565
-126
274
628
811
714
370
-118
-678
-1208
-1570
-1761
-1929
-2014
-1518
94
2775
5876
8670
10545
10765
8651
4501
-142
-3758
-6321
-8842
-11414
-12494
-10681
-6627
-2438
641
3144
5903
8484
9661
8950
7001
4619
2071
-511
-2653
-3878
-4276
-4312
-4149
-3539
-2431
-1363
-977
-1319
-1851
-2113
-2097
-1933
-1477
-508
845
2170
3280
4342
5363
5882
5461
4242
2670
764
-1839
-4989
-7648
-8765
-8243
-6798
-5046
-3122
-1036
1090
3136
4923
6006
5930
4920
3848
3215
2541
1193
-496
-1510
-1503
-1250
-1536
-2175
-2483
-2324
-2170
-2240
-2160
-1573
-654
240
1105
2163
3306
4042
4042
3473
2687
1770
582
-857
-2270
-3381
-4101
-4410
-4232
-3550
-2534
-1395
-213
983
1973
2421
2234
1713
1186
630
-180
-1192
-1941
-2004
-1450
-720
-140
304
726
1070
1148
861
275
-469
-1208
-1750
-1953
-1815
-1420
-798
46
939
1538
1647
1392
976
383
-494
-1510
-2327
-2777
-2875
-2439
-1065
1356
4345
7219
9449
10389
9165
5549
788
-3280
-6098
-8635
-11383
-12933
-11433
-7119
-2337
1053
3391
5941
8682
10219
9566
7203
4300
1542
-930
-2932
-4142
-4525
-4408
-4016
-3232
-2005
-790
-267
-629
-1353
-1817
-1923
-1936
-1860
-1311
-71
1557
3101
4380
5397
5966
5822
4956
3515
1410
-1518
-4840
-7462
-8539
-8216
-7206
-5864
-4052
-1723
803
3131
4994
6070
6084
5243
4210
3366
2379
885
-683
-1448
-1257
-943
-1252
-1937
-2235
-1972
-1706
-1852
-2136
-2034
-1400
-432
726
2044
3309
4160
4423
4233
3696
2678
1069
-844
-2540
-3739
-4524
-5000
-5036
-4452
-3289
-1761
-69
1571
2802
3290
3056
2481
1866
1131
81
-1141
-2054
-2301
-1942
-1281
-549
146
700
1001
1009
749
223
-531
-1288
-1694
-1581
-1127
-619
-132
423
986
1308
1268
1018
694
164
-737
-1833
-2700
-3080
-2935
-2122
-325
2498
5813
8761
10530
10432
8092
4004
-371
-3729
-6173
-8691
-11255
-12166
-9949
-5440
-1111
1635
3632
6171
8859
10024
8801
6036
3087
527
-1695
-3424
-4270
-4243
-3826
-3326
-2587
-1531
-637
-519
-1149
-1845
-2075
-1959
-1823
-1596
-885
414
1947
3323
4423
5201
5462
5061
4124
2772
782
-2080
-5323
-7739
-8419
-7608
-6288
-5028
-3547
-1412
1167
3454
4860
5324
5125
4588
3949
3239
2269
904
-540
-1430
-1495
-1221
-1329
-1909
-2377
-2261
-1761
-1389
-1308
-1223
-794
72
1248
2459
3348
3708
3671
3503
3156
2279
750
-1022
-2477
-3434
-4030
-4312
-4187
-3678
-2919
-1879
-430
1166
2215
2277
1708
1215
983
592
-208
-1051
-1419
-1257
-873
-438
102
666
948
776
348
-64
-447
-932
-1441
-1687
-1518
-1078
-575
-81
391
759
964
1045
988
616
-182
-1177
-1972
-2386
-2418
-1885
-397
2143
5254
8174
10170
10464
8406
4271
-418
-4082
-6625
-9073
-11528
-12344
-10031
-5418
-988
1846
3869
6302
8805
9917
8918
6480
3653
939
-1478
-3275
-4183
-4376
-4236
-3845
-3006
-1788
-740
-441
-932
-1695
-2168
-2172
-1872
-1414
-717
390
1890
3476
4738
5418
5531
5243
4593
3312
1043
-2109
-5303
-7467
-8137
-7698
-6772
-5561
-3882
-1669
784
2978
4462
5007
4814
4449
4301
4059
3059
1263
-442
-1194
-1152
-1182
-1717
-2350
-2588
-2539
-2576
-2701
-2566
-2007
-1162
-120
1175
2579
3624
3971
3822
3596
3322
2615
1268
-405
-1908
-3026
-3796
-4215
-4233
-3932
-3445
-2678
-1397
271
1685
2250
2038
1606
1290
916
257
-524
-1051
-1182
-1058
-761
-235
439
908
908
581
245
-86
-679
-1568
-2317
-2465
-2021
-1341
-632
156
1025
1762
2173
2231
1903
1065
-266
-1731
-2874
-3425
-3202
-1920
575
3890
7201
9734
10919
10171
7190
2659
-1899
-5462
-8347
-11123
-13026
-12369
-8724
-3851
82
2653
4969
7618
9703
9986
8305
5497
2419
-462
-2779
-4178
-4645
-4581
-4311
-3713
-2545
-1070
-41
-18
-788
-1620
-1990
-1930
-1709
-1382
-747
367
1907
3587
4988
5751
5785
5262
4265
2535
-188
-3525
-6443
-8034
-8217
-7527
-6401
-4879
-2893
-557
1851
3958
5318
5620
5057
4247
3609
2923
1754
205
-1031
-1440
-1269
-1190
-1543
-2094
-2461
-2551
-2526
-2469
-2266
-1744
-832
402
1756
2923
3609
3764
3596
3298
2792
1858
466
-1110
-2517
-3517
-4008
-4035
-3798
-3488
-2999
-2017
-526
919
1651
1593
1253
1051
890
467
-192
-735
-906
-772
-509
-154
326
819
1041
808
233
-383
-878
-1356
-1925
-2402
-2423
-1840
-885
78
870
1500
1982
2241
2130
1502
337
-1106
-2377
-3120
-3194
-2438
-578
2410
5928
8999
10777
10707
8499
4495
-42
-3734
-6402
-8934
-11489
-12513
-10393
-5750
-1085
1958
4043
6497
9072
10183
8966
6204
3204
544
-1761
-3510
-4346
-4329
-3938
-3484
-2803
-1727
-606
-112
-545
-1458
-2087
-2084
-1714
-1349
-933
-84
1366
3100
4576
5417
5543
5094
4249
2983
985
-1925
-5199
-7655
-8418
-7697
-6401
-5095
-3579
-1487
1040
3351
4782
5085
4577
3927
3599
3372
2603
1108
-433
-1193
-1140
-979
-1238
-1781
-2231
-2485
-2622
-2587
-2289
-1792
-1144
-163
1274
2780
3661
3698
3389
3218
2980
2123
591
-1032
-2204
-2912
-3374
-3607
-3498
-3096
-2559
-1865
-906
136
778
774
433
248
283
200
-180
-590
-674
-414
-51
296
693
1100
1253
962
350
-307
-920
-1582
-2256
-2671
-2604
-2119
-1410
-537
502
1535
2249
2507
2395
1934
975
-473
-1978
-2969
-3162
-2564
-1159
1113
4091
7241
9740
10623
9120
5361
695
-3271
-6140
-8745
-11394
-12726
-11053
-6632
-1710
1844
4204
6538
8956
10279
9580
7187
4074
907
-1943
-3996
-4864
-4767
-4378
-4015
-3341
-2043
-563
186
-199
-1195
-1974
-2223
-2141
-1860
-1197
0
1519
3009
4292
5310
5866
5720
4864
3432
1343
-1561
-4881
-7500
-8439
-7779
-6436
-5071
-3564
-1542
893
3156
4671
5200
4872
4106
3394
2868
2171
980
-361
-1084
-931
-541
-672
-1323
-1905
-2116
-2192
-2345
-2371
-2009
-1336
-523
500
1783
2946
3452
3289
2982
2799
2356
1205
-431
-1869
-2728
-3152
-3357
-3321
-3001
-2528
-1995
-1282
-308
634
1079
919
550
389
419
302
-100
-515
-575
-209
346
834
1137
1199
954
420
-236
-859
-1450
-2061
-2563
-2683
-2309
-1617
-847
-74
721
1458
1948
2039
1701
1012
109
-859
-1747
-2301
-2051
-530
2262
5685
8812
10793
10906
8706
4591
-24
-3773
-6601
-9365
-12030
-13008
-10875
-6334
-1656
1711
4215
6822
9305
10476
9626
7199
4107
994
-1755
-3750
-4734
-4882
-4618
-4156
-3365
-2193
-1039
-509
-803
-1477
-1916
-1906
-1648
-1308
-754
212
1568
3075
4420
5303
5510
5068
4188
2920
967
-1837
-4944
-7276
-8145
-7768
-6792
-5505
-3762
-1468
1087
3356
4793
5119
4584
3917
3669
3557
2805
1246
-251
-781
-527
-476
-1111
-1904
-2187
-2070
-2116
-2458
-2656
-2323
-1509
-416
863
2148
3056
3356
3285
3219
3104
2499
1220
-356
-1686
-2569
-3085
-3266
-3068
-2614
-2155
-1754
-1222
-473
212
466
280
32
9
143
190
94
36
189
552
989
1344
1488
1336
888
245
-473
-1197
-1882
-2453
-2808
-2867
-2578
-1926
-986
20
841
1391
1747
1929
1787
1192
276
-670
-1449
-1976
-2019
-1178
750
3508
6528
9160
10561
9761
6417
1617
-2732
-5671
-7950
-10509
-12559
-12061
-8292
-3064
1133
3679
5770
8197
10137
10298
8488
5546
2304
-810
-3343
-4788
-5082
-4742
-4269
-3654
-2656
-1418
-499
-356
-888
-1586
-1991
-1978
-1626
-990
-50
1175
2579
3982
5100
5568
5199
4208
2960
1423
-829
-3844
-6746
-8337
-8228
-7060
-5613
-4029
-2030
395
2801
4601
5429
5284
4563
3831
3317
2675
1507
75
-833
-857
-563
-739
-1445
-2077
-2246
-2163
-2144
-2123
-1867
-1347
-620
438
1864
3194
3767
3524
3118
3024
2871
1989
395
-1198
-2256
-2884
-3343
-3560
-3359
-2837
-2188
-1382
-357
564
897
624
272
214
230
-39
-499
-714
-478
26
547
984
1253
1214
843
321
-174
-677
-1310
-2025
-2560
-2689
-2408
-1868
-1211
-515
159
764
1300
1748
1952
1697
975
64
-761
-1442
-1920
-1815
-632
1698
4679
7610
9745
10176
8168
4061
-546
-4150
-6755
-9293
-11694
-12363
-10044
-5600
-1226
1839
4129
6540
8848
9981
9276
7021
3987
885
-1755
-3584
-4531
-4796
-4642
-4171
-3342
-2192
-1051
-444
-646
-1300
-1694
-1480
-965
-565
-177
637
1956
3330
4293
4767
4870
4615
3903
2622
617
-2153
-5203
-7488
-8162
-7362
-5958
-4555
-3014
-979
1401
3498
4739
4983
4524
3879
3440
3115
2420
1115
-310
-1088
-1056
-844
-1080
-1715
-2262
-2465
-2450
-2359
-2126
-1645
-887
171
1514
2847
3622
3541
2922
2366
2059
1607
610
-796
-2066
-2796
-2981
-2817
-2487
-2116
-1773
-1393
-823
-90
489
595
326
97
112
124
-159
-571
-638
-154
581
1168
1491
1605
1454
936
171
-565
-1189
-1844
-2544
-2960
-2755
-1993
-1057
-241
428
1007
1464
1726
1734
1406
691
-280
-1208
-1861
-2158
-1936
-841
1360
4390
7525
9957
10911
9701
6222
1533
-2649
-5473
-7662
-10151
-12253
-11986
-8448
-3220
1178
3847
5853
8172
10151
10355
8379
5207
2025
-676
-2829
-4266
-4848
-4805
-4498
-3934
-2911
-1633
-797
-870
-1540
-2120
-2275
-2116
-1714
-928
279
1665
3011
4299
5429
6004
5677
4572
3075
1228
-1259
-4304
-7043
-8416
-8111
-6737
-5100
-3488
-1681
503
2783
4523
5203
4852
4021
3323
2913
2436
1510
247
-769
-1078
-867
-799
-1287
-2080
-2636
-2790
-2810
-2850
-2622
-1772
-361
1209
2580
3555
3973
3799
3298
2778
2148
1039
-543
-2021
-2876
-3193
-3333
-3364
-3105
-2574
-1970
-1290
-389
563
1068
913
459
139
-41
-275
-489
-451
-174
130
440
893
1357
1394
830
47
-495
-824
-1291
-1965
-2496
-2544
-2104
-1380
-575
135
618
896
1115
1284
1163
574
-304
-1096
-1584
-1699
-1231
169
2577
5572
8466
10513
10846
8705
4309
-728
-4588
-6995
-9138
-11545
-12733
-10795
-6028
-953
2431
4526
6776
9243
10467
9462
6849
3869
1074
-1525
-3613
-4628
-4560
-4069
-3694
-3310
-2587
-1693
-1206
-1445
-2112
-2639
-2678
-2211
-1346
-180
1179
2597
3956
5119
5839
5831
5034
3694
2051
9
-2618
-5493
-7668
-8329
-7561
-6162
-4743
-3237
-1274
1143
3463
4955
5237
4598
3829
3537
3508
2956
1571
77
-586
-429
-360
-978
-1906
-2480
-2628
-2716
-2805
-2601
-2004
-1206
-213
1210
2928
4193
4412
3900
3403
3064
2319
831
-951
-2343
-3139
-3512
-3518
-3114
-2511
-2041
-1665
-1000
47
959
1183
780
244
-140
-463
-768
-828
-480
84
553
878
1196
1471
1428
902
65
-767
-1447
-2007
-2472
-2751
-2722
-2307
-1503
-456
527
1143
1369
1432
1452
1235
542
-520
-1535
-2136
-2121
-1264
666
3565
6813
9579
11100
10679
7875
3181
-1775
-5409
-7669
-9712
-11834
-12478
-10005
-5034
-66
3221
5393
7664
9795
10382
8797
5891
2813
-15
-2485
-4156
-4632
-4237
-3709
-3313
-2738
-1858
-1142
-1113
-1715
-2414
-2752
-2612
-2086
-1279
-231
1082
2654
4275
5527
6047
5795
4972
3711
1933
-472
-3334
-6060
-7853
-8207
-7323
-5919
-4502
-2902
-707
1901
4002
4782
4364
3665
3421
3488
3173
2119
797
10
3
191
-136
-1010
-1849
-2278
-2526
-2925
-3322
-3285
-2682
-1703
-421
1243
3023
4244
4503
4145
3713
3186
2132
500
-1208
-2550
-3493
-4047
-4012
-3377
-2593
-2046
-1497
-523
621
1153
811
235
41
8
-401
-1049
-1220
-635
189
712
1035
1508
1993
1957
1198
111
-834
-1566
-2229
-2811
-3110
-3001
-2503
-1674
-619
398
1094
1447
1668
1802
1590
824
-282
-1278
-1835
-1742
-700
1522
4687
8021
10544
11334
9755
5945
1140
-3086
-6216
-8973
-11737
-13296
-11962
-7789
-2874
838
3351
5794
8410
10107
9859
7830
4942
1913
-909
-3146
-4378
-4582
-4224
-3767
-3263
-2546
-1705
-1164
-1251
-1844
-2476
-2764
-2618
-2100
-1206
90
1672
3270
4595
5460
5754
5476
4723
3523
1680
-1023
-4286
-7111
-8465
-8161
-6959
-5670
-4368
-2542
22
2701
4445
4729
4069
3523
3623
3844
3259
1731
216
-290
78
251
-441
-1541
-2192
-2257
-2310
-2702
-3108
-3054
-2470
-1476
-30
1827
3560
4486
4524
4217
3895
3232
1843
-7
-1664
-2838
-3661
-4150
-4059
-3390
-2573
-1902
-1135
1
1151
1604
1165
374
-179
-437
-620
-747
-649
-295
194
752
1358
1828
1867
1398
639
-186
-1045
-1932
-2687
-3129
-3245
-3069
-2485
-1400
-78
972
1505
1742
1914
1845
1207
63
-1122
-1965
-2340
-2061
-758
1706
4895
8065
10503
11397
9869
5810
623
-3690
-6476
-8829
-11555
-13373
-12117
-7599
-2211
1667
4016
6301
8925
10591
10084
7704
4616
1539
-1313
-3515
-4496
-4340
-3870
-3679
-3463
-2630
-1342
-520
-810
-1857
-2745
-2944
-2607
-2046
-1242
30
1754
3578
5054
5884
5963
5398
4437
3185
1358
-1377
-4705
-7499
-8683
-8198
-6920
-5623
-4283
-2394
213
2992
5004
5612
5001
4079
3678
3711
3301
1923
216
-667
-442
-20
-360
-1359
-2202
-2507
-2652
-3013
-3389
-3345
-2733
-1631
-45
1919
3744
4839
5155
5093
4801
3902
2152
-31
-1988
-3457
-4476
-4900
-4513
-3562
-2629
-1869
-848
625
1932
2302
1755
959
316
-320
-1028
-1463
-1316
-766
-172
400
1049
1600
1679
1204
474
-242
-953
-1710
-2361
-2716
-2773
-2618
-2184
-1374
-336
548
1050
1297
1513
1655
1452
787
-131
-1008
-1693
-2047
-1674
-90
2749
6187
9260
11146
11186
8942
4715
-122
-4024
-6699
-9091
-11553
-12667
-10725
-6129
-1317
1889
3995
6374
8934
10160
9182
6744
4007
1324
-1339
-3491
-4438
-4279
-3830
-3556
-3126
-2207
-1199
-820
-1236
-1944
-2434
-2584
-2421
-1861
-822
555
2023
3446
4744
5674
5906
5364
4291
2837
785
-2062
-5244
-7713
-8677
-8209
-6927
-5269
-3291
-994
1409
3529
4930
5301
4791
4062
3680
3424
2575
1053
-239
-499
-99
-90
-830
-1681
-2065
-2215
-2638
-3247
-3473
-3003
-1997
-679
909
2643
4146
5047
5296
5067
4430
3259
1472
-725
-2836
-4350
-5042
-5048
-4655
-4002
-3042
-1731
-222
1147
2015
2174
1718
996
344
-159
-621
-1037
-1181
-894
-295
357
909
1282
1340
977
326
-341
-932
-1548
-2154
-2461
-2262
-1708
-1087
-467
224
906
1382
1622
1728
1615
1034
39
-910
-1501
-1915
-2317
-2217
-817
1998
5422
8485
10527
10901
8936
4804
-32
-4003
-6964
-9796
-12464
-13356
-11116
-6537
-1858
1558
4161
6822
9287
10456
9705
7450
4509
1457
-1331
-3420
-4473
-4612
-4327
-3926
-3257
-2141
-959
-509
-1153
-2334
-3125
-3140
-2672
-2032
-1117
292
2077
3853
5303
6254
6535
6036
4847
3084
646
-2533
-5901
-8327
-9000
-8148
-6644
-5034
-3226
-1043
1287
3308
4714
5399
5336
4677
3835
3165
2562
1663
470
-484
-798
-775
-1050
-1769
-2475
-2830
-3038
-3378
-3618
-3237
-2089
-517
1153
2848
4405
5386
5490
4923
4083
3000
1423
-617
-2623
-4060
-4749
-4774
-4312
-3608
-2888
-2078
-864
725
1995
2251
1659
1062
899
747
124
-695
-1039
-754
-308
-63
100
349
519
400
94
-195
-540
-1134
-1870
-2356
-2349
-1931
-1263
-425
442
1092
1429
1601
1709
1567
958
30
-802
-1357
-1844
-2387
-2568
-1687
518
3572
6725
9433
11162
11002
8191
3304
-1682
-5161
-7486
-10025
-12664
-13274
-10240
-4799
114
3036
5036
7518
10023
10851
9247
6124
2831
-12
-2327
-3933
-4600
-4474
-3983
-3344
-2444
-1329
-528
-661
-1706
-2873
-3316
-2912
-2189
-1530
-692
771
2824
4900
6398
7035
6774
5721
4113
2132
-356
-3514
-6839
-9079
-9257
-7670
-5564
-3850
-2394
-577
1792
4161
5650
5702
4608
3418
3035
3240
2906
1437
-337
-1116
-779
-506
-1218
-2500
-3347
-3465
-3318
-3184
-2806
-1985
-905
301
1794
3526
4873
5262
4926
4511
4045
2885
801
-1459
-3023
-3879
-4578
-5212
-5290
-4544
-3312
-1985
-563
940
2098
2481
2289
2106
2057
1668
669
-499
-1212
-1374
-1303
-1144
-798
-332
-33
30
100
233
80
-577
-1352
-1671
-1508
-1298
-1197
-868
-86
837
1458
1707
1738
1512
894
24
-766
-1409
-2150
-2987
-3317
-2398
-70
3122
6441
9368
11444
11970
10230
6244
1115
-3670
-7385
-10277
-12541
-13413
-11786
-7707
-2737
1443
4467
7000
9273
10509
9864
7490
4352
1292
-1370
-3440
-4592
-4715
-4199
-3560
-2909
-2053
-1132
-767
-1356
-2478
-3278
-3365
-3001
-2419
-1388
325
2400
4230
5574
6537
6999
6535
5014
2836
371
-2439
-5562
-8247
-9431
-8788
-7017
-5044
-3210
-1314
831
3054
4840
5623
5296
4470
3946
3762
3105
1463
-459
-1470
-1380
-1189
-1699
-2574
-3038
-2996
-2894
-2808
-2358
-1499
-725
-240
474
1862
3454
4364
4425
4271
4249
3894
2658
753
-1153
-2751
-4152
-5276
-5719
-5296
-4314
-3102
-1601
268
2098
3255
3587
3498
3255
2594
1242
-439
-1691
-2155
-2113
-1939
-1604
-952
-162
336
370
178
9
-197
-601
-1099
-1376
-1273
-924
-496
19
665
1276
1558
1401
993
558
90
-568
-1410
-2197
-2697
-2855
-2617
-1733
68
2720
5793
8803
11225
12167
10572
6320
935
-3513
-6412
-8886
-11739
-13745
-12801
-8597
-3264
879
3482
5680
8037
9758
9787
8022
5226
2217
-525
-2706
-4072
-4519
-4242
-3655
-3078
-2520
-1864
-1306
-1380
-2291
-3395
-3697
-2921
-1723
-737
216
1725
3859
5978
7322
7494
6515
4777
2848
939
-1412
-4640
-8060
-10006
-9455
-7179
-4887
-3398
-2088
-14
2838
5498
6845
6460
4928
3424
2693
2352
1440
-262
-1798
-2180
-1643
-1302
-1748
-2483
-2751
-2449
-1965
-1549
-1220
-995
-788
-186
1178
2945
4180
4384
4019
3752
3479
2553
776
-1297
-3074
-4451
-5442
-5766
-5187
-3976
-2626
-1201
545
2435
3718
3881
3217
2341
1410
197
-1222
-2317
-2704
-2526
-2091
-1466
-613
249
768
864
747
540
148
-439
-954
-1116
-947
-645
-285
194
712
1021
985
727
416
29
-546
-1233
-1775
-2007
-1988
-1850
-1564
-922
332
2359
5096
8157
10757
11875
10680
7128
2270
-2272
-5529
-7898
-10297
-12480
-12738
-9742
-4444
564
3660
5526
7573
9729
10487
8915
5766
2471
-272
-2486
-4064
-4683
-4446
-3968
-3597
-3022
-1971
-962
-887
-1886
-3050
-3376
-2755
-1801
-892
244
1966
4063
5850
6778
6752
5955
4599
2843
710
-1956
-5157
-8227
-9933
-9480
-7355
-4896
-2967
-1327
673
3081
5202
6236
5900
4604
3202
2395
2094
1536
277
-1092
-1591
-1148
-749
-1193
-2136
-2702
-2642
-2433
-2394
-2300
-1884
-1192
-268
1057
2732
4158
4726
4543
4167
3700
2630
686
-1603
-3463
-4671
-5425
-5694
-5174
-3877
-2275
-741
796
2365
3491
3612
2811
1743
836
-63
-1119
-2013
-2279
-1947
-1484
-1137
-719
-79
518
710
526
292
141
-75
-408
-629
-541
-297
-189
-262
-311
-230
-134
-132
-170
-190
-277
-523
-811
-895
-705
-481
-495
-676
-509
622
2935
6035
9078
11058
11074
8701
4473
-162
-3848
-6456
-8869
-11369
-12654
-11058
-6659
-1550
2239
4552
6508
8536
9736
9115
6808
3793
842
-1768
-3803
-4882
-4913
-4351
-3761
-3217
-2407
-1333
-600
-801
-1708
-2407
-2271
-1546
-809
-99
1064
2866
4787
6081
6396
5809
4532
2829
945
-1117
-3583
-6330
-8460
-8885
-7427
-5060
-2938
-1423
-107
1468
3295
4872
5502
4841
3388
2189
1797
1655
880
-477
-1456
-1483
-1120
-1248
-1948
-2614
-2833
-2685
-2283
-1618
-901
-474
-197
579
2076
3525
4042
3766
3522
3503
2970
1435
-527
-2042
-3032
-3966
-4815
-4961
-4157
-2929
-1791
-618
839
2221
2865
2696
2262
1908
1387
445
-630
-1350
-1627
-1697
-1635
-1324
-850
-503
-319
18
619
1028
760
40
-405
-275
-55
-276
-767
-956
-692
-390
-370
-474
-431
-276
-163
-28
236
427
200
-437
-1088
-1437
-1433
-963
308
2599
5605
8529
10353
10144
7545
3288
-1112
-4603
-7388
-10058
-12124
-12071
-9147
-4533
-285
2655
4902
7207
9181
9709
8267
5449
2303
-501
-2736
-4246
-4840
-4596
-3937
-3233
-2462
-1469
-512
-169
-629
-1322
-1521
-1162
-757
-555
-151
943
2609
4198
5124
5174
4426
3147
1708
275
-1413
-3664
-6079
-7505
-7082
-5220
-3248
-2067
-1355
-193
1765
3862
5057
4850
3659
2451
1917
1879
1536
406
-1022
-1792
-1599
-1148
-1270
-1947
-2446
-2254
-1562
-887
-512
-411
-400
-205
407
1341
2152
2509
2575
2712
2870
2604
1668
334
-1006
-2251
-3398
-4169
-4217
-3624
-2846
-2085
-1064
389
1821
2571
2585
2395
2268
1820
705
-669
-1540
-1733
-1763
-1966
-2002
-1421
-405
409
686
652
618
594
411
41
-399
-786
-1033
-1053
-823
-465
-146
85
304
539
714
764
699
518
140
-477
-1197
-1806
-2200
-2330
-1978
-803
1306
4059
6950
9347
10343
9002
5289
569
-3433
-6234
-8648
-11055
-12271
-10768
-6675
-1917
1718
4041
5888
7612
8614
8151
6178
3353
490
-1852
-3402
-4055
-3878
-3198
-2462
-1857
-1187
-350
210
-105
-1168
-2092
-2254
-1950
-1706
-1357
-335
1343
2997
4118
4714
4803
4184
2945
1583
274
-1466
-3866
-6039
-6729
-5814
-4393
-3396
-2620
-1352
557
2534
3855
4146
3536
2616
2042
1898
1605
689
-467
-1008
-703
-264
-465
-1217
-1769
-1669
-1220
-1003
-1200
-1521
-1613
-1371
-853
-119
763
1657
2449
3164
3838
4251
3975
2803
1052
-722
-2225
-3487
-4470
-4897
-4557
-3608
-2374
-1017
431
1795
2763
3160
3031
2448
1466
316
-623
-1194
-1612
-2040
-2219
-1788
-896
-125
189
265
418
585
535
277
25
-156
-395
-715
-943
-955
-828
-658
-405
-22
390
663
749
697
524
203
-232
-678
-1077
-1500
-2007
-2415
-2254
-1054
1224
4099
6930
9192
10305
9493
6399
1891
-2302
-5162
-7235
-9396
-11095
-10669
-7495
-3079
500
2684
4407
6314
7823
7995
6687
4477
1945
-536
-2506
-3503
-3528
-3152
-2907
-2690
-1998
-749
335
357
-734
-1996
-2449
-2051
-1487
-1170
-745
309
1913
3468
4488
4891
4778
4190
3145
1662
-297
-2670
-4995
-6494
-6672
-5759
-4421
-3089
-1701
-19
1916
3640
4460
3996
2690
1616
1459
1719
1315
41
-1034
-905
29
485
-75
-944
-1345
-1413
-1692
-2183
-2453
-2409
-2292
-1963
-920
785
2284
2948
3239
3958
4897
4963
3611
1521
-349
-1792
-3121
-4322
-5010
-5016
-4507
-3552
-2038
-146
1504
2413
2695
2766
2716
2272
1298
76
-952
-1536
-1680
-1522
-1257
-1039
-855
-535
12
569
756
438
-94
-401
-337
-159
-207
-521
-804
-745
-343
105
298
208
59
83
298
516
505
158
-425
-1009
-1422
-1722
-2077
-2380
-2083
-612
2005
5069
7752
9518
9929
8504
5253
1189
-2332
-4929
-7330
-9850
-11288
-10092
-6409
-2207
865
3004
5267
7654
8948
8295
6162
3582
1068
-1314
-3259
-4199
-4030
-3336
-2707
-2085
-1081
163
839
298
-1144
-2474
-2997
-2845
-2457
-1850
-692
1095
3116
4868
6012
6303
5561
3964
2054
186
-1819
-4154
-6302
-7271
-6638
-5019
-3348
-1956
-560
1089
2752
3874
4021
3279
2309
1839
1904
1800
1011
-29
-466
-196
2
-442
-1190
-1653
-1859
-2209
-2627
-2615
-2083
-1543
-1264
-772
410
1921
2979
3432
3837
4428
4638
3873
2345
698
-837
-2463
-4107
-5251
-5572
-5256
-4525
-3225
-1261
873
2446
3254
3638
3765
3344
2211
790
-331
-1029
-1535
-1884
-1854
-1456
-1060
-905
-783
-420
5
40
-392
-808
-733
-235
221
361
348
462
704
826
683
374
80
-135
-280
-318
-252
-230
-445
-877
-1308
-1608
-1893
-2289
-2611
-2394
-1282
689
3181
5817
8256
9957
10089
8004
4002
-620
-4558
-7553
-10058
-11906
-11902
-9196
-4727
-565
2186
4235
6588
8814
9454
7893
5087
2336
37
-2013
-3592
-4103
-3527
-2656
-2106
-1631
-800
-13
-201
-1540
-3030
-3575
-3127
-2384
-1689
-701
899
2824
4458
5403
5592
5106
4149
2993
1677
-122
-2618
-5299
-7079
-7238
-6069
-4489
-3135
-1916
-376
1607
3479
4412
4092
3123
2427
2277
2095
1320
144
-754
-1041
-956
-847
-842
-988
-1355
-1828
-2085
-1990
-1828
-1878
-1905
-1377
-177
1169
2129
2751
3442
4248
4667
4172
2835
1231
-175
-1397
-2672
-3945
-4791
-4840
-4130
-2993
-1706
-379
896
1954
2671
2987
2838
2171
1122
59
-706
-1160
-1475
-1679
-1644
-1330
-898
-528
-255
-62
0
-85
-144
30
362
508
250
-193
-399
-256
-93
-246
-605
-737
-429
65
321
193
-127
-394
-530
-603
-714
-955
-1357
-1801
-2015
-1714
-767
796
2900
5430
8062
10040
10311
8212
4227
-129
-3539
-6018
-8447
-10913
-12011
-10295
-6180
-1729
1454
3595
5703
7831
8942
8288
6245
3704
1182
-1143
-2955
-3861
-3908
-3626
-3392
-2986
-2011
-673
118
-345
-1712
-2824
-2882
-2174
-1483
-1007
-174
1470
3553
5212
5902
5686
4912
3850
2551
806
-1657
-4629
-7096
-7856
-6692
-4684
-3104
-2169
-1107
658
2728
4135
4278
3395
2292
1690
1648
1578
917
-127
-723
-406
281
367
-445
-1515
-2097
-2127
-2064
-2217
-2452
-2428
-1905
-835
584
1928
2800
3182
3416
3717
3858
3457
2463
1188
-104
-1380
-2609
-3584
-4103
-4169
-3845
-3045
-1687
-28
1376
2145
2351
2269
1975
1367
495
-326
-776
-817
-656
-504
-430
-398
-375
-336
-278
-237
-293
-488
-739
-874
-801
-590
-365
-143
109
330
374
232
87
94
181
179
89
43
83
113
62
-50
-224
-506
-874
-1244
-1571
-1801
-1614
-495
1759
4686
7428
9195
9409
7754
4546
879
-2163
-4532
-6961
-9476
-10713
-9307
-5689
-1819
901
2839
5008
7323
8551
7820
5581
2965
665
-1279
-2866
-3798
-3855
-3280
-2553
-1880
-1125
-317
78
-362
-1347
-2023
-1893
-1312
-882
-581
151
1553
3152
4305
4777
4648
4004
2959
1729
346
-1512
-3938
-6143
-6909
-5897
-4120
-2817
-2135
-1227
493
2571
3977
4095
3223
2249
1854
1898
1613
564
-710
-1250
-843
-290
-384
-1004
-1479
-1542
-1524
-1701
-1909
-1891
-1639
-1203
-455
683
1894
2704
3013
3151
3351
3381
2852
1728
365
-854
-1802
-2541
-3138
-3568
-3708
-3363
-2434
-1127
103
919
1400
1815
2164
2128
1537
696
78
-193
-365
-610
-780
-700
-474
-358
-442
-624
-827
-1067
-1302
-1382
-1209
-848
-403
90
596
989
1124
1006
783
564
324
3
-367
-650
-707
-509
-161
154
263
92
-305
-813
-1374
-2000
-2621
-2899
-2322
-641
1859
4585
7066
8942
9608
8359
5200
1234
-2247
-4988
-7598
-10078
-11157
-9620
-5972
-2116
642
2671
4911
7233
8443
7734
5536
2892
464
-1551
-2947
-3481
-3289
-2854
-2374
-1542
-230
903
930
-229
-1623
-2340
-2403
-2386
-2438
-2092
-935
882
2843
4443
5306
5275
4575
3639
2530
761
-1945
-4857
-6617
-6553
-5310
-4025
-3132
-2182
-676
1250
2935
3745
3504
2600
1733
1370
1343
1063
285
-502
-613
-47
428
149
-689
-1362
-1526
-1525
-1773
-2163
-2263
-1879
-1176
-333
608
1518
2138
2395
2536
2735
2755
2260
1337
437
-213
-810
-1547
-2240
-2582
-2540
-2293
-1895
-1276
-530
89
498
873
1262
1389
1049
520
296
421
458
156
-177
-172
3
-113
-597
-1063
-1262
-1357
-1497
-1457
-1009
-364
67
245
474
836
1024
842
527
357
256
2
-308
-370
-161
3
-65
-189
-169
-149
-421
-1044
-1796
-2454
-2911
-3040
-2597
-1351
700
3291
6022
8428
9940
9875
7796
4032
-296
-4085
-7090
-9627
-11464
-11520
-9100
-5082
-1245
1558
3934
6507
8603
8950
7305
4733
2308
214
-1710
-3146
-3565
-3040
-2235
-1602
-1021
-382
-64
-550
-1695
-2754
-3140
-2909
-2437
-1799
-700
1033
3057
4692
5445
5314
4670
3834
2769
1145
-1191
-3793
-5739
-6327
-5662
-4468
-3363
-2428
-1406
-130
1322
2653
3420
3302
2521
1846
1806
2010
1618
515
-444
-571
-288
-512
-1378
-2121
-2175
-1824
-1598
-1530
-1353
-1045
-756
-381
321
1208
1762
1760
1588
1715
2069
2206
1901
1332
733
129
-518
-1136
-1638
-2048
-2393
-2516
-2194
-1432
-542
150
593
920
1165
1202
994
707
472
184
-300
-815
-1000
-762
-440
-371
-482
-480
-325
-271
-472
-766
-896
-763
-397
118
620
919
993
1003
1020
863
383
-229
-640
-768
-781
-729
-499
-128
83
-72
-477
-932
-1438
-2052
-2622
-2887
-2709
-1992
-518
1808
4625
7295
9365
10532
10203
7724
3360
-1436
-5258
-7997
-10310
-11992
-11720
-8735
-4183
-145
2423
4226
6148
7912
8476
7366
5128
2626
373
-1398
-2456
-2721
-2527
-2354
-2264
-1902
-1174
-638
-901
-1780
-2423
-2290
-1712
-1283
-1038
-504
583
1959
3196
4055
4421
4223
3548
2643
1560
36
-2041
-4164
-5490
-5618
-4889
-3929
-3051
-2137
-909
747
2506
3651
3604
2603
1612
1324
1388
936
-191
-1147
-1142
-436
67
-36
-314
-309
-169
-303
-746
-1208
-1535
-1758
-1741
-1239
-364
371
700
997
1710
2596
2932
2433
1577
945
565
127
-470
-1053
-1507
-1824
-1875
-1488
-815
-343
-339
-514
-429
-97
70
-131
-422
-440
-177
132
380
654
957
1114
1017
781
540
199
-396
-1106
-1525
-1433
-1058
-774
-629
-379
78
517
688
589
371
99
-192
-367
-305
-122
-49
-84
10
278
377
-21
-764
-1391
-1699
-1892
-2172
-2406
-2292
-1658
-476
1272
3549
6108
8470
9996
9975
7954
4288
236
-2981
-5296
-7542
-9905
-11102
-9678
-5912
-1788
1091
2944
4879
7029
8300
7807
5904
3594
1449
-487
-2071
-2931
-2996
-2718
-2518
-2253
-1561
-582
-29
-422
-1454
-2286
-2400
-1991
-1547
-1192
-587
607
2288
3915
4902
4989
4352
3381
2316
1039
-726
-2929
-4943
-5942
-5595
-4375
-3095
-2140
-1211
156
1868
3182
3380
2529
1464
974
1054
1028
435
-391
-696
-200
579
888
504
-179
-706
-1002
-1273
-1653
-2072
-2338
-2249
-1665
-678
337
1017
1419
1926
2664
3196
3013
2203
1362
869
540
63
-509
-935
-1190
-1412
-1542
-1375
-980
-758
-919
-1159
-1074
-723
-502
-524
-447
57
857
1558
1953
2133
2198
2099
1738
1074
131
-976
-1958
-2447
-2322
-1860
-1454
-1203
-867
-262
445
892
916
693
512
479
487
406
233
84
56
155
287
296
47
-428
-921
-1253
-1491
-1836
-2282
-2544
-2422
-2027
-1490
-577
1097
3512
6150
8426
9899
10017
8211
4646
533
-2859
-5418
-7894
-10333
-11462
-10070
-6578
-2692
343
2644
4857
6975
8297
8221
6768
4425
1810
-503
-2080
-2810
-2950
-2882
-2747
-2332
-1446
-402
61
-504
-1688
-2609
-2840
-2684
-2521
-2182
-1195
541
2588
4329
5304
5326
4582
3595
2706
1592
-367
-3090
-5491
-6455
-5952
-4896
-4028
-3254
-2075
-350
1471
2697
2886
2185
1319
1044
1436
1796
1483
712
310
662
1229
1229
525
-382
-1095
-1680
-2299
-2866
-3202
-3308
-3200
-2638
-1377
314
1729
2464
2821
3258
3662
3525
2704
1650
815
179
-457
-1045
-1397
-1555
-1721
-1889
-1868
-1678
-1601
-1732
-1753
-1355
-687
-137
227
695
1399
2078
2437
2525
2535
2419
1931
1034
17
-841
-1522
-2104
-2535
-2692
-2576
-2258
-1735
-990
-198
367
654
888
1224
1503
1461
1094
657
336
98
-165
-455
-703
-868
-962
-1018
-1090
-1234
-1454
-1670
-1785
-1749
-1585
-1349
-1047
-554
376
1929
4038
6373
8442
9609
9181
6804
2970
-1133
-4551
-7232
-9511
-11080
-10946
-8594
-4829
-1127
1746
4088
6324
8118
8660
7606
5483
3140
1071
-646
-1978
-2787
-3055
-2994
-2768
-2295
-1538
-906
-988
-1818
-2670
-2829
-2345
-1797
-1418
-796
533
2439
4270
5385
5555
4996
4143
3275
2209
485
-1956
-4396
-5838
-5925
-5174
-4327
-3624
-2814
-1617
-51
1562
2742
3116
2791
2416
2564
3017
2948
1961
698
120
298
372
-321
-1447
-2234
-2455
-2519
-2723
-2894
-2792
-2452
-1956
-1157
15
1237
2083
2568
3025
3476
3516
2946
2131
1466
817
-157
-1304
-2054
-2188
-2110
-2175
-2175
-1764
-1126
-756
-744
-653
-237
190
281
272
660
1438
2032
2073
1835
1752
1754
1422
623
-315
-1091
-1751
-2407
-2908
-3000
-2676
-2139
-1497
-710
150
839
1197
1328
1401
1407
1253
971
672
361
-37
-452
-699
-764
-879
-1166
-1414
-1344
-1039
-867
-1000
-1225
-1255
-1043
-714
-380
-115
48
297
1098
2814
5222
7561
8968
8868
7077
3954
401
-2660
-5043
-7229
-9326
-10412
-9382
-6350
-2705
296
2599
4800
6925
8238
8126
6764
4783
2635
460
-1584
-3172
-4032
-4169
-3800
-3126
-2255
-1324
-585
-293
-463
-842
-1128
-1175
-984
-553
143
1082
2163
3237
4054
4318
3934
3161
2319
1303
-359
-2773
-5212
-6615
-6560
-5534
-4294
-3164
-1970
-463
1336
3049
4141
4283
3683
2949
2498
2173
1571
689
15
-103
62
-81
-734
-1536
-2074
-2320
-2485
-2622
-2584
-2292
-1804
-1099
-41
1296
2476
3082
3170
3129
3111
2844
2073
953
-152
-1067
-1811
-2326
-2474
-2296
-2001
-1667
-1165
-478
127
404
456
545
692
694
497
319
357
551
756
960
1193
1344
1225
819
298
-207
-721
-1282
-1784
-2064
-2089
-1941
-1671
-1266
-745
-218
224
587
910
1168
1287
1260
1141
941
611
157
-299
-644
-887
-1104
-1283
-1317
-1162
-928
-769
-715
-659
-481
-189
83
200
150
51
-1
-30
-88
-56
339
1287
2748
4499
6162
7099
6575
4405
1397
-1221
-2980
-4487
-6333
-7956
-8039
-6056
-2987
-304
1488
2972
4675
6222
6766
5963
4257
2348
633
-796
-1868
-2485
-2692
-2681
-2547
-2195
-1596
-1037
-905
-1207
-1505
-1410
-1028
-757
-692
-454
332
1583
2856
3760
4135
3952
3285
2334
1270
-42
-1843
-3906
-5383
-5554
-4653
-3620
-3002
-2402
-1150
764
2637
3782
4053
3734
3187
2645
2085
1277
110
-1068
-1687
-1612
-1340
-1372
-1611
-1661
-1486
-1414
-1538
-1539
-1231
-873
-701
-455
255
1305
2144
2530
2761
3092
3266
2861
1868
649
-563
-1768
-2862
-3506
-3491
-2997
-2305
-1426
-233
1115
2180
2693
2769
2586
2092
1243
325
-261
-480
-657
-919
-976
-605
-88
99
-89
-290
-308
-356
-636
-977
-1078
-916
-699
-495
-213
151
431
512
451
322
114
-142
-306
-279
-139
-13
99
262
421
414
162
-223
-572
-806
-939
-996
-945
-727
-332
113
403
412
191
-117
-432
-779
-1183
-1578
-1780
-1518
-533
1215
3436
5638
7342
8099
7474
5334
2193
-1022
-3737
-6059
-8133
-9391
-8902
-6484
-3122
-54
2306
4325
6223
7558
7680
6459
4424
2263
354
-1235
-2456
-3180
-3391
-3262
-2949
-2394
-1570
-805
-589
-966
-1426
-1529
-1374
-1236
-991
-252
1004
2327
3321
3939
4192
3921
3093
1999
875
-460
-2219
-4039
-5125
-5105
-4387
-3577
-2798
-1795
-478
913
2070
2801
3005
2719
2212
1821
1570
1156
438
-244
-456
-283
-280
-772
-1452
-1838
-1883
-1902
-2016
-1992
-1679
-1234
-766
-54
1053
2184
2778
2822
2820
2992
2902
2111
861
-245
-1002
-1660
-2310
-2673
-2546
-2101
-1544
-823
131
1062
1604
1733
1719
1667
1360
673
-137
-685
-872
-869
-783
-526
-53
461
780
845
751
552
203
-308
-852
-1261
-1460
-1469
-1322
-1044
-684
-319
-3
236
365
351
241
158
162
191
192
236
404
586
539
188
-259
-590
-861
-1246
-1679
-1839
-1550
-1005
-523
-194
118
482
779
876
775
530
157
-328
-803
-1078
-1009
-510
504
2094
4106
6023
7077
6657
4742
1991
-712
-2903
-4721
-6385
-7556
-7437
-5624
-2726
70
2064
3499
4896
6175
6648
5837
4043
1981
121
-1474
-2756
-3530
-3723
-3547
-3202
-2597
-1611
-544
38
-34
-328
-358
-152
-23
7
245
843
1578
2193
2653
2931
2815
2159
1174
183
-843
-2195
-3808
-5028
-5196
-4332
-3068
-1965
-1048
-17
1242
2432
3083
2973
2362
1750
1387
1065
454
-357
-885
-836
-512
-443
-745
-1059
-1113
-1047
-1098
-1195
-1105
-834
-582
-330
212
1150
2116
2660
2739
2644
2484
2038
1153
46
-907
-1580
-2102
-2544
-2758
-2560
-1950
-1100
-193
657
1378
1901
2178
2200
1977
1520
861
99
-591
-1045
-1218
-1189
-1045
-802
-455
-73
214
343
352
292
150
-76
-289
-366
-296
-188
-144
-185
-288
-433
-568
-604
-504
-359
-291
-299
-250
-39
287
578
708
635
394
75
-226
-474
-713
-964
-1149
-1152
-951
-639
-320
-36
174
272
289
313
364
312
49
-338
-656
-836
-915
-766
-54
1412
3390
5315
6630
6933
5998
3961
1435
-860
-2719
-4461
-6172
-7182
-6659
-4642
-2126
-38
1591
3230
4921
6048
6036
4940
3283
1497
-257
-1868
-3097
-3731
-3773
-3379
-2652
-1631
-507
293
413
-43
-577
-812
-815
-845
-884
-638
62
1033
1942
2570
2832
2706
2271
1683
914
-301
-2065
-3889
-4956
-4913
-4168
-3334
-2534
-1464
7
1587
2818
3410
3307
2685
1917
1341
925
354
-475
-1187
-1359
-1056
-743
-679
-715
-680
-681
-845
-1042
-1071
-989
-942
-777
-168
836
1706
2058
2102
2244
2426
2224
1487
557
-218
-863
-1510
-2026
-2163
-1944
-1603
-1216
-638
160
912
1352
1507
1562
1547
1318
831
248
-243
-608
-879
-1000
-863
-508
-130
113
246
354
392
239
-123
-530
-810
-941
-1012
-1087
-1143
-1090
-839
-390
75
311
261
161
274
539
629
372
-18
-213
-167
-107
-210
-421
-599
-701
-757
-768
-699
-571
-420
-232
37
365
642
789
807
725
523
181
-252
-690
-1086
-1376
-1346
-680
761
2746
4791
6393
7109
6580
4778
2233
-262
-2325
-4189
-6031
-7295
-7077
-5199
-2574
-294
1388
2943
4595
5845
6010
4984
3280
1468
-214
-1709
-2829
-3292
-3054
-2426
-1768
-1158
-511
41
133
-360
-1064
-1500
-1576
-1514
-1343
-810
183
1329
2259
2880
3229
3204
2696
1834
817
-442
-2105
-3839
-4855
-4713
-3839
-2956
-2243
-1314
48
1507
2560
3015
2984
2645
2170
1704
1257
696
11
-526
-639
-452
-378
-609
-910
-1009
-981
-1081
-1330
-1493
-1395
-1078
-601
83
946
1748
2255
2516
2715
2783
2402
1445
256
-704
-1340
-1870
-2389
-2682
-2532
-1992
-1261
-471
322
1020
1545
1931
2218
2252
1831
1040
279
-155
-350
-566
-855
-1035
-962
-690
-367
-116
-35
-172
-434
-613
-583
-428
-323
-315
-294
-176
-34
-11
-135
-266
-266
-194
-229
-426
-615
-563
-266
50
186
146
69
46
58
31
-88
-276
-424
-426
-303
-191
-149
-79
108
308
340
206
88
74
25
-203
-540
-792
-889
-903
-857
-632
-48
1008
2515
4273
5870
6757
6496
5018
2704
202
-1990
-3799
-5395
-6668
-7045
-6032
-3870
-1423
642
2339
3916
5210
5721
5223
3982
2398
704
-913
-2141
-2755
-2840
-2658
-2337
-1868
-1326
-898
-698
-673
-741
-885
-1048
-1072
-813
-291
375
1110
1886
2588
3008
3002
2600
1916
991
-208
-1607
-2933
-3866
-4262
-4169
-3649
-2737
-1564
-379
654
1587
2437
2959
2867
2301
1754
1465
1143
480
-301
-700
-646
-557
-728
-980
-1047
-977
-953
-945
-806
-584
-447
-326
44
723
1417
1835
1999
2061
2011
1699
1094
345
-399
-1088
-1687
-2110
-2268
-2143
-1751
-1129
-368
387
981
1348
1513
1552
1519
1385
1072
572
21
-391
-599
-689
-757
-786
-720
-585
-466
-420
-408
-363
-245
-61
130
251
252
142
-23
-181
-311
-419
-541
-700
-871
-960
-875
-609
-263
53
308
545
789
960
916
603
138
-270
-505
-621
-722
-808
-782
-592
-290
24
292
490
601
623
569
445
246
-20
-303
-529
-653
-690
-704
-725
-675
-358
400
1603
3048
4424
5364
5473
4510
2668
567
-1240
-2720
-4142
-5436
-5992
-5307
-3603
-1642
60
1555
3016
4238
4772
4418
3403
2102
741
-569
-1683
-2408
-2651
-2504
-2160
-1758
-1309
-789
-283
-9
-105
-437
-696
-692
-502
-255
102
707
1491
2138
2389
2284
2004
1603
972
40
-1115
-2287
-3195
-3563
-3305
-2643
-1916
-1222
-390
650
1619
2139
2145
1896
1626
1355
1003
559
74
-364
-619
-595
-406
-334
-515
-759
-797
-616
-441
-403
-421
-360
-180
125
553
978
1181
1099
957
977
1045
828
244
-404
-785
-908
-994
-1131
-1195
-1079
-822
-509
-145
268
641
869
974
1060
1153
1145
948
606
247
-73
-374
-650
-831
-870
-798
-681
-539
-359
-149
57
218
286
213
24
-148
-190
-157
-207
-373
-495
-431
-264
-184
-226
-256
-193
-114
-81
-23
136
306
327
204
106
120
140
28
-183
-352
-424
-464
-497
-444
-238
56
295
428
509
572
556
370
25
-363
-676
-883
-996
-1018
-947
-800
-571
-191
434
1327
2415
3579
4608
5142
4781
3434
1504
-395
-1941
-3220
-4358
-5156
-5218
-4363
-2835
-1111
453
1752
2813
3592
3919
3636
2803
1687
571
-408
-1210
-1767
-2012
-1975
-1775
-1489
-1128
-749
-488
-436
-534
-662
-753
-766
-610
-216
330
858
1306
1738
2133
2288
2039
1478
813
75
-857
-1932
-2809
-3157
-2980
-2522
-1944
-1238
-406
428
1152
1722
2071
2083
1781
1393
1130
922
547
-1
-435
-528
-380
-258
-288
-406
-548
-711
-857
-910
-880
-872
-903
-803
-406
211
793
1174
1395
1539
1567
1366
921
339
-256
-790
-1199
-1408
-1385
-1207
-975
-702
-325
133
516
692
703
713
795
867
829
698
542
381
201
23
-120
-261
-471
-725
-895
-880
-741
-614
-536
-419
-193
87
294
352
293
210
167
156
101
-71
-333
-539
-535
-312
-24
183
306
426
550
574
425
153
-124
-341
-504
-628
-703
-705
-603
-381
-58
284
541
665
673
598
438
187
-116
-397
-612
-781
-935
-1056
-1080
-978
-803
-608
-341
124
853
1789
2858
3989
4957
5302
4625
3007
978
-971
-2733
-4344
-5581
-6021
-5476
-4161
-2454
-613
1193
2772
3935
4562
4579
3966
2851
1517
222
-936
-1900
-2526
-2686
-2434
-1955
-1379
-784
-331
-187
-291
-398
-402
-444
-612
-672
-332
372
1123
1704
2144
2470
2545
2231
1574
704
-339
-1522
-2628
-3330
-3459
-3123
-2531
-1787
-895
110
1093
1874
2300
2297
1927
1396
937
639
401
99
-225
-396
-334
-186
-176
-357
-605
-809
-989
-1169
-1262
-1169
-919
-623
-314
70
525
929
1177
1284
1294
1183
903
510
123
-209
-533
-872
-1139
-1231
-1145
-965
-758
-519
-219
130
466
721
871
953
1017
1060
1015
814
477
109
-188
-394
-561
-739
-917
-1022
-977
-761
-436
-113
132
298
429
545
604
546
361
104
-127
-276
-358
-423
-481
-471
-337
-106
127
287
371
403
377
283
139
-13
-154
-287
-396
-438
-399
-322
-263
-209
-109
45
179
204
131
59
54
64
-12
-183
-346
-431
-477
-568
-699
-790
-808
-786
-704
-447
81
854
1785
2821
3865
4613
4630
3721
2140
378
-1248
-2717
-4040
-5001
-5238
-4556
-3122
-1374
256
1577
2631
3462
3933
3820
3077
1941
732
-364
-1262
-1854
-2037
-1856
-1496
-1083
-635
-197
61
9
-265
-563
-764
-877
-901
-777
-458
57
752
1552
2230
2501
2316
1901
1452
846
-151
-1463
-2633
-3246
-3257
-2894
-2335
-1618
-758
177
1078
1805
2161
2033
1544
1016
669
440
153
-182
-352
-225
70
249
145
-177
-545
-856
-1112
-1334
-1480
-1479
-1296
-949
-459
151
798
1338
1677
1841
1885
1764
1372
733
54
-469
-819
-1090
-1327
-1466
-1450
-1271
-938
-498
-61
260
477
707
980
1166
1127
924
743
674
636
524
337
122
-90
-276
-420
-534
-665
-805
-862
-779
-622
-494
-387
-207
84
390
586
628
564
462
362
252
102
-97
-292
-391
-366
-287
-232
-215
-198
-185
-222
-327
-456
-547
-588
-580
-491
-289
-20
206
314
347
398
489
548
486
290
18
-246
-452
-607
-749
-910
-1075
-1197
-1239
-1208
-1124
-970
-654
-41
936
2198
3559
4800
5673
5852
5060
3364
1240
-797
-2591
-4238
-5624
-6304
-5928
-4619
-2838
-971
799
2359
3597
4438
4802
4546
3597
2181
759
-344
-1115
-1661
-1962
-1941
-1643
-1230
-839
-560
-507
-735
-1102
-1340
-1318
-1135
-891
-505
148
1019
1887
2573
2999
3093
2761
2005
982
-148
-1328
-2491
-3392
-3721
-3409
-2733
-2025
-1342
-524
450
1304
1716
1659
1396
1179
1036
846
561
274
112
108
177
191
81
-137
-411
-719
-1046
-1358
-1602
-1726
-1675
-1374
-811
-115
533
1068
1555
2000
2240
2118
1683
1133
574
-30
-691
-1270
-1597
-1641
-1502
-1272
-954
-534
-66
338
598
732
823
918
979
962
907
906
965
963
787
468
127
-181
-507
-892
-1269
-1514
-1550
-1392
-1100
-717
-255
270
793
1186
1344
1267
1038
727
356
-42
-380
-582
-653
-647
-598
-510
-410
-350
-337
-317
-262
-207
-191
-187
-134
-9
149
293
408
480
492
446
366
260
95
-141
-396
-575
-634
-610
-564
-510
-435
-360
-337
-378
-401
-329
-184
-81
-67
-42
135
499
965
1489
2137
2940
3715
4088
3753
2702
1225
-300
-1646
-2790
-3788
-4543
-4758
-4153
-2779
-1089
430
1625
2667
3629
4242
4144
3327
2179
1090
142
-736
-1491
-1961
-2112
-2080
-1937
-1607
-1095
-661
-591
-824
-996
-877
-608
-422
-270
105
798
1589
2181
2477
2525
2333
1852
1101
180
-830
-1901
-2917
-3598
-3702
-3257
-2552
-1835
-1113
-266
687
1526
2022
2139
2020
1823
1608
1368
1094
791
469
167
-73
-276
-555
-989
-1496
-1879
-2026
-1995
-1875
-1628
-1145
-413
443
1264
1937
2386
2561
2486
2219
1776
1123
292
-553
-1238
-1699
-1972
-2069
-1962
-1639
-1135
-526
82
555
823
952
1069
1203
1267
1211
1096
985
839
600
309
53
-187
-491
-842
-1100
-1177
-1154
-1144
-1117
-952
-606
-181
212
545
834
1053
1158
1125
952
648
252
-132
-418
-614
-790
-953
-1020
-932
-745
-558
-384
-161
123
388
555
626
644
609
502
334
164
22
-105
-212
-273
-288
-316
-389
-450
-421
-321
-241
-228
-232
-213
-209
-278
-387
-427
-358
-253
-205
-207
-161
10
307
689
1179
1865
2764
3674
4196
3995
3059
1673
178
-1247
-2566
-3733
-4601
-4945
-4557
-3408
-1752
-30
1447
2684
3785
4606
4771
4101
2874
1551
349
-764
-1756
-2436
-2688
-2633
-2409
-2002
-1392
-769
-417
-398
-484
-456
-331
-210
-44
335
969
1677
2231
2550
2651
2519
2075
1295
263
-906
-2121
-3243
-4007
-4157
-3691
-2896
-2064
-1212
-184
1020
2099
2700
2736
2427
2062
1750
1407
922
330
-174
-422
-469
-543
-783
-1095
-1320
-1456
-1603
-1727
-1661
-1335
-875
-372
256
1079
1912
2444
2584
2504
2317
1903
1138
169
-705
-1334
-1773
-2064
-2139
-1948
-1570
-1100
-547
81
642
973
1084
1146
1244
1281
1154
938
777
677
514
236
-61
-278
-451
-659
-878
-1008
-1012
-954
-892
-788
-578
-262
94
425
709
930
1059
1062
936
699
381
13
-361
-695
-945
-1093
-1140
-1083
-903
-605
-256
40
218
287
293
263
208
156
142
152
144
108
78
83
90
46
-62
-201
-350
-497
-625
-702
-705
-634
-502
-331
-160
-31
60
140
191
134
-71
-323
-449
-371
-133
255
916
1951
3218
4342
4951
4842
3970
2431
525
-1326
-2863
-4132
-5192
-5764
-5379
-3928
-1902
54
1686
3109
4344
5100
5049
4183
2822
1337
-44
-1224
-2130
-2690
-2874
-2737
-2372
-1848
-1223
-644
-338
-415
-715
-923
-872
-639
-343
59
677
1485
2289
2859
3054
2826
2226
1378
367
-839
-2239
-3567
-4354
-4330
-3696
-2873
-2063
-1140
28
1297
2313
2797
2735
2346
1918
1605
1326
886
269
-283
-509
-445
-390
-562
-915
-1259
-1507
-1674
-1730
-1607
-1335
-1035
-700
-133
770
1758
2412
2582
2508
2404
2142
1478
488
-439
-1055
-1472
-1864
-2140
-2088
-1718
-1263
-852
-381
209
738
991
1008
1021
1129
1195
1089
885
732
629
452
160
-146
-370
-543
-735
-920
-996
-920
-748
-549
-324
-45
260
511
644
649
575
478
389
278
79
-219
-519
-693
-718
-676
-623
-502
-275
-37
66
11
-69
-62
-6
10
-22
-36
-12
6
-8
-22
-9
7
-2
-16
-20
-60
-180
-328
-386
-317
-210
-171
-187
-187
-146
-107
-73
8
123
166
51
-156
-305
-342
-351
-426
-533
-560
-423
-116
363
1058
1973
2982
3847
4297
4130
3267
1809
70
-1553
-2830
-3802
-4538
-4843
-4325
-2905
-1066
539
1702
2689
3650
4267
4126
3260
2095
946
-172
-1227
-1963
-2176
-2012
-1792
-1609
-1317
-893
-582
-609
-896
-1171
-1259
-1156
-867
-344
417
1289
2099
2725
3080
3062
2605
1769
712
-447
-1680
-2920
-3930
-4382
-4118
-3295
-2254
-1218
-191
892
1956
2760
3080
2885
2374
1815
1355
935
440
-113
-547
-745
-818
-994
-1333
-1676
-1863
-1902
-1865
-1712
-1342
-767
-119
535
1242
1992
2594
2839
2711
2347
1841
1171
339
-542
-1321
-1920
-2297
-2394
-2191
-1775
-1293
-811
-304
222
670
949
1072
1128
1177
1211
1218
1176
1034
723
259
-214
-542
-709
-841
-1016
-1168
-1164
-970
-674
-371
-77
219
485
664
730
700
607
464
280
71
-134
-305
-433
-524
-572
-551
-429
-226
-30
70
59
4
-20
1
20
-22
-139
-275
-345
-313
-227
-149
-81
36
221
400
476
436
352
286
212
67
-148
-346
-424
-377
-282
-227
-215
-209
-181
-131
-52
64
184
229
179
100
61
32
-71
-251
-408
-453
-380
-198
161
777
1623
2535
3291
3662
3450
2583
1245
-179
-1382
-2358
-3272
-4083
-4406
-3842
-2453
-781
632
1691
2626
3491
3960
3703
2802
1658
547
-531
-1556
-2285
-2488
-2265
-1924
-1584
-1091
-411
153
247
-88
-439
-494
-336
-210
-150
43
516
1169
1761
2133
2241
2065
1564
745
-299
-1416
-2435
-3168
-3436
-3176
-2505
-1637
-721
210
1119
1876
2302
2308
1957
1425
907
502
165
-209
-593
-789
-651
-336
-192
-370
-665
-805
-789
-817
-944
-973
-741
-304
175
647
1142
1592
1851
1877
1743
1467
968
260
-457
-976
-1315
-1595
-1789
-1721
-1343
-845
-410
-25
384
732
864
802
744
792
829
722
540
441
448
434
313
119
-91
-322
-582
-832
-1012
-1106
-1101
-960
-667
-289
84
428
760
1038
1160
1073
838
560
276
-26
-319
-527
-594
-547
-462
-375
-267
-121
21
84
51
-10
-20
18
37
18
21
105
252
392
479
508
473
364
198
-2
-214
-410
-531
-549
-524
-531
-533
-430
-223
-59
-30
-35
56
198
251
215
223
290
259
67
-108
-102
-26
-121
-391
-599
-628
-621
-712
-792
-657
-270
277
987
1918
2938
3696
3882
3449
2531
1289
-94
-1403
-2515
-3452
-4168
-4358
-3693
-2276
-674
618
1608
2566
3448
3844
3474
2554
1521
557
-411
-1327
-1889
-1918
-1647
-1439
-1333
-1058
-539
-141
-243
-726
-1094
-1054
-776
-520
-236
299
1081
1841
2347
2567
2528
2162
1433
464
-578
-1640
-2678
-3479
-3735
-3344
-2540
-1627
-707
277
1314
2217
2735
2710
2192
1444
801
407
96
-350
-849
-1058
-804
-366
-176
-343
-616
-767
-848
-977
-1099
-1050
-810
-481
-68
544
1325
1999
2297
2237
2022
1709
1144
251
-762
-1575
-2048
-2248
-2242
-1996
-1485
-813
-130
473
944
1213
1234
1068
858
685
519
322
154
100
145
185
148
57
-66
-251
-513
-758
-860
-796
-666
-544
-385
-94
327
759
1052
1142
1063
893
687
444
143
-189
-462
-607
-628
-595
-543
-451
-301
-130
0
50
32
-10
-17
51
182
300
328
272
199
164
158
130
37
-120
-290
-405
-443
-452
-488
-520
-458
-271
-47
103
157
172
178
158
115
81
55
-17
-141
-239
-226
-135
-79
-97
-124
-100
-55
-46
-66
-65
-38
-24
-34
-48
-71
-148
-282
-411
-472
-487
-513
-555
-549
-448
-254
29
415
918
1509
2142
2744
3175
3226
2726
1702
403
-855
-1878
-2670
-3304
-3731
-3705
-2999
-1700
-247
917
1710
2362
2984
3332
3082
2271
1293
469
-225
-928
-1551
-1854
-1791
-1604
-1483
-1336
-1012
-629
-475
-603
-730
-594
-257
64
343
743
1317
1889
2242
2314
2122
1674
985
147
-753
-1686
-2572
-3177
-3260
-2844
-2180
-1461
-666
245
1141
1824
2208
2311
2137
1716
1213
831
563
221
-249
-623
-687
-562
-572
-822
-1101
-1204
-1188
-1197
-1186
-990
-580
-100
366
894
1503
1995
2141
1945
1606
1214
676
-50
-814
-1405
-1763
-1944
-1942
-1710
-1296
-845
-426
17
501
900
1089
1107
1095
1087
1017
860
688
543
370
118
-155
-363
-514
-692
-909
-1065
-1070
-943
-767
-567
-296
82
505
853
1060
1144
1133
1010
762
450
162
-90
-353
-594
-705
-654
-576
-592
-630
-520
-264
-48
16
39
164
356
474
492
522
618
686
617
431
222
47
-102
-240
-369
-474
-531
-508
-417
-325
-268
-198
-47
154
304
370
420
513
600
596
493
362
245
130
5
-110
-195
-277
-382
-487
-533
-477
-336
-161
-7
115
219
309
353
322
243
187
179
167
90
-38
-147
-207
-240
-262
-255
-204
-150
-132
-139
-131
-99
-76
-78
-80
-63
-43
-42
-48
-40
-25
-22
-28
-30
-51
-112
-193
-229
-210
-203
-253
-314
-316
-291
-336
-461
-535
-426
-152
163
453
777
1228
1796
2308
2506
2184
1383
409
-392
-929
-1397
-1968
-2499
-2618
-2113
-1172
-212
489
980
1453
1948
2266
2165
1632
899
230
-285
-679
-950
-1040
-972
-868
-785
-634
-348
-82
-84
-370
-657
-683
-491
-304
-191
7
419
955
1393
1577
1512
1271
914
445
-152
-869
-1595
-2125
-2284
-2064
-1612
-1088
-562
-25
527
1026
1355
1422
1262
1018
821
654
413
84
-188
-272
-216
-211
-362
-574
-700
-741
-821
-978
-1072
-938
-593
-201
150
540
1033
1499
1705
1579
1275
955
609
134
-445
-957
-1254
-1339
-1287
-1139
-898
-578
-224
123
426
642
749
767
733
663
562
464
411
381
306
170
34
-54
-134
-286
-508
-694
-749
-679
-567
-450
-295
-57
249
535
726
808
822
792
691
488
203
-84
-292
-418
-499
-553
-544
-444
-288
-149
-66
-13
44
96
102
59
33
77
171
244
267
277
306
314
235
70
-108
-242
-350
-467
-571
-597
-520
-365
-176
32
235
393
474
480
439
373
282
159
4
-154
-268
-291
-235
-167
-142
-149
-141
-108
-83
-82
-69
-11
73
134
162
184
214
227
200
148
119
111
76
-24
-157
-240
-231
-167
-119
-110
-94
-19
99
192
222
219
226
237
201
113
24
-19
-33
-65
-107
-108
-67
-53
-109
-188
-204
-151
-101
-92
-81
-23
60
101
100
111
156
178
123
20
-49
-56
-56
-98
-149
-153
-111
-60
-22
17
63
90
92
102
128
119
38
-76
-132
-82
52
229
410
507
417
121
-248
-507
-601
-622
-669
-716
-633
-346
69
439
645
719
754
763
653
368
-6
-315
-505
-627
-712
-698
-547
-325
-131
29
205
369
421
343
235
188
157
62
-77
-154
-121
-47
-17
-41
-77
-108
-125
-102
-37
0
-78
-246
-366
-327
-185
-95
-128
-201
-172
27
364
758
1121
1358
1397
1241
958
609
197
-289
-812
-1267
-1544
-1591
-1423
-1102
-695
-239
254
757
1177
1403
1409
1266
1045
743
340
-90
-409
-566
-648
-731
-764
-650
-436
-288
-305
-407
-456
-418
-352
-280
-149
91
404
714
958
1118
1168
1087
863
504
36
-485
-965
-1309
-1462
-1439
-1293
-1056
-711
-259
238
656
904
981
949
857
724
547
339
118
-90
-236
-283
-258
-237
-277
-356
-421
-454
-476
-499
-497
-434
-298
-93
176
488
784
992
1071
1026
892
679
374
-19
-421
-735
-912
-985
-984
-886
-666
-374
-108
99
286
467
588
594
524
457
421
369
276
168
82
11
-75
-188
-316
-432
-501
-507
-479
-451
-411
-305
-103
145
359
497
578
629
649
601
462
243
-7
-228
-381
-462
-478
-441
-373
-292
-208
-113
-7
77
117
130
162
214
254
251
219
187
163
142
113
64
-27
-150
-258
-306
-306
-304
-303
-267
-175
-57
50
152
262
360
400
366
296
231
163
56
-90
-225
-287
-268
-213
-174
-159
-139
-90
-22
39
80
105
116
121
127
149
176
178
146
105
80
54
-22
-157
-289
-348
-317
-251
-195
-141
-67
30
133
225
293
304
246
155
94
77
53
-24
-121
-175
-172
-154
-150
-144
-118
-86
-62
-33
13
55
68
76
109
167
194
174
133
99
66
15
-44
-102
-164
-226
-253
-221
-158
-107
-70
-11
76
158
208
239
253
226
150
71
32
15
-30
-104
-157
-159
-134
-117
-108
-91
-66
-38
3
59
105
109
86
74
100
133
138
113
85
72
66
41
-7
-63
-103
-122
-132
-136
-127
-93
-43
13
59
96
122
129
114
80
39
7
-9
-12
-23
-47
-69
-68
-46
-28
-32
-50
-65
-69
-53
-13
38
73
78
73
86
109
109
77
37
7
-20
-52
-73
-73
-70
-82
-97
-80
-31
12
21
19
37
80
110
98
57
19
3
9
18
17
10
5
6
7
5
-5
-23
-44
-58
-56
-38
-17
0
16
32
47
57
66
74
71
52
24
0
-11
-15
-23
-41
-67
-90
-88
-53
-15
-2
-14
-15
17
62
86
88
89
96
92
63
18
-23
-50
-74
-96
-106
-99
-80
-65
-57
-52
-39
-10
29
70
95
96
81
63
54
52
49
39
21
0
-14
-17
-11
-1
-4
-18
-35
-45
-45
-37
-22
0
29
59
82
92
92
93
101
107
99
62
7
-41
-66
-70
-71
-74
-73
-62
-39
-18
0
13
27
35
34
27
20
17
17
17
14
13
13
11
3
-9
-25
-42
-61
-81
-95
-90
-64
-27
3
18
38
75
126
156
140
88
35
2
-18
-48
-96
-138
-151
-130
-95
-67
-50
-32
-2
41
85
119
132
123
102
84
75
66
39
-9
-65
-104
-119
-121
-124
-126
-116
-82
-28
31
76
102
115
128
137
137
114
73
30
-2
-21
-37
-52
-75
-98
-119
-128
-121
-103
-83
-66
-45
-10
39
89
125
140
137
130
124
115
82
22
-46
-96
-117
-131
-153
-170
-146
-66
53
173
256
278
235
146
54
-5
-30
-65
-138
-214
-221
-141
-42
-3
-30
-43
13
98
128
80
8
-35
-53
-71
-79
-57
-20
-4
-7
19
90
147
125
43
-18
-24
-20
-50
-91
-85
-31
30
71
100
118
105
65
33
26
8
-64
-159
-205
-165
-91
-53
-59
-67
-36
33
117
183
214
208
204
238
300
329
279
173
70
-4
-70
-153
-253
-349
-424
-443
-377
-235
-81
38
141
275
421
492
444
327
227
151
40
-119
-255
-304
-291
-276
-263
-207
-110
-29
-9
-15
7
42
32
-23
-50
-4
78
139
178
228
277
272
196
99
24
-57
-189
-334
-408
-375
-297
-237
-174
-52
119
260
318
312
286
247
174
78
-3
-49
-68
-74
-69
-50
-35
-37
-51
-68
-86
-113
-130
-125
-101
-67
-23
42
125
203
243
246
227
186
120
24
-86
-186
-256
-284
-272
-229
-164
-92
-18
49
99
123
126
112
91
66
37
15
13
41
84
112
110
89
67
40
-9
-79
-140
-164
-161
-150
-136
-98
-30
53
120
160
178
176
152
113
66
19
-30
-72
-96
-91
-62
-23
15
40
43
32
23
21
21
6
-18
-34
-30
-15
-1
12
26
35
33
19
4
-11
-36
-67
-90
-96
-85
-64
-37
0
39
68
83
85
69
31
-15
-47
-52
-41
-34
-30
-19
5
38
71
92
94
77
52
29
6
-29
-70
-102
-109
-94
-66
-35
-10
4
17
39
70
93
92
72
48
29
16
10
9
4
-10
-25
-26
-14
-6
-8
-10
1
22
35
39
39
35
26
20
23
27
14
-18
-44
-44
-30
-32
-53
-68
-58
-29
2
29
53
75
89
90
79
61
38
13
-11
-30
-43
-43
-37
-34
-39
-49
-52
-45
-41
-48
-57
-54
-40
-29
-20
-3
31
68
84
79
69
62
54
28
-10
-44
-61
-68
-73
-76
-69
-50
-23
2
24
48
74
96
107
111
113
108
85
43
-9
-56
-91
-118
-139
-151
-143
-114
-69
-15
48
106
152
176
181
169
135
83
31
-5
-25
-41
-60
-75
-76
-67
-56
-49
-44
-39
-34
-28
-14
14
49
77
89
95
101
107
92
44
-21
-72
-99
-118
-137
-147
-131
-83
-22
33
74
96
97
84
69
59
40
6
-30
-42
-28
-4
12
18
18
13
3
-9
-27
-53
-84
-104
-97
-67
-27
7
33
55
79
99
113
110
89
58
27
1
-18
-28
-29
-20
-7
9
28
45
55
49
33
16
7
9
13
14
13
13
17
27
33
29
13
-7
-22
-38
-53
-69
-73
-58
-27
9
44
73
92
99
94
72
34
-15
-64
-95
-99
-88
-75
-64
-44
-11
28
57
66
55
33
7
-20
-40
-56
-61
-55
-37
-9
23
57
81
90
82
66
43
12
-21
-53
-75
-79
-67
-38
-4
23
40
47
48
44
32
14
-2
-12
-14
-11
-4
4
16
30
41
41
29
9
-10
-24
-34
-38
-35
-25
-7
13
36
54
61
56
44
32
20
7
-15
-35
-45
-42
-30
-16
-6
2
10
16
17
13
2
-9
-17
-20
-19
-15
-7
3
16
27
33
36
36
29
17
4
-5
-10
-18
-26
-27
-19
-8
-2
-2
0
6
10
10
7
6
8
9
5
-2
-10
-16
-19
-17
-10
-1
5
10
18
27
38
44
43
38
30
22
13
3
-1
-2
-1
-2
0
3
7
7
5
3
9
17
23
25
27
32
40
47
50
48
43
35
26
12
-4
-18
-27
-30
-26
-15
0
20
42
62
77
76
63
51
39
30
13
-9
-26
-28
-22
-16
-15
-11
-2
5
2
-11
-29
-45
-55
-54
-40
-18
6
26
43
59
69
66
50
28
7
-18
-43
-66
-77
-71
-57
-37
-17
1
14
25
33
40
39
28
14
6
7
9
7
5
7
13
15
11
-1
-12
-24
-31
-30
-27
-22
-14
1
18
32
39
40
40
39
32
21
9
-2
-13
-17
-14
-6
1
6
11
14
14
10
1
-4
-7
-10
-14
-10
2
12
20
27
30
32
29
24
16
9
1
-4
-3
1
4
6
6
11
20
29
33
32
28
25
24
21
13
2
-5
-2
6
13
14
11
13
17
22
23
17
13
14
24
33
35
35
31
28
25
19
14
7
0
-8
-12
-10
-5
1
9
18
32
42
50
51
48
40
25
10
-6
-19
-30
-34
-27
-18
-10
0
14
30
44
51
55
58
57
51
42
38
39
35
26
17
13
9
-1
-15
-25
-28
-27
-24
-17
-4
14
31
46
59
65
63
56
43
30
19
7
-2
-6
-8
-8
-10
-12
-12
-7
-3
-2
-6
-7
-5
1
4
3
4
9
17
25
30
33
30
25
16
8
-2
-14
-25
-32
-35
-34
-31
-20
-3
13
26
37
50
60
64
62
58
53
46
40
32
21
12
4
-1
-4
-7
-8
-7
-2
5
11
18
27
38
46
51
54
54
51
49
48
46
38
24
11
0
-8
-14
-13
-4
5
10
11
15
24
32
31
28
26
25
26
26
27
31
32
29
21
11
1
-9
-15
-18
-16
-13
-9
-7
-6
-5
3
13
26
36
47
57
61
54
42
32
28
23
15
4
-4
-8
-14
-21
-25
-26
-23
-17
-8
6
21
34
41
42
38
32
26
20
14
13
13
9
2
-5
-5
-1
-1
-7
-11
-6
4
11
14
18
25
34
41
47
54
57
52
41
25
12
1
-5
-6
-4
-5
-7
-9
-8
-5
-4
-3
3
15
28
35
37
39
43
42
34
24
15
7
-1
-8
-11
-10
-12
-16
-21
-20
-9
6
21
34
43
49
49
43
32
20
9
0
-7
-10
-7
-2
4
7
9
10
11
10
11
17
24
32
38
39
37
34
31
29
27
24
19
10
-1
-7
-9
-6
-2
0
5
10
18
27
34
39
40
40
36
31
28
24
18
10
5
-2
-6
-8
-9
-7
-2
-1
-1
1
4
6
10
15
24
33
38
41
41
38
32
23
13
4
-1
-4
-5
-6
-3
2
7
9
9
9
14
21
24
26
30
33
36
34
30
26
23
20
18
16
13
13
14
15
12
9
10
14
23
30
36
40
39
36
28
15
3
-5
-8
-8
-10
-14
-14
-11
-7
-2
5
15
25
29
32
35
37
39
37
32
26
18
10
1
-6
-10
-13
-13
-10
-7
-4
0
6
10
11
12
15
21
25
29
33
37
37
30
23
20
19
14
5
1
3
6
7
5
7
12
16
16
14
12
13
15
15
14
15
17
21
24
21
19
18
23
27
26
24
22
22
18
9
-1
-5
-4
2
9
17
26
34
37
38
38
37
35
30
25
22
17
14
10
9
8
6
2
-3
-6
-8
-8
-6
-1
6
15
25
32
37
41
45
47
46
39
26
10
-3
-10
-14
-14
-13
-9
-1
9
16
19
22
26
32
32
28
21
17
16
17
20
24
25
25
23
21
15
5
-5
-11
-9
-4
0
5
13
24
34
38
34
28
26
27
24
19
14
13
13
9
5
0
-3
-3
1
4
5
4
3
6
11
16
20
23
29
35
39
36
32
26
22
15
9
1
-4
-7
-6
-3
0
4
8
10
13
13
13
14
13
10
5
1
3
6
7
4
3
4
3
0
-3
-3
1
2
1
1
8
19
26
26
26
24
24
23
21
17
13
7
2
-1
-1
2
10
20
27
30
27
26
24
24
24
25
25
24
24
25
25
24
24
24
26
24
23
25
28
32
32
29
27
26
25
24
21
15
5
-3
-7
-7
-3
-1
3
10
15
19
24
30
34
32
29
24
24
22
17
10
6
3
4
2
-1
-2
0
1
1
0
0
5
13
22
27
27
25
24
24
24
26
25
25
25
25
22
18
14
14
17
21
24
27
29
31
30
27
25
24
26
25
26
26
25
23
19
14
12
13
17
18
14
13
19
26
27
23
19
14
11
7
4
3
6
9
12
16
17
15
15
18
24
27
23
15
13
14
17
17
14
13
15
16
13
5
-3
-8
-11
-8
0
8
16
22
28
32
33
32
28
22
15
8
6
8
7
4
1
1
6
9
12
16
20
23
24
25
24
24
23
19
14
12
12
14
16
16
16
20
24
25
25
24
25
26
25
28
31
33
29
24
23
26
27
27
24
26
26
26
26
26
26
26
25
26
26
22
18
13
12
13
14
15
17
22
28
34
37
37
34
32
29
25
19
13
5
-4
-12
-14
-10
-4
3
10
19
29
34
33
30
26
22
17
9
2
-2
-5
-5
-4
-2
-1
1
4
8
12
18
23
26
25
25
27
31
32
29
29
31
30
25
16
9
4
-1
-5
-3
3
11
18
26
33
38
36
31
28
27
22
13
3
-5
-4
2
8
12
13
13
13
13
13
12
9
5
2
4
8
13
13
13
13
12
8
4
2
5
6
4
4
4
6
5
4
5
6
5
3
4
6
5
2
0
0
-2
-1
3
10
18
21
22
22
24
23
21
20
17
14
11
10
13
13
14
14
20
26
29
28
27
26
24
19
14
12
9
8
7
12
16
17
16
13
14
17
17
18
22
28
31
32
29
26
21
17
16
18
20
20
17
20
24
27
26
23
24
25
25
24
23
23
19
14
12
14
19
22
25
27
31
35
36
36
33
30
26
22
20
18
18
18
14
8
4
2
2
3
3
4
5
4
5
4
5
5
5
5
4
2
-2
-6
-8
-10
-10
-8
-3
4
12
19
24
25
26
26
26
24
23
20
17
12
6
2
1
0
-1
-2
4
10
18
24
30
33
31
27
23
21
18
14
12
13
17
14
7
2
4
7
8
11
18
25
28
26
24
24
22
16
8
3
3
5
5
4
3
6
9
13
16
19
22
25
26
26
26
27
30
32
31
25
19
15
13
11
8
6
6
10
15
18
18
17
15
14
9
5
-1
-1
5
13
21
23
23
23
22
24
27
28
29
25
23
23
23
19
13
12
15
18
17
14
15
15
15
15
14
16
15
14
15
15
15
14
14
16
15
11
6
-1
-4
-3
2
6
10
15
21
26
28
24
22
24
26
25
21
16
15
13
12
14
15
13
13
13
15
15
13
14
14
15
14
14
14
15
12
9
6
3
4
3
4
6
5
4
4
7
10
14
15
15
13
12
14
13
11
8
4
3
4
4
4
3
2
1
-1
-3
-2
0
4
5
7
6
10
16
21
24
24
24
25
25
25
24
25
24
25
24
25
24
24
24
25
24
24
22
17
13
12
17
23
27
31
32
29
26
25
25
26
26
25
23
20
15
13
13
17
19
18
21
29
35
34
26
18
16
18
19
17
18
18
18
18
18
18
18
17
14
11
8
3
3
7
13
15
18
20
23
23
21
20
22
22
17
13
9
10
13
12
12
12
13
12
13
15
19
23
23
21
18
17
15
12
9
11
13
14
12
10
8
6
4
5
10
15
17
13
11
13
14
13
9
4
1
-1
-3
-2
1
6
11
15
16
15
14
14
15
14
14
14
14
15
14
14
13
9
4
-1
-1
4
8
10
15
18
22
24
25
25
25
24
24
25
25
25
24
25
25
25
24
25
29
30
28
23
18
16
18
17
13
8
6
8
7
5
1
3
14
23
26
23
23
25
25
24
23
24
26
24
23
24
25
25
23
24
26
25
23
24
27
29
31
28
28
26
23
20
18
15
13
15
16
15
14
15
15
15
14
16
20
25
26
25
24
23
19
12
5
3
4
7
7
10
14
18
16
12
7
4
4
3
3
0
-2
-1
3
7
5
2
3
5
6
6
10
15
19
16
16
21
27
21
11
10
14
14
6
0
3
12
16
15
13
15
15
14
14
14
15
14
13
15
15
14
13
14
12
8
4
1
3
6
5
4
5
10
19
25
26
20
13
7
6
3
0
-3
-2
1
4
11
18
25
30
31
30
28
23
17
13
9
7
5
8
13
18
17
15
14
15
16
15
15
15
16
15
14
15
15
15
14
15
15
13
9
4
3
4
6
11
15
18
21
20
19
15
10
5
3
3
6
4
5
9
14
16
17
15
14
15
15
15
15
15
14
14
12
8
4
3
5
5
5
4
5
6
6
3
4
6
8
11
14
17
17
15
15
19
24
26
25
22
20
13
7
4
5
10
14
16
16
16
14
14
16
15
15
15
18
23
25
21
13
9
6
5
5
5
5
6
12
16
17
17
14
14
15
16
14
11
8
7
9
13
17
17
15
13
13
10
7
3
5
11
16
14
12
13
17
17
14
13
15
19
18
19
20
22
16
6
2
2
2
0
1
9
15
13
8
8
12
13
9
8
10
12
10
8
11
17
21
20
19
18
14
9
8
10
11
11
10
9
9
8
5
2
4
8
13
15
14
14
13
11
7
3
2
5
9
14
17
23
28
31
30
27
21
15
14
14
14
11
9
13
18
19
15
13
16
17
16
14
15
17
17
18
21
26
29
30
30
28
24
18
17
20
22
21
19
19
21
21
19
19
19
21
20
20
19
20
16
13
10
9
10
11
11
11
11
11
10
11
7
3
1
3
6
6
6
9
15
19
17
13
13
12
9
4
3
3
8
11
14
15
15
13
11
8
4
-3
-6
-2
5
11
18
24
29
30
29
26
24
24
24
22
18
10
5
2
4
7
5
4
5
5
6
6
10
16
18
16
12
14
16
16
14
14
15
16
15
14
16
15
15
14
15
16
18
20
26
32
34
28
20
14
12
9
7
7
8
12
14
16
20
21
19
12
6
7
11
11
10
13
18
22
19
16
13
11
8
7
10
14
19
22
25
26
23
14
5
0
-2
0
6
12
19
23
25
25
23
20
15
13
14
16
17
14
14
15
15
13
6
-1
-3
-1
5
13
20
26
30
31
27
23
16
13
14
15
16
17
15
14
13
8
3
-1
-3
0
4
9
14
19
22
23
21
15
10
8
6
5
2
2
5
6
5
3
4
6
7
5
6
13
21
23
24
21
15
6
-3
-5
-1
2
5
8
17
25
29
27
23
21
18
13
10
11
14
18
21
23
22
19
14
12
11
12
13
14
18
25
30
28
20
14
11
10
9
9
9
10
12
15
19
21
20
17
18
20
22
24
24
27
25
24
22
20
16
14
13
15
18
21
23
24
26
22
17
13
11
8
7
10
17
23
26
25
23
20
15
8
4
3
6
10
17
24
26
25
22
19
14
11
7
4
5
9
15
23
27
27
24
23
22
19
14
12
17
24
27
27
24
24
26
26
24
24
26
26
25
18
15
13
15
16
15
14
15
16
16
14
14
15
16
13
8
5
4
4
7
10
14
16
16
16
15
13
9
5
3
5
8
13
18
23
26
26
24
24
23
21
16
13
13
16
17
15
14
15
17
15
17
22
27
26
24
24
25
26
25
25
25
26
26
24
25
26
25
24
25
25
25
25
24
25
25
24
26
25
25
24
25
26
25
24
24
24
22
16
12
13
16
18
14
14
16
16
15
14
14
17
16
12
8
5
4
5
11
17
19
16
12
15
17
14
8
4
4
6
8
12
15
17
16
14
13
11
6
2
3
10
15
18
15
12
8
5
3
4
6
6
5
8
15
22
25
24
24
22
19
14
11
9
8
5
2
4
8
13
18
23
25
26
25
24
21
17
13
14
17
16
14
14
16
16
15
14
14
17
15
14
15
17
16
14
15
20
24
25
23
21
18
16
14
16
16
18
19
22
26
26
25
24
25
24
22
18
15
13
14
16
17
16
14
15
16
18
21
21
21
18
13
13
15
18
15
13
15
18
16
13
14
15
13
5
1
3
6
6
4
4
5
5
4
4
5
6
5
4
5
6
5
3
5
6
5
2
-1
-1
2
6
12
14
12
10
11
12
12
11
12
14
12
12
12
13
14
14
19
23
25
21
20
20
23
22
21
22
22
22
21
21
21
22
22
20
22
22
21
20
22
22
21
21
22
21
21
20
16
13
10
5
4
3
5
8
13
16
21
24
25
24
24
22
20
18
14
12
15
21
25
26
24
26
30
32
28
25
24
24
21
15
12
13
17
17
15
14
19
23
26
25
24
24
25
25
24
23
21
17
13
14
17
16
14
15
15
16
15
14
15
18
21
24
25
26
25
23
20
16
13
14
16
16
15
14
15
16
15
13
15
16
15
13
14
16
15
11
6
5
4
5
6
6
8
11
15
17
17
15
15
15
15
15
14
15
15
15
14
17
17
20
22
26
24
18
13
13
16
17
16
14
14
16
15
15
15
15
15
15
15
15
15
14
11
7
6
7
14
17
13
5
2
2
7
7
4
3
4
6
5
3
5
10
14
17
15
9
4
4
5
6
5
4
5
6
6
3
4
7
10
13
17
17
14
9
4
4
6
5
4
3
5
5
4
3
6
12
16
17
16
14
14
16
15
15
16
15
15
16
15
15
15
13
12
7
4
4
5
5
4
3
4
5
4
4
4
5
5
4
3
5
5
4
3
7
13
16
15
15
16
16
14
15
14
15
14
14
15
15
15
13
10
8
4
4
4
5
5
4
4
6
9
11
14
16
16
14
13
13
10
5
0
-2
-1
0
2
5
5
5
7
13
16
16
13
12
14
15
13
14
17
20
20
15
11
12
15
17
17
22
26
24
18
12
11
13
15
14
12
14
14
16
17
22
25
24
19
14
12
13
14
15
14
14
14
15
13
15
15
15
14
14
14
13
14
13
14
15
15
15
20
25
27
25
23
23
25
25
24
23
24
26
24
24
25
25
24
24
25
26
24
24
25
26
24
24
24
25
24
20
16
15
13
11
13
16
17
20
22
26
26
23
21
20
17
12
11
14
17
19
21
25
27
26
23
22
24
26
25
24
24
26
25
23
25
25
24
24
24
25
24
24
24
25
24
25
25
25
25
23
26
29
30
29
28
25
22
17
12
13
15
19
20
23
25
27
25
23
24
25
27
24
23
24
26
25
25
29
33
31
24
17
13
11
8
6
6
9
9
8
8
10
8
8
8
9
8
8
8
9
8
8
9
9
8
8
8
10
8
7
9
9
9
8
9
10
9
8
9
8
9
8
7
9
9
8
8
9
10
10
11
13
14
9
6
5
9
10
5
1
1
4
5
6
9
14
15
12
8
11
11
10
4
4
11
17
17
13
13
15
16
14
13
12
9
4
2
4
9
14
15
15
13
13
14
15
14
14
14
15
14
13
13
15
15
14
16
20
25
26
24
18
14
11
14
17
16
17
21
25
27
24
23
23
26
26
24
23
25
26
23
24
24
26
24
23
23
21
16
14
17
25
27
26
27
31
32
27
19
15
13
10
6
4
8
15
17
16
15
15
15
14
16
15
13
8
4
3
4
9
12
15
16
16
15
16
15
15
16
15
15
15
15
15
15
15
15
15
15
15
16
15
13
9
5
3
5
8
10
13
16
20
24
26
25
20
16
13
10
6
4
4
5
6
6
10
15
17
15
13
15
17
18
18
21
23
19
12
6
6
5
5
4
5
6
5
4
4
6
7
5
3
5
9
13
15
17
16
15
14
14
13
9
3
3
7
10
15
16
16
15
13
10
7
5
4
4
6
10
13
14
15
16
15
13
9
5
4
4
5
5
5
5
5
6
4
7
12
17
18
14
13
16
17
15
14
14
14
13
12
15
18
17
16
18
25
27
27
25
25
27
26
27
29
32
32
29
23
19
15
13
11
8
6
7
13
18
18
15
13
15
17
14
14
15
17
16
13
12
10
4
-2
-4
-2
4
8
10
12
15
15
14
13
13
15
15
14
12
13
14
14
12
10
8
4
4
3
6
6
5
7
13
18
16
12
11
13
11
4
1
3
7
5
2
3
5
6
3
3
5
6
4
4
5
5
4
3
4
5
5
4
3
5
5
4
7
13
14
8
3
2
5
6
4
3
5
6
5
3
4
7
5
3
6
12
16
16
17
21
24
22
16
12
13
14
15
13
12
9
7
4
3
7
12
15
15
12
12
13
14
14
13
14
14
14
13
14
13
14
14
14
14
14
14
13
14
15
14
13
13
15
21
24
22
18
13
11
13
15
16
14
11
14
19
23
25
24
24
24
22
17
11
7
6
4
4
6
9
13
15
16
13
14
14
13
13
14
14
14
14
13
14
14
14
13
13
14
17
20
24
25
23
17
12
12
14
15
14
13
16
21
23
25
24
19
14
12
11
10
6
3
4
11
