25
26
25
26
26
26
26
26
26
24
23
23
25
26
24
18
12
13
17
18
15
16
20
26
28
27
22
18
15
13
15
19
23
25
25
26
26
26
26
27
26
26
27
26
24
21
18
17
20
25
32
34
31
28
24
23
17
11
4
1
0
0
4
11
19
21
21
19
18
19
18
15
11
9
7
4
2
3
8
17
23
26
25
24
24
25
24
24
25
25
24
24
25
26
27
29
31
29
25
23
24
26
24
23
24
26
24
20
16
16
20
21
19
11
5
2
3
8
11
13
16
15
13
9
5
4
6
9
15
17
16
14
14
15
16
15
16
21
25
26
22
17
13
13
13
16
16
16
14
14
16
16
18
22
26
25
21
14
10
8
6
3
0
0
-1
1
3
9
14
18
22
25
26
24
20
17
13
12
12
13
12
7
4
4
9
14
20
21
24
26
25
24
22
18
14
12
13
13
10
5
1
3
8
13
16
21
24
26
22
16
10
6
3
4
6
12
14
14
13
13
13
14
14
13
13
13
13
13
12
14
14
14
13
15
18
22
25
25
24
23
23
24
22
21
17
13
11
12
17
22
24
24
24
23
24
24
23
24
24
23
23
24
24
23
23
21
16
13
14
19
26
26
20
15
12
12
13
14
15
16
17
17
15
13
12
14
14
14
11
13
20
24
25
26
30
30
26
17
15
17
20
20
22
26
26
26
25
27
29
25
21
21
23
22
16
11
10
13
14
12
13
13
14
13
12
13
13
9
5
3
3
5
5
4
4
5
5
4
4
5
4
4
5
5
4
5
5
5
5
5
5
5
4
2
0
-1
-1
2
8
12
13
12
12
13
12
12
13
13
12
10
7
7
9
12
15
16
14
12
12
15
15
13
8
4
4
3
4
6
10
13
15
15
14
14
17
23
25
25
21
17
14
11
9
7
9
15
22
27
26
19
13
12
14
14
13
13
14
15
14
14
12
10
7
7
12
15
11
4
0
4
6
6
4
5
10
14
15
13
14
13
14
14
15
16
14
13
10
7
4
4
7
13
18
18
18
20
22
18
12
10
13
16
15
13
12
12
8
2
1
5
7
8
11
16
16
13
7
4
4
5
8
12
19
24
26
25
23
23
24
24
24
23
23
25
24
23
24
24
23
23
23
23
21
16
13
13
19
23
26
25
24
23
24
22
14
7
3
5
10
13
15
14
13
13
13
16
20
24
26
25
19
15
12
13
14
15
14
13
15
19
22
25
25
24
24
23
22
21
18
13
12
14
15
14
11
11
10
6
1
1
6
8
5
2
4
7
6
3
6
12
16
15
13
13
12
9
4
2
6
14
17
16
13
13
14
14
14
12
11
8
6
8
13
20
24
25
23
19
15
12
12
12
10
8
10
18
24
24
23
23
21
16
11
11
13
16
16
13
15
21
24
24
25
23
24
27
28
30
29
25
19
15
17
20
19
18
17
16
14
11
9
14
19
21
19
16
17
19
21
18
17
18
18
18
18
18
19
20
22
25
27
28
29
30
31
26
19
14
14
16
17
15
15
15
17
16
15
16
16
16
16
15
15
17
15
15
15
16
16
13
9
5
5
6
7
7
7
6
8
7
7
8
6
6
7
7
7
7
7
7
8
9
12
17
18
16
15
14
15
13
8
2
0
0
3
7
12
14
14
12
12
12
13
12
12
11
8
2
2
6
11
14
14
15
15
14
13
14
15
15
14
17
22
25
22
16
12
11
15
17
15
14
13
14
15
14
13
15
15
10
5
3
3
4
5
4
5
4
5
8
12
15
16
14
12
9
5
2
4
7
11
14
15
15
15
13
14
14
15
15
19
25
25
20
12
10
14
16
16
17
20
26
27
24
22
24
26
25
23
23
24
26
25
23
24
25
25
23
24
25
26
25
28
32
31
26
24
24
24
20
14
13
14
17
15
15
15
15
16
16
18
23
25
21
15
12
14
17
16
15
14
15
15
15
15
16
16
17
21
24
25
17
11
8
9
9
9
13
16
18
16
13
14
16
16
14
14
16
16
14
12
9
6
2
5
10
16
16
15
15
15
14
14
15
16
13
8
4
0
0
-2
0
6
12
14
15
13
11
14
21
24
22
15
8
6
4
5
8
13
16
15
13
12
14
16
14
13
13
15
14
12
8
5
4
5
11
15
18
15
13
14
15
14
13
10
8
5
9
15
22
26
26
23
21
18
14
12
14
15
16
17
21
25
26
25
23
25
25
21
16
13
13
14
16
15
15
16
22
25
22
15
11
12
16
15
14
13
14
16
15
13
15
18
22
25
26
24
21
21
22
25
25
25
24
24
24
24
26
29
31
30
24
19
15
14
15
15
15
15
13
8
6
3
4
2
0
1
9
20
26
25
20
17
14
8
5
8
13
17
16
17
20
25
26
24
23
25
26
25
24
24
25
25
24
24
25
24
24
24
25
24
25
27
30
31
29
24
19
15
13
14
13
9
6
6
12
18
19
14
13
15
16
15
13
15
17
12
6
2
4
9
15
16
15
11
6
2
4
6
5
4
4
5
6
5
4
5
5
4
4
4
6
5
4
4
6
6
4
4
5
3
0
-3
0
10
14
13
10
9
11
11
11
11
11
11
10
9
6
3
3
4
7
9
11
14
16
15
14
14
16
17
13
10
7
4
4
3
4
5
5
5
6
11
14
17
14
13
13
15
13
8
4
4
9
15
17
16
13
11
7
6
5
7
14
18
17
14
16
22
27
27
20
15
14
16
21
25
25
18
13
10
10
11
13
15
16
15
14
13
15
15
13
7
3
6
11
19
26
27
24
20
16
12
5
-2
-7
-8
-6
-2
5
13
22
28
34
38
39
35
28
21
14
8
4
2
3
5
6
5
4
9
13
16
17
14
13
14
15
14
9
5
0
-4
-3
3
17
32
45
52
54
51
42
26
2
-24
-44
-56
-56
-50
-37
-18
0
17
33
49
61
63
54
41
29
22
12
3
3
11
21
18
5
-13
-28
-45
-65
-83
-88
-77
-52
-21
10
40
70
96
109
108
93
71
42
10
-27
-59
-81
-86
-71
-44
0
69
154
224
233
155
19
-115
-204
-248
-278
-306
-301
-224
-71
100
231
307
354
386
372
270
90
-109
-267
-375
-448
-490
-476
-396
-269
-124
22
159
264
309
296
254
196
110
-17
-155
-250
-281
-265
-217
-119
48
261
460
609
703
716
600
335
-15
-330
-528
-608
-617
-586
-498
-318
-38
286
548
653
602
486
385
277
98
-147
-352
-424
-376
-290
-199
-76
82
212
244
174
59
-49
-140
-223
-294
-325
-274
-119
96
280
376
398
407
403
330
142
-117
-338
-458
-489
-480
-439
-331
-137
95
276
343
315
250
185
106
-13
-152
-247
-249
-164
-48
57
139
208
259
263
191
49
-113
-224
-263
-265
-262
-235
-136
28
180
250
254
251
259
228
128
-7
-108
-143
-145
-149
-164
-173
-156
-108
-45
-4
4
15
83
215
351
410
364
241
87
-58
-165
-228
-265
-308
-346
-323
-201
-27
99
124
97
109
170
205
149
30
-65
-92
-81
-75
-74
-67
-61
-80
-112
-132
-138
-159
-199
-219
-191
-128
-71
-27
14
48
56
39
16
-7
-57
-157
-279
-356
-332
-199
32
370
831
1334
1646
1507
902
144
-402
-698
-1037
-1606
-2146
-2146
-1411
-313
563
955
1094
1347
1764
1998
1672
803
-160
-761
-940
-965
-1024
-1012
-756
-308
101
323
394
384
260
-24
-405
-711
-794
-627
-303
44
349
644
991
1310
1392
1110
590
80
-325
-753
-1299
-1782
-1866
-1436
-746
-174
135
341
638
992
1169
995
554
123
-71
-36
30
-32
-168
-182
21
284
352
137
-193
-436
-571
-707
-861
-896
-676
-260
179
541
859
1167
1386
1373
1067
557
5
-467
-830
-1106
-1293
-1319
-1085
-586
35
564
860
941
899
785
577
250
-144
-491
-689
-693
-524
-259
-2
189
324
443
518
451
191
-181
-500
-671
-733
-760
-739
-594
-306
29
284
405
408
322
182
39
-68
-186
-387
-645
-809
-776
-631
-563
-654
-843
-1066
-1316
-1556
-1652
-1444
-876
1
1071
2194
3280
4331
5290
5759
5071
2931
-62
-2808
-4772
-6359
-7987
-8996
-8025
-4638
-154
3506
5651
7082
8543
9459
8618
5808
2274
-546
-2272
-3439
-4416
-4940
-4644
-3656
-2514
-1666
-1226
-1075
-1078
-1167
-1311
-1401
-1166
-332
1054
2552
3736
4601
5395
6021
5862
4390
1839
-937
-3279
-5208
-6982
-8360
-8547
-7012
-4192
-1215
1080
2721
4175
5529
6292
5943
4514
2599
898
-223
-869
-1385
-1922
-2222
-1946
-1246
-790
-1049
-1741
-2191
-2166
-2000
-1916
-1599
-652
777
2139
3131
3879
4504
4758
4258
2917
1050
-872
-2466
-3574
-4228
-4481
-4215
-3214
-1501
457
2031
2910
3238
3281
3071
2439
1297
-155
-1494
-2318
-2474
-2102
-1496
-895
-344
245
901
1450
1587
1177
441
-205
-539
-691
-882
-1113
-1189
-993
-584
-86
368
579
388
-72
-397
-354
-206
-384
-909
-1336
-1303
-909
-524
-377
-488
-816
-1279
-1704
-1921
-1879
-1542
-700
880
3126
5620
7862
9357
9476
7640
3996
-345
-4132
-7021
-9450
-11462
-12120
-10384
-6394
-1560
2581
5422
7290
8676
9536
9235
7209
3774
226
-2159
-3212
-3769
-4436
-4827
-4242
-2809
-1472
-919
-945
-1007
-986
-1129
-1440
-1491
-895
297
1699
2976
4055
5038
5893
6221
5426
3303
414
-2329
-4477
-6246
-7775
-8519
-7696
-5295
-2284
275
2116
3633
5100
6216
6389
5321
3337
1266
-111
-655
-931
-1505
-2193
-2299
-1601
-817
-802
-1512
-2133
-2165
-1935
-1892
-1805
-1070
382
1909
2941
3562
4134
4589
4430
3325
1499
-501
-2222
-3446
-4107
-4213
-3823
-2990
-1784
-391
858
1688
2098
2286
2353
2160
1553
621
-327
-1017
-1362
-1415
-1268
-1040
-854
-734
-530
-79
523
895
726
162
-290
-299
-76
-82
-444
-809
-823
-565
-373
-383
-456
-492
-597
-821
-965
-841
-571
-436
-485
-506
-401
-369
-655
-1244
-1884
-2267
-2085
-1083
768
3161
5701
8100
9917
10271
8295
4139
-776
-4899
-7860
-10288
-12355
-12961
-10741
-5825
-186
3958
6062
7383
9184
10988
10937
7923
3085
-1149
-3405
-4320
-5152
-6019
-5972
-4545
-2489
-882
-24
433
632
322
-533
-1425
-1707
-1146
13
1351
2557
3604
4725
5995
6815
6114
3455
-202
-3268
-5139
-6623
-8497
-10017
-9484
-6305
-1942
1519
3405
4679
6258
7692
7737
5896
3043
568
-836
-1481
-2042
-2734
-3139
-2778
-1805
-1002
-975
-1473
-1765
-1581
-1390
-1565
-1666
-905
812
2709
4036
4767
5281
5603
5295
3953
1647
-1076
-3462
-4948
-5496
-5523
-5326
-4649
-3087
-860
1172
2406
3076
3694
4192
4002
2906
1380
26
-1011
-1867
-2528
-2823
-2747
-2478
-2105
-1544
-778
20
627
949
1006
875
689
566
468
242
-141
-464
-506
-316
-151
-195
-423
-696
-885
-903
-760
-570
-471
-521
-698
-963
-1269
-1550
-1781
-1911
-1694
-704
1315
4146
7236
9926
11361
10542
7112
2162
-2389
-5583
-8213
-11335
-14321
-15013
-11949
-6041
128
4461
6825
8603
10858
12841
12488
8712
3009
-1741
-4113
-5144
-6338
-7499
-7258
-5241
-2697
-923
17
668
1017
579
-637
-1848
-2193
-1420
77
1651
2910
4020
5423
6992
7658
6303
3078
-577
-3411
-5555
-7891
-10425
-11746
-10377
-6464
-1844
1665
3827
5674
7818
9438
9134
6570
2995
119
-1317
-1873
-2483
-3347
-3762
-3043
-1515
-373
-433
-1287
-1962
-2199
-2541
-3167
-3269
-2016
274
2475
3991
5195
6460
7379
7187
5657
3222
480
-2100
-4200
-5728
-6834
-7548
-7424
-5938
-3297
-517
1542
2960
4311
5632
6215
5474
3676
1663
35
-1208
-2296
-3282
-4005
-4267
-3951
-3080
-1904
-842
-181
154
433
748
931
838
552
234
-65
-341
-492
-422
-226
-126
-185
-253
-224
-253
-610
-1346
-2182
-2737
-2833
-2561
-2040
-1114
621
3402
6904
10246
12349
12303
9677
4950
-403
-4729
-7573
-9955
-12792
-15108
-14509
-9817
-2830
3183
6662
8845
11495
14159
14423
10862
4983
-213
-3220
-4925
-6653
-8194
-8311
-6665
-4370
-2594
-1378
-200
836
1023
127
-1107
-1668
-1163
47
1389
2601
3897
5610
7493
8456
7385
4372
745
-2376
-5184
-8406
-11619
-13115
-11651
-7924
-3895
-837
1596
4430
7814
10531
11014
8851
5317
2316
680
-349
-1855
-3722
-4729
-4134
-2673
-1701
-1680
-1926
-1785
-1514
-1773
-2544
-2955
-2206
-448
1442
2850
3976
5376
7008
7995
7431
5363
2766
492
-1564
-4051
-6982
-9304
-9790
-8258
-5701
-3270
-1281
743
3217
5799
7541
7633
6066
3661
1415
-223
-1504
-2850
-4241
-5169
-5121
-4036
-2362
-731
384
903
1081
1209
1282
999
149
-1040
-1995
-2228
-1683
-737
37
274
139
206
794
1402
1086
-437
-2295
-3288
-3071
-2207
-1160
371
2955
6539
10207
12589
12459
9399
4343
-757
-4460
-7134
-10210
-13865
-15983
-14070
-8146
-1149
3773
6107
7823
10631
13748
14612
11654
6054
616
-2870
-4850
-6640
-8423
-9101
-7919
-5560
-3351
-1858
-747
188
532
-59
-1058
-1393
-530
1017
2341
3187
4193
5978
8061
8938
7446
3984
102
-3154
-6122
-9528
-12907
-14518
-13006
-8842
-3952
-9
2781
5322
8229
10870
11794
10149
6660
3064
535
-1156
-2842
-4598
-5590
-5247
-4126
-3267
-2957
-2613
-1854
-1182
-1247
-1759
-1648
-345
1513
2921
3728
4625
6011
7291
7469
6176
3872
1246
-1323
-3756
-6048
-8085
-9483
-9588
-7946
-4922
-1633
1007
3048
5057
7030
8139
7616
5604
2975
503
-1558
-3267
-4675
-5675
-6030
-5513
-4163
-2401
-748
531
1426
1945
2076
1928
1645
1162
310
-734
-1384
-1309
-916
-887
-1319
-1629
-1327
-631
-210
-493
-1342
-2219
-2532
-1906
-306
2037
4891
8104
11266
13326
12914
9444
3971
-1382
-5205
-7943
-10973
-14423
-16306
-14321
-8483
-1521
3646
6571
9057
12365
15248
15163
11217
5349
407
-2511
-4434
-6505
-8363
-8783
-7450
-5396
-3718
-2459
-1123
119
395
-614
-1876
-1892
-283
1826
3136
3650
4545
6576
8877
9592
7681
3927
47
-3006
-5681
-8782
-12021
-13837
-12753
-8909
-4110
-217
2494
5155
8483
11442
12150
10027
6545
3647
1803
42
-2317
-4580
-5538
-4988
-3972
-3578
-3821
-3931
-3473
-2881
-2747
-2848
-2243
-438
1911
3737
4849
6016
7703
9189
9252
7522
4750
1838
-984
-3994
-7275
-10348
-12313
-12318
-10137
-6496
-2606
801
3860
6852
9317
10280
9265
6771
3707
668
-2126
-4511
-6270
-7246
-7345
-6494
-4796
-2672
-642
991
2196
2984
3301
3116
2445
1327
-56
-1266
-1866
-1885
-1787
-1872
-1843
-1265
-244
544
547
-159
-1033
-1511
-1162
354
3196
7051
10922
13307
12855
9323
4053
-748
-3720
-5484
-7803
-11303
-14180
-13650
-8911
-2353
2664
5145
7010
10149
13577
14371
11207
6011
1690
-938
-3165
-5849
-8066
-8518
-7294
-5553
-3979
-2405
-807
193
91
-715
-1283
-1065
-230
737
1548
2327
3493
5279
7187
8099
7230
4927
2268
-129
-2669
-5991
-9775
-12521
-12652
-9945
-5846
-2179
535
3274
6816
10211
11527
10036
7089
4555
2929
1376
-744
-2983
-4412
-4611
-3964
-3257
-3054
-3282
-3405
-3099
-2683
-2558
-2407
-1458
432
2472
3980
5207
6673
8065
8459
7475
5630
3442
808
-2459
-5938
-8793
-10465
-10820
-9858
-7683
-4666
-1297
2147
5482
8179
9419
8823
6892
4499
2087
-426
-3038
-5267
-6490
-6505
-5627
-4299
-2773
-1187
268
1377
2052
2331
2218
1653
704
-325
-1074
-1387
-1360
-1190
-1003
-784
-425
101
562
579
47
-704
-1272
-1607
-1795
-1507
9
3138
7280
11005
12759
11559
7612
2468
-1908
-4846
-7499
-11070
-14619
-15443
-12011
-5943
-484
2752
4942
7990
11852
14330
13377
9279
4373
703
-1674
-3922
-6378
-8021
-7942
-6646
-5329
-4351
-3186
-1663
-475
-205
-478
-464
134
1010
1901
2866
4041
5395
6720
7579
7363
5775
3259
610
-1946
-4906
-8514
-11839
-13242
-11855
-8411
-4524
-1205
1795
5179
8798
11400
11790
10040
7356
4829
2610
323
-2075
-4064
-5094
-5124
-4631
-4200
-4043
-3902
-3463
-2815
-2287
-1839
-968
593
2393
3811
4869
6042
7361
8181
7921
6641
4656
2040
-1191
-4641
-7678
-9891
-11112
-11096
-9610
-6830
-3319
452
4228
7517
9514
9742
8593
6792
4530
1544
-1991
-5153
-7020
-7444
-6847
-5589
-3854
-1960
-309
986
2089
2908
2932
1855
183
-1122
-1584
-1546
-1512
-1465
-1002
5
1161
1911
1991
1459
458
-877
-2280
-3256
-3240
-1849
964
4880
9102
12291
12963
10482
5795
846
-3066
-6287
-9874
-13720
-15976
-14648
-9714
-3461
1461
4322
6565
9691
13068
14295
11852
6909
2045
-1401
-3972
-6313
-7862
-7838
-6617
-5242
-3957
-2263
-348
619
-35
-1444
-2220
-1979
-1312
-610
386
1979
4038
6163
7876
8611
7977
6177
3782
954
-2687
-7139
-11283
-13520
-13134
-10787
-7704
-4545
-1129
2862
7008
10071
10989
9895
7972
6171
4389
2063
-703
-2997
-4040
-3939
-3447
-3185
-3213
-3224
-3016
-2752
-2707
-2804
-2548
-1549
44
1825
3660
5668
7706
9198
9546
8512
6156
2731
-1217
-4922
-7849
-9891
-10997
-10825
-9108
-6206
-2914
269
3304
5997
7671
7743
6412
4447
2407
356
-1737
-3635
-4952
-5410
-4900
-3489
-1546
269
1395
1795
1865
1882
1614
613
-1112
-2889
-3897
-3852
-3092
-2047
-855
490
1815
2777
3101
2650
1415
-291
-1637
-1582
402
3942
8016
11350
12621
10947
6701
1626
-2511
-5529
-8622
-12302
-15044
-14548
-10285
-4260
940
4498
7475
10770
13524
13878
11122
6586
2284
-1000
-3825
-6557
-8437
-8499
-6914
-4856
-3180
-1797
-407
743
1114
589
-415
-1357
-1829
-1571
-587
822
2346
3959
5630
6901
7127
6169
4430
2085
-1221
-5494
-9577
-11818
-11606
-9798
-7573
-5216
-2274
1427
5265
8179
9334
8590
6637
4610
3211
2136
589
-1514
-3222
-3602
-2858
-2047
-1824
-1911
-1854
-1785
-2102
-2691
-2936
-2436
-1331
122
1908
3940
5730
6699
6724
6073
4869
2946
337
-2424
-4727
-6372
-7401
-7626
-6715
-4798
-2633
-903
440
1845
3315
4233
4093
3060
1673
256
-1076
-2083
-2481
-2365
-2145
-1915
-1261
66
1527
2232
1885
960
-17
-991
-2106
-3253
-4134
-4533
-4297
-3240
-1422
580
2033
2733
3001
2989
2384
1079
-206
-391
992
3559
6595
9281
10472
9068
5190
577
-2865
-4987
-7276
-10630
-13670
-13789
-9881
-3696
1702
4793
6692
9280
12483
13964
11760
6724
1694
-1567
-3742
-6136
-8475
-9299
-8061
-5807
-3758
-2098
-495
895
1544
1333
715
143
-209
-273
46
777
1880
3273
4664
5442
5161
4114
3009
1908
-73
-3561
-7659
-10349
-10308
-8119
-5541
-3709
-2181
221
3778
7224
8770
7752
5193
2819
1596
1156
468
-962
-2496
-2996
-2114
-819
-402
-1067
-1874
-2063
-1879
-1899
-2080
-1946
-1368
-554
569
2270
4267
5688
5993
5463
4526
3116
1115
-1035
-2757
-4092
-5375
-6284
-5958
-4272
-2308
-1135
-573
301
1684
2725
2631
1568
284
-724
-1394
-1734
-1682
-1280
-693
26
931
1903
2509
2354
1486
317
-857
-2084
-3427
-4593
-5126
-4882
-4125
-3085
-1715
-14
1623
2681
3046
2954
2520
1681
771
715
2325
5439
8924
11360
11618
9194
4619
-515
-4576
-7332
-9930
-13040
-15333
-14455
-9666
-2971
2691
6182
8674
11556
14305
14874
12046
6916
1810
-1966
-4818
-7437
-9409
-9696
-8128
-5724
-3533
-1746
-169
982
1253
689
-84
-517
-522
-212
405
1397
2737
4278
5672
6345
5862
4387
2503
395
-2373
-5956
-9361
-11018
-10256
-7883
-5223
-2916
-728
1791
4661
7285
8651
8016
5728
3198
1685
1093
334
-1116
-2481
-2738
-1985
-1268
-1204
-1399
-1283
-1008
-1105
-1575
-1842
-1558
-950
-266
675
2068
3553
4487
4678
4452
3977
2960
1203
-859
-2552
-3710
-4627
-5328
-5334
-4340
-2748
-1247
-46
1101
2195
2748
2365
1274
30
-1077
-2054
-2771
-2875
-2200
-1009
318
1621
2840
3705
3795
2948
1409
-419
-2259
-3918
-5156
-5727
-5551
-4707
-3303
-1467
475
2013
2780
2826
2461
1877
1128
485
600
2087
4939
8362
11022
11525
9119
4417
-742
-4701
-7445
-10234
-13546
-15799
-14693
-9784
-3224
2246
5745
8453
11530
14318
14834
11971
6854
1775
-1993
-4911
-7704
-9843
-10079
-8197
-5479
-3265
-1689
-239
1005
1397
787
-104
-537
-480
-237
230
1271
2967
4867
6275
6664
5960
4534
2802
659
-2429
-6456
-10144
-11685
-10452
-7646
-5026
-3162
-1184
1831
5553
8515
9356
7911
5295
3029
1893
1430
595
-1001
-2564
-3010
-2302
-1530
-1619
-2275
-2530
-2050
-1433
-1256
-1339
-1128
-430
544
1608
2681
3553
3961
3901
3587
3041
2014
454
-1239
-2587
-3534
-4273
-4740
-4579
-3672
-2418
-1305
-384
626
1736
2487
2413
1570
444
-578
-1453
-2226
-2704
-2573
-1730
-395
1053
2280
3033
3146
2595
1499
7
-1736
-3479
-4839
-5487
-5339
-4503
-3109
-1331
463
1801
2463
2602
2408
1805
763
-176
37
2096
5602
9229
11521
11535
9090
4856
165
-3803
-6946
-10079
-13450
-15632
-14533
-9736
-3341
1962
5441
8435
11959
14918
15167
11988
6886
1922
-2089
-5457
-8240
-9768
-9521
-7909
-5810
-3689
-1574
302
1391
1427
790
60
-539
-989
-1066
-400
1087
3046
4994
6491
7089
6520
5017
3085
779
-2392
-6465
-10177
-11763
-10663
-8077
-5597
-3620
-1342
1908
5658
8560
9431
8148
5775
3770
2772
2113
732
-1365
-2964
-3100
-2284
-1838
-2238
-2697
-2426
-1699
-1301
-1386
-1378
-857
37
1062
2195
3302
3947
3899
3501
3157
2652
1455
-353
-1988
-2906
-3387
-3914
-4364
-4211
-3361
-2260
-1230
-139
1092
2074
2359
2018
1458
813
-123
-1308
-2218
-2368
-1858
-1139
-392
546
1675
2574
2780
2235
1187
-178
-1775
-3341
-4420
-4759
-4499
-3858
-2784
-1177
626
1904
2231
1884
1427
1076
749
643
1411
3577
6870
10124
11800
10779
7140
2352
-1701
-4345
-6638
-9820
-13278
-14634
-12188
-6875
-1341
2753
5954
9480
13050
14819
13412
9461
4887
941
-2526
-5918
-8667
-9681
-8707
-6686
-4633
-2744
-826
840
1615
1329
503
-279
-836
-1147
-1019
-208
1275
3164
5036
6327
6520
5611
4166
2588
471
-2858
-7016
-10292
-11088
-9457
-6903
-4730
-2916
-639
2462
5716
7904
8167
6646
4462
2896
2298
1832
573
-1239
-2403
-2280
-1607
-1497
-2036
-2398
-2179
-1902
-2062
-2298
-1928
-931
185
1208
2342
3493
4108
3941
3487
3260
3001
2062
397
-1326
-2564
-3365
-3929
-4148
-3863
-3227
-2502
-1641
-465
829
1702
1898
1717
1499
1147
399
-579
-1230
-1258
-911
-537
-113
560
1379
1908
1806
1102
23
-1227
-2446
-3367
-3807
-3796
-3477
-2883
-1917
-596
779
1757
2064
1788
1233
661
265
398
1633
4300
7893
11048
12279
10841
7118
2387
-1949
-5279
-8143
-11288
-14188
-14891
-11925
-6202
-380
3794
6883
10182
13392
14671
12847
8789
4306
369
-3127
-6263
-8478
-9157
-8336
-6600
-4509
-2389
-515
788
1316
1130
496
-279
-930
-1241
-1043
-237
1154
2918
4655
5873
6209
5634
4423
2797
609
-2442
-6086
-9142
-10269
-9206
-7039
-5023
-3311
-1085
2130
5595
7853
7975
6329
4258
2969
2552
2069
776
-865
-1725
-1519
-1219
-1725
-2618
-2827
-2219
-1757
-2063
-2524
-2204
-1059
251
1366
2429
3420
3970
3943
3694
3451
2864
1539
-218
-1658
-2477
-3050
-3701
-4176
-4052
-3370
-2529
-1690
-647
607
1580
1773
1331
855
622
315
-345
-1054
-1265
-879
-254
369
1058
1753
2054
1668
777
-261
-1369
-2608
-3736
-4343
-4334
-3953
-3244
-1941
-61
1727
2684
2748
2364
1760
819
-257
-678
281
2572
5539
8461
10528
10608
7902
3138
-1533
-4515
-6415
-8994
-12438
-14435
-12567
-7154
-1026
3502
6648
9876
13272
15054
13680
9707
5092
1096
-2477
-5998
-8793
-9719
-8644
-6667
-4836
-3165
-1220
768
1932
1789
797
-220
-830
-1035
-851
-176
1055
2715
4480
5844
6329
5881
4867
3448
1136
-2559
-6973
-10299
-11096
-9637
-7430
-5587
-3903
-1519
1859
5446
7878
8233
6781
4823
3567
3057
2350
817
-1002
-2052
-2055
-1752
-1915
-2462
-2774
-2550
-2081
-1757
-1612
-1418
-977
-220
843
2058
3084
3606
3649
3517
3354
2899
1827
270
-1237
-2309
-3021
-3559
-3814
-3563
-2920
-2249
-1639
-787
415
1505
1920
1677
1233
789
174
-584
-1021
-841
-373
-81
161
802
1769
2355
2055
1087
-87
-1363
-2763
-3955
-4468
-4304
-3863
-3244
-2078
-264
1532
2493
2532
2224
1882
1258
267
-364
418
2935
6427
9633
11388
10865
7858
3234
-1355
-4795
-7495
-10496
-13532
-14616
-12073
-6652
-988
3054
5916
9022
12424
14412
13413
9727
5099
910
-2672
-5871
-8271
-9105
-8307
-6681
-4952
-3107
-1002
834
1551
1055
179
-337
-590
-950
-1173
-558
1137
3321
5120
6020
5992
5305
4278
2891
622
-2951
-7154
-10253
-10891
-9389
-7262
-5529
-3861
-1395
2012
5486
7788
8173
6901
5119
3953
3453
2617
752
-1456
-2640
-2424
-1818
-1855
-2360
-2479
-1982
-1444
-1310
-1352
-1198
-825
-306
533
1742
2834
3232
3068
3027
3306
3228
2151
417
-1068
-1962
-2695
-3578
-4232
-4158
-3465
-2645
-1836
-778
511
1485
1698
1334
876
443
-151
-831
-1180
-991
-519
-43
532
1332
2035
2140
1590
755
-188
-1423
-2930
-4156
-4587
-4347
-3860
-3115
-1750
136
1762
2478
2446
2201
1849
1132
224
11
1368
4309
7921
10902
12052
10656
6941
2190
-2040
-5200
-8045
-11327
-14255
-14769
-11636
-6013
-449
3601
6776
10184
13364
14506
12581
8557
4242
479
-2997
-6229
-8407
-8777
-7659
-6057
-4509
-2820
-880
756
1402
1043
283
-382
-897
-1281
-1256
-437
1240
3386
5315
6363
6257
5346
4186
2722
181
-3781
-7995
-10442
-10224
-8422
-6740
-5635
-4171
-1460
2231
5709
7735
7718
6089
4154
3111
2899
2332
638
-1431
-2475
-2196
-1642
-1734
-2175
-2156
-1589
-1115
-1094
-1198
-1026
-610
-112
582
1565
2508
2965
2998
3090
3340
3184
2139
543
-815
-1648
-2356
-3239
-3969
-4058
-3533
-2794
-1972
-863
476
1494
1731
1370
928
566
46
-664
-1157
-1079
-572
-3
539
1182
1812
2009
1520
538
-616
-1835
-3046
-3914
-4078
-3637
-3033
-2404
-1418
70
1510
2162
1937
1372
852
324
-97
294
2204
5475
9026
11531
11964
9874
5714
905
-3051
-5898
-8666
-11969
-14533
-14133
-10082
-4253
801
4335
7502
11099
14003
14289
11493
7110
2908
-640
-3938
-6875
-8561
-8434
-7004
-5196
-3399
-1534
187
1167
1102
386
-362
-897
-1284
-1456
-1104
28
1889
4063
5844
6559
6073
4948
3819
2543
284
-3354
-7430
-10188
-10535
-8919
-6718
-4862
-3114
-638
2769
6080
7765
7196
5286
3622
2958
2653
1661
-128
-1733
-2243
-1828
-1434
-1632
-2090
-2174
-1770
-1306
-1151
-1278
-1432
-1327
-672
623
2120
3054
3137
2958
3201
3642
3348
1940
143
-1136
-1839
-2520
-3345
-3884
-3802
-3273
-2576
-1703
-619
402
1017
1223
1236
1055
506
-305
-916
-997
-667
-201
362
1083
1773
2055
1797
1196
386
-759
-2253
-3645
-4344
-4253
-3821
-3365
-2613
-1178
675
2070
2405
1927
1275
720
176
-185
276
2059
4936
8078
10511
11278
9629
5656
714
-3440
-6277
-8802
-11790
-14075
-13413
-9144
-3293
1446
4422
7081
10465
13460
13946
11247
6786
2433
-1176
-4384
-7155
-8696
-8470
-6984
-5182
-3409
-1455
542
1798
1738
702
-439
-1174
-1546
-1642
-1288
-259
1454
3569
5489
6473
6174
5047
3760
2157
-650
-4793
-8742
-10546
-9834
-8006
-6425
-5050
-3026
-39
3322
6113
7524
7175
5499
3716
2802
2443
1514
-302
-1940
-2317
-1729
-1374
-1757
-2222
-2069
-1497
-1139
-1147
-1161
-930
-503
118
1019
1968
2430
2255
2023
2311
2798
2574
1338
-196
-1221
-1757
-2327
-3040
-3471
-3360
-2914
-2345
-1529
-414
590
978
776
460
271
-20
-605
-1209
-1378
-991
-295
478
1261
1965
2377
2316
1770
807
-514
-2024
-3356
-4142
-4312
-4075
-3584
-2741
-1441
90
1365
2051
2193
1995
1558
989
695
1321
3276
6300
9452
11431
11086
8085
3390
-1169
-4295
-6347
-8680
-11654
-13619
-12420
-7890
-2247
2221
5360
8505
11969
14126
13309
9863
5664
1970
-1369
-4667
-7316
-8427
-7996
-6767
-5226
-3354
-1286
387
1167
1115
576
-187
-926
-1283
-1059
-382
645
2171
4112
5688
6031
5275
4394
3721
2215
-1186
-5771
-9303
-10207
-8993
-7316
-6063
-4755
-2561
638
4112
6776
7735
6849
5004
3538
2985
2578
1314
-625
-2006
-2103
-1573
-1486
-1942
-2160
-1738
-1170
-1018
-1143
-1076
-735
-330
192
1056
2044
2534
2335
2061
2277
2645
2313
1080
-332
-1215
-1651
-2133
-2758
-3189
-3219
-2960
-2496
-1694
-573
450
925
854
603
386
109
-281
-575
-554
-280
65
472
1048
1689
2055
1902
1270
289
-978
-2368
-3472
-3938
-3870
-3661
-3397
-2701
-1336
264
1330
1567
1343
1132
1081
1268
2109
4120
7219
10413
12250
11614
8382
3577
-1165
-4734
-7384
-10139
-13104
-14638
-12802
-7701
-1798
2450
4968
7511
10918
13669
13567
10305
5734
1739
-1393
-4283
-6910
-8404
-8200
-6719
-4769
-2800
-982
372
915
691
115
-446
-872
-1089
-939
-328
718
2186
4005
5742
6652
6309
5046
3470
1596
-1136
-4796
-8266
-9988
-9428
-7508
-5539
-3939
-2128
475
3591
6166
7204
6533
4938
3501
2689
2040
876
-708
-1832
-1892
-1332
-1096
-1488
-1945
-1913
-1501
-1165
-1092
-1144
-1174
-1034
-446
724
2069
2873
2917
2708
2765
2885
2443
1233
-270
-1484
-2235
-2678
-2954
-3100
-3112
-2929
-2388
-1420
-279
570
863
747
527
297
-29
-404
-602
-493
-204
141
642
1389
2102
2303
1879
1169
400
-652
-2195
-3803
-4691
-4589
-3974
-3353
-2625
-1444
68
1279
1726
1544
1188
967
991
1435
2620
4786
7721
10518
11726
10156
5954
859
-3099
-5406
-7365
-10226
-13212
-13941
-10992
-5583
-280
3640
6918
10425
13375
14034
11845
8080
4303
887
-2576
-5894
-8069
-8429
-7395
-5888
-4335
-2624
-798
658
1263
1016
301
-483
-1073
-1261
-911
-18
1324
2984
4686
5950
6312
5700
4441
2776
513
-2598
-6134
-8924
-9894
-8984
-7117
-5229
-3443
-1200
1823
5023
7135
7277
5796
4015
3019
2674
1964
338
-1495
-2354
-1964
-1276
-1277
-1867
-2186
-1826
-1256
-1047
-1134
-1091
-779
-308
410
1548
2774
3325
2944
2325
2220
2383
1907
520
-1035
-2002
-2451
-2816
-3096
-3010
-2634
-2295
-1924
-1113
68
880
847
383
155
156
-71
-555
-793
-539
-92
311
862
1658
2252
2149
1458
634
-248
-1477
-2975
-4131
-4465
-4128
-3488
-2622
-1467
-214
803
1477
1861
1834
1204
242
-221
563
2679
5654
8815
11306
12021
10153
6043
1236
-2743
-5688
-8540
-11778
-14238
-13931
-10149
-4489
520
3775
6262
9293
12447
13769
11963
7853
3418
-211
-3278
-6104
-8109
-8468
-7271
-5433
-3621
-1843
-99
1140
1386
772
-103
-771
-1116
-1141
-808
-58
1197
2976
4936
6311
6489
5655
4483
3119
865
-2764
-6897
-9715
-10100
-8648
-6849
-5449
-3872
-1223
2395
5729
7441
7187
5749
4266
3361
2811
1933
397
-1276
-2152
-1934
-1368
-1368
-1914
-2190
-1774
-1172
-998
-1145
-1094
-691
-112
699
1879
3031
3409
2941
2457
2533
2640
1922
441
-948
-1782
-2369
-2972
-3337
-3220
-2856
-2505
-1950
-922
244
921
1008
965
1018
842
190
-585
-944
-790
-372
200
964
1705
1998
1706
1132
515
-313
-1566
-2971
-3915
-4091
-3744
-3216
-2507
-1414
1
1280
1940
1890
1424
850
266
-258
-338
628
2955
6262
9560
11638
11468
8713
4198
-386
-3794
-6349
-9232
-12487
-14239
-12534
-7702
-2236
1825
4759
8015
11677
13922
13079
9583
5380
1778
-1432
-4720
-7508
-8664
-7951
-6292
-4587
-2897
-1027
632
1356
1006
193
-478
-929
-1289
-1410
-934
306
2114
4051
5583
6304
6176
5502
4434
2607
-460
-4500
-8237
-10236
-10062
-8534
-6780
-5125
-2953
297
4097
6968
7764
6762
5315
4452
3968
2994
1240
-580
-1572
-1638
-1466
-1676
-2196
-2516
-2367
-1947
-1617
-1539
-1639
-1651
-1171
70
1781
3123
3499
3243
3196
3558
3570
2514
710
-897
-1872
-2591
-3402
-4042
-4094
-3630
-3000
-2229
-1060
378
1431
1629
1249
892
694
297
-442
-1114
-1250
-876
-351
169
800
1514
1966
1845
1180
201
-945
-2170
-3268
-3971
-4174
-3948
-3324
-2245
-796
667
1750
2321
2464
2195
1404
145
-1103
-1614
-891
1096
4041
7423
10362
11606
10174
6341
1704
-2121
-4949
-7871
-11425
-14254
-14093
-10190
-4384
592
3728
6248
9471
12718
13840
11670
7325
2891
-637
-3605
-6277
-8031
-8183
-6959
-5173
-3280
-1337
326
1092
825
126
-458
-1028
-1790
-2317
-1879
-347
1682
3619
5257
6411
6772
6274
5140
3262
100
-4280
-8417
-10506
-10245
-9005
-7972
-6750
-4220
-288
3770
6550
7565
7201
6212
5306
4701
3861
2087
-394
-2326
-2781
-2248
-1943
-2261
-2506
-2110
-1469
-1303
-1673
-2001
-1820
-1123
-105
1038
2091
2896
3507
4026
4287
3916
2809
1317
-155
-1534
-2926
-4189
-4928
-4927
-4364
-3520
-2432
-1013
553
1767
2264
2167
1823
1297
395
-807
-1758
-1970
-1553
-968
-372
456
1522
2318
2320
1569
535
-437
-1351
-2300
-3232
-3938
-4151
-3658
-2499
-1046
273
1322
2167
2692
2557
1609
168
-1188
-1941
-1703
-188
2598
6151
9531
11625
11485
8846
4547
141
-3380
-6388
-9744
-13055
-14401
-12215
-7213
-1925
1820
4480
7611
11390
13934
13269
9560
4894
1031
-1995
-4888
-7432
-8539
-7759
-5909
-4024
-2336
-677
638
995
385
-532
-1269
-1873
-2309
-2067
-770
1186
3044
4510
5769
6785
7094
6300
4375
1413
-2444
-6568
-9736
-10949
-10326
-8857
-7223
-5163
-2093
1838
5494
7572
7670
6609
5633
5199
4588
2841
69
-2445
-3502
-3147
-2391
-2014
-1950
-1784
-1468
-1316
-1492
-1797
-1931
-1747
-1197
-180
1319
3010
4366
5010
4979
4544
3814
2644
918
-1184
-3218
-4722
-5398
-5234
-4528
-3665
-2736
-1471
270
2013
2965
2835
2095
1313
535
-455
-1488
-2046
-1920
-1406
-792
12
1094
2078
2405
1971
1170
331
-602
-1758
-2970
-3876
-4216
-3912
-2982
-1588
-71
1222
2155
2729
2835
2259
986
-614
-1951
-2504
-1947
-182
2624
6021
9327
11624
11864
9408
4806
-226
-4163
-7043
-9996
-13191
-14826
-12883
-7640
-1675
2847
6124
9490
12846
14353
12698
8760
4528
973
-2262
-5386
-7623
-8154
-7229
-5787
-4272
-2469
-450
983
1105
175
-874
-1473
-1747
-1895
-1664
-649
1156
3305
5253
6590
7079
6716
5659
3875
989
-3105
-7468
-10452
-11139
-10159
-8747
-7235
-4941
-1455
2536
5809
7608
7906
7121
5876
4698
3556
1897
-457
-2615
-3371
-2655
-1661
-1405
-1652
-1609
-1210
-1103
-1609
-2279
-2555
-2310
-1568
-202
1721
3595
4732
5097
5178
5146
4543
2935
584
-1774
-3606
-4773
-5252
-5030
-4292
-3392
-2463
-1260
363
1997
2931
2872
2165
1309
469
-388
-1138
-1568
-1634
-1446
-976
-118
933
1631
1628
1170
713
268
-556
-1860
-3141
-3786
-3697
-3206
-2545
-1642
-419
946
2120
2846
2962
2362
1121
-410
-1753
-2555
-2594
-1618
557
3758
7302
10214
11485
10353
6788
1925
-2516
-5727
-8481
-11648
-14225
-13798
-9444
-3321
1492
4341
7063
10754
13746
13580
10145
5740
2264
-467
-3371
-6200
-7796
-7721
-6648
-5244
-3520
-1533
5
413
-40
-480
-586
-814
-1398
-1701
-928
854
2806
4282
5287
6030
6422
6164
4997
2681
-915
-5295
-9091
-10894
-10486
-8941
-7300
-5464
-2693
1043
4687
7063
7860
7520
6569
5299
3844
2211
348
-1523
-2718
-2685
-1804
-1201
-1502
-2133
-2176
-1657
-1456
-2026
-2754
-2740
-1803
-405
1095
2653
4127
5138
5459
5222
4583
3406
1525
-800
-2964
-4495
-5306
-5516
-5237
-4544
-3495
-2076
-331
1428
2662
3028
2675
2017
1274
431
-452
-1126
-1429
-1453
-1289
-817
52
1016
1533
1391
887
345
-304
-1281
-2449
-3331
-3607
-3332
-2658
-1616
-320
892
1758
2343
2742
2663
1718
91
-1453
-2342
-2603
-2292
-987
1724
5450
9078
11548
12155
10397
6332
1171
-3298
-6422
-9200
-12402
-14691
-13704
-9071
-3301
925
3536
6367
10085
12977
12999
10162
6261
2744
-326
-3337
-5982
-7534
-7782
-7132
-5896
-4041
-1771
144
976
810
347
37
-234
-604
-815
-516
314
1490
2920
4490
5788
6309
5890
4592
2283
-1195
-5280
-8607
-10084
-9844
-8790
-7386
-5335
-2383
1018
4046
6178
7290
7403
6651
5398
4018
2532
738
-1193
-2545
-2752
-2142
-1673
-1874
-2336
-2393
-2038
-1844
-2086
-2333
-1993
-979
410
1935
3454
4678
5279
5271
4922
4208
2766
552
-1755
-3376
-4249
-4843
-5304
-5242
-4399
-3055
-1584
-28
1542
2619
2699
2015
1336
989
551
-334
-1275
-1622
-1325
-870
-506
-30
640
1120
1056
617
196
-207
-941
-2061
-3040
-3270
-2656
-1628
-661
94
780
1554
2303
2612
2115
935
-357
-1325
-2030
-2622
-2703
-1489
1308
5022
8558
11082
11984
10664
7045
2245
-2013
-5050
-7779
-11051
-13828
-13847
-10274
-4926
-338
2878
6049
9951
13260
13895
11412
7381
3539
244
-2995
-6107
-8208
-8668
-7775
-6146
-4018
-1522
658
1618
1256
439
-69
-443
-1184
-2059
-2193
-1110
795
2865
4738
6180
6844
6540
5389
3396
226
-4054
-8229
-10628
-10698
-9354
-7669
-5713
-3032
267
3456
5945
7518
7972
7152
5480
3817
2521
1092
-874
-2760
-3513
-2989
-2131
-1776
-1827
-1810
-1712
-1838
-2105
-2059
-1536
-809
-5
1144
2732
4224
4968
4969
4707
4276
3224
1313
-943
-2795
-4034
-4922
-5552
-5652
-5019
-3788
-2202
-412
1340
2584
2969
2679
2222
1823
1235
255
-807
-1384
-1300
-923
-646
-462
-159
251
536
597
519
256
-431
-1508
-2408
-2549
-2029
-1488
-1261
-977
-193
926
1785
2062
1919
1575
996
75
-1096
-2243
-3012
-2956
-1652
978
4471
8026
10768
11810
10449
6797
2129
-1962
-5029
-7960
-11349
-13975
-13647
-9730
-4208
262
3070
5756
9409
12753
13409
10657
6202
2137
-1036
-3993
-6845
-8695
-8793
-7380
-5163
-2601
-133
1477
1691
938
166
-315
-969
-1967
-2603
-2110
-554
1465
3583
5602
7006
7237
6426
5136
3317
217
-4227
-8544
-10881
-10773
-9253
-7360
-5186
-2385
981
4346
7008
8357
8126
6768
5225
3986
2569
383
-2059
-3423
-3113
-2052
-1584
-1972
-2390
-2175
-1582
-1223
-1221
-1228
-983
-501
244
1420
2956
4336
5010
4929
4434
3683
2470
686
-1330
-3080
-4378
-5309
-5842
-5743
-4910
-3539
-1894
-114
1602
2844
3283
3077
2706
2380
1808
721
-625
-1646
-2068
-2087
-1946
-1597
-945
-168
430
755
876
710
80
-882
-1686
-2013
-2008
-1899
-1541
-664
559
1592
2129
2285
2147
1526
355
-1028
-2233
-3178
-3723
-3227
-1042
2580
6513
9745
11831
12332
10552
6467
1466
-2701
-5730
-8749
-12207
-14517
-13536
-9171
-3719
577
3658
6910
10690
13385
13120
9883
5474
1563
-1609
-4532
-7067
-8352
-7906
-6240
-4233
-2315
-560
774
1259
818
-134
-1127
-1940
-2404
-2227
-1223
438
2406
4428
6269
7518
7765
6929
5147
2378
-1469
-5874
-9516
-11173
-10733
-9072
-7007
-4633
-1712
1633
4795
7063
8009
7665
6507
5142
3785
2154
76
-1890
-2861
-2670
-2144
-2114
-2469
-2492
-1966
-1420
-1295
-1380
-1252
-898
-508
74
1210
2785
4126
4763
4912
4952
4688
3556
1475
-898
-2868
-4348
-5605
-6602
-6898
-6162
-4508
-2340
-74
1924
3362
4174
4508
4417
3683
2179
283
-1322
-2309
-2889
-3272
-3252
-2568
-1443
-413
279
797
1190
1142
456
-503
-1136
-1273
-1234
-1264
-1175
-663
239
1131
1615
1607
1295
875
325
-546
-1807
-3168
-4052
-3892
-2383
382
3912
7512
10569
12535
12670
10250
5506
95
-4126
-6952
-9757
-13094
-15145
-13501
-8285
-2389
1707
4416
7615
11471
13828
12802
9026
4738
1301
-1625
-4651
-7309
-8501
-7848
-6045
-3989
-2060
-349
817
1028
330
-696
-1495
-1949
-2169
-2089
-1396
177
2546
5151
7137
7874
7440
6359
4733
1953
-2334
-7128
-10532
-11438
-10387
-8634
-6767
-4512
-1501
2163
5877
8672
9584
8431
6269
4476
3299
1754
-771
-3341
-4430
-3766
-2595
-2100
-2153
-1903
-1095
-332
-165
-500
-912
-1155
-1108
-537
714
2344
3763
4676
5229
5487
5076
3622
1341
-1107
-3323
-5335
-7039
-7878
-7385
-5782
-3715
-1529
819
3162
4919
5647
5453
4645
3240
1225
-924
-2458
-3138
-3387
-3556
-3420
-2620
-1345
-166
602
1078
1382
1408
1105
653
213
-260
-783
-1123
-1059
-737
-510
-436
-240
196
552
435
-158
-900
-1536
-2057
-2437
-2435
-1729
-221
1942
4595
7615
10549
12263
11403
7626
2313
-2450
-5806
-8696
-12096
-15032
-15142
-11373
-5514
-425
2888
5778
9512
13135
14338
12121
7847
3612
204
-2878
-5850
-7909
-8226
-7045
-5326
-3641
-1925
-276
710
635
-80
-675
-945
-1217
-1547
-1371
-114
2118
4589
6504
7433
7355
6495
4988
2626
-924
-5375
-9446
-11606
-11347
-9528
-7357
-5196
-2539
987
4887
8039
9499
9083
7382
5319
3503
1847
-92
-2285
-3923
-4150
-3093
-1847
-1349
-1511
-1615
-1317
-961
-970
-1310
-1627
-1626
-1152
-125
1339
2859
4045
4825
5281
5256
4381
2584
295
-1957
-3970
-5693
-6832
-6959
-6009
-4392
-2529
-522
1604
3512
4689
4899
4340
3311
1945
354
-1168
-2282
-2913
-3201
-3197
-2758
-1864
-839
-74
367
699
1008
1120
915
548
229
-51
-409
-801
-1025
-1012
-890
-758
-552
-204
179
403
373
139
-206
-591
-981
-1377
-1729
-1779
-1059
808
3753
7196
10243
11885
11235
8077
3355
-1238
-4640
-7304
-10244
-13152
-14054
-11352
-5946
-604
2898
5359
8431
11882
13486
11684
7494
3258
95
-2613
-5446
-7687
-8258
-7208
-5554
-3950
-2241
-350
1113
1507
1007
329
-164
-651
-1178
-1263
-391
1337
3233
4649
5366
5510
5187
4243
2359
-576
-4117
-7303
-9172
-9338
-8137
-6256
-4176
-1878
914
4112
6889
8145
7483
5654
3830
2495
1232
-423
-2199
-3307
-3287
-2428
-1431
-807
-628
-666
-673
-585
-538
-713
-1084
-1338
-1116
-339
742
1805
2710
3465
3991
4063
3487
2297
716
-1033
-2770
-4234
-5090
-5145
-4542
-3587
-2418
-982
639
2081
2998
3401
3504
3266
2386
857
-746
-1774
-2203
-2519
-2939
-3061
-2439
-1259
-144
577
1104
1665
2099
2090
1597
853
64
-701
-1375
-1850
-2077
-2054
-1719
-1035
-200
447
793
1033
1258
1173
463
-670
-1661
-2189
-2328
-2037
-886
1497
4826
8215
10610
11060
8999
4856
227
-3301
-5709
-8313
-11572
-13716
-12447
-7774
-2219
1999
5088
8389
11757
13344
11927
8415
4624
1302
-1947
-5215
-7654
-8415
-7600
-5978
-4068
-1975
82
1541
1983
1603
943
259
-582
-1558
-2133
-1680
-194
1657
3196
4235
4882
5150
4903
3953
2034
-1039
-4775
-7774
-8695
-7643
-6073
-5061
-4034
-1700
2026
5605
7402
7132
5725
4206
2991
1910
557
-1233
-2964
-3708
-3051
-1710
-835
-742
-747
-274
326
317
-408
-1265
-1729
-1754
-1462
-828
168
1329
2429
3410
4244
4685
4398
3315
1684
-198
-2114
-3795
-4922
-5379
-5325
-4863
-3783
-1934
288
2130
3209
3747
3996
3746
2723
1182
-280
-1424
-2446
-3302
-3467
-2659
-1394
-442
98
696
1483
1951
1672
888
120
-488
-1091
-1647
-1900
-1803
-1571
-1291
-761
108
996
1500
1566
1420
1145
590
-285
-1244
-2041
-2682
-3191
-3231
-2210
134
3398
6808
9641
11209
10752
7934
3536
-855
-4256
-7121
-10228
-12897
-13145
-9982
-4940
-619
2074
4442
7645
10712
11553
9486
5958
2720
120
-2424
-4915
-6513
-6659
-5732
-4373
-2716
-705
1172
2076
1753
807
-93
-917
-1901
-2802
-2941
-1940
-110
1940
3768
5151
5942
6083
5569
4234
1777
-1699
-5279
-7718
-8434
-7863
-6759
-5353
-3345
-551
2643
5405
6915
6819
5492
3830
2548
1542
163
-1733
-3257
-3338
-2014
-506
127
27
18
351
439
-229
-1400
-2440
-3036
-3173
-2724
-1525
189
1845
3171
4401
5653
6386
5850
3976
1489
-840
-2790
-4445
-5712
-6307
-6077
-5069
-3383
-1211
1009
2718
3683
4091
4138
3670
2471
762
-842
-1912
-2496
-2774
-2688
-2127
-1305
-624
-198
212
718
1016
777
161
-323
-431
-417
-592
-901
-1029
-810
-363
69
309
312
216
267
550
798
620
-25
-762
-1268
-1678
-2308
-3036
-3186
-2094
297
3457
6727
9529
11173
10850
8233
4116
60
-2984
-5504
-8465
-11511
-12763
-10814
-6553
-2280
859
3756
7394
10841
12043
10288
6998
3904
1294
-1471
-4340
-6319
-6714
-5871
-4499
-2840
-890
919
1847
1602
614
-517
-1531
-2374
-2863
-2713
-1774
-102
2114
4454
6253
6958
6571
5507
3913
1464
-1983
-5667
-8270
-9023
-8261
-6819
-5117
-3001
-288
2753
5415
6912
6849
5564
3932
2609
1491
106
-1482
-2539
-2543
-1869
-1272
-976
-645
-167
49
-337
-1091
-1738
-2137
-2386
-2345
-1664
-322
1191
2435
3481
4576
5491
5602
4631
3012
1342
-284
-2099
-3995
-5412
-5926
-5641
-4800
-3371
-1326
853
2420
3155
3509
3818
3757
2868
1347
-97
-1071
-1740
-2283
-2508
-2221
-1618
-1031
-513
31
487
600
386
146
30
-135
-465
-731
-632
-213
208
417
464
444
360
234
180
224
194
-113
-652
-1176
-1519
-1756
-2050
-2424
-2699
-2569
-1736
-44
2435
5425
8493
10956
11824
10249
6382
1590
-2609
-5888
-8969
-12020
-13729
-12549
-8664
-4003
-178
2986
6411
9828
11657
10858
8177
5215
2680
140
-2700
-5147
-6207
-5737
-4484
-3141
-1788
-369
694
784
-92
-1177
-1779
-1954
-2128
-2245
-1711
-194
1852
3676
4960
5808
6234
5992
4899
2951
149
-3392
-6934
-9172
-9270
-7730
-5818
-4114
-2071
861
4129
6428
6977
6086
4621
3220
2031
832
-646
-2248
-3251
-3005
-1815
-781
-545
-629
-348
72
-152
-1107
-1995
-2235
-2034
-1692
-967
390
1937
2995
3514
3898
4138
3730
2550
1145
-48
-1252
-2748
-4115
-4613
-4140
-3327
-2637
-1849
-588
982
2281
2958
3107
2906
2342
1394
279
-660
-1269
-1626
-1816
-1790
-1487
-1007
-541
-199
67
336
590
721
639
334
-86
-424
-507
-352
-188
-226
-381
-353
-31
303
287
-42
-300
-273
-201
-392
-760
-952
-870
-811
-1046
-1506
-1896
-1962
-1417
128
2851
6281
9356
10997
10612
8258
4620
836
-2154
-4424
-6876
-9832
-11969
-11348
-7678
-3001
413
2470
4839
8234
11035
11114
8401
4824
1944
-414
-2968
-5388
-6623
-6347
-5208
-3782
-2094
-355
682
588
-25
-311
-347
-820
-1722
-2138
-1412
101
1702
3180
4574
5594
5838
5316
4225
2358
-632
-4285
-7235
-8374
-7856
-6673
-5432
-3901
-1648
1171
3791
5422
5791
5217
4259
3268
2183
748
-1008
-2518
-3050
-2427
-1327
-658
-620
-633
-242
202
17
-834
-1677
-1993
-1893
-1596
-950
194
1455
2286
2712
3198
3778
3845
2987
1583
275
-800
-1864
-2849
-3383
-3351
-3000
-2444
-1507
-231
858
1312
1308
1312
1350
1072
437
-87
-198
-179
-389
-635
-446
138
530
387
43
-82
-128
-508
-1165
-1577
-1498
-1250
-1149
-1011
-515
219
748
909
899
829
556
72
-309
-377
-355
-517
-668
-368
333
796
511
-336
-1200
-1871
-2558
-3326
-3726
-3113
-1251
1510
4585
7505
9795
10705
9514
6338
2360
-1154
-4046
-7052
-10253
-12264
-11501
-8083
-3903
-607
1976
5010
8541
10921
10553
7753
4356
1660
-594
-3052
-5295
-6190
-5436
-3940
-2590
-1347
80
1269
1482
750
-157
-819
-1537
-2470
-2990
-2363
-696
1252
2993
4539
5823
6402
5894
4328
1931
-1089
-4281
-6769
-7781
-7355
-6229
-4981
-3493
-1340
1447
4159
5877
6125
5192
3877
2786
1819
492
-1220
-2554
-2762
-2042
-1324
-1135
-1081
-625
30
257
-64
-470
-688
-958
-1365
-1404
-639
531
1302
1519
1765
2350
2794
2523
1667
775
60
-666
-1435
-1988
-2178
-2172
-2079
-1731
-1013
-193
337
532
673
908
1072
987
744
531
349
61
-300
-487
-367
-134
-75
-187
-239
-163
-185
-476
-837
-940
-743
-500
-372
-223
105
523
816
918
921
876
722
415
44
-233
-314
-238
-172
-306
-661
-1057
-1333
-1544
-1847
-2229
-2491
-2497
-2221
-1534
-126
2170
5071
7976
10229
11127
9991
6751
2443
-1428
-4295
-6928
-9993
-12556
-12702
-9781
-5379
-1616
1100
3958
7540
10526
11079
9022
5989
3485
1504
-726
-3174
-4874
-5179
-4508
-3644
-2803
-1789
-732
-143
-224
-588
-809
-914
-1107
-1263
-1002
-167
1051
2416
3800
4991
5643
5508
4587
2945
580
-2310
-5051
-6806
-7263
-6847
-6116
-5080
-3306
-658
2260
4506
5543
5518
4877
3909
2674
1222
-282
-1573
-2385
-2562
-2189
-1574
-1011
-529
-24
428
527
97
-665
-1380
-1810
-1885
-1570
-905
-119
563
1221
2098
3077
3584
3206
2206
1186
391
-375
-1213
-1872
-2103
-1979
-1690
-1247
-648
-122
90
112
277
552
476
-193
-1020
-1334
-973
-360
102
423
787
1181
1425
1398
1089
516
-263
-1049
-1581
-1765
-1721
-1592
-1363
-934
-288
428
993
1234
1142
888
682
572
388
-28
-567
-922
-925
-762
-759
-990
-1200
-1136
-876
-733
-893
-1230
-1484
-1501
-1170
-291
1368
3791
6570
8982
10200
9574
7059
3436
-137
-3098
-5835
-8816
-11426
-12166
-10224
-6523
-2804
182
3099
6561
9783
11175
10108
7579
4986
2690
159
-2727
-5133
-6149
-5791
-4752
-3469
-1923
-283
807
905
356
-184
-598
-1252
-2147
-2605
-1985
-396
1525
3250
4539
5250
5341
4962
4157
2544
-248
-3700
-6427
-7415
-6968
-6100
-5229
-3873
-1630
1094
3401
4656
4747
3949
2805
1892
1357
773
-232
-1275
-1523
-776
177
467
130
-146
-76
-115
-739
-1759
-2573
-2864
-2767
-2444
-1793
-684
716
2031
3009
3642
3934
3756
3025
1935
842
-65
-811
-1382
-1599
-1399
-1030
-823
-826
-876
-933
-1090
-1285
-1325
-1209
-1157
-1147
-770
194
1310
1967
2185
2501
3058
3264
2587
1278
32
-850
-1589
-2344
-2920
-3089
-2868
-2387
-1691
-866
-127
389
801
1264
1661
1723
1439
1094
892
706
336
-165
-561
-768
-946
-1233
-1550
-1738
-1808
-1908
-2102
-2267
-2254
-2031
-1558
-638
988
3325
6043
8650
10578
11096
9551
6048
1756
-1955
-4792
-7526
-10490
-12554
-12146
-9126
-5042
-1395
1739
5048
8405
10648
10852
9274
6856
4222
1478
-1252
-3555
-5030
-5588
-5367
-4500
-3148
-1656
-508
-42
-224
-731
-1244
-1640
-1889
-1869
-1354
-206
1454
3272
4836
5828
6161
5938
5187
3628
948
-2542
-5729
-7522
-7819
-7389
-6785
-5723
-3714
-923
1866
3953
5071
5214
4574
3642
2917
2354
1456
130
-920
-1004
-422
-148
-601
-1230
-1414
-1301
-1463
-2050
-2689
-3064
-3125
-2743
-1659
59
1801
2980
3651
4249
4806
4793
3823
2220
655
-571
-1627
-2610
-3247
-3255
-2756
-2123
-1521
-863
-180
239
210
-44
-146
-22
109
142
269
650
1161
1565
1793
1890
1797
1421
838
220
-441
-1296
-2282
-3024
-3226
-2991
-2605
-2135
-1451
-535
438
1299
1952
2261
2110
1645
1236
1027
719
-23
-1034
-1764
-1922
-1764
-1687
-1739
-1685
-1417
-1114
-965
-937
-866
-711
-572
-470
-190
558
1876
3634
5668
7797
9512
9842
7984
4265
142
-3086
-5464
-7904
-10562
-12175
-11307
-8010
-3839
-292
2405
4945
7685
9970
10685
9341
6596
3642
1130
-1168
-3539
-5512
-6235
-5573
-4342
-3301
-2400
-1291
-180
330
101
-390
-714
-849
-792
-288
775
2034
3052
3821
4554
5132
5104
4187
2458
91
-2702
-5420
-7313
-7952
-7567
-6646
-5340
-3478
-1052
1567
3854
5379
5929
5593
4770
3835
2793
1414
-199
-1480
-1984
-1912
-1811
-1860
-1812
-1568
-1437
-1651
-1972
-2046
-1922
-1837
-1635
-843
573
1967
2780
3207
3731
4259
4179
3234
1850
507
-772
-2088
-3215
-3798
-3813
-3440
-2661
-1364
153
1219
1472
1230
1019
940
730
299
-107
-245
-133
93
406
815
1197
1353
1229
933
532
-67
-919
-1845
-2532
-2841
-2867
-2707
-2302
-1577
-636
284
1027
1583
1958
2112
2018
1704
1195
511
-272
-1006
-1558
-1867
-1904
-1694
-1373
-1119
-956
-719
-334
-2
41
-159
-374
-553
-822
-1105
-988
-80
1640
3912
6398
8574
9615
8796
6180
2730
-451
-3000
-5363
-7962
-10328
-11158
-9471
-5752
-1720
1308
3602
6215
9111
10750
9842
6970
3879
1456
-832
-3450
-5636
-6260
-5342
-3950
-2780
-1584
-121
1039
1186
495
-220
-597
-996
-1621
-1946
-1352
48
1592
2891
4027
5005
5449
5006
3693
1685
-925
-3857
-6360
-7619
-7528
-6694
-5604
-4086
-1802
970
3404
4891
5447
5378
4850
3916
2718
1440
148
-1088
-2015
-2357
-2194
-1972
-2019
-2200
-2149
-1786
-1424
-1383
-1620
-1775
-1481
-637
534
1636
2382
2810
3184
3609
3815
3389
2246
756
-610
-1649
-2423
-3009
-3344
-3317
-2842
-1907
-656
552
1315
1546
1548
1619
1663
1340
589
-189
-551
-434
-111
183
403
543
550
405
173
-123
-565
-1184
-1803
-2154
-2140
-1903
-1613
-1274
-781
-120
581
1170
1598
1875
1953
1713
1116
318
-413
-926
-1263
-1522
-1682
-1660
-1449
-1140
-805
-467
-186
-70
-131
-243
-310
-422
-693
-1003
-1026
-524
542
2149
4273
6633
8501
8979
7621
4782
1404
-1597
-3912
-5904
-7985
-9768
-10068
-8069
-4420
-788
1813
3834
6097
8304
9186
8083
5753
3415
1444
-561
-2697
-4335
-4865
-4435
-3666
-2863
-1884
-715
191
342
-199
-875
-1247
-1336
-1315
-1118
-490
652
2091
3512
4669
5342
5326
4548
3091
1038
-1538
-4301
-6505
-7448
-7086
-6023
-4800
-3364
-1354
1208
3704
5363
5835
5364
4490
3580
2566
1168
-584
-2144
-2889
-2761
-2289
-1982
-1871
-1700
-1398
-1171
-1183
-1362
-1518
-1528
-1310
-775
75
1059
1939
2636
3247
3790
4032
3646
2537
965
-662
-2058
-3111
-3778
-4017
-3793
-3079
-1864
-264
1359
2512
2944
2836
2536
2126
1424
385
-643
-1210
-1215
-952
-717
-521
-216
221
607
726
505
37
-495
-929
-1176
-1243
-1181
-1027
-793
-491
-143
218
526
689
655
499
380
351
286
55
-262
-453
-454
-441
-602
-888
-1101
-1143
-1076
-981
-864
-711
-530
-317
-117
-84
-363
-832
-1101
-819
100
1599
3629
5970
7975
8777
7873
5519
2519
-324
-2690
-4833
-7099
-9195
-10017
-8596
-5294
-1687
1045
3224
5778
8506
9943
9064
6524
3822
1642
-406
-2621
-4480
-5261
-4934
-4072
-3107
-2056
-927
-43
227
-103
-618
-928
-1005
-1061
-1116
-818
232
1973
3782
4973
5302
4994
4294
3138
1291
-1262
-4072
-6365
-7486
-7309
-6271
-4897
-3331
-1352
1099
3545
5226
5721
5255
4380
3439
2362
945
-696
-2019
-2489
-2121
-1508
-1206
-1233
-1234
-1098
-1113
-1491
-1981
-2143
-1886
-1446
-926
-131
1030
2271
3224
3843
4272
4395
3844
2516
808
-802
-2193
-3443
-4377
-4627
-4093
-3062
-1815
-372
1221
2617
3423
3604
3388
2833
1832
532
-567
-1139
-1391
-1677
-1907
-1654
-812
152
700
746
590
477
391
193
-204
-767
-1312
-1589
-1494
-1189
-940
-787
-520
6
631
1047
1135
1034
900
720
420
68
-189
-337
-526
-842
-1135
-1220
-1150
-1143
-1224
-1141
-733
-233
-14
-131
-280
-235
-135
-240
-539
-722
-474
347
1784
3801
6079
7882
8339
7055
4437
1368
-1511
-4149
-6727
-9013
-10201
-9523
-7021
-3651
-521
2001
4343
6875
9086
9859
8601
5933
3079
699
-1367
-3324
-4829
-5407
-5116
-4387
-3423
-2161
-811
89
282
100
-82
-351
-873
-1264
-852
468
2067
3341
4235
4889
5144
4698
3522
1789
-471
-3213
-5929
-7732
-8099
-7297
-5947
-4315
-2239
336
3000
5072
6039
5864
4975
3919
2946
1840
312
-1447
-2764
-3117
-2683
-2109
-1823
-1733
-1569
-1305
-1107
-1024
-940
-795
-639
-414
120
1084
2210
3066
3521
3758
3828
3447
2391
893
-583
-1854
-3046
-4106
-4638
-4367
-3514
-2475
-1309
161
1812
3130
3780
3922
3827
3410
2453
1129
-66
-889
-1536
-2157
-2508
-2314
-1722
-1126
-628
-46
612
1006
918
575
308
102
-260
-731
-985
-861
-589
-464
-499
-487
-310
-26
239
398
396
269
151
144
171
41
-312
-738
-1018
-1049
-902
-717
-594
-500
-322
-25
248
308
157
-22
-148
-358
-768
-1231
-1476
-1388
-994
-190
1268
3426
5852
7812
8617
7900
5766
2825
-119
-2640
-4926
-7235
-9153
-9665
-8118
-4981
-1492
1422
3740
5905
7943
9158
8781
6806
4060
1431
-834
-2919
-4762
-5893
-5976
-5212
-4015
-2591
-1033
323
1002
886
360
-97
-297
-292
-130
229
862
1812
2947
3880
4184
3808
3063
2081
533
-1846
-4553
-6537
-7177
-6736
-5804
-4562
-2845
-655
1704
3862
5455
6081
5528
4162
2736
1644
597
-747
-2072
-2659
-2305
-1612
-1261
-1299
-1310
-1081
-812
-739
-844
-997
-1110
-1041
-545
458
1650
2564
3070
3408
3718
3710
2956
1433
-376
-1914
-2970
-3649
-4066
-4152
-3738
-2750
-1307
307
1761
2833
3479
3798
3838
3494
2647
1390
67
-999
-1745
-2266
-2556
-2469
-1978
-1277
-608
-49
400
654
626
427
275
216
70
-239
-497
-481
-318
-348
-654
-924
-870
-593
-417
-441
-462
-286
50
387
650
810
783
499
48
-367
-644
-864
-1129
-1392
-1478
-1257
-755
-159
314
568
665
678
545
137
-505
-1108
-1385
-1231
-668
329
1818
3722
5735
7351
7967
7101
4765
1647
-1303
-3640
-5649
-7623
-9061
-8889
-6630
-3117
218
2677
4663
6693
8409
8841
7523
5029
2319
-123
-2337
-4290
-5621
-6002
-5507
-4438
-3011
-1389
67
894
969
657
401
266
37
-318
-491
-175
598
1546
2421
3083
3394
3208
2460
1195
-520
-2561
-4579
-6022
-6447
-5847
-4599
-3111
-1528
229
2173
3988
5110
5149
4279
3115
2107
1154
-58
-1445
-2466
-2725
-2407
-1983
-1657
-1298
-827
-426
-292
-389
-558
-732
-882
-848
-404
451
1420
2185
2663
2939
2995
2653
1803
592
-681
-1800
-2713
-3386
-3669
-3392
-2568
-1429
-260
778
1633
2247
2538
2493
2220
1857
1473
1075
661
238
-223
-723
-1160
-1387
-1394
-1353
-1403
-1427
-1194
-673
-98
321
602
825
940
851
598
274
-140
-692
-1221
-1463
-1390
-1240
-1130
-875
-332
289
643
685
645
630
509
195
-175
-441
-621
-812
-995
-1059
-961
-744
-449
-108
227
503
725
890
911
678
203
-358
-865
-1289
-1656
-1910
-1877
-1350
-211
1488
3553
5673
7423
8259
7695
5644
2608
-626
-3518
-5944
-7852
-8906
-8636
-6930
-4243
-1281
1471
3892
5965
7457
7926
7078
5090
2547
45
-2095
-3737
-4716
-4869
-4264
-3240
-2146
-1107
-138
617
881
520
-256
-1010
-1423
-1466
-1253
-784
84
1394
2872
4027
4506
4261
3409
2011
102
-2112
-4196
-5700
-6390
-6262
-5396
-3899
-1950
155
2118
3728
4805
5146
4631
3460
2122
1004
68
-916
-1846
-2251
-1867
-1062
-466
-271
-196
-67
-126
-614
-1319
-1767
-1755
-1419
-870
-23
1128
2311
3185
3615
3630
3237
2406
1212
-153
-1493
-2658
-3494
-3856
-3701
-3105
-2187
-1052
180
1323
2181
2615
2617
2324
1944
1593
1240
850
517
347
247
-22
-537
-1099
-1486
-1708
-1886
-2007
-1937
-1623
-1153
-611
-14
585
1072
1389
1545
1511
1198
635
29
-438
-803
-1187
-1541
-1665
-1484
-1145
-805
-456
-36
393
683
775
734
620
424
143
-164
-419
-583
-632
-531
-293
-14
198
329
426
462
325
-32
-478
-827
-1053
-1277
-1532
-1651
-1420
-764
298
1790
3719
5843
7609
8409
7917
6217
3689
801
-2082
-4759
-7074
-8722
-9253
-8339
-6100
-3110
-75
2570
4770
6589
7807
7927
6668
4399
1913
-275
-2188
-3894
-5069
-5295
-4656
-3671
-2659
-1512
-223
764
995
608
146
-102
-260
-408
-319
212
1056
1941
2745
3399
3661
3268
2255
873
-752
-2642
-4553
-5887
-6181
-5546
-4424
-3027
-1251
875
2918
4337
4910
4751
4043
2910
1529
176
-922
-1685
-2091
-2098
-1727
-1179
-689
-320
32
362
453
128
-463
-939
-1047
-849
-497
-13
648
1390
1976
2253
2249
1998
1420
456
-703
-1695
-2300
-2558
-2571
-2312
-1728
-931
-124
593
1204
1602
1625
1312
941
694
485
215
54
235
635
844
672
331
30
-343
-944
-1600
-1960
-1960
-1823
-1626
-1189
-449
313
800
1052
1270
1404
1206
651
35
-390
-673
-953
-1183
-1192
-957
-608
-242
121
411
502
385
235
204
219
107
-159
-430
-593
-679
-723
-664
-423
-63
277
545
782
964
966
706
260
-264
-834
-1450
-2002
-2307
-2280
-1950
-1303
-231
1333
3260
5258
6977
8044
8085
6887
4583
1622
-1451
-4208
-6389
-7860
-8506
-8147
-6627
-4088
-1112
1619
3806
5553
6858
7309
6479
4537
2207
134
-1536
-2911
-3943
-4404
-4164
-3332
-2163
-969
-62
360
360
170
-61
-370
-791
-1144
-1127
-590
370
1508
2576
3361
3704
3563
2989
1976
441
-1561
-3614
-5110
-5674
-5396
-4600
-3475
-2002
-197
1680
3219
4093
4201
3664
2739
1707
744
-125
-925
-1556
-1789
-1482
-778
-74
291
290
151
23
-202
-694
-1344
-1781
-1739
-1285
-635
128
1012
1881
2492
2735
2687
2353
1599
445
-757
-1621
-2102
-2405
-2564
-2358
-1681
-748
126
797
1238
1385
1234
952
734
560
303
48
79
482
960
1154
1021
752
427
-68
-784
-1562
-2176
-2515
-2542
-2198
-1463
-501
398
1042
1446
1692
1750
1528
1036
430
-123
-564
-878
-1021
-961
-771
-566
-379
-165
48
137
65
-46
-46
34
61
4
-36
-3
34
38
94
276
484
524
340
61
-165
-318
-453
-590
-709
-795
-841
-815
-705
-596
-611
-729
-706
-267
632
1799
3051
4332
5490
6086
5618
4014
1761
-545
-2665
-4629
-6315
-7303
-7200
-5953
-3862
-1392
1018
3099
4803
6103
6714
6208
4525
2261
186
-1418
-2735
-3811
-4276
-3846
-2791
-1660
-695
203
973
1234
777
-66
-726
-1005
-1100
-1129
-868
-71
1142
2354
3221
3641
3597
3029
1912
348
-1461
-3266
-4734
-5483
-5297
-4330
-2971
-1497
77
1750
3269
4214
4349
3786
2829
1725
605
-436
-1275
-1775
-1837
-1470
-840
-229
137
229
175
64
-151
-559
-1122
-1637
-1844
-1591
-916
-9
913
1715
2335
2711
2743
2348
1555
515
-578
-1561
-2321
-2789
-2919
-2684
-2087
-1202
-194
720
1385
1756
1870
1756
1425
924
366
-115
-411
-458
-231
217
725
1084
1149
927
510
-13
-599
-1211
-1748
-2076
-2084
-1752
-1154
-401
390
1109
1640
1901
1896
1692
1345
858
251
-373
-880
-1211
-1399
-1446
-1305
-976
-579
-263
-79
25
100
175
277
411
501
462
327
227
230
263
230
122
-20
-171
-303
-350
-314
-325
-497
-759
-928
-960
-1004
-1160
-1310
-1267
-994
-567
30
971
2362
4048
5650
6740
7003
6277
4574
2120
-641
-3197
-5203
-6599
-7424
-7527
-6593
-4548
-1849
788
2930
4581
5825
6483
6249
5069
3255
1257
-559
-1960
-2811
-3100
-2952
-2546
-1989
-1322
-643
-179
-153
-567
-1137
-1534
-1633
-1492
-1130
-440
632
1931
3161
4062
4458
4246
3431
2126
471
-1421
-3357
-4958
-5817
-5787
-5043
-3831
-2287
-517
1251
2705
3604
3869
3566
2882
2042
1175
296
-544
-1142
-1296
-1039
-614
-255
-50
-37
-269
-726
-1253
-1679
-1941
-2031
-1898
-1444
-649
402
1541
2568
3297
3618
3519
3008
2077
784
-647
-1925
-2866
-3427
-3557
-3171
-2303
-1209
-181
665
1348
1832
1985
1783
1386
985
615
239
-43
-18
355
834
1127
1188
1146
1019
642
-94
-1041
-1913
-2519
-2808
-2759
-2338
-1580
-594
502
1576
2442
2898
2883
2524
1979
1305
501
-351
-1095
-1624
-1933
-2059
-2031
-1875
-1617
-1263
-825
-368
22
320
571
800
973
1071
1128
1149
1040
735
318
-41
-309
-601
-961
-1244
-1299
-1185
-1108
-1151
-1186
-1076
-865
-703
-647
-619
-533
-383
-146
285
1020
2045
3257
4584
5913
6904
7007
5871
3721
1190
-1239
-3518
-5715
-7569
-8520
-8135
-6433
-3828
-898
1849
4147
5978
7338
7965
7460
5760
3385
1050
-875
-2429
-3661
-4402
-4483
-3972
-3109
-2104
-1137
-441
-214
-414
-761
-978
-969
-750
-302
448
1510
2747
3883
4608
4698
4116
2977
1429
-422
-2445
-4394
-5902
-6625
-6417
-5403
-3900
-2202
-430
1379
3054
4224
4579
4163
3342
2468
1641
802
-33
-716
-1104
-1184
-1048
-849
-752
-886
-1267
-1771
-2222
-2494
-2524
-2245
-1591
-570
692
2001
3164
4027
4446
4315
3615
2442
975
-571
-1993
-3133
-3867
-4092
-3769
-2982
-1921
-755
420
1511
2342
2734
2671
2297
1766
1157
557
84
-181
-264
-209
-13
279
497
482
261
-28
-351
-797
-1345
-1769
-1863
-1648
-1282
-821
-216
502
1156
1603
1838
1894
1721
1262
590
-111
-718
-1221
-1633
-1909
-1980
-1846
-1565
-1185
-746
-302
93
426
714
960
1125
1178
1116
932
626
245
-101
-353
-559
-793
-1007
-1072
-946
-754
-636
-595
-545
-461
-388
-352
-323
-277
-235
-211
-187
-134
34
486
1395
2738
4223
5456
6141
6097
5184
3369
884
-1777
-4108
-5845
-6949
-7365
-6892
-5363
-2951
-222
2243
4245
5885
7086
7424
6545
4668
2456
423
-1339
-2851
-3912
-4277
-4002
-3406
-2716
-1940
-1102
-393
-26
-42
-298
-589
-713
-505
37
769
1572
2439
3314
3923
3931
3269
2139
712
-1009
-2944
-4728
-5882
-6188
-5736
-4707
-3241
-1493
342
2090
3599
4644
4968
4513
3542
2422
1320
229
-779
-1474
-1700
-1560
-1311
-1116
-986
-911
-938
-1104
-1352
-1552
-1583
-1355
-826
1
1042
2146
3117
3754
3903
3530
2737
1668
417
-963
-2340
-3463
-4085
-4102
-3574
-2657
-1514
-290
905
1971
2751
3051
2809
2202
1514
884
282
-292
-704
-823
-693
-459
-210
35
208
223
85
-125
-399
-786
-1219
-1472
-1389
-1068
-715
-368
98
727
1340
1706
1742
1521
1128
603
-19
-667
-1249
-1680
-1923
-1967
-1817
-1486
-1012
-488
-15
368
691
946
1067
1005
836
695
628
554
380
130
-97
-248
-374
-557
-800
-1011
-1106
-1087
-990
-816
-539
-209
51
180
240
291
275
105
-153
-314
-277
-59
383
1241
2616
4256
5632
6269
5955
4716
2767
470
-1817
-3947
-5909
-7481
-8093
-7246
-5058
-2255
437
2779
4865
6631
7667
7533
6191
4090
1804
-334
-2269
-3904
-4917
-5024
-4371
-3443
-2557
-1628
-556
378
754
537
123
-157
-290
-295
15
777
1770
2614
3155
3466
3488
2980
1836
271
-1449
-3197
-4825
-5970
-6233
-5577
-4322
-2778
-1019
937
2843
4267
4894
4753
4115
3267
2326
1282
153
-888
-1566
-1721
-1485
-1227
-1231
-1447
-1569
-1402
-1122
-1068
-1294
-1442
-1126
-344
582
1407
2149
2846
3348
3442
3085
2379
1370
61
-1394
-2643
-3379
-3574
-3404
-3000
-2334
-1333
-65
1216
2173
2582
2483
2128
1741
1327
764
85
-450
-609
-471
-298
-202
-60
187
337
144
-344
-841
-1180
-1417
-1593
-1547
-1134
-451
237
796
1266
1652
1840
1741
1386
854
184
-549
-1182
-1590
-1800
-1884
-1798
-1437
-862
-301
85
365
671
973
1112
1032
853
708
582
383
99
-171
-344
-448
-566
-708
-794
-755
-626
-504
-440
-412
-372
-316
-270
-242
-220
-195
-169
-134
-51
200
820
1976
3569
5170
6224
6363
5494
3705
1262
-1328
-3522
-5160
-6475
-7503
-7659
-6263
-3501
-467
1903
3653
5298
6776
7363
6581
4789
2708
696
-1256
-3027
-4235
-4618
-4292
-3568
-2658
-1656
-680
84
449
353
-42
-397
-450
-248
-21
227
796
1860
3081
3851
3895
3402
2600
1408
-323
-2422
-4386
-5721
-6196
-5839
-4827
-3404
-1757
47
1941
3646
4730
4908
4281
3225
2104
1075
114
-820
-1623
-2033
-1858
-1241
-624
-355
-413
-566
-721
-955
-1290
-1575
-1646
-1425
-863
59
1177
2158
2790
3163
3402
3332
2639
1323
-212
-1552
-2576
-3309
-3667
-3532
-2946
-2066
-995
193
1300
2074
2431
2484
2307
1841
1107
343
-177
-391
-429
-358
-139
207
503
548
300
-137
-639
-1140
-1595
-1919
-1988
-1710
-1105
-306
508
1217
1753
2059
2085
1823
1327
676
-63
-790
-1391
-1786
-1964
-1944
-1732
-1346
-871
-404
25
432
787
1016
1097
1095
1042
871
530
119
-178
-303
-386
-532
-669
-668
-564
-546
-690
-838
-802
-609
-453
-430
-446
-392
-297
-233
-138
171
824
1828
3142
4688
6196
7115
6826
5091
2322
-631
-3059
-4865
-6408
-7827
-8566
-7780
-5297
-1996
954
3129
4898
6525
7580
7424
6011
3938
1767
-367
-2436
-4114
-4939
-4802
-4051
-3096
-2063
-936
101
659
531
-47
-607
-892
-961
-885
-528
301
1542
2839
3813
4267
4167
3517
2329
657
-1378
-3528
-5379
-6455
-6470
-5532
-4016
-2268
-437
1416
3125
4400
4946
4649
3670
2400
1209
195
-750
-1601
-2045
-1812
-1098
-455
-197
-132
6
68
-306
-1072
-1724
-1877
-1669
-1380
-915
18
1344
2546
3218
3432
3411
3078
2174
720
-866
-2157
-3039
-3590
-3801
-3542
-2752
-1561
-243
923
1777
2303
2555
2540
2198
1531
714
35
-306
-324
-204
-95
20
215
417
383
-43
-694
-1240
-1555
-1763
-1932
-1859
-1347
-522
277
878
1344
1707
1830
1628
1233
810
331
-304
-997
-1479
-1602
-1471
-1277
-1085
-851
-527
-139
213
412
436
426
531
689
650
314
-81
-216
-76
65
30
-71
-67
4
-30
-239
-538
-849
-1182
-1527
-1781
-1839
-1686
-1327
-667
453
2063
3967
5830
7267
7839
7127
5062
2169
-694
-3040
-5060
-7069
-8715
-9042
-7459
-4477
-1307
1232
3191
4995
6641
7555
7137
5374
2922
614
-1150
-2499
-3644
-4406
-4381
-3496
-2211
-1064
-212
418
725
487
-233
-984
-1380
-1434
-1320
-971
-121
1274
2836
4012
4471
4226
3490
2411
930
-1074
-3430
-5518
-6623
-6497
-5495
-4111
-2513
-616
1513
3487
4832
5268
4796
3665
2270
970
-132
-1136
-2031
-2524
-2316
-1520
-619
-24
246
337
237
-176
-821
-1366
-1562
-1460
-1201
-707
215
1478
2646
3319
3481
3316
2834
1883
485
-1029
-2316
-3262
-3857
-3981
-3503
-2525
-1332
-97
1149
2268
2928
2929
2460
1863
1260
580
-138
-666
-851
-750
-459
-9
479
735
617
284
-58
-486
-1168
-1948
-2371
-2231
-1772
-1272
-661
226
1222
1922
2174
2162
2016
1597
810
-112
-825
-1242
-1501
-1654
-1601
-1313
-929
-589
-283
26
262
312
212
117
115
147
133
113
194
392
574
601
475
310
163
-39
-374
-788
-1142
-1349
-1400
-1316
-1167
-1091
-1160
-1222
-991
-365
536
1664
3166
5031
6784
7734
7495
6098
3742
777
-2174
-4505
-6208
-7726
-8992
-9039
-7047
-3585
-203
2211
4103
6097
7781
8132
6848
4678
2457
360
-1737
-3589
-4644
-4666
-3968
-3037
-2073
-1027
47
797
837
172
-719
-1305
-1458
-1392
-1204
-671
425
1941
3432
4480
4884
4578
3589
2034
64
-2161
-4354
-6003
-6621
-6163
-5030
-3601
-1891
177
2345
4050
4890
4872
4225
3188
1970
775
-274
-1142
-1722
-1821
-1400
-732
-176
145
305
279
-93
-808
-1550
-1983
-2059
-1889
-1440
-548
729
2030
3004
3594
3885
3806
3148
1889
312
-1236
-2581
-3639
-4241
-4213
-3608
-2681
-1594
-322
1083
2271
2864
2853
2559
2187
1647
888
162
-200
-199
-82
18
192
462
616
458
6
-608
-1330
-2080
-2634
-2763
-2474
-1943
-1235
-309
735
1618
2176
2470
2546
2283
1600
688
-151
-821
-1408
-1891
-2098
-1974
-1681
-1385
-1064
-643
-190
140
313
430
550
621
621
638
747
863
833
645
443
301
104
-269
-730
-1070
-1242
-1391
-1582
-1664
-1513
-1280
-1193
-1194
-969
-368
454
1379
2609
4356
6370
7947
8452
7689
5829
3195
192
-2771
-5431
-7673
-9255
-9659
-8461
-5849
-2627
385
2910
5122
7057
8296
8269
6848
4545
2085
-144
-2116
-3718
-4555
-4385
-3560
-2716
-2060
-1278
-263
445
251
-653
-1447
-1655
-1538
-1422
-1067
0
1714
3438
4632
5210
5218
4530
3056
999
-1302
-3622
-5707
-7049
-7175
-6167
-4615
-2959
-1135
1002
3127
4597
5046
4635
3760
2712
1639
604
-396
-1317
-1902
-1828
-1114
-261
201
195
-26
-342
-858
-1565
-2189
-2489
-2463
-2128
-1307
99
1762
3125
3942
4384
4560
4214
3078
1333
-508
-2074
-3304
-4174
-4540
-4305
-3578
-2537
-1265
150
1440
2283
2578
2488
2205
1796
1295
791
363
38
-136
-61
256
591
683
499
204
-138
-650
-1405
-2206
-2728
-2819
-2535
-1974
-1176
-214
753
1578
2217
2636
2714
2326
1538
635
-110
-669
-1194
-1743
-2141
-2179
-1888
-1521
-1260
-1031
-677
-216
187
451
660
889
1065
1106
1084
1122
1170
1034
637
132
-286
-617
-977
-1371
-1661
-1756
-1706
-1600
-1445
-1230
-997
-772
-491
-89
372
826
1448
2583
4293
6102
7338
7633
6947
5258
2594
-590
-3453
-5489
-6953
-8254
-9045
-8369
-5856
-2367
794
3115
5006
6846
8245
8424
7074
4694
2090
-237
-2204
-3765
-4665
-4687
-4015
-3148
-2393
-1681
-926
-373
-338
-737
-1119
-1182
-1017
-763
-290
642
2030
3553
4778
5341
5063
4040
2553
770
-1371
-3802
-5993
-7219
-7208
-6284
-4874
-3098
-976
1239
3152
4510
5208
5128
4250
2897
1579
554
-303
-1101
-1599
-1485
-864
-255
-58
-214
-457
-742
-1246
-1970
-2581
-2722
-2371
-1728
-855
371
1909
3392
4415
4871
4814
4174
2822
934
-1000
-2573
-3732
-4540
-4858
-4457
-3391
-2033
-725
435
1447
2219
2632
2666
2378
1815
1091
477
220
281
385
384
422
631
814
624
3
-734
-1277
-1637
-1987
-2323
-2430
-2131
-1459
-574
357
1176
1741
2021
2101
2050
1813
1314
622
-60
-604
-1051
-1470
-1789
-1881
-1732
-1487
-1273
-1077
-809
-443
-41
350
736
1117
1430
1591
1575
1412
1133
746
282
-195
-623
-981
-1258
-1448
-1566
-1638
-1638
-1508
-1274
-1048
-896
-738
-468
-146
92
269
622
1345
2407
3649
4955
6165
6919
6738
5344
2900
-41
-2821
-5024
-6635
-7832
-8511
-8107
-6157
-3010
226
2687
4459
6130
7698
8340
7351
5049
2492
414
-1236
-2766
-4062
-4703
-4564
-3980
-3303
-2543
-1629
-798
-473
-726
-1104
-1104
-673
-116
397
1056
2089
3385
4490
4970
4675
3736
2360
660
-1333
-3496
-5481
-6814
-7168
-6546
-5204
-3450
-1526
401
2214
3799
4951
5379
4918
3774
2464
1416
637
-128
-948
-1534
-1579
-1208
-900
-992
-1360
-1664
-1792
-1900
-2061
-2081
-1731
-1019
-92
1000
2280
3565
4453
4650
4222
3417
2345
962
-683
-2320
-3623
-4390
-4556
-4135
-3238
-2066
-828
370
1449
2287
2732
2747
2435
1926
1318
724
278
27
-128
-297
-435
-418
-267
-183
-322
-615
-889
-1086
-1273
-1459
-1519
-1315
-848
-247
344
836
1190
1412
1527
1534
1380
1029
524
-37
-562
-1007
-1342
-1554
-1661
-1697
-1624
-1371
-941
-456
-58
230
494
781
1054
1233
1259
1093
755
376
109
-34
-213
-539
-907
-1100
-1082
-1022
-1065
-1158
-1147
-971
-699
-417
-188
-57
-48
-108
-130
-22
270
791
1590
2666
3896
5029
5714
5602
4509
2576
234
-2037
-3966
-5521
-6693
-7267
-6850
-5227
-2690
29
2287
3996
5448
6695
7242
6527
4632
2322
323
-1242
-2628
-3853
-4550
-4448
-3741
-2864
-2047
-1264
-542
-85
-16
-163
-237
-148
24
295
857
1808
2932
3820
4180
3955
3219
2072
595
-1147
-3058
-4891
-6217
-6654
-6143
-4944
-3355
-1520
479
2458
4132
5218
5508
4958
3810
2503
1340
281
-803
-1767
-2252
-2149
-1768
-1487
-1370
-1260
-1142
-1181
-1461
-1781
-1826
-1442
-710
196
1168
2181
3180
3971
4285
3986
3162
1999
612
-939
-2490
-3771
-4538
-4670
-4146
-3056
-1631
-168
1136
2210
2951
3212
2973
2420
1762
1058
315
-343
-745
-868
-809
-613
-297
5
88
-65
-252
-351
-484
-767
-1039
-1022
-682
-249
101
407
736
1020
1168
1177
1073
803
347
-151
-503
-701
-885
-1086
-1156
-1008
-776
-632
-533
-325
-30
157
164
176
347
552
561
412
382
591
814
776
499
208
-15
-295
-700
-1092
-1286
-1262
-1130
-960
-750
-487
-173
191
552
772
714
382
-75
-488
-762
-841
-676
-233
526
1674
3238
4988
6373
6786
5959
4080
1587
-1087
-3600
-5695
-7188
-7932
-7704
-6255
-3646
-495
2338
4436
6003
7280
7939
7357
5441
2863
409
-1656
-3387
-4643
-5109
-4769
-4007
-3119
-2059
-797
296
733
514
162
105
255
303
247
431
1102
2108
3047
3597
3650
3219
2332
1008
-705
-2674
-4610
-6078
-6674
-6269
-5073
-3445
-1615
357
2376
4145
5280
5567
5075
4054
2785
1489
284
-801
-1732
-2367
-2540
-2266
-1817
-1496
-1372
-1292
-1132
-939
-808
-747
-661
-418
95
911
1895
2784
3367
3613
3552
3115
2174
786
-749
-2099
-3129
-3846
-4205
-4063
-3341
-2172
-813
526
1732
2697
3233
3198
2656
1869
1084
362
-318
-890
-1209
-1224
-1028
-736
-403
-107
27
-34
-143
-136
-41
-3
-53
-85
-43
17
82
238
474
608
512
299
137
-18
-319
-699
-882
-761
-535
-411
-326
-118
182
393
445
416
326
102
-231
-486
-536
-460
-388
-302
-104
164
319
272
144
97
125
87
-96
-364
-604
-742
-729
-533
-221
30
76
-27
-105
-103
-168
-448
-876
-1210
-1274
-1072
-685
-139
598
1552
2699
3939
5060
5720
5568
4439
2484
147
-2062
-3854
-5235
-6282
-6805
-6370
-4730
-2226
358
2411
3891
5066
5965
6230
5507
3893
1903
31
-1539
-2812
-3709
-4053
-3793
-3117
-2282
-1444
-700
-196
-48
-155
-252
-201
-89
-19
137
626
1511
2556
3406
3804
3646
2942
1785
294
-1421
-3219
-4834
-5898
-6128
-5493
-4189
-2481
-609
1236
2886
4188
4983
5109
4513
3361
1987
717
-312
-1105
-1676
-1964
-1924
-1663
-1421
-1388
-1528
-1647
-1635
-1572
-1543
-1447
-1053
-278
727
1748
2663
3413
3873
3899
3434
2530
1291
-160
-1665
-3015
-4000
-4454
-4301
-3614
-2575
-1364
-85
1159
2192
2823
2984
2754
2260
1609
907
247
-341
-846
-1198
-1289
-1108
-793
-492
-252
-80
-15
-66
-134
-118
-38
31
118
296
496
536
378
214
194
187
-21
-415
-738
-804
-681
-544
-449
-310
-47
297
575
659
540
311
53
-216
-491
-717
-836
-857
-807
-655
-353
31
349
526
622
702
725
633
451
229
-44
-386
-721
-936
-1016
-1047
-1052
-960
-730
-442
-187
30
230
337
244
-31
-343
-577
-707
-688
-374
345
1400
2622
3917
5200
6119
6036
4542
1994
-670
-2764
-4390
-5977
-7431
-7987
-6973
-4560
-1632
1008
3147
5006
6675
7795
7772
6335
3912
1350
-765
-2442
-3897
-5010
-5383
-4889
-3854
-2660
-1412
-168
769
1058
792
455
391
483
474
400
580
1221
2153
2965
3299
3065
2403
1471
248
-1383
-3317
-5078
-6076
-6052
-5203
-3888
-2299
-440
1641
3688
5278
6032
5813
4793
3332
1773
291
-1094
-2353
-3303
-3662
-3313
-2487
-1631
-1017
-593
-215
75
134
-3
-113
-49
145
467
1066
1960
2821
3236
3133
2738
2154
1224
-128
-1644
-2944
-3843
-4301
-4230
-3549
-2412
-1126
140
1399
2556
3280
3323
2835
2187
1546
800
-93
-882
-1262
-1219
-1013
-845
-684
-425
-117
85
102
-17
-196
-373
-455
-336
-15
357
644
851
1034
1130
998
620
141
-310
-736
-1140
-1393
-1367
-1115
-803
-470
-30
491
858
889
692
502
376
148
-268
-718
-980
-997
-869
-671
-380
12
426
737
873
819
598
279
-35
-284
-495
-700
-847
-838
-682
-517
-440
-373
-185
83
230
166
30
5
63
23
-181
-421
-560
-619
-658
-607
-290
388
1378
2570
3816
4851
5273
4753
3292
1267
-796
-2531
-3896
-5030
-5914
-6158
-5257
-3185
-622
1573
3121
4372
5538
6176
5650
3978
1903
110
-1347
-2692
-3811
-4277
-3932
-3116
-2233
-1317
-232
841
1405
1187
500
-81
-322
-421
-554
-519
32
1078
2185
2922
3198
3103
2616
1621
130
-1633
-3358
-4733
-5435
-5274
-4368
-3071
-1621
13
1834
3530
4617
4847
4338
3345
2084
761
-423
-1382
-2115
-2540
-2477
-1938
-1265
-828
-641
-466
-231
-150
-378
-743
-920
-745
-260
435
1251
2046
2656
2992
3034
2740
2041
956
-352
-1668
-2795
-3568
-3856
-3650
-3059
-2199
-1110
147
1378
2317
2809
2870
2596
2073
1384
642
-16
-492
-748
-810
-748
-641
-539
-484
-532
-686
-833
-830
-671
-479
-306
-27
468
1056
1489
1659
1641
1487
1136
573
-64
-628
-1113
-1526
-1733
-1589
-1156
-664
-252
151
580
897
950
787
567
331
1
-405
-716
-803
-724
-598
-423
-123
254
509
512
353
226
185
90
-194
-612
-948
-1033
-900
-718
-609
-530
-357
-40
333
619
742
707
548
289
-44
-425
-817
-1190
-1489
-1626
-1468
-895
142
1581
3266
4972
6358
6949
6346
4550
2063
-499
-2858
-5057
-7008
-8222
-8122
-6579
-4055
-1246
1366
3650
5621
7116
7702
7015
5202
2916
753
-1178
-2990
-4437
-4998
-4538
-3576
-2653
-1735
-547
679
1267
915
127
-404
-531
-572
-650
-441
392
1750
3143
4049
4226
3752
2837
1558
-193
-2418
-4715
-6418
-7080
-6736
-5660
-4036
-1948
416
2729
4650
5896
6249
5660
4382
2855
1362
-106
-1597
-2890
-3590
-3508
-2856
-2059
-1409
-958
-655
-468
-393
-392
-393
-333
-171
146
700
1503
2378
3031
3255
3087
2658
1966
873
-627
-2238
-3535
-4272
-4459
-4185
-3458
-2289
-806
735
2080
3071
3617
3682
3276
2489
1476
414
-525
-1198
-1526
-1525
-1315
-1042
-763
-464
-175
-42
-186
-515
-760
-728
-457
-86
339
860
1444
1922
2132
2056
1776
1329
670
-191
-1077
-1735
-2064
-2151
-2080
-1762
-1097
-223
529
945
1089
1122
1078
913
652
367
62
-288
-615
-808
-845
-793
-645
-357
-24
124
16
-130
-113
-45
-166
-453
-617
-513
-318
-247
-238
-95
179
365
324
168
97
141
155
19
-219
-413
-503
-559
-644
-699
-636
-487
-375
-358
-385
-428
-516
-590
-458
53
922
2026
3282
4559
5477
5521
4459
2608
570
-1237
-2785
-4211
-5483
-6251
-6044
-4676
-2518
-282
1539
2998
4374
5562
6000
5261
3612
1787
259
-1043
-2293
-3282
-3604
-3217
-2536
-1931
-1364
-652
72
420
235
-193
-475
-510
-444
-332
-41
548
1360
2150
2673
2784
2493
1898
1065
-58
-1499
-3036
-4185
-4549
-4127
-3251
-2213
-1061
246
1588
2671
3225
3178
2663
1917
1159
498
-71
-579
-966
-1098
-951
-694
-546
-545
-552
-489
-491
-725
-1108
-1344
-1233
-854
-368
233
1047
1968
2660
2874
2683
2281
1683
760
-459
-1675
-2575
-3063
-3192
-2977
-2405
-1571
-646
272
1156
1893
2266
2176
1785
1312
810
239
-307
-619
-636
-522
-422
-286
-47
177
176
-69
-357
-539
-672
-847
-977
-868
-458
106
637
1063
1388
1578
1566
1340
967
519
20
-492
-927
-1200
-1312
-1311
-1198
-912
-465
12
391
665
899
1066
1047
786
396
53
-166
-305
-415
-480
-461
-372
-281
-244
-249
-237
-188
-162
-209
-278
-257
-142
-77
-155
-239
-112
220
485
470
280
174
214
228
82
-134
-247
-217
-140
-103
-102
-107
-96
-75
-73
-135
-272
-436
-579
-692
-784
-821
-759
-625
-504
-403
-215
186
859
1813
3007
4264
5233
5528
4948
3539
1559
-595
-2521
-4034
-5247
-6250
-6716
-6053
-4111
-1556
679
2287
3654
5054
6077
6074
4969
3338
1720
153
-1492
-2993
-3881
-3976
-3585
-3084
-2512
-1718
-790
-113
51
-126
-259
-187
-42
67
295
871
1768
2682
3304
3511
3316
2722
1730
376
-1254
-2992
-4528
-5462
-5547
-4880
-3780
-2462
-924
822
2552
3916
4665
4740
4211
3268
2197
1206
269
-732
-1695
-2269
-2236
-1811
-1429
-1290
-1241
-1097
-897
-772
-727
-631
-387
29
626
1367
2102
2618
2811
2725
2398
1773
797
-423
-1663
-2722
-3463
-3769
-3573
-2938
-2031
-983
161
1315
2260
2770
2809
2537
2108
1552
847
69
-597
-1000
-1122
-1045
-870
-681
-538
-472
-444
-418
-411
-493
-655
-739
-567
-129
403
867
1232
1516
1653
1547
1222
796
322
-250
-902
-1447
-1684
-1613
-1392
-1104
-694
-127
474
935
1198
1302
1270
1087
796
503
284
135
40
11
47
87
75
9
-101
-295
-595
-901
-1056
-1012
-862
-692
-460
-100
327
666
831
877
867
772
528
163
-201
-459
-584
-596
-529
-427
-350
-319
-274
-143
55
205
214
128
60
41
-19
-172
-326
-345
-233
-131
-132
-177
-161
-96
-66
-91
-119
-164
-331
-662
-1027
-1252
-1302
-1256
-1110
-710
114
1364
2876
4404
5634
6179
5696
4143
1917
-359
-2270
-3872
-5428
-6835
-7400
-6417
-4013
-1218
993
2584
4157
5834
6859
6452
4787
2789
1085
-439
-2050
-3501
-4243
-4098
-3401
-2529
-1550
-437
572
1063
880
321
-136
-303
-354
-473
-501
-61
959
2194
3108
3441
3279
2766
1905
636
-1017
-2857
-4495
-5458
-5469
-4694
-3554
-2262
-697
1201
3089
4412
4863
4519
3629
2475
1350
403
-479
-1413
-2162
-2272
-1695
-973
-633
-611
-538
-404
-557
-1074
-1549
-1630
-1408
-1091
-534
514
1865
2947
3431
3495
3378
2948
1938
414
-1230
-2637
-3651
-4177
-4137
-3610
-2801
-1815
-583
834
2081
2787
2928
2744
2378
1775
957
177
-297
-455
-470
-443
-336
-149
-12
-60
-292
-602
-906
-1189
-1418
-1500
-1323
-837
-94
776
1602
2217
2503
2438
2094
1564
884
36
-909
-1724
-2157
-2139
-1832
-1434
-991
-448
173
723
1065
1187
1134
928
599
252
1
-139
-230
-264
-155
103
342
371
185
-75
-326
-595
-885
-1076
-1041
-796
-451
-71
339
742
1056
1244
1309
1214
886
349
-230
-676
-945
-1093
-1121
-966
-625
-182
262
669
1011
1221
1211
962
531
20
-446
-775
-944
-995
-939
-721
-317
147
468
539
436
321
276
256
162
-54
-326
-523
-566
-517
-496
-514
-459
-280
-93
-51
-138
-187
-112
24
137
225
293
292
205
118
87
6
-270
-683
-1012
-1153
-1227
-1350
-1433
-1308
-944
-425
251
1173
2333
3541
4535
5056
4835
3694
1834
-140
-1684
-2824
-3972
-5193
-5860
-5266
-3481
-1401
165
1207
2250
3494
4463
4536
3651
2358
1232
386
-439
-1358
-2100
-2303
-1977
-1501
-1167
-889
-488
-122
-165
-644
-1087
-1067
-706
-414
-250
165
1075
2174
2914
3058
2798
2396
1873
1050
-220
-1826
-3357
-4298
-4402
-3866
-3084
-2241
-1214
115
1591
2835
3502
3475
2900
2113
1423
864
241
-519
-1157
-1332
-1067
-740
-638
-679
-653
-585
-675
-965
-1234
-1266
-1081
-799
-392
288
1229
2135
2654
2701
2465
2132
1652
847
-310
-1554
-2497
-2907
-2826
-2459
-1971
-1371
-574
399
1325
1912
2039
1842
1524
1163
735
270
-128
-391
-534
-565
-449
-213
-22
-33
-228
-448
-590
-702
-844
-956
-905
-621
-158
378
899
1320
1550
1532
1301
950
530
10
-614
-1203
-1528
-1494
-1234
-955
-692
-332
164
629
847
793
630
488
347
159
-16
-68
0
64
56
63
177
326
307
38
-341
-628
-775
-865
-935
-887
-620
-180
276
622
862
1040
1140
1068
770
331
-84
-377
-604
-838
-1010
-966
-679
-315
-40
163
393
616
686
562
374
238
113
-76
-269
-352
-304
-210
-114
8
140
198
147
51
-26
-104
-202
-267
-225
-93
48
184
378
642
873
950
838
571
193
-241
-623
-855
-955
-1020
-1063
-950
-566
-18
434
647
724
820
916
846
526
86
-287
-523
-689
-838
-929
-893
-727
-495
-266
-70
80
176
227
265
315
358
342
242
97
-25
-98
-164
-286
-470
-643
-706
-634
-506
-441
-482
-556
-539
-375
-107
161
382
616
999
1613
2365
2999
3210
2826
1902
717
-395
-1276
-2049
-2919
-3778
-4120
-3500
-2090
-596
446
1175
2068
3188
3978
3876
2948
1779
828
42
-835
-1785
-2455
-2559
-2206
-1750
-1377
-975
-423
98
284
131
-7
116
314
267
67
184
830
1611
1942
1710
1304
1055
841
302
-686
-1852
-2760
-3122
-2939
-2418
-1777
-1078
-231
803
1856
2615
2870
2645
2133
1543
978
420
-201
-852
-1333
-1436
-1183
-841
-668
-662
-654
-551
-432
-384
-376
-338
-250
-100
190
668
1212
1593
1686
1569
1359
1048
553
-123
-863
-1536
-2051
-2307
-2213
-1798
-1234
-670
-93
572
1245
1688
1742
1501
1185
895
576
195
-157
-365
-432
-438
-417
-355
-289
-306
-428
-541
-551
-515
-540
-589
-493
-161
306
738
1057
1248
1276
1123
857
569
242
-224
-793
-1239
-1364
-1216
-999
-804
-555
-187
221
545
756
881
887
717
447
263
252
285
188
-14
-145
-111
-17
-16
-143
-332
-525
-686
-757
-696
-545
-388
-232
14
378
748
977
1027
952
784
524
200
-122
-410
-667
-851
-869
-703
-463
-273
-128
63
313
514
553
434
254
108
36
33
61
71
54
57
120
198
172
-12
-264
-427
-446
-404
-403
-426
-355
-139
143
366
490
563
606
577
450
260
67
-120
-311
-467
-512
-437
-318
-225
-144
-52
16
12
-22
11
111
153
60
-66
-57
90
217
200
101
54
85
95
17
-97
-157
-148
-139
-181
-230
-177
20
292
501
551
444
246
45
-81
-105
-113
-228
-459
-624
-525
-200
91
157
91
120
309
479
450
243
11
-150
-248
-308
-313
-263
-201
-165
-125
-27
118
220
220
152
99
86
62
-22
-133
-205
-212
-187
-164
-142
-118
-100
-88
-55
-4
1
-90
-211
-225
-99
37
35
-88
-186
-176
-107
-52
-14
40
111
200
378
709
1133
1470
1560
1356
899
291
-308
-754
-1064
-1381
-1740
-1900
-1586
-860
-119
348
669
1123
1672
1948
1714
1165
672
331
-53
-584
-1049
-1179
-1014
-830
-772
-693
-422
-53
157
114
-11
-32
35
62
25
24
155
408
701
922
960
787
511
266
38
-328
-872
-1385
-1603
-1487
-1196
-863
-492
-67
367
770
1136
1384
1361
1051
682
480
372
105
-357
-716
-721
-489
-339
-374
-428
-354
-222
-167
-189
-192
-141
-66
34
211
448
643
720
712
686
645
529
300
-19
-378
-706
-934
-1015
-964
-844
-677
-422
-59
346
659
809
831
796
713
547
299
37
-167
-296
-378
-424
-411
-340
-263
-229
-210
-148
-53
-11
-70
-156
-132
36
239
352
363
354
384
418
387
246
21
-222
-399
-477
-487
-480
-457
-372
-199
13
195
330
434
503
502
419
287
149
12
-110
-191
-203
-161
-117
-101
-103
-96
-77
-61
-55
-53
-48
-32
7
75
169
261
322
341
323
269
179
59
-68
-192
-312
-415
-462
-412
-288
-156
-56
32
140
262
354
382
347
267
168
78
12
-44
-110
-175
-196
-155
-88
-45
-50
-81
-96
-61
10
64
45
-13
-19
70
181
216
163
103
94
110
94
28
-69
-176
-264
-294
-251
-178
-122
-86
-30
57
135
174
186
187
160
96
20
-20
-16
-10
-38
-89
-120
-108
-74
-56
-73
-105
-113
-75
-18
26
45
62
96
133
155
155
143
111
50
-29
-92
-116
-118
-130
-154
-156
-111
-33
40
79
96
118
157
190
180
114
20
-39
-37
-21
-55
-136
-183
-135
-28
40
20
-36
-51
-3
59
83
66
40
30
37
40
32
22
15
0
-33
-72
-82
-62
-48
-71
-107
-101
-42
20
30
18
36
98
150
134
66
12
3
10
-11
-53
-73
-52
-23
-18
-23
-2
45
87
111
149
219
277
239
80
-121
-238
-222
-140
-115
-182
-244
-175
17
180
194
113
89
176
260
211
59
-63
-96
-117
-203
-302
-314
-238
-164
-141
-115
-28
73
110
88
81
114
124
62
-19
-42
-26
-52
-143
-230
-253
-240
-241
-253
-233
-185
-147
-99
24
239
470
647
793
952
1064
979
622
112
-331
-587
-723
-887
-1110
-1239
-1074
-606
-67
282
423
571
863
1147
1155
847
463
210
43
-191
-451
-556
-474
-400
-459
-505
-343
-69
10
-195
-400
-321
-39
128
76
17
167
465
696
762
705
570
367
137
-64
-264
-546
-882
-1092
-1023
-748
-459
-264
-106
111
393
654
785
728
531
336
249
224
127
-82
-270
-293
-189
-117
-162
-255
-298
-291
-293
-310
-294
-232
-161
-88
46
285
549
690
661
560
494
427
244
-67
-381
-578
-664
-693
-657
-522
-332
-175
-58
95
296
434
436
362
324
318
259
139
43
10
-16
-75
-107
-62
-16
-83
-240
-349
-330
-250
-201
-170
-84
64
213
319
392
446
457
400
291
160
14
-148
-301
-392
-405
-372
-328
-272
-171
-30
100
170
186
198
222
228
195
147
124
122
101
41
-19
-43
-38
-49
-96
-157
-203
-227
-240
-235
-191
-105
-5
78
143
210
273
302
282
227
167
105
30
-61
-154
-233
-281
-286
-251
-194
-139
-79
3
95
151
147
111
96
125
162
162
119
57
9
-7
-1
-7
-51
-119
-165
-157
-115
-85
-81
-78
-41
27
104
162
184
169
135
110
93
61
-5
-77
-111
-97
-84
-104
-131
-117
-57
1
19
15
22
53
82
86
68
47
40
43
39
18
-22
-70
-106
-115
-97
-74
-60
-52
-31
4
39
58
65
75
85
80
59
38
25
6
-24
-44
-39
-35
-67
-115
-120
-56
25
57
35
22
48
85
91
63
42
42
49
44
30
17
2
-23
-43
-43
-26
-15
-19
-25
-24
-29
-48
-66
-55
-9
41
62
60
57
64
76
77
60
22
-28
-69
-84
-80
-70
-60
-50
-33
-8
15
27
26
14
6
9
14
13
6
2
4
5
2
-3
0
12
27
26
0
-41
-66
-61
-45
-49
-67
-59
-3
69
111
117
109
106
97
79
59
39
4
-48
-90
-92
-66
-45
-45
-45
-26
3
21
18
8
5
6
12
24
40
51
49
42
47
62
62
27
-34
-81
-92
-81
-75
-81
-80
-54
-8
41
77
96
99
96
89
69
31
-15
-49
-70
-90
-113
-114
-77
-21
11
6
3
27
58
53
14
-22
-31
-20
-11
-4
9
26
39
49
59
59
37
-9
-54
-75
-77
-75
-77
-74
-54
-20
23
64
98
119
122
110
91
72
50
12
-32
-65
-70
-52
-39
-46
-60
-59
-34
-1
20
23
22
33
58
82
92
84
71
58
50
38
12
-27
-66
-91
-97
-97
-93
-80
-51
-6
41
78
105
124
131
115
81
41
11
-13
-41
-80
-116
-131
-123
-105
-90
-77
-59
-33
-5
19
37
54
69
82
91
103
111
106
80
37
-6
-38
-66
-103
-147
-180
-188
-169
-132
-84
-23
45
112
170
215
244
244
212
156
98
49
-5
-68
-127
-158
-158
-147
-145
-150
-142
-107
-54
-6
27
53
90
145
200
233
237
225
201
157
89
10
-66
-136
-206
-271
-313
-315
-278
-219
-143
-47
60
167
252
306
326
307
257
183
98
12
-75
-157
-223
-252
-241
-207
-173
-143
-100
-39
28
69
75
70
78
102
121
115
92
74
68
64
50
19
-27
-82
-127
-148
-143
-131
-116
-87
-32
39
96
124
140
160
178
172
130
65
5
-41
-68
-86
-105
-125
-134
-111
-66
-21
4
19
49
97
141
155
145
128
122
117
94
49
-5
-51
-91
-130
-166
-178
-164
-138
-110
-77
-30
23
60
72
81
107
135
132
94
47
23
21
11
-26
-75
-111
-123
-129
-142
-156
-147
-106
-49
5
48
87
127
159
167
149
122
98
76
42
-6
-47
-65
-71
-83
-98
-99
-81
-60
-52
-47
-26
12
46
70
91
114
128
122
108
102
104
93
52
0
-40
-68
-98
-133
-155
-151
-126
-90
-43
16
79
120
133
132
132
120
82
25
-18
-33
-38
-52
-69
-63
-32
-3
0
-14
-24
-25
-32
-55
-82
-91
-82
-63
-38
0
43
73
79
71
72
82
83
56
10
-23
-29
-25
-36
-61
-75
-59
-32
-29
-53
-75
-71
-58
-64
-84
-78
-38
14
49
81
132
196
234
222
178
130
77
6
-79
-147
-183
-191
-186
-165
-118
