
-42
-11
-6
92
50
99
137
88
188
174
199
285
220
213
314
286
325
367
300
384
319
354
399
422
414
403
510
488
405
507
444
405
437
426
413
480
467
414
494
374
359
354
357
329
334
281
229
263
168
126
137
132
15
82
-12
52
38
42
17
41
80
108
155
156
185
182
200
225
216
262
291
255
265
215
296
265
199
215
200
166
226
168
157
111
105
154
114
158
66
97
77
38
21
-61
-86
-84
-157
-231
-154
-219
-176
-182
-211
-252
-247
-306
-291
-270
-347
-250
-298
-221
-258
-137
-166
-156
-164
-174
-148
-179
-186
-228
-211
-262
-260
-320
-287
-293
-279
-377
-380
-354
-392
-425
-478
-458
-549
-481
-504
-497
-470
-554
-510
-399
-490
-437
-399
-406
-392
-398
-380
-406
-336
-414
-344
-381
-328
-255
-157
-212
-147
-195
-241
-184
-144
-78
-113
-109
-54
-24
-17
17
20
13
-54
55
-14
34
-33
13
-43
-54
-1
-9
-4
45
5
-30
-4
-24
-26
-41
-20
-20
65
-81
6
41
45
75
58
197
141
184
183
207
296
280
263
260
378
457
429
445
409
401
521
553
523
548
605
658
568
657
537
530
575
557
507
545
501
542
551
469
526
472
509
429
546
368
363
342
175
176
127
105
51
81
94
175
116
171
69
55
88
68
72
97
65
40
46
32
3
-35
-30
-47
-48
-94
-72
8
15
68
105
33
121
101
113
129
58
93
125
87
32
77
23
-12
-11
-57
-76
-137
-139
-204
-101
-186
-220
-217
-279
-233
-361
-298
-353
-340
-317
-333
-337
-389
-338
-478
-407
-417
-405
-453
-429
-456
-500
-458
-440
-479
-511
-547
-525
-546
-541
-411
-490
-557
-409
-527
-451
-406
-527
-418
-417
-491
-452
-412
-344
-380
-323
-363
-245
-240
-253
-186
-201
-228
-233
-143
-219
-29
-117
-105
-118
-134
-8
-95
36
-28
8
-8
10
116
27
141
26
82
70
71
207
73
171
128
106
154
61
134
98
140
120
215
231
170
278
209
208
257
214
238
237
270
341
259
283
331
385
374
407
404
456
415
374
371
347
302
316
361
368
434
440
532
534
569
532
561
547
484
464
432
383
333
391
371
407
391
330
386
320
309
292
268
286
225
280
244
275
260
289
262
275
256
227
289
143
199
173
186
182
181
117
102
47
25
74
-28
28
82
-32
43
-7
-36
-71
-82
-202
-185
-205
-173
-251
-317
-232
-366
-313
-451
-430
-487
-453
-464
-535
-532
-546
-529
-511
-521
-542
-492
-480
-437
-368
-385
-338
-357
-363
-389
-355
-405
-367
-388
-380
-307
-474
-413
-359
-395
-358
-369
-316
-320
-382
-317
-360
-328
-419
-377
-403
-456
-385
-463
-392
-418
-348
-366
-346
-367
-316
-350
-350
-295
-352
-274
-308
-199
-161
-191
-96
-55
-27
-24
46
56
55
73
92
115
137
157
188
217
217
276
302
297
383
357
267
363
242
330
282
260
283
308
285
267
297
170
281
224
205
251
251
277
346
268
197
279
200
248
283
261
331
358
346
373
383
417
447
436
356
339
486
365
446
448
535
508
523
662
551
610
525
510
442
481
397
388
395
320
487
361
386
268
271
253
152
168
111
95
194
210
111
182
145
109
89
60
-13
-94
-145
-173
-153
-129
-101
-116
-157
-121
-139
-91
-198
-190
-245
-258
-202
-216
-288
-248
-250
-289
-238
-282
-266
-261
-238
-344
-270
-426
-365
-450
-466
-488
-557
-443
-502
-565
-430
-398
-417
-412
-450
-403
-459
-507
-499
-571
-583
-529
-507
-491
-543
-437
-466
-365
-341
-295
-315
-284
-303
-243
-221
-304
-269
-228
-291
-232
-210
-203
-206
-244
-114
-212
-197
-200
-178
-109
-207
-129
-48
-126
-48
-65
8
-21
-14
58
-25
-16
4
-36
-30
-4
-20
17
-23
39
99
87
202
153
253
206
229
235
198
293
220
286
280
250
326
351
367
370
470
366
423
365
364
393
364
406
402
480
440
541
574
524
535
484
442
433
414
448
365
374
330
267
240
292
275
226
338
229
404
337
336
386
334
397
302
341
376
370
367
392
311
275
311
223
292
213
223
179
116
171
116
96
85
29
-18
30
-75
-99
-52
-127
-110
-114
-75
-81
-88
-97
-29
-131
-98
-145
-155
-156
-202
-169
-268
-132
-256
-266
-232
-337
-196
-276
-281
-271
-231
-220
-259
-233
-318
-213
-271
-244
-318
-277
-282
-324
-244
-302
-299
-250
-338
-380
-272
-331
-415
-291
-398
-379
-391
-395
-329
-414
-311
-419
-354
-374
-362
-331
-381
-331
-386
-342
-394
-333
-382
-361
-351
-337
-256
-313
-185
-158
-138
-145
-138
-117
-140
-112
-41
-154
-69
-151
-137
-82
-149
-115
-113
-180
-147
-167
-222
-220
-196
-118
-109
-101
-116
7
-13
56
75
18
92
84
126
115
191
178
163
243
219
380
392
389
418
398
399
451
464
418
406
379
446
452
504
570
478
558
441
535
518
461
467
464
483
421
507
458
418
393
345
351
268
311
287
304
252
243
296
258
258
219
256
200
207
268
288
153
187
270
164
314
208
293
321
174
275
177
268
164
184
194
230
200
275
189
276
172
166
210
174
142
123
76
38
113
-9
10
-111
-101
-95
-92
-179
-257
-227
-234
-278
-307
-253
-365
-404
-396
-356
-306
-368
-368
-432
-434
-464
-436
-527
-572
-518
-554
-493
-513
-528
-385
-409
-371
-321
-306
-363
-382
-315
-405
-397
-527
-432
-463
-481
-410
-465
-448
-439
-448
-439
-462
-452
-449
-453
-375
-314
-358
-263
-261
-291
-247
-254
-276
-245
-229
-250
-194
-233
-85
-159
-142
-137
-125
-64
-147
-82
-78
-46
-64
-7
3
64
17
-26
93
-40
83
4
50
71
9
218
50
123
113
116
169
176
240
192
287
228
282
307
222
329
359
270
339
329
415
326
339
360
391
363
370
475
354
485
344
513
427
425
480
370
484
466
485
464
458
448
455
462
473
449
473
429
450
456
491
416
448
447
408
458
365
359
366
362
338
252
223
308
276
293
234
250
278
378
361
258
245
249
159
179
161
95
105
65
30
58
-83
-87
-66
-198
-163
-206
-226
-268
-263
-318
-293
-284
-296
-335
-317
-267
-359
-375
-328
-399
-395
-319
-380
-333
-398
-357
-391
-320
-348
-277
-380
-360
-330
-472
-404
-478
-402
-414
-397
-463
-494
-479
-498
-374
-451
-433
-435
-412
-332
-400
-302
-410
-360
-444
-400
-428
-384
-425
-503
-479
-532
-460
-515
-406
-454
-485
-474
-419
-370
-362
-403
-282
-379
-314
-265
-235
-250
-227
-188
-217
-147
-158
-78
-63
-22
-82
-18
71
-34
1
65
96
115
225
233
241
386
339
375
428
420
354
358
383
309
308
345
298
430
426
407
517
496
487
447
435
453
418
457
394
446
400
400
467
427
438
417
362
465
395
420
419
436
483
435
524
443
471
487
483
555
468
527
426
466
416
378
415
319
370
311
250
306
291
337
269
259
258
254
214
166
121
57
51
50
79
91
98
96
89
61
83
45
47
-31
-22
41
67
-27
-70
-38
-77
-42
-56
-92
-137
-127
-182
-166
-197
-256
-172
-277
-240
-291
-280
-297
-367
-341
-464
-400
-568
-492
-556
-526
-534
-551
-524
-616
-520
-559
-492
-538
-552
-538
-544
-492
-534
-566
-572
-493
-547
-509
-459
-441
-372
-357
-288
-219
-278
-160
-235
-285
-370
-316
-325
-339
-276
-349
-224
-238
-190
-172
-136
-97
-93
-75
-88
-87
-89
-139
-76
-126
-125
-142
-131
-104
-104
-88
-131
-100
-131
-61
-78
-10
-111
-38
-60
-112
10
-30
3
19
148
114
126
138
196
227
264
326
354
389
434
449
488
450
411
444
292
417
344
396
382
415
368
412
443
337
407
330
365
315
403
396
442
449
445
452
400
431
426
372
415
292
414
382
280
353
353
381
291
313
307
297
270
307
281
258
152
199
216
244
274
236
223
204
226
134
106
82
26
61
48
64
-13
16
93
33
-20
20
38
-45
44
-46
-89
-60
-96
-111
-125
-134
-70
-95
-103
-132
-178
-221
-201
-185
-268
-91
-196
-122
-164
-140
-138
-194
-162
-185
-218
-272
-349
-304
-399
-357
-422
-447
-346
-372
-258
-286
-237
-296
-351
-407
-367
-417
-482
-522
-525
-503
-477
-430
-435
-382
-383
-419
-386
-450
-442
-388
-451
-452
-404
-426
-394
-264
-316
-266
-275
-312
-305
-287
-299
-298
-287
-321
-284
-263
-275
-280
-188
-218
-151
-131
-137
-91
-220
-84
-88
-48
-42
32
-33
30
122
103
82
88
176
105
140
134
152
192
244
307
382
351
443
505
424
489
492
541
415
519
437
443
464
202
359
319
536
720
803
567
456
317
366
579
578
622
294
309
366
480
581
430
295
240
435
532
663
545
278
158
171
230
377
298
282
370
523
649
607
421
232
87
105
178
100
110
35
183
302
451
411
333
251
82
63
19
-125
-190
-149
-105
36
103
86
24
-84
-80
-211
-270
-369
-412
-330
-341
-143
-235
-84
-128
-211
-225
-194
-233
-374
-328
-417
-302
-304
-247
-205
-242
-198
-211
-184
-275
-400
-442
-402
-347
-191
-234
-241
-197
-249
-146
-166
-196
-305
-454
-482
-395
-328
-382
-404
-505
-464
-409
-356
-401
-447
-599
-643
-691
-556
-578
-573
-510
-505
-333
-483
-347
-438
-478
-525
-479
-399
-346
-269
-281
-240
-101
-56
-175
-158
-255
-215
-127
-191
-44
-183
-89
-61
-46
132
13
81
5
86
53
42
-21
13
49
29
221
69
203
224
254
239
225
107
47
75
131
189
234
276
253
411
320
362
375
362
353
435
531
574
674
715
733
698
744
736
598
666
632
639
684
601
540
544
542
529
650
581
596
582
588
641
555
513
413
442
377
382
462
297
219
247
172
196
129
152
126
138
160
202
174
78
158
42
51
62
-3
39
-24
-26
-18
7
24
9
48
-11
-2
-20
11
-10
-56
-91
-122
-213
-234
-276
-280
-316
-330
-299
-383
-375
-393
-505
-449
-500
-535
-503
-457
-484
-472
-459
-518
-490
-556
-519
-547
-603
-539
-582
-521
-447
-505
-479
-439
-428
-445
-432
-430
-506
-441
-408
-358
-363
-317
-272
-308
-262
-300
-256
-256
-341
-291
-356
-316
-285
-343
-363
-353
-355
-323
-272
-312
-247
-298
-203
-263
-182
-234
-277
-295
-315
-252
-209
-173
-197
-64
-75
-7
-64
-31
-26
45
-92
12
49
100
157
170
275
312
357
287
296
329
329
284
259
266
238
207
357
422
393
487
523
501
460
523
533
411
409
401
453
443
459
437
399
463
419
432
451
486
479
507
541
541
484
449
481
413
466
357
392
356
404
416
403
333
337
301
267
236
161
251
186
289
152
215
224
196
220
139
148
-25
66
9
101
-21
-68
-33
-155
-23
-47
84
-5
3
-29
36
39
23
67
-4
-34
-2
-26
-71
-31
-75
-2
-46
-94
-61
-26
-86
-135
-130
-189
-277
-214
-332
-197
-240
-230
-190
-296
-185
-294
-317
-398
-387
-507
-487
-510
-456
-428
-442
-362
-412
-304
-301
-285
-367
-304
-436
-335
-413
-381
-397
-492
-318
-469
-371
-480
-394
-412
-435
-365
-374
-272
-311
-255
-280
-211
-207
-178
-189
-227
-186
-188
-223
-203
-164
-91
-124
-74
-50
-4
-85
-141
-149
-179
-169
-215
-151
-136
-29
7
54
56
49
52
63
39
76
-10
85
12
128
107
174
178
166
342
146
363
304
358
250
360
375
290
330
270
354
257
273
303
302
303
349
269
353
367
299
273
245
316
290
343
341
333
302
392
284
356
288
285
272
195
254
264
314
280
438
383
420
441
536
434
423
365
287
224
186
179
44
124
73
66
84
144
96
180
86
106
171
126
141
114
132
69
87
84
77
26
97
25
40
19
-38
-23
26
-28
-26
19
-12
-54
-32
-42
-73
-21
-131
-88
-83
-171
-147
-210
-166
-134
-111
-182
-152
-144
-203
-134
-179
-198
-264
-235
-274
-282
-279
-291
-329
-446
-382
-441
-391
-501
-450
-391
-457
-414
-451
-491
-548
-596
-528
-578
-561
-590
-623
-573
-602
-541
-520
-453
-517
-471
-424
-355
-442
-387
-367
-357
-312
-279
-206
-180
-199
-143
-142
-147
-75
-154
-70
-128
-31
-151
-99
-38
-62
-37
-13
71
-17
52
-16
34
-72
41
46
62
153
137
182
128
192
189
188
214
220
316
258
357
309
310
337
259
318
284
257
262
261
235
262
268
219
286
169
255
299
355
254
239
353
224
297
185
264
287
249
358
293
318
287
336
314
316
264
282
379
289
357
402
302
365
371
368
446
468
464
491
459
446
532
506
489
484
542
450
530
368
411
426
283
333
174
262
207
291
206
109
177
43
107
-24
137
123
19
51
-45
19
-5
-115
-103
-159
-114
-216
-224
-181
-234
-309
-243
-315
-338
-314
-382
-324
-368
-316
-354
-337
-310
-370
-375
-346
-370
-399
-329
-345
-396
-411
-401
-490
-503
-506
-557
-543
-603
-576
-525
-556
-544
-559
-555
-522
-490
-493
-544
-523
-524
-479
-449
-514
-517
-504
-477
-477
-434
-475
-386
-291
-276
-398
-350
-276
-312
-283
-372
-310
-265
-249
-254
-285
-214
-254
-177
-126
-175
-133
-158
-138
-24
17
-38
85
19
87
102
127
204
219
164
214
228
287
369
308
348
349
438
448
591
458
505
513
525
484
406
475
412
494
438
465
514
478
494
446
459
448
422
432
461
384
411
419
414
477
379
464
356
449
459
482
461
389
444
407
464
394
367
381
407
416
413
473
472
421
451
433
505
405
360
342
278
285
251
213
198
207
220
260
261
238
279
182
133
166
78
92
-2
33
33
-58
-13
-65
-50
-173
-123
-162
-188
-243
-268
-329
-321
-262
-303
-375
-313
-388
-386
-325
-386
-375
-425
-278
-319
-292
-361
-332
-417
-371
-408
-444
-432
-459
-409
-372
-341
-426
-402
-453
-434
-423
-543
-428
-523
-614
-547
-626
-592
-604
-532
-683
-516
-569
-557
-522
-515
-530
-546
-537
-511
-506
-482
-404
-443
-420
-381
-314
-362
-355
-401
-356
-426
-297
-282
-301
-236
-292
-130
-151
-89
-41
-43
-7
23
84
84
79
68
137
130
111
190
224
283
257
310
318
312
219
350
353
341
471
356
433
357
444
385
410
389
346
434
470
439
417
384
414
481
470
537
460
495
460
442
399
285
374
365
361
359
489
389
364
441
437
424
419
411
472
487
461
428
423
410
438
409
374
400
315
271
287
305
213
306
206
228
244
190
252
157
175
102
181
80
92
60
30
39
9
45
4
66
85
67
58
28
-59
-14
-135
-108
-173
-149
-131
-207
-147
-214
-83
-178
-151
-255
-249
-249
-311
-261
-416
-430
-458
-402
-438
-501
-501
-466
-498
-520
-595
-610
-627
-637
-546
-636
-591
-587
-481
-429
-544
-494
-438
-430
-411
-449
-458
-384
-379
-368
-365
-218
-321
-258
-341
-290
-216
-366
-364
-337
-331
-410
-342
-319
-303
-272
-344
-240
-230
-220
-206
-139
-144
-123
-87
-73
13
-84
-19
18
-33
-15
9
8
62
96
-61
37
97
28
90
80
-16
167
138
121
215
227
265
213
239
177
253
207
184
267
155
242
168
317
288
203
233
172
310
250
346
268
378
338
427
448
380
496
447
393
495
478
377
513
406
389
507
440
463
436
479
539
393
564
444
514
482
496
439
428
475
292
448
295
322
304
244
276
224
212
201
209
129
260
195
237
238
168
134
132
118
99
62
57
57
67
8
37
35
-20
73
79
22
95
60
46
137
37
67
-101
6
-133
-123
-256
-156
-209
-269
-210
-278
-272
-313
-263
-245
-256
-216
-230
-274
-229
-338
-246
-414
-311
-335
-336
-345
-459
-348
-429
-414
-374
-450
-510
-458
-454
-378
-383
-388
-388
-326
-294
-340
-365
-417
-387
-420
-484
-396
-494
-444
-520
-488
-413
-511
-399
-470
-393
-460
-315
-369
-388
-281
-360
-355
-379
-250
-290
-239
-244
-279
-205
-225
-170
-122
-145
-113
-128
-61
-5
-57
-44
-24
-7
50
13
52
179
61
91
210
127
165
205
169
184
203
275
369
390
460
543
505
523
516
521
480
294
449
362
368
409
423
402
385
345
476
430
379
395
432
476
366
454
358
289
329
273
324
311
323
376
377
392
330
318
314
416
268
390
378
381
389
274
424
338
352
281
285
299
336
221
291
266
197
270
175
267
226
235
118
79
107
54
73
-65
10
-33
-52
-26
-111
-133
-150
-335
-227
-227
-340
-315
-375
-291
-368
-263
-344
-238
-335
-282
-345
-218
-290
-309
-303
-357
-222
-491
-413
-503
-465
-491
-467
-460
-533
-487
-524
-469
-474
-479
-445
-465
-364
-383
-420
-397
-425
-456
-485
-486
-471
-570
-507
-556
-515
-457
-513
-329
-431
-338
-336
-286
-244
-238
-140
-252
-114
-136
-141
-173
-186
-202
-167
-152
-175
-88
-162
-72
-74
-127
-83
-94
-9
-78
-29
-43
-95
-1
-53
-2
-122
-47
-48
-32
12
23
128
50
155
107
256
246
220
236
333
313
296
326
280
344
283
391
345
439
426
417
466
443
549
535
588
548
600
596
511
604
595
528
513
536
510
610
592
594
625
530
594
539
522
437
572
511
545
513
561
572
451
559
469
476
484
413
426
444
387
329
274
256
247
163
202
115
149
124
42
57
28
-13
-33
9
-11
-59
22
-147
-96
-93
-142
-116
-159
-183
-198
-145
-228
-317
-317
-397
-470
-513
-468
-471
-493
-336
-365
-293
-285
-194
-257
-254
-252
-337
-359
-327
-321
-359
-409
-374
-353
-364
-394
-337
-480
-398
-411
-471
-389
-470
-463
-492
-553
-572
-506
-566
-509
-423
-489
-433
-487
-478
-508
-535
-523
-559
-550
-455
-408
-404
-371
-367
-406
-373
-344
-310
-263
-120
-212
-209
-187
-156
-99
-140
-53
-168
-47
-90
39
3
-10
56
41
56
32
87
50
118
13
13
69
83
80
44
81
21
71
131
164
211
227
282
275
303
358
329
339
345
298
445
383
420
407
360
385
345
343
395
391
395
453
458
497
426
497
489
388
461
416
408
412
403
391
344
435
389
420
391
409
468
375
464
480
442
512
459
448
419
465
471
378
447
442
399
382
386
346
320
374
308
324
326
314
200
258
179
113
84
125
83
135
106
90
118
-3
0
-22
-116
-27
-23
-72
-40
-25
-15
-74
-111
-79
-206
-157
-247
-253
-306
-238
-310
-319
-342
-388
-328
-444
-368
-404
-437
-355
-375
-419
-450
-382
-407
-387
-422
-425
-391
-512
-300
-422
-388
-459
-382
-364
-374
-401
-449
-403
-439
-460
-452
-397
-465
-468
-437
-435
-428
-424
-371
-415
-338
-367
-340
-411
-368
-300
-391
-358
-379
-364
-339
-361
-354
-296
-393
-189
-331
-307
-180
-217
-194
-200
-15
-77
-96
-41
-77
-50
-55
-99
-70
-25
-94
2
2
-23
65
22
97
15
155
131
129
195
231
179
248
280
288
294
330
285
336
366
319
403
225
358
393
327
342
321
336
323
373
324
382
322
253
261
256
286
288
264
278
263
324
336
390
307
361
341
378
425
416
430
456
416
353
434
347
377
342
326
315
378
333
300
355
263
224
200
264
197
241
278
237
330
249
288
346
202
182
180
165
112
156
121
39
145
115
56
64
83
69
14
-122
32
-82
-112
-137
-95
-85
-65
-128
-106
-20
-140
-96
-90
-124
-269
-159
-234
-191
-241
-238
-256
-274
-242
-284
-195
-326
-251
-304
-296
-251
-338
-241
-271
-252
-221
-237
-204
-225
-157
-331
-302
-438
-352
-396
-452
-433
-452
-432
-432
-369
-456
-463
-457
-391
-426
-470
-382
-402
-426
-398
-462
-372
-415
-352
-314
-291
-360
-355
-327
-340
-302
-259
-334
-226
-248
-321
-235
-267
-176
-208
-176
-52
-49
-40
19
6
23
5
-3
14
-64
-9
36
22
-24
28
111
121
64
202
129
143
91
131
160
153
115
122
181
197
231
132
189
151
283
282
289
284
317
412
371
418
386
386
392
340
337
274
268
298
230
298
259
397
357
394
361
388
422
401
427
452
426
381
454
358
509
388
400
350
383
340
316
345
336
375
288
333
318
344
304
358
262
327
242
242
197
163
124
184
135
79
215
44
120
24
143
114
117
141
31
167
-45
12
-4
-81
-87
-103
-47
-106
-111
-175
-188
-236
-210
-180
-238
-207
-234
-285
-274
-283
-359
-252
-355
-361
-278
-368
-378
-315
-405
-433
-467
-556
-525
-593
-530
-530
-568
-599
-588
-512
-508
-519
-455
-590
-513
-546
-534
-476
-489
-433
-486
-473
-469
-386
-421
-407
-357
-332
-325
-279
-169
-207
-45
-84
-63
-4
-67
-10
24
-111
-103
-22
-90
-88
0
-87
89
-18
-26
19
30
3
10
40
-8
45
-12
94
81
105
13
112
124
36
116
49
39
92
85
213
215
186
230
222
251
198
253
133
195
185
204
163
244
241
317
390
331
415
456
419
407
458
400
390
414
440
379
400
322
327
351
365
391
402
445
373
412
389
352
466
409
367
457
465
430
448
458
294
414
365
348
356
298
320
325
310
271
252
195
132
219
122
118
206
197
250
218
209
205
193
140
153
163
48
-28
-84
-93
-150
-140
-277
-230
-239
-255
-201
-152
-183
-148
-143
-189
-134
-156
-182
-190
-272
-306
-226
-371
-362
-355
-383
-428
-457
-374
-483
-462
-497
-440
-540
-523
-404
-586
-567
-523
-547
-605
-517
-569
-535
-506
-539
-468
-529
-598
-498
-560
-529
-497
-508
-463
-394
-400
-457
-470
-438
-495
-438
-517
-464
-425
-464
-434
-344
-396
-407
-292
-344
-243
-250
-311
-204
-181
-156
-161
-99
-204
-108
-55
-115
37
-80
3
-16
-15
110
33
115
129
115
135
199
152
165
271
171
273
252
373
347
400
420
388
388
425
472
364
439
425
429
501
415
466
529
457
579
524
633
632
698
685
696
687
617
598
622
572
567
654
546
588
600
575
576
533
486
399
447
462
460
485
462
442
401
414
321
302
347
263
273
191
285
285
216
256
226
170
174
156
159
147
80
123
161
74
125
116
89
35
66
21
-50
-30
-87
-7
-213
-110
-204
-224
-234
-204
-237
-280
-269
-300
-318
-299
-394
-439
-488
-463
-452
-499
-503
-475
-436
-518
-423
-416
-513
-513
-503
-445
-424
-447
-432
-446
-373
-448
-424
-428
-443
-397
-478
-369
-508
-390
-439
-427
-391
-477
-282
-423
-295
-432
-328
-302
-311
-293
-353
-323
-398
-393
-381
-399
-351
-408
-346
-390
-226
-395
-305
-249
-400
-207
-326
-176
-226
-121
-173
-165
14
-130
18
-2
-23
57
-36
69
3
86
11
75
137
162
177
125
242
238
283
258
352
328
316
333
345
366
352
366
326
340
374
382
387
404
371
441
439
397
351
345
392
341
297
302
291
306
267
359
304
395
339
420
385
417
401
413
483
408
549
473
523
489
496
454
468
445
428
377
381
389
411
455
361
382
197
280
341
179
236
173
198
211
151
237
254
232
194
134
62
50
6
-17
-84
-125
-92
-127
-195
-192
-263
-177
-310
-282
-206
-326
-270
-222
-270
-213
-275
-254
-235
-297
-233
-223
-362
-287
-283
-344
-220
-253
-264
-268
-284
-389
-327
-382
-382
-358
-294
-406
-320
-209
-300
-215
-303
-349
-255
-330
-351
-296
-341
-359
-279
-428
-376
-373
-357
-354
-376
-352
-373
-293
-278
-233
-293
-308
-329
-298
-332
-265
-381
-216
-264
-198
-172
-197
-129
-185
-196
-183
-179
-152
-95
-112
-119
-134
-83
-93
-121
-129
-183
-238
-173
-174
-72
-102
-142
-77
-11
11
9
2
35
117
39
104
119
54
245
166
215
284
265
276
314
354
363
353
352
361
480
466
448
501
402
567
506
538
516
477
447
395
445
361
342
334
231
221
241
179
240
209
187
206
263
284
291
217
295
236
235
187
196
211
167
235
118
246
222
212
181
188
175
90
168
255
203
200
211
218
316
189
195
206
154
216
235
147
239
198
188
225
234
201
135
132
99
149
10
61
52
36
-3
-27
14
-80
-58
-136
-97
-71
-116
-124
-85
-121
-166
-128
-162
-210
-231
-220
-213
-287
-273
-386
-342
-338
-378
-433
-465
-391
-422
-378
-446
-422
-443
-357
-438
-454
-397
-346
-385
-352
-334
-381
-349
-355
-394
-363
-433
-454
-359
-450
-487
-437
-410
-350
-356
-280
-244
-252
-211
-261
-207
-229
-221
-228
-236
-211
-192
-144
-122
-136
-116
-87
-64
-76
-37
-95
-63
-69
-16
12
16
43
79
110
154
139
116
184
164
247
201
227
305
183
154
234
160
190
252
162
279
209
263
217
258
309
201
246
240
311
283
240
250
218
279
218
273
378
344
301
351
387
329
403
304
450
421
439
380
433
335
344
330
274
458
320
443
404
372
389
286
331
294
248
328
293
330
338
310
315
275
246
201
210
209
188
145
113
74
36
22
-26
48
54
0
31
40
2
-114
-133
-120
-105
-78
-80
-3
-97
-47
-150
-161
-205
-284
-292
-337
-289
-309
-261
-399
-253
-378
-272
-363
-324
-391
-379
-323
-436
-313
-503
-354
-356
-317
-367
-319
-354
-370
-346
-401
-406
-446
-370
-412
-437
-413
-385
-401
-428
-365
-372
-360
-388
-373
-384
-371
-346
-390
-397
-394
-371
-296
-349
-259
-333
-351
-248
-246
-314
-194
-197
-305
-259
-330
-190
-250
-220
-171
-144
-117
3
-37
-21
15
-33
48
17
112
45
42
103
67
135
196
125
202
84
141
181
53
199
128
253
182
262
303
247
297
255
356
336
320
411
330
425
364
401
325
235
342
292
411
351
321
362
398
460
400
417
373
394
342
361
450
380
481
393
519
583
564
591
490
516
574
516
516
503
469
435
358
355
295
237
191
225
162
262
183
147
223
188
215
159
184
92
181
124
106
71
-3
60
-39
-2
-58
-34
-138
-130
-72
-168
-153
-190
-98
-172
-71
-103
-86
-76
-191
-180
-267
-135
-304
-226
-303
-340
-303
-253
-297
-369
-268
-374
-285
-436
-332
-385
-368
-378
-369
-309
-391
-397
-434
-452
-467
-538
-515
-425
-498
-453
-412
-449
-510
-519
-542
-525
-525
-588
-534
-505
-414
-427
-483
-498
-302
-247
-172
-40
-83
144
87
312
232
329
335
210
199
34
149
-177
-262
-383
-440
-449
-682
-603
-630
-531
-706
-659
-625
-610
-616
-778
-640
-544
-545
-669
-498
-478
-302
-420
-256
-186
-119
-17
16
150
153
296
187
330
322
294
393
340
520
432
519
438
439
456
440
530
519
688
842
974
1064
1237
1322
1536
1479
1499
1571
1592
1509
1375
1311
1274
1276
1040
1102
950
928
717
541
520
348
280
156
9
-128
-223
-297
-373
-442
-491
-600
-524
-557
-481
-401
-272
-184
-82
26
238
350
390
471
615
593
676
621
611
661
678
494
441
434
274
308
47
95
-152
-292
-492
-694
-814
-973
-1223
-1488
-1522
-1646
-1734
-1801
-1812
-1887
-1873
-1925
-1898
-1785
-1754
-1756
-1737
-1625
-1610
-1584
-1632
-1667
-1613
-1447
-1415
-1168
-843
-406
-37
436
939
1564
2164
2763
3160
3534
4026
4011
4120
3928
3869
3554
3150
2708
2410
2010
1369
818
290
-142
-676
-1262
-1787
-2112
-2582
-3037
-3433
-3380
-3647
-3893
-3832
-3788
-3497
-3418
-3227
-2745
-2425
-2069
-1668
-1098
-636
-254
117
570
992
1136
1425
1605
1714
1643
1765
1696
1755
1484
1273
1122
1131
842
616
426
227
228
-29
-157
-219
-300
-505
-512
-683
-620
-639
-759
-717
-600
-504
-408
-269
-127
173
348
602
879
1131
1467
1594
1843
2080
2305
2388
2514
2597
2654
2666
2663
2498
2319
2274
1904
1719
1446
1194
751
518
158
-99
-361
-720
-948
-1295
-1569
-1782
-2086
-2245
-2494
-2632
-2675
-2859
-2811
-2767
-2714
-2669
-2571
-2428
-2198
-2171
-1970
-1827
-1727
-1639
-1641
-1615
-1599
-1638
-1510
-1573
-1558
-1346
-1206
-715
-430
254
582
1449
1978
2876
3492
4108
4682
4935
5314
5302
5502
5213
4948
4516
4286
3976
3386
2793
2317
1977
1449
790
249
-140
-665
-1345
-1876
-2255
-2572
-3189
-3686
-3905
-3970
-4026
-4153
-4049
-3721
-3415
-2988
-2494
-1886
-1365
-913
-376
23
478
642
920
920
883
889
761
706
617
399
268
368
268
258
185
217
287
201
107
67
-110
-398
-666
-946
-1094
-1402
-1715
-1880
-2111
-2063
-2051
-1895
-1707
-1444
-1127
-876
-400
89
602
761
1013
1243
1383
1616
1628
1732
1672
1832
1708
1765
1933
1877
1718
1638
1689
1662
1552
1209
1026
818
524
113
-370
-624
-1052
-1528
-1750
-2050
-2170
-2493
-2698
-2676
-2625
-2482
-2519
-2416
-2434
-2196
-2112
-2044
-1981
-2010
-1991
-1895
-1868
-1820
-1819
-1781
-1756
-1809
-1558
-1778
-1249
-1001
-426
72
305
1329
1829
3096
3442
4499
5217
5803
6154
6376
7062
6581
6371
5628
5781
5544
4817
3797
3410
3227
2529
1633
956
899
91
-705
-1679
-1683
-2117
-2989
-3777
-4288
-4044
-4538
-4696
-4831
-4447
-4189
-4127
-3348
-2789
-2045
-1790
-1074
-391
146
490
827
1270
1346
1358
1505
1729
1557
1425
1070
1409
1394
1275
1020
1264
1377
1142
1028
963
972
581
67
-346
-571
-1020
-1585
-2227
-2417
-2717
-2947
-3242
-3136
-2884
-2740
-2489
-1984
-1346
-1056
-229
-169
441
768
1039
1450
1423
1825
1472
1844
1879
1787
1568
1632
1807
1395
1595
1427
1449
1135
774
642
351
113
-626
-1243
-1408
-1900
-2413
-2779
-3149
-3058
-3541
-3544
-3511
-3304
-3230
-3325
-3103
-2988
-2679
-2840
-2708
-2759
-2774
-2855
-2962
-3078
-3185
-3270
-3330
-2951
-2518
-1720
-1256
-521
168
1462
2567
3666
4681
5603
6549
6821
7463
7763
7977
7198
6741
6434
6365
5721
4591
3924
3502
3066
1933
1283
852
388
-708
-1501
-1858
-1946
-2733
-3803
-4162
-4470
-4430
-5005
-5024
-4920
-4733
-4394
-3899
-2977
-2437
-1761
-1131
-129
618
1139
1832
2184
2304
2217
2439
2621
2533
1797
1580
1585
1674
1445
1216
1356
1453
1477
1255
1480
1653
1560
1074
626
624
389
-223
-978
-1486
-1855
-2330
-2665
-2862
-2828
-2770
-2278
-2152
-1383
-692
-251
577
722
1535
1478
2196
1834
1692
1520
1319
1324
711
857
413
659
481
564
656
796
801
590
523
625
197
-278
-686
-1254
-1481
-2364
-2728
-3249
-3465
-3722
-4101
-3980
-3952
-3576
-3653
-3358
-3157
-2983
-2738
-2937
-2980
-3187
-3341
-3682
-4056
-4420
-4317
-4103
-3681
-3187
-2517
-1543
-534
948
2151
3701
4804
6006
6626
7459
8114
8362
7993
7492
7161
7024
6537
5401
4597
3837
3491
2361
1323
866
497
-352
-1303
-1702
-1824
-2187
-3271
-3978
-4210
-4393
-5034
-5666
-5668
-5537
-5521
-5572
-4909
-3923
-3237
-2687
-1784
-505
377
1105
1759
2400
2473
2577
2467
2445
2139
1418
1048
757
656
213
191
347
636
719
1040
1640
1963
2061
1998
2132
1890
1489
828
243
-294
-1164
-1720
-2258
-2351
-2543
-2375
-1879
-1439
-503
27
1037
1752
2317
2993
3047
3538
2992
2822
2169
1854
1253
400
205
8
78
-16
290
412
926
1238
1496
1671
1754
1322
862
589
-47
-763
-1807
-2537
-3251
-3585
-4079
-4312
-4168
-4229
-3892
-3505
-2887
-2633
-2476
-2494
-2390
-2499
-2785
-3379
-4117
-4427
-4857
-4442
-4614
-4073
-3802
-2843
-1426
-207
1727
2812
4755
5472
6821
7455
8381
8625
7861
7791
7088
7116
5900
4997
3980
3414
2682
1600
995
506
52
-781
-1022
-1449
-1321
-2138
-2644
-3149
-3489
-3827
-4744
-4994
-5492
-5560
-5958
-5735
-5295
-4732
-4111
-3432
-2260
-1277
-75
673
1739
2111
2491
2680
2529
2294
1665
1169
351
8
-581
-840
-1130
-1120
-932
-545
133
550
1110
1352
1848
2073
2034
1763
1332
707
162
-434
-1196
-1563
-1871
-1816
-2098
-1369
-1240
-239
313
1068
1949
2263
3233
2678
3026
2395
2257
1241
471
-6
-918
-1038
-1838
-1737
-1766
-1218
-941
-689
-44
575
972
1267
1227
1125
999
317
-52
-909
-1257
-2089
-2609
-3079
-3326
-3226
-3412
-3203
-3204
-2640
-2514
-2118
-2059
-2141
-2432
-2739
-2569
-2631
-2562
-2752
-2792
-2226
-1337
-475
544
1800
3050
4032
5170
6434
7567
8019
7810
8124
8337
8409
7475
6341
5599
4915
3971
2454
1659
911
26
-967
-1487
-1351
-1498
-1961
-2394
-2375
-2025
-2229
-2513
-2764
-3046
-3323
-3846
-3836
-3892
-4181
-4275
-4116
-3501
-2957
-2232
-1367
-500
225
828
1522
2178
2236
1828
1409
1076
585
-242
-997
-1755
-2080
-2484
-2643
-2392
-2086
-1541
-1204
-372
411
1117
1479
1603
1851
1744
1503
1051
493
163
-360
-1051
-1112
-1347
-1085
-1101
-744
-314
207
905
1061
1453
1452
1380
976
500
136
-839
-1384
-2184
-2551
-2557
-2942
-2977
-2833
-2114
-1402
-1109
-519
28
598
1013
820
820
568
172
-425
-1173
-1732
-2337
-2861
-3555
-3969
-4010
-4148
-4142
-4385
-4147
-3593
-3014
-2075
-1796
-1120
-592
290
1169
1816
2784
3196
3986
3993
4596
5202
5759
5594
5335
5880
6269
6689
6172
5649
5492
5320
4443
3463
2608
1831
664
-866
-1616
-2121
-2604
-3444
-3856
-3724
-3226
-2835
-2565
-1914
-1279
-685
-443
103
644
767
445
302
376
302
118
3
19
-46
70
430
934
1285
1245
1352
1457
1603
1183
690
106
-534
-1152
-1960
-2227
-2701
-2980
-3137
-3132
-2483
-2015
-1396
-924
-180
508
997
1502
1662
1947
1741
1776
1310
1442
1004
808
745
450
732
392
1062
683
1013
824
855
722
104
160
-819
-936
-1793
-2201
-2826
-3176
-3413
-3525
-3410
-3342
-3094
-2829
-2242
-1865
-1278
-1276
-921
-742
-524
-564
-988
-1004
-1487
-1602
-2180
-2657
-3016
-3459
-3829
-4504
-4215
-3981
-3573
-3339
-2829
-1790
-917
554
1276
2792
3655
4667
4934
5372
6079
6118
6044
5209
5340
5136
5273
4351
3647
3250
2939
2595
1655
1155
354
-252
-1449
-2001
-2544
-3023
-3733
-4401
-4289
-4341
-3868
-3837
-3121
-2687
-1802
-1065
-148
914
1484
2212
2442
3152
3344
3572
3446
3170
2972
2575
2519
1942
1756
1103
824
497
298
229
-265
-353
-958
-995
-1338
-1478
-2063
-2379
-2500
-2570
-2316
-2414
-1989
-1747
-1210
-614
-113
724
1078
1613
2355
2295
3024
2769
3233
3038
2940
2986
2423
2501
1742
1821
804
923
383
-186
-254
-897
-939
-1507
-1521
-2053
-2347
-2646
-2828
-3007
-2918
-3034
-3257
-3002
-3180
-2653
-2571
-2246
-2278
-2002
-1503
-1537
-1079
-1473
-1301
-1730
-1799
-2092
-2720
-2480
-2794
-2158
-2381
-1767
-1430
-580
427
1147
2600
3365
4775
4875
5883
6327
6676
6420
5633
5610
5281
5084
3731
3099
2472
2058
1013
21
-602
-1222
-1875
-3078
-3234
-3642
-3812
-4826
-5257
-5176
-5173
-4923
-5161
-4664
-4375
-3586
-2968
-1953
-894
-160
690
1595
2883
3605
4335
4624
5069
5190
5019
4931
4644
4189
3193
2682
2040
1564
807
-78
-843
-1159
-1573
-2209
-2599
-3040
-3304
-3756
-3754
-3957
-3891
-4039
-3995
-3791
-3503
-2865
-2481
-1746
-1116
-289
605
1415
2434
2737
3412
3572
4028
4278
4084
3798
3226
2974
2204
1735
1093
580
-68
-838
-1111
-1434
-1513
-2049
-2716
-2935
-2875
-2985
-3333
-3607
-3569
-3546
-3631
-3576
-3595
-3137
-3139
-3002
-2803
-2437
-1708
-1654
-1423
-1407
-1231
-940
-844
-323
-9
400
687
1357
2033
3010
3912
4642
5285
5840
6347
6826
7134
6931
6464
5971
6019
5715
5210
4354
3570
3174
2364
1504
445
-434
-1354
-2483
-3404
-4032
-4444
-5106
-5743
-6004
-5871
-5628
-5317
-5068
-4682
-4099
-3578
-2891
-2277
-1613
-1100
-461
322
1122
1893
2333
3076
3647
4200
4579
5081
5340
5346
5235
4938
4866
4314
3603
2691
1844
1190
282
-788
-1580
-2255
-2955
-3607
-3924
-4177
-4366
-4491
-4446
-4264
-4039
-3621
-3206
-2790
-2427
-1708
-1227
-551
-203
355
815
1263
1759
1924
2186
2392
2541
2340
2383
2163
1912
1461
896
311
-340
-917
-1701
-2394
-2989
-3387
-3749
-3977
-4310
-4360
-4290
-4288
-4100
-4111
-3926
-3739
-3707
-3405
-3561
-3202
-3171
-3317
-3107
-3318
-2806
-2759
-1746
-1257
-546
350
1195
2661
3518
5071
5621
6705
7114
7396
7900
7693
7654
6458
6174
5745
5482
4833
3824
3467
2939
2606
1670
1088
233
-676
-1778
-2620
-3242
-3944
-4833
-5822
-6044
-6148
-5801
-5740
-5418
-4738
-4210
-3193
-2426
-1296
-632
16
608
1214
2032
2312
2747
2902
3213
3291
3568
3856
3996
4113
4029
4247
4361
4450
4239
3865
3431
3066
2599
1848
986
7
-775
-1476
-2247
-2968
-3384
-3866
-3883
-3757
-3574
-2966
-2793
-2014
-1735
-763
-208
300
647
747
1271
1130
1708
1218
1397
984
1113
1266
1067
1058
712
971
601
529
164
-81
-615
-1332
-1923
-2380
-2724
-3446
-4032
-4559
-4515
-4757
-4672
-4803
-4642
-4397
-4318
-3791
-3810
-3513
-3523
-3471
-3338
-3133
-2561
-1948
-1534
-984
-315
1000
2215
3433
4321
5374
6389
6963
7474
7741
7895
7196
6619
6056
5749
5263
4137
3118
2337
1917
1068
271
-498
-1129
-2107
-3022
-3556
-4097
-4673
-5753
-6336
-6713
-6633
-6749
-6688
-6247
-5883
-5117
-4306
-3174
-2168
-1261
-443
318
1303
2012
2653
3177
3404
3527
3665
4054
4151
3807
3620
3438
3425
3446
3066
2915
2578
2317
1985
1724
1481
801
225
-523
-856
-1212
-1781
-2355
-2704
-2923
-2884
-2733
-2305
-1822
-1472
-954
-40
610
1420
2020
2226
2571
2611
2874
2696
2531
2242
1893
1591
1600
1404
1108
975
724
523
228
48
-369
-926
-1404
-2062
-2604
-3024
-3591
-4187
-4526
-4903
-4982
-5011
-5168
-4923
-4880
-4559
-4419
-4076
-3779
-3683
-3078
-2552
-1596
-1247
-343
370
1490
2924
3728
5136
5945
7135
7403
8236
8607
8453
7897
7212
7020
6349
5704
4436
3729
2890
2187
1191
291
-202
-1133
-2007
-3057
-3361
-3954
-4559
-5442
-5992
-6023
-6459
-6417
-6449
-6082
-5772
-5262
-4531
-3600
-2567
-1873
-1088
-363
698
1275
1826
2404
2619
2882
2943
3359
3316
3238
3043
2994
3065
2967
2870
2520
2307
1904
1531
1167
735
96
-620
-1376
-1958
-2343
-2995
-3349
-3778
-3872
-3808
-3577
-3109
-2824
-2010
-1447
-713
-232
466
1168
1336
1635
1498
1682
1649
1466
1183
1019
966
821
695
556
724
542
453
164
82
-255
-590
-1274
-1772
-2254
-3102
-3442
-4058
-4273
-4768
-4994
-4954
-4977
-4974
-4878
-4680
-4462
-4423
-4082
-3291
-2676
-1997
-1534
-719
331
1687
2827
3926
5019
6001
6892
7677
8634
9017
8654
8426
8280
8009
7516
6421
5387
4494
3726
2674
1503
566
-398
-1440
-2361
-2960
-3473
-4005
-4579
-5068
-5174
-5205
-5222
-5169
-5055
-4835
-4454
-3818
-2897
-2229
-1592
-841
25
1054
1642
2045
2743
3196
3361
3371
3589
3773
3482
3143
2747
2667
2541
2187
1808
1398
1266
963
695
442
4
-306
-710
-1033
-1355
-1783
-2122
-2581
-2843
-2928
-3020
-2850
-2662
-2528
-1891
-1464
-756
-204
227
854
1112
1599
1488
1747
1550
1369
983
853
738
272
254
-161
-181
-170
-267
-583
-931
-1204
-1546
-1886
-2198
-2761
-3482
-3902
-4278
-4684
-5046
-5381
-5528
-5847
-5577
-5754
-5469
-5472
-5051
-4345
-3768
-2640
-2369
-1095
-156
1191
2381
3414
4697
5507
6417
6732
7712
8017
7862
7623
7355
7440
6942
6378
5314
4723
4202
3428
2308
1312
555
-561
-1508
-2565
-3247
-4051
-4781
-5480
-6006
-6097
-6248
-6056
-6064
-5667
-5093
-4288
-3276
-2570
-1606
-845
326
1281
2032
2583
3040
3769
3877
4118
4228
4501
4436
4292
4101
3859
3958
3570
3135
2540
2098
1582
871
213
-549
-1235
-1878
-2474
-3084
-3490
-3603
-4084
-4091
-4030
-3809
-3151
-3072
-2235
-1879
-973
-309
180
809
1159
1589
1641
2102
2017
2119
1957
1761
1731
1610
1510
1234
1065
946
895
823
655
309
-28
-335
-816
-1120
-1770
-2431
-2944
-3560
-3986
-4601
-4893
-5181
-5477
-5477
-5676
-5386
-5136
-4258
-3719
-2901
-1936
-1154
229
1233
2833
3671
4842
5699
6287
7070
7654
7946
7569
7326
7181
7221
6751
6008
5181
4407
4057
2972
2162
1190
309
-698
-1750
-2485
-3310
-3824
-4990
-5622
-6006
-6142
-6262
-6521
-6437
-6362
-5748
-5210
-4388
-3511
-2691
-1758
-907
338
1061
1813
2295
2873
3246
3439
3745
3853
4019
3771
3758
3685
3927
3806
3440
3259
2961
2852
2279
1447
552
-40
-873
-1686
-2617
-3464
-3962
-4549
-4901
-5112
-5181
-4702
-4612
-4164
-3411
-2748
-1845
-1202
-455
-42
612
1047
1226
1433
1479
1459
1133
1304
1243
979
964
821
857
849
964
785
618
411
79
-402
-700
-1330
-2055
-2643
-3236
-3729
-4292
-4576
-5160
-5347
-5435
-5638
-5705
-5563
-4862
-4195
-3406
-2575
-1806
-531
763
2269
3558
4710
5969
6748
7592
8330
9034
8992
8694
8304
8216
8108
7343
6438
5432
4738
4158
3143
2170
1308
305
-735
-1709
-2351
-2974
-3872
-4734
-5353
-5681
-5851
-6027
-6116
-6127
-5989
-5520
-4716
-3857
-3013
-2281
-1341
-129
967
1699
2454
3038
3646
3884
4083
4474
4534
4548
4296
4236
4171
4240
4163
3627
3250
2911
2591
2008
1249
323
-498
-1284
-2113
-2968
-3683
-4227
-4661
-5056
-5364
-5126
-5006
-4487
-4241
-3711
-2949
-2273
-1613
-1083
-533
-135
229
218
532
525
446
482
400
424
290
200
340
334
299
276
32
-97
-311
-740
-1096
-1754
-2377
-3202
-3774
-4163
-4661
-5192
-5728
-5840
-5985
-5888
-6229
-6062
-5222
-4736
-3837
-3440
-2320
-1253
-10
1537
2508
4000
4898
5957
6614
7874
8418
8420
8501
8241
8615
8065
7661
6624
5766
5091
4085
3109
1957
1039
-132
-1000
-1980
-2604
-3202
-3955
-4523
-5070
-5238
-5509
-5395
-5675
-5677
-5682
-5196
-4401
-3992
-3257
-2670
-1655
-675
366
1232
1946
2910
3488
4118
4744
5257
5409
5465
5654
5564
5678
5533
5351
4901
4544
4190
3766
3172
2315
1646
834
72
-797
-1715
-2522
-3122
-3762
-4177
-4433
-4475
-4367
-4346
-3945
-3563
-2928
-2457
-1928
-1283
-751
-190
72
384
586
691
767
837
917
913
967
1148
977
1125
1172
1044
926
637
399
-134
-515
-1288
-2063
-2753
-3570
-4275
-5028
-5533
-6161
-6469
-6653
-6870
-6979
-6646
-5887
-5257
-4391
-3775
-2564
-1351
48
1374
2468
3824
4691
5584
6414
7421
7915
7960
7941
8027
8277
7972
7441
6405
5786
5153
4175
3067
1967
946
-228
-1295
-2369
-3135
-3993
-4821
-5394
-5805
-6059
-6073
-6133
-6179
-6224
-5926
-5310
-4739
-4124
-3646
-2966
-2099
-1123
-331
400
1210
1835
2408
3019
3532
4078
4215
4435
4639
4844
5063
5077
5007
4684
4498
4214
3973
3345
2575
1784
1030
364
-564
-1418
-2248
-2825
-3291
-3796
-3997
-4114
-4001
-3945
-3541
-3020
-2586
-2096
-1809
-1199
-912
-365
-305
-220
-86
-59
43
56
108
106
187
136
537
606
801
835
763
710
637
504
102
-436
-1209
-1810
-2461
-3063
-3750
-4551
-5148
-5675
-5931
-6100
-5710
-5398
-4919
-4205
-3621
-2191
-1227
497
1314
2639
3885
4710
5742
6360
7294
7121
7506
7581
7883
8069
7564
7223
6487
6256
5668
4816
3881
2907
1932
829
-8
-961
-1812
-3040
-3887
-4434
-4703
-4926
-5398
-5560
-5568
-5352
-5020
-4526
-4032
-3565
-2967
-2518
-1487
-708
-112
404
943
1525
1896
2501
2792
3072
3154
3500
3729
3936
4187
4120
4159
3963
3990
3675
3449
2896
2128
1548
854
272
-701
-1531
-2335
-2846
-3249
-3642
-3926
-3908
-3892
-3662
-3329
-2795
-2320
-2077
-1589
-1321
-829
-576
-396
-294
-413
-312
-426
-393
-472
-503
-653
-667
-387
-276
-118
-180
-182
-183
-212
-347
-848
-1309
-1990
-2629
-3271
-3949
-4562
-5337
-5776
-6338
-6596
-6719
-6327
-5850
-5320
-4497
-3817
-2573
-1542
-6
1171
2295
3405
4320
5115
6015
6915
6935
7080
7089
7479
7654
7386
7104
6407
6046
5598
4792
3976
3065
1975
797
-84
-856
-1567
-2606
-3565
-4144
-4389
-4484
-4637
-4750
-4867
-4604
-4304
-3652
-3159
-2646
-2066
-1732
-866
-10
725
1260
1694
2231
2582
3212
3650
4045
4037
4172
4384
4656
4932
5011
4967
4714
4734
4529
4322
3780
3057
2291
1572
875
128
-845
-1747
-2398
-2936
-3290
-3653
-3703
-3835
-3631
-3362
-2906
-2364
-1919
-1488
-1289
-763
-531
-249
-272
-271
-361
-383
-285
-345
-317
-426
-382
-424
24
164
205
170
-19
66
-133
-260
-889
-1607
-2216
-2885
-3604
-4259
-4947
-5677
-6180
-6723
-6743
-6589
-5985
-5497
-4837
-4221
-3047
-1849
-542
853
1581
2865
3540
4365
5270
5952
6225
6216
6360
6662
7095
6828
6374
5758
5330
5052
4164
3357
2361
1383
239
-730
-1577
-2389
-3336
-4463
-5020
-5404
-5573
-5653
-5817
-5803
-5723
-5279
-4594
-3925
-3389
-2848
-2302
-1481
-464
222
835
1225
1953
2291
2960
3628
3977
4187
4332
4721
4985
5368
5364
5227
5114
4916
4876
4497
3955
3323
2547
1866
1158
420
-364
-1148
-1947
-2427
-2759
-3009
-3185
-3419
-3403
-3158
-2791
-2451
-2273
-1875
-1715
-1239
-955
-628
-381
-339
-218
-184
-33
97
102
32
7
113
373
537
563
414
407
534
518
375
-121
-677
-1110
-1755
-2387
-3006
-3881
-4635
-5262
-5692
-5616
-5459
-5107
-4681
-4119
-3129
-1960
-659
709
1790
2870
3919
4597
5422
6151
6340
6260
6215
6361
6664
6573
6125
5538
5062
4925
4271
3432
2696
1827
883
-116
-969
-1626
-2504
-3573
-4433
-4977
-5127
-5351
-5708
-5876
-5857
-5656
-5114
-4655
-4191
-3588
-2976
-2350
-1509
-671
-122
358
771
1202
1644
2280
2730
3038
3203
3472
3962
4294
4596
4556
4636
4620
4563
4500
4123
3611
2823
2342
1732
999
201
-597
-1092
-1874
-2053
-2716
-2718
-2943
-3144
-2992
-2919
-2357
-2525
-2118
-2194
-1743
-1630
-1398
-1159
-1283
-1009
-1044
-845
-830
-644
-701
-686
-769
-663
-503
-519
-476
-673
-615
-668
-723
-863
-1350
-1714
-2277
-2569
-3141
-3607
-4215
-4908
-5367
-5539
-4980
-5000
-4475
-4135
-3315
-2066
-880
581
1628
2971
3805
4666
5523
6427
6889
6685
6649
6655
7054
6971
6590
5921
5335
5167
4616
3971
3076
2242
1366
471
-238
-935
-1591
-2604
-3499
-4190
-4429
-4592
-4924
-5154
-5440
-5310
-4891
-4290
-3885
-3450
-2924
-2361
-1454
-632
59
590
1133
1464
1985
2610
3046
3317
3258
3484
3925
4368
4530
4604
4641
4659
4822
4883
4703
4256
3661
3110
2591
1955
1173
369
-514
-999
-1606
-1843
-2045
-2314
-2296
-2513
-1983
-1864
-1512
-1486
-1361
-1306
-1139
-884
-1008
-846
-1055
-1064
-1233
-1099
-1001
-1180
-1121
-1215
-1140
-1016
-836
-948
-978
-1126
-1240
-1264
-1588
-1728
-2467
-2627
-3451
-3846
-4366
-4771
-5388
-6187
-6035
-6081
-5238
-5016
-4414
-3947
-2590
-1289
-110
1220
2076
3374
3914
4882
5619
6110
6225
5950
6111
6101
6384
6033
5531
5086
4563
4459
3547
3042
2152
1161
206
-547
-1086
-1972
-2772
-3687
-4204
-4714
-4834
-5000
-5219
-5343
-5477
-5067
-4774
-4086
-3689
-3276
-2769
-2051
-1093
-549
239
524
1006
1401
1894
2566
2807
2976
3041
3554
3938
4469
4552
4659
4683
4743
4931
4736
4561
3862
3271
2585
2094
1454
574
-58
-919
-1299
-1672
-1762
-1965
-2037
-1923
-1867
-1360
-1070
-664
-752
-618
-442
-323
-267
-271
-342
-603
-562
-625
-484
-391
-396
-417
-338
-95
152
235
174
10
-149
-270
-492
-1001
-1592
-2243
-2924
-3553
-4209
-4708
-5504
-5836
-5939
-5544
-5059
-4532
-3834
-3157
-1620
-488
1180
1959
3226
4054
4567
5724
5946
6346
5979
6074
6113
6283
6097
5728
5543
4908
4750
4026
3528
2949
2067
1132
-47
-565
-1350
-2258
-3283
-4096
-4695
-5022
-5079
-5438
-5499
-5494
-5331
-4986
-4507
-3947
-3509
-3011
-2614
-1837
-1237
-633
-188
-17
382
696
1238
1586
1835
1877
2222
2640
3064
3502
3659
3933
4115
4284
4265
4262
3948
3380
2805
1987
1469
780
-94
-973
-1728
-2154
-2431
-2636
-2861
-2883
-2792
-2534
-2093
-1807
-1548
-1215
-1241
-1106
-845
-860
-853
-927
-1076
-1211
-1052
-912
-942
-916
-816
-649
-443
-180
-29
1
35
-91
-208
-516
-785
-1445
-2304
-2876
-3699
-4217
-5011
-5413
-5585
-5353
-5016
-4407
-3755
-2707
-1453
-88
1444
2444
3801
4384
5279
5824
6418
6310
6000
6086
6025
6231
5705
5472
5079
4973
4847
4179
3722
3241
2805
2011
1147
409
-300
-1183
-2309
-3012
-3740
-4090
-4441
-4726
-4995
-4945
-4668
-4268
-3885
-3582
-2845
-2310
-1722
-1065
-579
-35
374
771
877
1041
1472
1585
1708
1708
1960
2332
2833
3111
3279
3740
4174
4577
4589
4607
4453
4265
3708
3089
2457
1549
898
50
-871
-1431
-1906
-2046
-2451
-2688
-2475
-2354
-1941
-1776
-1457
-1316
-1043
-914
-1008
-941
-1006
-1126
-1418
-1540
-1684
-1710
-1653
-1697
-1662
-1364
-1228
-1010
-647
-526
-293
-337
-446
-654
-1086
-1376
-2078
-3000
-3754
-4568
-5366
-6000
-6296
-6200
-6118
-5432
-4902
-3968
-2484
-1203
471
1562
2983
3880
4759
5456
5795
6017
5569
5492
5159
5214
4849
4423
4044
3755
3821
3352
3046
2748
2307
1917
1223
710
53
-754
-1696
-2633
-3336
-3917
-4429
-4867
-5286
-5551
-5354
-5028
-4447
-3993
-3537
-2783
-2065
-1132
-543
15
388
791
956
1158
1420
1417
1566
1390
1553
1878
2363
2757
2990
3309
3681
4404
4803
5031
5002
4891
4651
4235
3684
2846
1862
903
-18
-800
-1366
-1951
-2159
-2321
-2387
-2154
-1838
-1270
-1026
-742
-486
-361
-236
-402
-513
-859
-1027
-1358
-1648
-1700
-1709
-1699
-1656
-1434
-1124
-741
-389
-33
158
468
458
323
8
-433
-971
-1955
-2600
-3692
-4395
-5163
-5241
-5338
-5366
-4692
-4441
-2845
-1893
-19
1239
2345
3815
4365
5652
5875
6467
5873
5673
5519
5140
5263
4193
3925
3207
3165
3128
2607
2443
1979
1901
1409
1222
646
193
-654
-1657
-2325
-3143
-3572
-4379
-4692
-5403
-5555
-5395
-5159
-4667
-4471
-3643
-3335
-2298
-1533
-868
-325
21
558
512
865
898
940
794
601
761
762
1292
1465
1880
2190
2770
3476
3842
4363
4333
4435
4153
3870
3376
2611
1688
655
-248
-1018
-1720
-2310
-2750
-2964
-2916
-2801
-2514
-2161
-1681
-1328
-1193
-937
-839
-736
-898
-1184
-1404
-1763
-1972
-2181
-2296
-2325
-2120
-1824
-1577
-1187
-694
-281
186
405
492
297
260
-79
-844
-1493
-2560
-3256
-4282
-4890
-5033
-5319
-4900
-4849
-3992
-2905
-1455
236
1408
2963
3959
5192
5894
6774
6832
6337
6322
5678
5946
5216
4729
4003
3334
3449
3012
2754
2441
2294
1968
1805
1443
1349
850
206
-617
-1407
-1880
-2600
-3046
-3795
-4304
-4587
-4569
-4247
-4280
-3762
-3335
-2712
-1868
-1151
-390
76
611
838
1024
1275
1259
1285
1013
845
905
1105
1295
1563
1882
2249
2937
3492
4124
4430
4664
4791
4507
4391
3794
3255
2243
1258
453
-560
-1093
-1937
-2316
-2796
-2682
-2601
-2466
-2151
-1796
-1452
-1315
-1003
-1080
-1020
-1345
-1546
-1943
-2361
-2525
-2861
-2989
-3093
-2901
-2633
-2239
-1978
-1575
-1041
-568
-233
-295
-243
-493
-658
-1316
-2026
-2898
-3787
-4400
-4840
-5158
-5184
-4992
-4814
-3702
-2805
-1135
-21
1392
2527
3488
4719
5273
6042
5553
5575
5143
5118
4793
3871
3415
2497
2363
1876
1542
1365
1087
964
663
779
732
699
176
-219
-807
-1156
-1532
-2212
-2666
-3375
-3566
-3952
-3811
-3828
-3704
-3250
-3067
-2188
-1695
-835
-283
162
774
905
1361
1405
1429
1144
1093
981
954
1126
1074
1400
1583
2197
2785
3408
3825
4311
4729
4657
4950
4552
4383
3491
2690
1890
1055
381
-555
-1047
-1856
-1679
-1948
-1701
-1633
-1427
-865
-723
-204
-339
-90
-377
-350
-854
-1267
-1525
-2113
-2156
-2567
-2467
-2366
-2043
-1863
-1390
-996
-385
153
179
387
211
309
-187
-752
-1514
-2508
-3201
-4143
-4435
-4753
-4872
-4670
-4552
-3537
-2696
-1101
194
1196
2631
3400
4608
5203
5901
5613
5364
5205
4897
4765
3898
3482
2530
2311
2097
1590
1341
997
931
530
456
486
407
-9
-635
-1100
-1498
-1824
-2396
-2919
-3604
-3946
-4281
-4211
-4137
-4145
-3786
-3601
-2872
-2254
-1515
-896
-651
-133
158
484
754
776
631
401
538
530
719
816
1047
1353
1850
2476
3012
3536
3818
4047
4141
4158
3983
3595
2918
2052
1394
594
-174
-870
-1592
-2150
-2322
-2378
-2395
-2191
-2071
-1718
-1454
-1310
-1054
-1079
-1103
-1264
-1642
-1852
-2128
-2342
-2610
-2757
-2711
-2499
-2077
-1791
-1397
-887
-395
275
411
591
588
324
114
-599
-1201
-2032
-2787
-3438
-3694
-3941
-3986
-3795
-3462
-2418
-1529
170
1003
2323
3450
4342
5297
5841
6232
5844
5825
5396
5354
4844
4075
3494
2580
2559
2007
1594
1300
908
862
529
550
478
345
-22
-430
-737
-955
-1242
-1672
-2145
-2637
-3025
-3091
-3050
-3188
-3021
-2769
-2461
-1784
-1322
-714
-375
97
573
652
1065
1127
1310
1025
960
915
970
1170
1044
1272
1490
2008
2503
2934
3291
3643
3832
3870
3933
3670
3172
2554
1783
1018
317
-449
-1078
-1790
-2237
-2453
-2607
-2529
-2519
-2260
-1932
-1763
-1477
-1356
-1239
-1217
-1433
-1684
-1980
-2152
-2339
-2572
-2726
-2817
-2497
-2328
-1977
-1662
-1271
-652
-434
-114
-120
-82
-196
-625
-1231
-1945
-2628
-3520
-3948
-4435
-4667
-4611
-4432
-4140
-3103
-2116
-637
405
1471
2860
3629
4643
5290
5712
5440
5390
5139
5016
4509
3774
3236
2422
2285
1780
1307
1171
730
663
327
392
288
185
-162
-736
-905
-1242
-1412
-1952
-2377
-2869
-3143
-3238
-3240
-3263
-3141
-2892
-2629
-1991
-1476
-935
-510
-186
320
506
904
1062
1175
1028
1048
1228
1284
1593
1561
1895
2169
2584
3169
3674
3950
4211
4307
4349
4347
4071
3670
2853
2203
1439
793
-23
-652
-1299
-1695
-1923
-2062
-1926
-1978
-1634
-1444
-1190
-1063
-863
-811
-949
-925
-1340
-1457
-1807
-1888
-2131
-2213
-2073
-1980
-1601
-1430
-995
-551
-108
213
370
422
461
343
-7
-641
-1357
-1936
-2865
-3600
-3926
-4222
-4320
-4213
-4171
-3229
-2432
-1037
100
1001
2513
3260
4332
4874
5515
5424
5227
4939
4848
4579
3822
3515
2536
2322
2031
1470
1202
733
674
300
344
36
4
-377
-866
-1080
-1631
-1655
-2240
-2508
-3114
-3492
-3675
-3706
-3664
-3662
-3412
-3258
-2746
-2139
-1652
-1129
-863
-300
-83
233
569
686
659
540
641
625
1063
1044
1409
1591
1949
2632
2989
3448
3555
3685
3797
3750
3465
2959
2475
1769
1076
457
-516
-953
-1695
-1976
-2358
-2653
-2434
-2509
-2117
-1965
-1745
-1492
-1303
-1094
-1152
-1140
-1242
-1452
-1675
-1737
-1826
-1977
-1912
-1842
-1536
-1360
-974
-574
-207
186
251
456
512
324
-6
-555
-1166
-1748
-2534
-3345
-3941
-4060
-4327
-4083
-4012
-3496
-2361
-1564
105
864
2401
3390
4375
5256
5869
6326
5985
6115
5644
5774
5129
4563
3920
3192
3085
2453
2103
1614
1397
1239
994
808
575
574
-24
-255
-844
-1022
-1377
-1904
-2169
-2873
-3048
-3318
-3270
-3372
-3151
-2865
-2619
-2020
-1691
-1000
-620
-264
162
262
594
825
993
945
1089
1044
1397
1666
1834
2056
2260
2915
3131
3526
3669
3819
3884
3768
3492
2988
2623
1776
1103
280
-461
-1133
-1782
-2168
-2633
-2862
-2982
-2735
-2692
-2336
-2199
-2121
-1745
-1749
-1424
-1539
-1653
-1794
-1953
-2049
-1987
-2101
-2144
-1992
-1967
-1525
-1318
-865
-563
-383
-111
-60
108
-113
-310
-903
-1488
-2022
-2762
-3411
-4354
-4690
-4857
-5099
-4731
-4613
-3931
-3101
-2104
-558
437
1820
2649
3614
4404
5283
5515
5382
5342
5068
5214
4699
4257
3610
3100
2922
2357
1990
1775
1534
1194
824
647
567
425
-142
-584
-1145
-1315
-1595
-2084
-2565
-3096
-3320
-3471
-3383
-3416
-3162
-2990
-2678
-2082
-1661
-957
-473
-62
250
386
1034
1378
1545
1519
1569
1782
2196
2511
2678
2912
3132
3671
3951
4323
4505
4562
4531
4245
4017
3590
3059
2247
1375
544
-154
-806
-1344
-1871
-2422
-2569
-2562
-2335
-2287
-2028
-2013
-1771
-1447
-1311
-1086
-1199
-1159
-1364
-1331
-1284
-1302
-1282
-1369
-1291
-1076
-703
-501
-247
-41
115
342
387
483
66
-345
-790
-1415
-1960
-2797
-3560
-4291
-4576
-4738
-4723
-4477
-4398
-3505
-2845
-1415
-258
694
2084
2673
3738
4424
5209
5060
5095
4932
4876
4815
4222
3897
3120
2934
2453
1913
1648
1398
1141
612
389
187
232
-206
-788
-1293
-1729
-1803
-2368
-2689
-3288
-3686
-3853
-3924
-3923
-3916
-3715
-3509
-3139
-2712
-2118
-1500
-1072
-676
-436
-56
515
915
970
943
1207
1456
1890
2042
2248
2453
2841
3237
3576
3878
3994
4002
3972
3695
3339
2959
2274
1522
608
-58
-683
-1109
-1764
-2337
-2657
-2689
-2508
-2523
-2336
-2266
-2055
-1827
-1538
-1288
-1257
-1158
-1240
-1232
-1140
-1010
-933
-1028
-975
-852
-575
-322
-73
31
304
494
688
757
491
466
-212
-481
-1201
-1796
-2415
-3379
-4030
-4704
-4586
-4749
-4465
-4431
-3808
-2778
-1828
-121
459
2012
2841
3796
4744
5370
5976
5581
5894
5590
5762
5403
5055
4616
3934
3935
3213
3139
2668
2219
1828
1289
1236
874
563
-191
-635
-1177
-1474
-1904
-2566
-2957
-3598
-3783
-4090
-3937
-3958
-3881
-3637
-3538
-2807
-2359
-1667
-1305
-911
-445
-72
582
815
1115
1063
1416
1793
2132
2484
2576
3009
3222
3747
4038
4271
4344
4243
4102
3747
3487
2824
2138
1245
400
-323
-996
-1583
-2219
-2737
-3157
-3108
-3107
-2982
-3042
-2937
-2759
-2476
-2234
-2101
-1935
-1938
-1859
-1883
-1674
-1544
-1433
-1446
-1417
-1202
-857
-582
-434
-220
-138
97
305
426
182
-56
-434
-872
-1328
-1973
-2667
-3347
-4214
-4830
-5130
-5114
-5179
-4858
-4532
-4138
-2975
-2142
-552
202
1397
2398
3162
4182
4780
5416
5237
5498
5258
5616
5498
5198
4945
4127
4249
3792
3533
3094
2540
2140
1725
1549
1004
636
-65
-543
-1153
-1672
-2079
-2651
-2996
-3686
-3912
-4124
-3975
-3984
-3905
-3670
-3479
-2841
-2220
-1596
-1161
-774
-58
278
920
1295
1626
1905
2304
2681
3045
3467
3695
4160
4167
4625
4754
4916
4744
4564
4279
3856
3567
2788
2068
1205
543
-72
-760
-1242
-1826
-2232
-2472
-2503
-2552
-2513
-2454
-2392
-2197
-2140
-1704
-1714
-1510
-1538
-1434
-1124
-1063
-793
-854
-703
-553
-332
-11
267
447
494
665
783
844
736
395
-53
-495
-997
-1467
-2170
-2832
-3623
-4232
-4741
-5228
-5535
-5501
-5368
-5257
-4692
-4404
-3306
-2670
-1380
-365
402
1828
2324
3489
4014
4854
4947
5233
5464
5574
5830
5375
5288
4674
4573
4265
3787
3161
2590
2051
1384
850
210
-299
-1190
-1722
-2298
-2905
-3189
-3887
-4235
-4770
-5065
-5105
-5017
-4992
-4931
-4617
-4316
-3671
-3145
-2596
-2068
-1431
-740
-163
553
1124
1799
2243
2792
3211
3786
4336
4566
4777
4893
5182
5113
5029
4610
4211
3760
3259
2561
1829
1182
459
-145
-805
-1373
-1850
-2091
-2381
-2614
-2793
-2761
-2748
-2616
-2636
-2435
-2246
-1920
-1794
-1581
-1310
-1005
-618
-530
-67
132
464
753
1207
1362
1627
1835
1801
1900
1745
1815
1462
955
422
-76
-505
-1206
-1814
-2659
-3135
-3656
-4026
-4415
-4899
-5255
-5481
-5220
-5040
-4589
-4160
-3851
-2964
-2129
-832
239
1150
2264
2955
4161
5111
6128
6383
6672
6873
7257
7525
7234
7021
6215
5951
5428
4695
3963
3199
2247
1359
484
-292
-758
-1692
-2427
-3209
-3876
-4193
-4558
-4959
-5449
-5572
-5678
-5492
-5349
-5069
-4695
-4418
-3844
-3322
-2516
-1826
-1128
-336
313
1197
2109
2965
3476
3957
4383
4809
5198
5239
5179
4827
4596
4299
3814
3281
2558
1940
1318
616
80
-459
-1093
-1591
-2134
-2532
-2898
-2988
-3220
-3595
-3590
-3574
-3386
-3431
-3296
-3144
-2918
-2498
-2190
-1793
-1508
-841
-549
-91
315
807
1164
1351
1615
1688
1956
1787
1756
1352
1033
717
215
-195
-883
-1418
-1992
-2477
-2949
-3446
-3873
-4297
-4700
-4950
-5127
-5485
-5509
-5570
-5249
-4954
-4335
-3987
-3194
-2227
-1156
248
1168
2752
3639
4828
5883
6973
7622
7863
8150
8161
8385
7819
7628
6691
6063
5544
4453
3675
2665
1934
926
150
-637
-1256
-1861
-2612
-3185
-3778
-4038
-4533
-4799
-5127
-5294
-5279
-5244
-4976
-4778
-4280
-3856
-3111
-2408
-1558
-564
246
1242
2065
2897
3751
4456
4933
5191
5522
5610
5680
5539
5331
4854
4305
4009
3364
3020
2255
1670
1145
709
212
-362
-918
-1460
-1947
-2398
-2842
-3150
-3275
-3726
-3596
-3686
-3441
-3220
-3029
-2568
-2327
-1755
-1385
-903
-499
-98
433
731
1164
1345
1698
1727
1898
1927
1771
1593
1342
955
564
216
-497
-882
-1557
-2049
-2582
-3077
-3548
-4077
-4358
-4955
-5145
-5526
-5832
-5791
-6054
-6055
-6205
-5567
-5093
-4525
-3834
-3267
-1903
-955
706
1754
3065
4260
5141
6280
6983
7801
7724
7837
7705
7638
7334
6639
6104
4971
4406
3570
2772
1927
1042
236
-725
-1195
-1804
-2384
-3250
-3835
-4477
-4966
-5200
-5576
-5763
-6058
-5891
-5709
-5264
-4772
-4161
-3463
-2842
-1927
-997
84
877
1647
2454
3041
3748
4323
4681
4770
4868
4954
4971
4936
4694
4367
3813
3483
3112
2670
2154
1491
1033
418
-24
-527
-1101
-1576
-2088
-2436
-2752
-2809
-2920
-2947
-2951
-2800
-2507
-2247
-1838
-1549
-1138
-759
-204
206
651
885
1289
1570
1667
2102
2151
2190
2184
2113
1897
1748
1486
1176
674
308
-137
-678
-1126
-1769
-2179
-2823
-3288
-3733
-4181
-4357
-4754
-4972
-5165
-5203
-5210
-5129
-5014
-4856
-4308
-3660
-2945
-2189
-1503
-371
652
1851
3027
3889
5053
5767
6521
7084
7650
7704
7604
7348
7129
6931
6189
5689
4696
4049
3436
2636
1838
786
18
-833
-1611
-2406
-3070
-3837
-4535
-5083
-5550
-5669
-5870
-5860
-5870
-5661
-5323
-4691
-4028
-3566
-2904
-2404
-1549
-793
3
646
1121
1713
2304
2814
3233
3703
3736
4026
4023
4069
4028
3824
3606
3050
2668
2196
1808
1208
578
-43
-645
-1037
-1453
-1832
-2288
-2649
-2886
-3019
-3024
-3054
-2926
-2812
-2716
-2308
-1932
-1597
-1320
-926
-660
-376
-41
347
561
637
895
1049
1296
1546
1475
1458
1347
1313
1151
857
470
16
-366
-768
-1140
-1572
-2076
-2506
-2946
-3352
-3567
-3895
-4111
-4296
-4377
-4236
-4059
-3908
-3702
-3485
-3248
-3006
-2517
-1908
-1419
-769
-251
341
1278
2130
3235
3919
4809
5522
6145
6873
7375
7608
7407
7397
7231
7266
6674
6116
5319
4365
3892
2902
2055
996
51
-822
-1643
-2250
-2879
-3462
-4025
-4338
-4683
-4540
-4474
-4426
-4227
-4120
-3670
-3139
-2657
-2285
-1825
-1380
-874
-201
343
917
1407
1876
2475
2800
3312
3684
3838
3943
3871
3905
3799
3504
3117
2593
2125
1700
1237
670
170
-357
-752
-1199
-1531
-1793
-2192
-2388
-2627
-2647
-2654
-2558
-2413
-2530
-2264
-2238
-1802
-1587
-1500
-1125
-1078
-646
-427
-103
37
219
300
447
642
765
759
493
469
303
129
-35
-503
-904
-1303
-1576
-1944
-2317
-2663
-2984
-3307
-3383
-3626
-3693
-3678
-3731
-3700
-3749
-3547
-3482
-3162
-3244
-3196
-3097
-2933
-2465
-2095
-1708
-1251
-784
-59
831
1714
2787
3591
4481
5174
5848
6612
7089
7065
6911
6748
6661
6623
5838
5291
4376
3752
3182
2288
1387
452
-300
-1069
-1683
-2312
-2703
-3286
-3658
-3949
-4046
-3863
-3829
-3673
-3657
-3421
-3072
-2562
-2094
-1858
-1372
-1013
-294
226
653
1177
1546
2035
2500
2831
3175
3428
3606
3674
3664
3764
3607
3363
3087
2643
2413
2133
1634
1087
623
168
-137
-603
-1079
-1334
-1746
-1870
-2077
-2149
-2096
-2041
-1970
-1895
-1564
-1361
-987
-801
-699
-463
-300
-32
198
343
292
366
558
639
667
744
553
530
435
497
408
120
-116
-499
-629
-801
-1062
-1462
-1821
-2112
-2351
-2554
-2829
-2975
-3229
-3346
-3341
-3407
-3355
-3183
-3181
-3222
-3004
-2922
-2822
-2602
-2295
-1936
-1456
-918
-469
324
948
2020
2738
3532
4339
4808
5525
5924
6386
6155
6185
6033
5888
5488
4919
4394
3465
2979
2115
1269
396
-452
-1194
-2005
-2594
-3102
-3518
-4097
-4307
-4484
-4339
-4207
-4191
-3942
-3813
-3373
-3105
-2657
-2497
-2082
-1715
-1347
-787
-450
132
444
909
1334
1700
2099
2566
2794
2951
3190
3204
3341
3162
2984
2769
2290
2061
1480
1078
537
69
-433
-966
-1278
-1622
-1815
-2103
-1993
-2158
-1988
-1893
-1663
-1410
-1321
-929
-870
-682
-558
-477
-290
-183
-126
-14
137
251
619
710
837
1034
1131
1300
1329
1332
1211
1104
841
602
219
60
-278
-760
-1123
-1551
-1743
-1966
-2197
-2434
-2488
-2600
-2533
-2515
-2526
-2386
-2380
-2166
-2195
-1982
-2015
-1984
-1880
-1741
-1269
-1060
-433
-241
541
1217
2137
3151
3756
4637
5044
5778
6170
6753
6597
6545
6347
6204
6009
5372
4953
3940
3345
2487
1645
842
90
-783
-1534
-2188
-2648
-2972
-3501
-3654
-3942
-4008
-3748
-3678
-3482
-3355
-3039
-2839
-2528
-2284
-2058
-1656
-1485
-1087
-797
-311
134
425
756
1180
1575
1894
2249
2285
2486
2510
2469
2375
2054
1789
1289
862
414
-23
-488
-930
-1425
-1742
-2034
-2162
-2194
-2453
-2369
-2379
-2164
-2026
-1847
-1641
-1638
-1309
-1277
-1123
-950
-900
-754
-708
-465
-183
-137
32
258
428
552
721
803
821
742
757
617
359
152
-210
-396
-745
-946
-1161
-1467
-1728
-1829
-1975
-2121
-2213
-2259
-2254
-2333
-2321
-2284
-2242
-2119
-2134
-1973
-2116
-1950
-1871
-1848
-1754
-1655
-1249
-947
-521
48
396
1155
1936
2779
3505
4133
4887
5385
5942
6270
6579
6311
6417
6221
5931
5658
5004
4507
3605
3178
2406
1629
851
186
-464
-1064
-1463
-1858
-2102
-2453
-2505
-2695
-2561
-2493
-2483
-2350
-2422
-2228
-2124
-1889
-1785
-1526
-1305
-987
-680
-339
174
411
747
1016
1396
1596
1937
2100
2090
2143
2081
2083
1815
1554
1273
775
574
278
-97
-447
-671
-931
-1032
-1091
-1248
-1200
-1356
-1151
-1254
-1111
-1040
-915
-913
-885
-753
-718
-534
-590
-400
-435
-196
-98
-22
100
134
236
190
227
86
14
-58
-147
-348
-446
-585
-759
-862
-1089
-996
-1225
-1287
-1291
-1512
-1497
-1579
-1621
-1830
-1929
-1984
-2038
-2146
-2183
-2284
-2223
-2203
-2202
-2128
-2014
-1725
-1716
-1634
-1498
-1412
-1283
-1148
-888
-737
-540
-286
117
718
1138
1919
2200
2970
3357
4057
4579
5038
5279
5337
5613
5532
5801
5130
5015
4290
3787
3311
2361
1647
854
129
-721
-1187
-1795
-1918
-2500
-2765
-2845
-3044
-2606
-2775
-2676
-2708
-2422
-2229
-2089
-1900
-1934
-1748
-1655
-1333
-1339
-1029
-875
-564
-328
-20
450
749
1156
1352
1604
1844
2039
2175
2056
1941
1670
1550
1404
1108
766
514
397
168
62
-77
-80
-181
-150
-98
-111
107
226
239
206
209
218
237
78
35
-167
-268
-249
-388
-523
-597
-583
-760
-520
-682
-392
-364
-283
-123
-107
297
200
347
203
226
260
199
-55
-207
-354
-636
-717
-1148
-1155
-1349
-1428
-1433
-1560
-1493
-1326
-1165
-1214
-1079
-1049
-990
-1117
-1160
-1298
-1502
-1813
-2084
-2314
-2520
-2313
-2348
-2060
-1779
-1292
-333
329
1433
2188
3180
3969
4768
5370
5796
6078
5932
6103
5579
5658
4933
4373
3773
2784
2360
1404
828
-41
-597
-1365
-1653
-2220
-2468
-2778
-3245
-3212
-3516
-3347
-3566
-3421
-3598
-3478
-3469
-3404
-3211
-3102
-2819
-2666
-2270
-1966
-1469
-977
-606
-147
307
769
1008
1474
1616
1768
1879
1799
1817
1631
1513
1232
961
721
620
415
254
180
40
184
88
260
141
239
312
221
220
81
73
-124
-254
-603
-593
-872
-970
-984
-1182
-1097
-1088
-777
-748
-389
-301
52
279
469
755
727
921
885
1047
893
1011
933
939
816
775
779
550
627
439
396
157
193
68
-8
-125
-332
-314
-515
-586
-869
-973
-1085
-1292
-1344
-1564
-1582
-1643
-1709
-1651
-1765
-1682
-1648
-1533
-1436
-1006
-966
-420
-170
305
1039
1394
2350
2616
3350
3647
4305
4570
5047
4978
4847
4977
4614
4779
3821
3551
2746
2163
1622
813
88
-597
-1008
-1612
-1868
-2423
-2271
-2623
-2774
-2692
-2839
-2567
-2650
-2474
-2609
-2465
-2426
-2226
-2299
-2252
-2125
-2120
-1681
-1704
-1325
-1256
-853
-675
-591
-221
-237
16
-32
144
140
219
321
204
219
231
312
335
386
370
362
518
484
623
375
518
319
173
102
-121
-308
-587
-720
-975
-894
-1165
-979
-1164
-1056
-941
-907
-702
-688
-467
-519
-272
-242
-82
-127
51
105
189
390
466
726
774
980
1095
1253
1501
1600
1596
1541
1596
1531
1457
1267
970
683
441
216
-76
-318
-602
-740
-939
-1039
-1116
-1126
-1196
-1161
-1130
-1087
-986
-1073
-1067
-1350
-1403
-1643
-1814
-2069
-2356
-2508
-2383
-2321
-2185
-1748
-1554
-681
-31
933
1721
2557
3441
4220
4866
5419
5978
5989
6297
5987
6137
5702
5194
4754
3947
3630
2909
2347
1706
1336
790
467
24
-302
-644
-1284
-1378
-1938
-2250
-2573
-2999
-3365
-3632
-3845
-4116
-4234
-4355
-4268
-4259
-3998
-3752
-3365
-3020
-2604
-2000
-1606
-1148
-675
-204
76
472
752
1095
1369
1493
1702
1771
1914
2021
2091
2084
1993
1970
1894
1761
1515
1285
1023
606
437
-18
-353
-731
-1031
-1335
-1684
-1859
-2109
-2247
-2462
-2313
-2463
-2293
-2216
-2043
-1720
-1501
-1034
-732
-337
58
566
729
1191
1529
1822
1988
2052
2273
2273
2352
2342
2144
1873
1726
1384
1169
778
342
10
-420
-564
-948
-1234
-1485
-1692
-1956
-2133
-2284
-2423
-2561
-2857
-2937
-3006
-3121
-3211
-3346
-3386
-3414
-3399
-3347
-3312
-3232
-3148
-2980
-2786
-2437
-2126
-1543
-936
-564
347
924
1957
2670
3472
4388
4967
5873
6280
6871
7051
7661
7453
7504
7254
6968
6804
5820
5541
4377
3811
2792
1852
705
-240
-1228
-2276
-2932
-3838
-4139
-4965
-5141
-5425
-5546
-5510
-5396
-5188
-5089
-4710
-4455
-3892
-3630
-3079
-2788
-2371
-1717
-1290
-636
-279
401
934
1538
1992
2539
3048
3351
3720
3851
4170
4157
4183
3981
3843
3572
3177
2850
2282
1749
1159
642
94
-364
-867
-1261
-1649
-1876
-2080
-2336
-2380
-2505
-2529
-2506
-2419
-2274
-2172
-2036
-1906
-1616
-1442
-1057
-784
-526
-61
272
776
989
1566
1844
2113
2445
2734
2838
2957
3055
2996
2941
2640
2579
2095
1778
1371
813
363
-202
-726
-1331
-1801
-2374
-2798
-3300
-3611
-4018
-4169
-4341
-4499
-4475
-4558
-4414
-4289
-4128
-3883
-3607
-3402
-3032
-2739
-2375
-2008
-1697
-1359
-1034
-668
-332
-91
334
497
850
1063
1281
1511
1701
1928
2259
2503
2708
3019
3168
3632
3709
4082
4238
4320
4460
4396
4283
4101
3992
3358
3085
2414
2113
1469
729
241
-640
-986
-1645
-2118
-2706
-2850
-3302
-3369
-3553
-3563
-3270
-3525
-3017
-3046
-2627
-2357
-2024
-1702
-1416
-1052
-729
-264
-175
409
552
903
1257
1355
1800
1935
2186
2376
2399
2533
2645
2542
2525
2255
2176
1926
1575
1362
949
620
241
-21
-344
-616
-819
-975
-1115
-1251
-1153
-1184
-1218
-1026
-984
-813
-760
-590
-466
-314
-199
-66
56
267
435
573
666
765
1046
993
1248
1291
1490
1584
1647
1835
1770
2010
1907
1984
1902
1883
1766
1515
1398
1021
753
173
-68
-597
-1100
-1541
-2145
-2460
-2930
-3214
-3597
-3704
-3846
-3913
-3877
-3736
-3521
-3344
-3014
-2784
-2352
-2042
-1629
-1285
-913
-606
-206
100
407
656
799
980
1047
1270
1183
1214
1145
1076
1031
895
879
758
600
347
263
81
-137
-297
-635
-784
-1083
-1212
-1131
-1182
-1123
-1030
-835
-462
-106
424
666
1097
1482
1876
2203
2504
2745
2653
2830
2679
2773
2434
2192
1911
1536
1280
910
640
270
31
-271
-437
-663
-630
-894
-997
-1017
-1113
-1103
-1161
-1152
-1261
-1338
-1316
-1290
-1318
-1443
-1425
-1485
-1313
-1211
-1173
-1011
-942
-819
-609
-495
-280
-127
-9
194
278
596
789
921
1072
1114
1224
1278
1250
1275
1080
915
846
802
594
569
386
367
247
277
329
336
460
370
448
403
481
394
285
179
42
-28
-165
-202
-346
-513
-545
-584
-612
-576
-519
-424
-296
-85
109
385
609
948
1160
1477
1659
1873
1976
2007
1983
1863
1840
1534
1463
1067
809
416
58
-159
-605
-929
-1229
-1449
-1681
-1764
-1931
-2004
-2041
-1998
-2026
-2043
-1882
-1945
-1876
-1869
-1783
-1678
-1551
-1424
-1245
-1057
-876
-539
-369
-37
92
438
607
782
895
935
1061
998
1028
822
724
562
301
78
-166
-456
-680
-966
-1215
-1352
-1587
-1616
-1790
-1825
-1888
-1789
-1541
-1391
-1017
-850
-366
94
697
1250
1682
2184
2617
3071
3287
3764
3804
3873
3905
3958
3866
3503
3250
2712
2285
1716
1185
519
25
-505
-1063
-1586
-2048
-2274
-2741
-2919
-3077
-3308
-3281
-3261
-3256
-3248
-3288
-3159
-2968
-2994
-2658
-2586
-2424
-2102
-1923
-1703
-1467
-1188
-877
-633
-395
-32
188
548
764
1102
1390
1728
1907
2180
2382
2526
2602
2703
2774
2598
2614
2485
2371
2208
2046
1785
1564
1370
1182
877
740
531
392
171
132
121
44
50
62
33
-55
140
95
113
122
167
254
302
441
495
588
642
748
822
986
1029
1138
1159
1097
1116
1008
884
701
481
147
27
-357
-551
-813
-1140
-1341
-1598
-1720
-1843
-1936
-2046
-2051
-1979
-1906
-1718
-1611
-1380
-1257
-979
-689
-516
-236
-167
32
180
256
297
336
361
417
418
393
555
482
548
445
489
416
465
400
269
294
111
183
-110
-156
-361
-572
-646
-806
-932
-1077
-1128
-1330
-1302
-1401
-1321
-1285
-1294
-1178
-1119
-1005
-899
-836
-857
-773
-786
-708
-803
-897
-923
-1066
-1125
-1287
-1359
-1545
-1710
-1796
-1712
-1582
-1568
-1362
-1134
-685
-299
274
853
1315
1895
2275
2801
3237
3562
3772
3824
3873
3932
3793
3518
3155
2758
2377
1864
1383
875
365
-158
-527
-940
-1199
-1274
-1530
-1608
-1739
-1752
-1747
-1693
-1647
-1726
-1684
-1643
-1495
-1454
-1409
-1388
-1303
-1110
-976
-761
-531
-309
-70
117
417
767
1075
1338
1698
1989
2292
2560
2721
2814
2895
2869
2896
2823
2667
2531
2266
2112
1818
1632
1328
1082
835
635
387
163
6
-153
-370
-586
-750
-858
-1158
-1351
-1530
-1816
-1943
-2090
-2161
-2182
-2199
-2134
-1974
-1769
-1563
-1270
-1060
-762
-406
-79
303
610
931
1216
1387
1635
1742
1785
1745
1667
1517
1309
1175
744
540
182
-145
-485
-846
-1081
-1364
-1635
-1900
-2019
-2358
-2395
-2590
-2698
-2759
-2867
-2785
-2828
-2626
-2650
-2495
-2304
-2144
-1891
-1647
-1376
-934
-673
-166
259
640
1135
1414
1836
2167
2452
2597
2820
2887
3029
2974
2894
2816
2534
2351
2072
1880
1605
1288
949
738
387
178
-70
-442
-600
-872
-971
-1207
-1315
-1416
-1529
-1467
-1307
-1313
-1053
-982
-849
-628
-427
-167
-39
110
161
256
255
521
311
228
221
258
200
225
76
75
-38
-32
26
-111
-84
-129
-120
-202
-136
-255
-315
-490
-477
-748
-904
-912
-1164
-1235
-1521
-1631
-1808
-1926
-2072
-1939
-1864
-1718
-1374
-1128
-691
-249
326
882
1322
1938
2469
2840
3247
3596
3798
4008
3943
4052
3999
3734
3553
3158
2665
2258
1712
1224
679
131
-266
-784
-1210
-1428
-1722
-2031
-2217
-2279
-2421
-2484
-2537
-2607
-2630
-2668
-2549
-2536
-2518
-2269
-2114
-2031
-1717
-1484
-1295
-980
-512
-233
115
520
870
1232
1474
1781
2027
2166
2305
2390
2393
2389
2393
2266
2129
1948
1772
1497
1314
1207
969
858
652
587
467
349
305
207
107
-77
-111
-234
-400
-606
-809
-958
-1047
-1358
-1426
-1523
-1652
-1658
-1739
-1653
-1642
-1511
-1392
-1252
-918
-730
-451
-213
32
262
424
559
729
807
782
772
712
622
447
353
221
92
-26
-162
-311
-430
-503
-700
-879
-1042
-1157
-1257
-1381
-1496
-1584
-1616
-1744
-1676
-1821
-1785
-1716
-1739
-1613
-1458
-1264
-1139
-849
-742
-413
-205
146
425
699
949
1245
1540
1686
1877
2042
2160
2120
2137
2126
2025
1949
1732
1521
1372
1158
939
807
615
413
364
148
89
-55
-39
-101
-201
-199
-304
-389
-462
-548
-667
-658
-887
-844
-951
-991
-979
-953
-911
-817
-701
-576
-341
-252
-19
153
370
576
713
864
985
1121
1287
1275
1382
1444
1430
1378
1380
1328
1243
1159
1009
938
788
642
494
280
183
-102
-304
-386
-624
-714
-846
-995
-1056
-1094
-1189
-1174
-1182
-1164
-1093
-1096
-1050
-970
-913
-746
-569
-390
-227
-31
195
365
675
819
968
1159
1273
1394
1492
1563
1529
1524
1510
1397
1395
1224
1105
966
803
643
424
346
57
-83
-311
-432
-623
-737
-871
-1025
-1157
-1264
-1440
-1506
-1620
-1797
-1871
-2016
-1981
-2136
-2195
-2235
-2133
-2161
-2035
-1940
-1850
-1594
-1517
-1200
-1153
-674
-542
-362
-156
57
219
411
554
581
663
669
889
817
878
766
854
702
650
465
346
193
-61
-90
-425
-573
-764
-874
-1086
-1236
-1462
-1596
-1645
-1740
-1652
-1669
-1531
-1279
-1008
-648
-312
254
723
1284
1795
2416
2905
3282
3751
4065
4319
4424
4484
4416
4392
4158
3978
3450
3162
2678
2164
1653
995
591
-82
-497
-901
-1283
-1646
-1856
-2033
-2271
-2364
-2412
-2398
-2424
-2333
-2284
-2155
-1955
-1757
-1650
-1565
-1257
-1144
-875
-707
-534
-232
-36
171
422
594
779
904
1044
1128
1172
1174
1166
1126
950
901
822
640
482
351
172
118
-102
-201
-322
-325
-370
-465
-469
-457
-442
-465
-459
-467
-357
-347
-269
-313
-201
-179
-71
-13
31
76
197
362
441
605
580
726
843
842
903
843
820
765
673
605
533
506
263
211
-46
-151
-294
-521
-597
-810
-904
-1019
-1148
-1172
-1249
-1383
-1426
-1503
-1506
-1507
-1620
-1610
-1531
-1552
-1499
-1429
-1429
-1329
-1321
-1134
-1026
-915
-758
-536
-407
-179
5
199
364
479
655
753
876
895
1094
994
1065
999
956
871
746
821
627
535
484
473
405
326
269
256
182
137
126
45
47
-33
-10
-162
-133
-96
-249
-188
-192
-148
-112
-27
24
174
268
322
504
560
664
683
778
817
779
788
796
747
688
640
440
495
471
323
287
266
288
190
202
154
181
60
80
-4
-33
-131
-182
-232
-386
-447
-546
-630
-777
-825
-896
-920
-987
-919
-1023
-899
-852
-717
-666
-563
-342
-215
-57
104
260
312
436
562
629
628
758
806
868
935
980
1083
1015
1068
1093
1099
1056
1075
1087
954
926
870
774
758
546
502
384
329
246
161
78
-11
-97
-261
-240
-439
-417
-547
-608
-689
-740
-809
-828
-798
-898
-907
-874
-850
-926
-846
-924
-851
-947
-889
-872
-810
-727
-755
-586
-648
-415
-402
-295
-285
-176
-88
-51
140
85
313
312
356
417
355
391
386
310
302
282
230
210
133
17
26
-115
-180
-247
-368
-465
-505
-491
-549
-648
-596
-612
-652
-595
-567
-509
-429
-375
-223
-126
-27
79
135
241
304
393
429
581
549
612
627
689
677
573
556
451
379
292
410
358
244
272
177
209
143
126
102
-20
-87
-123
-263
-297
-389
-482
-654
-675
-598
-669
-687
-716
-653
-649
-583
-569
-509
-439
-393
-212
-79
-1
117
98
242
354
351
451
434
465
479
498
542
481
444
508
484
582
717
772
758
878
954
1047
1088
1132
1141
1215
1178
1315
1268
1199
1146
1130
1200
1159
1155
1058
996
961
993
856
843
658
634
606
468
500
382
326
180
92
-30
-117
-222
-412
-548
-643
-778
-935
-1071
-1241
-1355
-1414
-1548
-1643
-1743
-1769
-1806
-1820
-1859
-1888
-1883
-1856
-1765
-1735
-1681
-1543
-1408
-1321
-1190
-1080
-918
-838
-751
-570
-531
-371
-295
-100
-35
76
149
216
289
252
271
302
238
320
270
308
287
271
292
320
342
327
395
321
353
328
460
441
424
458
477
527
581
498
530
568
553
541
449
527
492
502
491
387
418
341
289
234
114
181
143
-8
-53
-198
-205
-242
-379
-478
-475
-501
-483
-487
-533
-440
-481
-351
-305
-238
-168
-188
-84
-43
50
79
47
96
80
156
115
103
50
20
-34
84
43
-22
75
-25
222
194
240
302
272
358
329
451
473
447
498
533
603
717
758
775
804
807
911
994
947
1053
1035
1068
1083
1017
1002
860
903
743
673
635
561
488
362
365
280
231
143
148
32
23
18
-30
-53
-215
-113
-290
-241
-307
-368
-408
-563
-520
-699
-745
-865
-875
-963
-1001
-997
-1050
-983
-1020
-1009
-985
-964
-916
-942
-864
-932
-843
-831
-826
-806
-846
-755
-816
-822
-829
-799
-867
-855
-753
-786
-662
-541
-514
-407
-314
-159
-123
-53
-32
93
35
55
70
45
99
183
207
231
236
304
238
402
330
385
461
362
458
428
529
436
485
427
453
417
354
380
259
268
209
145
99
70
-1
25
17
-31
27
-25
65
112
141
219
208
239
295
265
288
300
291
354
353
436
408
407
367
319
392
309
306
283
310
275
271
274
143
220
71
18
54
-15
-38
-49
-75
-88
-97
-128
-106
-201
-166
-171
-188
-166
-120
-94
27
5
75
136
169
344
290
323
301
391
423
419
474
419
459
468
485
491
528
497
491
449
363
346
315
357
298
253
185
195
154
154
80
179
58
82
123
89
65
78
79
68
99
4
136
28
105
-46
-93
-76
-247
-300
-309
-387
-471
-429
-517
-493
-551
-585
-590
-612
-594
-635
-580
-663
-577
-615
-644
-721
-700
-736
-757
-730
-825
-794
-818
-819
-783
-809
-762
-702
-684
-705
-570
-470
-503
-418
-428
-294
-309
-206
-146
-84
-64
-35
137
89
261
299
356
411
565
512
608
632
647
716
681
717
728
692
657
624
451
457
358
313
220
153
108
0
-5
-67
-73
-154
-170
-141
-154
-202
-288
-268
-320
-364
-383
-371
-398
-351
-407
-370
-388
-449
-412
-493
-421
-369
-333
-357
-267
-215
-148
-135
-116
-39
-31
32
56
125
106
223
207
273
307
270
324
324
350
349
380
360
424
442
466
491
472
519
505
519
518
561
613
610
627
656
699
667
715
641
721
656
636
636
582
617
509
598
531
505
475
549
370
524
423
404
365
297
339
194
315
112
30
26
-32
15
-101
-139
-218
-270
-244
-254
-162
-166
-152
-208
-105
-78
-102
-136
-104
-200
-261
-333
-502
-564
-660
-820
-990
-975
-1020
-1271
-1355
-1255
-1330
-1283
-1227
-1190
-1089
-876
-732
-616
-405
-187
-100
-29
291
295
358
515
501
413
395
479
215
59
46
24
-127
-242
-302
-456
-461
-405
-564
-623
-593
-555
-428
-387
-286
-146
-6
131
166
307
433
451
384
546
464
426
290
264
115
-76
-101
-298
-383
-509
-534
-610
-538
-733
-716
-740
-677
-641
-612
-562
-430
-295
-173
9
-9
200
292
356
417
543
618
659
691
616
659
646
511
448
362
283
223
157
116
78
-8
75
50
-59
44
24
151
164
219
253
290
378
375
457
514
582
641
610
670
731
708
693
686
610
664
609
511
455
374
430
310
263
227
171
199
141
200
188
200
250
237
312
323
344
341
367
378
378
364
336
237
168
168
17
11
-211
-201
-302
-309
-399
-478
-415
-478
-344
-362
-360
-277
-201
-124
-46
5
35
44
141
67
60
73
-11
-26
-115
-88
-124
-148
-191
-290
-260
-306
-365
-463
-553
-579
-566
-518
-629
-593
-579
-494
-491
-492
-472
-436
-468
-397
-310
-328
-238
-282
-278
-167
-149
-175
-208
-160
-133
-164
-188
-289
-194
-346
-319
-364
-398
-455
-463
-424
-442
-376
-409
-382
-400
-404
-378
-357
-406
-377
-348
-456
-423
-349
-451
-409
-503
-424
-499
-457
-422
-499
-394
-393
-317
-263
-249
-179
-72
-76
43
114
167
291
336
444
492
505
556
446
519
494
415
438
423
470
446
540
531
570
639
635
784
761
739
785
793
842
802
782
763
834
829
808
796
776
827
806
737
713
699
613
573
539
508
455
453
456
395
452
393
439
346
355
338
339
291
279
311
329
327
243
273
252
219
147
183
92
24
12
-22
-95
-86
-202
-250
-315
-396
-380
-506
-536
-614
-698
-640
-730
-669
-706
-711
-672
-630
-648
-624
-624
-546
-444
-409
-337
-277
-234
-90
-161
-19
-6
6
38
95
98
160
161
103
188
79
169
71
29
39
-86
-4
-117
-165
-152
-237
-205
-287
-216
-278
-272
-248
-342
-339
-342
-361
-377
-396
-513
-349
-397
-427
-354
-431
-354
-393
-385
-397
-355
-381
-363
-441
-465
-414
-436
-374
-427
-333
-311
-344
-264
-316
-320
-232
-241
-238
-230
-122
-194
-150
-67
-112
-75
-91
-87
-27
-100
-154
-88
-146
-120
-99
-70
-38
-44
-34
-55
-32
-79
1
37
73
160
243
290
330
359
369
395
363
421
440
456
506
506
514
438
560
498
557
563
578
573
573
576
557
573
499
547
483
584
550
583
628
612
569
567
554
526
532
465
469
419
415
400
332
298
316
293
283
255
246
172
192
129
78
100
57
61
86
99
135
147
131
86
97
82
-57
10
-136
-121
-87
-118
-194
-202
-180
-204
-215
-267
-289
-244
-304
-272
-289
-273
-159
-256
-143
-130
-157
-101
-98
-91
-64
-81
8
-33
73
-3
57
71
-37
27
-108
-23
-100
-81
-202
-179
-113
-125
-119
-142
-97
-107
-177
-230
-187
-307
-299
-402
-449
-377
-481
-386
-478
-512
-434
-522
-568
-565
-634
-693
-638
-630
-595
-679
-599
-540
-495
-511
-474
-400
-382
-351
-344
-355
-251
-255
-236
-198
-212
-149
-117
-151
-152
-91
-139
-176
-181
-178
-163
-186
-175
-171
-77
-133
-66
-35
-44
89
79
161
119
276
301
347
428
369
431
375
423
417
470
478
447
454
435
364
352
269
252
300
290
304
309
275
290
329
275
321
262
266
218
245
238
186
178
97
88
135
96
76
98
134
150
143
222
235
262
249
214
185
125
193
164
134
201
237
217
267
293
314
287
332
325
360
364
329
339
309
434
363
428
327
358
387
335
369
351
342
299
307
298
231
327
206
232
287
138
186
126
70
21
74
-7
-58
-11
-171
-64
-147
-108
-163
-98
-147
-168
-72
-154
-174
-292
-247
-266
-302
-310
-337
-319
-362
-371
-455
-398
-453
-480
-436
-565
-494
-540
-562
-614
-571
-569
-634
-630
-677
-596
-625
-615
-605
-617
-555
-609
-539
-587
-678
-722
-668
-604
-669
-594
-706
-583
-554
-493
-441
-493
-429
-455
-375
-380
-348
-329
-234
-286
-183
-92
-114
-86
-53
43
59
101
125
126
150
207
265
288
265
306
261
341
362
440
457
487
534
481
572
553
465
486
498
412
494
518
492
496
511
419
523
480
444
450
446
460
426
368
379
413
271
224
274
284
209
270
269
218
201
244
261
164
157
159
168
97
169
180
158
124
157
192
150
183
196
192
102
162
95
178
62
115
185
142
184
156
169
131
161
158
183
238
209
327
292
328
344
335
313
193
340
239
300
293
265
260
169
203
85
136
82
44
38
-49
-82
-87
-136
-199
-158
-298
-263
-286
-348
-267
-388
-388
-380
-407
-422
-428
-492
-540
-498
-590
-498
-615
-574
-581
-610
-543
-619
-566
-561
-498
-492
-484
-484
-513
-483
-506
-512
-494
-529
-464
-526
-466
-450
-457
-475
-514
-512
-516
-512
-464
-453
-409
-354
-355
-331
-313
-232
-241
-156
-142
-42
-16
-25
27
89
63
97
142
164
161
230
294
302
338
297
325
343
371
328
275
268
272
328
270
329
331
294
310
250
316
256
274
295
227
358
287
311
329
296
198
192
194
130
147
117
127
85
102
131
94
146
113
144
153
213
230
231
217
238
250
246
265
336
249
288
302
300
342
305
368
297
313
274
294
324
338
313
268
309
317
252
248
236
192
261
200
286
284
332
377
290
246
295
323
322
295
255
257
249
204
198
193
133
121
91
118
143
97
27
16
-8
-15
-8
-25
-68
-77
-121
-163
-148
-282
-288
-320
-309
-354
-367
-337
-330
-322
-318
-275
-319
-319
-405
-384
-403
-405
-469
-492
-479
-517
-456
-492
-421
-514
-487
-620
-502
-541
-609
-538
-580
-556
-515
-569
-435
-477
-471
-396
-393
-273
-337
-337
-329
-271
-276
-253
-228
-218
-206
-240
-199
-188
-264
-272
-178
-187
-200
-108
-106
-144
-167
-76
-93
-83
-7
-24
-29
23
-25
102
21
125
71
102
105
124
202
106
236
129
131
76
123
81
98
93
66
130
57
214
147
223
233
200
303
164
248
228
241
293
244
290
338
342
371
261
324
287
273
256
247
255
259
235
138
306
198
240
244
256
305
329
258
237
265
331
329
326
336
344
341
316
306
327
332
356
356
457
401
378
395
274
381
241
290
240
267
347
312
392
335
455
414
462
468
445
378
365
323
343
242
199
181
152
163
161
157
3
31
69
-21
12
-65
-132
-209
-208
-272
-316
-310
-385
-308
-380
-359
-435
-378
-446
-455
-432
-461
-457
-513
-523
-544
-601
-617
-655
-611
-688
-610
-560
-627
-478
-603
-547
-533
-544
-459
-530
-495
-412
-438
-452
-342
-402
-361
-451
-347
-369
-407
-342
-359
-337
-406
-319
-335
-259
-301
-169
-224
-121
-34
-132
18
-61
4
-31
-4
17
61
87
49
78
16
156
112
116
83
88
67
94
44
12
60
-26
128
-62
81
145
78
127
86
157
135
175
75
125
52
76
58
110
87
78
149
142
116
169
117
120
160
135
160
178
98
187
216
264
269
304
282
353
412
334
403
322
320
243
346
285
334
322
264
361
346
388
363
311
426
376
387
376
371
413
359
427
401
415
422
473
366
388
393
214
237
225
204
179
243
206
147
251
97
128
115
84
-2
41
23
-19
-12
-72
-79
-35
-53
-57
-42
-90
-53
-120
-81
-110
-168
-188
-178
-271
-146
-199
-180
-175
-205
-199
-204
-209
-263
-201
-343
-236
-273
-380
-313
-327
-296
-321
-393
-311
-382
-312
-325
-426
-321
-291
-339
-375
-327
-430
-384
-395
-349
-438
-347
-309
-316
-324
-352
-329
-390
-325
-369
-242
-355
-237
-313
-291
-285
-289
-251
-315
-220
-249
-284
-198
-254
-184
-157
-217
-129
-96
-189
-98
-86
-46
-86
-70
67
-11
-6
-10
-6
10
-13
-67
-61
-54
-4
0
-18
40
-1
69
-8
55
63
98
105
85
232
153
294
186
285
265
227
319
262
339
247
377
365
332
396
375
463
366
463
390
472
515
364
448
390
366
428
383
371
395
458
377
403
455
440
464
440
497
434
405
365
292
323
331
347
339
290
280
305
290
246
261
178
244
190
202
172
174
129
117
109
49
82
86
4
40
-10
-38
-60
-74
-97
-114
-132
-155
-73
-230
-160
-191
-180
-117
-132
-100
-86
-79
-76
-99
-214
-141
-149
-232
-254
-234
-247
-214
-224
-301
-236
-264
-351
-289
-349
-395
-345
-390
-345
-345
-348
-382
-344
-373
-325
-365
-433
-360
-477
-400
-451
-429
-461
-457
-417
-379
-419
-299
-301
-259
-300
-181
-205
-284
-256
-274
-219
-258
-166
-237
-228
-130
-90
-196
-170
-128
-202
-192
-183
-179
-214
-273
-191
-271
-215
-198
-249
-162
-186
-150
-157
-137
-143
-185
-84
-69
-56
-82
-27
13
33
0
69
36
83
116
99
152
116
172
188
179
153
251
291
235
307
318
337
349
416
554
436
563
523
602
613
582
624
523
661
533
616
564
577
592
484
563
535
547
509
546
526
529
578
527
606
611
529
561
543
581
466
426
412
360
282
209
296
162
235
180
108
259
93
90
34
61
47
0
20
-51
-10
-133
-52
-139
-83
-111
-110
-101
-134
-130
-160
-88
-160
-108
-248
-199
-250
-262
-314
-385
-309
-378
-303
-331
-400
-374
-268
-389
-386
-367
-412
-365
-441
-406
-447
-416
-501
-465
-525
-477
-488
-556
-513
-507
-484
-476
-540
-551
-462
-512
-429
-409
-458
-402
-436
-375
-372
-313
-255
-283
-286
-246
-162
-233
-266
-270
-314
-248
-272
-293
-247
-246
-306
-295
-229
-210
-223
-231
-177
-127
-199
-121
-164
-172
-141
-132
-71
-102
11
-70
-62
-125
-95
-58
-111
-8
-119
14
20
64
82
164
204
249
196
346
352
315
384
280
369
356
334
384
362
427
454
503
474
491
435
432
531
463
561
413
537
504
530
558
446
485
437
445
426
468
440
477
493
455
534
443
493
432
384
421
335
352
356
342
338
389
358
365
346
301
339
330
247
205
228
218
227
228
255
161
202
214
230
145
116
42
35
-30
58
-3
-21
25
-73
-16
-90
-98
-148
-184
-199
-243
-231
-217
-270
-207
-234
-299
-245
-240
-264
-332
-268
-378
-325
-386
-449
-394
-429
-367
-428
-428
-364
-370
-319
-269
-317
-285
-241
-218
-196
-285
-339
-280
-321
-353
-386
-351
-458
-361
-375
-370
-284
-351
-321
-341
-283
-399
-334
-356
-507
-339
-441
-342
-445
-384
-359
-364
-384
-367
-275
-441
-312
-373
-333
-319
-277
-263
-265
-177
-239
-189
-171
-216
-136
-160
-154
-68
-102
-60
-60
-101
-29
9
-69
-8
95
140
160
135
241
237
222
248
202
197
271
249
214
238
238
279
244
229
221
229
282
345
327
397
370
336
292
381
423
359
350
369
386
323
309
333
284
263
282
360
406
396
362
363
420
394
414
355
388
327
366
363
336
376
382
352
396
373
410
320
321
271
283
266
259
302
290
304
239
277
252
242
160
234
203
98
149
73
111
83
65
15
117
21
50
68
29
32
-104
-58
-79
-64
-162
-124
-117
-116
-94
-187
-168
-165
-147
-186
-219
-126
-127
-187
-87
-94
-111
-116
-93
-103
-167
-211
-236
-223
-254
-288
-251
-298
-260
-316
-225
-261
-309
-272
-327
-245
-324
-333
-313
-313
-339
-330
-320
-325
-313
-348
-292
-347
-315
-286
-327
-365
-323
-366
-347
-381
-426
-331
-411
-375
-351
-401
-326
-402
-334
-272
-453
-334
-388
-387
-408
-362
-285
-372
-306
-274
-293
-220
-268
-249
-298
-226
-254
-227
-184
-209
-106
-161
-105
-97
-21
-13
-44
52
92
107
95
169
143
116
157
169
230
178
152
204
194
212
194
178
250
238
206
299
296
353
257
371
360
335
439
304
375
364
396
338
363
413
413
422
345
466
376
337
398
370
337
296
411
399
415
437
471
491
448
479
461
465
439
440
408
409
416
405
385
395
387
378
425
457
425
413
438
456
455
475
335
330
310
235
252
233
224
214
216
202
119
162
18
22
-25
4
4
-22
13
-78
-3
-111
-114
-217
-99
-188
-136
-213
-233
-236
-348
-237
-294
-280
-264
-323
-306
-329
-305
-338
-395
-343
-433
-323
-430
-383
-440
-465
-475
-467
-392
-485
-419
-382
-363
-430
-347
-398
-416
-357
-497
-384
-439
-462
-423
-482
-442
-506
-441
-478
-507
-372
-506
-499
-494
-396
-482
-400
-404
-417
-319
-373
-323
-468
-321
-358
-282
-229
-265
-163
-237
-129
-126
-183
-188
-185
-163
-140
-153
-154
-67
-52
-51
-46
-10
64
-19
89
130
49
80
163
85
128
145
114
165
183
152
244
264
269
338
289
351
356
415
281
455
445
380
414
469
507
461
460
433
453
548
471
502
557
490
473
519
469
422
523
408
539
371
387
450
461
402
404
438
398
391
358
361
262
419
427
395
455
446
472
410
460
380
309
366
304
371
271
285
162
184
199
172
167
20
175
30
49
9
30
-5
-24
-64
-111
-43
-90
-45
-165
-193
-184
-187
-231
-282
-265
-305
-248
-269
-267
-251
-317
-347
-336
-299
-351
-309
-313
-343
-338
-299
-330
-355
-331
-385
-413
-393
-389
-444
-408
-481
-486
-453
-418
-464
-422
-467
-353
-374
-438
-464
-406
-458
-409
-411
-461
-395
-434
-304
-397
-298
-398
-411
-334
-392
-345
-374
-280
-429
-372
-323
-335
-316
-324
-336
-262
-255
-300
-228
-267
-237
-186
-142
-132
-37
-21
82
18
112
69
122
198
49
217
92
144
197
125
210
227
236
151
264
275
242
229
210
289
280
263
287
376
346
339
362
355
411
271
289
300
262
283
282
304
345
402
367
358
411
430
389
433
390
429
404
346
342
361
343
320
372
307
342
301
314
325
282
279
301
326
276
268
231
239
243
154
189
153
105
133
61
161
71
118
104
91
164
50
69
46
91
-16
12
-1
-39
-12
-96
14
-107
-117
-143
-58
-121
-131
-89
-133
-111
-138
-49
-82
-64
-97
-58
-19
-43
27
-18
-65
-122
-82
-159
-197
-194
-247
-306
-282
-274
-339
-302
-349
-360
-315
-331
-264
-219
-310
-253
-283
-286
-266
-294
-268
-256
-239
-315
-313
-244
-262
-317
-349
-329
-372
-364
-404
-268
-253
-322
-284
-298
-175
-200
-191
-223
-236
-241
-193
-145
-231
-162
-190
-170
-193
-122
-142
-197
-140
-197
-98
-184
-56
-82
-153
-70
-136
-92
-78
-182
-122
-144
-67
-52
-57
-10
-41
43
-17
25
-50
-5
-4
51
40
51
45
1
159
74
40
123
130
122
203
140
282
260
275
279
340
357
288
443
290
336
331
349
308
354
251
237
351
216
326
213
264
275
313
253
312
312
265
341
376
397
377
408
357
304
291
269
200
243
193
128
228
85
209
216
94
211
147
165
165
142
159
140
127
106
161
128
115
145
124
147
131
208
190
190
158
188
158
137
100
158
152
176
173
135
155
56
55
-34
-16
-86
-66
-102
-134
-142
-196
-167
-189
-237
-182
-218
-208
-222
-222
-310
-264
-225
-240
-298
-353
-332
-319
-297
-380
-288
-281
-348
-223
-321
-268
-280
-327
-319
-261
-319
-315
-279
-376
-263
-347
-343
-318
-398
-379
-386
-453
-386
-400
-417
-442
-386
-343
-390
-356
-326
-343
-305
-319
-308
-313
-259
-268
-247
-237
-223
-217
-150
-188
-117
-90
-134
-55
-53
-66
-57
-19
-142
-80
-43
-33
-34
-99
0
-53
-4
1
106
76
63
133
103
151
146
128
162
183
160
194
225
207
249
254
216
172
233
267
246
320
304
258
316
318
290
351
316
325
366
330
396
289
338
294
318
329
409
366
374
450
429
432
399
420
400
398
509
501
481
466
466
482
431
525
476
447
444
508
436
455
430
408
415
394
318
324
317
283
313
258
230
251
257
153
153
185
47
127
54
93
20
38
37
38
-53
-81
-99
-113
-140
-247
-224
-363
-310
-326
-350
-363
-380
-277
-387
-355
-343
-330
-392
-444
-421
-482
-425
-483
-475
-487
-434
-475
-430
-453
-481
-432
-435
-476
-370
-489
-350
-412
-431
-346
-414
-412
-489
-396
-445
-401
-434
-424
-470
-481
-458
-458
-526
-423
-479
-536
-457
-506
-524
-454
-528
-385
-395
-454
-293
-409
-261
-298
-216
-311
-188
-184
-156
-79
-112
24
-72
51
14
22
53
11
52
29
49
2
70
69
46
152
248
202
290
280
372
335
356
443
401
445
427
425
491
460
468
543
406
422
413
500
382
477
447
483
450
413
476
448
451
384
479
456
463
426
431
474
441
465
463
460
463
435
404
487
425
423
485
400
499
484
464
471
440
481
442
447
460
429
387
320
301
270
245
137
197
66
37
40
64
-3
-30
29
-30
35
-53
-47
-73
-72
-125
-133
-93
-177
-90
-150
-61
-157
-105
-185
-189
-132
-275
-213
-274
-207
-216
-203
-250
-272
-261
-409
-345
-372
-412
-422
-465
-376
-397
-302
-327
-377
-343
-359
-266
-425
-357
-423
-392
-382
-451
-454
-461
-373
-524
-414
-550
-466
-487
-486
-450
-476
-380
-452
-339
-359
-329
-393
-363
-332
-379
-357
-401
-362
-360
-362
-363
-349
-286
-356
-357
-355
-314
-284
-241
-208
-276
-217
-226
-134
-198
-221
-196
-176
-174
-121
-46
-44
-10
7
-37
75
-11
50
-1
87
160
197
200
253
320
251
241
180
312
228
287
198
303
250
369
440
410
507
454
542
476
575
506
484
497
432
511
481
452
453
394
329
333
340
358
318
320
377
367
381
371
429
407
342
331
257
397
266
270
205
300
186
251
195
183
237
144
163
141
279
130
222
237
255
312
335
313
357
282
184
238
217
222
163
112
139
181
131
70
103
115
55
98
-2
71
14
25
-28
-25
19
-47
-14
-72
-34
-124
-119
-191
-135
-155
-181
-228
-292
-254
-311
-315
-331
-340
-320
-396
-430
-359
-454
-458
-516
-479
-525
-527
-432
-459
-497
-453
-431
-339
-341
-350
-256
-319
-262
-184
-207
-220
-205
-218
-235
-184
-168
-247
-208
-267
-340
-331
-326
-337
-403
-318
-416
-372
-285
-334
-257
-282
-260
-242
-280
-196
-219
-228
-255
-192
-221
-188
-142
-162
-131
-92
-102
-107
-40
-81
-42
-92
-24
-12
44
23
54
33
40
-16
87
84
41
145
77
134
71
179
112
141
143
251
207
329
293
269
350
231
285
209
264
213
264
282
253
378
368
408
412
467
445
483
497
484
424
450
461
501
461
378
387
391
426
338
399
439
409
378
393
454
418
407
389
429
428
447
403
395
347
289
224
171
153
174
92
92
79
59
56
37
64
-11
8
14
30
14
88
119
42
103
67
92
122
71
151
11
27
-4
-16
32
-59
-57
-99
-104
-70
-68
-178
-107
-124
-117
-113
-130
-187
-226
-177
-164
-263
-258
-335
-311
-284
-366
-362
-363
-351
-361
-345
-439
-347
-402
-420
-387
-383
-397
-420
-443
-443
-391
-465
-499
-496
-444
-573
-483
-442
-504
-412
-484
-416
-480
-442
-467
-483
-486
-444
-481
-450
-469
-476
-404
-402
-370
-355
-280
-303
-325
-238
-197
-227
-161
-241
-197
-150
-197
-143
-264
-202
-253
-156
-155
-125
-32
-104
6
-34
34
43
97
94
105
183
170
226
159
157
268
196
268
220
294
305
351
330
251
295
348
416
280
332
380
362
433
388
408
449
482
518
453
561
543
508
504
524
437
442
462
470
551
533
588
587
534
558
538
517
493
435
481
487
514
553
455
485
498
385
398
344
313
339
320
318
294
220
215
223
193
174
87
110
121
151
162
94
44
8
-13
33
-17
6
-47
-37
-49
-71
-43
-61
-79
-123
-63
-95
-90
-119
-150
-186
-209
-236
-322
-263
-366
-341
-317
-379
-381
-376
-298
-378
-337
-415
-389
-411
-494
-456
-511
-430
-508
-427
-383
-519
-445
-544
-560
-582
-550
-546
-503
-537
-520
-482
-504
-466
-474
-450
-437
-426
-311
-370
-287
-294
-286
-321
-339
-304
-327
-300
-301
-331
-235
-284
-185
-200
-181
-78
-149
-46
-51
-29
-2
-32
-67
62
-42
49
32
17
14
-120
-22
-28
94
18
40
118
32
81
98
83
60
61
97
97
176
93
195
209
139
175
171
161
213
