22
24
25
25
24
26
28
26
21
19
21
23
23
22
21
23
23
21
21
22
23
22
21
23
23
22
21
23
23
22
22
22
23
23
21
22
22
22
19
14
12
11
12
12
13
11
11
12
12
11
12
12
12
12
12
12
12
12
12
12
12
11
11
9
5
1
2
5
7
6
3
4
6
6
3
5
5
4
4
4
5
5
4
4
6
5
4
4
5
5
4
4
4
5
4
5
6
5
4
4
5
5
4
3
5
9
13
15
15
14
12
13
14
15
14
13
12
13
14
14
13
13
14
14
14
14
14
13
14
14
14
14
13
13
14
14
14
14
13
14
13
12
14
13
13
13
13
13
14
13
13
14
14
14
14
14
13
14
13
13
14
13
14
15
15
15
15
13
12
13
15
15
13
14
13
13
13
13
13
13
13
13
13
13
13
12
14
13
13
13
13
14
13
13
14
13
13
13
14
13
13
11
11
8
4
2
4
6
5
4
3
3
1
-2
-5
-2
2
5
4
4
4
5
4
3
4
5
6
8
11
16
16
14
10
7
4
3
7
12
16
16
14
13
14
14
14
14
14
13
14
13
15
15
14
13
15
14
14
14
16
15
13
14
15
15
14
17
21
25
23
17
11
12
15
16
15
13
15
18
23
26
25
24
23
24
24
25
25
24
23
25
24
24
24
24
25
25
25
25
25
24
25
24
25
25
24
25
25
25
24
24
25
25
25
25
25
25
24
24
25
24
24
24
24
24
25
25
25
24
24
25
24
25
25
24
24
24
24
24
25
24
24
24
24
24
24
25
25
25
25
25
24
24
25
25
24
24
23
26
23
19
13
11
12
16
16
15
14
14
14
14
14
14
14
14
14
14
14
14
13
14
15
14
14
15
13
14
13
13
14
14
14
14
14
14
14
14
14
14
13
15
14
15
14
14
14
14
14
13
15
15
18
22
25
27
25
23
24
26
25
23
24
25
25
24
23
24
24
25
24
24
26
25
24
24
25
26
28
32
33
30
24
23
26
28
27
25
25
27
26
26
25
26
26
25
25
26
27
26
26
26
27
26
27
25
26
26
25
26
26
26
27
26
26
26
26
26
26
26
27
26
26
26
26
26
25
25
25
23
20
15
14
14
15
16
15
14
15
16
15
14
15
16
15
15
15
16
16
15
15
15
15
15
15
15
15
15
16
15
15
15
15
15
15
15
15
15
15
15
15
15
15
14
15
15
15
15
15
15
14
15
15
14
15
15
15
15
15
15
15
15
15
15
15
15
15
15
15
15
15
15
15
15
16
17
20
23
27
26
26
26
26
26
26
26
26
26
26
25
27
26
26
25
26
26
26
26
26
26
26
26
26
27
26
25
24
25
24
25
25
25
25
26
26
26
26
27
26
25
26
26
26
27
26
25
25
26
26
26
26
26
26
26
25
26
25
26
27
26
26
26
26
27
26
26
26
26
26
25
25
26
26
26
26
25
26
27
26
27
26
26
26
26
26
26
25
26
25
26
26
26
26
26
26
26
26
25
26
24
22
19
15
13
14
17
21
25
25
22
16
12
13
15
16
15
14
16
16
15
14
15
16
15
14
16
16
16
14
15
16
16
14
15
16
15
14
14
16
15
14
15
16
15
14
15
16
14
14
15
15
15
14
15
16
15
14
15
16
15
15
15
16
16
14
15
16
15
14
16
16
15
15
15
16
15
14
15
17
17
18
22
27
29
27
24
25
25
21
14
12
15
16
16
14
16
16
15
15
15
14
15
15
15
15
15
15
16
15
15
14
15
15
15
15
14
15
16
15
15
15
15
15
14
15
15
15
15
15
15
15
16
15
15
15
15
15
14
15
15
15
15
15
16
15
15
15
15
15
15
15
16
15
14
15
16
21
23
26
27
26
25
26
26
26
26
26
26
25
27
26
26
26
27
26
25
26
27
27
26
25
26
26
27
26
26
26
26
26
25
26
26
26
26
27
26
26
25
24
24
20
15
13
14
16
17
15
14
15
15
14
14
15
15
16
15
15
15
15
15
15
16
15
15
14
15
15
16
15
15
15
15
15
16
15
15
14
15
15
15
15
15
15
15
15
15
15
15
15
15
15
15
13
8
5
3
5
6
5
4
4
4
5
4
4
5
5
4
5
5
5
4
4
5
4
4
4
5
4
4
5
5
5
4
5
5
5
5
4
5
5
5
4
4
4
5
5
4
4
4
4
5
4
4
4
5
5
4
5
5
5
5
5
5
5
4
5
4
5
5
4
5
5
6
10
15
16
15
14
15
16
14
14
14
16
14
15
15
15
15
15
15
16
15
15
15
16
15
15
15
15
15
14
15
15
15
15
15
15
14
15
15
16
15
15
15
15
15
15
15
14
15
15
16
16
15
14
15
15
15
15
15
16
15
15
14
15
16
15
15
15
15
15
15
15
15
15
15
15
15
15
14
16
15
15
15
16
15
15
15
15
15
15
16
16
16
16
15
15
14
15
15
15
15
15
15
16
15
15
15
16
15
15
16
15
15
15
15
16
15
15
16
15
15
15
15
16
15
15
14
15
15
15
16
15
15
14
15
15
14
15
15
15
15
15
15
15
15
15
15
16
15
15
16
16
15
14
15
12
6
1
3
6
7
4
3
5
7
5
3
3
5
5
4
5
5
6
4
5
5
5
5
4
5
4
5
3
4
4
2
0
-2
0
4
6
6
9
14
16
16
13
13
14
16
14
13
14
15
14
14
14
15
14
14
13
15
14
14
14
15
14
14
14
14
13
14
14
14
15
14
14
14
14
14
14
14
14
14
14
14
14
14
15
14
14
14
14
15
14
14
14
14
14
14
14
14
13
14
14
14
14
14
14
14
14
14
14
14
15
14
14
14
14
13
14
14
15
14
14
14
14
14
14
15
17
22
25
27
25
22
23
26
25
24
23
25
25
24
24
24
24
19
14
10
13
16
16
15
14
14
14
14
14
14
14
14
14
13
14
14
14
13
14
13
14
13
14
14
14
14
15
14
14
14
14
13
15
14
14
14
14
14
15
14
14
14
14
14
14
15
14
14
14
14
13
14
13
14
14
14
14
14
14
14
14
14
14
14
14
14
14
14
14
14
15
14
15
15
14
15
14
14
14
14
14
15
14
15
14
14
14
15
14
14
14
14
14
14
14
15
17
21
25
27
24
22
24
25
26
25
23
25
26
24
23
25
25
25
24
25
25
25
23
24
25
25
24
23
26
28
29
31
30
26
23
24
27
27
25
23
22
18
13
11
15
17
17
12
13
16
17
14
13
15
16
14
14
15
17
15
14
15
16
15
14
18
23
26
25
24
22
18
14
14
22
30
28
14
-3
-5
9
25
27
13
-2
-5
6
18
23
21
18
14
12
10
11
18
25
27
20
8
2
3
10
15
14
12
8
1
-3
3
13
20
18
8
2
5
16
24
24
18
12
11
14
16
16
12
9
6
4
-1
-2
-2
0
3
5
4
1
1
3
10
16
19
17
16
18
24
29
32
31
30
25
20
18
20
25
25
18
12
12
14
12
6
3
3
6
3
0
2
12
21
23
20
17
19
27
34
35
32
28
25
27
29
32
28
18
7
-1
-2
-2
-2
-1
-1
-2
-8
-13
-6
16
33
31
19
18
36
60
74
77
71
59
42
25
23
36
45
28
-15
-55
-69
-56
-42
-45
-70
-96
-107
-101
-85
-70
-62
-59
-57
-59
-55
-38
-12
17
30
25
9
3
11
35
59
70
59
34
14
14
34
51
50
36
20
12
13
30
69
124
170
183
158
118
99
131
206
275
269
165
20
-54
-4
110
170
114
-14
-119
-155
-140
-110
-80
-57
-70
-141
-232
-266
-193
-62
17
-10
-98
-155
-134
-64
3
42
44
11
-52
-102
-80
21
129
149
64
-42
-78
-27
40
60
27
-25
-77
-123
-147
-126
-71
-35
-66
-149
-217
-221
-166
-94
-40
-11
-4
-17
-20
17
110
223
299
319
314
331
379
425
440
424
396
364
320
260
190
115
39
-41
-118
-182
-238
-303
-381
-452
-491
-499
-501
-511
-519
-514
-499
-487
-465
-406
-313
-219
-167
-156
-159
-145
-108
-49
11
40
19
-42
-105
-135
-128
-104
-86
-91
-126
-186
-250
-300
-323
-315
-248
-108
107
372
652
898
1047
1055
964
904
1018
1310
1612
1668
1349
815
435
480
831
1056
821
226
-316
-518
-456
-387
-434
-549
-700
-938
-1226
-1353
-1139
-700
-397
-459
-742
-906
-780
-486
-197
37
224
274
106
-138
-124
283
782
923
614
217
121
326
536
546
403
234
65
-117
-249
-256
-189
-207
-391
-640
-796
-812
-763
-727
-685
-598
-504
-499
-591
-623
-434
-60
259
320
177
75
186
453
700
814
808
757
718
728
797
889
919
822
626
443
358
345
295
150
-40
-194
-301
-412
-546
-649
-674
-662
-705
-823
-937
-949
-848
-712
-628
-612
-615
-568
-446
-277
-129
-53
-47
-54
-8
110
256
345
337
268
208
189
187
168
133
90
24
-90
-229
-325
-332
-285
-278
-383
-594
-826
-983
-1015
-944
-831
-714
-578
-366
-26
423
896
1286
1533
1655
1721
1809
1968
2202
2441
2531
2312
1792
1226
958
1087
1306
1154
490
-347
-875
-970
-925
-1045
-1311
-1519
-1640
-1823
-2076
-2121
-1746
-1173
-874
-1018
-1269
-1191
-738
-215
140
346
495
555
494
461
684
1163
1581
1595
1213
797
701
920
1136
1064
723
338
65
-126
-292
-406
-453
-551
-829
-1212
-1448
-1397
-1208
-1112
-1134
-1134
-1041
-941
-862
-689
-324
97
318
274
186
325
712
1150
1441
1559
1586
1571
1498
1362
1231
1195
1254
1263
1041
539
-55
-444
-476
-319
-330
-721
-1331
-1765
-1772
-1476
-1230
-1256
-1463
-1609
-1549
-1321
-1026
-720
-424
-199
-105
-115
-92
90
424
751
884
764
510
339
375
548
656
543
226
-128
-350
-387
-330
-334
-516
-863
-1232
-1461
-1494
-1405
-1309
-1237
-1110
-816
-306
359
1034
1566
1855
1917
1876
1927
2234
2806
3384
3528
2953
1912
1155
1304
2134
2647
1999
431
-933
-1246
-753
-382
-663
-1321
-1858
-2193
-2495
-2677
-2406
-1698
-1125
-1211
-1763
-2059
-1677
-902
-266
61
256
402
370
200
284
938
1869
2337
1933
1087
650
1008
1716
2000
1560
771
190
7
1
-82
-279
-528
-843
-1254
-1640
-1785
-1668
-1522
-1546
-1650
-1613
-1425
-1278
-1223
-1025
-498
128
412
269
144
506
1288
1948
2065
1747
1441
1456
1737
2008
2028
1732
1236
767
515
475
432
171
-312
-818
-1168
-1360
-1488
-1585
-1622
-1627
-1699
-1875
-2016
-1923
-1568
-1149
-896
-859
-906
-866
-649
-272
145
412
397
190
76
255
612
842
778
534
319
212
159
96
-9
-199
-523
-936
-1307
-1531
-1604
-1561
-1377
-961
-285
529
1245
1646
1679
1498
1395
1653
2379
3391
4187
4165
3082
1468
467
944
2530
3670
2968
645
-1499
-1833
-558
584
251
-1188
-2418
-2814
-2808
-2807
-2491
-1583
-735
-939
-2136
-3039
-2601
-1178
55
470
325
25
-340
-572
-152
1117
2483
2777
1700
283
-116
817
2099
2506
1745
566
-116
-94
172
232
49
-226
-599
-1130
-1642
-1826
-1650
-1433
-1408
-1452
-1383
-1319
-1449
-1576
-1209
-274
590
676
83
-318
170
1308
2230
2360
1909
1503
1522
1884
2293
2493
2310
1692
873
330
346
630
572
-63
-873
-1320
-1351
-1327
-1491
-1702
-1765
-1755
-1875
-2097
-2142
-1826
-1311
-951
-932
-1105
-1150
-869
-335
185
439
353
92
-47
162
652
1070
1078
678
211
13
114
266
202
-153
-679
-1167
-1478
-1623
-1723
-1838
-1847
-1532
-761
392
1628
2471
2482
1657
664
497
1672
3654
5110
4846
2780
261
-727
796
3605
4978
3221
-443
-2889
-2265
167
1622
808
-1175
-2686
-3373
-3731
-3691
-2664
-956
-99
-1184
-3314
-4397
-3388
-1235
428
885
424
-497
-1476
-1755
-521
1958
3944
3704
1426
-721
-726
1267
3239
3448
2014
413
-192
128
618
777
587
113
-646
-1503
-2031
-2002
-1713
-1631
-1794
-1850
-1683
-1648
-1961
-2129
-1441
-41
928
560
-618
-1101
-78
1664
2678
2435
1694
1474
2008
2791
3243
3108
2420
1477
829
915
1507
1709
835
-740
-1845
-1734
-913
-578
-1289
-2411
-2934
-2634
-2176
-2131
-2290
-2120
-1642
-1426
-1748
-2104
-1819
-890
30
391
204
-162
-353
-119
597
1441
1742
1159
187
-272
112
781
985
557
-120
-676
-1051
-1342
-1632
-1983
-2380
-2606
-2306
-1248
437
2213
3265
2883
1139
-741
-1041
975
4202
6427
6010
3131
-221
-1452
674
4554
6540
4245
-664
-3770
-2489
1186
3173
1829
-1008
-3053
-4023
-4543
-4190
-2220
280
747
-1777
-5066
-6028
-4009
-1001
947
1438
915
-492
-2452
-3465
-1830
2070
5258
4852
1242
-2009
-1729
1641
4702
4735
2235
-178
-735
111
928
1047
709
141
-738
-1750
-2304
-2130
-1721
-1652
-1781
-1626
-1363
-1730
-2719
-3067
-1686
628
1724
561
-1416
-1835
-44
2302
3247
2528
1425
1110
1700
2667
3510
3806
3170
1718
432
443
1690
2672
1927
-321
-2317
-2651
-1665
-857
-1153
-2140
-2908
-3157
-3215
-3234
-2948
-2240
-1580
-1557
-2140
-2641
-2411
-1387
-59
874
860
-82
-1134
-1142
265
2084
2794
1863
268
-581
-182
819
1446
1213
270
-909
-1864
-2348
-2380
-2140
-1784
-1304
-516
748
2262
3200
2615
554
-1383
-1092
1989
5925
7662
5632
1261
-1967
-1259
2962
6965
6775
2101
-2969
-3941
-598
3004
3309
819
-1660
-2979
-4094
-5097
-4223
-869
2160
1414
-2693
-6039
-5628
-2619
22
1150
1398
795
-1268
-3707
-3568
435
5337
6513
2797
-2099
-3544
-594
3658
5580
4193
1269
-818
-1036
23
1139
1489
944
-195
-1422
-2173
-2154
-1689
-1468
-1732
-1981
-1776
-1501
-1844
-2558
-2462
-1035
545
639
-745
-1764
-894
1275
2792
2563
1344
662
1245
2603
3710
3821
2892
1580
812
1058
1866
2239
1553
97
-1267
-1887
-1748
-1320
-1090
-1280
-1864
-2672
-3417
-3681
-3144
-1991
-1021
-1017
-1953
-2906
-2911
-1834
-385
585
681
52
-763
-1072
-441
896
2082
2324
1553
440
-225
-116
512
1040
868
-192
-1713
-2910
-3180
-2439
-966
912
2799
3985
3608
1459
-1285
-2500
-726
3369
7161
7914
4860
-61
-3316
-2259
2501
6925
6767
1890
-3064
-3388
488
3721
2958
-180
-2308
-2986
-3996
-5055
-3526
831
3745
1345
-4381
-7628
-5708
-1455
1342
2097
1923
587
-2416
-4939
-3458
2100
6970
6468
1292
-3308
-3194
868
4792
5416
2910
-162
-1455
-609
995
1819
1397
219
-1031
-1886
-2097
-1730
-1237
-1046
-1139
-1299
-1652
-2435
-3156
-2712
-828
1046
1048
-866
-2606
-2127
421
2963
3658
2446
754
129
1174
3237
4802
4550
2522
285
-441
548
1826
1923
738
-704
-1583
-1941
-2116
-2093
-1688
-1155
-1170
-2068
-3289
-3795
-3067
-1624
-559
-586
-1517
-2485
-2638
-1742
-333
698
794
145
-533
-606
52
1077
1874
1957
1252
215
-468
-481
-146
-67
-580
-1529
-2393
-2494
-1270
1242
4030
5443
4315
1058
-2250
-3108
-423
4390
8102
7935
3754
-1543
-3965
-1483
3998
7720
6082
300
-4348
-3780
635
3888
3044
-262
-3053
-4618
-5529
-4924
-1543
2816
3808
-226
-5489
-6879
-3680
551
2742
2693
1140
-1767
-4921
-5416
-1498
4258
6723
3636
-1835
-4468
-2199
2418
5291
4571
1606
-964
-1599
-623
704
1413
1198
196
-1146
-2122
-2241
-1735
-1261
-1071
-889
-744
-1281
-2669
-3659
-2652
96
2165
1465
-1268
-3084
-1942
1226
3688
3724
1987
415
310
1518
3000
3750
3329
1979
497
-241
25
696
880
247
-779
-1597
-1983
-2033
-1856
-1565
-1447
-1779
-2413
-2797
-2564
-1963
-1532
-1479
-1603
-1702
-1761
-1707
-1343
-683
-129
-46
-290
-388
-122
349
830
1198
1202
602
-314
-743
-291
367
189
-934
-1932
-1599
375
3226
5482
5576
2948
-906
-2950
-1044
3893
8377
9120
5512
-5
-3522
-2347
2552
6649
5666
86
-4889
-4780
-575
2941
2815
275
-2260
-4144
-5437
-4948
-1690
2376
3461
363
-3887
-5531
-3865
-746
2101
3728
3044
-338
-4171
-4624
-538
4520
5796
2490
-1748
-3110
-1192
1714
3457
3366
1787
-385
-1786
-1335
540
1976
1510
-399
-2072
-2542
-2233
-1861
-1489
-994
-831
-1538
-2674
-3015
-2032
-609
46
-210
-570
-469
-42
491
1245
2181
2698
2251
1213
690
1324
2535
3101
2410
1028
46
-24
356
409
-87
-733
-1169
-1484
-1862
-2138
-2023
-1645
-1534
-1962
-2561
-2700
-2161
-1331
-828
-990
-1616
-2123
-1977
-1166
-215
275
123
-374
-740
-674
-221
292
526
372
-69
-708
-1454
-1955
-1665
-394
1393
3072
4412
5233
4832
2608
-467
-1846
298
4847
8361
8025
3935
-1053
-3332
-1126
3728
6639
4260
-1733
-5894
-4819
-753
1548
459
-1740
-3019
-3920
-5073
-4903
-1939
1913
2872
12
-3550
-4509
-2682
116
2601
4010
3137
-301
-3744
-3467
993
5602
6055
2369
-1652
-2755
-937
1662
3082
2526
341
-2063
-2903
-1567
548
1305
43
-1873
-2729
-2235
-1411
-1133
-1276
-1278
-1037
-971
-1289
-1546
-1067
226
1528
1784
747
-575
-664
1060
3482
4663
3643
1378
-175
152
1845
3360
3458
1988
-185
-1814
-2061
-1070
102
313
-735
-2310
-3364
-3396
-2665
-1786
-1260
-1302
-1841
-2539
-2897
-2536
-1508
-326
353
156
-729
-1589
-1629
-581
924
1771
1289
-120
-1306
-1366
-354
853
1286
536
-1015
-2453
-2917
-2220
-980
24
709
1711
3345
4719
4358
1970
-664
-1008
1859
6165
8736
7460
3041
-1219
-1777
1963
6435
6825
2060
-3604
-4995
-1712
1809
1870
-616
-2575
-3236
-4079
-5204
-4534
-1355
1580
1133
-2143
-4744
-4451
-2137
352
2157
2783
1468
-1410
-3384
-2083
1737
4665
4329
1668
-637
-978
376
2266
3432
2880
663
-1610
-1950
-158
1708
1509
-640
-2666
-2947
-1861
-940
-1028
-1671
-2039
-1960
-1859
-1952
-1867
-1162
-74
556
215
-536
-508
835
2705
3708
3222
1904
959
1096
2158
3417
3971
3168
1151
-894
-1494
-320
1250
1369
-390
-2638
-3692
-3196
-2108
-1448
-1477
-1970
-2682
-3337
-3482
-2821
-1662
-740
-561
-1020
-1638
-1952
-1651
-699
475
1091
674
-364
-1007
-617
478
1328
1215
118
-1378
-2456
-2515
-1530
-30
1427
2757
4085
4994
4500
2251
-356
-888
1813
6147
8804
7500
2913
-1703
-2882
283
4945
6499
2866
-3010
-5812
-3436
870
2462
364
-2738
-4551
-5224
-5301
-4010
-1005
1647
1295
-1812
-4541
-4479
-2133
622
2598
3141
1541
-1711
-3938
-2478
1924
5324
4750
1255
-1672
-1828
258
2672
3754
2750
176
-2136
-2304
-320
1665
1519
-659
-2842
-3323
-2235
-992
-754
-1546
-2472
-2646
-2002
-1313
-1223
-1368
-823
482
1340
721
-642
-793
1171
3867
4994
3717
1379
63
722
2629
4169
4082
2332
93
-1175
-907
168
771
201
-1226
-2619
-3271
-3079
-2464
-1974
-1914
-2234
-2683
-2959
-2796
-2132
-1293
-861
-1097
-1598
-1691
-1185
-499
-71
107
257
375
262
-72
-335
-311
-139
-166
-589
-1275
-1846
-1876
-1073
601
2834
4894
5730
4526
1613
-1156
-1463
1484
5922
8633
7386
2755
-2059
-3384
-67
4965
6736
2987
-3073
-5815
-3236
1066
2448
344
-2358
-3795
-4653
-5360
-4433
-1122
2108
1926
-1577
-4803
-4847
-2188
934
2949
3101
966
-2460
-4213
-1954
2833
5788
4332
326
-2350
-1872
566
2759
3323
1991
-478
-2412
-2297
-356
1370
1059
-975
-2767
-2893
-1765
-823
-907
-1612
-2016
-1754
-1270
-1148
-1334
-1182
-294
864
1339
739
-196
-189
1334
3508
4625
3654
1359
-203
447
2713
4433
3938
1602
-702
-1479
-799
185
477
-134
-1296
-2487
-3163
-2971
-2081
-1236
-1175
-1957
-2913
-3261
-2749
-1750
-911
-704
-1127
-1676
-1705
-1003
-15
564
444
-78
-517
-643
-495
-199
91
97
-456
-1496
-2435
-2498
-1280
964
3477
5319
5626
4018
1192
-960
-428
3112
7494
9416
7056
1785
-2581
-2644
1586
6189
6493
1628
-4216
-5875
-2606
1441
2156
-358
-3165
-4591
-5173
-5193
-3659
-559
1711
835
-2296
-4480
-3852
-1333
1329
3184
3502
1524
-1874
-3555
-1099
3789
6499
4529
113
-2564
-1712
1126
3409
3671
1870
-884
-2700
-2164
116
1757
994
-1465
-3371
-3399
-2160
-1052
-812
-1292
-2021
-2566
-2619
-2123
-1264
-255
713
1264
940
-95
-730
183
2464
4512
4767
3163
1100
218
1161
3146
4483
3852
1496
-856
-1557
-574
688
904
-100
-1638
-2947
-3519
-3142
-2120
-1301
-1429
-2383
-3281
-3351
-2565
-1445
-581
-346
-774
-1434
-1627
-964
198
1061
1112
474
-332
-830
-794
-319
186
166
-664
-1967
-2901
-2637
-894
1860
4542
5857
4951
2142
-867
-1846
357
4736
8573
9198
5862
535
-3044
-2027
2794
6891
5856
31
-5354
-5483
-1009
3032
2892
-592
-4252
-6239
-6409
-4706
-1339
1769
1898
-1285
-4776
-5375
-2897
468
2891
3724
2568
-459
-3352
-3073
1037
5672
6664
3357
-956
-2659
-990
2143
4271
3911
1159
-2231
-3767
-2247
835
2475
1043
-2187
-4505
-4419
-2685
-1067
-642
-1305
-2382
-3240
-3425
-2688
-1209
326
1124
893
74
-496
-139
1256
3100
4329
4071
2436
679
306
1704
3651
4311
2926
530
-1032
-876
231
852
329
-882
-2072
-2953
-3434
-3243
-2307
-1317
-1334
-2574
-3908
-3934
-2451
-645
153
-331
-1302
-1768
-1293
-162
913
1270
761
-99
-580
-365
210
538
242
-649
-1782
-2582
-2420
-948
1560
4204
5792
5382
2920
-288
-1995
-516
3664
7801
8766
5477
27
-3556
-2371
2577
6640
5563
-138
-5347
-5542
-1378
2525
2770
-76
-3543
-6122
-7216
-5985
-2294
1588
2306
-869
-4872
-6079
-3838
-173
2801
3984
2781
-494
-3548
-3244
997
5827
7090
4045
-242
-2323
-1247
1580
4064
4527
2365
-1238
-3657
-2941
83
2377
1666
-1422
-4246
-4819
-3345
-1464
-578
-945
-1963
-2902
-3301
-2950
-1829
-237
1113
1458
684
-357
-459
857
2860
4232
4147
2846
1367
820
1647
3235
4198
3449
1262
-795
-1301
-368
561
304
-957
-2203
-2803
-2900
-2797
-2538
-2197
-2154
-2683
-3433
-3620
-2856
-1593
-720
-778
-1518
-2121
-1835
-626
706
1212
680
-184
-515
-118
495
711
322
-476
-1305
-1794
-1640
-625
1319
3838
5867
5965
3550
-27
-2062
-657
3515
7555
8463
5288
-11
-3593
-2500
2434
6573
5556
-121
-5366
-5850
-2342
998
1585
163
-1810
-4140
-6412
-6585
-3274
1305
2882
35
-4083
-5528
-3651
-544
2042
3563
3383
962
-2241
-3025
100
4627
6470
4303
526
-1693
-1237
954
3246
4084
2555
-655
-3191
-2974
-467
1635
1192
-1334
-3710
-4307
-3266
-1788
-909
-988
-1790
-2722
-3110
-2600
-1373
-31
775
742
132
-337
20
1296
2873
3878
3798
2800
1625
1161
1801
3005
3623
2921
1323
-9
-354
-22
198
-101
-805
-1683
-2575
-3204
-3181
-2497
-1783
-1794
-2580
-3372
-3358
-2500
-1495
-1035
-1227
-1634
-1735
-1282
-422
392
672
304
-277
-441
-9
524
480
-302
-1305
-1841
-1587
-612
972
3053
5095
5923
4497
1282
-1400
-1021
2759
7385
9311
6842
1536
-2797
-2840
1412
6087
6482
1709
-4027
-5694
-2787
672
1267
-420
-2113
-3490
-5487
-7068
-5577
-922
2898
2082
-2359
-5854
-5454
-2138
1474
3707
3819
1532
-1983
-3787
-1689
2951
6154
5350
1773
-1265
-1626
352
2855
4017
2892
88
-2407
-2724
-930
927
879
-1021
-3053
-3824
-3446
-2799
-2300
-1839
-1528
-1821
-2722
-3334
-2670
-807
1027
1609
846
-195
-239
1107
3009
4111
3705
2371
1411
1627
2669
3482
3259
2023
533
-296
-94
594
736
-182
-1624
-2575
-2617
-2225
-2041
-2173
-2353
-2494
-2744
-3055
-3057
-2498
-1663
-1159
-1290
-1742
-1890
-1388
-453
343
559
196
-350
-608
-362
187
509
132
-881
-1865
-2025
-991
1090
3725
6016
6644
4690
973
-1837
-1216
2796
7358
9084
6598
1455
-2816
-2988
1188
5992
6519
1637
-4301
-5861
-2414
1602
2173
-285
-2947
-4602
-5759
-5972
-3816
111
2458
824
-3103
-5467
-4477
-1420
1680
3620
3486
848
-2642
-3572
-305
4512
6443
4106
320
-1428
-403
1734
3211
3210
1637
-780
-2396
-1878
101
1260
194
-2086
-3506
-3300
-2416
-1949
-2000
-2158
-2328
-2653
-2948
-2731
-1801
-492
577
920
492
-111
89
1552
3479
4351
3472
1793
946
1605
3025
3956
3659
2172
186
-1168
-981
443
1499
740
-1524
-3467
-3703
-2605
-1580
-1464
-2016
-2681
-3222
-3511
-3231
-2246
-1078
-618
-1226
-2267
-2669
-1899
-370
963
1316
567
-695
-1505
-1193
1
1001
837
-439
-1775
-2044
-762
1866
5001
7064
6373
2772
-1375
-2683
215
5286
8816
8315
4070
-1168
-3736
-1528
3691
6942
4520
-1847
-6440
-5616
-1354
1730
1505
-831
-3657
-6316
-7673
-5897
-1193
2854
2574
-1550
-5406
-5801
-3071
577
3440
4401
2626
-1142
-3789
-2366
2347
6163
5858
2350
-881
-1489
259
2700
4161
3501
785
-2166
-2941
-1027
1356
1556
-670
-3182
-4050
-3322
-2269
-1758
-1808
-2190
-2726
-3120
-3020
-2348
-1378
-434
269
553
392
205
684
2017
3444
3884
3058
1828
1344
1998
3167
3806
3250
1658
-61
-861
-389
626
941
-71
-1839
-3184
-3410
-2764
-1978
-1602
-1813
-2499
-3297
-3606
-2981
-1659
-536
-402
-1195
-2072
-2210
-1442
-243
694
843
139
-877
-1332
-801
175
544
-158
-1330
-1928
-1293
664
3544
6245
7035
4824
731
-2170
-1346
2870
7480
9186
6718
1714
-2118
-1532
3139
7390
6458
458
-5364
-6264
-2922
287
807
-286
-1550
-3489
-6334
-7674
-4917
464
3554
1505
-3267
-6157
-5206
-1851
1677
3873
3598
579
-3117
-3874
-247
4853
6922
4584
622
-1423
-553
1772
3655
3936
2314
-421
-2415
-2095
77
1767
1112
-1393
-3607
-4020
-2923
-1630
-1127
-1552
-2481
-3321
-3565
-3005
-1826
-505
414
571
94
-292
234
1738
3262
3744
3105
2240
1946
2209
2584
2842
2906
2473
1282
-205
-919
-309
817
993
-370
-2366
-3567
-3393
-2400
-1528
-1341
-1891
-2874
-3709
-3730
-2743
-1387
-676
-1023
-1876
-2325
-1941
-952
132
820
764
-15
-937
-1206
-606
179
232
-631
-1690
-1956
-821
1720
4921
7208
6894
3772
5
-1234
1486
6435
10032
9566
5091
-484
-3150
-903
3940
6208
2939
-3126
-6331
-4391
-503
1120
-2
-1652
-2975
-4941
-7091
-6721
-2670
1941
2748
-774
-4916
-6037
-3741
81
3422
4710
2975
-871
-3653
-2508
1872
5637
5717
2711
-320
-1098
314
2386
3547
2921
729
-1623
-2393
-1088
832
1272
-390
-2750
-3946
-3474
-2322
-1653
-1778
-2326
-2902
-3304
-3341
-2801
-1689
-374
530
578
-19
-313
620
2567
4102
3999
2623
1547
1765
2753
3361
3138
2388
1417
348
-436
-379
407
894
149
-1575
-3103
-3574
-3091
-2285
-1702
-1691
-2397
-3471
-4046
-3472
-2072
-912
-748
-1389
-2077
-2219
-1656
-595
443
809
238
-749
-1233
-835
-99
149
-343
-1096
-1370
-574
1564
4611
7078
7083
4074
-48
-2100
-276
4258
8297
8972
5671
599
-2359
-551
4541
7803
5327
-1131
-5744
-5007
-1233
1037
445
-1036
-2211
-4050
-6567
-7092
-3669
1273
2998
-17
-4455
-6174
-4166
-235
3369
4911
3338
-547
-3571
-2680
1651
5577
5881
3009
-92
-1130
61
2237
3772
3377
1008
-1661
-2472
-963
1036
1312
-489
-2794
-3931
-3569
-2525
-1726
-1580
-2007
-2655
-3126
-3168
-2729
-1846
-624
537
987
467
-249
140
1994
4003
4423
3029
1412
1202
2344
3462
3540
2731
1646
560
-364
-656
-36
819
652
-953
-2930
-3806
-3199
-2005
-1310
-1491
-2277
-3190
-3729
-3483
-2466
-1294
-744
-1058
-1765
-2165
-1863
-934
184
873
693
-202
-1060
-1149
-492
138
-15
-948
-1901
-1907
-389
2480
5630
7368
6356
2881
-819
-1920
770
5651
9319
9001
4697
-469
-2330
786
5963
7846
3917
-2577
-5923
-4086
-373
1158
152
-1293
-2552
-4663
-6965
-6559
-2381
2174
2715
-939
-4797
-5475
-3082
363
3231
4285
2528
-1251
-3805
-2261
2369
5912
5489
2224
-628
-1094
458
2506
3558
2726
356
-1820
-2047
-395
1187
915
-1072
-3142
-3898
-3228
-2003
-1232
-1404
-2229
-2913
-2895
-2335
-1733
-1202
-480
351
671
216
-223
456
2184
3571
3466
2281
1412
1604
2385
2946
2976
2482
1434
58
-869
-655
337
855
69
-1555
-2867
-3192
-2694
-1905
-1318
-1346
-2156
-3297
-3828
-3156
-1736
-692
-729
-1533
-2219
-2163
-1358
-234
621
727
34
-895
-1253
-763
1
171
-545
-1603
-2120
-1463
536
3482
6260
7281
5548
1849
-1299
-1381
2022
6591
8814
6658
1506
-2484
-1731
3151
7320
6221
405
-4943
-5584
-2448
392
742
-323
-1541
-3418
-6114
-7377
-4860
65
2978
1329
-2853
-5665
-5301
-2549
1062
3940
4230
1221
-2780
-3816
-501
4139
5941
3960
739
-969
-503
1209
2919
3457
2137
-367
-2135
-1790
-46
1052
299
-1650
-3266
-3604
-2809
-1715
-1190
-1568
-2452
-3128
-3216
-2803
-2008
-830
421
973
418
-462
-276
1383
3295
3884
2905
1565
1103
1664
2573
3209
3287
2624
1222
-329
-1012
-358
852
1199
18
-1956
-3364
-3457
-2543
-1506
-1114
-1643
-2777
-3741
-3778
-2764
-1381
-568
-745
-1546
-2204
-2128
-1269
-98
689
629
-168
-1078
-1401
-932
-165
111
-461
-1419
-1868
-1151
835
3648
6195
6857
4649
746
-1707
-207
4536
8961
9637
5938
386
-3094
-1960
2566
5871
4060
-1719
-6113
-5408
-1452
1226
853
-812
-2310
-4236
-6588
-6996
-3677
1143
3025
405
-3850
-5955
-4671
-1136
2802
5108
4059
106
-3349
-2830
1343
5213
5514
2808
61
-749
202
1809
3056
3066
1441
-900
-2107
-1270
412
901
-436
-2359
-3369
-3168
-2429
-1779
-1455
-1595
-2241
-3023
-3294
-2707
-1501
-198
700
820
198
-402
58
1727
3384
3618
2423
1193
1108
1999
2889
3185
2889
2058
698
-690
-1134
-243
989
998
-650
-2735
-3693
-3152
-1983
-1183
-1143
-1811
-2905
-3790
-3683
-2447
-986
-451
-1060
-1983
-2321
-1882
-1018
-136
395
246
-548
-1348
-1411
-724
-89
-226
-993
-1615
-1429
-159
2182
5043
6964
6272
2912
-678
-1275
2135
7170
9973
8338
3398
-1138
-1670
2214
6796
7219
2350
-3724
-5961
-3654
-405
705
14
-998
-2550
-5236
-7254
-5730
-998
2730
2025
-1905
-5096
-5257
-2958
340
3334
4343
2122
-1893
-3853
-1413
3336
6064
4840
1595
-654
-687
823
2626
3532
2680
337
-1813
-2050
-487
979
723
-1025
-2777
-3464
-3168
-2557
-2118
-2001
-2184
-2553
-2895
-2961
-2532
-1513
-162
822
771
-100
-562
465
2571
4062
3744
2230
1178
1449
2455
3167
3165
2534
1360
-93
-1036
-747
375
952
98
-1594
-2810
-2922
-2323
-1656
-1278
-1412
-2187
-3265
-3790
-3165
-1785
-721
-672
-1385
-2058
-2091
-1453
-524
201
341
-165
-954
-1399
-1134
-471
-162
-615
-1417
-1735
-1043
681
3156
5654
6802
5373
1885
-1022
-585
3394
8080
9861
7238
2056
-1704
-1003
3292
6580
4807
-1038
-5709
-5489
-2046
359
122
-1068
-2012
-3655
-6218
-7207
-4397
381
2720
724
-3142
-5370
-4768
-2136
1386
4258
4379
1108
-2824
-3381
275
4637
5805
3531
643
-516
145
1575
2837
3101
1764
-581
-2087
-1506
205
881
-366
-2340
-3407
-3179
-2398
-1798
-1636
-1920
-2494
-2979
-3042
-2694
-2088
-1177
-25
773
609
-77
40
1545
3328
3835
2945
1948
1832
2318
2701
2818
2755
2217
931
-494
-912
-36
1020
898
-534
-2157
-2872
-2569
-1902
-1486
-1524
-1970
-2679
-3284
-3251
-2357
-1121
-462
-800
-1636
-2103
-1811
-1017
-185
327
276
-362
-1140
-1344
-755
-21
7
-745
-1526
-1574
-656
1165
3695
6100
6805
4721
873
-1833
-996
3018
7205
8263
5151
87
-2811
-867
4252
7405
4925
-1312
-5735
-5143
-1700
530
369
-625
-1751
-3943
-6772
-7322
-3794
1205
3030
293
-3905
-5871
-4722
-1718
1726
4175
3906
608
-3018
-3272
442
4697
5785
3476
487
-796
-95
1551
2957
3124
1626
-675
-1976
-1309
288
874
-246
-1999
-3020
-3070
-2775
-2569
-2371
-2124
-2090
-2459
-2921
-2869
-1993
-616
503
754
225
-238
270
1762
3196
3485
2643
1711
1569
2118
2700
2914
2691
1936
689
-414
-492
445
1187
581
-1128
-2624
-3038
-2623
-2034
-1583
-1397
-1728
-2557
-3223
-2995
-1992
-1088
-914
-1317
-1795
-2033
-1854
-1138
-130
477
206
-589
-1097
-981
-625
-488
-633
-919
-1307
-1641
-1393
44
2649
5390
6651
5337
2003
-1084
-1433
1591
6023
8665
7414
2824
-2023
-3427
-101
5023
6844
3084
-3022
-6049
-4199
-574
1190
690
-609
-2410
-5097
-7142
-5848
-1289
2584
2167
-1696
-5075
-5409
-3151
104
3040
4214
2460
-1196
-3412
-1779
2330
5237
4913
2490
247
-582
69
1719
3268
3259
1264
-1193
-2015
-858
572
577
-770
-2159
-2740
-2726
-2609
-2448
-2113
-1804
-1933
-2514
-2977
-2691
-1625
-428
190
114
-120
90
848
1760
2406
2654
2562
2200
1782
1727
2283
2988
2920
1725
226
-349
231
918
611
-626
-1816
-2287
-2250
-2186
-2159
-2000
-1853
-2089
-2659
-2966
-2548
-1684
-1089
-1147
-1621
-2025
-2012
-1481
-600
145
256
-255
-786
-806
-447
-216
-311
-532
-808
-1313
-1899
-1779
-221
2538
5217
6328
5147
2277
-447
-898
1778
6181
9369
8922
4789
-400
-2914
-764
4137
7016
4612
-1295
-5501
-4831
-1105
1616
1453
-643
-3339
-5972
-7317
-5697
-1476
2028
1710
-1794
-4970
-5333
-3225
-187
2617
4006
2720
-827
-3665
-2800
1372
5248
5748
3108
-61
-1466
-545
1800
3872
3993
1756
-1297
-2812
-1877
125
1066
194
-1541
-2860
-3297
-3049
-2376
-1585
-1215
-1659
-2581
-3091
-2644
-1515
-331
542
973
848
313
67
843
2462
3759
3725
2584
1526
1472
2266
2991
2904
2042
1071
601
610
555
58
-662
-1137
-1304
-1537
-2036
-2469
-2444
-2119
-2031
-2393
-2818
-2836
-2440
-1987
-1725
-1651
-1696
-1769
-1646
-1105
-313
171
-20
-573
-837
-581
-159
20
-115
-478
-1051
-1667
-1830
-1044
674
2786
4589
5372
4560
2300
37
-150
2619
6801
9344
8047
3416
-1405
-2773
441
5303
6930
3194
-2778
-5690
-3664
191
1854
604
-1605
-3458
-5049
-5900
-4594
-1207
1567
1168
-1761
-4249
-4361
-2454
302
2870
3804
1804
-2079
-4190
-1899
3033
6085
4876
1248
-1427
-1591
161
2510
4056
3495
714
-2342
-3123
-1184
1252
1743
30
-2236
-3495
-3409
-2489
-1420
-839
-1137
-2127
-3093
-3322
-2570
-1086
519
1410
997
-370
-1339
-647
1596
3857
4560
3446
1649
600
941
2239
3445
3635
2624
1030
-241
-693
-467
-33
177
-123
-1019
-2206
-2986
-2804
-1895
-1176
-1369
-2298
-3131
-3216
-2580
-1724
-1162
-1120
-1441
-1688
-1466
-810
-173
37
-128
-287
-222
-69
-44
-124
-168
-226
-534
-1149
-1670
-1460
-130
2107
4424
5691
5069
2720
98
-770
1232
5183
8422
8336
4534
-301
-2135
792
5710
7441
3612
-2611
-5784
-3968
-222
1562
741
-940
-2612
-4691
-6496
-5896
-2326
1396
1842
-1061
-4164
-4833
-3159
-571
1937
3456
2693
-444
-3386
-2888
1143
5060
5378
2392
-715
-1526
-155
1954
3485
3464
1502
-1330
-2753
-1504
976
1949
396
-2112
-3526
-3362
-2441
-1529
-988
-1151
-2094
-3099
-3137
-2047
-726
11
197
197
25
-326
-308
734
2543
3892
3757
2352
935
702
1851
3419
4017
2955
875
-798
-1114
-300
673
950
252
-1143
-2566
-3254
-2897
-1961
-1326
-1505
-2290
-3061
-3310
-2898
-2062
-1301
-1062
-1363
-1765
-1806
-1405
-795
-187
303
510
293
-196
-500
-295
252
600
285
-697
-1803
-2216
-1391
514
2754
4509
5169
4332
2107
-297
-825
1724
6050
8890
7691
2963
-1864
-3065
261
5062
6628
2968
-2883
-5699
-3495
612
2297
651
-2018
-3856
-4977
-5504
-4419
-1495
1137
1003
-1645
-4159
-4544
-2897
-226
2456
3616
1818
-1985
-4122
-1874
3008
5932
4540
868
-1588
-1434
422
2563
3818
3162
549
-2198
-2688
-645
1565
1554
-541
-2660
-3325
-2765
-1923
-1331
-1103
-1318
-1897
-2447
-2604
-2315
-1617
-469
817
1331
458
-981
-1155
790
3522
4753
3571
1263
-82
561
2536
4256
4388
2751
453
-966
-812
239
923
595
-489
-1743
-2740
-3154
-2759
-1801
-1099
-1395
-2568
-3672
-3815
-2904
-1609
-786
-864
-1586
-2221
-2138
-1293
-175
656
914
573
-165
-808
-780
11
904
1001
28
-1394
-2314
-2156
-971
779
2561
3949
4580
4087
2415
377
-397
1375
5126
8314
8245
4503
-198
-1929
914
5600
7198
3504
-2339
-5048
-2935
619
1619
-124
-2056
-2970
-3883
-5119
-4977
-2441
496
904
-1384
-3764
-4150
-2737
-603
1595
2940
2073
-884
-3200
-2073
1822
4754
4138
1199
-951
-778
857
2431
3068
2441
667
-1266
-1863
-663
932
1033
-621
-2467
-3003
-2327
-1582
-1435
-1643
-1856
-2145
-2575
-2764
-2256
-1149
-66
405
114
-611
-1061
-453
1363
3403
4137
2942
898
-118
822
2885
4310
3955
2115
92
-912
-612
359
1048
806
-411
-2054
-3247
-3333
-2422
-1387
-1143
-1865
-2920
-3514
-3282
-2423
-1476
-979
-1111
-1536
-1720
-1430
-850
-239
308
670
596
69
-437
-378
204
695
548
-266
-1359
-2169
-2140
-1049
709
2415
3670
4434
4437
3186
1057
-132
1444
5365
8711
8513
4577
-86
-1657
1162
5651
7161
3574
-2229
-5143
-3322
76
1067
-572
-2182
-2584
-3228
-4850
-5464
-3208
314
1577
-476
-3410
-4532
-3448
-1157
1465
3296
2736
-369
-3302
-2845
869
4268
4409
1968
-308
-841
-24
1237
2351
2646
1533
-467
-1748
-1276
167
913
227
-1214
-2372
-2777
-2486
-1773
-1127
-1107
-1803
-2582
-2707
-2096
-1237
-501
96
466
336
-156
-140
1123
3107
4249
3565
1799
669
1105
2494
3521
3414
2330
926
-156
-535
-250
222
246
-479
-1682
-2745
-3149
-2794
-2024
-1436
-1511
-2255
-3109
-3350
-2707
-1629
-901
-919
-1391
-1706
-1530
-974
-301
284
572
353
-285
-783
-585
212
819
551
-483
-1538
-1964
-1671
-970
-139
857
2234
3882
4983
4442
2109
-440
-840
1891
6008
8160
6224
1449
-2213
-1468
3013
6743
5654
412
-4144
-4254
-1123
1144
622
-993
-1813
-2464
-4171
-5786
-4858
-1398
1442
1068
-1651
-3909
-4140
-2628
-125
2455
3432
1511
-1966
-3461
-1059
3056
4990
3466
670
-791
-416
799
2012
2723
2299
560
-1378
-1895
-755
528
463
-841
-2166
-2681
-2457
-1886
-1295
-1068
-1469
-2186
-2504
-2134
-1493
-983
-448
267
674
233
-530
-303
1382
3310
3834
2696
1174
646
1377
2652
3530
3349
2019
230
-874
-640
397
998
421
-977
-2270
-2844
-2713
-2238
-1802
-1687
-1976
-2483
-2821
-2679
-2069
-1310
-794
-725
-1021
-1354
-1360
-914
-277
121
107
-91
-158
-55
69
186
366
439
16
-951
-1852
-1973
-1277
-325
629
1968
3823
5182
4570
1845
-1020
-1428
1455
5767
8343
7118
2780
-1420
-1957
1784
6259
6670
1922
-3827
-5497
-2591
828
1369
-241
-1551
-2265
-3742
-5564
-5249
-1981
1426
1649
-1226
-4206
-4963
-3447
-599
2485
4069
2543
-1219
-3639
-2051
2075
4775
4043
1425
-549
-959
-235
1131
2507
2697
994
-1475
-2541
-1398
498
1175
190
-1370
-2377
-2562
-2229
-1738
-1381
-1359
-1611
-1857
-1891
-1700
-1260
-495
380
733
153
-752
-683
938
3075
3980
3003
1224
272
795
2171
3323
3460
2373
560
-870
-968
93
1058
835
-453
-1843
-2633
-2795
-2520
-1957
-1434
-1455
-2167
-3034
-3307
-2743
-1710
-776
-356
-611
-1313
-1851
-1629
-648
439
914
585
-163
-726
-685
-40
747
1029
457
-715
-1794
-2177
-1723
-705
564
2001
3535
4636
4382
2421
-112
-1077
858
4775
7925
7783
4115
-447
-2144
655
5357
7038
3385
-2556
-5506
-3708
-331
935
-49
-1200
-2005
-3667
-5872
-6015
-2759
1326
2373
-273
-3650
-4810
-3349
-499
2407
3937
2756
-713
-3560
-2895
849
4244
4578
2347
-80
-1094
-582
905
2525
3038
1628
-866
-2371
-1703
141
1209
695
-650
-1771
-2303
-2326
-1889
-1147
-590
-718
-1510
-2394
-2688
-1999
-460
1109
1549
417
-1194
-1432
394
2892
3963
2944
1091
97
570
1941
3236
3630
2718
861
-794
-1139
-179
936
1055
23
-1480
-2717
-3286
-3017
-2011
-877
-525
-1357
-2760
-3583
-3163
-1820
-446
193
-151
-1171
-2127
-2235
-1248
219
1135
917
-97
-996
-1076
-336
610
1032
613
-388
-1398
-1974
-1969
-1448
-543
613
1915
3219
4113
3894
2259
150
-487
1606
5412
8046
7081
2768
-1824
-3072
82
4741
6287
2832
-2576
-5045
-3107
82
975
-411
-1776
-2371
-3395
-4913
-4845
-2094
1077
1511
-913
-3404
-3856
-2583
-647
1512
3114
2561
-469
-3395
-3018
601
3976
4166
1764
-504
-1004
-133
1094
2053
2241
1258
-428
-1440
-894
477
1117
397
-896
-1710
-1835
-1686
-1528
-1320
-1137
-1273
-1813
-2363
-2334
-1496
-224
685
586
-370
-1111
-526
1316
3005
3189
2004
833
733
1516
2376
2866
2906
2333
1081
-269
-778
-202
628
705
-147
-1349
-2322
-2778
-2560
-1739
-925
-952
-1970
-3120
-3376
-2570
-1388
-552
-328
-671
-1389
-2012
-1908
-874
464
1114
657
-390
-1106
-957
-113
802
1148
635
-506
-1649
-2166
-1853
-1045
-249
401
1272
2693
4200
4622
3227
845
-428
988
4532
7634
7648
4131
-366
-2054
693
5268
6847
3299
-2265
-4759
-2757
363
1033
-439
-1525
-1697
-2694
-4813
-5531
-3001
784
2106
17
-2970
-4267
-3503
-1455
1227
3354
2985
-325
-3807
-3833
-104
3853
4663
2435
-250
-1434
-925
632
2371
3070
1833
-587
-2052
-1294
580
1448
607
-813
-1605
-1783
-1904
-1942
-1486
-726
-488
-1195
-2234
-2597
-1893
-607
387
441
-408
-1303
-1122
429
2317
3135
2516
1369
762
996
1750
2582
3010
2569
1309
56
-282
291
920
879
163
-858
-1865
-2529
-2477
-1709
-881
-780
-1513
-2454
-2931
-2727
-1991
-1001
-187
-56
-748
-1705
-2035
-1349
-131
732
727
17
-805
-1130
-658
362
1165
1007
-90
-1242
-1564
-1091
-624
-736
-1145
-1110
-159
1624
3642
4858
4241
1805
-782
-1181
1494
5497
7590
5746
1141
-2434
-1742
2627
6321
5386
466
-3867
-4209
-1712
217
300
-102
-247
-1399
-4137
-6173
-4762
-620
2428
1792
-1323
-3964
-4546
-3180
-457
2510
3612
1337
-2787
-4868
-2718
1619
4202
3420
974
-746
-912
57
1562
2819
2755
1082
-840
-1203
119
1399
1188
-117
-1168
-1444
-1457
-1577
-1552
-1234
-1042
-1338
-1796
-1846
-1444
-994
-667
-300
48
23
-362
-432
371
1642
2367
2097
1417
1180
1605
2233
2520
2249
1578
895
581
678
838
690
216
-376
-993
-1634
-2072
-1957
-1363
-929
-1217
-2041
-2663
-2557
-1799
-853
-259
-414
-1266
-2134
-2159
-1186
-22
411
5
-599
-863
-770
-478
7
596
856
403
-499
-1072
-918
-505
-569
-1153
-1521
-962
586
2641
4470
5149
3912
1118
-1266
-902
2615
6806
8115
5093
25
-2747
-695
4222
7050
4661
-944
-4757
-4122
-1042
1035
1196
676
-236
-2531
-5598
-6449
-3364
1112
2659
178
-3399
-5019
-4351
-2462
129
2692
3212
372
-3725
-4924
-1739
2718
4346
2478
-240
-1400
-833
508
1947
2887
2533
823
-877
-1046
201
1269
1028
-86
-1006
-1355
-1443
-1468
-1317
-1008
-843
-1055
-1564
-2103
-2346
-1978
-982
80
434
-76
-684
-490
595
1811
2333
1962
1182
763
1178
2147
2805
2509
1507
613
276
244
154
16
-54
-255
-831
-1534
-1792
-1442
-1018
-1116
-1728
-2328
-2435
-1975
-1251
-760
-894
-1553
-2097
-1929
-1139
-412
-243
-453
-557
-402
-227
-214
-217
-1
397
637
414
-202
-759
-829
-478
-240
-556
-1226
-1498
-654
1394
3878
5403
4772
2132
-593
-914
2009
6257
8421
6392
1317
-2991
-3018
1229
5750
6035
1587
-3449
-4713
-2164
654
1239
384
-344
-1318
-3444
-5420
-4687
-1212
1704
1239
-1704
-4081
-4316
-3024
-1070
1122
2466
1438
-1644
-3912
-2841
680
3332
3134
1172
-339
-479
303
1404
2389
2589
1521
-179
-1039
-356
958
1456
719
-527
-1502
-1976
-1953
-1416
-645
-301
-814
-1836
-2595
-2627
-1972
-891
183
608
25
-953
-1069
200
1913
2650
2085
1150
837
1271
1942
2389
2428
2078
1589
1293
1227
1046
522
-44
-234
-188
-459
-1182
-1781
-1710
-1174
-878
-1200
-1861
-2298
-2175
-1585
-953
-772
-1203
-1841
-2039
-1559
-802
-343
-333
-467
-457
-330
-231
-145
69
406
615
435
-60
-454
-373
29
118
-554
-1653
-2229
-1547
321
2637
4451
4916
3595
981
-1287
-1315
1444
5314
7326
5560
1077
-2458
-1778
2619
6366
5371
223
-4267
-4311
-1023
1573
1464
57
-960
-2016
-3928
-5389
-4198
-677
1977
1266
-1884
-4582
-5054
-3439
-639
2114
3010
846
-2916
-4678
-2400
1888
4238
3075
338
-1314
-1106
187
1774
3032
3070
1473
-586
-1157
224
1839
1826
268
-1253
-1660
-1235
-753
-584
-731
-1110
-1518
-1717
-1771
-1918
-1975
-1377
-161
620
98
-1052
-1219
152
1857
2463
1922
1268
1177
1476
1835
2211
2497
2316
1549
698
369
542
700
547
221
-138
-627
-1220
-1548
-1360
-1003
-1093
-1729
-2330
-2354
-1907
-1482
-1323
-1287
-1245
-1284
-1472
-1623
-1461
-959
-405
-146
-311
-669
-758
-269
572
1092
842
139
-236
86
629
635
-90
-1010
-1509
-1456
-1016
-102
1573
3694
4934
3920
907
-1871
-1956
1113
5309
7697
6510
2413
-1627
-2209
1442
5954
6505
1948
-3528
-4889
-1823
1524
1953
360
-955
-1893
-3638
-5409
-4751
-1288
1904
1696
-1535
-4742
-5561
-3797
-560
2434
3094
405
-3740
-5513
-2986
1623
4308
3384
571
-1454
-1481
81
2162
3557
3322
1542
-424
-1050
-102
1258
1745
1058
-204
-1293
-1820
-1772
-1355
-841
-504
-612
-1352
-2534
-3387
-2984
-1218
724
1255
-22
-1728
-1988
-322
1906
2931
2313
1077
441
740
1545
2364
2879
2839
2174
1267
722
731
901
817
497
111
-432
-1239
-1949
-1961
-1276
-691
-929
-1804
-2522
-2632
-2365
-2094
-1872
-1613
-1440
-1545
-1799
-1785
-1293
-608
-202
-216
-382
-377
-106
357
880
1250
1202
688
75
-161
29
197
-88
-794
-1533
-1878
-1465
-41
2153
4078
4411
2683
-33
-1716
-819
2502
6193
7428
4791
16
-2825
-945
3956
6851
4490
-1034
-4581
-3596
-372
1395
875
-156
-759
-1953
-4144
-5379
-3641
-52
1890
307
-3057
-5131
-4638
-2423
174
2025
2022
-220
-3125
-3925
-1508
2088
3764
2589
313
-941
-591
719
2196
3114
2776
1164
-519
-800
413
1668
1624
425
-831
-1480
-1634
-1489
-1021
-446
-389
-1189
-2342
-2960
-2611
-1523
-230
635
475
-699
-1832
-1545
349
2409
2999
1970
589
96
719
1935
3061
3453
2761
1368
329
380
1148
1633
1349
617
-162
-942
-1628
-1773
-1158
-389
-414
-1424
-2630
-3155
-2818
-2000
-1151
-681
-946
-1866
-2660
-2461
-1287
-92
273
-136
-655
-796
-454
300
1206
1690
1266
216
-515
-325
367
693
326
-405
-1149
-1810
-2199
-1888
-682
1021
2554
3425
3329
2108
226
-907
199
3497
6876
7653
4926
639
-1716
-44
4123
6578
4455
-552
-3806
-2849
105
1412
479
-539
-685
-1467
-3652
-5107
-3551
-203
1390
-221
-2959
-4295
-3880
-2559
-637
1474
2153
132
-3072
-4057
-1428
2421
4063
2701
345
-857
-398
1042
2559
3253
2495
705
-614
-308
1057
1802
1074
-309
-1059
-949
-759
-1045
-1482
-1534
-1290
-1313
-1822
-2333
-2177
-1255
-213
110
-524
-1431
-1541
-426
1233
2265
2118
1223
437
337
1006
2121
3036
3091
2199
1071
580
892
1424
1575
1235
563
-313
-1185
-1609
-1279
-533
-191
-746
-1861
-2741
-2869
-2334
-1599
-1144
-1234
-1769
-2286
-2262
-1588
-703
-189
-231
-527
-665
-460
1
516
897
1031
932
739
594
542
521
432
188
-233
-763
-1244
-1517
-1540
-1391
-1068
-346
1004
2686
3678
2973
784
-1160
-886
1990
5656
7343
5504
1296
-1932
-1299
2711
6161
5368
878
-3043
-3200
-775
880
614
48
132
-561
-3101
-5528
-4869
-1318
1558
1057
-1758
-4025
-4451
-3563
-1840
512
2201
1345
-1845
-4264
-3100
789
3814
3699
1475
-449
-894
-146
1229
2682
3329
2496
775
-311
24
1014
1439
1007
256
-408
-953
-1271
-1160
-805
-739
-1154
-1644
-1819
-1766
-1695
-1461
-888
-316
-318
-840
-1059
-335
957
1785
1580
783
308
642
1516
2302
2575
2316
1732
1091
660
638
983
1355
1331
729
-266
-1213
-1644
-1354
-642
-218
-640
-1752
-2766
-3000
-2464
-1704
-1250
-1278
-1677
-2152
-2304
-1834
-876
-9
216
-215
-761
-834
-244
718
1520
1709
1187
317
-277
-180
456
1028
1014
365
-582
-1428
-1924
-1968
-1583
-912
-78
917
2019
2793
2549
1111
-559
-830
1186
4566
6915
6144
2424
-1398
-1919
1490
5508
5865
1905
-2550
-3459
-953
1481
1584
445
-185
-740
-2517
-4642
-4566
-1728
1089
975
-1727
-4289
-4876
-3707
-1625
724
2158
1232
-1742
-4003
-3017
509
3321
3243
1152
-653
-917
114
1691
3027
3268
2092
435
-168
731
1946
2080
1064
-61
-539
-504
-405
-409
-513
-785
-1234
-1655
-1856
-1889
-1819
-1514
-927
-487
-700
-1315
-1349
-264
1193
1735
1026
39
-119
674
1715
2362
2439
2015
1303
744
817
1486
2095
2000
1194
186
-568
-932
-897
-524
-157
-351
-1312
-2483
-2978
-2481
-1577
-1107
-1395
-2088
-2615
-2618
-2064
-1199
-426
-72
-163
-444
-632
-557
-113
689
1518
1789
1218
293
-95
421
1278
1584
1001
-37
-860
-1138
-1025
-930
-1166
-1702
-2101
-1783
-465
1490
3092
3261
1685
-651
-1933
-851
2251
5394
6248
3885
-130
-2496
-907
3330
5993
4145
-499
-3372
-2213
724
2021
1154
11
-624
-1885
-4052
-5077
-3242
-22
1296
-487
-3385
-4900
-4418
-2677
-415
1493
1657
-516
-3294
-3827
-1277
2104
3485
2393
609
-183
248
1339
2585
3455
3282
1981
552
179
902
1630
1495
705
-60
-548
-889
-1045
-878
-579
-609
-1111
-1775
-2276
-2489
-2258
-1460
-513
-275
-1019
-1808
-1485
-157
904
869
271
126
673
1394
1885
2172
2281
2100
1737
1588
1808
2035
1865
1365
861
444
-26
-501
-718
-665
-744
-1269
-1987
-2353
-2209
-1942
-1930
-2071
-2020
-1739
-1557
-1675
-1806
-1532
-878
-331
-252
-446
-428
2
606
1028
1119
967
739
588
553
560
496
377
289
189
-107
-630
-1130
-1382
-1539
-1918
-2455
-2620
-1955
-537
1120
2404
2724
1737
-121
-1405
-586
2393
5594
6459
4050
114
-2099
-551
3503
6303
5066
906
-2286
-2050
240
1606
1138
208
-424
-1751
-4161
-5684
-4209
-755
1199
-254
-3444
-5442
-5075
-3065
-498
1582
1838
-315
-3234
-3978
-1456
2145
3758
2675
745
-112
425
1638
2852
3541
3203
1908
639
414
1111
1667
1424
735
167
-333
-1080
-1851
-2042
-1559
-1085
-1311
-2171
-2994
-3170
-2549
-1446
-509
-381
-1103
-1877
-1728
-526
847
1437
1123
533
298
602
1271
2000
2487
2559
2310
1979
1713
1527
1460
1563
1674
1389
499
-624
-1286
-1188
-747
-648
-1148
-1909
-2422
-2463
-2160
-1767
-1500
-1466
-1614
-1755
-1696
-1390
-905
-328
206
465
278
-133
-212
378
1292
1774
1433
645
131
248
724
1006
765
90
-664
-1141
-1213
-1067
-1088
-1552
-2346
-3018
-3134
-2561
-1407
143
1735
2709
2415
946
-555
-629
1312
4383
6671
6469
3647
277
-612
2144
6111
7178
3843
-957
-2995
-1291
1380
2188
1099
-359
-1682
-3329
-4800
-4554
-2294
-40
-8
-2076
-4188
-4776
-3867
-2090
55
1645
1318
-1091
-3448
-3095
121
3437
4165
2422
458
-40
792
2031
3096
3601
3056
1505
35
-146
859
1721
1466
399
-655
-1400
-1932
-2065
-1553
-839
-880
-1991
-3310
-3714
-2960
-1688
-643
-227
-543
-1330
-1843
-1315
175
1581
1891
1152
325
238
906
1772
2329
2415
2138
1737
1455
1416
1557
1700
1689
1412
782
-133
-965
-1215
-769
-201
-339
-1401
-2650
-3085
-2440
-1413
-895
-1131
-1693
-2061
-2028
-1629
-962
-235
189
67
-402
-681
-373
413
1186
1462
1092
353
-202
-125
509
1086
994
217
-669
-1113
-1073
-888
-856
-1045
-1429
-1954
-2454
-2653
-2388
-1721
-785
376
1644
2605
2715
1841
639
269
1559
4174
6456
6458
3741
366
-526
2165
5907
6787
3642
-677
-2536
-1394
273
429
-461
-1061
-1470
-2694
-4422
-4887
-3244
-985
-266
-1477
-3210
-4125
-3905
-2660
-602
1318
1529
-432
-2747
-2868
-337
2649
3661
2476
794
142
658
1630
2413
2655
2215
1312
567
455
773
861
378
-370
-884
-1048
-1119
-1337
-1674
-1932
-1958
-1805
-1716
-1874
-2117
-2027
-1452
-834
-747
-1125
-1222
-517
591
1232
1076
627
530
897
1397
1717
1752
1550
1328
1405
1853
2232
2016
1305
809
921
1158
804
-73
-688
-623
-382
-667
-1430
-2002
-1985
-1646
-1453
-1544
-1772
-1977
-2054
-1915
-1595
-1281
-1089
-891
-534
-149
-16
-126
-128
176
543
607
385
205
235
312
262
150
100
31
-191
-475
-561
-417
-335
-583
-1087
-1561
-1854
-1990
-1963
-1683
-1091
-199
973
2260
3132
2937
1636
229
123
1907
4633
6344
5521
2529
-220
-127
2888
5756
5150
1200
-2477
-2825
-628
1003
585
-637
-1306
-1910
-3294
-4580
-4076
-1903
-248
-743
-2641
-4031
-3991
-2855
-1177
534
1340
381
-1744
-2970
-1811
892
2850
2764
1366
183
-13
647
1754
2788
3001
1969
379
-385
239
1265
1343
361
-634
-906
-804
-945
-1257
-1286
-1080
-1184
-1794
-2385
-2370
-1781
-1148
-893
-1028
-1288
-1345
-944
-105
764
1119
798
232
89
646
1539
2107
2023
1534
1149
1136
1397
1717
1945
1912
1454
655
-23
-135
249
561
318
-428
-1238
-1728
-1818
-1640
-1381
-1223
-1313
-1679
-2144
-2368
-2081
-1343
-570
-239
-485
-974
-1178
-794
24
796
1089
841
367
84
194
598
1029
1236
1080
585
-12
-364
-267
116
366
163
-424
-1025
-1302
-1202
-930
-777
-960
-1499
-2127
-2337
-1700
-254
1427
2613
2902
2401
1569
973
1134
2321
4223
5768
5647
3483
653
-494
1150
3974
4907
2567
-1137
-3021
-2012
23
786
-64
-1368
-2442
-3493
-4354
-4090
-2423
-704
-621
-2220
-3900
-4241
-3189
-1530
12
853
481
-912
-2032
-1492
621
2642
3065
2045
936
723
1299
2083
2702
2926
2464
1322
187
-77
608
1345
1224
246
-851
-1450
-1523
-1354
-1178
-1136
-1345
-1815
-2358
-2682
-2568
-1980
-1141
-531
-575
-1163
-1591
-1210
-105
985
1419
1178
726
540
839
1514
2176
2403
2109
1628
1341
1295
1297
1274
1296
1295
1013
363
-336
-639
-457
-134
-103
-534
-1265
-1942
-2195
-1887
-1267
-845
-984
-1548
-2024
-1980
-1423
-707
-218
-117
-303
-516
-464
-26
610
1055
1076
798
552
526
651
774
834
802
587
149
-322
-500
-270
69
78
-380
-988
-1322
-1239
-968
-854
-1093
-1605
-2094
-2227
-1849
-1094
-247
526
1261
1974
2458
2425
1930
1571
2098
3657
5357
5759
4118
1365
-324
577
3259
5063
4004
828
-1777
-2007
-640
230
-354
-1560
-2326
-2707
-3310
-3965
-3792
-2573
-1342
-1278
-2339
-3392
-3472
-2513
-1015
392
1031
452
-889
-1586
-538
1695
3300
3100
1727
722
858
1694
2426
2649
2316
1561
789
541
896
1210
814
-124
-830
-936
-882
-1186
-1703
-1930
-1789
-1730
-2048
-2468
-2501
-2042
-1421
-1017
-963
-1111
-1134
-711
167
1044
1329
925
414
466
1130
1844
2119
1982
1731
1486
1220
1038
1139
1437
1530
1173
599
207
75
-22
-205
-376
-509
-767
-1192
-1523
-1500
-1248
-1134
-1307
-1543
-1590
-1448
-1271
-1122
-936
-671
-381
-170
-89
-70
32
307
681
964
1061
1031
959
867
792
821
941
928
587
43
-341
-367
-199
-117
-225
-456
-751
-1065
-1282
-1267
-1074
-950
-1081
-1398
-1675
-1782
-1756
-1645
-1354
-745
166
1142
1886
2240
2246
2079
2000
2302
3146
4286
5010
4577
2956
1153
566
1697
3433
3859
2103
-645
-2250
-1819
-514
-80
-922
-2056
-2686
-3044
-3520
-3713
-3023
-1842
-1344
-1982
-2867
-2910
-2052
-988
-138
466
595
-21
-855
-698
885
2709
3199
2230
1131
977
1535
2038
2269
2401
2273
1560
558
84
394
759
388
-532
-1171
-1191
-1065
-1302
-1794
-2115
-2125
-2019
-1979
-2003
-2033
-1989
-1756
-1313
-875
-688
-672
-479
45
626
919
939
984
1235
1592
1871
1973
1879
1649
1444
1419
1501
1418
1040
580
346
345
303
45
-300
-537
-668
-834
-1045
-1155
-1095
-984
-980
-1084
-1177
-1192
-1146
-1042
-836
-530
-224
-16
97
180
276
430
696
1028
1213
1043
634
391
583
992
1155
893
462
178
70
-21
-141
-213
-253
-409
-735
-1083
-1268
-1263
-1160
-1038
-963
-1047
-1328
-1594
-1532
-1121
-756
-833
-1281
-1627
-1513
-1011
-428
72
549
1115
1767
2370
2727
2697
2383
2175
2494
3367
4234
4277
3137
1420
389
834
2135
2684
1502
-663
-2116
-2056
-1277
-997
-1456
-2038
-2383
-2779
-3375
-3645
-3027
-1833
-1038
-1185
-1833
-2161
-1819
-993
28
984
1456
1087
202
-187
630
2129
3042
2756
1902
1441
1564
1781
1788
1727
1664
1330
608
-107
-354
-220
-217
-621
-1215
-1688
-1979
-2173
-2267
-2226
-2123
-2091
-2155
-2222
-2184
-1942
-1444
-800
-296
-151
-229
-127
388
1126
1677
1800
1614
1427
1475
1730
1964
1957
1709
1403
1202
1104
1006
858
668
440
149
-182
-465
-633
-708
-770
-878
-1043
-1233
-1383
-1413
-1287
-1070
-886
-792
-741
-660
-542
-399
-208
71
384
595
630
585
626
799
976
1000
860
680
572
538
505
434
332
199
18
-206
-407
-521
-569
-640
-785
-977
-1149
-1273
-1342
-1344
-1293
-1236
-1214
-1207
-1150
-1025
-873
-749
-664
-598
-530
-463
-401
-351
-292
-167
84
490
1039
1685
2313
2733
2772
2453
2055
1954
2340
3056
3598
3388
2220
653
-225
242
1453
1949
893
-979
-2149
-1968
-1204
-929
-1303
-1733
-1906
-2089
-2433
-2507
-1890
-909
-365
-562
-995
-1036
-617
-44
521
1062
1347
1047
318
-79
436
1507
2173
1911
1123
552
503
755
995
1042
797
273
-281
-523
-408
-285
-475
-904
-1255
-1389
-1425
-1478
-1514
-1481
-1407
-1321
-1224
-1137
-1099
-1017
-705
-165
304
430
315
313
577
937
1175
1263
1252
1144
974
880
942
1026
950
737
554
447
313
150
116
241
275
-17
-490
-755
-652
-428
-403
-618
-884
-1042
-1074
-976
-746
-477
-353
-448
-609
-592
-330
13
251
353
405
451
460
439
492
693
933
974
704
295
67
161
381
395
80
-362
-625
-618
-520
-543
-710
-875
-925
-891
-874
-929
-1017
-1055
-982
-828
-703
-695
-756
-723
-521
-278
-159
-161
-124
18
146
127
4
-97
-140
-154
-78
227
777
1406
1914
2228
2307
2071
1601
1316
1705
2701
3490
3172
1706
124
-351
534
1776
2030
886
-777
-1715
-1531
-887
-596
-788
-1104
-1403
-1870
-2441
-2573
-1881
-797
-202
-470
-1132
-1497
-1296
-654
216
1006
1246
708
-129
-358
400
1529
2086
1777
1094
623
532
689
940
1113
972
461
-99
-310
-180
-113
-372
-765
-985
-1050
-1191
-1414
-1464
-1237
-999
-1037
-1276
-1400
-1260
-965
-633
-288
-17
11
-182
-252
108
735
1145
1087
806
688
818
991
1043
991
911
817
684
525
353
186
71
50
58
-58
-337
-599
-629
-454
-328
-408
-582
-633
-518
-379
-330
-335
-294
-171
-14
106
147
134
154
282
486
623
597
479
425
500
602
606
503
388
315
231
63
-159
-317
-356
-353
-450
-669
-873
-915
-796
-670
-668
-780
-891
-906
-817
-684
-574
-511
-471
-420
-356
-305
-267
-203
-83
51
118
90
31
25
98
192
214
101
-128
-376
-510
-432
-127
331
819
1218
1449
1497
1401
1240
1162
1383
2013
2774
3004
2226
812
-109
295
1575
2318
1592
-45
-1184
-1092
-350
21
-266
-710
-914
-1071
-1450
-1802
-1626
-939
-366
-433
-971
-1427
-1484
-1182
-615
107
601
385
-467
-1124
-792
335
1268
1322
751
240
112
268
579
965
1173
906
252
-268
-283
-2
104
-101
-368
-524
-677
-940
-1182
-1190
-985
-818
-892
-1170
-1430
-1437
-1108
-600
-235
-228
-460
-557
-281
227
606
666
555
544
721
956
1097
1132
1137
1157
1165
1119
1009
871
768
749
772
700
435
84
-101
-6
182
150
-196
-631
-845
-744
-513
-419
-573
-849
-1003
-893
-606
-354
-265
-285
-292
-239
-155
-57
76
230
341
361
309
263
278
353
428
420
294
109
-24
-43
-5
-13
-122
-294
-448
-543
-591
-615
-629
-643
-665
-690
-694
-650
-565
-474
-408
-367
-333
-287
-209
-95
17
79
90
111
181
258
258
182
116
115
141
125
59
-32
-140
-256
-296
-121
326
942
1505
1787
1661
1196
713
659
1282
2308
2990
2633
1296
-59
-303
743
1988
2056
709
-918
-1541
-1045
-358
-234
-553
-849
-1096
-1569
-2145
-2236
-1555
-614
-218
-581
-1199
-1491
-1285
-707
66
723
811
167
-651
-747
134
1227
1582
1086
441
241
411
587
679
770
754
444
-24
-250
-113
38
-121
-451
-625
-647
-787
-1083
-1216
-980
-618
-535
-808
-1139
-1208
-937
-455
7
217
106
-101
-53
347
795
930
742
558
627
870
1038
1007
851
698
604
554
506
415
275
141
75
50
-35
-215
-374
-387
-295
-266
-382
-515
-503
-358
-249
-285
-400
-448
-359
-187
-45
-2
-23
0
125
269
293
192
127
221
385
429
284
74
-54
-67
-27
-5
-46
-166
-334
-480
-559
-593
-610
-608
-590
-607
-699
-805
-809
-688
-542
-468
-448
-410
-336
-258
-177
-52
114
246
287
261
252
310
411
505
549
516
397
241
150
188
295
324
187
-47
-229
-301
-336
-421
-529
-542
-379
-42
408
880
1235
1319
1092
748
657
1082
1882
2486
2313
1337
275
25
789
1773
1913
947
-316
-879
-595
-162
-186
-545
-796
-912
-1232
-1768
-1986
-1513
-751
-460
-843
-1377
-1538
-1314
-919
-387
215
486
78
-652
-829
-97
903
1280
913
405
231
332
503
733
995
1035
668
142
-111
2
161
122
-30
-139
-292
-631
-1023
-1142
-893
-568
-530
-831
-1211
-1358
-1148
-689
-247
-71
-183
-346
-288
32
420
674
758
755
738
748
814
924
1002
993
925
859
770
588
351
220
275
374
305
33
-265
-413
-401
-337
-311
-366
-519
-721
-837
-754
-518
-330
-328
-461
-553
-499
-335
-158
-43
-13
-27
-14
76
195
250
204
124
95
116
125
94
61
62
67
21
-94
-237
-352
-398
-366
-292
-245
-293
-422
-529
-506
-353
-188
-125
-162
-188
-119
17
121
148
153
205
309
404
438
429
428
454
474
437
353
280
254
248
203
98
-16
-74
-67
-64
-141
-318
-529
-678
-694
-562
-299
55
427
729
893
906
806
675
682
1019
1655
2164
1988
1066
112
8
829
1661
1530
456
-623
-915
-559
-259
-382
-682
-841
-941
-1205
-1511
-1492
-1079
-664
-621
-862
-1060
-1083
-1005
-766
-230
384
510
-48
-682
-591
245
1037
1159
787
482
453
530
612
768
916
800
395
60
88
295
268
-57
-354
-395
-343
-460
-726
-902
-866
-727
-655
-708
-834
-912
-814
-512
-176
-52
-184
-330
-220
139
475
576
478
362
342
424
556
672
698
609
473
387
356
285
136
13
27
113
70
-192
-510
-635
-505
-292
-213
-318
-498
-612
-605
-498
-340
-190
-104
-112
-204
-295
-269
-76
219
450
497
391
281
290
427
607
727
703
512
240
56
75
228
318
216
-12
-198
-248
-202
-147
-125
-135
-185
-286
-401
-439
-344
-170
-59
-96
-220
-300
-264
-144
-1
127
205
175
49
-59
-11
183
354
335
136
-73
-141
-57
71
122
59
-78
-210
-285
-289
-248
-221
-252
-348
-463
-537
-540
-490
-421
-357
-329
-373
-471
-543
-496
-332
-140
-16
36
100
284
644
1129
1555
1679
1413
1004
905
1374
2116
2449
1924
851
105
288
1080
1546
1094
83
-646
-701
-447
-396
-577
-696
-700
-872
-1322
-1683
-1561
-1060
-660
-626
-798
-953
-1051
-1035
-678
61
701
646
-42
-575
-314
517
1169
1228
923
647
525
514
614
792
856
629
225
-60
-108
-100
-218
-379
-426
-416
-581
-962
-1277
-1231
-886
-605
-652
-930
-1137
-1072
-780
-432
-182
-103
-146
-165
-18
283
575
720
739
743
772
777
752
768
844
892
820
651
476
349
275
264
294
255
36
-304
-550
-568
-452
-399
-478
-601
-676
-705
-717
-697
-625
-530
-455
-409
-361
-286
-172
-2
202
360
397
335
296
391
612
853
994
980
827
627
490
492
595
675
608
369
67
-145
-183
-107
-75
-192
-421
-616
-681
-635
-563
-507
-455
-417
-443
-533
-588
-487
-247
-32
12
-100
-219
-211
-53
178
351
368
232
79
54
161
263
248
149
70
34
-10
-70
-93
-82
-127
-272
-435
-509
-500
-480
-470
-442
-415
-452
-536
-544
-406
-222
-139
-167
-196
-157
-87
-27
42
139
204
165
51
-15
49
196
293
260
153
119
263
562
887
1129
1247
1239
1110
941
912
1156
1554
1745
1459
818
267
168
469
756
663
174
-406
-772
-860
-794
-698
-634
-678
-921
-1304
-1562
-1452
-1031
-621
-475
-574
-747
-848
-787
-489
-2
399
418
80
-233
-167
244
660
826
757
603
460
375
407
558
704
672
423
101
-130
-224
-245
-243
-239
-287
-460
-732
-950
-954
-754
-527
-452
-555
-712
-762
-618
-316
14
216
235
159
145
277
507
717
829
842
799
749
719
713
718
722
708
640
472
212
-30
-115
-31
62
-29
-330
-667
-841
-797
-650
-559
-601
-739
-874
-906
-804
-617
-444
-350
-331
-342
-327
-249
-88
126
314
397
375
333
353
451
571
649
649
584
495
419
376
362
365
354
281
124
-59
-169
-161
-105
-114
-221
-359
-452
-480
-466
-419
-347
-286
-270
-293
-302
-254
-149
-26
73
127
142
153
189
263
348
409
435
446
471
530
618
693
675
495
177
-119
-171
98
482
584
165
-547
-976
-733
-64
342
71
-580
-950
-765
-371
-208
-278
-277
-136
-121
-384
-636
-484
31
439
390
2
-336
-375
-127
245
501
405
-64
-548
-593
-147
331
380
22
-351
-469
-389
-266
-146
-60
-110
-339
-579
-612
-430
-219
-127
-157
-256
-379
-438
-325
-67
137
141
26
-22
55
180
322
539
809
989
992
924
946
1068
1173
1194
1175
1166
1133
1010
808
609
501
489
479
341
45
-282
-463
-453
-389
-427
-586
-775
-904
-949
-912
-815
-707
-642
-616
-570
-485
-412
-367
-285
-104
105
194
123
43
121
343
548
610
550
465
411
390
398
417
402
297
117
-52
-139
-161
-191
-272
-384
-494
-603
-705
-765
-744
-665
-610
-631
-681
-669
-563
-415
-289
-195
-110
-33
36
114
233
379
501
560
567
561
567
595
644
688
678
593
478
400
374
343
259
138
23
-73
-170
-269
-338
-357
-351
-366
-423
-492
-516
-474
-394
-326
-290
-269
-238
-196
-145
-77
12
103
166
197
221
259
314
369
418
450
448
399
328
274
252
229
177
101
34
-15
-68
-133
-186
-211
-237
-300
-375
-399
-360
-314
-310
-319
-288
-222
-176
-166
-145
-73
25
95
130
155
184
214
251
305
355
372
364
369
389
380
318
249
227
242
228
149
36
-51
-81
-67
-41
-26
-31
-38
-36
-49
-103
-183
-217
-146
-13
67
7
-140
-216
-114
97
225
158
-3
-64
46
207
273
236
198
207
209
150
81
87
170
235
199
71
-64
-129
-91
15
97
48
-137
-330
-380
-267
-127
-84
-133
-185
-205
-217
-219
-158
-27
71
30
-118
-218
-183
-63
33
59
34
-27
-108
-156
-120
-25
30
-17
-122
-200
-212
-181
-135
-87
-72
-119
-208
-267
-240
-155
-87
-80
-121
-172
-203
-191
-134
-65
-31
-41
-46
6
98
175
206
220
260
334
426
523
634
755
858
895
837
717
632
679
843
956
828
463
97
-12
136
278
165
-169
-476
-582
-555
-557
-630
-684
-678
-691
-782
-875
-836
-662
-476
-379
-348
-318
-283
-250
-156
52
291
383
278
145
172
343
491
516
468
415
353
268
221
259
312
264
111
-20
-66
-97
-189
-299
-324
-277
-275
-370
-467
-463
-369
-285
-262
-268
-266
-248
-199
-84
85
219
240
193
195
289
408
459
433
395
383
390
389
376
348
290
211
137
78
18
-65
-157
-215
-235
-252
-307
-391
-456
-468
-438
-409
-411
-443
-468
-446
-369
-269
-192
-159
-150
-130
-67
32
144
232
275
281
278
292
327
360
367
344
304
264
229
201
181
157
122
67
2
-57
-98
-118
-119
-107
-99
-113
-155
-193
-202
-167
-109
-56
-29
-24
-19
8
66
136
191
218
222
210
190
181
201
241
260
232
176
136
128
131
120
93
53
0
-54
-80
-71
-57
-81
-144
-206
-237
-239
-227
-208
-188
-184
-202
-223
-216
-173
-116
-69
-35
-10
8
21
43
82
118
129
116
109
133
169
177
144
99
81
93
103
87
44
6
-11
-5
4
2
-17
-43
-59
-53
-12
59
129
128
4
-191
-291
-145
185
412
275
-162
-507
-407
66
457
391
-29
-365
-334
-82
62
12
-45
27
108
19
-179
-234
-35
244
335
170
-93
-249
-198
21
250
293
81
-218
-329
-160
97
190
74
-95
-178
-181
-157
-111
-33
19
-24
-145
-244
-238
-146
-39
20
3
-72
-152
-155
-56
75
133
86
-1
-45
-21
40
98
120
93
23
-47
-74
-53
-21
-17
-43
-92
-160
-227
-258
-228
-168
-135
-161
-227
-284
-288
-207
-52
100
150
84
14
55
212
377
462
485
511
574
657
720
731
682
619
613
679
728
647
437
230
156
196
210
88
-133
-317
-381
-373
-397
-484
-559
-555
-518
-538
-618
-659
-580
-416
-271
-201
-192
-207
-191
-98
75
235
275
196
127
170
283
353
337
291
262
229
168
117
119
140
100
-20
-143
-199
-206
-231
-292
-346
-362
-372
-408
-453
-456
-409
-349
-309
-280
-255
-232
-203
-133
-12
103
151
140
147
212
299
342
338
330
337
344
331
303
269
235
200
167
126
69
3
-47
-72
-98
-145
-206
-249
-261
-260
-260
-253
-224
-188
-177
-193
-205
-175
-109
-38
13
49
77
92
95
107
157
224
257
227
172
155
189
229
231
205
174
142
98
56
37
39
28
-11
-68
-119
-157
-183
-185
-161
-133
-140
-180
-212
-199
-152
-101
-68
-48
-39
-32
-15
24
82
128
139
122
102
101
122
161
196
196
158
105
76
76
81
69
43
14
-15
-45
-65
-63
-51
-50
-75
-109
-126
-117
-95
-78
-70
-64
-57
-49
-41
-26
-1
24
34
30
28
47
79
106
120
128
126
112
98
100
117
120
98
71
64
62
44
9
-13
-10
-6
-26
-65
-89
-93
-92
-100
-110
-111
-108
-107
-111
-110
-93
-62
-31
-15
-12
-6
17
50
70
63
48
46
62
76
73
59
45
42
51
61
60
38
14
5
11
15
1
-24
-44
-52
-51
-47
-43
-48
-58
-65
-58
-45
-35
-36
-44
-53
-50
-32
-2
19
13
-9
-16
9
48
66
55
37
33
42
53
55
43
26
15
21
39
42
20
-11
-29
-27
-27
-36
-50
-58
-63
-64
-59
-46
-36
-34
-39
-40
-40
-45
-45
-25
15
50
61
51
39
44
77
152
269
391
434
331
84
-187
-287
-81
321
556
296
-385
-952
-883
-231
381
375
-191
-731
-783
-444
-124
-32
-45
-21
-39
-224
-452
-430
-66
376
538
332
-28
-257
-192
159
602
808
564
40
-302
-173
236
499
425
187
2
-93
-143
-116
13
133
87
-115
-305
-356
-290
-184
-77
-28
-110
-296
-416
-325
-81
119
157
83
-9
-66
-50
70
245
338
257
79
-34
-18
69
145
175
143
25
-147
-256
-217
-77
19
-20
-150
-261
-285
-226
-126
-32
11
-2
-36
-41
-3
57
112
156
196
235
279
335
403
451
450
407
369
372
400
392
303
166
68
55
87
82
7
-87
-148
-184
-233
-301
-340
-315
-269
-275
-350
-419
-396
-278
-156
-104
-118
-134
-110
-55
6
58
85
80
66
86
147
201
219
218
218
191
120
60
85
162
174
75
-46
-86
-70
-87
-145
-182
-176
-189
-253
-309
-292
-228
-185
-180
-189
-199
-214
-196
-122
-31
4
-25
-35
30
127
183
181
164
158
164
178
200
211
185
135
106
111
113
91
65
56
40
-8
-69
-103
-117
-148
-208
-245
-220
-166
-148
-182
-222
-218
-177
-137
-122
-118
-108
-85
-55
-11
53
118
147
134
115
128
169
196
197
193
198
192
162
122
106
108
102
79
51
20
-30
-88
-107
-66
-14
-21
-92
-160
-172
-146
-122
-114
-104
-83
-69
-68
-62
-40
-1
48
99
134
130
101
83
103
141
154
129
97
83
82
76
64
53
40
11
-34
-79
-108
-113
-100
-83
-76
-91
-118
-133
-118
-88
-69
-80
-106
-125
-123
-106
-83
-63
-41
-10
21
33
21
7
19
55
84
83
61
46
46
56
75
92
89
54
5
-22
-9
12
15
1
-12
-23
-43
-65
-64
-44
-26
-27
-34
-30
-17
-15
-19
-20
-12
-6
-8
-8
1
24
47
61
58
42
34
47
74
91
82
61
47
48
48
42
32
28
27
26
20
4
-19
-27
-13
12
12
-27
-77
-96
-73
-39
-23
-30
-42
-45
-39
-29
-23
-23
-24
-23
-17
-10
2
19
39
46
39
24
19
25
28
23
15
16
15
5
-17
-35
-31
-12
-4
-25
-61
-80
-66
-41
-33
-49
-67
-71
-65
-55
-47
-39
-33
-29
-19
2
25
33
31
35
51
64
57
39
33
49
69
71
60
48
43
39
36
30
18
0
-17
-22
-17
-13
-24
-43
-52
-42
-27
-20
-25
-25
-18
-13
-13
-14
-11
-7
-3
1
3
0
-8
-7
11
32
31
11
-7
-7
6
16
18
15
6
-6
-18
-23
-20
-13
-11
-12
-18
-29
-38
-34
-16
4
6
-13
-31
-27
-4
17
21
14
9
12
16
25
34
49
61
59
43
23
13
21
38
47
37
18
-1
-7
0
13
20
9
-15
-37
-40
-26
-13
-12
-19
-25
-30
-35
-31
-13
16
24
4
-23
-29
-8
18
30
27
18
9
0
-4
4
23
41
41
22
-2
-14
-4
16
32
30
10
-13
-23
-16
1
13
9
-8
-26
-33
-24
-10
0
1
-4
-5
-2
1
3
7
15
22
20
15
12
14
20
25
27
22
10
-2
-3
5
11
7
-1
-6
-11
-15
-16
-12
-7
-10
-21
-28
-28
-22
-16
-13
-11
-11
-13
-13
-9
-4
4
10
14
12
7
7
15
25
30
26
20
16
14
14
13
13
17
21
26
25
19
14
14
15
16
13
9
8
7
9
9
8
8
8
7
3
-3
-10
-12
-5
4
9
7
-2
-10
-10
-3
6
11
8
1
-2
-4
-1
5
9
10
7
3
5
9
8
6
6
6
5
-1
-7
-9
-8
-8
-6
-2
-1
-1
-3
-3
-2
-2
-1
0
4
9
10
9
5
4
4
5
6
5
3
6
10
12
13
13
13
12
11
12
10
6
2
3
4
3
1
-2
-4
-2
1
4
3
-2
-4
-2
3
6
5
2
-1
-1
-2
0
4
10
12
10
6
3
4
5
6
5
3
5
5
5
4
4
5
9
12
11
10
4
4
6
13
16
13
4
-1
-2
3
8
10
6
2
2
5
10
13
14
12
12
17
23
27
28
28
31
32
32
30
31
33
34
33
31
30
27
22
20
23
25
24
18
14
14
13
9
5
4
4
4
0
-3
-3
-1
2
4
6
5
5
4
4
5
5
5
5
5
6
12
17
22
22
19
17
16
19
24
26
26
22
22
22
22
16
11
11
14
15
14
11
12
13
12
7
3
3
4
6
4
4
5
10
13
13
10
5
3
6
12
18
17
14
11
14
18
21
23
24
21
15
15
19
22
18
11
8
7
4
-2
-4
-2
2
4
0
-1
-2
-1
0
3
6
7
4
4
8
14
16
16
13
13
16
21
25
26
24
21
17
15
13
13
14
14
14
12
11
8
4
5
10
15
16
13
10
11
13
14
14
13
17
22
26
25
25
23
23
25
26
25
26
28
31
30
28
25
25
24
24
24
24
24
24
24
25
25
24
23
24
21
16
13
14
16
16
15
15
14
12
9
9
14
17
17
15
15
15
15
16
17
19
18
15
8
5
8
14
16
11
4
2
3
2
0
1
7
11
8
1
-2
4
7
6
3
4
6
6
4
4
9
14
17
16
15
17
21
26
26
27
28
30
30
26
24
27
32
31
26
20
19
20
22
20
16
14
10
10
10
11
13
11
11
11
12
13
12
15
18
21
22
22
21
23
27
27
24
18
13
13
15
16
15
11
5
3
3
5
6
4
2
0
1
5
11
10
7
2
1
5
10
12
14
15
16
16
15
16
22
24
23
19
15
14
16
23
26
27
24
23
26
26
25
23
25
23
19
13
12
16
19
17
11
5
1
3
4
3
1
-3
-4
-2
6
11
12
13
13
12
12
13
16
21
25
24
22
20
23
26
27
24
22
21
19
17
17
16
12
9
8
10
9
4
0
2
6
6
4
4
5
5
4
1
-1
-2
1
5
12
13
9
6
9
15
19
19
18
19
23
24
25
26
24
20
15
13
15
16
16
16
14
15
15
11
5
4
8
16
19
17
14
15
21
25
29
31
32
30
26
23
24
25
26
24
28
30
27
22
20
26
31
30
25
23
24
27
27
25
25
26
27
26
25
25
25
22
17
13
12
15
18
17
14
14
15
16
14
15
16
19
22
25
27
26
21
15
13
16
17
15
11
7
5
5
4
5
5
4
4
5
5
3
4
6
4
-1
-4
-3
3
6
4
3
4
6
5
3
5
5
4
4
5
5
4
4
5
6
5
5
5
5
5
4
4
5
5
4
5
5
6
4
4
6
10
11
9
4
1
3
6
6
4
3
4
5
4
2
2
2
-3
-6
-5
-1
4
6
2
-2
-3
-1
7
13
14
10
9
13
20
21
21
22
24
27
28
27
26
26
28
32
32
29
25
24
25
25
24
24
25
25
23
25
24
24
24
24
25
25
24
24
24
25
24
25
24
25
24
