23
29
35
33
22
9
-3
-13
-20
-21
-13
-3
12
23
28
24
11
-5
-15
-19
-16
-6
9
24
39
48
55
61
64
56
43
31
23
21
22
22
15
10
8
9
4
-9
-28
-44
-51
-54
-50
-41
-24
-7
3
12
24
41
57
70
77
74
59
35
6
-14
-25
-31
-35
-41
-45
-43
-35
-23
-7
4
11
13
11
7
0
-3
-1
10
24
33
35
33
28
20
10
-2
-8
-8
-1
6
10
11
11
10
8
5
4
9
16
23
30
38
52
66
75
72
58
35
11
-6
-11
-5
4
13
19
18
9
-4
-18
-25
-27
-26
-22
-13
0
15
21
24
26
28
28
29
27
21
10
-2
-8
-6
-2
3
13
31
50
61
64
63
57
44
21
-5
-21
-18
-1
19
24
15
1
-11
-14
-14
-13
-10
-9
-10
-14
-22
-36
-46
-49
-37
-22
-12
-9
-9
-9
-12
-17
-23
-19
-7
7
16
15
7
-6
-16
-22
-24
-21
-20
-15
-7
5
12
12
11
11
18
30
42
48
47
39
31
28
31
34
36
40
47
51
46
29
7
-15
-27
-32
-28
-18
-8
0
6
13
20
21
18
14
13
15
18
24
23
22
13
2
-9
-16
-22
-22
-20
-17
-17
-20
-20
-13
-1
10
14
18
21
25
25
20
15
13
11
9
3
-5
-15
-18
-13
-3
6
13
18
19
20
22
25
25
26
26
23
15
6
3
7
20
37
52
63
70
71
69
59
47
33
17
1
-9
-10
0
15
25
27
28
29
30
29
28
27
31
38
43
47
48
43
26
3
-20
-37
-49
-54
-50
-40
-27
-16
-8
-1
6
11
16
20
23
21
17
11
6
-1
-5
-2
8
15
14
2
-6
-6
-1
4
9
13
13
7
-5
-21
-36
-45
-41
-26
-8
4
9
13
14
10
0
-14
-25
-31
-33
-27
-14
3
14
19
14
6
-3
-7
-6
-2
3
3
-4
-13
-14
-6
8
21
26
28
32
34
30
17
2
-8
-11
-8
-1
12
24
34
39
38
35
27
13
-1
-13
-21
-24
-22
-14
0
18
34
43
46
44
38
29
18
8
3
3
5
5
1
-6
-11
-14
-11
-1
17
34
42
39
31
24
20
11
-6
-23
-35
-37
-28
-13
5
19
27
29
23
11
0
-7
-7
-5
-4
-2
0
2
5
9
16
24
31
36
36
32
25
17
15
18
24
31
41
52
65
72
70
61
42
19
-5
-14
-2
23
45
55
56
53
51
54
59
59
51
33
15
5
-2
-11
-21
-24
-17
-3
8
13
13
7
-1
-6
-10
-11
-11
-12
-9
-6
-11
-18
-21
-14
-1
5
-4
-23
-42
-55
-53
-39
-18
3
15
23
25
23
19
13
6
-5
-15
-25
-29
-29
-27
-21
-4
19
37
45
44
37
24
9
1
1
8
16
21
22
20
22
25
27
27
25
24
23
19
11
-2
-12
-17
-14
-9
-2
5
6
6
5
1
-4
-10
-15
-17
-19
-19
-19
-16
-13
-6
0
4
3
0
-4
1
9
18
23
19
15
7
3
2
8
18
26
26
23
23
25
25
24
24
23
19
10
-4
-13
-14
-10
-5
0
13
32
50
58
58
53
47
39
32
28
29
29
24
16
9
3
-5
-7
-1
12
26
29
22
11
4
5
14
29
44
54
56
50
40
32
26
24
23
22
24
26
25
23
16
5
-5
-16
-20
-18
-9
5
22
39
51
56
58
54
47
36
26
18
14
12
9
4
-2
-7
-7
-1
11
25
38
48
55
58
55
46
26
3
-19
-30
-25
-9
11
24
25
16
1
-14
-25
-27
-20
-11
-2
3
5
2
3
8
17
18
10
-4
-17
-23
-25
-23
-20
-16
-16
-22
-31
-39
-36
-24
-4
15
26
24
14
4
-2
-1
5
14
27
39
50
62
73
80
79
72
68
65
59
44
25
13
11
23
38
48
50
39
20
3
-10
-15
-12
-3
4
3
-7
-19
-29
-34
-37
-36
-34
-32
-27
-23
-18
-13
-11
-7
-6
-5
-8
-14
-17
-17
-10
0
12
21
23
21
17
15
13
8
2
-1
3
10
17
20
24
23
15
4
-3
-4
0
5
12
18
19
10
-4
-9
0
17
31
39
45
52
57
56
49
39
25
11
0
-5
-2
2
7
11
20
28
31
28
21
18
24
35
43
41
28
13
0
-9
-13
-13
-8
2
15
31
44
54
54
47
33
15
1
-6
-4
0
3
5
10
18
28
37
47
55
54
49
41
40
36
20
-5
-25
-28
-17
-2
9
14
16
10
-3
-20
-32
-33
-27
-20
-17
-16
-13
-8
-1
9
19
24
23
17
14
13
10
-1
-17
-28
-29
-22
-13
1
19
37
46
46
38
34
34
35
28
18
12
14
17
17
16
19
22
15
2
-10
-15
-19
-22
-17
-4
9
11
10
9
14
12
1
-10
-14
-6
5
16
21
25
23
15
6
-3
-12
-17
-15
-11
-6
0
6
12
18
17
9
-1
-7
-9
-1
9
20
25
27
27
29
32
34
35
37
38
35
25
1
-36
-71
-90
-81
-49
-10
25
47
52
41
26
14
7
3
2
5
8
10
8
7
7
9
9
11
18
26
32
30
19
4
-6
-6
5
17
21
13
-3
-14
-16
-13
-11
-16
-26
-29
-17
3
20
25
23
18
13
5
-6
-13
-13
-7
1
9
13
9
-2
-18
-30
-29
-20
-9
-3
-4
-12
-25
-40
-52
-55
-48
-31
-11
4
7
-6
-26
-41
-45
-41
-30
-13
8
25
28
23
19
26
37
43
39
32
27
28
25
21
17
14
6
-4
-11
-6
7
23
31
36
42
47
48
45
37
30
19
5
-11
-23
-31
-37
-38
-38
-34
-23
-6
11
22
19
7
-8
-16
-16
-12
-8
-5
-4
-1
6
17
27
33
33
28
20
5
-13
-32
-44
-48
-48
-46
-40
-29
-17
-6
0
6
12
19
25
29
30
32
34
36
36
33
26
19
13
9
11
17
20
16
5
-9
-15
-13
-7
3
16
26
28
23
14
11
8
7
8
14
23
29
30
29
26
19
9
1
0
6
14
22
32
41
45
42
33
23
16
11
9
9
13
19
26
29
31
31
30
28
26
26
29
30
28
18
4
-13
-24
-27
-18
1
25
48
57
55
41
26
12
4
4
12
26
32
27
11
-8
-20
-23
-20
-13
-2
14
27
31
22
6
-7
-10
-6
-2
-4
-6
-4
-1
2
-1
-6
-10
-13
-12
-11
-13
-19
-28
-35
-38
-41
-49
-56
-53
-37
-13
4
13
17
22
24
23
18
15
11
6
1
1
5
8
6
6
11
18
21
22
19
15
11
5
4
8
13
13
11
11
17
27
35
35
30
22
16
8
-1
-7
-5
1
7
8
8
7
5
0
-7
-11
-10
-8
-5
-2
0
2
4
9
17
29
34
33
28
23
18
14
7
6
11
20
26
24
17
13
16
24
33
40
40
35
29
26
23
14
4
1
3
5
8
12
14
10
4
2
7
14
16
14
13
15
16
17
20
26
29
28
28
30
35
40
42
45
48
48
48
42
25
3
-14
-13
-2
13
20
24
26
23
15
5
5
10
17
17
10
0
-11
-22
-34
-42
-44
-40
-32
-19
-4
9
15
17
18
21
25
29
29
31
30
25
16
7
1
0
2
9
18
26
30
32
29
24
18
15
17
20
23
28
32
34
32
26
21
17
17
18
25
39
53
60
59
51
40
24
6
-13
-24
-26
-16
-1
16
32
43
48
45
37
29
25
21
16
10
3
-3
-8
-12
-7
1
12
18
17
11
0
-10
-16
-13
-4
9
25
42
54
54
44
28
18
14
17
22
28
26
14
-3
-14
-16
-11
-6
1
7
12
11
8
6
6
9
14
19
18
10
-4
-12
-14
-9
0
12
15
8
-11
-30
-41
-40
-35
-30
-22
-13
-6
-8
-13
-18
-13
-4
4
9
11
12
14
15
20
27
35
34
22
3
-16
-25
-23
-14
-6
-4
-8
-14
-13
-7
2
9
11
9
6
3
0
-1
1
2
0
-8
-11
-9
-2
6
13
17
18
15
14
16
17
17
16
18
23
26
26
25
22
17
10
5
4
5
6
5
2
0
-4
-11
-15
-17
-17
-17
-14
-8
-1
9
17
22
25
27
27
29
32
34
35
38
39
37
29
20
11
10
15
32
54
74
83
82
71
53
33
14
1
1
9
21
31
39
45
51
58
61
56
40
19
2
-8
-14
-24
-35
-42
-41
-36
-30
-26
-21
-8
9
24
34
34
23
4
-13
-19
-12
6
25
38
41
34
20
0
-19
-34
-43
-48
-48
-42
-30
-15
-2
9
19
27
32
31
27
24
22
22
21
16
7
-4
-17
-29
-33
-26
-12
2
6
6
3
1
-3
-6
-7
-4
4
10
17
22
25
27
26
25
26
27
28
30
26
18
5
-3
-8
-8
-7
0
15
37
59
73
74
64
45
22
2
-14
-24
-32
-45
-61
-73
-74
-63
-42
-17
6
19
19
10
1
-3
-3
-4
-3
-2
-1
-1
0
6
13
15
3
-14
-27
-29
-23
-17
-14
-15
-12
-1
16
28
32
30
29
26
18
4
-11
-24
-32
-34
-27
-16
-8
-9
-11
-10
-5
1
8
13
20
25
27
26
25
21
16
14
18
25
26
24
19
16
13
11
9
9
5
-3
-14
-18
-13
-7
-5
0
8
16
19
17
15
16
20
26
34
42
42
32
15
2
-6
-8
-9
-10
-10
-10
-9
-1
10
23
30
33
33
28
22
15
10
4
-1
-6
-4
1
5
6
12
24
36
42
39
33
32
34
36
34
30
28
27
23
13
1
-9
-10
-6
-2
0
1
3
5
3
0
0
6
18
35
55
72
79
72
52
31
17
9
-2
-20
-39
-54
-59
-52
-31
-3
26
48
62
68
66
53
34
21
16
19
22
24
24
23
17
7
-6
-23
-42
-57
-63
-60
-51
-40
-24
-7
5
8
6
4
6
7
6
2
-2
-10
-25
-39
-50
-56
-56
-43
-23
3
25
36
40
40
36
25
11
2
0
0
5
14
27
39
43
38
34
29
25
20
17
21
26
28
22
17
14
10
5
3
8
17
22
24
26
31
33
29
20
11
4
1
-2
-7
-18
-30
-38
-34
-28
-23
-25
-25
-18
-4
14
31
40
42
37
30
28
23
18
11
8
7
5
-2
-15
-31
-46
-58
-63
-54
-31
3
36
57
65
67
66
63
54
37
21
13
8
-2
-17
-37
-54
-60
-55
-35
-7
19
39
56
67
69
58
43
30
17
0
-17
-23
-16
-4
7
14
19
19
15
7
0
-3
-3
-2
-5
-9
-8
1
18
33
40
40
36
29
16
-2
-19
-31
-37
-37
-32
-21
-8
1
8
11
9
2
-9
-18
-21
-20
-18
-15
-8
-1
5
5
4
3
7
13
20
26
31
32
28
22
21
22
26
26
25
27
31
38
49
59
63
55
37
14
-7
-17
-17
-5
9
17
19
16
10
4
-4
-7
-4
5
17
27
32
27
10
-10
-30
-45
-47
-35
-6
31
63
75
64
36
3
-27
-48
-57
-48
-25
0
15
14
5
-3
-7
-11
-14
-10
4
22
33
35
33
30
25
16
5
-3
-9
-19
-28
-34
-35
-34
-31
-24
-13
-1
9
19
30
48
65
76
72
52
22
-12
-44
-68
-71
-46
-4
42
70
77
67
46
16
-20
-51
-60
-48
-23
-1
16
24
31
33
34
32
30
29
22
6
-15
-34
-45
-52
-55
-48
-29
-5
14
26
33
38
38
30
19
8
-5
-22
-38
-48
-49
-48
-46
-40
-31
-16
-1
11
13
5
-1
0
10
21
26
28
32
33
28
13
-3
-13
-21
-19
-11
7
24
30
27
23
23
26
30
37
37
31
20
9
3
-2
-6
-10
-11
-14
-23
-31
-33
-25
-13
-1
9
12
12
8
5
4
3
0
-3
-1
3
10
16
18
13
3
-7
-13
-16
-12
-1
18
39
51
54
47
36
28
19
11
7
10
21
31
33
23
8
-4
-8
-3
9
25
42
57
66
64
51
30
11
-1
-7
-6
-4
0
5
9
12
11
4
-3
-10
-16
-22
-23
-16
-2
14
27
39
51
56
55
45
33
25
18
11
-1
-13
-22
-27
-29
-24
-10
11
32
44
50
51
52
49
41
28
12
-2
-11
-12
-8
-3
0
1
2
4
6
11
17
23
26
24
19
14
12
11
11
6
2
2
4
6
4
4
5
7
10
13
15
13
7
-5
-13
-16
-16
-18
-16
-9
3
17
26
29
26
21
13
3
-6
-9
-3
8
17
22
22
19
13
5
0
7
27
48
63
63
51
36
17
5
1
4
12
20
28
34
39
41
40
34
24
11
-1
-8
-3
12
29
39
38
35
34
35
33
24
10
-8
-29
-52
-65
-63
-50
-30
-12
5
18
28
33
37
35
30
21
7
-18
-51
-77
-80
-57
-21
10
32
42
43
34
22
3
-16
-30
-38
-38
-33
-25
-14
1
16
25
28
27
23
18
13
14
14
14
8
0
-8
-7
0
8
13
14
12
13
18
22
18
5
-14
-34
-43
-40
-31
-15
2
16
22
24
25
30
37
39
34
29
20
12
2
-6
-9
-7
-5
-2
4
13
20
22
16
7
0
0
4
6
8
9
16
26
34
38
36
29
14
-5
-21
-31
-36
-37
-34
-24
-13
-2
5
12
17
18
16
12
6
-2
-15
-23
-26
-21
-15
-13
-10
-6
-2
-1
-1
2
5
5
5
3
4
7
5
5
7
13
21
27
29
29
24
14
0
-10
-13
-10
-5
0
8
16
25
33
43
53
59
57
46
28
10
-2
-8
-4
10
25
34
35
30
26
25
25
25
26
28
31
30
24
8
-10
-23
-28
-20
-5
12
27
37
47
49
45
33
23
19
20
22
23
25
30
31
26
18
11
7
0
-12
-26
-32
-25
-7
15
35
53
62
63
60
53
45
38
28
14
-4
-18
-21
-14
-4
0
-2
-9
-15
-15
-11
-5
2
7
10
13
15
20
25
30
32
28
22
12
1
-17
-42
-64
-77
-75
-62
-49
-37
-23
-3
16
33
40
41
35
25
14
5
4
5
8
12
22
35
42
38
27
12
1
-9
-16
-17
-16
-15
-10
2
17
27
27
22
18
18
16
16
23
33
39
33
20
9
4
3
4
6
9
13
13
7
-6
-21
-31
-32
-25
-17
-8
4
21
40
52
57
57
49
32
11
-8
-14
-11
-6
-3
-3
-5
-8
-11
-8
4
21
38
50
52
44
26
6
-9
-16
-12
2
20
32
31
20
7
-1
-6
-7
1
16
25
20
-1
-25
-38
-37
-20
4
31
50
54
47
38
30
23
13
6
6
9
11
9
10
16
22
23
23
24
28
28
22
14
6
-5
-25
-43
-48
-42
-33
-27
-17
0
15
15
2
-13
-24
-28
-30
-29
-27
-26
-26
-25
-18
-8
-4
-4
-6
1
11
18
19
18
19
26
35
35
32
28
22
11
-1
-9
-8
-2
0
0
3
7
6
4
5
16
29
36
37
33
25
13
2
-4
-3
-1
1
3
4
-1
-8
-14
-14
-9
-1
11
26
34
37
35
36
39
37
29
22
21
20
18
12
7
5
8
12
18
27
35
39
37
31
27
22
18
18
18
17
11
2
-5
-5
1
7
15
24
34
40
39
33
24
15
11
13
16
16
14
10
1
-7
-8
-1
9
19
26
33
38
39
33
28
28
32
38
42
45
41
29
9
-19
-41
-51
-49
-42
-36
-31
-26
-22
-19
-19
-23
-32
-42
-48
-46
-41
-35
-26
-17
-9
-3
3
15
29
33
27
13
1
-10
-17
-18
-14
-8
1
11
23
33
36
36
39
40
36
23
5
-8
-10
-1
13
26
36
39
34
28
24
24
24
21
17
12
9
0
-15
-34
-49
-56
-54
-43
-27
-8
8
20
28
33
35
31
24
15
8
3
5
14
24
30
30
24
13
-2
-19
-30
-33
-26
-15
-2
13
25
31
27
17
9
6
10
16
20
16
7
-2
-6
-7
-4
-1
1
3
5
5
5
9
13
14
8
-4
-14
-14
-1
22
41
53
59
63
60
48
25
-3
-23
-29
-24
-16
-8
5
18
25
21
14
10
13
17
22
24
24
21
21
22
19
11
2
-3
-4
-8
-12
-12
-10
-12
-19
-21
-11
3
13
15
12
4
-8
-16
-17
-16
-18
-26
-30
-23
-9
2
5
4
5
4
0
-4
-4
5
20
30
34
30
24
15
8
2
1
3
2
2
1
3
4
5
7
12
17
18
15
10
6
6
15
27
37
38
34
28
17
1
-13
-20
-14
0
14
26
32
32
26
20
22
22
23
24
26
24
12
-8
-24
-29
-22
-10
9
28
38
35
21
5
-4
-9
-10
-10
-8
-8
-8
-4
1
5
8
11
13
13
12
10
7
0
-6
-9
-6
1
8
14
22
28
32
35
41
50
57
55
46
36
28
23
18
14
12
14
18
18
13
2
-7
-8
-4
5
14
20
27
32
31
27
21
15
6
5
14
27
36
40
38
32
27
17
4
-4
-6
-1
6
12
18
27
31
28
24
21
27
37
48
52
46
30
11
-3
-7
-7
-14
-23
-24
-12
5
15
16
12
7
2
-6
-10
-8
-2
6
12
11
5
-2
2
16
30
36
35
35
38
41
43
42
41
36
25
14
12
17
24
29
30
28
20
8
2
5
15
29
40
46
46
43
39
34
32
32
31
24
5
-17
-34
-39
-36
-31
-29
-26
-22
-23
-26
-28
-18
1
23
34
32
21
5
-10
-23
-28
-27
-20
-14
-12
-13
-11
-9
-8
-9
-5
4
11
11
5
4
7
8
3
-4
-7
-5
0
6
13
15
10
1
-6
-8
-8
-7
-7
-9
-12
-13
-9
3
16
22
14
-2
-15
-24
-27
-28
-27
-23
-17
-8
8
26
40
45
39
32
24
15
6
1
3
10
19
27
34
43
51
52
46
35
25
20
21
24
25
25
27
34
41
42
38
32
25
20
16
13
11
10
8
5
-2
-4
2
15
30
41
47
43
27
4
-12
-14
-6
5
12
14
12
5
-5
-14
-14
-11
-10
-10
-14
-16
-16
-14
-17
-18
-14
-3
12
22
24
21
13
5
-6
-12
-9
3
18
32
40
42
42
41
39
31
19
3
-7
-13
-15
-16
-18
-14
-7
2
12
19
27
32
32
24
11
-2
-9
-10
-5
5
18
30
39
35
19
-4
-22
-27
-20
-10
1
14
29
35
34
29
26
23
17
10
6
11
23
35
39
28
5
-20
-35
-36
-27
-11
6
16
19
22
30
37
37
27
18
13
5
-9
-27
-32
-24
-7
9
18
20
19
19
24
31
33
28
18
10
7
5
1
-6
-10
-6
4
14
19
15
3
-17
-39
-56
-56
-40
-16
4
21
31
38
34
21
6
-8
-16
-16
-4
14
31
36
29
18
4
-6
-6
5
21
35
40
35
23
12
4
4
6
9
17
26
33
33
27
22
18
14
12
7
4
0
-1
0
7
11
15
15
13
9
1
-8
-16
-18
-11
2
13
16
13
6
2
-1
-3
0
11
27
40
42
35
17
-3
-15
-12
5
21
32
35
28
9
-17
-37
-36
-27
-24
-31
-33
-18
0
10
9
10
16
23
24
20
14
5
-13
-34
-49
-48
-36
-22
-8
6
23
40
47
43
34
21
5
-16
-34
-40
-29
-13
-4
0
6
16
24
26
22
14
5
-4
-5
-3
-1
1
3
9
19
25
25
18
7
-5
-14
-17
-15
-15
-20
-19
-11
3
17
29
40
42
36
23
7
-8
-23
-36
-43
-40
-31
-19
-3
14
28
35
39
37
31
25
19
15
12
12
12
12
13
13
13
11
11
13
18
22
23
20
12
5
4
11
23
32
37
39
41
43
44
42
38
30
20
11
3
-5
-11
-14
-14
-17
-24
-32
-31
-18
6
32
55
70
75
66
48
22
-6
-26
-35
-33
-21
-11
-4
-2
-3
-3
-2
1
7
13
13
13
14
22
33
44
48
51
53
49
36
17
-1
-13
-19
-21
-18
-7
5
14
17
19
15
6
-8
-18
-22
-23
-25
-29
-28
-28
-27
-23
-15
-2
12
23
27
26
15
1
-12
-20
-22
-20
-16
-14
-12
-14
-16
-21
-28
-32
-32
-30
-26
-18
-6
7
19
30
40
50
55
48
35
19
9
5
7
9
8
4
1
4
15
29
42
52
55
51
40
27
12
-1
-6
-5
2
6
4
3
4
5
4
-2
-8
-12
-19
-21
-14
0
14
24
26
27
26
24
24
20
12
-2
-13
-17
-11
1
13
27
36
38
35
38
46
57
62
63
60
51
40
28
24
26
24
15
7
8
14
18
14
2
-10
-15
-16
-8
4
18
31
36
33
21
10
7
11
18
19
19
19
23
20
8
-6
-14
-17
-16
-12
1
22
42
48
37
20
5
-3
-4
1
7
12
10
6
5
3
-1
-7
-13
-10
0
22
46
65
70
63
48
27
2
-23
-38
-40
-28
-8
18
45
62
64
53
34
17
1
-6
-2
11
23
24
14
0
-9
-4
14
36
51
56
53
40
21
-2
-18
-23
-13
4
22
35
39
35
25
15
9
7
8
6
-2
-15
-26
-32
-33
-30
-25
-25
-24
-27
-31
-33
-34
-32
-25
-15
-8
-5
-15
-29
-45
-55
-56
-51
-44
-38
-30
-22
-15
-10
-5
1
3
0
-9
-16
-16
-8
3
13
18
21
23
26
29
29
27
23
24
27
31
35
39
39
36
31
28
32
40
46
45
37
25
15
9
9
13
15
17
16
12
6
5
7
14
17
25
34
40
34
23
12
9
9
6
3
3
5
4
-2
-8
-8
-5
-2
-4
-13
-19
-20
-13
-2
4
-2
-6
-6
2
11
16
23
33
42
43
31
8
-20
-43
-57
-57
-53
-45
-34
-22
-12
-12
-19
-19
-1
25
49
58
52
39
25
11
-1
-10
-14
-13
-5
-1
5
14
30
48
58
61
59
56
52
43
34
27
24
22
25
33
38
34
22
10
1
-11
-22
-28
-26
-22
-27
-38
-48
-51
-47
-40
-30
-20
-15
-14
-15
-16
-18
-26
-34
-47
-53
-55
-48
-32
-13
0
5
2
-1
-3
-4
-4
-2
4
14
23
34
45
59
73
85
93
99
101
99
91
80
67
56
46
38
35
37
39
34
25
20
20
18
11
0
-10
-18
-27
-39
-53
-63
-69
-68
-60
-42
-19
8
27
36
35
28
22
20
19
18
14
5
-10
-24
-37
-42
-39
-27
-11
8
22
24
18
16
26
42
54
56
51
40
21
-4
-27
-38
-39
-39
-41
-41
-32
-11
16
44
72
96
116
131
140
137
119
89
56
26
-11
-51
-89
-117
-135
-147
-155
-158
-152
-139
-120
-93
-67
-46
-36
-37
-47
-67
-92
-118
-140
-156
-167
-172
-169
-163
-156
-147
-133
-114
-86
-56
-17
30
87
147
207
259
302
336
365
389
398
382
346
307
279
259
232
193
151
116
90
68
48
29
11
-11
-35
-63
-98
-141
-183
-213
-221
-215
-207
-202
-198
-191
-183
-176
-167
-150
-124
-95
-68
-39
-6
22
42
50
56
62
68
71
69
61
55
56
74
100
120
125
113
91
63
35
14
9
12
11
-2
-27
-52
-71
-80
-80
-76
-75
-74
-70
-58
-46
-41
-40
-36
-29
-23
-21
-18
-15
-8
0
11
28
49
73
108
150
191
217
221
206
180
144
101
60
25
-2
-33
-69
-102
-128
-145
-157
-166
-172
-176
-174
-169
-162
-157
-155
-154
-152
-149
-151
-157
-164
-168
-166
-162
-152
-136
-117
-99
-86
-80
-76
-76
-79
-77
-66
-51
-27
12
79
172
273
362
437
504
562
601
610
592
555
498
424
337
255
190
132
72
9
-38
-67
-87
-106
-117
-110
-92
-87
-106
-137
-170
-213
-270
-330
-372
-394
-398
-381
-337
-279
-230
-190
-143
-77
-4
50
83
113
146
170
168
146
122
107
97
87
77
69
69
84
114
148
167
159
134
109
93
73
37
-15
-64
-103
-139
-182
-222
-242
-236
-218
-193
-153
-100
-44
-8
13
30
52
74
93
104
111
114
114
111
104
97
93
99
112
121
124
128
132
123
94
57
28
8
-16
-53
-100
-145
-184
-216
-241
-258
-267
-276
-284
-286
-277
-261
-242
-227
-210
-189
-171
-166
-172
-181
-183
-182
-187
-198
-202
-189
-159
-116
-56
30
142
265
388
502
604
690
758
802
816
797
745
678
603
518
418
314
224
152
90
33
-15
-42
-51
-50
-56
-78
-119
-176
-229
-272
-319
-378
-440
-486
-513
-536
-556
-557
-519
-448
-356
-256
-148
-45
40
103
144
165
169
165
166
169
158
131
107
97
95
99
119
162
213
253
265
258
238
210
172
118
46
-44
-133
-204
-252
-287
-314
-321
-305
-276
-246
-207
-151
-85
-28
19
70
125
165
177
166
150
130
100
64
37
34
53
89
130
165
186
201
218
231
219
186
142
85
0
-127
-273
-406
-523
-638
-742
-808
-824
-816
-808
-792
-753
-691
-626
-563
-504
-459
-453
-495
-560
-620
-677
-736
-778
-755
-638
-435
-159
192
625
1106
1574
1988
2348
2661
2895
3013
3008
2909
2724
2445
2089
1719
1382
1072
766
479
263
132
51
-16
-68
-111
-188
-346
-575
-840
-1130
-1461
-1823
-2154
-2405
-2579
-2698
-2744
-2673
-2462
-2123
-1687
-1200
-711
-265
121
450
712
876
930
912
882
852
781
631
453
356
409
571
756
923
1085
1238
1339
1356
1296
1168
955
646
281
-95
-468
-850
-1212
-1497
-1676
-1758
-1750
-1638
-1424
-1144
-835
-507
-177
109
302
414
490
534
515
413
268
132
25
-47
-70
-24
87
228
375
519
655
754
784
731
614
458
253
-19
-365
-739
-1087
-1385
-1639
-1855
-2008
-2063
-2001
-1840
-1624
-1409
-1231
-1090
-967
-867
-824
-868
-984
-1104
-1161
-1118
-980
-756
-426
50
660
1332
2002
2686
3430
4181
4773
5093
5173
5100
4887
4483
3905
3240
2558
1871
1205
634
201
-121
-370
-516
-547
-526
-554
-642
-732
-827
-1012
-1329
-1700
-2025
-2300
-2583
-2870
-3068
-3113
-3010
-2783
-2429
-1959
-1425
-884
-362
134
564
870
1049
1145
1179
1128
990
823
703
640
586
510
447
453
544
687
833
947
1014
1025
962
805
548
204
-186
-583
-971
-1343
-1684
-1953
-2093
-2067
-1886
-1604
-1281
-934
-546
-115
306
634
836
943
998
995
893
688
437
216
57
-57
-141
-189
-180
-103
30
186
309
356
328
250
127
-68
-364
-739
-1125
-1466
-1752
-1988
-2164
-2257
-2261
-2195
-2083
-1945
-1785
-1605
-1408
-1218
-1059
-941
-846
-745
-635
-518
-358
-98
307
843
1467
2152
2880
3612
4270
4781
5101
5228
5181
4985
4645
4138
3463
2699
1970
1332
747
170
-339
-684
-853
-917
-929
-880
-790
-756
-854
-1040
-1226
-1407
-1659
-1999
-2341
-2591
-2741
-2820
-2823
-2714
-2481
-2144
-1728
-1241
-710
-182
301
714
1038
1266
1401
1453
1423
1309
1137
963
838
755
678
595
537
543
621
718
775
760
681
554
380
152
-131
-460
-809
-1136
-1403
-1600
-1731
-1783
-1722
-1539
-1281
-996
-695
-373
-62
182
358
506
623
646
555
427
360
352
330
272
222
207
203
200
236
318
377
345
250
175
123
-1
-262
-597
-892
-1118
-1338
-1584
-1803
-1926
-1953
-1938
-1915
-1871
-1803
-1735
-1674
-1607
-1519
-1415
-1287
-1096
-814
-464
-68
397
977
1667
2391
3082
3714
4267
4695
4964
5069
5003
4717
4205
3564
2927
2325
1687
990
340
-139
-435
-634
-771
-831
-824
-815
-849
-909
-979
-1099
-1308
-1591
-1893
-2195
-2483
-2726
-2883
-2955
-2950
-2834
-2569
-2189
-1788
-1400
-965
-440
98
534
857
1131
1374
1509
1491
1393
1318
1290
1263
1212
1163
1143
1145
1143
1116
1066
1013
975
924
788
532
216
-78
-340
-638
-983
-1281
-1447
-1497
-1512
-1500
-1401
-1193
-934
-675
-403
-99
208
461
641
763
821
795
690
562
445
321
164
-2
-112
-133
-101
-70
-60
-60
-75
-132
-265
-461
-680
-893
-1103
-1311
-1509
-1692
-1861
-2009
-2104
-2124
-2083
-2018
-1942
-1847
-1743
-1652
-1562
-1431
-1245
-1058
-896
-703
-385
83
656
1293
1994
2728
3415
4005
4515
4951
5218
5214
4979
4652
4290
3796
3083
2236
1443
817
328
-78
-413
-663
-836
-941
-986
-992
-1012
-1076
-1172
-1296
-1478
-1739
-2033
-2294
-2516
-2731
-2916
-2976
-2852
-2590
-2282
-1938
-1494
-927
-324
199
601
930
1239
1523
1726
1794
1734
1598
1433
1263
1093
948
841
756
667
590
571
622
675
645
537
424
342
240
49
-226
-509
-758
-999
-1259
-1507
-1659
-1672
-1560
-1380
-1149
-860
-507
-109
305
710
1059
1303
1414
1420
1362
1233
1002
692
397
191
58
-71
-213
-323
-370
-369
-345
-300
-246
-231
-307
-483
-725
-1005
-1304
-1602
-1869
-2093
-2273
-2404
-2466
-2455
-2377
-2239
-2048
-1826
-1599
-1376
-1142
-901
-683
-488
-262
54
463
927
1426
1971
2545
3110
3637
4132
4576
4891
5012
4954
4772
4479
4027
3410
2696
1967
1246
546
-75
-542
-860
-1105
-1310
-1430
-1431
-1374
-1352
-1387
-1437
-1503
-1643
-1879
-2144
-2373
-2560
-2740
-2888
-2950
-2909
-2783
-2563
-2199
-1683
-1086
-492
78
628
1126
1508
1746
1867
1912
1894
1814
1694
1545
1357
1116
856
646
535
510
536
576
599
572
491
383
267
104
-164
-517
-865
-1132
-1331
-1516
-1693
-1799
-1787
-1655
-1425
-1109
-719
-277
184
626
1002
1270
1411
1439
1381
1242
1027
764
500
258
43
-149
-296
-376
-389
-356
-302
-252
-223
-242
-324
-466
-647
-847
-1073
-1345
-1656
-1956
-2196
-2371
-2501
-2579
-2563
-2449
-2283
-2120
-1960
-1773
-1551
-1314
-1072
-805
-497
-141
268
746
1294
1876
2465
3057
3655
4230
4723
5070
5229
5187
4961
4598
4133
3572
2929
2243
1566
926
332
-186
-577
-824
-966
-1061
-1136
-1194
-1238
-1288
-1375
-1526
-1744
-2006
-2261
-2484
-2685
-2873
-3012
-3037
-2912
-2652
-2296
-1877
-1413
-915
-391
140
644
1069
1371
1552
1641
1668
1630
1516
1334
1139
979
877
826
815
823
819
790
756
746
740
676
534
354
172
-45
-351
-717
-1050
-1295
-1482
-1643
-1734
-1693
-1525
-1306
-1086
-835
-504
-104
291
599
793
896
931
905
821
686
524
360
200
50
-81
-179
-239
-261
-245
-192
-116
-44
-4
-28
-143
-346
-601
-864
-1127
-1410
-1718
-2014
-2256
-2436
-2557
-2615
-2588
-2478
-2312
-2113
-1889
-1647
-1390
-1111
-785
-383
100
652
1248
1863
2468
3047
3583
4064
4465
4762
4932
4975
4896
4684
4320
3793
3149
2469
1823
1229
679
199
-162
-394
-556
-706
-841
-912
-925
-958
-1081
-1279
-1500
-1733
-2025
-2367
-2670
-2844
-2906
-2936
-2946
-2848
-2570
-2159
-1721
-1288
-812
-287
209
602
901
1159
1376
1509
1548
1531
1473
1353
1171
996
874
792
716
660
665
712
742
718
664
569
386
103
-216
-504
-773
-1060
-1341
-1555
-1699
-1815
-1899
-1876
-1696
-1401
-1063
-711
-345
13
330
604
833
967
949
816
676
591
509
355
146
-32
-142
-209
-243
-202
-78
51
88
34
-37
-94
-203
-430
-730
-1004
-1219
-1434
-1691
-1945
-2121
-2202
-2225
-2220
-2184
-2104
-1980
-1813
-1609
-1381
-1133
-837
-453
17
532
1071
1666
2328
3009
3632
4175
4649
5032
5252
5259
5077
4757
4324
3769
3090
2335
1579
892
304
-196
-622
-963
-1188
-1294
-1319
-1314
-1300
-1295
-1323
-1410
-1564
-1791
-2081
-2398
-2684
-2895
-3015
-3047
-2994
-2862
-2664
-2379
-1960
-1404
-797
-250
195
578
937
1256
1504
1665
1743
1753
1722
1670
1587
1458
1317
1231
1200
1149
1042
951
938
943
853
657
454
284
74
-230
-560
-827
-1053
-1307
-1559
-1699
-1695
-1626
-1551
-1412
-1141
-780
-445
-181
63
323
553
690
737
739
708
610
448
292
192
124
45
-29
-37
14
47
23
-16
-29
-56
-168
-353
-543
-723
-960
-1276
-1588
-1820
-2000
-2187
-2366
-2465
-2465
-2440
-2442
-2420
-2302
-2077
-1783
-1422
-959
-404
180
759
1358
2007
2672
3282
3808
4276
4675
4937
4991
4858
4623
4331
3939
3391
2721
2039
1429
897
417
-2
-323
-531
-654
-734
-789
-833
-884
-964
-1089
-1264
-1486
-1749
-2042
-2350
-2638
-2865
-2993
-3023
-2966
-2825
-2574
-2196
-1714
-1177
-638
-136
308
683
996
1262
1467
1595
1645
1638
1584
1462
1286
1127
1062
1072
1054
957
854
833
864
818
631
383
168
-29
-284
-612
-941
-1208
-1413
-1573
-1658
-1619
-1468
-1269
-1082
-912
-715
-471
-204
38
229
369
466
502
470
392
320
282
266
240
203
172
158
147
127
104
93
81
37
-62
-206
-365
-520
-676
-862
-1079
-1293
-1465
-1592
-1700
-1811
-1929
-2047
-2153
-2220
-2211
-2110
-1945
-1746
-1510
-1204
-792
-258
385
1097
1821
2515
3176
3807
4372
4803
5062
5153
5087
4851
4443
3921
3370
2830
2269
1660
1051
529
141
-146
-380
-563
-677
-734
-792
-894
-1034
-1191
-1371
-1596
-1865
-2151
-2433
-2709
-2962
-3139
-3185
-3092
-2889
-2601
-2232
-1779
-1262
-720
-192
282
680
1004
1260
1436
1514
1508
1463
1413
1354
1269
1191
1167
1190
1210
1192
1153
1105
1021
884
734
605
453
191
-192
-596
-926
-1177
-1390
-1552
-1615
-1571
-1480
-1382
-1256
-1063
-814
-557
-325
-123
33
111
108
69
45
46
50
46
38
34
30
36
70
145
243
329
374
359
275
122
-64
-247
-425
-620
-843
-1065
-1260
-1427
-1588
-1732
-1824
-1864
-1892
-1939
-1989
-1997
-1936
-1812
-1643
-1431
-1152
-775
-282
306
958
1641
2338
3022
3661
4227
4699
5036
5184
5124
4903
4576
4140
3565
2873
2167
1544
1016
531
70
-327
-606
-753
-816
-864
-935
-1025
-1122
-1229
-1373
-1556
-1760
-1980
-2233
-2512
-2750
-2879
-2891
-2824
-2693
-2460
-2117
-1708
-1296
-894
-500
-130
193
475
734
949
1087
1144
1172
1207
1235
1235
1212
1192
1192
1206
1225
1213
1134
988
829
713
616
459
196
-129
-435
-689
-912
-1122
-1298
-1394
-1391
-1326
-1245
-1142
-972
-719
-451
-252
-129
-26
81
140
112
48
29
57
71
47
22
28
55
93
161
245
278
227
146
106
83
-16
-206
-403
-547
-691
-903
-1157
-1372
-1531
-1693
-1884
-2048
-2130
-2157
-2181
-2196
-2137
-1967
-1717
-1435
-1115
-710
-190
421
1077
1760
2470
3184
3825
4312
4623
4818
4925
4895
4656
4222
3695
3155
2595
1991
1387
857
420
47
-269
-486
-589
-638
-698
-781
-861
-954
-1093
-1270
-1449
-1630
-1848
-2099
-2318
-2461
-2555
-2623
-2616
-2463
-2177
-1838
-1488
-1108
-697
-309
11
279
524
735
885
988
1081
1158
1192
1193
1207
1250
1286
1293
1286
1287
1279
1237
1156
1045
890
673
408
125
-155
-426
-676
-879
-1035
-1168
-1282
-1332
-1289
-1194
-1124
-1091
-1027
-862
-625
-423
-332
-331
-335
-284
-180
-64
32
106
169
225
258
248
201
151
129
132
128
94
23
-82
-227
-395
-548
-679
-802
-941
-1092
-1242
-1390
-1545
-1692
-1806
-1886
-1960
-2036
-2082
-2049
-1912
-1661
-1292
-816
-262
353
1035
1778
2532
3239
3867
4405
4810
5025
5030
4876
4622
4264
3770
3161
2515
1915
1377
879
433
95
-110
-219
-300
-378
-441
-492
-577
-734
-947
-1178
-1432
-1743
-2113
-2469
-2725
-2858
-2923
-2965
-2966
-2859
-2595
-2190
-1709
-1222
-763
-346
22
340
617
855
1044
1168
1231
1249
1246
1234
1235
1260
1299
1319
1304
1266
1219
1162
1105
1058
996
848
582
257
-38
-280
-521
-776
-981
-1090
-1144
-1206
-1266
-1260
-1168
-1034
-902
-783
-679
-603
-544
-481
-410
-353
-294
-192
-51
51
59
38
93
214
284
232
137
106
126
100
-21
-174
-283
-362
-469
-617
-761
-869
-961
-1079
-1246
-1434
-1606
-1742
-1835
-1889
-1895
-1847
-1740
-1577
-1345
-1014
-564
-15
578
1174
1781
2412
3043
3619
4101
4484
4735
4802
4673
4411
4087
3684
3155
2533
1926
1406
948
515
135
-151
-358
-533
-675
-755
-797
-884
-1055
-1266
-1467
-1679
-1945
-2245
-2499
-2664
-2768
-2836
-2828
-2676
-2379
-2022
-1684
-1353
-967
-514
-80
245
478
691
891
1022
1064
1089
1160
1241
1262
1238
1251
1319
1371
1350
1286
1217
1126
988
832
700
558
336
41
-244
-468
-671
-885
-1072
-1167
-1183
-1183
-1190
-1165
-1083
-962
-843
-735
-637
-557
-500
-448
-389
-331
-293
-268
-238
-195
-143
-62
60
199
291
311
311
348
390
348
192
1
-136
-226
-333
-489
-652
-784
-895
-1023
-1176
-1336
-1484
-1617
-1733
-1823
-1875
-1866
-1777
-1606
-1375
-1086
-694
-147
543
1285
1992
2649
3288
3900
4408
4722
4815
4737
4555
4280
3871
3292
2605
1946
1411
958
494
32
-306
-439
-454
-480
-528
-509
-411
-360
-475
-719
-984
-1243
-1565
-1968
-2347
-2587
-2691
-2739
-2768
-2708
-2486
-2104
-1641
-1167
-712
-280
116
466
760
981
1100
1115
1072
1037
1032
1028
1011
1007
1048
1121
1186
1231
1272
1303
1275
1163
999
824
625
364
49
-256
-511
-738
-974
-1197
-1342
-1385
-1366
-1339
-1321
-1292
-1230
-1143
-1052
-989
-958
-921
-844
-753
-711
-734
-744
-657
-495
-341
-230
-124
4
111
160
185
242
306
298
192
47
-74
-182
-319
-484
-635
-751
-845
-946
-1059
-1182
-1310
-1434
-1532
-1593
-1613
-1585
-1477
-1252
-894
-415
158
811
1519
2251
2967
3642
4244
4721
5008
5075
4958
4715
4362
3865
3214
2480
1783
1209
758
381
56
-181
-284
-257
-178
-128
-126
-144
-181
-300
-571
-999
-1529
-2091
-2626
-3069
-3362
-3505
-3544
-3503
-3328
-2973
-2480
-1950
-1444
-949
-464
-26
327
591
763
824
787
735
740
768
743
687
709
861
1057
1188
1261
1345
1447
1499
1462
1367
1240
1048
760
415
95
-158
-367
-556
-716
-825
-891
-935
-971
-995
-1002
-1001
-1009
-1019
-1025
-1025
-1026
-1021
-985
-917
-850
-810
-748
-596
-367
-163
-45
33
136
230
229
147
88
94
85
-21
-187
-322
-429
-565
-737
-886
-997
-1120
-1284
-1443
-1538
-1591
-1650
-1701
-1675
-1541
-1333
-1074
-715
-196
462
1178
1886
2583
3274
3920
4443
4783
4920
4864
4634
4264
3784
3218
2590
1949
1347
816
363
-1
-261
-417
-480
-441
-293
-89
52
40
-111
-333
-604
-962
-1421
-1918
-2357
-2669
-2850
-2935
-2967
-2946
-2816
-2516
-2070
-1574
-1094
-621
-135
317
666
895
1054
1160
1189
1128
1040
1005
1034
1083
1122
1167
1239
1310
1328
1279
1204
1149
1110
1032
866
628
374
136
-95
-340
-585
-782
-902
-950
-968
-990
-1017
-1025
-1001
-965
-950
-961
-977
-984
-983
-977
-958
-932
-902
-857
-772
-653
-547
-474
-392
-251
-67
86
152
147
118
94
63
-4
-123
-274
-413
-520
-621
-756
-925
-1083
-1217
-1359
-1529
-1686
-1764
-1748
-1673
-1546
-1333
-990
-516
59
700
1387
2100
2807
3464
4031
4474
4762
4869
4776
4485
4036
3471
2823
2135
1482
926
461
47
-294
-467
-443
-319
-224
-161
-52
85
105
-88
-412
-736
-1065
-1496
-2017
-2472
-2749
-2900
-3012
-3039
-2869
-2501
-2064
-1646
-1210
-697
-170
243
501
674
833
950
965
894
817
797
823
860
908
994
1123
1274
1410
1505
1537
1505
1424
1303
1121
854
539
259
54
-120
-325
-550
-725
-822
-874
-916
-943
-938
-925
-944
-990
-1022
-1023
-1018
-1032
-1052
-1047
-1011
-967
-920
-852
-750
-631
-541
-487
-446
-392
-331
-286
-261
-238
-205
-173
-172
-217
-297
-390
-478
-573
-699
-863
-1029
-1160
-1266
-1392
-1537
-1630
-1613
-1507
-1364
-1167
-844
-375
176
739
1337
2010
2733
3428
4040
4538
4863
4950
4809
4527
4175
3717
3096
2350
1619
1006
500
42
-352
-588
-614
-505
-391
-341
-327
-297
-250
-219
-251
-385
-660
-1069
-1526
-1925
-2231
-2491
-2734
-2905
-2925
-2787
-2540
-2215
-1789
-1262
-695
-175
268
650
972
1186
1252
1182
1035
879
756
699
708
745
764
757
768
835
938
1023
1062
1066
1045
978
846
678
501
296
32
-252
-477
-618
-736
-877
-1006
-1065
-1061
-1071
-1116
-1149
-1138
-1106
-1077
-1031
-950
-878
-859
-852
-778
-642
-524
-475
-452
-398
-326
-280
-262
-241
-202
-167
-153
-161
-196
-265
-348
-417
-470
-542
-642
-753
-875
-1040
-1254
-1462
-1586
-1613
-1566
-1429
-1150
-704
-145
461
1095
1763
2443
3076
3618
4054
4369
4530
4516
4350
4071
3678
3129
2426
1672
1015
528
162
-161
-436
-600
-625
-536
-385
-211
-82
-68
-170
-317
-468
-688
-1055
-1515
-1921
-2179
-2328
-2444
-2531
-2542
-2447
-2248
-1937
-1521
-1048
-606
-234
90
396
660
830
889
877
857
859
861
822
750
700
714
769
820
876
974
1095
1161
1136
1080
1053
1007
852
586
316
113
-62
-277
-517
-717
-854
-949
-1019
-1057
-1079
-1116
-1153
-1132
-1032
-920
-873
-878
-847
-739
-603
-513
-488
-496
-513
-534
-556
-563
-556
-556
-571
-583
-561
-502
-426
-360
-322
-327
-372
-443
-521
-608
-725
-881
-1063
-1241
-1393
-1498
-1528
-1470
-1330
-1109
-787
-336
245
916
1622
2317
2969
3547
4023
4367
4544
4538
4382
4128
3789
3322
2712
2036
1415
905
470
65
-281
-503
-576
-542
-470
-400
-347
-311
-311
-392
-590
-895
-1248
-1590
-1896
-2152
-2340
-2452
-2503
-2495
-2398
-2177
-1854
-1495
-1123
-719
-305
34
251
406
571
713
730
609
469
407
401
380
364
427
576
719
803
868
978
1099
1151
1122
1079
1055
980
789
517
273
103
-51
-248
-464
-638
-755
-855
-964
-1058
-1103
-1094
-1047
-983
-926
-889
-854
-780
-661
-544
-476
-451
-410
-341
-300
-334
-409
-442
-399
-344
-351
-414
-452
-408
-315
-247
-235
-251
-277
-341
-484
-698
-925
-1124
-1291
-1438
-1553
-1603
-1558
-1393
-1097
-687
-203
328
914
1564
2247
2887
3428
3854
4150
4284
4230
4025
3729
3362
2883
2276
1610
992
480
57
-296
-555
-686
-698
-638
-554
-469
-401
-357
-343
-371
-474
-683
-984
-1314
-1600
-1819
-1989
-2133
-2229
-2217
-2053
-1766
-1436
-1117
-768
-348
98
451
658
790
927
1043
1047
924
766
661
605
543
470
434
471
571
701
830
932
986
989
960
910
820
664
451
224
25
-148
-337
-559
-772
-918
-992
-1049
-1120
-1183
-1204
-1199
-1198
-1180
-1091
-951
-857
-853
-862
-778
-631
-550
-588
-651
-634
-563
-538
-573
-574
-487
-373
-318
-315
-296
-239
-192
-196
-246
-322
-427
-570
-743
-937
-1152
-1372
-1549
-1643
-1656
-1606
-1461
-1170
-714
-139
504
1186
1878
2550
3173
3736
4192
4464
4503
4350
4092
3753
3298
2720
2083
1482
957
506
130
-156
-332
-396
-366
-286
-218
-207
-255
-351
-491
-672
-865
-1060
-1291
-1594
-1919
-2151
-2228
-2214
-2192
-2140
-1953
-1601
-1176
-782
-423
-53
315
610
793
886
929
935
901
830
714
544
347
210
207
334
497
620
703
795
924
1056
1149
1186
1176
1129
1026
846
596
312
17
-282
-573
-826
-1023
-1188
-1341
-1459
-1491
-1427
-1319
-1208
-1087
-940
-798
-701
-642
-575
-490
-421
-382
-355
-339
-368
-430
-451
-392
-318
-330
-423
-504
-518
-495
-476
-452
-429
-467
-605
-781
-913
-1010
-1154
-1359
-1534
-1598
-1567
-1477
-1301
-983
-525
15
601
1237
1901
2544
3132
3660
4089
4342
4361
4177
3870
3482
3002
2416
1752
1092
520
93
-182
-345
-425
-423
-352
-265
-222
-223
-216
-190
-212
-369
-656
-1009
-1378
-1744
-2080
-2337
-2490
-2559
-2554
-2437
-2170
-1795
-1390
-980
-529
-44
401
741
985
1165
1247
1185
1017
847
715
575
398
245
198
242
310
394
548
773
988
1117
1166
1183
1178
1124
994
787
516
211
-97
-397
-694
-964
-1158
-1256
-1300
-1321
-1283
-1140
-942
-795
-718
-620
-445
-262
-184
-207
-228
-191
-160
-214
-345
-475
-557
-609
-662
-703
-687
-604
-498
-424
-386
-359
-333
-344
-413
-504
-575
-651
-802
-1052
-1339
-1579
-1731
-1786
-1722
-1532
-1223
-814
-294
345
1059
1763
2409
3007
3571
4052
4354
4425
4287
4008
3627
3143
2552
1889
1240
677
222
-147
-440
-636
-702
-644
-524
-422
-375
-354
-338
-352
-463
-703
-1032
-1390
-1751
-2105
-2408
-2603
-2686
-2698
-2640
-2452
-2078
-1575
-1062
-605
-186
231
633
970
1210
1340
1361
1296
1194
1087
975
845
733
696
743
818
870
906
971
1080
1199
1272
1267
1196
1091
974
837
654
402
96
-229
-530
-780
-980
-1149
-1304
-1442
-1531
-1547
-1499
-1423
-1341
-1243
-1108
-956
-823
-728
-657
-604
-600
-664
-773
-863
-895
-886
-862
-819
-739
-630
-525
-428
-317
-188
-95
-88
-160
-265
-397
-589
-859
-1164
-1428
-1606
-1692
-1687
-1572
-1326
-935
-400
261
991
1727
2433
3093
3682
4143
4425
4519
4439
4204
3829
3352
2820
2266
1694
1127
619
215
-87
-306
-434
-450
-372
-278
-236
-260
-328
-438
-601
-821
-1077
-1366
-1689
-2020
-2313
-2532
-2691
-2795
-2802
-2651
-2333
-1905
-1429
-933
-429
44
455
792
1062
1244
1309
1275
1208
1140
1025
813
561
397
371
402
376
307
318
475
699
872
968
1049
1147
1203
1153
1008
822
612
342
-5
-383
-733
-1044
-1326
-1557
-1685
-1698
-1640
-1556
-1436
-1265
-1072
-919
-826
-754
-648
-503
-348
-228
-185
-240
-363
-472
-506
-473
-419
-369
-318
-267
-235
-221
-199
-163
-144
-185
-302
-491
-741
-1038
-1336
-1578
-1726
-1761
-1685
-1488
-1163
-703
-109
588
1330
2057
2750
3398
3972
4408
4647
4664
4463
4082
3588
3039
2437
1756
1030
372
-116
-448
-696
-866
-895
-772
-600
-504
-518
-582
-658
-753
-884
-1053
-1269
-1562
-1917
-2261
-2524
-2686
-2748
-2684
-2475
-2169
-1856
-1565
-1227
-788
-291
160
514
801
1045
1221
1308
1319
1294
1244
1158
1034
898
776
694
674
730
841
960
1051
1110
1163
1214
1252
1240
1155
1004
809
579
310
0
-325
-636
-925
-1190
-1417
-1579
-1666
-1693
-1660
-1562
-1400
-1205
-999
-791
-601
-472
-419
-405
-390
-389
-426
-475
-485
-464
-464
-489
-476
-389
-290
-254
-266
-247
-190
-164
-232
-385
-590
-834
-1104
-1369
-1591
-1742
-1795
-1721
-1501
-1151
-672
-61
657
1416
2148
2835
3481
4050
4470
4680
4660
4423
4021
3532
3012
2447
1813
1159
592
175
-123
-338
-438
-398
-283
-211
-214
-223
-197
-194
-295
-506
-776
-1084
-1439
-1819
-2159
-2419
-2612
-2754
-2808
-2716
-2480
-2159
-1790
-1359
-853
-334
102
409
632
799
875
834
738
679
652
565
393
242
218
273
295
285
362
575
823
992
1081
1162
1243
1272
1226
1116
931
665
370
126
-81
-337
-663
-955
-1134
-1254
-1399
-1533
-1554
-1462
-1366
-1302
-1180
-940
-685
-554
-548
-540
-456
-359
-335
-384
-448
-490
-520
-542
-531
-473
-393
-328
-293
-272
-243
-222
-259
-380
-578
-822
-1094
-1369
-1598
-1735
-1769
-1708
-1525
-1161
-603
83
812
1541
2272
2999
3674
4247
4665
4872
4837
4585
4186
3689
3092
2403
1694
1065
558
134
-236
-507
-634
-654
-657
-660
-582
-393
-224
-244
-454
-690
-852
-1029
-1341
-1725
-2014
-2162
-2281
-2433
-2511
-2396
-2122
-1812
-1500
-1118
-654
-197
157
412
619
786
885
922
938
959
956
891
771
678
674
734
755
680
583
582
689
806
857
867
874
847
737
580
444
305
78
-237
-536
-745
-926
-1168
-1438
-1625
-1677
-1643
-1583
-1500
-1368
-1187
-974
-751
-559
-449
-419
-409
-364
-303
-304
-399
-528
-618
-651
-656
-635
-549
-380
-186
-47
19
46
30
-78
-308
-607
-907
-1191
-1467
-1708
-1847
-1853
-1720
-1440
-981
-356
361
1107
1881
2679
3438
4069
4521
4776
4820
4660
4348
3927
3373
2649
1840
1132
621
224
-187
-579
-799
-784
-647
-531
-474
-433
-405
-438
-561
-745
-961
-1211
-1503
-1811
-2074
-2270
-2416
-2527
-2564
-2463
-2209
-1851
-1445
-996
-504
-36
327
575
790
1012
1172
1188
1103
1032
1014
974
847
689
596
603
669
763
884
1026
1157
1257
1330
1371
1364
1309
1225
1104
909
626
287
-64
-417
-767
-1086
-1337
-1518
-1653
-1740
-1747
-1662
-1518
-1345
-1145
-918
-695
-506
-351
-235
-195
-274
-447
-623
-730
-789
-856
-941
-1005
-994
-887
-695
-461
-254
-132
-92
-92
-123
-228
-450
-769
-1115
-1425
-1675
-1847
-1918
-1864
-1671
-1317
-785
-89
705
1511
2282
3008
3686
4257
4618
4692
4510
4195
3852
3448
2887
2164
1446
902
533
200
-160
-449
-564
-549
-511
-466
-350
-182
-92
-167
-344
-534
-766
-1103
-1500
-1822
-2035
-2240
-2490
-2671
-2635
-2396
-2090
-1780
-1416
-973
-533
-175
115
392
637
772
789
763
758
738
658
541
455
418
392
372
403
523
701
887
1055
1199
1307
1349
1330
1270
1178
1041
857
628
344
-8
-404
-770
-1052
-1270
-1468
-1642
-1726
-1672
-1506
-1305
-1122
-946
-751
-557
-422
-375
-373
-355
-336
-383
-527
-697
-802
-836
-842
-819
-729
-568
-395
-250
-117
13
91
66
-54
-234
-485
-818
-1183
-1470
-1629
-1690
-1672
-1515
-1165
-645
-26
658
1401
2180
2938
3623
4191
4578
4727
4633
4358
3964
3456
2820
2080
1322
640
83
-365
-732
-995
-1093
-1019
-858
-706
-578
-446
-339
-335
-464
-669
-912
-1208
-1558
-1876
-2085
-2220
-2348
-2442
-2404
-2210
-1934
-1628
-1254
-808
-377
-42
243
547
829
975
957
863
768
674
570
489
451
417
378
388
497
672
852
1032
1231
1408
1495
1492
1461
1412
1280
1021
683
328
-41
-456
-896
-1296
-1607
-1822
-1960
-2034
-2034
-1933
-1712
-1409
-1096
-817
-567
-341
-177
-106
-99
-119
-176
-300
-449
-539
-554
-552
-550
-488
-320
-105
72
191
281
335
320
248
158
30
-226
-638
-1098
-1454
-1639
-1687
-1634
-1459
-1127
-641
-22
715
1540
2380
3137
3748
4191
4453
4503
4350
4045
3645
3143
2501
1760
1066
539
152
-200
-531
-736
-750
-655
-564
-475
-326
-160
-125
-277
-512
-723
-961
-1327
-1761
-2082
-2220
-2304
-2437
-2524
-2389
-2046
-1695
-1449
-1200
-808
-326
67
309
504
720
876
890
824
801
803
695
448
226
175
242
284
296
394
622
869
1027
1126
1238
1334
1334
1225
1068
873
598
247
-101
-408
-723
-1078
-1389
-1552
-1581
-1569
-1539
-1431
-1227
-1008
-835
-672
-462
-244
-113
-98
-154
-240
-355
-487
-588
-636
-655
-678
-683
-631
-519
-382
-232
-56
136
286
318
192
-70
-423
-830
-1256
-1663
-2001
-2242
-2364
-2328
-2082
-1603
-937
-178
616
1442
2297
3116
3805
4304
4604
4694
4563
4238
3778
3225
2579
1877
1219
697
298
-44
-314
-423
-358
-229
-143
-71
54
166
123
-95
-348
-562
-842
-1290
-1780
-2092
-2200
-2290
-2462
-2563
-2407
-2048
-1696
-1420
-1096
-644
-175
163
384
595
800
887
810
658
555
508
465
400
343
311
304
348
484
695
907
1067
1195
1321
1432
1488
1472
1392
1242
1011
728
444
173
-124
-467
-821
-1123
-1340
-1486
-1574
-1597
-1543
-1419
-1248
-1073
-919
-776
-610
-429
-299
-272
-333
-433
-554
-706
-859
-945
-932
-855
-745
-586
-373
-153
15
134
225
247
135
-109
-414
-740
-1104
-1497
-1824
-1993
-2000
-1883
-1625
-1176
-543
182
920
1654
2397
3121
3756
4220
4460
4464
4271
3938
3484
2888
2161
1406
739
202
-231
-568
-756
-756
-632
-512
-446
-382
-262
-142
-145
-306
-539
-776
-1056
-1433
-1846
-2165
-2362
-2523
-2682
-2745
-2616
-2320
-1944
-1510
-1001
-468
-2
374
715
1030
1244
1314
1292
1240
1140
976
805
706
665
603
504
443
480
592
719
844
974
1101
1196
1249
1265
1236
1137
951
690
374
29
-343
-744
-1149
-1492
-1711
-1825
-1894
-1936
-1888
-1707
-1459
-1244
-1071
-879
-662
-502
-453
-474
-505
-567
-700
-870
-982
-1003
-982
-957
-890
-729
-491
-239
-9
187
328
370
298
139
-89
-398
-776
-1142
-1408
-1539
-1567
-1506
-1300
-889
-284
428
1173
1927
2671
3352
3897
4257
4423
4393
4178
3813
3333
2742
2050
1335
727
275
-104
-491
-812
-921
-815
-657
-575
-521
-406
-273
-236
-301
-392
-525
-812
-1261
-1690
-1946
-2098
-2297
-2523
-2593
-2418
-2114
-1823
-1535
-1150
-660
-162
267
623
893
1009
939
766
620
544
463
310
135
52
83
147
191
284
516
852
1141
1304
1398
1496
1570
1535
1384
1175
938
644
296
-50
-368
-692
-1033
-1311
-1448
-1473
-1486
-1515
-1490
-1340
-1091
-833
-641
-537
-493
-466
-418
-375
-404
-535
-714
-852
-929
-970
-984
-928
-794
-628
-473
-311
-110
94
216
222
157
52
-131
-435
-824
-1188
-1459
-1619
-1667
-1561
-1274
-813
-200
549
1393
2238
2989
3611
4123
4503
4674
4569
4222
3741
3206
2618
1944
1216
533
-19
-427
-715
-886
-941
-928
-894
-809
-618
-389
-298
-433
-668
-847
-1010
-1330
-1821
-2266
-2490
-2572
-2677
-2775
-2684
-2349
-1927
-1557
-1177
-659
-37
520
912
1184
1405
1551
1565
1468
1339
1226
1105
956
813
715
654
586
512
502
602
770
910
986
1035
1092
1125
1080
943
738
480
173
-165
-504
-832
-1150
-1431
-1623
-1707
-1720
-1697
-1635
-1490
-1263
-988
-718
-481
-287
-143
-58
-54
-153
-348
-588
-811
-980
-1089
-1141
-1129
-1042
-872
-617
-299
16
255
394
469
496
427
199
-162
-558
-922
-1263
-1587
-1834
-1903
-1754
-1417
-918
-269
491
1272
1998
2658
3279
3819
4174
4271
4137
3873
3554
3154
2605
1905
1181
597
206
-77
-344
-570
-659
-587
-461
-373
-312
-233
-181
-265
-513
-833
-1149
-1471
-1824
-2137
-2329
-2432
-2549
-2665
-2630
-2361
-1974
-1621
-1287
-855
-338
100
359
535
747
933
944
782
615
550
519
418
283
232
295
395
480
595
787
1010
1178
1272
1350
1453
1545
1559
1462
1263
987
664
317
-49
-438
-833
-1176
-1418
-1568
-1681
-1762
-1753
-1615
-1386
-1132
-884
-636
-414
-282
-257
-293
-342
-427
-579
-756
-875
-908
-898
-882
-824
-673
-443
-211
-18
142
276
363
369
284
106
-161
-509
-893
-1263
-1570
-1766
-1795
-1626
-1290
-838
-295
364
1140
1953
2693
3301
3784
4138
4312
4270
4047
3712
3285
2736
2085
1433
880
422
-1
-379
-607
-620
-496
-388
-341
-267
-120
9
-19
-215
-467
-698
-959
-1310
-1700
-2012
-2217
-2376
-2512
-2552
-2443
-2233
-1990
-1688
-1264
-753
-295
27
269
508
717
812
781
688
582
442
255
64
-71
-130
-119
-43
90
243
379
512
684
895
1088
1207
1241
1219
1142
990
751
459
154
-146
-451
-746
-975
-1101
-1145
-1155
-1121
-991
-753
-485
-267
-96
67
221
300
272
163
21
-141
-309
-441
-508
-540
-585
-635
-624
-512
-332
-144
19
152
238
251
185
42
-188
-511
-885
-1236
-1520
-1753
-1940
-2010
-1859
-1460
-890
-245
449
1195
1968
2699
3326
3813
4123
4217
4090
3802
3416
2961
2431
1837
1229
669
196
-172
-435
-590
-637
-593
-498
-407
-358
-364
-428
-548
-717
-933
-1207
-1555
-1941
-2269
-2470
-2588
-2705
-2806
-2775
-2545
-2189
-1829
-1490
-1117
-703
-333
-72
111
275
408
451
397
313
265
251
231
196
188
240
338
450
577
748
966
1187
1361
1477
1564
1638
1669
1613
1445
1172
825
446
82
-252
-558
-839
-1060
-1193
-1242
-1242
-1214
-1136
-987
-774
-537
-335
-210
-169
-171
-183
-216
-299
-425
-541
-610
-650
-686
-693
-636
-518
-381
-240
-79
105
274
381
408
341
161
-131
-482
-821
-1103
-1323
-1478
-1542
-1467
-1219
-796
-231
419
1107
1804
2491
3124
3637
3986
4159
4153
3955
3586
3118
2624
2116
1578
1035
566
212
-76
-334
-507
-514
-392
-277
-257
-298
-347
-428
-589
-818
-1064
-1326
-1634
-1971
-2254
-2451
-2602
-2732
-2773
-2638
-2346
-2012
-1710
-1408
-1053
-662
-298
2
253
463
609
668
647
579
502
432
375
335
309
314
372
495
651
801
949
1132
1358
1586
1752
1820
1796
1690
1500
1245
954
650
336
26
-248
-464
-633
-765
-839
-820
-719
-599
-504
-410
-284
-149
-77
-89
-123
-126
-133
-225
-411
-604
-721
-767
-791
-799
-756
-643
-488
-323
-159
-15
62
35
-75
-232
-429
-684
-994
-1314
-1601
-1850
-2036
-2102
-1987
-1698
-1287
-786
-192
484
1169
1787
2334
2849
3316
3634
3712
3583
3356
3073
2667
2087
1425
856
466
184
-98
-378
-568
-631
-622
-612
-597
-531
-430
-374
-421
-549
-721
-948
-1256
-1608
-1897
-2069
-2189
-2328
-2438
-2393
-2151
-1831
-1567
-1346
-1058
-662
-247
91
350
567
737
814
801
744
676
590
497
428
393
365
342
379
526
752
967
1129
1267
1403
1494
1494
1435
1378
1316
1173
916
613
344
102
-181
-507
-788
-955
-1024
-1051
-1043
-977
-875
-809
-803
-786
-696
-563
-470
-439
-416
-380
-388
-488
-618
-679
-656
-636
-665
-685
-607
-430
-237
-101
-30
2
7
-29
-114
-244
-409
-602
-824
-1056
-1259
-1390
-1430
-1380
-1233
-964
-559
-32
588
1276
1984
2642
3201
3657
4008
4206
4179
3943
3600
3229
2811
2304
1742
1208
732
308
-38
-229
-266
-275
-339
-383
-279
-81
9
-116
-328
-465
-560
-774
-1147
-1539
-1829
-2038
-2231
-2366
-2355
-2201
-1996
-1776
-1499
-1136
-747
-403
-113
143
342
447
470
456
425
371
303
239
160
45
-69
-94
-4
146
300
466
663
847
965
1008
1005
953
837
691
575
484
338
100
-175
-418
-630
-864
-1112
-1301
-1377
-1363
-1315
-1251
-1149
-1009
-864
-749
-667
-600
-526
-455
-416
-428
-483
-548
-589
-599
-595
-599
-593
-533
-396
-229
-118
-100
-129
-149
-178
-282
-493
-767
-1030
-1245
-1406
-1501
-1513
-1435
-1269
-1015
-666
-220
328
973
1668
2332
2900
3358
3709
3918
3950
3830
3643
3429
3135
2695
2149
1621
1205
879
564
260
34
-77
-126
-185
-241
-235
-166
-107
-106
-131
-152
-214
-402
-726
-1099
-1435
-1724
-1979
-2170
-2228
-2123
-1901
-1639
-1373
-1087
-758
-410
-91
193
471
754
987
1110
1137
1117
1047
876
631
435
379
408
419
413
476
630
793
893
956
1017
1050
1019
941
855
740
544
283
25
-202
-436
-700
-944
-1115
-1222
-1308
-1376
-1381
-1295
-1152
-1003
-873
-745
-594
-430
-305
-266
-317
-422
-534
-623
-675
-690
-684
-670
-633
-561
-464
-390
-355
-317
-224
-102
-41
-105
-269
-465
-663
-886
-1150
-1434
-1668
-1780
-1739
-1562
-1300
-979
-594
-129
412
1004
1623
2245
2818
3277
3585
3732
3730
3594
3365
3077
2719
2260
1723
1205
780
421
71
-248
-449
-506
-493
-475
-443
-369
-288
-257
-287
-365
-515
-771
-1088
-1367
-1556
-1714
-1915
-2137
-2284
-2284
-2152
-1951
-1719
-1468
-1193
-898
-600
-317
-46
214
435
584
672
739
790
784
703
619
613
661
670
628
625
726
869
952
978
1026
1119
1184
1164
1102
1067
1048
956
738
438
135
-136
-392
-654
-882
-1028
-1091
-1113
-1114
-1067
-955
-813
-695
-605
-496
-346
-192
-93
-69
-102
-161
-223
-269
-302
-337
-380
-404
-379
-315
-257
-227
-215
-209
-221
-270
-337
-387
-425
-493
-621
-789
-944
-1043
-1084
-1058
-945
-722
-396
10
473
982
1522
2063
2570
3021
3392
3651
3767
3756
3662
3506
3243
2808
2229
1633
1138
745
378
8
-296
-442
-427
-340
-269
-241
-239
-267
-344
-484
-664
-863
-1082
-1334
-1600
-1841
-2045
-2240
-2430
-2555
-2525
-2326
-2031
-1726
-1428
-1094
-715
-335
14
324
582
754
831
856
878
881
816
688
569
506
473
430
410
478
633
781
851
869
898
943
962
941
925
915
833
602
268
-41
-268
-466
-691
-909
-1054
-1140
-1227
-1295
-1249
-1075
-906
-861
-890
-850
-703
-559
-501
-486
-433
-354
-329
-380
-454
-496
-500
-484
-461
-453
-466
-466
-420
-355
-344
-413
-504
-566
-623
-739
-909
-1070
-1190
-1274
-1324
-1315
-1233
-1091
-885
-583
-170
310
801
1284
1761
2214
2616
2965
3264
3476
3545
3464
3289
3057
2732
2271
1725
1213
803
462
127
-175
-367
-421
-388
-339
-300
-259
-218
-193
-182
-189
-251
-429
-728
-1073
-1361
-1569
-1740
-1912
-2049
-2105
-2078
-1986
-1823
-1559
-1206
-832
-491
-176
150
465
712
863
954
1029
1082
1081
1036
997
1001
1021
1004
950
910
924
970
997
993
998
1028
1036
968
829
686
580
470
306
91
-119
-294
-447
-592
-720
-818
-892
-949
-974
-942
-849
-728
-620
-544
-489
-423
-323
-199
-108
-106
-194
-313
-402
-453
-496
-546
-571
-540
-463
-382
-329
-302
-273
-217
-132
-42
-1
-49
-175
-339
-513
-713
-940
-1160
-1315
-1370
-1336
-1213
-992
-669
-271
170
640
1130
1609
2055
2460
2817
3075
3164
3061
2824
2535
2233
1906
1544
1164
788
426
88
-194
-379
-456
-445
-394
-338
-289
-251
-225
-210
-222
-305
-501
-803
-1127
-1376
-1522
-1620
-1714
-1783
-1782
-1701
-1565
-1374
-1103
-764
-424
-144
89
328
574
760
835
830
818
823
808
763
742
778
822
785
665
571
586
677
752
770
757
726
657
553
462
400
322
182
7
-138
-235
-333
-466
-607
-720
-809
-887
-932
-902
-799
-678
-585
-523
-467
-409
-357
-313
-277
-265
-287
-330
-362
-373
-394
-458
-557
-649
-701
-715
-713
-709
-697
-661
-599
-520
-443
-389
-375
-418
-521
-669
-834
-979
-1088
-1160
-1194
-1174
-1076
-891
-634
-314
76
536
1045
1554
2023
2441
2805
3093
3263
3291
3202
3034
2806
2502
2128
1731
1361
1016
669
328
47
-125
-212
-279
-358
-414
-407
-340
-270
-260
-333
-475
-655
-849
-1049
-1258
-1480
-1698
-1872
-1968
-1979
-1915
-1773
-1539
-1223
-871
-533
-217
81
346
534
630
670
703
739
752
732
683
611
527
446
405
423
491
572
639
687
721
754
787
819
837
825
757
622
446
269
116
-26
-185
-356
-516
-651
-761
-845
-883
-874
-847
-820
-766
-653
-494
-335
-209
-110
-36
-6
-29
-87
-159
-247
-368
-503
-606
-654
-667
-673
-663
-612
-526
-442
-380
-321
-232
-129
-72
-117
-256
-432
-602
-764
-936
-1106
-1237
-1295
-1276
-1187
-1016
-743
-362
98
590
1080
1564
2054
2542
2981
3306
3460
3432
3261
2997
2666
2276
1846
1414
1009
623
252
-60
-251
-322
-333
-335
-313
-253
-190
-171
-182
-180
-188
-293
-528
-801
-1010
-1161
-1346
-1594
-1813
-1906
-1880
-1806
-1705
-1533
-1260
-933
-618
-322
-26
257
467
586
669
765
847
848
776
715
710
706
633
508
418
403
428
452
477
517
545
528
468
399
346
304
254
174
49
-112
-269
-381
-458
-541
-645
-733
-774
-783
-790
-787
-740
-645
-540
-467
-423
-381
-333
-284
-249
-232
-236
-266
-319
-369
-394
-387
-360
-318
-268
-225
-201
-185
-147
-69
22
73
57
-15
-129
-284
-479
-698
-909
-1103
-1274
-1403
-1451
-1390
-1231
-1004
-718
-349
120
653
1184
1670
2119
2544
2910
3147
3220
3159
3023
2836
2582
2244
1846
1429
1033
685
397
166
-18
-156
-227
-226
-180
-134
-117
-116
-108
-100
-132
-254
-472
-742
-998
-1207
-1390
-1579
-1775
-1939
-2027
-2029
-1940
-1762
-1513
-1234
-956
-672
-370
-75
174
364
514
638
718
745
731
688
613
517
436
390
361
326
303
332
395
434
428
423
461
512
520
473
407
347
275
169
47
-77
-200
-330
-448
-530
-588
-655
-723
-742
-676
-556
-458
-412
-387
-340
-282
-244
-211
-149
-49
32
43
-8
-76
-147
-229
-312
-363
-375
-359
-334
-292
-240
-200
-187
-179
-173
-204
-313
-494
-701
-899
-1083
-1247
-1363
-1412
-1385
-1281
-1085
-790
-417
5
458
932
1410
1876
2309
2680
2955
3122
3186
3142
2967
2668
2312
1977
1678
1376
1051
745
520
385
317
285
270
250
211
172
149
120
38
-122
-333
-567
-819
-1086
-1350
-1588
-1799
-1987
-2123
-2170
-2119
-2012
-1875
-1683
-1404
-1066
-737
-441
-154
142
404
577
668
727
774
777
711
607
518
462
415
363
315
283
268
283
348
457
562
622
635
627
609
561
464
328
172
10
-161
-336
-507
-665
-792
-878
-924
-940
-939
-925
-885
-820
-739
-647
-539
-415
-294
-209
-176
-174
-170
-147
-114
-97
-113
-157
-204
-233
-242
-250
-271
-285
-262
-206
-165
-184
-259
-346
-432
-541
-691
-851
-983
-1091
-1199
-1296
-1336
-1289
-1179
-1023
-803
-496
-123
276
693
1142
1609
2045
2437
2793
3109
3327
3395
3325
3164
2933
2632
2296
1974
1665
1327
954
609
364
225
146
85
19
-58
-128
-155
-143
-160
-270
-452
-640
-811
-1011
-1260
-1514
-1727
-1901
-2049
-2139
-2138
-2051
-1889
-1644
-1320
-986
-711
-488
-260
-13
204
368
514
653
735
723
670
652
657
614
508
418
417
473
502
463
384
318
282
260
236
203
163
101
-6
-158
-318
-448
-560
-687
-821
-907
-924
-905
-891
-861
-773
-648
-549
-495
-432
-319
-185
-79
-11
38
70
65
32
-11
-70
-157
-251
-299
-292
-283
-307
-330
-299
-227
-177
-173
-183
-189
-221
-302
-404
-489
-579
-730
-937
-1123
-1229
-1282
-1337
-1392
-1390
-1284
-1073
-782
-427
-15
434
895
1352
1792
2202
2566
2868
3088
3212
3238
3183
3052
2846
2571
2262
1958
1665
1365
1058
790
619
555
531
474
353
206
77
-20
-117
-246
-402
-569
-753
-980
-1251
-1513
-1708
-1831
-1920
-1994
-2029
-1993
-1885
-1720
-1499
-1229
-948
-687
-449
-210
12
177
288
400
531
625
628
582
561
568
534
452
409
451
506
481
409
396
453
474
393
286
246
250
199
61
-98
-222
-328
-438
-530
-585
-634
-699
-742
-697
-578
-473
-421
-378
-282
-150
-42
19
57
85
86
58
34
31
19
-40
-129
-196
-233
-287
-382
-470
-494
-467
-446
-455
-466
-469
-496
-576
-683
-776
-853
-940
-1032
-1102
-1142
-1189
-1252
-1301
-1297
-1256
-1213
-1162
-1054
-856
-585
-269
87
498
957
1429
1881
2297
2670
2985
3223
3370
3419
3376
3256
3075
2835
2527
2148
1724
1296
912
594
335
118
-54
-160
-203
-226
-270
-342
-414
-478
-560
-698
-894
-1114
-1319
-1494
-1658
-1828
-1989
-2078
-2052
-1939
-1805
-1671
-1488
-1221
-912
-636
-400
-158
100
313
435
502
572
640
665
647
627
628
628
620
622
638
635
594
553
566
620
656
630
551
435
283
108
-64
-212
-345
-463
-548
-595
-619
-638
-636
-582
-488
-404
-358
-334
-298
-252
-215
-195
-179
-154
-128
-115
-108
-95
-77
-78
-117
-178
-219
-217
-201
-222
-283
-343
-370
-383
-414
-461
-496
-522
-568
-643
-726
-792
-847
-920
-1015
-1112
-1189
-1239
-1271
-1291
-1291
-1247
-1143
-984
-802
-602
-355
-28
369
795
1228
1656
2062
2422
2733
3007
3227
3342
3312
3158
2945
2712
2455
2160
1839
1510
1184
866
568
318
144
47
-19
-103
-219
-341
-449
-562
-711
-888
-1054
-1189
-1306
-1436
-1584
-1718
-1800
-1816
-1779
-1708
-1596
-1433
-1238
-1061
-919
-773
-575
-349
-154
-20
83
179
244
236
176
128
137
193
255
285
279
266
290
366
455
514
549
592
631
619
538
437
363
292
192
78
1
-35
-70
-108
-109
-65
-31
-38
-41
20
130
226
280
328
380
390
333
257
218
207
162
65
-38
-104
-152
-223
-318
-390
-419
-426
-445
-479
-499
-495
-490
-514
-569
-641
-715
-804
-919
-1032
-1107
-1143
-1180
-1250
-1343
-1405
-1415
-1400
-1397
-1402
-1371
-1273
-1116
-928
-714
-459
-158
173
515
871
1254
1657
2044
2378
2647
2856
3003
3081
3079
2996
2844
2633
2367
2057
1721
1380
1050
738
458
231
66
-47
-137
-214
-275
-318
-359
-413
-497
-624
-799
-1005
-1199
-1348
-1459
-1559
-1649
-1706
-1705
-1649
-1540
-1374
-1176
-982
-811
-643
-456
-271
-124
-10
95
177
192
143
112
159
246
288
272
269
326
414
475
509
547
596
623
619
593
556
496
418
353
303
238
131
5
-84
-114
-104
-86
-69
-56
-48
-31
21
100
175
217
245
291
337
333
251
120
-10
-123
-221
-303
-359
-407
-464
-528
-570
-576
-563
-553
-536
-486
-410
-345
-322
-344
-395
-456
-521
-586
-648
-710
-781
-854
-922
-977
-1027
-1085
-1156
-1227
-1279
-1303
-1306
-1285
-1232
-1127
-961
-735
-464
-161
172
538
933
1334
1722
2085
2416
2703
2926
3074
3144
3126
3014
2815
2552
2243
1892
1510
1136
807
530
284
63
-119
-243
-305
-320
-314
-324
-366
-434
-505
-589
-714
-894
-1096
-1282
-1459
-1653
-1849
-1991
-2037
-1999
-1896
-1735
-1525
-1313
-1134
-967
-755
-484
-214
-18
107
211
323
422
475
492
508
542
578
604
629
680
756
836
898
939
967
976
955
892
795
687
593
521
448
342
194
39
-89
-186
-278
-371
-433
-430
-375
-311
-270
-242
-196
-121
-28
55
114
146
154
137
96
34
-42
-120
-189
-242
-286
-335
-396
-450
-475
-463
-437
-431
-446
-466
-475
-487
-522
-586
-656
-720
-777
-832
-868
-874
-856
-855
-893
-954
-1005
-1027
-1024
-1003
-966
-909
-836
-732
-577
-363
-114
149
438
773
1154
1557
1960
2343
2681
2923
3044
3062
3019
2940
2810
2613
2349
2037
1706
1376
1060
767
514
313
172
65
-36
-138
-226
-299
-379
-491
-643
-819
-1005
-1187
-1349
-1488
-1621
-1765
-1899
-1984
-1999
-1969
-1928
-1856
-1709
-1490
-1267
-1097
-959
-785
-554
-314
-129
5
127
255
367
454
539
637
729
781
801
823
859
887
890
879
879
882
871
840
795
730
643
541
440
328
188
22
-141
-282
-412
-532
-623
-653
-639
-617
-597
-555
-472
-358
-246
-162
-120
-112
-116
-116
-125
-162
-224
-275
-297
-287
-265
-249
-255
-282
-305
-295
-272
-277
-309
-315
-275
-246
-288
-371
-425
-441
-474
-542
-596
-599
-584
-604
-653
-694
-719
-745
-763
-745
-692
-638
-592
-525
-427
-313
-201
-62
127
358
609
874
1162
1465
1771
2066
2337
2566
2735
2850
2911
2905
2823
2691
2535
2328
2035
1678
1340
1069
826
555
265
6
-211
-423
-641
-826
-945
-1025
-1111
-1202
-1269
-1316
-1387
-1498
-1610
-1686
-1748
-1835
-1938
-2000
-1992
-1939
-1876
-1794
-1669
-1490
-1277
-1052
-820
-584
-352
-136
57
222
359
476
576
656
715
763
815
874
937
997
1055
1102
1124
1120
1112
1116
1125
1104
1028
905
777
664
560
431
271
105
-28
-124
-204
-289
-365
-399
-379
-329
-277
-236
-188
-117
-39
9
6
-22
-34
-16
-2
-30
-97
-179
-247
-303
-352
-391
-414
-427
-431
-418
-375
-317
-282
-291
-329
-357
-367
-385
-440
-525
-612
-678
-730
-779
-824
-862
-888
-902
-898
-874
-837
-805
-780
-754
-718
-683
-659
-641
-622
-596
-553
-475
-351
-183
15
239
497
784
1089
1394
1697
1997
2277
2502
2656
2741
2768
2732
2619
2435
2211
1966
1693
1380
1054
759
519
308
104
-71
-193
-284
-382
-498
-598
-667
-732
-823
-923
-1002
-1064
-1142
-1256
-1376
-1471
-1537
-1596
-1652
-1676
-1636
-1537
-1415
-1289
-1136
-928
-675
-429
-233
-72
90
267
437
577
683
759
807
827
836
848
873
906
936
949
945
935
930
930
912
869
818
767
704
616
514
413
307
175
13
-154
-305
-429
-519
-580
-630
-695
-768
-802
-770
-687
-594
-502
-394
-264
-135
-39
20
61
85
76
27
-41
-89
-100
-95
-113
-164
-218
-244
-239
-220
-202
-191
-205
-251
-306
-345
-375
-424
-494
-556
-594
-628
-681
-737
-770
-783
-795
-804
-779
-714
-634
-560
-492
-425
-370
-332
-298
-260
-235
-244
-270
-277
-238
-155
-39
113
303
520
756
1016
1298
1594
1864
2089
2272
2423
2526
2546
2466
2322
2157
1972
1729
1424
1109
832
587
336
78
-140
-294
-412
-523
-606
-627
-610
-616
-673
-746
-802
-854
-928
-1022
-1106
-1173
-1242
-1328
-1416
-1482
-1514
-1508
-1447
-1325
-1158
-975
-789
-577
-319
-39
210
403
557
706
845
938
962
931
876
823
783
750
716
665
591
505
437
400
396
418
447
466
454
410
350
292
228
140
13
-145
-321
-488
-633
-749
-846
-931
-1004
-1047
-1035
-960
-847
-727
-621
-512
-366
-171
39
213
333
423
510
585
620
599
541
473
409
357
316
283
250
218
192
169
138
85
21
-29
-59
-81
-118
-168
-228
-301
-397
-508
-609
-679
-717
-742
-764
-780
-772
-731
-663
-580
-503
-439
-390
-346
-310
-291
-298
-318
-329
-329
-331
-340
-340
-300
-210
-78
86
283
519
787
1085
1402
1715
1993
2219
2400
2538
2601
2564
2435
2256
2053
1814
1534
1240
964
711
470
243
36
-149
-312
-437
-513
-556
-612
-695
-783
-845
-882
-919
-965
-1007
-1050
-1105
-1177
-1244
-1291
-1318
-1325
-1305
-1253
-1173
-1065
-918
-733
-540
-380
-253
-127
13
133
198
225
259
315
368
396
411
437
467
486
495
510
526
522
494
474
472
461
410
334
278
253
217
128
3
-121
-234
-348
-458
-538
-580
-621
-686
-748
-760
-717
-663
-620
-568
-473
-342
-222
-137
-70
10
107
204
289
357
410
449
483
514
531
528
508
484
448
381
278
171
85
12
-77
-192
-313
-411
-479
-523
-559
-591
-623
-652
-669
-666
-645
-610
-577
-551
-530
-501
-449
-383
-325
-288
-264
-233
-200
-173
-156
-140
-120
-104
-94
-86
-73
-62
-53
-32
10
68
131
199
290
411
549
691
837
1000
1179
1365
1548
1715
1849
1934
1975
1977
1937
1844
1698
1520
1334
1136
913
668
431
233
75
-76
-238
-406
-553
-658
-725
-766
-799
-829
-864
-904
-949
-994
-1030
-1063
-1103
-1158
-1205
-1217
-1184
-1126
-1071
-1018
-948
-847
-735
-633
-547
-452
-322
-163
-7
122
236
352
470
563
609
618
617
613
598
571
543
520
505
489
473
444
396
335
285
254
221
161
80
-1
-71
-144
-228
-313
-386
-453
-528
-604
-664
-695
-707
-710
-709
-692
-658
-607
-542
-466
-378
-276
-159
-48
38
95
147
210
282
336
364
378
386
374
335
282
238
214
196
173
148
127
116
102
69
25
-18
-48
-77
-125
-193
-252
-277
-270
-260
-267
-290
-320
-351
-379
-391
-382
-359
-334
-309
-284
-270
-276
-287
-286
-264
-238
-225
-228
-244
-268
-299
-330
-358
-375
-380
-371
-343
-297
-225
-115
38
223
415
594
760
929
1109
1297
1471
1604
1678
1697
1680
1655
1628
1585
1506
1397
1278
1158
1020
855
680
522
387
254
114
-5
-77
-112
-147
-202
-270
-335
-396
-462
-540
-629
-724
-818
-887
-924
-939
-954
-972
-978
-950
-902
-852
-795
-702
-568
-434
-339
-270
-180
-54
66
132
153
172
207
232
231
225
234
242
219
171
136
140
170
193
193
175
145
108
65
17
-31
-72
-105
-138
-184
-245
-315
-385
-445
-487
-519
-561
-620
-667
-673
-636
-582
-525
-444
-340
-247
-189
-141
-64
40
132
195
260
344
435
508
567
620
658
661
642
627
622
607
566
506
438
356
260
166
91
29
-40
-123
-208
-280
-342
-402
-461
-513
-548
-568
-586
-604
-617
-616
-601
-580
-563
-553
-549
-535
-498
-435
-365
-303
-249
-194
-147
-124
-123
-121
-102
-89
-103
-132
-137
-110
-80
-70
-68
-42
11
80
170
291
436
579
702
812
927
1054
1182
1295
1376
1425
1444
1447
1437
1413
1372
1304
1205
1075
933
804
685
556
399
228
69
-72
-208
-337
-443
-525
-598
-671
-739
-792
-844
-907
-970
-1004
-1008
-1007
-1024
-1045
-1044
-1012
-965
-910
-836
-739
-639
-553
-479
-397
-297
-190
-98
-19
64
148
217
260
290
318
341
345
334
329
337
349
354
360
371
370
342
294
248
218
198
176
152
133
120
106
83
44
-19
-95
-164
-209
-238
-261
-279
-284
-279
-269
-256
-231
-195
-159
-127
-86
-34
21
64
103
157
224
285
325
347
361
368
364
346
314
273
233
197
158
100
24
-52
-105
-141
-179
-229
-278
-315
-344
-372
-395
-407
-412
-420
-434
-452
-465
-465
-444
-410
-375
-348
-323
-287
-243
-205
-174
-137
-89
-36
5
34
70
117
167
202
223
231
228
199
142
65
-18
-95
-163
-213
-241
-248
-247
-244
-237
-219
-178
-113
-31
59
153
258
378
505
626
732
824
904
971
1024
1070
1098
1098
1074
1045
1016
967
876
757
636
524
416
314
236
187
142
82
15
-39
-79
-128
-194
-258
-307
-355
-418
-492
-553
-602
-657
-723
-780
-807
-808
-808
-819
-831
-828
-802
-750
-671
-562
-437
-316
-210
-118
-32
54
137
214
278
314
318
303
289
289
296
289
270
239
208
180
160
156
168
186
197
198
197
197
194
191
187
177
145
86
14
-55
-120
-190
-262
-323
-366
-398
-423
-434
-426
-408
-390
-366
-314
-228
-122
-16
79
167
242
294
321
333
332
325
305
273
239
209
181
152
116
80
55
49
47
31
1
-26
-36
-44
-64
-100
-134
-165
-201
-244
-278
-296
-308
-336
-370
-391
-383
-355
-321
-281
-228
-163
-98
-53
-30
-23
-22
-22
-20
-19
-25
-39
-55
-59
-46
-20
5
32
64
99
128
147
164
178
187
188
193
202
209
200
185
175
165
150
127
102
83
64
50
55
78
102
111
110
109
104
92
82
93
131
182
238
307
389
470
534
577
601
599
577
556
564
609
651
639
550
412
271
162
71
-45
-205
-375
-500
-571
-620
-676
-716
-714
-683
-675
-714
-778
-830
-851
-853
-843
-822
-798
-778
-759
-720
-646
-546
-443
-354
-280
-209
-133
-48
34
113
193
274
342
386
408
425
437
436
422
405
398
405
417
432
450
465
471
466
450
420
374
321
274
232
185
136
95
61
18
-49
-125
-192
-246
-299
-352
-394
-426
-448
-457
-438
-396
-358
-347
-363
-393
-423
-447
-458
-452
-436
-417
-392
-350
-289
-213
-134
-62
-13
13
24
39
59
76
92
110
136
157
162
153
132
90
16
-77
-168
-237
-290
-341
-397
-451
-489
-499
-482
-444
-396
-336
-259
-166
-60
55
176
305
447
601
758
906
1039
1160
1271
1366
1430
1456
1447
1406
1336
1245
1137
1020
893
773
667
566
449
312
177
65
-22
-107
-185
-242
-280
-330
-418
-527
-623
-691
-745
-795
-830
-834
-819
-810
-824
-852
-878
-889
-873
-829
-768
-699
-617
-512
-399
-306
-247
-197
-128
-45
29
99
175
252
305
333
360
408
471
533
593
650
681
653
573
485
422
380
350
332
326
316
283
227
158
83
1
-81
-146
-193
-238
-295
-357
-411
-450
-478
-490
-486
-473
-469
-473
-472
-453
-426
-407
-398
-394
-389
-379
-357
-303
-212
-99
5
85
153
224
300
363
394
392
383
387
413
448
476
481
460
419
362
293
226
177
154
149
138
116
95
86
78
53
14
-18
-32
-47
-83
-142
-194
-213
-198
-168
-143
-139
-160
-197
-234
-257
-259
-232
-180
-113
-51
-4
33
77
137
200
252
292
326
362
404
457
515
569
608
625
610
548
434
291
154
42
-45
-115
-168
-208
-247
-295
-344
-373
-384
-397
-433
-489
-544
-583
-601
-599
-588
-577
-563
-541
-506
-464
-410
-343
-268
-198
-147
-113
-76
-20
49
129
218
305
372
401
401
395
401
419
438
442
425
383
326
269
219
178
143
111
83
59
42
43
62
91
113
120
112
96
80
69
64
64
68
70
56
13
-50
-111
-157
-189
-224
-257
-275
-276
-271
-265
-249
-208
-148
-79
-14
43
84
103
108
102
82
51
23
14
23
18
-12
-55
-88
-98
-92
-77
-59
-37
-16
-3
-1
-4
-5
13
50
96
133
151
145
117
73
23
-19
-44
-59
-78
-100
-120
-125
-111
-92
-77
-69
-63
-49
-23
11
47
82
120
154
173
163
136
109
97
92
81
58
25
-15
-54
-88
-103
-95
-77
-62
-56
-51
-44
-34
-19
12
59
110
147
168
175
166
135
91
55
30
8
-21
-49
-65
-72
-81
-90
-82
-57
-31
-15
-5
9
32
60
93
135
179
214
234
255
291
331
359
364
353
332
302
269
242
233
235
232
222
202
174
140
107
83
66
43
0
-55
-103
-143
-185
-240
-307
-377
-449
-526
-598
-663
-721
-780
-832
-862
-862
-841
-803
-740
-648
-551
-465
-379
-272
-136
3
122
211
270
302
317
332
358
389
408
410
404
405
409
405
387
363
338
320
303
285
270
255
238
218
203
198
195
173
123
56
-9
-64
-118
-165
-190
-188
-177
-179
-196
-216
-233
-250
-254
-225
-152
-57
29
94
138
171
195
222
248
265
273
268
252
221
175
125
83
54
36
27
34
54
70
62
30
-17
-67
-113
-148
-169
-175
-177
-179
-181
-179
-174
-170
-166
-164
-163
-168
-178
-187
-184
-171
-160
-163
-188
-234
-287
-325
-335
-318
-291
-270
-260
-254
-245
-233
-213
-179
-130
-74
-23
26
75
125
168
209
260
330
409
482
543
587
615
623
617
606
595
587
582
574
550
500
439
385
348
309
249
174
107
56
13
-23
-44
-55
-77
-132
-211
-288
-340
-370
-388
-397
-400
-397
-387
-367
-341
-324
-324
-338
-344
-331
-305
-282
-267
-257
-253
-250
-238
-203
-141
-66
0
45
63
63
57
52
55
68
93
124
150
160
143
108
72
51
50
62
78
96
108
103
74
27
-21
-49
-54
-41
-28
-29
-46
-73
-101
-129
-153
-172
-170
-145
-103
-64
-38
-27
-25
-24
-24
-24
-23
-11
24
79
136
187
230
268
293
311
330
361
393
410
406
394
375
333
261
173
98
48
16
-8
-28
-46
-66
-96
-135
-175
-211
-239
-256
-265
-272
-282
-288
-278
-249
-210
-177
-163
-167
-184
-204
-219
-219
-202
-180
-162
-152
-148
-149
-155
-153
-134
-95
-44
11
62
105
134
140
133
133
149
180
218
258
295
324
331
310
273
238
218
219
233
250
266
280
291
290
274
249
228
216
206
192
163
123
81
39
6
-18
-37
-48
-52
-55
-70
-107
-165
-233
-306
-375
-423
-426
-382
-307
-230
-168
-130
-115
-117
-126
-128
-116
-93
-64
-35
-17
-16
-21
-19
-2
26
53
74
83
74
42
0
-42
-69
-81
-78
-62
-35
-3
28
59
93
126
147
145
119
78
47
42
74
133
188
224
243
261
279
286
272
238
201
165
123
66
-12
-106
-208
-299
-372
-419
-440
-435
-411
-383
-360
-342
-324
-297
-272
-254
-234
-194
-132
-76
-48
-44
-42
-20
9
23
15
8
19
46
73
89
102
127
156
181
196
209
223
237
246
247
244
236
221
203
181
158
136
126
131
144
154
150
129
98
65
43
39
43
39
18
-14
-51
-84
-103
-106
-100
-102
-120
-148
-172
-192
-218
-252
-284
-299
-290
-273
-256
-248
-238
-218
-186
-146
-111
-88
-80
-77
-62
-34
1
33
52
63
74
84
93
102
116
133
143
140
138
149
171
188
187
175
161
148
136
127
130
143
153
150
131
104
77
64
71
103
146
171
167
141
104
67
29
1
-6
-1
0
-14
-26
-22
5
39
76
104
113
90
39
-13
-49
-66
-73
-73
-64
-58
-64
-89
-115
-126
-113
-78
-36
-8
-13
-57
-118
-169
-192
-188
-169
-144
-116
-86
-53
-26
-11
-10
-16
-26
-35
-33
-17
7
26
23
-2
-39
-73
-95
-101
-88
-64
-42
-37
-45
-57
-68
-76
-71
-46
-8
22
23
-2
-35
-61
-74
-77
-72
-67
-58
-43
-22
4
28
54
85
111
120
107
87
72
75
86
102
115
128
142
152
155
148
136
127
123
121
123
133
154
169
163
126
75
29
-2
-18
-25
-30
-41
-64
-105
-164
-233
-289
-312
-295
-254
-215
-187
-171
-161
-156
-154
-151
-144
-138
-138
-141
-143
-143
-140
-124
-95
-57
-22
4
33
71
108
133
148
166
189
209
218
219
221
229
237
240
239
240
247
264
282
291
281
253
221
194
171
151
131
118
115
116
114
101
74
45
32
47
81
120
150
163
150
112
66
43
52
80
97
87
66
44
21
-11
-47
-71
-72
-62
-63
-86
-125
-166
-205
-238
-259
-258
-232
-188
-138
-89
-58
-55
-81
-127
-172
-205
-219
-217
-200
-185
-187
-207
-229
-238
-227
-200
-161
-114
-75
-54
-51
-54
-59
-67
-79
-82
-70
-50
-30
-7
28
68
98
107
106
102
84
42
-13
-49
-55
-33
0
33
61
77
77
71
70
77
86
95
103
116
131
139
137
127
118
120
132
156
192
231
253
239
185
110
41
9
19
60
104
131
135
123
110
102
101
114
131
131
88
-2
-123
-244
-344
-422
-479
-513
-520
-514
-509
-515
-530
-548
-578
-624
-668
-676
-622
-519
-402
-298
-218
-166
-138
-126
-106
-57
17
98
171
233
287
333
373
419
476
539
599
645
672
680
668
643
610
577
542
500
454
421
404
384
331
241
137
44
-27
-78
-111
-129
-142
-164
-194
-213
-212
-195
-181
-182
-196
-219
-242
-260
-263
-245
-212
-178
-155
-139
-118
-84
-46
-15
13
44
87
131
163
178
180
173
168
174
199
224
230
211
181
151
122
94
74
76
89
91
56
-19
-114
-202
-262
-289
-294
-288
-272
-244
-207
-180
-178
-199
-228
-247
-253
-249
-237
-218
-191
-166
-155
-157
-156
-135
-88
-31
23
64
94
112
121
128
134
136
133
128
126
125
119
103
84
74
76
90
114
140
149
124
63
-7
-53
-62
-48
-35
-30
-31
-39
-51
-70
-87
-97
-97
-90
-77
-64
-55
-49
-45
-44
-47
-41
-16
22
53
57
38
20
17
26
31
31
34
50
75
97
103
92
73
60
56
54
50
52
60
62
46
20
3
5
14
16
5
-16
-49
-90
-130
-149
-141
-110
-65
-12
45
92
116
116
100
91
100
122
146
161
166
167
157
133
95
60
44
47
64
80
85
78
65
61
75
105
141
171
183
173
134
74
12
-32
-45
-26
9
46
67
69
55
37
20
8
0
-17
-47
-86
-113
-112
-87
-62
-55
-65
-82
-99
-111
-119
-125
-126
-127
-122
-111
-94
-79
-71
-74
-80
-82
-80
-72
-60
-44
-26
-9
4
16
36
61
89
111
126
138
150
156
149
126
93
52
23
16
38
71
85
62
7
-63
-127
-169
-184
-178
-167
-153
-133
-96
-53
-23
-20
-29
-31
-21
-12
-13
-15
-17
-25
-48
-82
-106
-104
-80
-48
-21
-1
11
21
35
57
84
100
94
68
42
22
8
-13
-47
-86
-119
-135
-131
-120
-110
-111
-122
-130
-132
-137
-147
-158
-165
-169
-170
-166
-150
-117
-75
-43
-32
-32
-31
-18
11
52
100
141
157
143
114
83
67
70
85
105
117
116
104
99
114
148
181
202
212
219
227
230
220
198
165
131
96
61
24
-13
-39
-47
-44
-44
-56
-74
-82
-81
-67
-37
9
63
107
134
148
156
146
111
60
17
-9
-27
-45
-59
-66
-68
-71
-73
-68
-57
-47
-43
-47
-57
-70
-78
-72
-52
-25
-3
9
17
23
35
44
45
33
15
-1
-14
-30
-54
-82
-110
-128
-137
-127
-94
-42
15
60
84
80
52
10
-31
-56
-60
-54
-53
-59
-63
-56
-42
-32
-24
-7
20
47
51
35
14
6
13
30
51
76
104
128
143
141
124
103
85
74
61
45
34
29
23
8
-14
-24
-19
-9
-8
-23
-42
-61
-75
-84
-92
-98
-108
-115
-111
-93
-70
-58
-64
-76
-79
-64
-38
-15
-4
-6
-16
-33
-51
-59
-45
-11
32
65
81
87
95
116
139
155
152
137
114
93
78
73
75
73
58
38
26
26
24
4
-32
-65
-86
-93
-85
-66
-40
-22
-16
-14
-6
6
18
25
29
21
0
-34
-70
-97
-106
-95
-67
-28
1
8
-10
-39
-70
-91
-100
-90
-58
-13
29
60
75
83
82
77
70
68
74
87
99
102
94
76
55
36
25
17
8
-8
-27
-41
-49
-49
-45
-41
-39
-44
-52
-57
-52
-44
-37
-37
-43
-52
-63
-69
-69
-68
-64
-64
-66
-74
-81
-80
-69
-57
-53
-57
-51
-25
18
62
90
96
78
45
12
-9
-9
12
46
80
98
94
79
66
60
57
53
51
60
83
111
140
165
177
171
150
119
90
68
53
44
40
43
57
81
110
132
140
132
114
90
65
43
22
-1
-24
-34
-28
-19
-23
-41
-53
-51
-38
-27
-21
-18
-23
-43
-72
-91
-91
-82
-74
-76
-79
-79
-74
-65
-53
-40
-25
-2
21
31
23
0
-17
-14
3
20
31
36
34
20
-5
-33
-53
-63
-66
-66
-71
-78
-81
-80
-81
-89
-98
-92
-71
-41
-17
-3
1
1
-3
-5
-6
-9
-9
-5
9
21
29
31
31
28
14
-7
-20
-15
3
23
35
41
39
33
27
29
32
31
26
20
19
13
2
-10
-21
-27
-28
-20
4
25
29
6
-29
-58
-68
-56
-30
-7
0
-6
-12
-14
-16
-27
-43
-50
-47
-42
-42
-40
-28
-12
-2
-6
-18
-31
-40
-46
-46
-41
-28
-16
-7
-6
-11
-17
-19
-14
0
20
40
53
57
53
45
34
29
39
63
88
102
97
84
73
65
60
53
47
45
47
49
52
53
53
49
42
34
23
11
-3
-17
-26
-26
-18
-9
-1
7
13
15
8
-6
-22
-30
-35
-39
-39
-35
-27
-16
0
16
28
31
26
21
18
20
24
32
43
54
58
55
50
46
41
29
13
1
-3
-1
0
1
8
19
26
22
11
1
-4
1
10
17
16
5
-9
-19
-26
-30
-34
-35
-36
-41
-54
-63
-59
-40
-15
9
26
32
19
-3
-22
-24
-5
22
46
63
73
76
76
76
75
68
57
40
22
2
-27
-56
-71
-64
-38
-5
26
53
76
86
76
46
10
-21
-36
-35
-22
-5
13
23
25
22
17
17
27
42
52
46
26
-2
-22
-31
-26
-13
-1
8
11
10
3
-9
-23
-31
-28
-20
-10
-1
5
8
8
6
5
6
7
2
-7
-16
-24
-26
-24
-18
-9
2
12
16
11
1
-5
-2
1
-7
-22
-31
-25
-16
-14
-19
-24
-23
-21
-21
-23
-26
-30
-35
-41
-45
-48
-50
-43
-33
-21
-13
-10
-11
-16
-22
-23
-17
-7
4
16
35
52
59
49
31
11
-6
-14
-12
3
21
33
36
37
43
55
64
70
81
91
96
88
69
46
25
12
5
6
11
14
14
14
11
10
8
5
3
1
0
-3
-7
-3
17
49
78
90
73
40
-3
-44
-69
-69
-47
-16
5
13
14
16
19
24
33
43
48
46
42
38
36
32
27
26
25
28
37
52
67
66
52
28
3
-21
-35
-36
-28
-18
-10
-1
7
12
10
2
-6
-11
-9
4
19
24
4
-34
-73
-93
-97
-89
-76
-56
-37
-17
2
13
15
10
6
7
11
10
2
-12
-28
-49
-66
-67
-49
-14
21
45
55
51
40
25
10
-5
-15
-15
-5
15
39
56
61
52
36
21
9
-1
-13
-26
-35
-35
-29
-17
-10
-14
-31
-55
-68
-64
-43
-14
9
20
18
9
7
18
37
52
56
56
54
49
34
14
-7
-23
-34
-40
-37
-26
-12
-6
-8
-14
-21
-28
-33
-37
-37
-32
-24
-15
-7
-7
-15
-26
-33
-28
-11
8
24
29
26
20
16
12
8
0
-4
-3
0
-3
-6
-10
-9
-4
1
6
11
14
12
8
7
12
20
26
24
16
12
12
13
11
6
0
-2
-1
7
25
51
79
95
94
81
59
34
8
-12
-26
-31
-35
-28
-12
9
28
37
41
42
42
37
31
27
25
28
32
40
49
55
55
52
50
44
37
30
28
31
38
52
67
75
74
62
49
41
34
26
20
22
28
32
26
15
5
-2
-5
-4
-3
0
-2
-5
-8
-11
-15
-18
-20
-20
-26
-35
-45
-52
-52
-50
-41
-36
-32
-36
-45
-50
-51
-49
-42
-35
-24
-11
0
10
18
24
27
28
33
38
43
42
34
18
-2
-19
-27
-26
-22
-19
-16
-8
4
16
25
30
25
14
0
-11
-17
-13
-3
9
16
13
3
-11
-25
-41
-61
-80
-87
-78
-56
-33
-11
15
41
60
63
48
29
19
17
20
28
37
49
60
68
68
63
52
34
15
-1
-13
-28
-43
-51
-46
-34
-21
-11
-3
6
15
19
18
20
25
34
39
40
39
39
41
40
37
38
45
55
60
61
56
57
60
59
50
39
34
36
39
37
29
19
8
-2
-9
-8
-2
4
5
-5
-17
-24
-24
-17
-7
4
10
12
14
14
15
7
-8
-25
-36
-36
-27
-13
2
13
19
23
22
13
-2
-19
-28
-24
-14
-3
6
9
8
11
20
34
43
39
26
11
-6
-21
-27
-21
0
28
57
76
73
49
12
-24
-50
-67
-73
-67
-52
-31
-13
-3
3
6
6
1
-7
-13
-9
0
7
3
-8
-21
-30
-33
-33
-32
-34
-37
-36
-20
9
40
64
72
71
62
50
40
34
30
27
17
3
-11
-21
-24
-23
-20
-14
-5
6
12
12
9
5
6
12
18
25
33
44
55
61
55
44
29
14
-3
-20
-31
-36
-35
-31
-25
-15
-7
0
1
0
0
-3
-11
-21
-30
-30
-22
-11
5
24
37
37
27
14
12
16
22
25
26
23
18
10
3
3
7
11
13
13
10
3
-4
-4
1
6
6
6
11
15
13
1
-13
-22
-28
-30
-27
-15
4
23
33
33
30
27
26
30
37
46
53
51
37
14
-8
-22
-28
-23
-5
27
60
77
75
58
37
21
13
11
9
0
-15
-24
-13
13
39
52
52
47
34
14
-10
-25
-25
-12
7
25
40
48
48
42
30
20
13
13
16
19
19
17
12
4
-3
-8
-2
9
25
38
47
47
38
18
0
-7
0
13
27
39
45
45
37
22
1
-22
-39
-46
-41
-28
-8
16
40
58
65
61
52
44
38
31
22
12
6
6
7
-2
-14
-25
-27
-25
-29
-42
-56
-64
-63
-56
-47
-36
-23
-10
0
2
-7
-21
-29
-26
-17
-11
-14
-18
-17
-9
0
9
11
10
6
6
11
20
31
40
40
32
19
16
23
35
37
32
27
24
25
30
35
41
38
24
0
-26
-46
-58
-59
-58
-55
-53
-48
-42
-40
-42
-40
-29
-14
-8
-14
-22
-24
-23
-20
-19
-14
-5
8
20
23
19
7
-4
-5
1
7
5
6
15
28
34
31
30
36
49
58
61
61
62
66
71
73
69
59
42
26
13
0
-14
-26
-30
-29
-25
-22
-18
-11
-5
-8
-19
-32
-38
-33
-29
-26
-29
-29
-17
2
16
19
8
-8
-18
-19
-12
-5
-1
-1
2
13
27
40
39
29
18
11
6
5
7
13
11
0
-15
-27
-30
-27
-16
1
18
23
14
-2
-18
-29
-30
-19
-2
15
23
22
14
5
5
16
32
42
44
40
35
25
13
3
5
11
15
17
18
21
19
17
15
20
23
25
26
30
26
14
-1
-8
-4
1
3
3
8
16
24
34
39
40
36
30
23
20
23
35
51
59
56
48
41
37
29
19
8
-1
-12
-22
-27
-23
-11
5
17
22
17
9
0
-7
-8
-9
-11
-13
-15
-7
9
30
48
52
46
31
11
-6
-16
-15
-14
-15
-15
-8
4
16
23
21
15
4
-6
-13
-17
-16
-12
-5
1
7
14
22
27
27
22
15
10
8
10
13
16
14
15
31
62
90
96
74
40
13
4
14
37
56
62
59
62
79
99
112
108
96
78
59
39
17
-3
-23
-38
-54
-64
-67
-58
-36
-10
15
30
31
18
1
-13
-16
-6
4
8
4
-3
-12
-23
-32
-36
-27
-4
23
41
42
27
2
-20
-34
-37
-37
-34
-28
-18
-14
-19
-27
-25
-15
-8
-10
-19
-25
-24
-19
-7
12
31
39
35
28
28
36
42
36
21
1
-18
-34
-36
-22
5
31
45
46
42
39
34
30
32
42
55
61
52
33
13
7
11
17
19
17
8
-3
-16
-31
-41
-41
-29
-12
-2
-2
-12
-20
-21
-19
-18
-21
-20
-15
-10
-10
-12
-14
-21
-32
-35
-25
-8
-2
-10
-23
-31
-34
-37
-34
-25
-7
7
9
3
-5
-12
-15
-12
-2
9
12
3
-13
-27
-29
-18
2
21
33
32
26
22
26
35
42
44
41
34
29
25
20
13
12
18
33
48
57
60
60
54
42
24
5
-7
-9
-2
7
16
19
17
16
16
17
23
35
48
52
41
17
-18
-58
-92
-112
-109
-88
-63
-39
-17
2
11
7
-6
-15
-16
-3
24
55
78
79
57
26
6
0
6
10
9
1
-11
-27
-38
-38
-22
1
20
24
17
3
-13
-30
-47
-61
-63
-47
-22
1
14
16
20
23
17
2
-7
-6
4
6
1
1
9
20
26
30
42
59
68
63
46
25
5
-13
-29
-37
-31
-13
5
14
16
23
35
44
40
30
24
26
21
12
2
-1
2
8
14
19
19
13
2
-6
-14
-16
-5
19
46
66
73
65
47
17
-15
-39
-43
-30
-12
5
14
16
13
5
4
9
13
11
4
5
15
26
28
22
14
6
-6
-20
-32
-38
-40
-42
-44
-42
-35
-23
-8
15
38
55
64
61
45
17
-14
-39
-48
-45
-38
-31
-29
-28
-33
-34
-26
-9
7
13
11
8
4
-2
-10
-13
-13
-8
-9
-13
-12
1
21
36
43
40
39
40
43
40
32
24
15
4
-7
-13
-12
-13
-19
-31
-35
-27
-14
-1
13
29
42
45
39
32
29
28
22
9
-3
-10
-13
-15
-16
-14
-11
-6
-6
-8
-9
-4
1
7
5
1
-5
-7
-4
3
7
3
-5
-11
-15
-17
-21
-26
-30
-32
-32
-33
-35
-34
-32
-27
-22
-15
-8
3
19
32
33
23
8
-2
-5
-1
5
10
10
10
11
18
29
41
51
54
51
43
35
26
23
30
42
57
64
63
51
36
16
-1
-14
-17
-17
-17
-17
-15
-7
2
8
11
14
19
24
31
39
44
42
32
18
8
6
12
20
28
34
39
40
41
37
26
11
-3
-11
-9
2
19
36
46
47
39
21
-2
-26
-37
-26
-5
9
3
-15
-31
-38
-40
-42
-43
-36
-25
-13
0
9
12
6
-3
-9
-10
-8
-6
-4
-7
-15
-27
-32
-27
-14
7
32
56
72
76
69
60
52
43
28
11
-10
-20
-25
-21
-13
-1
15
33
47
51
47
39
34
31
28
21
15
10
8
6
-5
-26
-52
-67
-66
-51
-33
-15
-4
0
-3
-5
-5
-3
-3
-5
-2
0
3
1
-3
-7
-15
-33
-53
-70
-77
-70
-52
-28
-2
16
25
27
30
35
36
31
24
21
18
13
-1
-15
-24
-29
-30
-28
-18
3
27
45
41
12
-34
-73
-87
-72
-40
-6
23
44
54
51
39
31
33
41
45
38
24
11
2
-10
-24
-31
-22
4
33
52
50
31
4
-16
-22
-13
2
17
24
18
6
-3
-3
2
-1
-14
-26
-29
-22
-14
-6
0
2
-5
-19
-27
-19
-2
10
4
-20
-44
-54
-42
-19
5
23
35
40
38
32
26
23
16
-3
-25
-36
-27
0
25
36
31
20
13
16
24
35
46
55
59
59
62
62
58
44
24
5
-12
-25
-34
-36
-29
-16
3
23
35
41
40
38
37
33
26
17
8
3
1
0
-3
-12
-24
-33
-34
-32
-29
-26
-24
-25
-27
-28
-27
-25
-23
-19
-14
-5
0
0
-5
-10
-11
-8
0
11
21
31
33
31
21
10
-2
-11
-14
-13
-8
2
16
30
41
48
54
57
55
42
26
14
13
17
22
27
37
48
48
37
17
3
-3
-6
-8
-8
-6
-2
4
10
18
25
29
29
27
21
10
-4
-15
-19
-14
-5
5
16
28
38
39
32
21
8
-3
-9
-4
14
39
54
48
31
15
10
16
24
25
12
-8
-26
-28
-16
0
8
11
14
15
15
14
16
20
18
11
3
2
10
18
20
17
12
6
1
-2
-6
-13
-20
-19
-7
7
14
14
11
11
5
-4
-9
0
13
22
18
6
-2
2
12
17
13
5
-2
-9
-17
-26
-32
-33
-27
-18
-7
3
7
5
-1
-6
-11
-12
-7
4
16
26
29
28
28
34
44
47
39
18
-6
-29
-39
-37
-19
5
29
46
54
52
51
52
57
50
27
-4
-29
-40
-43
-41
-32
-13
6
21
28
28
20
5
-17
-36
-39
-26
-9
3
6
3
-4
-14
-22
-22
-15
-11
-14
-21
-22
-14
-5
-2
-10
-21
-25
-19
-4
11
21
21
16
13
14
15
17
19
19
18
12
3
-9
-16
-17
-16
-18
-24
-32
-37
-34
-27
-18
-10
-2
5
13
17
20
22
24
25
26
25
26
29
32
32
30
29
31
30
22
13
5
0
-1
-1
0
6
14
25
34
45
54
58
58
52
40
25
14
5
5
11
18
24
27
29
31
38
47
52
48
34
11
-11
-22
-18
-3
17
27
27
17
8
7
12
21
20
8
-11
-32
-48
-52
-40
-16
10
27
32
31
29
24
12
1
-6
-13
-21
-29
-27
-13
-2
-3
-14
-19
-19
-18
-18
-15
-3
12
24
33
41
44
40
24
4
-10
-18
-21
-20
-13
-1
8
9
0
-7
-5
3
12
17
16
12
7
0
-5
-5
-1
6
17
26
29
27
18
10
8
5
1
-4
-5
-2
2
2
-3
-12
-22
-32
-40
-39
-24
1
28
43
46
42
36
30
32
37
42
38
25
8
-10
-25
-36
-37
-30
-21
-15
-10
-2
8
14
16
16
20
28
33
33
27
19
11
5
-1
-8
-17
-28
-36
-40
-38
-33
-26
-17
-8
3
14
22
22
19
19
23
26
24
21
24
31
37
39
41
42
34
15
-9
-26
-32
-30
-28
-25
-18
-5
5
8
4
-3
-12
-23
-32
-31
-25
-17
-17
-20
-19
-13
-4
1
2
1
-1
-1
-2
-3
-3
-5
-6
-2
10
27
41
47
47
43
37
26
15
10
11
15
16
16
19
27
31
28
19
10
6
4
4
10
21
31
34
29
24
23
23
22
18
17
24
36
43
