-14
-17
-30
-45
-52
-49
-46
-46
-46
-38
-26
-13
-1
13
23
29
29
27
26
26
24
22
18
12
4
-1
-5
-10
-18
-27
-29
-23
-11
-2
3
-4
-25
-50
-67
-67
-57
-47
-39
-35
-31
-26
-27
-33
-41
-48
-56
-61
-65
-66
-62
-59
-56
-49
-37
-19
-8
-14
-27
-35
-30
-16
-1
13
20
18
6
-9
-16
-11
-1
6
7
7
7
7
6
5
7
8
10
14
26
41
48
45
36
33
40
48
52
52
52
55
57
60
64
69
70
66
60
61
69
77
79
76
70
68
70
72
71
60
45
30
23
24
29
32
34
35
31
24
16
11
11
13
16
20
23
24
25
29
39
50
59
59
44
20
-7
-22
-20
-4
18
38
52
57
50
36
22
14
8
-5
-28
-47
-51
-40
-27
-23
-26
-34
-40
-41
-36
-28
-25
-30
-45
-58
-64
-57
-41
-15
12
29
26
10
-9
-23
-29
-29
-19
-2
10
12
3
-5
-8
-8
-11
-14
-11
-2
5
6
4
6
16
28
32
26
13
1
-7
-7
-5
-5
-6
-9
-8
-6
5
22
40
46
39
23
10
5
7
11
11
8
5
2
-2
-6
-6
0
6
5
0
-10
-17
-23
-27
-28
-27
-25
-23
-20
-12
-1
14
34
49
51
35
13
-2
-4
2
12
21
29
32
29
22
10
-3
-19
-32
-37
-33
-22
-6
9
22
25
24
26
35
49
62
66
66
61
49
33
18
10
13
25
35
41
33
15
-6
-21
-28
-24
-14
-5
-2
-5
-10
-16
-18
-16
-3
17
29
25
6
-16
-27
-30
-30
-28
-25
-23
-25
-29
-29
-22
-8
-2
-1
-3
-5
-8
-10
-10
-9
-9
-11
-13
-6
7
20
26
25
21
20
19
20
24
33
43
52
59
63
61
50
36
22
13
9
10
14
21
31
36
36
32
26
17
12
12
16
19
16
5
-5
-8
-3
8
20
30
35
38
38
39
39
40
39
27
-2
-36
-57
-43
0
42
64
63
50
36
22
12
7
12
17
16
11
11
18
26
38
48
49
34
4
-24
-34
-32
-25
-15
-5
5
10
0
-13
-20
-14
0
10
13
12
6
-5
-18
-27
-23
-6
13
22
16
2
-15
-31
-42
-46
-40
-30
-25
-25
-28
-34
-35
-29
-14
0
5
0
-7
-12
-16
-13
0
19
29
24
7
-11
-24
-37
-48
-49
-36
-15
1
6
4
-1
-7
-11
-10
1
18
34
38
29
15
7
12
27
41
48
42
25
7
-1
6
22
37
44
51
57
61
56
46
38
36
37
38
44
56
66
64
56
47
38
23
4
-7
1
21
38
42
36
27
18
9
0
-6
-10
-13
-16
-19
-19
-20
-18
-14
-8
-3
-6
-17
-29
-32
-22
-10
1
8
12
11
4
-3
-4
-3
-2
-7
-10
-7
-1
7
11
11
5
-3
-6
-4
-1
-2
-7
-8
-5
4
14
23
26
18
1
-11
-11
-5
3
4
-1
-9
-16
-15
-7
5
12
11
5
4
14
33
48
51
35
4
-31
-60
-72
-68
-57
-46
-41
-38
-32
-29
-28
-28
-22
-9
3
7
2
-9
-22
-34
-38
-32
-21
-11
1
10
12
4
-10
-20
-23
-22
-27
-32
-32
-31
-28
-24
-15
-1
11
21
23
19
9
1
0
5
11
14
19
25
28
18
3
-8
-2
12
24
29
25
21
20
23
31
40
49
55
59
59
59
61
63
63
57
55
58
62
66
62
52
37
17
4
8
31
63
84
84
58
20
-13
-25
-13
4
10
-1
-18
-31
-33
-25
-9
7
12
4
-10
-20
-25
-27
-30
-26
-11
8
23
33
32
20
0
-27
-48
-59
-58
-51
-37
-25
-15
-10
-3
7
12
8
-1
-8
-8
-3
4
11
17
17
13
7
0
-9
-16
-18
-12
-1
15
27
34
29
16
1
-7
-8
0
10
19
24
22
16
8
5
7
16
23
20
10
-2
-5
-1
9
21
31
38
39
33
23
12
4
-2
-8
-13
-23
-32
-34
-28
-18
-11
-10
-16
-29
-37
-34
-22
-9
2
6
10
11
9
8
7
9
9
9
10
12
15
15
11
1
-8
-11
-7
2
16
32
47
54
56
52
48
47
47
51
57
66
70
63
50
37
29
30
33
37
38
35
26
10
-6
-16
-17
-12
-6
-2
-3
-5
-5
-3
5
17
34
49
49
35
11
-8
-14
-8
3
12
11
2
-8
-11
-8
0
7
14
22
29
32
40
58
79
91
88
76
63
45
25
6
-8
-18
-21
-23
-24
-30
-43
-55
-55
-38
-14
5
11
13
10
4
-2
0
13
25
35
39
36
21
-7
-33
-46
-45
-41
-35
-25
-14
-15
-32
-49
-55
-47
-28
-4
23
47
61
62
60
59
61
60
52
39
25
12
-2
-13
-18
-16
-5
10
25
35
34
21
0
-24
-48
-60
-58
-41
-21
-4
9
21
29
29
12
-17
-46
-63
-65
-59
-48
-31
-10
10
23
25
19
15
13
10
0
-16
-28
-28
-21
-9
1
6
5
-6
-23
-33
-28
-19
-14
-18
-24
-30
-36
-48
-53
-48
-43
-44
-50
-52
-46
-39
-30
-15
8
27
31
25
27
36
45
46
45
48
51
44
35
37
46
51
43
26
18
19
24
25
28
32
34
28
17
13
22
36
41
35
28
31
41
46
44
41
39
32
16
-4
-14
-9
-1
-2
-10
-14
-16
-18
-22
-23
-14
1
13
18
16
15
19
24
28
28
31
37
38
32
28
30
35
34
21
11
10
20
32
43
51
54
49
37
30
25
26
28
31
35
35
24
5
-13
-23
-27
-30
-30
-21
0
22
34
36
30
25
22
16
10
10
17
31
47
59
63
58
55
47
33
15
-1
-7
-4
3
7
3
-7
-24
-40
-43
-35
-14
9
28
44
52
50
42
36
38
41
35
18
-4
-24
-35
-43
-50
-54
-50
-35
-13
8
18
17
11
3
-9
-13
-3
22
45
57
52
39
19
-3
-20
-21
-2
25
41
41
29
23
26
38
47
50
47
44
41
35
27
19
19
25
31
37
43
47
47
35
12
-16
-43
-61
-64
-54
-37
-19
-5
3
9
14
12
5
-4
-8
-7
1
13
22
18
5
-16
-36
-50
-58
-55
-40
-23
-20
-38
-65
-86
-95
-97
-93
-84
-71
-59
-47
-38
-28
-22
-21
-23
-27
-30
-34
-34
-31
-22
-13
-6
-5
-11
-18
-25
-26
-22
-15
-9
-8
-11
-14
-7
14
45
70
80
76
65
53
39
27
26
32
38
36
26
19
24
45
71
90
102
106
102
91
85
95
124
143
123
69
16
1
20
46
60
65
63
45
6
-35
-55
-49
-42
-45
-55
-54
-44
-41
-49
-48
-31
-13
-18
-48
-76
-80
-64
-47
-37
-29
-18
-21
-46
-85
-114
-119
-113
-110
-114
-112
-104
-92
-93
-109
-124
-121
-90
-55
-36
-38
-48
-55
-62
-75
-86
-80
-62
-45
-44
-52
-53
-43
-36
-43
-53
-52
-26
15
55
86
110
141
187
240
277
288
288
296
318
322
285
228
199
217
238
225
203
216
263
272
198
93
47
73
86
25
-59
-69
3
62
36
-31
-52
-15
-6
-76
-171
-201
-165
-143
-184
-238
-233
-176
-138
-162
-201
-192
-134
-97
-111
-141
-127
-66
-21
-38
-84
-92
-41
14
17
-20
-31
8
46
22
-50
-100
-88
-58
-65
-103
-111
-63
-5
6
-25
-43
-23
2
-5
-31
-29
10
34
7
-53
-90
-76
-32
2
9
-4
-30
-64
-101
-121
-117
-100
-90
-93
-99
-91
-76
-67
-73
-83
-80
-63
-48
-43
-43
-40
-30
-14
17
71
131
165
154
129
132
174
221
241
251
285
352
414
441
450
484
547
589
570
508
459
446
433
394
361
378
423
420
331
213
145
130
110
54
3
-6
4
-27
-92
-137
-134
-117
-131
-172
-200
-198
-189
-206
-253
-314
-357
-369
-354
-341
-357
-402
-450
-482
-507
-547
-600
-647
-676
-705
-750
-799
-823
-811
-793
-795
-812
-811
-778
-740
-723
-713
-678
-619
-573
-557
-533
-460
-359
-288
-251
-188
-60
95
217
324
475
653
751
734
744
972
1368
1629
1547
1326
1393
1853
2269
2178
1721
1532
1903
2335
2179
1541
1181
1443
1730
1342
535
218
648
995
473
-501
-857
-357
68
-377
-1256
-1567
-1159
-857
-1231
-1804
-1825
-1376
-1200
-1600
-2047
-1984
-1572
-1367
-1515
-1652
-1497
-1190
-1006
-989
-997
-922
-738
-469
-234
-177
-249
-177
164
502
525
383
510
951
1214
998
698
890
1468
1742
1389
903
896
1286
1469
1167
741
636
796
829
557
206
60
93
40
-244
-604
-777
-724
-685
-880
-1211
-1381
-1285
-1158
-1251
-1488
-1570
-1405
-1242
-1309
-1497
-1524
-1331
-1145
-1144
-1227
-1201
-1059
-948
-936
-925
-807
-610
-435
-317
-216
-69
156
427
638
713
754
1002
1545
2091
2241
2014
1910
2308
2923
3104
2690
2268
2424
2929
3006
2393
1748
1786
2258
2256
1474
691
718
1231
1182
291
-509
-374
232
168
-765
-1541
-1375
-811
-889
-1650
-2143
-1838
-1343
-1462
-2062
-2359
-2065
-1694
-1743
-2059
-2182
-1997
-1744
-1601
-1526
-1431
-1285
-1051
-731
-451
-328
-241
48
512
817
792
716
933
1333
1503
1337
1198
1361
1610
1560
1228
973
964
955
701
332
139
151
92
-191
-528
-670
-639
-659
-834
-1013
-1043
-992
-1044
-1233
-1410
-1464
-1457
-1511
-1637
-1743
-1774
-1766
-1770
-1795
-1824
-1832
-1777
-1647
-1500
-1416
-1353
-1158
-788
-441
-322
-323
-88
523
1180
1461
1412
1529
2115
2840
3131
2920
2774
3156
3765
3892
3382
2914
3124
3695
3735
3012
2329
2423
2892
2730
1767
958
1015
1364
982
-95
-808
-619
-281
-727
-1710
-2215
-1924
-1611
-1949
-2601
-2829
-2568
-2389
-2598
-2881
-2893
-2713
-2585
-2521
-2403
-2250
-2116
-1917
-1597
-1324
-1268
-1241
-916
-381
-103
-225
-269
181
831
1071
886
855
1272
1719
1730
1505
1577
1991
2251
2059
1719
1668
1886
1983
1740
1327
1030
933
888
712
361
-14
-218
-254
-352
-688
-1111
-1317
-1259
-1240
-1492
-1841
-1941
-1743
-1579
-1695
-1922
-1916
-1644
-1434
-1538
-1792
-1850
-1658
-1511
-1637
-1882
-1929
-1744
-1604
-1694
-1839
-1731
-1346
-965
-829
-844
-709
-264
331
772
929
990
1256
1816
2458
2898
3087
3209
3425
3727
4017
4224
4292
4177
3939
3749
3689
3610
3329
2928
2636
2450
2095
1502
1033
967
970
483
-418
-996
-881
-666
-1096
-1973
-2424
-2166
-1889
-2193
-2710
-2735
-2344
-2251
-2672
-2994
-2733
-2258
-2187
-2455
-2497
-2141
-1798
-1748
-1732
-1455
-1071
-883
-816
-581
-192
42
38
70
319
592
680
729
967
1278
1351
1222
1267
1635
1972
1916
1617
1527
1768
2022
2012
1806
1608
1466
1345
1277
1245
1068
607
74
-166
-88
-66
-349
-723
-875
-884
-1068
-1441
-1676
-1635
-1610
-1864
-2184
-2194
-1938
-1846
-2090
-2341
-2263
-2015
-1990
-2247
-2456
-2405
-2263
-2281
-2437
-2547
-2549
-2497
-2354
-2030
-1614
-1371
-1364
-1271
-743
120
814
1029
1027
1313
2047
2889
3438
3631
3689
3811
4051
4385
4710
4818
4558
4124
3954
4185
4365
3983
3208
2733
2809
2828
2182
1237
885
1209
1232
300
-863
-1082
-434
-209
-1112
-2250
-2416
-1805
-1657
-2416
-3153
-3016
-2475
-2533
-3194
-3508
-3022
-2398
-2381
-2764
-2829
-2432
-2063
-2014
-2007
-1746
-1365
-1119
-967
-734
-462
-297
-188
43
337
478
503
695
1101
1366
1300
1267
1683
2294
2433
1999
1691
2053
2648
2610
1830
1159
1293
1858
1898
1097
160
-75
336
535
-54
-1007
-1436
-1125
-819
-1233
-2074
-2406
-1941
-1452
-1699
-2340
-2442
-1843
-1420
-1811
-2462
-2418
-1724
-1379
-1914
-2640
-2620
-1963
-1614
-2051
-2700
-2786
-2288
-1785
-1610
-1562
-1376
-1092
-833
-486
115
816
1223
1253
1360
2037
3143
3931
3888
3418
3452
4348
5366
5484
4674
3991
4269
5020
5062
4129
3281
3418
3951
3590
2244
1289
1655
2388
1894
200
-971
-560
359
79
-1402
-2468
-2188
-1492
-1706
-2686
-3203
-2797
-2353
-2712
-3478
-3670
-3135
-2675
-2884
-3403
-3506
-3042
-2485
-2280
-2391
-2491
-2331
-1907
-1426
-1131
-1054
-953
-614
-182
13
-7
194
822
1423
1443
1097
1190
2019
2868
2936
2403
2164
2608
3182
3216
2746
2287
2100
2039
1934
1769
1505
1044
467
32
-170
-364
-752
-1214
-1506
-1632
-1781
-1971
-2027
-1957
-2045
-2427
-2794
-2752
-2405
-2268
-2571
-2905
-2781
-2303
-2048
-2296
-2692
-2758
-2508
-2345
-2478
-2700
-2732
-2558
-2303
-1996
-1632
-1327
-1168
-953
-333
662
1474
1626
1404
1671
2839
4237
4768
4217
3615
4074
5380
6176
5659
4661
4572
5428
5809
4854
3590
3535
4416
4408
2786
1193
1427
2766
2819
888
-964
-791
513
522
-1260
-2801
-2526
-1445
-1494
-2752
-3584
-3187
-2648
-3120
-4116
-4354
-3660
-3082
-3311
-3847
-3912
-3472
-3007
-2756
-2603
-2448
-2259
-1925
-1428
-1053
-1034
-1072
-650
132
571
392
263
848
1732
1952
1449
1261
2078
3202
3481
2833
2259
2437
2976
3162
2915
2622
2439
2214
1955
1844
1798
1460
777
207
86
96
-294
-1013
-1484
-1473
-1415
-1717
-2163
-2332
-2294
-2459
-2837
-2951
-2616
-2335
-2626
-3240
-3471
-3134
-2788
-2930
-3332
-3435
-3129
-2830
-2847
-3021
-3029
-2807
-2502
-2172
-1770
-1353
-1082
-948
-635
127
1133
1819
1906
1841
2375
3623
4771
4943
4315
4024
4808
5993
6284
5456
4730
5143
6076
6034
4762
3688
3918
4572
4001
2254
1187
1829
2788
2130
159
-982
-361
441
-324
-2063
-2793
-2017
-1320
-1953
-3144
-3442
-2862
-2639
-3276
-3926
-3810
-3299
-3179
-3482
-3664
-3517
-3311
-3186
-2988
-2708
-2558
-2498
-2189
-1594
-1180
-1213
-1245
-759
-20
286
141
285
1071
1854
1943
1671
1941
2863
3560
3378
2766
2610
3104
3636
3653
3171
2546
2088
1960
2104
2130
1589
561
-252
-315
5
-140
-979
-1843
-2096
-1945
-2026
-2461
-2797
-2802
-2819
-3128
-3414
-3224
-2748
-2649
-3104
-3493
-3225
-2555
-2249
-2582
-3048
-3061
-2655
-2322
-2361
-2580
-2625
-2384
-2001
-1637
-1323
-1031
-751
-425
84
803
1489
1867
2061
2582
3655
4750
5097
4734
4605
5407
6585
6922
6088
5125
5163
5970
6269
5417
4244
3890
4223
4022
2760
1471
1353
1964
1697
66
-1436
-1328
-275
-229
-1702
-3072
-2914
-1958
-1912
-2996
-3813
-3509
-2901
-3063
-3747
-3935
-3436
-3040
-3243
-3626
-3640
-3355
-3123
-2979
-2773
-2552
-2391
-2077
-1421
-741
-537
-684
-504
241
955
1108
1080
1541
2332
2675
2445
2481
3300
4148
3949
2874
2251
2863
3940
4104
2993
1580
1055
1628
2375
2131
662
-972
-1421
-604
31
-815
-2604
-3544
-2895
-1908
-2133
-3350
-4031
-3538
-2904
-3186
-3910
-3898
-3126
-2786
-3438
-4056
-3456
-2099
-1598
-2531
-3611
-3389
-2151
-1439
-1964
-2763
-2600
-1526
-607
-462
-663
-504
146
920
1491
1822
2084
2572
3462
4473
4976
4767
4581
5294
6619
7169
6231
4943
4990
6247
6689
5090
2977
2797
4464
5151
3108
358
144
2289
3144
636
-2603
-2773
-336
597
-1816
-4473
-3892
-1320
-821
-3261
-5129
-3822
-1421
-1445
-3690
-4788
-3303
-1605
-2102
-3800
-4112
-2689
-1584
-2045
-2998
-2989
-2161
-1514
-1282
-991
-549
-260
-9
640
1545
2025
1973
2086
2673
3041
2682
2408
3271
4676
4783
3101
1563
2177
4205
4866
2847
59
-675
934
2368
1419
-1198
-2837
-2128
-527
-412
-2150
-3756
-3508
-2141
-1739
-2864
-3874
-3372
-2258
-2374
-3668
-4158
-2870
-1462
-1956
-3760
-4377
-2899
-1306
-1703
-3437
-4096
-2841
-1366
-1410
-2493
-2836
-1797
-461
37
-166
-212
270
1036
1885
2858
3813
4330
4259
4081
4463
5494
6550
6878
6300
5405
5079
5669
6506
6467
5218
3725
3193
3595
3764
3005
1982
1613
1614
975
-325
-1087
-698
-248
-1050
-2607
-3158
-2197
-1286
-1897
-3380
-3950
-3195
-2483
-2872
-3705
-3784
-3153
-2862
-3315
-3741
-3429
-2712
-2368
-2508
-2579
-2232
-1679
-1237
-937
-706
-552
-400
-3
721
1466
1842
1853
1824
1972
2283
2723
3270
3699
3680
3226
2826
2890
3272
3496
3283
2646
1756
986
846
1331
1489
356
-1523
-2363
-1434
-356
-1181
-3515
-4835
-3850
-2264
-2396
-3991
-4761
-3751
-2603
-2983
-4140
-4140
-2836
-2067
-2872
-3915
-3481
-2047
-1622
-2808
-3885
-3223
-1557
-930
-1877
-2799
-2205
-584
473
347
-133
-19
771
1823
2885
3807
4298
4231
4038
4360
5309
6334
6832
6688
6224
5902
6053
6602
6949
6462
5280
4319
4211
4450
4062
2952
2010
1789
1686
904
-266
-833
-648
-724
-1749
-2972
-3212
-2584
-2364
-3170
-4106
-4107
-3464
-3291
-3869
-4327
-4041
-3526
-3571
-4031
-4113
-3568
-2976
-2841
-2972
-2912
-2569
-2145
-1743
-1337
-984
-738
-440
119
850
1426
1744
2037
2469
2897
3178
3463
3923
4334
4312
3928
3737
4043
4408
4165
3284
2434
2157
2248
2063
1300
305
-355
-508
-539
-952
-1825
-2692
-3048
-2913
-2802
-3097
-3592
-3811
-3652
-3487
-3607
-3822
-3784
-3511
-3327
-3337
-3249
-2867
-2482
-2528
-2930
-3107
-2708
-2121
-1996
-2372
-2542
-1888
-643
331
463
32
-162
462
1860
3457
4513
4587
3920
3412
3944
5496
7000
7314
6418
5469
5565
6522
7115
6515
5217
4359
4290
4256
3570
2621
2252
2367
1900
386
-1106
-1258
-402
-257
-1622
-3197
-3302
-2191
-1678
-2631
-3870
-3956
-3189
-2990
-3739
-4304
-3824
-2993
-2988
-3740
-4096
-3483
-2634
-2458
-2840
-2982
-2538
-1898
-1478
-1237
-966
-648
-343
43
615
1258
1760
2076
2321
2580
2907
3416
4101
4560
4313
3527
3112
3689
4630
4609
3223
1655
1363
2282
2821
1786
-137
-1178
-643
216
-245
-2019
-3463
-3367
-2425
-2232
-3186
-4113
-3999
-3359
-3343
-3984
-4202
-3525
-2892
-3266
-4096
-4014
-2841
-1961
-2436
-3506
-3633
-2568
-1595
-1741
-2502
-2659
-1809
-619
145
283
-16
-398
-283
881
2870
4491
4625
3518
2685
3372
5273
6904
7115
6176
5386
5724
6845
7467
6793
5414
4569
4616
4680
3995
3036
2714
2801
2068
209
-1321
-1136
-18
-94
-1941
-3670
-3450
-2026
-1686
-3126
-4594
-4418
-3226
-2842
-3675
-4363
-3913
-3077
-3093
-3873
-4238
-3633
-2762
-2469
-2673
-2730
-2370
-1859
-1464
-1210
-1042
-883
-558
41
717
1173
1458
1875
2415
2703
2713
3046
4054
4994
4761
3477
2663
3408
4843
5042
3391
1423
1023
2160
2902
1722
-648
-2013
-1320
42
-117
-2110
-3991
-4018
-2821
-2456
-3631
-4876
-4700
-3640
-3335
-4106
-4571
-3803
-2757
-2863
-3856
-4086
-2922
-1749
-2070
-3369
-3777
-2616
-1280
-1294
-2276
-2532
-1305
360
1030
480
-353
-473
526
2411
4309
5000
3998
2504
2583
4879
7560
8178
6482
4738
5054
6944
8091
7245
5592
4984
5476
5449
4075
2657
2769
3726
3192
499
-1933
-1548
709
1328
-1158
-4115
-4307
-2219
-1233
-2903
-5013
-4936
-3275
-2672
-3903
-5010
-4401
-3107
-3041
-4153
-4663
-3724
-2486
-2309
-2977
-3314
-2835
-2062
-1512
-1172
-900
-696
-463
30
716
1213
1413
1701
2325
2944
3239
3547
4252
4810
4260
2888
2421
3827
5562
5138
2420
219
896
3201
3643
932
-2220
-2451
-47
1367
-551
-3906
-5070
-3334
-1605
-2395
-4622
-5391
-4063
-2887
-3571
-4859
-4562
-2926
-2293
-3589
-4833
-3958
-1864
-1248
-2841
-4386
-3736
-1702
-809
-1888
-3137
-2614
-608
954
848
-324
-1023
-185
2101
4632
5750
4639
2467
1790
4032
7596
9190
7424
4558
3990
6225
8324
7654
5201
4082
5195
6012
4318
1676
1383
3539
4406
1551
-2346
-2860
-47
1384
-1409
-5293
-5451
-2094
-113
-2248
-5554
-5870
-3540
-2333
-3803
-5480
-4940
-3254
-2958
-4248
-5021
-4154
-2844
-2528
-2988
-3166
-2780
-2265
-1769
-1155
-607
-431
-350
199
1097
1641
1704
1987
2805
3450
3358
3201
3870
4795
4535
3132
2544
3969
5703
5098
2288
427
1604
3838
3495
142
-2671
-1981
683
1288
-1419
-4387
-4418
-2297
-1419
-3062
-4905
-4599
-3055
-2850
-4332
-5171
-3918
-2223
-2434
-4148
-4766
-3201
-1422
-1684
-3484
-4376
-3295
-1753
-1591
-2597
-3007
-1818
125
1261
925
-194
-715
428
3093
5673
6152
4124
1782
2095
5523
9021
9142
6057
3581
4654
7727
8736
6382
3771
4081
6084
5873
2631
202
1780
4967
4608
24
-3552
-1918
2151
2482
-2028
-5884
-4594
-758
-184
-3765
-6640
-5356
-2433
-2169
-4477
-5671
-4275
-2841
-3648
-5335
-5293
-3571
-2406
-2771
-3423
-3210
-2518
-2042
-1616
-955
-469
-438
-236
684
1676
1825
1551
2063
3353
4055
3580
3097
3645
4394
4000
2984
3164
4678
5238
3270
565
280
2585
4037
1957
-1839
-3188
-979
1330
216
-3347
-5295
-3862
-1664
-1889
-4107
-5346
-4444
-3343
-3837
-4896
-4463
-2812
-2281
-3763
-5182
-4299
-1888
-793
-2185
-4129
-4252
-2692
-1523
-1817
-2391
-1628
310
1716
1354
-195
-1105
77
3146
6104
6561
4077
1261
1643
5705
9662
9404
5539
3016
5041
8851
9286
5755
3056
4567
7290
6121
1547
-555
2658
6355
4438
-1641
-4452
-825
3576
1993
-4113
-7207
-4071
150
-530
-4909
-7022
-4762
-2184
-3051
-5617
-5852
-3545
-2242
-3776
-5806
-5505
-3448
-2275
-2896
-3818
-3736
-2966
-2261
-1672
-1109
-884
-976
-659
393
1323
1338
1104
1799
3147
3731
3249
3043
3864
4551
3937
3001
3484
4894
4794
2453
401
1100
3278
3404
532
-2228
-1840
557
1191
-1306
-4178
-4354
-2425
-1543
-3074
-5021
-5081
-3742
-3208
-4042
-4542
-3536
-2310
-2735
-4401
-4980
-3432
-1478
-1329
-2830
-3873
-3236
-1922
-1473
-1863
-1751
-422
1244
1786
806
-494
-274
2233
5610
7103
5279
2033
1199
4439
8916
10028
6656
2728
2781
6554
9296
7683
4015
3084
5647
7248
4432
14
-365
3744
6286
2775
-3115
-4160
447
3728
534
-5303
-6433
-2285
456
-2394
-6824
-6864
-3165
-1506
-4097
-6777
-5649
-2702
-2363
-4828
-6148
-4278
-1762
-1675
-3437
-4269
-3207
-1759
-1237
-1299
-1144
-679
-95
638
1380
1733
1820
2353
3415
3993
3474
2866
3423
4584
4654
3516
3011
4050
4863
3477
976
388
2313
3668
1755
-1843
-3151
-1109
974
-174
-3501
-5208
-3841
-1968
-2421
-4560
-5561
-4508
-3404
-3953
-5073
-4705
-3042
-2331
-3579
-5029
-4566
-2585
-1358
-2024
-3382
-3741
-2955
-2076
-1620
-1031
188
1459
1638
458
-749
-56
3013
6417
7137
4387
1109
1351
5715
10084
9855
5351
1814
3376
8016
9964
6954
3120
3459
6957
7816
3611
-812
300
5269
6685
1545
-4155
-3389
2084
4011
-879
-6379
-5683
-881
418
-3921
-7928
-6548
-2639
-2142
-5336
-7150
-5135
-2707
-3453
-5843
-6032
-3682
-1984
-2707
-4092
-3961
-2553
-1388
-960
-788
-622
-416
161
1146
1762
1579
1605
2944
4718
4908
3354
2301
3249
4801
4811
3534
2948
3488
3478
2090
933
1550
2699
1909
-767
-2487
-1532
153
-423
-3147
-4984
-4181
-2557
-2773
-4632
-5628
-4692
-3585
-4092
-5381
-5381
-3979
-3162
-4016
-5104
-4592
-2881
-1944
-2539
-3366
-3115
-2177
-1696
-1669
-996
708
2207
1986
197
-1166
-92
3366
6764
7248
4400
1207
1514
5824
10110
9919
5730
2864
5119
9734
10704
6728
3146
4649
8510
8184
2780
-1102
1543
6659
6353
-33
-4666
-1996
3475
3466
-2541
-6790
-4289
365
-141
-5454
-8468
-5674
-1811
-2598
-6669
-8160
-5356
-2579
-3430
-5955
-6248
-4122
-2586
-3105
-4118
-3997
-3019
-2029
-1102
-330
-311
-883
-688
846
2250
2128
1521
2406
4379
4974
3452
2111
2937
4725
5054
3830
2968
3166
3133
2195
1607
2307
2921
1610
-882
-1913
-687
420
-884
-3544
-4606
-3347
-2202
-3213
-5195
-5640
-4433
-3865
-5031
-6122
-5204
-3283
-2948
-4552
-5631
-4424
-2321
-1815
-3089
-4068
-3440
-2108
-1350
-918
123
1457
1658
302
-1011
-194
3013
6515
7575
5334
2047
1474
5090
9816
10776
7019
3234
4225
8588
10291
6829
2931
4115
8658
9579
4477
-579
816
6258
7486
1791
-4017
-2909
2665
4248
-874
-6213
-5520
-1434
-1136
-5751
-9011
-6670
-2575
-2744
-6652
-8519
-5969
-3011
-3624
-6177
-6572
-4371
-2705
-3215
-4201
-3858
-2672
-1811
-1217
-502
-118
-297
-96
1114
2233
2126
1861
3215
5375
5541
3254
1737
3525
6635
7149
4577
2229
2431
3732
3685
2363
1559
1676
1394
175
-790
-614
-268
-1109
-2752
-3628
-3285
-2942
-3582
-4598
-4904
-4582
-4550
-4980
-5086
-4535
-4122
-4548
-5225
-5056
-4050
-3318
-3476
-3888
-3746
-3177
-2696
-2099
-762
1016
1832
798
-1072
-1549
642
4435
7100
6518
3320
866
2299
6966
10365
8883
4433
2738
6296
10796
10408
5622
2814
5463
9033
7250
1338
-1181
2880
7375
5143
-1784
-4742
-494
4244
2258
-4167
-6751
-2941
862
-1299
-6713
-8344
-4844
-1859
-3571
-7168
-7600
-4790
-2965
-4167
-5891
-5410
-3529
-2688
-3325
-3939
-3639
-2814
-1834
-756
-117
-421
-839
41
1903
2815
2233
2142
3934
5770
5060
2677
2187
4743
7188
6370
3407
1901
2984
4294
3658
1791
665
696
733
64
-842
-1424
-1855
-2492
-3198
-3635
-3848
-4132
-4490
-4655
-4608
-4675
-4977
-5142
-4851
-4436
-4484
-4954
-5129
-4601
-3858
-3604
-3833
-3980
-3737
-3200
-2306
-812
906
1648
622
-1221
-1664
660
4654
7394
6665
3254
767
2391
7300
10823
9334
4815
3015
6439
10850
10507
5860
3096
5579
8923
7088
1315
-1094
2909
7301
5080
-1759
-4699
-519
4191
2254
-4134
-6750
-2977
845
-1306
-6825
-8670
-5348
-2322
-3734
-6990
-7383
-4956
-3638
-5063
-6661
-6007
-4110
-3286
-3807
-4251
-3869
-3011
-1984
-975
-585
-1009
-1103
273
2185
2658
1848
2146
4391
6040
4779
2383
2566
5582
7620
6047
2967
2112
3861
5256
4276
2090
873
998
1216
632
-475
-1426
-1963
-2285
-2722
-3435
-4181
-4492
-4256
-4056
-4528
-5448
-5877
-5377
-4676
-4750
-5482
-5774
-5032
-4026
-3863
-4484
-4807
-4258
-3423
-2907
-2244
-742
961
1214
-407
-1935
-830
3121
7182
8149
5444
1933
1507
5285
9997
10932
7213
3382
4359
9163
11726
8682
4049
3875
7705
8976
4446
-649
332
5703
7278
1799
-4168
-3235
2448
4234
-904
-6361
-5465
-687
369
-4192
-8454
-7531
-4028
-3416
-6148
-7923
-6525
-4552
-4835
-6375
-6537
-5136
-4115
-4290
-4624
-4322
-3700
-2933
-1743
-619
-638
-1475
-1227
786
2597
2427
1578
2499
4740
5351
3501
2163
3898
6901
7348
4684
2313
2903
5061
5588
3668
1428
887
1667
1962
859
-835
-1764
-1559
-1159
-1689
-3146
-4348
-4354
-3665
-3624
-4680
-5773
-5725
-4818
-4386
-4994
-5716
-5453
-4472
-4012
-4583
-5320
-5193
-4269
-3267
-2312
-918
726
1304
-51
-2050
-2007
1239
5544
7205
4779
999
358
4368
9467
10500
6636
2787
3964
8910
11372
8168
3567
3596
7594
8917
4375
-713
446
6402
8840
3737
-2994
-3371
1957
4835
816
-5116
-5899
-2109
-487
-4042
-8111
-7540
-4002
-3020
-5794
-8038
-6796
-4496
-4661
-6600
-7003
-5147
-3524
-3764
-4655
-4608
-3812
-3064
-2286
-1345
-910
-1191
-997
503
2109
2308
1910
2880
4849
5190
3187
1795
3641
6933
7584
4755
1994
2462
4978
5948
4064
1542
897
1898
2314
945
-1017
-1751
-1161
-873
-2033
-3824
-4575
-3900
-3094
-3449
-4714
-5582
-5369
-4740
-4717
-5320
-5579
-4888
-3891
-3708
-4455
-5116
-4899
-4118
-3374
-2481
-1003
414
321
-1478
-2903
-1459
2825
6851
7272
3953
556
1187
6027
10582
10241
5724
2732
5211
10173
11235
6998
3092
4529
8560
8358
2877
-1137
1512
6732
6447
-29
-4711
-1976
3546
3480
-2591
-6797
-4235
383
-196
-5590
-8888
-6635
-3058
-3332
-6513
-7941
-6294
-4723
-5516
-7015
-6740
-5028
-3958
-4194
-4684
-4615
-4037
-3007
-1637
-780
-1165
-1851
-1118
902
2115
1637
1316
2804
4649
4364
2552
2430
4987
7089
5790
2663
1765
4047
6150
5095
2153
795
1946
3076
1870
-766
-2141
-1361
-280
-925
-2951
-4304
-3942
-3018
-3197
-4510
-5517
-5310
-4596
-4575
-5284
-5675
-5129
-4305
-4238
-4968
-5512
-5114
-4078
-3163
-2490
-1573
-419
7
-1026
-2508
-2148
1137
5406
7093
4706
912
262
4321
9501
10614
6829
3010
4091
8857
11258
8207
3781
3753
7515
8825
4850
713
2428
7826
8873
2897
-3184
-2156
3471
5003
-325
-5853
-5237
-1119
-610
-4885
-8073
-6218
-2670
-2645
-5824
-7633
-6167
-4237
-4587
-6230
-6698
-5639
-4550
-4276
-4461
-4681
-4648
-3814
-2187
-1095
-1604
-2473
-1521
958
2199
1145
357
2166
4771
4713
2344
1687
4484
7315
6374
2926
1474
3474
5634
4791
2058
787
1912
3109
2215
-129
-1652
-1317
-327
-512
-2214
-3963
-4194
-3104
-2444
-3371
-4989
-5523
-4628
-3752
-4090
-5048
-5252
-4539
-4070
-4589
-5375
-5303
-4304
-3204
-2442
-1670
-768
-468
-1333
-2341
-1414
2125
6002
6801
3766
307
815
5674
10272
9897
5382
2487
5039
9979
11032
6853
3035
4735
9427
9993
4533
-537
1002
6436
7617
2275
-2727
-1063
4031
4381
-1414
-6039
-4023
567
285
-5020
-8473
-6310
-2741
-3145
-6513
-7908
-6017
-4291
-5140
-6766
-6659
-5278
-4586
-4895
-5113
-4850
-4421
-3577
-2076
-954
-1322
-2164
-1392
813
1930
1050
565
2414
4679
4316
2088
1780
4523
6868
5737
2888
2273
4379
5789
4262
1755
1353
2934
3616
1864
-596
-1294
-195
545
-547
-2597
-3717
-3292
-2456
-2527
-3563
-4565
-4794
-4483
-4310
-4519
-4730
-4576
-4253
-4293
-4845
-5384
-5274
-4470
-3445
-2525
-1660
-971
-994
-1849
-2327
-717
2997
6241
6030
2383
-978
-93
4859
9253
8841
4679
2148
4487
8604
8958
5059
2405
4914
9056
8480
3246
265
3511
7839
5970
-863
-4189
-218
4650
2881
-3582
-6357
-2657
1190
-757
-5817
-7258
-4034
-1521
-3275
-6519
-7038
-5112
-4093
-5124
-6182
-5731
-4670
-4346
-4628
-4743
-4522
-4000
-2967
-1773
-1504
-2312
-2547
-951
1117
1383
211
339
2649
4437
3312
1083
1439
4525
6445
4699
1701
1377
3765
5251
3744
1318
981
2525
3147
1461
-786
-1286
-182
377
-876
-2870
-3753
-3147
-2371
-2662
-3773
-4511
-4306
-3788
-3828
-4422
-4798
-4517
-4040
-4056
-4560
-4890
-4572
-3768
-2841
-1860
-883
-432
-1027
-2076
-1804
952
4844
6641
4496
472
-996
2210
7137
8678
5502
1965
2992
7741
10351
7528
3170
3319
7738
9909
6127
1073
1483
6357
7939
2680
-3342
-2721
2798
4721
-241
-5735
-4989
-193
1169
-2907
-6743
-5663
-2306
-1950
-4809
-6588
-5293
-3630
-4265
-6014
-6298
-5096
-4334
-4665
-5000
-4692
-4201
-3665
-2704
-1792
-2026
-2963
-2538
-154
1828
1341
-47
700
3306
4318
2398
689
2312
5611
6376
3845
1650
2530
4661
4657
2455
1084
2120
3572
2852
351
-1236
-539
885
735
-1187
-2999
-3202
-2316
-1929
-2696
-3811
-4249
-3966
-3673
-3811
-4135
-4255
-4195
-4261
-4548
-4779
-4636
-4084
-3306
-2440
-1564
-941
-1007
-1762
-2196
-897
2257
5166
5185
2253
-207
1376
6340
9854
8288
3852
2316
5905
10237
9812
5298
2779
5428
8871
7147
1443
-940
3307
8364
6940
445
-2827
745
5159
3492
-2301
-4558
-1090
1975
-553
-5533
-6517
-3136
-1051
-3355
-6596
-6545
-4238
-3607
-5378
-6645
-5736
-4340
-4365
-5224
-5379
-4716
-4001
-3316
-2510
-2199
-2747
-2936
-1468
613
987
-364
-735
1293
3478
3144
1304
1222
3490
5135
4130
2354
2587
4296
4605
2789
1353
2202
3786
3378
990
-736
-219
1117
1043
-582
-2043
-2242
-1823
-1889
-2516
-3011
-3086
-3161
-3581
-4061
-4101
-3711
-3455
-3736
-4286
-4447
-3955
-3214
-2691
-2282
-1581
-767
-691
-1676
-2527
-1423
1848
4950
4973
1705
-1470
-660
4174
8572
8210
4063
1584
4097
8410
8830
4882
2193
4742
8943
8396
3160
250
3876
8991
7831
808
-3690
-707
4566
4203
-1467
-4817
-2009
1851
507
-4545
-6726
-3980
-1110
-2260
-5315
-5923
-4061
-3283
-4897
-6374
-5699
-4208
-4007
-4832
-5108
-4530
-3864
-3219
-2329
-1868
-2561
-3311
-2262
146
1308
289
-553
839
2901
2833
1133
1015
3381
5199
3978
1581
1506
3760
4915
3153
808
901
2908
3675
1850
-440
-664
801
1420
-69
-2206
-2878
-1936
-1072
-1537
-2799
-3585
-3571
-3473
-3792
-4125
-3937
-3464
-3427
-4044
-4738
-4870
-4406
-3696
-2890
-1885
-829
-341
-956
-2218
-2568
-620
3032
5606
4669
1226
-569
2142
7065
8872
5681
1881
2872
7898
10658
7599
2952
3178
7936
10180
5843
-147
-312
4985
7839
3709
-2153
-1980
3624
6524
2441
-3268
-3436
875
2387
-1730
-6152
-5461
-1703
-725
-3617
-5945
-4911
-3068
-3684
-5759
-6101
-4331
-3006
-3555
-4706
-4963
-4397
-3560
-2537
-1796
-2239
-3398
-3218
-951
1137
750
-854
-553
1835
3153
1824
452
1828
4441
4611
2127
738
2610
5053
4412
1366
-54
1799
3987
3212
300
-1181
132
1788
1077
-1451
-3068
-2559
-1420
-1473
-2577
-3362
-3316
-3224
-3704
-4268
-4139
-3429
-3043
-3563
-4595
-5238
-5010
-4211
-3410
-2771
-2053
-1307
-1169
-1998
-2795
-1744
1572
4854
4965
1581
-1688
-800
3993
7915
6968
2878
1306
4807
9290
9092
4587
1990
4954
9257
8463
3137
403
3841
8038
6134
-87
-2367
2233
6851
4405
-2442
-5176
-1429
2231
138
-4732
-5868
-2750
-787
-2865
-5654
-5377
-3367
-3245
-5140
-5999
-4665
-3356
-3875
-5132
-5388
-4782
-4258
-3699
-2773
-2314
-2988
-3478
-2110
165
728
-653
-1138
860
3030
2618
775
851
3175
4504
3069
1346
2230
4547
4799
2444
731
1904
3972
3641
963
-887
-63
1654
1541
-476
-2113
-1967
-1065
-1074
-2058
-2783
-2688
-2546
-3111
-3949
-4079
-3388
-2790
-3024
-3778
-4202
-3950
-3390
-2912
-2402
-1580
-675
-440
-1285
-2440
-2289
112
3600
5368
3579
-169
-1708
1352
6348
8037
4851
1260
2314
6869
8851
5580
1796
3181
7999
9040
3824
-1347
135
5773
7186
1855
-3187
-1189
4750
5943
189
-5337
-4214
620
1616
-2699
-6330
-4880
-1455
-1404
-4537
-6146
-4364
-2464
-3403
-5555
-5720
-3965
-2991
-3849
-4912
-4803
-4023
-3356
-2693
-2083
-2229
-2950
-2718
-974
494
101
-784
257
2674
3439
1752
618
2390
5010
4943
2493
1376
3178
5055
4059
1487
864
2767
4109
2644
29
-684
776
1831
717
-1400
-2328
-1707
-1047
-1463
-2421
-2878
-2774
-2866
-3466
-3982
-3818
-3231
-3014
-3497
-4185
-4398
-4049
-3599
-3301
-2788
-1665
-391
-132
-1359
-2770
-2188
1058
4803
5730
2838
-897
-1128
3105
7760
8004
4034
1259
3719
8686
9931
6001
2360
3920
7991
7875
2554
-1283
1610
7335
7822
1944
-2810
-704
4332
4370
-1378
-5651
-3455
1212
1420
-3059
-6129
-4377
-1327
-1607
-4442
-5663
-4142
-2796
-3652
-5113
-4990
-3794
-3421
-4166
-4791
-4661
-4127
-3309
-2173
-1502
-2123
-3122
-2601
-602
554
-263
-1022
396
2673
2850
1029
488
2734
5031
4370
1962
1450
3558
5154
3920
1604
1273
2905
3659
2041
-136
-456
851
1471
184
-1753
-2479
-1824
-1181
-1574
-2586
-3238
-3296
-3309
-3637
-3955
-3844
-3489
-3467
-3937
-4408
-4388
-4007
-3731
-3611
-3132
-1994
-819
-704
-1906
-3104
-2366
804
4394
5343
2668
-894
-1184
2826
7335
7674
3955
1318
3665
8447
9695
5932
2394
4033
8528
9237
4515
457
2626
7997
8658
2666
-2984
-1746
3596
4945
122
-4406
-2904
1701
2354
-2110
-5821
-4543
-1216
-973
-3827
-5562
-4390
-2995
-3796
-5417
-5372
-3947
-3330
-4134
-4930
-4739
-4042
-3361
-2588
-1987
-2246
-2973
-2646
-913
455
110
-615
321
2304
2804
1387
636
2247
4278
3953
1886
1231
3027
4677
3772
1506
806
2156
3120
1957
-43
-561
543
1237
171
-1673
-2461
-1832
-1067
-1322
-2368
-3221
-3437
-3397
-3543
-3802
-3870
-3759
-3770
-4011
-4195
-4026
-3625
-3382
-3384
-3150
-2156
-642
302
-249
-1794
-2410
-488
3266
5863
4777
949
-1518
537
5507
8318
6186
2229
1931
6192
9861
8311
3764
2541
6389
9745
7346
1900
734
5476
9345
6406
9
-1744
2631
5924
2520
-3652
-4759
-114
3126
193
-4980
-5864
-2404
-239
-2307
-5396
-5646
-3886
-3388
-4677
-5423
-4557
-3659
-4097
-5069
-5250
-4669
-3959
-3162
-2372
-2380
-3348
-3790
-2454
-547
-232
-1230
-1033
1085
2547
1288
-790
-281
2731
4641
3322
888
475
2088
3230
2645
1541
1289
1609
1548
1062
723
593
257
-307
-709
-908
-1262
-1784
-2000
-1820
-1908
-2720
-3613
-3625
-2921
-2681
-3407
-4123
-3759
-2737
-2391
-3077
-3722
-3384
-2407
-1617
-1052
-271
401
-14
-1480
-2180
-279
3559
6158
5012
1423
-309
2474
7335
9093
5996
2266
3060
7709
10283
7407
3060
3328
7840
9902
5715
37
-40
5070
7771
3726
-2024
-1972
3417
6276
2193
-3851
-4576
-342
1929
-1247
-5475
-5364
-2127
-1126
-3859
-6375
-5593
-3457
-3314
-4949
-5648
-4621
-3658
-3937
-4567
-4555
-4149
-3664
-2731
-1560
-1352
-2347
-2822
-1474
339
519
-368
133
2329
3537
2167
477
1453
4344
5579
3814
1737
2192
4358
5182
3657
1900
2022
3368
3701
2287
685
504
1308
1371
17
-1559
-1945
-1278
-903
-1619
-2815
-3418
-3194
-2853
-3067
-3738
-4239
-4210
-3934
-3885
-4054
-3978
-3528
-3268
-3651
-4075
-3372
-1468
23
-531
-2608
-3654
-1638
2601
5804
5268
1643
-1269
-17
4746
8446
7416
3368
1721
4959
9212
9099
4977
2612
5158
8436
6682
1113
-1119
3139
8112
6696
314
-2908
607
4990
3268
-2883
-5676
-2147
2023
784
-4102
-6222
-3704
-1146
-2444
-5559
-6252
-4307
-3122
-4316
-5830
-5568
-4301
-3892
-4461
-4821
-4556
-4109
-3500
-2501
-1710
-1935
-2560
-2076
-474
502
78
-132
1325
3118
2878
968
368
2482
5019
5123
3176
1965
2749
3972
3906
2952
2529
2817
2793
2048
1365
1341
1435
866
-168
-808
-796
-728
-1093
-1707
-2265
-2837
-3478
-3807
-3564
-3263
-3614
-4399
-4637
-4029
-3469
-3778
-4523
-4713
-4192
-3572
-3001
-1968
-561
-2
-1179
-2987
-3003
-131
3816
5551
3545
-141
-1489
1533
6534
8778
6311
2506
2393
6469
9793
8215
3971
2826
6069
8505
5831
1240
1276
6210
8866
4445
-2313
-3270
1875
5160
1468
-4515
-5143
-422
2529
-333
-4913
-5505
-2653
-1390
-3593
-5925
-5387
-3470
-3254
-4751
-5493
-4559
-3578
-3860
-4643
-4716
-4135
-3456
-2619
-1664
-1483
-2468
-3206
-2085
122
1049
223
-130
1461
3267
2931
1258
1237
3573
5484
4655
2519
2095
3741
4915
3923
2115
1724
2773
3280
2090
303
-304
432
988
169
-1429
-2238
-1707
-944
-1277
-2614
-3688
-3710
-3254
-3315
-3978
-4450
-4238
-3770
-3732
-4137
-4418
-4272
-4040
-4112
-4236
-3715
-2302
-722
-149
-1050
-2519
-2792
-787
2601
4863
4091
1117
-838
760
4917
7789
6730
3422
2205
4938
8475
8404
4863
2678
4899
8262
7434
2794
447
3610
7484
5740
-152
-2615
1158
4917
2293
-3912
-5754
-1549
2008
-299
-5145
-6196
-3185
-1353
-3303
-5910
-5814
-4164
-3919
-5115
-5507
-4541
-3942
-4584
-5250
-4934
-4327
-4166
-3779
-2557
-1555
-1955
-2794
-2109
-98
919
90
-441
1200
3451
3446
1461
831
3121
5680
5318
2807
1711
3384
5304
4808
2628
1500
2341
3408
2997
1565
663
777
1014
545
-423
-1147
-1276
-1135
-1296
-2022
-2998
-3608
-3579
-3327
-3484
-4089
-4533
-4399
-4024
-3993
-4281
-4348
-4007
-3737
-3915
-4082
-3384
-1760
-322
-324
-1725
-2904
-2003
1190
4594
5458
3155
355
678
4693
8746
8741
5048
2462
4509
8873
10128
6785
3392
4463
8160
8675
4468
876
2870
7733
8274
2671
-2672
-1622
3364
4681
-18
-4899
-4305
-365
570
-3021
-6272
-5349
-2592
-2402
-4817
-6189
-5028
-3798
-4612
-6132
-6097
-4801
-4142
-4516
-4776
-4558
-4569
-4674
-3841
-2306
-1814
-2812
-3259
-1633
457
595
-580
-277
1979
3413
2292
749
1627
4214
5325
3973
2511
2958
4283
4394
3266
2566
2931
3232
2581
1632
1392
1641
1368
346
-588
-808
-719
-1026
-1699
-2159
-2245
-2418
-2956
-3468
-3530
-3396
-3631
-4180
-4365
-3878
-3299
-3317
-3807
-4081
-3866
-3497
-3138
-2393
-1060
100
-28
-1418
-2421
-1211
2183
5450
5950
3420
712
1237
5246
9041
8784
5097
2714
4817
8857
9634
6164
3141
4523
7834
7443
2708
-592
1787
6199
5750
-33
-4155
-1602
3712
4293
-795
-5033
-3662
133
293
-3635
-6524
-5244
-2569
-2528
-4811
-6061
-5106
-4131
-4862
-6171
-6216
-5164
-4460
-4584
-4903
-5018
-4924
-4272
-2879
-1762
-2140
-3292
-3048
-917
878
570
-418
365
2497
3202
1701
623
2156
4723
5259
3594
2477
3458
4873
4552
2902
1991
2511
3100
2532
1299
606
706
839
427
-341
-997
-1390
-1654
-1907
-2201
-2579
-3023
-3409
-3625
-3751
-3951
-4228
-4385
-4320
-4197
-4211
-4283
-4192
-3979
-3931
-4081
-3929
-2941
-1304
19
130
-870
-1745
-1041
1598
4770
6198
4786
2067
1180
3769
7863
9541
7246
3892
3721
7098
9817
8386
4707
3621
6182
8005
5519
1517
1597
5912
8208
4305
-1679
-2635
1728
4498
1261
-3889
-4468
-786
944
-2214
-6035
-5703
-2638
-1847
-4463
-6673
-5805
-3939
-4170
-5986
-6589
-5303
-4123
-4356
-5050
-5035
-4567
-4163
-3456
-2295
-1667
-2196
-2688
-1700
22
500
-311
-279
1510
3072
2488
1014
1356
3613
5054
4053
2286
2149
3459
4121
3288
2254
2277
2857
2754
1790
891
692
858
734
130
-672
-1342
-1717
-1834
-1926
-2304
-3020
-3706
-3931
-3730
-3610
-3935
-4475
-4730
-4573
-4337
-4277
-4257
-4105
-3985
-4125
-4264
-3771
-2415
-845
-84
-561
-1608
-1853
-295
2681
5223
5421
3296
1288
2102
5720
8956
8690
5518
3357
4891
8165
8939
6225
3702
4656
7216
6895
3267
1029
3238
6320
4749
-769
-3687
-685
3457
2429
-2826
-5647
-3078
392
-407
-4293
-6164
-4410
-2448
-3152
-5047
-5244
-3810
-3147
-4163
-5249
-4945
-3811
-3129
-3126
-3288
-3455
-3631
-3336
-2227
-1091
-1033
-1705
-1535
-65
1173
928
291
1132
3090
3886
2743
1741
2800
4787
5120
3512
2274
2899
4124
4106
3061
2519
2786
2708
1747
836
785
965
375
-759
-1385
-1280
-1307
-2007
-2827
-3075
-2992
-3287
-3964
-4315
-4042
-3742
-4065
-4776
-5091
-4712
-4142
-3937
-4054
-4088
-3903
-3713
-3585
-3219
-2325
-1093
-131
92
-293
-556
139
2014
4240
5342
4505
2699
2131
4014
6912
7998
6372
4432
5042
7701
8923
6886
4146
4251
6637
7252
4456
1719
2717
5656
5420
974
-2705
-1382
2423
2876
-1121
-4648
-3785
-772
-345
-3113
-5322
-4565
-2793
-2904
-4595
-5379
-4468
-3605
-4159
-5223
-5227
-4151
-3213
-3060
-3292
-3442
-3441
-3122
-2233
-1146
-740
-1135
-1264
-335
920
1275
922
1206
2485
3449
3118
2445
2918
4258
4778
3912
3066
3484
4429
4365
3252
2506
2816
3194
2552
1320
729
991
1060
208
-972
-1494
-1360
-1439
-2167
-2997
-3290
-3230
-3460
-4066
-4465
-4324
-4072
-4239
-4661
-4767
-4453
-4187
-4220
-4215
-3837
-3326
-3124
-3147
-2852
-1967
-842
-62
67
-286
-493
274
2292
4566
5346
3949
1973
1976
4620
7593
7984
5659
3552
4243
6818
8015
6393
4166
4141
5805
6047
3723
1558
2328
4580
4316
719
-2299
-1331
1699
2067
-1283
-4432
-4019
-1653
-1229
-3442
-5315
-4779
-3330
-3375
-4749
-5410
-4613
-3704
-3874
-4606
-4787
-4294
-3764
-3517
-3405
-3359
-3327
-2950
-2025
-1114
-963
-1326
-1153
-124
798
824
610
1231
2419
2882
2332
2049
3002
4317
4474
3483
2850
3416
4241
4059
3047
2407
2568
2662
1928
873
534
969
1130
280
-1026
-1696
-1499
-1259
-1692
-2529
-3025
-3009
-3008
-3384
-3826
-3854
-3555
-3459
-3790
-4149
-4053
-3540
-3076
-2957
-3039
-3026
-2852
-2610
-2271
-1668
-784
75
532
486
229
296
1174
2878
4596
5073
3929
2550
2987
5521
7845
7516
5018
3440
4698
7059
7371
5210
3380
4019
5627
5244
2766
1232
2489
4340
3441
77
-1987
-621
1673
1168
-2004
-4150
-3131
-1073
-1127
-3198
-4576
-3984
-3019
-3373
-4424
-4572
-3771
-3343
-3784
-4156
-3744
-3098
-2973
-3163
-3042
-2614
-2276
-1964
-1376
-799
-828
-1209
-922
290
1328
1253
725
1015
2057
2553
2046
1711
2547
3736
3760
2658
2022
2705
3626
3367
2170
1502
1956
2526
2109
965
200
256
485
148
-691
-1424
-1709
-1729
-1814
-2070
-2408
-2722
-2975
-3158
-3277
-3327
-3296
-3202
-3144
-3233
-3425
-3496
-3273
-2873
-2596
-2553
-2529
-2281
-1866
-1532
-1320
-953
-233
582
991
882
821
1546
3099
4559
4842
3896
2993
3541
5476
7103
6875
5230
4203
5008
6512
6660
5150
3807
4050
4894
4392
2566
1574
2576
3747
2608
-332
-1925
-602
1343
770
-2042
-3836
-2846
-1026
-1113
-2935
-4095
-3547
-2753
-3149
-4096
-4204
-3557
-3365
-3941
-4304
-3835
-3162
-3036
-3240
-3206
-2987
-2898
-2702
-2012
-1232
-1165
-1648
-1557
-444
681
800
383
610
1524
2029
1695
1480
2224
3259
3340
2476
1952
2526
3429
3471
2576
1726
1621
1932
1917
1368
760
550
602
388
-304
-1041
-1248
-969
-855
-1348
-2093
-2407
-2162
-1897
-2037
-2365
-2432
-2242
-2198
-2479
-2759
-2671
-2293
-2017
-2021
-2077
-1906
-1576
-1426
-1594
-1738
-1358
-416
505
767
372
10
400
1615
3035
3857
3695
2936
2552
3304
4872
5945
5570
4366
3925
4858
5951
5733
4438
3651
4035
4394
3478
1958
1543
2399
2695
1159
-919
-1317
39
866
-397
-2510
-3191
-2170
-1334
-2011
-3331
-3740
-3148
-2747
-3131
-3627
-3541
-3153
-3087
-3295
-3261
-2876
-2519
-2407
-2377
-2335
-2380
-2376
-1942
-1127
-638
-921
-1386
-1120
-175
499
461
357
824
1445
1451
1029
1151
2098
2942
2818
2098
1809
2254
2764
2727
2289
1918
1743
1579
1349
1161
1034
833
473
20
-416
-777
-1031
-1180
-1309
-1525
-1808
-2021
-2104
-2166
-2319
-2509
-2597
-2568
-2512
-2463
-2357
-2198
-2113
-2164
-2200
-2019
-1664
-1421
-1491
-1712
-1699
-1223
-435
265
564
471
318
520
1277
2379
3288
3512
3054
2576
2901
4158
5465
5710
4801
3850
3930
4788
5211
4613
3754
3579
3838
3510
2432
1704
2087
2697
2066
263
-998
-597
439
318
-1105
-2225
-1970
-1199
-1343
-2385
-3056
-2755
-2296
-2546
-3174
-3300
-2870
-2635
-2928
-3211
-2987
-2514
-2323
-2419
-2432
-2270
-2150
-2074
-1781
-1250
-863
-837
-873
-610
-167
116
244
508
910
1109
1027
1105
1664
2313
2416
1988
1689
1892
2213
2178
1938
1942
2108
1901
1231
739
908
1284
1029
83
-716
-748
-394
-447
-1072
-1698
-1857
-1745
-1793
-2069
-2293
-2324
-2334
-2486
-2663
-2643
-2424
-2233
-2238
-2364
-2421
-2333
-2172
-2036
-1959
-1928
-1906
-1815
-1562
-1149
-710
-413
-295
-241
-100
234
799
1525
2160
2413
2299
2280
2866
3979
4877
4888
4196
3678
3941
4636
4918
4473
3849
3675
3825
3665
3024
2497
2566
2783
2303
1134
299
490
1067
870
-204
-1076
-1011
-596
-812
-1619
-2121
-1930
-1656
-1891
-2351
-2426
-2170
-2150
-2515
-2775
-2588
-2232
-2117
-2205
-2232
-2172
-2140
-2028
-1656
-1218
-1141
-1426
-1544
-1150
-577
-325
-349
-226
150
479
614
800
1197
1554
1604
1534
1715
2109
2306
2140
1930
2024
2304
2368
2024
1477
1074
1009
1192
1269
894
119
-547
-649
-381
-394
-982
-1678
-1862
-1582
-1450
-1782
-2202
-2214
-1939
-1914
-2307
-2663
-2551
-2182
-2102
-2419
-2661
-2458
-2075
-2029
-2363
-2591
-2365
-1909
-1662
-1688
-1656
-1327
-842
-463
-238
21
478
1097
1683
2027
2102
2170
2606
3447
4180
4234
3722
3439
3932
4712
4779
3932
3114
3191
3749
3645
2648
1834
2033
2548
2109
785
-6
453
1058
461
-935
-1533
-867
-255
-824
-1934
-2250
-1720
-1452
-1931
-2388
-2176
-1800
-2019
-2607
-2736
-2262
-1851
-1895
-2026
-1883
-1682
-1690
-1653
-1252
-786
-809
-1194
-1204
-547
156
253
-49
-90
298
715
928
1130
1429
1605
1573
1705
2263
2844
2844
2341
2038
2310
2760
2875
2650
2295
1793
1168
872
1222
1596
968
-547
-1464
-808
374
235
-1350
-2544
-2045
-865
-873
-2195
-3144
-2665
-1714
-1737
-2611
-3001
-2429
-1897
-2290
-3039
-3028
-2288
-1945
-2567
-3358
-3298
-2511
-1986
-2205
-2637
-2566
-1936
-1216
-752
-535
-375
-60
578
1469
2201
2402
2281
2515
3417
4416
4657
4101
3657
4037
4794
4867
4031
3265
3418
3964
3701
2552
1817
2321
3051
2479
841
-5
797
1786
1196
-493
-1243
-386
468
-164
-1549
-1962
-1234
-835
-1583
-2555
-2646
-2178
-2191
-2785
-3140
-2901
-2650
-2835
-3087
-2938
-2590
-2465
-2444
-2154
-1730
-1646
-1821
-1640
-957
-445
-553
-737
-287
468
577
-8
-197
673
1754
1807
959
555
1309
2382
2596
1956
1450
1649
2145
2365
2325
2298
2202
1766
1177
1017
1409
1638
1001
-173
-776
-315
350
37
-1215
-2146
-1890
-1113
-1096
-2019
-2771
-2525
-1832
-1749
-2337
-2706
-2413
-2079
-2332
-2796
-2678
-2035
-1768
-2301
-2937
-2815
-2074
-1596
-1794
-2157
-2040
-1442
-817
-426
-176
51
283
639
1314
2191
2774
2748
2523
2856
3861
4713
4606
3844
3521
4108
4775
4506
3543
3086
3565
3950
3213
1921
1527
2236
2602
1595
187
17
982
1321
171
-1172
-1149
-192
-19
-1093
-2069
-1897
-1309
-1543
-2467
-2946
-2654
-2430
-2819
-3280
-3182
-2823
-2820
-3050
-2944
-2521
-2333
-2462
-2340
-1735
-1208
-1218
-1342
-961
-296
-75
-343
-348
280
932
966
667
767
1314
1675
1574
1469
1737
2076
2074
1968
2259
2802
2887
2359
2025
2552
3354
3232
2020
983
1242
2276
2522
1373
-50
-337
447
902
108
-1266
-1876
-1399
-834
-1142
-2051
-2528
-2191
-1756
-1983
-2635
-2869
-2475
-2182
-2572
-3200
-3210
-2584
-2217
-2683
-3421
-3496
-2831
-2227
-2248
-2567
-2532
-2019
-1423
-1021
-710
-341
17
293
671
1379
2261
2798
2711
2425
2679
3610
4468
4476
3853
3600
4173
4813
4556
3622
3157
3600
3995
3376
2247
1915
2541
2786
1741
329
49
812
1062
33
-1182
-1278
-618
-584
-1495
-2260
-2126
-1757
-2087
-2879
-3201
-2881
-2652
-2914
-3204
-3090
-2879
-2985
-3174
-2966
-2509
-2352
-2517
-2443
-1934
-1519
-1583
-1703
-1326
-689
-449
-605
-473
188
722
587
244
496
1263
1716
1517
1269
1522
1956
1989
1756
1888
2451
2752
2341
1695
1613
2188
2734
2612
1867
1096
890
1309
1751
1442
332
-630
-511
347
580
-469
-1795
-2007
-1170
-693
-1389
-2439
-2641
-2058
-1767
-2220
-2697
-2509
-2062
-2193
-2864
-3171
-2657
-1985
-2025
-2674
-3031
-2610
-1904
-1638
-1862
-2029
-1789
-1347
-1030
-797
-393
189
631
752
828
1297
2171
2921
3080
2853
2922
3589
4342
4472
4011
3740
4164
4781
4719
3933
3345
3594
4113
3863
2798
2001
2204
2742
2443
1260
335
409
833
558
-372
-984
-851
-669
-1140
-1924
-2203
-1939
-1888
-2439
-3046
-3055
-2621
-2408
-2666
-3028
-3138
-3048
-2930
-2796
-2641
-2571
-2588
-2461
-2043
-1588
-1429
-1484
-1361
-949
-564
-406
-248
152
579
653
459
498
967
1472
1586
1442
1488
1822
2108
2099
1966
2001
2216
2395
2407
2283
2090
1911
1898
2106
2269
1987
1286
779
949
1426
1321
379
-563
-591
64
257
-586
-1693
-1963
-1408
-1070
-1582
-2360
-2521
-2136
-2055
-2614
-3125
-2890
-2255
-2158
-2812
-3393
-3152
-2418
-2114
-2522
-2978
-2803
-2170
-1765
-1881
-2119
-1991
-1519
-1090
-899
-741
-360
154
471
480
529
1042
1945
2639
2684
2372
2433
3129
3908
4089
3732
3540
3911
4416
4391
3851
3483
3700
4033
3743
2868
2244
2395
2765
2443
1425
666
779
1182
910
-37
-735
-659
-381
-672
-1402
-1819
-1691
-1592
-1975
-2513
-2632
-2369
-2257
-2533
-2854
-2855
-2620
-2446
-2417
-2421
-2403
-2374
-2251
-1936
-1555
-1364
-1386
-1368
-1145
-869
-716
-587
-295
65
223
175
242
604
996
1087
961
981
1281
1620
1779
1830
1927
2023
1998
1925
2006
2260
2426
2279
1917
1691
1816
2117
2149
1661
951
662
1045
1508
1201
123
-702
-447
355
404
-663
-1725
-1656
-856
-673
-1524
-2384
-2319
-1795
-1884
-2614
-2980
-2514
-2020
-2361
-3139
-3270
-2570
-2031
-2408
-3174
-3285
-2577
-1890
-1904
-2345
-2476
-2034
-1416
-1059
-952
-766
-299
302
737
898
994
1341
1980
2586
2817
2761
2881
3452
4143
4367
4013
3660
3877
4488
4759
4335
3709
3563
3851
3870
3271
2558
2390
2601
2416
1576
785
757
1194
1156
323
-591
-838
-598
-614
-1131
-1658
-1772
-1695
-1862
-2253
-2475
-2398
-2325
-2510
-2800
-2888
-2742
-2574
-2518
-2521
-2506
-2452
-2319
-2072
-1805
-1702
-1766
-1744
-1447
-1029
-792
-766
-693
-438
-162
-32
65
319
651
807
755
770
1049
1424
1615
1598
1595
1755
1994
2172
2250
2263
2236
2202
2211
2266
2293
2239
2134
2013
1843
1609
1406
1332
1301
1105
704
325
192
206
55
-365
-794
-938
-871
-960
-1399
-1939
-2195
-2125
-2070
-2298
-2662
-2827
-2749
-2722
-2950
-3241
-3273
-3045
-2881
-2975
-3143
-3084
-2790
-2532
-2481
-2496
-2330
-1939
-1509
-1211
-1018
-766
-354
154
606
911
1142
1478
2011
2590
2943
2999
3040
3418
4079
4529
4405
3989
3908
4338
4746
4582
4027
3742
3928
4049
3605
2878
2527
2628
2562
1926
1130
807
896
748
87
-608
-798
-661
-799
-1379
-1937
-2077
-1995
-2116
-2484
-2763
-2767
-2684
-2727
-2838
-2845
-2751
-2682
-2666
-2627
-2544
-2461
-2353
-2159
-1936
-1809
-1752
-1553
-1162
-831
-786
-855
-675
-213
188
309
346
572
912
1094
1091
1159
1438
1745
1854
1803
1806
1951
2125
2195
2143
2054
2022
2079
2160
2144
1995
1824
1752
1738
1635
1400
1141
952
795
594
369
170
-24
-280
-592
-881
-1093
-1244
-1372
-1509
-1681
-1883
-2040
-2085
-2085
-2175
-2370
-2515
-2494
-2405
-2408
-2497
-2521
-2430
-2347
-2361
-2385
-2299
-2146
-2061
-2043
-1950
-1728
-1520
-1464
-1476
-1318
-913
-453
-167
-47
138
545
1076
1494
1720
1919
2298
2825
3214
3281
3213
3395
3907
4346
4304
3928
3792
4130
4472
4260
3629
3243
3365
3470
3018
2245
1830
1900
1862
1285
536
213
268
100
-529
-1155
-1295
-1127
-1192
-1650
-2145
-2359
-2374
-2421
-2548
-2661
-2745
-2836
-2899
-2889
-2877
-2944
-2989
-2846
-2572
-2422
-2464
-2439
-2138
-1744
-1572
-1585
-1424
-960
-503
-351
-365
-200
170
448
491
522
768
1127
1329
1341
1369
1538
1727
1790
1784
1856
2019
2143
2142
2070
2017
2017
2045
2066
2037
1910
1701
1506
1400
1339
1196
933
654
463
320
96
-232
-527
-665
-713
-850
-1128
-1397
-1505
-1510
-1601
-1830
-2022
-2017
-1900
-1892
-2038
-2151
-2079
-1929
-1900
-2010
-2102
-2099
-2097
-2166
-2198
-2080
-1903
-1858
-1945
-1941
-1711
-1404
-1258
-1284
-1276
-1060
-672
-266
35
216
379
662
1104
1552
1820
1954
2213
2706
3156
3234
3062
3134
3645
4138
4067
3558
3317
3688
4149
3984
3265
2760
2884
3149
2884
2179
1709
1729
1729
1225
490
138
216
149
-399
-1055
-1312
-1231
-1276
-1618
-1978
-2120
-2161
-2294
-2464
-2525
-2512
-2562
-2647
-2632
-2524
-2467
-2466
-2366
-2142
-1999
-2053
-2099
-1887
-1525
-1336
-1375
-1323
-956
-491
-281
-320
-281
-8
288
369
338
469
794
1062
1097
1034
1113
1340
1511
1504
1431
1452
1568
1643
1601
1495
1416
1384
1366
1319
1216
1061
906
819
802
759
584
292
28
-96
-120
-190
-372
-589
-730
-805
-918
-1100
-1248
-1284
-1295
-1412
-1595
-1634
-1466
-1324
-1451
-1754
-1898
-1757
-1579
-1622
-1783
-1773
-1553
-1381
-1441
-1602
-1644
-1576
-1570
-1656
-1675
-1520
-1295
-1162
-1135
-1096
-965
-777
-589
-406
-204
31
304
604
894
1154
1417
1738
2097
2381
2522
2612
2811
3135
3406
3444
3289
3175
3272
3479
3527
3286
2928
2719
2690
2597
2261
1836
1596
1531
1336
862
378
216
268
98
-443
-989
-1147
-1054
-1168
-1618
-2036
-2084
-1907
-1893
-2142
-2394
-2447
-2390
-2393
-2425
-2343
-2147
-2000
-1993
-2020
-1933
-1710
-1459
-1280
-1197
-1146
-1029
-786
-483
-267
-193
-146
29
309
523
600
659
818
997
1047
1003
1052
1257
1452
1468
1381
1374
1471
1527
1459
1375
1392
1464
1458
1340
1207
1136
1097
1005
837
644
508
473
478
394
161
-111
-253
-250
-288
-510
-814
-971
-944
-935
-1100
-1322
-1371
-1233
-1151
-1297
-1543
-1631
-1515
-1403
-1459
-1566
-1498
-1242
-1044
-1079
-1218
-1189
-952
-736
-736
-859
-870
-705
-519
-469
-531
-566
-513
-420
-355
-322
-281
-215
-163
-181
-254
-267
-99
206
429
390
203
186
505
967
1208
1122
974
1108
1536
1920
1969
1784
1725
1952
2199
2136
1852
1771
2050
2280
2003
1407
1156
1481
1798
1470
703
297
540
823
522
-113
-373
-129
23
-328
-827
-946
-777
-831
-1216
-1508
-1414
-1212
-1285
-1564
-1696
-1583
-1459
-1482
-1551
-1549
-1516
-1499
-1436
-1294
-1180
-1161
-1112
-909
-668
-598
-656
-581
-296
-41
-15
-69
67
368
553
503
421
532
772
902
846
756
777
870
921
904
880
874
839
751
668
673
767
857
845
723
584
530
573
628
616
561
519
496
424
295
199
212
254
189
12
-123
-120
-83
-164
-335
-418
-351
-290
-402
-634
-796
-799
-749
-769
-845
-880
-857
-852
-901
-951
-943
-908
-918
-966
-968
-878
-762
-724
-769
-810
-781
-707
-638
-584
-517
-448
-420
-441
-458
-417
-335
-270
-250
-230
-164
-68
0
20
43
122
225
289
336
477
739
973
983
804
724
980
1458
1769
1670
1350
1237
1533
1960
2051
1692
1292
1317
1702
1906
1598
1108
988
1255
1365
990
498
439
729
766
285
-233
-231
148
252
-196
-759
-895
-639
-482
-714
-1123
-1339
-1285
-1170
-1198
-1354
-1490
-1521
-1495
-1514
-1597
-1639
-1540
-1357
-1269
-1336
-1390
-1237
-948
-791
-874
-965
-802
-447
-198
-171
-163
24
292
411
366
374
552
758
814
760
784
953
1144
1205
1119
991
928
955
1019
1034
970
877
816
782
718
606
499
448
422
376
309
259
208
104
-46
-156
-167
-137
-182
-336
-511
-606
-621
-631
-697
-801
-888
-915
-892
-865
-882
-963
-1082
-1184
-1212
-1149
-1032
-936
-915
-951
-972
-912
-785
-659
-579
-527
-453
-332
-180
-31
82
140
165
220
361
554
682
668
577
569
702
881
965
947
946
1028
1114
1107
1027
982
1007
1034
1008
978
997
1018
952
804
689
674
705
689
602
489
387
304
250
225
188
89
-52
-167
-218
-247
-308
-392
-455
-487
-514
-549
-572
-580
-597
-633
-652
-624
-575
-555
-581
-621
-643
-651
-656
-651
-626
-595
-578
-570
-535
-471
-424
-434
-476
-487
-444
-396
-382
-379
-342
-279
-248
-265
-266
-188
-57
28
21
-1
61
206
340
386
379
402
478
557
598
641
756
928
1052
1027
901
845
976
1197
1275
1104
869
849
1064
1220
1067
724
546
654
778
624
267
35
62
127
-15
-302
-481
-467
-452
-617
-884
-1019
-930
-791
-823
-1045
-1244
-1218
-1010
-862
-923
-1085
-1116
-958
-782
-757
-824
-814
-684
-568
-563
-571
-452
-232
-88
-100
-137
-41
160
291
278
236
291
421
518
549
595
706
820
858
832
819
859
903
881
790
695
666
701
716
628
460
329
314
363
345
214
54
-44
-93
-161
-260
-340
-372
-395
-450
-517
-551
-554
-565
-608
-646
-636
-587
-552
-569
-608
-608
-547
-464
-398
-355
-325
-313
-317
-307
-248
-151
-78
-53
-29
48
163
237
229
183
175
230
313
371
383
373
376
395
403
384
373
411
473
474
377
260
230
283
301
215
103
79
139
161
78
-39
-79
-35
3
-29
-97
-140
-147
-168
-225
-275
-262
-196
-156
-204
-301
-344
-294
-212
-203
-275
-350
-353
-296
-246
-245
-266
-263
-227
-192
-186
-204
-216
-197
-156
-118
-85
-29
60
141
165
140
134
202
314
392
402
386
399
442
481
502
527
565
593
594
587
597
615
597
541
502
522
578
597
540
448
386
374
372
339
280
231
204
168
85
-34
-144
-211
-247
-282
-319
-335
-340
-379
-476
-594
-657
-648
-628
-666
-751
-815
-820
-807
-831
-889
-909
-851
-748
-672
-646
-637
-606
-549
-483
-415
-331
-239
-160
-113
-77
-20
65
147
187
191
205
267
358
427
449
451
475
530
586
614
615
609
615
635
641
601
514
424
389
417
464
460
395
307
246
223
210
187
157
136
122
103
70
32
8
-9
-34
-71
-99
-110
-124
-167
-224
-251
-238
-219
-232
-275
-310
-322
-324
-333
-342
-345
-355
-379
-408
-421
-417
-413
-422
-433
-442
-454
-481
-506
-498
-451
-399
-382
-408
-429
-394
-303
-214
-185
-210
-221
-155
-26
79
98
59
66
184
359
470
465
416
439
556
687
747
742
737
770
823
877
941
998
986
859
680
590
654
771
761
562
304
179
250
380
372
174
-57
-126
-28
41
-70
-281
-396
-376
-373
-495
-632
-631
-549
-583
-766
-887
-787
-601
-583
-752
-868
-770
-584
-521
-601
-657
-581
-434
-322
-265
-224
-187
-157
-111
-33
57
121
156
175
173
152
161
244
351
368
277
204
267
405
465
399
326
339
387
358
250
165
160
182
165
128
131
175
188
119
8
-50
-19
32
27
-39
-88
-71
-24
-8
-34
-64
-78
-99
-130
-144
-112
-56
-21
-29
-64
-94
-96
-61
-20
-13
-45
-66
-27
41
64
29
7
48
108
117
87
83
123
150
123
79
65
74
54
7
-7
44
119
154
131
89
57
32
-4
-44
-72
-77
-68
-56
-46
-40
-42
-62
-94
-125
-142
-140
-121
-82
-40
-17
-41
-92
-140
-162
-166
-162
-153
-144
-143
-147
-129
-80
-33
-21
-45
-62
-40
6
35
28
0
-28
-32
-5
35
58
50
36
45
76
94
82
56
45
48
49
40
34
46
71
86
80
62
49
52
71
98
129
159
174
167
142
121
127
172
242
302
317
288
253
248
268
261
196
107
56
59
80
89
95
113
107
37
-70
-136
-133
-130
-201
-319
-393
-387
-358
-371
-417
-439
-431
-438
-478
-522
-538
-531
-527
-530
-529
-519
-509
-503
-489
-463
-423
-367
-293
-210
-135
-70
-8
49
96
131
171
228
289
337
386
467
576
662
669
622
613
703
841
901
831
727
730
849
950
901
736
595
563
589
570
469
329
221
181
200
195
80
-124
-272
-263
-188
-226
-383
-470
-382
-283
-379
-597
-660
-504
-397
-559
-819
-842
-597
-401
-473
-643
-629
-439
-332
-427
-558
-523
-347
-212
-200
-219
-175
-83
-14
16
52
125
224
311
353
350
339
357
398
415
382
340
352
406
432
392
335
323
343
344
313
292
297
291
239
172
140
148
153
123
68
9
-45
-86
-106
-111
-124
-154
-190
-225
-271
-338
-403
-430
-412
-375
-344
-329
-331
-344
-359
-376
-391
-400
-389
-339
-264
-189
-132
-94
-77
-80
-83
-55
2
42
40
21
42
107
164
177
168
173
190
186
169
178
224
263
257
227
216
226
220
178
132
104
80
44
26
53
94
79
-3
-91
-122
-114
-111
-121
-115
-97
-103
-146
-189
-193
-174
-175
-211
-253
-267
-244
-190
-134
-95
-85
-90
-85
-68
-52
-49
-49
-38
-16
13
36
47
51
66
106
167
214
234
236
238
240
236
229
234
255
283
309
333
354
359
342
320
311
308
304
298
298
305
302
283
248
204
151
92
45
24
26
39
48
40
4
-51
-98
-109
-101
-107
-138
-164
-172
-181
-211
-255
-272
-256
-232
-226
-229
-229
-227
-234
-241
-227
-183
-132
-98
-94
-106
-116
-107
-72
-19
22
25
-7
-37
-31
14
74
122
157
184
204
203
175
130
90
77
101
147
198
246
288
307
278
185
84
54
114
179
140
5
-83
-14
126
124
-89
-315
-303
-74
74
-70
-356
-454
-290
-134
-218
-416
-429
-229
-95
-209
-386
-332
-80
50
-90
-258
-152
160
329
179
-67
-93
128
342
347
211
131
190
303
363
358
351
359
327
224
104
80
178
291
278
150
63
135
282
308
153
-27
-46
66
104
-46
-254
-313
-199
-85
-98
-169
-160
-80
-65
-178
-304
-307
-219
-179
-243
-314
-288
-178
-96
-99
-151
-180
-169
-144
-135
-148
-177
-208
-227
-234
-241
-254
-265
-261
-247
-242
-244
-237
-211
-187
-190
-205
-188
-125
-53
-22
-20
7
69
122
126
102
101
120
114
74
52
93
174
223
216
184
160
147
131
126
152
198
226
221
211
226
250
251
217
188
189
207
200
152
85
26
-7
-20
-19
-11
-4
-4
-16
-36
-57
-68
-65
-54
-56
-77
-100
-98
-72
-49
-48
-48
-21
35
83
84
40
-4
-9
35
109
186
243
262
242
207
191
192
182
141
101
112
170
222
232
212
200
193
174
142
122
131
153
169
175
181
175
141
75
6
-29
-9
46
90
78
14
-65
-106
-101
-77
-73
-100
-135
-150
-146
-150
-183
-231
-254
-231
-186
-157
-164
-197
-240
-279
-295
-277
-237
-216
-234
-265
-263
-212
-152
-120
-116
-114
-95
-62
-26
8
31
32
24
28
55
97
125
132
133
145
167
182
173
135
86
58
75
127
176
181
138
80
39
27
35
50
57
50
37
29
27
18
-9
-48
-77
-79
-60
-32
-11
-6
-11
-17
-13
-3
8
11
6
-5
-10
0
20
29
13
-14
-37
-50
-63
-75
-68
-39
-1
29
48
62
63
49
28
22
41
69
90
101
108
110
110
108
104
86
46
1
-21
-3
41
75
66
16
-42
-70
-55
-15
16
14
-16
-53
-80
-101
-123
-147
-161
-156
-139
-128
-138
-167
-199
-215
-204
-172
-138
-130
-154
-188
-197
-159
-89
-29
-9
-29
-59
-70
-59
-42
-31
-22
-11
2
11
21
32
39
31
13
7
25
60
88
94
86
78
79
89
100
107
110
108
101
90
83
89
112
141
159
160
152
142
139
140
148
158
161
151
126
102
89
89
91
88
79
67
57
51
46
47
54
63
70
66
54
41
35
29
19
11
18
43
77
108
124
130
121
99
74
57
52
44
23
-4
-18
-10
11
36
66
97
116
106
61
-3
-59
-87
-83
-59
-36
-34
-52
-81
-104
-113
-112
-107
-96
-81
-70
-68
-69
-65
-50
-32
-25
-35
-58
-82
-103
-111
-97
-62
-23
-2
-10
-41
-80
-118
-146
-157
-141
-104
-73
-64
-72
-79
-78
-69
-53
-28
0
20
15
-12
-54
-96
-122
-117
-84
-49
-35
-48
-68
-77
-77
-72
-65
-53
-43
-47
-57
-62
-55
-43
-32
-23
-3
28
59
74
72
62
59
66
75
74
59
35
14
9
22
49
79
95
86
55
15
-14
-14
14
54
81
88
81
67
44
14
-9
-7
20
55
80
94
103
103
86
54
14
-23
-44
-32
6
46
62
55
45
48
63
75
81
85
93
94
79
43
-2
-37
-50
-38
-11
22
47
55
40
7
-27
-51
-64
-64
-54
-27
5
28
34
18
-14
-51
-80
-91
-86
-71
-59
-59
-63
-62
-58
-50
-40
-35
-34
-31
-21
0
26
40
37
28
29
44
62
78
90
102
108
101
85
74
66
62
56
56
68
89
107
106
87
59
35
22
22
33
53
81
108
119
101
54
-3
-47
-61
-46
-13
21
40
33
1
-41
-68
-71
-56
-43
-45
-59
-79
-95
-105
-108
-103
-95
-94
-96
-97
-86
-61
-32
-9
-6
-25
-65
-106
-126
-113
-78
-39
-12
11
37
65
82
74
46
19
16
38
70
96
105
106
103
94
79
68
77
117
163
174
129
54
-5
-26
-24
-14
9
53
97
107
73
33
23
45
63
51
20
3
-2
-12
-36
-55
-49
-32
-28
-47
-67
-68
-51
-31
-19
-17
-28
-50
-76
-88
-82
-60
-35
-15
-6
-10
-22
-31
-38
-53
-72
-80
-64
-36
-19
-22
-24
-12
1
-3
-25
-42
-42
-30
-21
-20
-20
-16
-13
-13
-14
-12
-11
-13
-25
-45
-72
-96
-98
-68
-17
30
59
68
61
42
20
5
5
9
2
-10
-12
1
14
5
-20
-38
-32
-8
17
33
39
36
28
12
-1
2
17
33
36
28
19
17
20
29
42
58
66
55
28
-1
-16
-16
-8
0
10
22
30
20
-2
-19
-21
-12
-2
5
9
9
3
-12
-27
-34
-28
-14
1
8
7
-3
-14
-23
-29
-33
-31
-17
-1
12
13
8
8
17
34
46
52
45
27
10
-2
-4
0
5
9
12
10
3
-11
-22
-24
-12
1
15
26
40
51
53
46
38
32
31
30
32
40
52
64
69
67
56
37
15
3
6
13
15
11
8
14
21
19
9
-2
-8
-11
-14
-15
-13
-10
-14
-20
-21
-17
-10
-10
-21
-41
-59
-71
-75
-75
-77
-77
-78
-75
-68
-52
-28
-5
7
1
-17
-39
-54
-52
-38
-18
-1
12
21
24
15
-1
-12
-7
11
36
59
79
89
86
70
47
31
24
26
34
46
58
62
58
47
42
45
53
53
42
30
24
23
24
25
33
50
65
68
53
30
11
-5
-20
-36
-50
-54
-50
-43
-42
-42
-38
-31
-28
-35
-50
-64
-71
-68
-53
-27
-1
17
22
18
7
-6
-11
-6
3
5
0
-10
-12
-6
0
1
2
8
18
29
33
33
31
26
18
6
-4
-1
15
37
51
56
53
49
45
42
42
46
49
45
37
28
25
24
20
12
4
1
11
33
63
89
96
80
51
23
-1
-21
-34
-29
-4
30
50
39
1
-49
-92
-120
-126
-115
-98
-84
-78
-77
-77
-75
-64
-52
-41
-29
-11
11
29
40
44
45
44
37
28
28
38
53
67
73
68
55
40
30
28
29
24
9
-16
-42
-58
-56
-37
-7
21
35
33
10
-20
-36
-39
-32
-28
-27
-25
-17
-6
6
19
30
32
20
2
-13
-25
-36
-46
-52
-55
-59
-62
-56
-40
-21
-9
-1
10
29
47
55
60
64
71
76
77
78
83
93
102
103
87
59
29
11
4
1
-8
-24
-38
-43
-40
-31
-23
-14
-2
14
24
27
31
30
20
-5
-31
-43
-34
-17
-8
-3
5
13
15
7
4
12
30
37
27
10
1
5
13
20
27
33
39
35
25
13
9
10
4
-6
-15
-17
-11
-5
-2
1
10
24
34
29
6
-24
-43
-43
-27
-11
0
3
-2
-12
-22
-19
-7
1
-3
-15
-18
-10
6
21
30
37
36
35
40
46
44
26
1
-17
-22
-19
-18
-21
-24
-30
-29
-19
1
22
35
41
44
48
45
32
12
-7
-15
-12
-1
16
28
29
12
-14
-36
-48
-52
-58
-63
-58
-44
-32
-29
-34
-34
-24
-8
4
6
0
-4
-6
-10
-15
-18
-11
0
8
12
14
15
13
5
-4
-11
-9
-3
6
10
14
21
32
45
55
55
46
32
20
21
39
68
94
103
90
62
29
6
-3
9
33
54
58
42
15
-7
-16
-11
0
11
14
13
9
3
-4
-14
-23
-22
-14
-1
9
15
17
13
4
-7
-17
-23
-24
-16
-1
14
15
6
0
-2
-4
-10
-16
-17
-18
-28
-46
-63
-66
-51
-23
1
10
0
-20
-37
-41
-35
-24
-7
10
20
21
16
10
6
2
-4
-7
-6
-3
0
2
1
-1
-4
-4
-2
-2
-9
-11
-5
7
16
23
30
35
30
6
-21
-35
-27
-4
23
42
52
50
39
26
24
36
54
63
58
42
25
10
-1
-5
6
30
57
73
74
54
25
-6
-24
-22
-3
21
39
46
39
25
12
8
14
23
23
14
0
-15
-30
-37
-33
-18
0
12
18
15
4
-13
-28
-30
-17
1
11
6
-11
-29
-40
-39
-28
-12
4
13
9
-5
-24
-36
-38
-34
-25
-13
-1
6
8
8
12
21
30
35
34
29
20
11
1
-4
-1
10
27
40
49
50
46
36
26
21
25
35
42
42
33
19
3
-8
-10
3
21
31
27
19
14
12
9
4
2
5
14
26
34
34
25
13
2
-8
-21
-32
-39
-37
-28
-17
-4
10
20
24
24
23
21
11
-2
-12
-9
-1
5
7
12
21
34
46
48
44
35
26
18
14
10
6
1
-6
-7
6
33
65
92
102
95
70
34
3
-10
-2
13
22
22
19
20
26
27
17
-3
-19
-24
-13
4
15
13
2
-12
-18
-11
3
13
9
-8
-28
-40
-42
-34
-22
-9
4
14
14
-3
-28
-52
-64
-65
-63
-54
-39
-22
-11
-8
-5
8
23
26
11
-14
-36
-44
-41
-32
-19
-5
12
27
34
29
16
-2
-16
-22
-19
-10
4
19
27
23
9
-5
-9
-3
6
6
-1
-6
-4
2
10
26
52
79
92
77
49
25
23
37
54
64
61
51
37
24
19
22
30
37
42
40
32
20
5
-5
-4
1
6
11
18
31
41
44
34
14
-10
-29
-33
-18
5
19
17
-2
-25
-40
-37
-18
4
13
5
-10
-24
-32
-37
-36
-30
-25
-24
-29
-33
-33
-28
-19
-10
-5
-4
-5
-3
5
17
30
38
42
41
35
24
7
-10
-18
-15
-2
10
17
19
17
12
1
-10
-15
-10
3
18
30
36
34
29
25
24
26
27
28
33
37
36
24
6
-10
-16
-14
-3
15
35
43
38
23
5
-10
-20
-24
-19
-5
11
23
26
20
2
-18
-31
-29
-21
-12
-9
-9
-10
-9
-6
-4
-6
-11
-17
-18
-11
5
26
42
43
32
16
3
-7
-12
-13
-7
2
15
35
61
83
87
67
39
18
13
20
30
40
44
42
37
30
20
5
-11
-17
