3
3
4
5
5
4
5
4
5
4
4
5
5
4
4
4
5
5
4
5
4
4
4
5
4
4
5
5
5
4
4
4
4
5
6
8
12
16
16
11
5
3
3
6
5
4
3
5
5
4
4
5
5
4
4
5
5
4
4
5
6
4
4
5
5
5
4
4
5
5
4
3
6
7
9
13
15
16
13
12
15
20
23
22
18
14
9
7
6
6
4
4
9
15
16
14
13
12
14
15
13
10
7
5
3
4
6
10
13
15
15
15
12
13
14
15
13
12
13
14
9
4
2
4
6
5
6
10
15
16
14
12
10
8
5
2
2
5
8
10
13
15
15
14
9
4
2
4
4
3
4
8
12
14
14
14
11
8
2
0
0
-1
-3
-2
2
6
8
9
13
16
17
14
13
14
14
15
13
14
14
13
14
14
14
14
14
14
14
14
14
14
14
14
15
13
14
14
14
14
13
14
14
14
14
14
15
14
14
14
14
15
14
14
14
15
15
14
14
14
14
14
13
14
15
14
15
14
13
14
14
14
15
15
17
22
25
27
25
24
24
24
21
16
11
13
19
24
24
24
27
30
31
28
23
17
13
14
16
17
15
14
14
16
16
16
15
16
16
15
14
16
16
16
15
15
16
16
16
16
16
15
16
16
15
14
11
7
5
5
7
10
14
16
16
15
11
7
4
3
4
1
-2
1
9
15
16
13
13
14
15
14
13
10
7
3
3
5
5
5
7
12
15
15
14
14
15
15
17
20
25
26
24
18
14
13
14
15
17
15
13
13
13
15
14
14
14
15
15
15
16
22
25
25
18
13
13
13
15
15
14
14
14
14
13
14
14
14
14
13
14
15
15
16
18
19
18
14
12
13
15
15
15
17
21
25
26
24
24
25
26
24
21
18
14
13
13
15
15
13
13
14
14
14
14
14
14
13
14
14
15
14
15
14
14
14
14
14
14
15
13
14
14
14
14
14
14
13
14
15
17
20
23
23
18
13
11
13
16
16
13
11
10
7
5
6
11
16
16
13
11
14
15
15
14
13
13
13
14
14
14
14
14
14
14
14
13
14
10
5
3
3
4
5
5
7
12
15
16
14
13
15
15
13
13
15
15
14
13
14
17
21
23
25
25
25
25
24
25
25
24
24
25
25
24
24
27
29
32
29
26
25
24
23
20
16
13
14
16
16
15
14
15
15
15
14
15
16
11
5
2
4
5
6
4
6
11
14
16
15
10
4
3
4
6
5
4
4
4
5
3
4
4
7
11
15
17
16
11
5
4
5
5
4
5
5
7
12
14
12
7
2
3
6
6
5
4
5
5
4
5
5
5
4
4
4
5
5
4
5
5
4
4
5
5
5
4
4
5
4
4
4
5
5
3
0
-2
-2
1
5
6
6
7
11
15
16
13
13
14
14
14
13
14
14
14
13
14
14
15
13
9
7
3
2
4
5
5
4
7
12
15
15
13
12
16
14
10
5
2
3
4
5
5
4
4
5
5
4
4
3
5
5
4
4
5
5
4
4
5
5
4
7
11
15
13
7
2
2
5
7
4
3
4
5
5
4
4
6
4
4
4
5
4
2
0
-1
-2
0
6
10
12
10
9
10
10
9
9
9
11
10
9
9
10
10
9
9
11
10
9
10
10
10
9
9
9
9
10
11
12
13
12
12
13
11
9
6
3
3
4
8
11
13
13
13
14
13
13
14
13
13
15
20
25
24
18
13
12
12
15
17
21
24
25
25
24
24
23
23
24
24
21
16
13
12
13
13
14
13
13
13
13
13
14
14
14
16
20
25
25
25
23
20
16
13
12
16
22
24
24
23
23
24
23
23
24
24
24
22
17
13
11
13
15
15
12
13
13
14
14
13
12
14
14
13
13
14
14
13
13
13
14
13
14
13
14
13
11
8
4
2
3
6
5
6
9
14
17
14
12
12
14
15
14
12
13
14
12
14
13
15
14
13
14
14
14
12
14
17
21
24
24
25
24
23
23
25
24
22
23
23
24
23
23
23
23
24
24
23
24
24
24
24
24
23
23
24
24
24
23
23
24
24
24
24
23
24
23
24
25
27
29
30
27
25
24
25
25
24
24
25
27
23
23
24
25
24
24
24
26
25
24
24
25
25
23
20
17
14
14
16
18
20
22
24
26
25
23
22
21
18
14
13
15
16
15
15
15
15
15
15
15
16
16
16
15
15
13
9
5
3
4
6
8
9
10
7
5
4
4
5
5
4
4
5
5
4
5
4
4
4
5
4
4
5
4
4
4
4
5
5
7
11
16
17
14
8
4
4
5
9
14
17
17
14
9
6
4
3
5
6
6
4
4
4
6
4
4
5
5
4
4
5
5
5
4
4
6
5
4
4
5
5
3
5
5
5
4
6
12
16
14
7
3
4
8
15
14
9
3
2
4
6
5
5
4
5
7
11
15
16
10
3
2
4
5
4
3
5
6
4
3
5
5
4
4
5
5
5
4
5
5
4
4
5
5
4
3
5
5
4
4
4
5
5
3
5
5
5
4
4
5
6
6
10
14
18
17
14
14
16
16
15
15
14
15
15
15
16
15
15
12
6
3
4
5
6
4
4
8
13
17
17
15
15
15
16
15
14
15
15
15
16
15
16
15
15
15
16
15
15
14
11
7
7
12
17
18
16
15
15
15
15
15
14
15
15
14
16
16
17
18
21
25
28
25
19
15
13
15
16
16
15
15
15
16
16
14
15
16
15
15
18
23
26
26
24
21
18
15
13
15
16
16
14
14
15
15
15
14
15
15
16
15
15
16
15
14
15
16
15
14
15
16
16
14
15
15
15
14
15
15
14
15
16
15
15
15
15
15
14
15
15
16
15
15
15
15
16
15
15
15
15
15
14
15
15
15
15
15
16
15
13
9
5
3
4
5
5
4
4
5
3
5
4
5
5
4
4
5
4
4
4
5
4
3
5
6
5
4
5
5
5
7
11
16
18
16
14
14
16
14
9
5
6
10
15
17
16
15
15
16
14
15
15
15
15
15
15
15
15
15
16
15
14
14
14
15
15
15
15
16
15
14
15
16
15
15
16
16
18
18
23
26
27
24
23
24
22
16
12
13
17
16
14
13
16
17
14
13
16
16
15
14
15
16
15
14
15
16
15
15
14
16
15
14
14
16
15
13
8
5
3
5
6
10
14
16
17
15
15
13
16
15
15
14
15
16
15
14
15
16
15
15
16
16
16
14
15
16
15
14
15
16
14
11
6
4
5
5
5
5
5
4
4
6
5
4
5
5
5
4
4
6
5
4
3
3
2
-1
-3
0
5
8
10
13
15
15
16
22
26
26
22
23
24
24
22
21
23
26
25
24
23
24
24
23
23
23
24
23
23
24
23
24
24
26
29
31
29
26
24
24
25
24
25
25
25
24
24
24
25
25
25
24
25
25
24
25
25
25
24
24
24
25
25
25
24
25
25
25
25
24
25
25
25
24
24
24
24
25
25
25
24
25
25
25
24
25
25
25
25
25
25
25
24
25
24
25
24
24
25
24
25
25
25
24
24
25
25
24
24
23
21
18
13
14
16
18
20
20
24
27
26
23
22
24
22
16
12
14
18
16
14
13
16
16
14
14
15
16
15
14
15
17
19
21
24
26
26
24
24
25
26
24
25
26
26
25
25
25
25
25
25
26
25
24
25
25
24
24
22
20
15
14
15
19
21
23
25
27
27
23
22
18
15
12
13
17
18
15
13
15
16
16
16
17
23
26
25
23
22
18
14
13
13
10
7
6
10
16
19
15
14
14
17
16
15
14
16
16
15
14
15
16
15
15
15
13
9
4
3
5
6
6
5
5
5
8
13
17
17
15
14
14
16
15
11
6
4
3
5
5
5
8
14
18
17
14
13
15
16
16
14
9
6
5
3
4
5
4
4
5
5
5
4
5
5
4
4
4
5
4
4
5
5
4
3
7
12
15
17
15
12
8
5
4
4
5
4
5
4
5
5
4
5
5
5
4
5
4
5
4
4
6
8
13
17
17
14
15
15
16
14
15
16
16
15
15
16
15
14
14
15
16
15
14
14
12
7
3
3
9
13
15
15
14
10
4
3
5
7
5
6
9
16
18
16
14
15
17
19
23
32
39
38
35
30
25
18
11
4
-1
-7
-9
-7
1
8
9
9
11
16
19
17
10
4
0
-4
-8
-8
-9
-9
-11
-10
-4
4
9
11
13
19
25
27
24
22
24
25
25
23
19
16
14
14
17
21
17
8
-2
-4
-2
2
10
31
64
98
119
121
109
87
58
30
3
-27
-61
-91
-98
-81
-54
-33
-16
8
39
64
77
84
92
88
66
31
3
-11
-16
-26
-40
-52
-50
-40
-32
-37
-47
-50
-40
-23
-10
-1
8
23
41
57
65
65
59
46
29
5
-21
-44
-61
-67
-66
-60
-52
-41
-28
-12
8
25
34
33
36
44
53
50
38
30
25
18
2
-17
-26
-27
-30
-40
-48
-43
-29
-17
-12
-8
2
18
35
42
42
40
44
47
44
32
15
3
0
-1
-7
-24
-43
-52
-43
-25
-5
3
4
10
27
46
52
44
30
24
26
28
18
0
-14
-18
-17
-20
-29
-38
-42
-37
-31
-25
-21
-18
-13
-3
8
17
19
17
14
11
10
6
-3
-10
-11
-9
-9
-12
-18
-22
-20
-18
-16
-13
-10
-7
-2
1
7
12
18
25
32
35
35
32
28
20
8
-6
-14
-11
16
68
134
183
188
142
79
36
16
-19
-91
-169
-200
-161
-89
-35
-2
38
102
155
160
116
68
43
32
4
-49
-90
-82
-37
-2
-9
-40
-45
-17
1
-23
-76
-103
-84
-38
-9
0
14
55
109
139
128
88
55
39
19
-29
-99
-149
-150
-115
-84
-75
-65
-29
31
81
94
75
53
51
63
63
30
-9
-19
12
43
36
-7
-39
-35
-18
-31
-75
-104
-84
-36
1
8
11
38
82
119
125
102
70
48
37
23
-11
-49
-72
-71
-61
-61
-65
-51
-18
15
27
27
34
52
62
53
33
18
12
6
-6
-23
-39
-46
-39
-26
-16
-16
-18
-18
-14
-15
-12
-5
10
16
7
-11
-19
-8
8
9
-9
-31
-42
-38
-32
-35
-45
-51
-46
-40
-43
-54
-60
-52
-32
-10
5
12
18
27
38
46
48
41
27
16
33
115
271
450
541
457
218
-29
-142
-117
-101
-232
-467
-595
-468
-163
80
122
60
97
295
499
514
318
83
-29
-9
13
-50
-159
-214
-180
-119
-113
-160
-201
-188
-144
-125
-145
-146
-66
85
218
264
256
282
364
420
356
187
15
-104
-214
-376
-558
-657
-608
-458
-310
-222
-161
-39
167
378
468
410
318
334
442
483
349
133
24
57
68
-99
-387
-593
-606
-523
-500
-555
-552
-383
-89
190
368
479
605
762
885
892
759
555
361
205
39
-184
-425
-591
-638
-625
-641
-684
-661
-514
-299
-106
47
206
402
591
711
736
683
566
403
217
35
-134
-295
-448
-590
-707
-783
-792
-720
-591
-446
-303
-141
56
256
396
444
430
399
360
286
155
-5
-142
-221
-247
-265
-321
-424
-542
-625
-653
-644
-618
-587
-568
-576
-595
-583
-494
-287
83
627
1280
1965
2686
3405
3796
3321
1775
-308
-2072
-3193
-4061
-4995
-5568
-5000
-3166
-902
783
1649
2233
3070
4021
4419
3810
2468
1150
356
-71
-549
-1119
-1440
-1358
-1202
-1359
-1746
-1943
-1789
-1572
-1610
-1801
-1717
-1051
77
1227
2015
2413
2708
3091
3341
3028
2043
785
-281
-1110
-1982
-2968
-3727
-3838
-3265
-2378
-1594
-1028
-474
295
1201
1875
2024
1795
1638
1792
2005
1866
1341
810
552
359
-189
-1131
-2001
-2354
-2272
-2200
-2321
-2318
-1794
-787
255
972
1398
1803
2301
2718
2768
2346
1649
1023
631
290
-264
-1004
-1562
-1664
-1480
-1400
-1548
-1642
-1385
-827
-265
114
372
650
976
1265
1413
1378
1203
990
802
590
242
-250
-748
-1098
-1298
-1450
-1592
-1622
-1427
-1027
-575
-195
115
432
752
967
979
832
665
557
458
279
26
-219
-402
-529
-617
-668
-708
-774
-843
-834
-717
-571
-490
-452
-352
-164
9
58
-19
-122
-102
187
839
1823
3016
4225
5102
5081
3717
1281
-1185
-2757
-3580
-4553
-5947
-6732
-5634
-2770
255
1957
2394
2776
3859
5083
5289
4041
2053
419
-415
-805
-1232
-1679
-1801
-1530
-1250
-1299
-1531
-1555
-1340
-1290
-1681
-2182
-2103
-1108
418
1709
2336
2548
2913
3585
4010
3496
2041
394
-787
-1618
-2616
-3813
-4577
-4365
-3362
-2232
-1403
-796
-115
767
1685
2273
2254
1800
1510
1789
2266
2164
1304
412
175
290
-128
-1306
-2464
-2828
-2577
-2459
-2693
-2707
-1936
-555
773
1645
2198
2745
3354
3802
3811
3276
2333
1252
211
-831
-1984
-3121
-3869
-3957
-3521
-2933
-2332
-1523
-385
812
1638
1994
2132
2237
2177
1769
1119
529
128
-206
-564
-863
-1019
-1089
-1172
-1251
-1259
-1204
-1107
-896
-500
-29
284
383
472
711
957
933
595
213
34
14
-77
-362
-731
-984
-1024
-932
-890
-1045
-1379
-1669
-1621
-1070
-53
1307
2930
4713
6329
7190
6746
4917
2271
-308
-2265
-3727
-5166
-6627
-7380
-6575
-4246
-1500
511
1664
2718
4156
5455
5695
4643
2973
1478
381
-521
-1293
-1759
-1842
-1753
-1746
-1837
-1879
-1830
-1830
-2019
-2326
-2455
-2068
-1045
346
1618
2491
3129
3848
4570
4734
3880
2226
484
-893
-2085
-3455
-4863
-5621
-5190
-3782
-2180
-1014
-268
490
1487
2421
2801
2518
2015
1805
1925
1944
1545
927
527
408
152
-597
-1635
-2405
-2638
-2608
-2682
-2807
-2564
-1683
-375
889
1826
2527
3244
4040
4655
4690
3918
2462
681
-1083
-2668
-4026
-5050
-5508
-5172
-4046
-2428
-739
748
1972
2930
3532
3652
3280
2530
1525
381
-713
-1509
-1897
-2001
-2018
-1977
-1753
-1283
-694
-209
43
113
187
432
811
1071
1000
708
503
493
430
62
-507
-948
-1124
-1172
-1221
-1238
-1173
-1078
-980
-822
-590
-371
-142
349
1338
2760
4363
5901
7026
7091
5556
2719
-282
-2480
-3928
-5308
-6824
-7797
-7349
-5316
-2438
224
2032
3146
4178
5399
6264
5943
4331
2290
751
-174
-976
-1872
-2528
-2662
-2497
-2441
-2534
-2497
-2204
-1890
-1825
-1953
-1896
-1274
-38
1459
2730
3562
4140
4686
5027
4667
3346
1396
-557
-2183
-3588
-4904
-5889
-6076
-5268
-3777
-2148
-710
555
1770
2877
3628
3818
3492
2935
2434
2049
1597
943
226
-298
-606
-997
-1697
-2509
-3010
-3069
-2962
-2924
-2743
-2004
-655
855
2055
2898
3649
4432
5033
5105
4466
3164
1405
-529
-2366
-3948
-5221
-6072
-6253
-5562
-4111
-2292
-465
1241
2769
3936
4490
4348
3672
2712
1621
456
-701
-1711
-2437
-2837
-2954
-2843
-2517
-1989
-1344
-711
-147
393
933
1372
1587
1584
1482
1315
994
477
-109
-591
-933
-1166
-1234
-1013
-561
-179
-145
-434
-787
-1029
-1208
-1375
-1324
-647
892
3120
5551
7579
8525
7779
5279
1887
-1107
-3159
-4920
-7158
-9353
-9889
-7820
-4086
-629
1490
2806
4368
6335
7771
7635
5811
3218
1013
-329
-1149
-1925
-2635
-2937
-2806
-2640
-2691
-2725
-2449
-2073
-2092
-2547
-2823
-2254
-822
896
2342
3429
4421
5457
6216
6090
4736
2491
108
-1934
-3744
-5547
-7063
-7576
-6708
-4889
-2957
-1354
118
1779
3460
4555
4636
3931
3120
2674
2462
2039
1245
400
-101
-294
-606
-1351
-2354
-3162
-3526
-3576
-3519
-3297
-2646
-1452
63
1527
2727
3674
4402
4829
4823
4371
3599
2639
1478
-21
-1894
-3850
-5333
-5923
-5688
-5040
-4214
-3020
-1217
964
2863
3966
4285
4126
3659
2830
1631
261
-1012
-2020
-2695
-2993
-2898
-2466
-1839
-1185
-627
-172
264
710
1019
973
566
80
-168
-126
3
38
-17
-53
-25
8
7
31
177
389
410
-14
-844
-1748
-2396
-2650
-2381
-1325
688
3396
6167
8328
9283
8507
5897
2232
-1159
-3580
-5521
-7676
-9577
-9792
-7582
-3907
-499
1800
3453
5166
6835
7628
6900
4847
2348
294
-1018
-1863
-2570
-3102
-3175
-2703
-1955
-1302
-940
-926
-1292
-1981
-2706
-3019
-2604
-1495
-32
1416
2709
3944
5163
6053
6069
4939
2980
784
-1342
-3449
-5484
-6991
-7401
-6571
-4898
-2942
-1051
682
2239
3501
4211
4145
3375
2380
1726
1550
1454
1023
368
-36
-40
-98
-712
-1753
-2606
-2915
-2938
-3029
-3065
-2606
-1519
-170
1038
2056
3018
3876
4407
4486
4154
3461
2422
1145
-191
-1527
-2887
-4122
-4842
-4824
-4293
-3598
-2706
-1322
472
2052
2874
3019
2924
2739
2263
1396
348
-617
-1407
-1954
-2093
-1805
-1362
-1055
-845
-497
3
382
452
333
247
238
227
184
156
152
140
113
93
98
158
314
538
686
627
377
30
-433
-1115
-1973
-2706
-2877
-2190
-648
1489
3884
6247
8165
8892
7650
4460
517
-2756
-5066
-7183
-9410
-10615
-9387
-5880
-1894
962
2707
4366
6383
8026
8221
6640
3949
1256
-693
-1913
-2831
-3600
-3860
-3314
-2281
-1415
-992
-789
-676
-933
-1737
-2649
-2915
-2209
-876
553
1879
3232
4683
5925
6363
5602
3881
1883
9
-1989
-4433
-6874
-8199
-7689
-5757
-3496
-1624
-81
1487
3088
4281
4572
3903
2781
1911
1572
1382
832
31
-372
-61
404
198
-749
-1704
-2105
-2209
-2556
-3104
-3237
-2593
-1453
-291
787
1936
3109
3998
4383
4306
3898
3201
2232
1023
-412
-2043
-3617
-4688
-5002
-4768
-4314
-3586
-2229
-268
1613
2700
2986
3031
3115
2893
1970
565
-662
-1337
-1652
-1934
-2175
-2128
-1702
-1068
-465
-39
155
132
15
-38
11
67
38
-64
-217
-425
-619
-608
-292
146
413
467
517
621
505
-97
-1036
-1894
-2418
-2598
-2345
-1373
455
2886
5470
7744
9050
8512
5765
1756
-1784
-4027
-5802
-8177
-10534
-10819
-7967
-3397
402
2476
3918
5884
7919
8597
7323
4865
2304
92
-1742
-3055
-3630
-3565
-3197
-2704
-2036
-1231
-578
-396
-782
-1612
-2581
-3204
-3004
-1896
-299
1301
2820
4425
5980
6877
6589
5207
3276
1166
-1175
-3799
-6274
-7799
-7869
-6699
-4974
-3206
-1425
559
2666
4384
5109
4659
3503
2447
1966
1795
1311
369
-407
-391
152
289
-462
-1579
-2299
-2566
-2859
-3294
-3410
-2861
-1865
-774
439
1957
3606
4902
5535
5537
5021
3994
2474
556
-1626
-3828
-5584
-6417
-6268
-5520
-4479
-3034
-1012
1284
3161
4143
4288
3925
3252
2283
1029
-371
-1643
-2481
-2732
-2502
-2035
-1467
-780
-29
557
790
735
597
436
160
-259
-672
-916
-957
-866
-712
-516
-236
191
703
1039
917
370
-275
-802
-1318
-1901
-2182
-1561
173
2667
5408
7896
9361
8819
6006
2064
-1349
-3740
-6027
-8828
-11065
-10930
-8063
-4078
-811
1431
3543
6019
8160
8839
7661
5279
2764
763
-773
-2188
-3491
-4249
-4127
-3355
-2488
-1854
-1422
-1158
-1195
-1602
-2141
-2432
-2234
-1540
-483
776
2154
3653
5138
6141
6142
5154
3735
2201
139
-2878
-6208
-8335
-8326
-6774
-5025
-3763
-2601
-883
1459
3800
5293
5443
4514
3383
2761
2492
1865
656
-457
-737
-376
-262
-865
-1750
-2288
-2463
-2703
-3125
-3309
-2852
-1851
-689
460
1726
3164
4480
5232
5201
4513
3448
2189
747
-932
-2771
-4461
-5559
-5781
-5219
-4207
-2989
-1570
49
1606
2714
3220
3272
3023
2415
1405
230
-708
-1216
-1419
-1493
-1448
-1224
-857
-465
-146
32
39
-62
-148
-202
-356
-629
-758
-483
55
405
345
110
30
126
178
57
-217
-618
-1128
-1606
-1772
-1379
-319
1432
3828
6560
8845
9593
8083
4720
959
-1876
-3809
-5909
-8612
-10646
-10194
-7017
-2921
117
1846
3446
5642
7688
8261
6932
4495
2054
110
-1444
-2724
-3507
-3531
-2955
-2302
-1896
-1576
-1120
-785
-1080
-2004
-2856
-2957
-2335
-1466
-533
724
2466
4350
5761
6274
5849
4737
3273
1591
-493
-3116
-5783
-7423
-7325
-5913
-4322
-3192
-2141
-493
1745
3780
4769
4556
3735
3095
2904
2709
1925
660
-297
-432
-212
-514
-1510
-2492
-2842
-2750
-2733
-2830
-2634
-1960
-1059
-115
1028
2474
3874
4716
4871
4588
4007
2948
1264
-822
-2852
-4488
-5568
-5940
-5492
-4341
-2821
-1186
500
2129
3340
3780
3504
2884
2133
1113
-236
-1550
-2331
-2495
-2345
-2054
-1477
-575
287
678
592
359
163
-99
-494
-857
-995
-915
-716
-428
-39
371
707
967
1137
1044
468
-541
-1643
-2506
-2933
-2676
-1387
1030
4105
7063
9268
10216
9360
6504
2491
-1126
-3559
-5554
-8113
-10617
-11064
-8424
-4068
-324
1973
3823
6136
8306
8972
7636
5058
2298
-87
-1979
-3311
-4000
-4057
-3589
-2723
-1641
-622
32
117
-406
-1371
-2380
-2970
-2885
-2237
-1279
-86
1465
3354
5181
6352
6515
5755
4367
2485
19
-2968
-5915
-7911
-8316
-7243
-5396
-3433
-1530
468
2547
4254
5009
4670
3753
2972
2537
2042
1107
28
-484
-185
311
215
-561
-1449
-2030
-2454
-2968
-3362
-3214
-2492
-1568
-622
583
2195
3810
4826
5078
4853
4323
3327
1755
-141
-1971
-3557
-4830
-5587
-5611
-4966
-3923
-2598
-940
881
2361
3137
3331
3234
2810
1835
450
-759
-1379
-1573
-1724
-1852
-1661
-1089
-497
-239
-229
-128
171
377
178
-363
-832
-867
-501
-91
60
-10
-9
238
580
730
571
240
-104
-491
-1018
-1542
-1590
-676
1319
4044
6846
8921
9456
8001
4935
1435
-1423
-3621
-5950
-8668
-10668
-10394
-7577
-3661
-350
1958
4040
6400
8383
8876
7536
5082
2502
250
-1723
-3415
-4535
-4804
-4308
-3421
-2440
-1464
-630
-231
-470
-1137
-1725
-1867
-1568
-1001
-222
855
2265
3868
5339
6221
6159
5164
3581
1671
-684
-3594
-6531
-8396
-8448
-7024
-5134
-3437
-1786
263
2692
4869
6019
5843
4776
3666
3029
2573
1629
104
-1230
-1619
-1297
-1194
-1738
-2382
-2465
-2121
-1966
-2140
-2150
-1625
-749
223
1394
2875
4274
4979
4842
4219
3340
2029
164
-1930
-3713
-4891
-5443
-5392
-4773
-3719
-2349
-653
1267
2924
3730
3607
3061
2517
1818
607
-964
-2215
-2635
-2355
-1844
-1333
-722
34
708
1012
898
531
47
-521
-1103
-1505
-1552
-1242
-724
-152
392
867
1220
1369
1199
622
-320
-1390
-2241
-2568
-2166
-958
999
3521
6283
8690
9765
8599
5268
1166
-2125
-4420
-6808
-9701
-11608
-10628
-6931
-2837
-187
1511
3807
6802
8874
8736
6881
4685
2777
888
-1104
-2718
-3517
-3664
-3587
-3362
-2791
-1945
-1290
-1219
-1655
-2230
-2656
-2805
-2564
-1826
-628
887
2624
4459
6017
6798
6641
5856
4650
2693
-359
-3986
-6907
-8244
-8259
-7711
-6831
-5285
-2958
-297
2139
4055
5245
5485
4869
3986
3382
2950
2186
1003
-67
-548
-607
-794
-1364
-2101
-2707
-3114
-3369
-3438
-3219
-2660
-1746
-449
1192
2921
4355
5240
5570
5381
4575
3077
1094
-957
-2771
-4267
-5350
-5790
-5475
-4605
-3472
-2097
-375
1461
2790
3173
2816
2269
1782
1170
276
-678
-1316
-1490
-1325
-970
-515
-112
46
-54
-188
-206
-290
-730
-1478
-2074
-2122
-1657
-998
-347
304
961
1509
1815
1780
1307
379
-768
-1717
-2204
-2218
-1708
-384
1969
5040
7997
9875
9914
7842
4248
491
-2328
-4422
-6832
-9648
-11256
-9983
-6210
-2149
542
2247
4258
6710
8306
7930
5899
3451
1421
-206
-1676
-2851
-3387
-3224
-2669
-2037
-1430
-928
-759
-1121
-1891
-2694
-3235
-3417
-3172
-2362
-939
921
2915
4737
6060
6612
6387
5641
4445
2456
-568
-4030
-6697
-7782
-7586
-6888
-6004
-4677
-2728
-416
1787
3472
4361
4440
4119
3928
3879
3400
2159
716
-27
55
172
-367
-1363
-2166
-2544
-2773
-3050
-3223
-3127
-2777
-2094
-805
1138
3181
4583
5151
5266
5183
4611
3151
936
-1437
-3431
-4842
-5630
-5774
-5331
-4441
-3163
-1486
414
2086
3103
3386
3114
2448
1484
400
-579
-1360
-1954
-2246
-1986
-1139
-96
612
794
671
509
280
-220
-1033
-1877
-2349
-2271
-1787
-1158
-498
229
1001
1649
1982
1876
1268
173
-1164
-2277
-2746
-2413
-1291
660
3425
6599
9260
10315
9112
5927
1961
-1415
-3753
-5789
-8245
-10401
-10453
-7625
-3393
-17
1908
3676
6231
8584
8995
7155
4422
2091
248
-1523
-3056
-3796
-3671
-3152
-2535
-1703
-718
-145
-457
-1400
-2273
-2733
-2935
-2990
-2643
-1634
-68
1748
3607
5285
6344
6432
5701
4574
3052
681
-2581
-5786
-7687
-7872
-6957
-5723
-4419
-2901
-1071
946
2808
4008
4180
3580
3005
2948
2975
2337
1074
74
-57
239
110
-653
-1540
-2132
-2519
-2899
-3151
-3029
-2516
-1743
-713
641
2157
3447
4277
4731
4923
4681
3725
2067
89
-1789
-3377
-4591
-5275
-5297
-4747
-3852
-2679
-1138
658
2211
3013
3024
2635
2153
1528
627
-415
-1278
-1768
-1903
-1724
-1230
-533
83
376
358
210
17
-304
-834
-1467
-1967
-2121
-1847
-1214
-407
375
1028
1563
1931
1940
1433
521
-459
-1287
-1980
-2476
-2337
-1027
1507
4645
7487
9212
9192
7188
3800
353
-2205
-4228
-6679
-9388
-10656
-9092
-5437
-1872
414
2227
4730
7493
8858
7941
5564
3122
1153
-630
-2335
-3527
-3835
-3428
-2727
-1926
-1046
-302
-91
-551
-1356
-2054
-2466
-2654
-2596
-2092
-1006
570
2402
4202
5581
6150
5824
4918
3673
1833
-964
-4313
-6966
-7902
-7275
-6051
-4867
-3579
-1837
290
2365
3930
4636
4394
3596
2959
2781
2551
1648
318
-497
-381
-13
-284
-1205
-2073
-2466
-2618
-2839
-3008
-2799
-2115
-1075
229
1704
3096
4100
4624
4756
4472
3564
1986
78
-1707
-3162
-4302
-5045
-5189
-4712
-3865
-2823
-1469
251
1917
2893
3019
2739
2448
1987
1036
-249
-1297
-1770
-1838
-1751
-1472
-906
-249
165
271
268
238
9
-500
-1030
-1225
-1054
-795
-635
-452
-45
566
1139
1427
1322
863
191
-553
-1281
-1925
-2234
-1742
-87
2603
5679
8291
9645
9158
6782
3316
16
-2491
-4714
-7355
-9881
-10642
-8683
-5037
-1713
413
2204
4685
7425
8878
8117
5765
3174
1105
-580
-2175
-3521
-4193
-4032
-3271
-2264
-1309
-681
-601
-1025
-1622
-2093
-2391
-2553
-2425
-1768
-548
1063
2877
4652
5922
6254
5711
4758
3513
1499
-1539
-4853
-7160
-7855
-7369
-6371
-5076
-3416
-1472
559
2499
4014
4587
4103
3269
2959
3098
2725
1370
-146
-661
-180
164
-449
-1608
-2387
-2523
-2510
-2745
-3034
-2946
-2285
-1136
328
1856
3123
3948
4415
4638
4462
3622
2160
478
-1083
-2509
-3840
-4847
-5223
-4959
-4288
-3292
-1850
-76
1487
2345
2589
2665
2712
2376
1414
162
-778
-1178
-1292
-1356
-1285
-932
-423
-62
22
-42
-132
-304
-637
-1037
-1290
-1266
-987
-549
-51
416
813
1166
1466
1540
1168
376
-529
-1272
-1845
-2261
-2189
-1115
1093
3963
6777
8884
9654
8558
5703
2086
-1167
-3844
-6502
-9197
-10833
-10181
-7351
-3796
-869
1315
3468
5912
7976
8606
7378
4918
2332
296
-1253
-2579
-3572
-3868
-3405
-2562
-1742
-1092
-691
-710
-1181
-1811
-2265
-2506
-2616
-2397
-1503
88
1950
3639
4964
5824
6039
5525
4392
2697
340
-2579
-5412
-7296
-7831
-7260
-6060
-4561
-2905
-1087
954
3062
4624
5009
4356
3588
3351
3204
2309
747
-398
-428
42
-115
-1126
-2179
-2577
-2515
-2569
-2828
-2882
-2435
-1551
-390
980
2402
3565
4257
4529
4468
3944
2779
1110
-654
-2207
-3494
-4469
-4951
-4834
-4253
-3383
-2181
-590
1074
2227
2603
2524
2412
2206
1521
299
-955
-1685
-1814
-1628
-1322
-882
-335
131
365
395
277
-34
-567
-1133
-1481
-1533
-1386
-1077
-540
181
859
1335
1650
1826
1661
951
-147
-1212
-1982
-2430
-2405
-1467
659
3623
6588
8682
9234
7900
4991
1580
-1286
-3592
-6126
-8946
-10632
-9675
-6427
-2902
-505
1339
3883
6936
8815
8328
6106
3689
1829
177
-1638
-3242
-3985
-3752
-2989
-2121
-1272
-527
-160
-381
-1040
-1757
-2292
-2635
-2738
-2367
-1326
269
2054
3665
4875
5590
5804
5523
4592
2717
-141
-3369
-5922
-7117
-7105
-6492
-5629
-4421
-2712
-611
1538
3297
4272
4345
3886
3495
3346
2965
1891
451
-470
-460
-83
-196
-970
-1835
-2280
-2377
-2492
-2718
-2786
-2411
-1578
-453
786
2017
3137
4038
4596
4673
4163
3073
1573
-97
-1735
-3177
-4252
-4815
-4858
-4486
-3725
-2476
-773
967
2171
2646
2706
2678
2440
1672
443
-725
-1397
-1602
-1545
-1252
-676
-7
428
544
524
439
98
-608
-1423
-1941
-2007
-1735
-1238
-551
211
860
1348
1767
2055
1894
1080
-118
-1185
-1908
-2424
-2718
-2320
-741
1906
4921
7541
9178
9281
7464
4113
488
-2302
-4370
-6621
-9100
-10366
-9023
-5541
-1901
573
2394
4638
7101
8392
7640
5471
3131
1191
-524
-2108
-3224
-3562
-3264
-2694
-2058
-1421
-940
-824
-1094
-1541
-1972
-2347
-2608
-2527
-1876
-670
850
2461
4024
5313
6001
5923
5194
3927
1977
-777
-3885
-6382
-7533
-7389
-6506
-5299
-3842
-2107
-143
1921
3760
4817
4751
3979
3352
3137
2668
1386
-134
-756
-294
195
-226
-1259
-1963
-2042
-1995
-2200
-2433
-2345
-1929
-1272
-261
1154
2611
3595
3982
4022
3824
3179
1941
352
-1176
-2446
-3489
-4283
-4665
-4505
-3813
-2690
-1264
253
1544
2349
2647
2594
2284
1642
604
-620
-1579
-1942
-1746
-1290
-812
-344
151
618
918
929
587
-85
-905
-1573
-1842
-1698
-1298
-769
-137
571
1237
1717
1886
1643
952
-42
-1055
-1899
-2562
-2919
-2521
-947
1648
4574
7175
9048
9682
8422
5228
1185
-2354
-5086
-7642
-10084
-11187
-9792
-6443
-2947
-372
1820
4472
7186
8635
8114
6223
4003
1929
-59
-1902
-3239
-3814
-3734
-3234
-2419
-1406
-554
-303
-722
-1421
-1981
-2363
-2706
-2878
-2442
-1166
662
2517
4099
5345
6153
6320
5738
4456
2475
-218
-3323
-6071
-7652
-7813
-6964
-5702
-4322
-2716
-676
1681
3735
4733
4513
3761
3325
3270
2878
1691
240
-532
-421
-166
-487
-1281
-1937
-2181
-2264
-2421
-2512
-2307
-1850
-1315
-646
410
1866
3331
4342
4755
4677
4164
3153
1655
-108
-1846
-3360
-4525
-5203
-5281
-4752
-3695
-2206
-460
1192
2354
2886
2977
2816
2319
1317
-33
-1238
-1915
-2077
-1916
-1497
-846
-157
299
489
568
538
181
-543
-1259
-1530
-1342
-1012
-728
-379
142
723
1170
1406
1430
1204
723
111
-497
-1095
-1727
-2252
-2316
-1579
73
2490
5310
7929
9559
9488
7523
4268
850
-1904
-4109
-6434
-8908
-10361
-9475
-6375
-2727
-41
1763
3747
6177
7954
7885
6059
3651
1653
142
-1262
-2638
-3631
-3880
-3413
-2593
-1828
-1321
-1089
-1102
-1339
-1724
-2072
-2192
-2006
-1510
-654
629
2257
3913
5179
5760
5603
4838
3599
1836
-593
-3525
-6205
-7642
-7443
-6187
-4819
-3688
-2344
-294
2245
4406
5408
5184
4334
3532
2939
2195
1059
-94
-629
-486
-356
-819
-1602
-1994
-1829
-1621
-1759
-2026
-2052
-1795
-1322
-432
1004
2538
3476
3706
3743
3859
3591
2438
636
-1094
-2426
-3579
-4647
-5246
-4979
-3953
-2579
-1083
493
1942
2888
3183
3045
2681
1974
753
-740
-1896
-2310
-2136
-1807
-1528
-1158
-550
189
776
1007
868
475
-18
-466
-787
-985
-1063
-943
-531
103
707
1032
1035
823
470
-55
-740
-1442
-1964
-2191
-2071
-1465
-146
1986
4690
7411
9451
10105
8896
5948
2168
-1284
-3948
-6305
-8782
-10686
-10603
-8025
-4166
-803
1487
3506
5931
8130
8799
7459
4961
2521
626
-969
-2471
-3626
-4057
-3736
-2960
-2040
-1195
-673
-706
-1236
-1879
-2273
-2358
-2243
-1890
-1113
173
1837
3601
5099
5919
5822
4977
3749
2207
45
-2788
-5599
-7365
-7622
-6745
-5383
-3892
-2293
-513
1462
3438
4891
5252
4542
3526
2921
2573
1791
461
-641
-827
-417
-309
-847
-1542
-1862
-1866
-1889
-1978
-1946
-1748
-1438
-851
284
1828
3149
3776
3892
3928
3848
3155
1619
-326
-2050
-3326
-4291
-4969
-5125
-4550
-3317
-1708
-40
1392
2363
2808
2844
2569
1958
997
-107
-997
-1465
-1586
-1544
-1406
-1135
-728
-256
192
534
651
461
59
-291
-425
-453
-568
-722
-665
-302
143
403
475
524
544
353
-117
-676
-1134
-1487
-1757
-1724
-1043
401
2427
4807
7282
9208
9535
7596
3989
297
-2359
-4302
-6533
-9075
-10515
-9475
-6262
-2675
-119
1684
3863
6588
8571
8465
6375
3682
1547
3
-1479
-2966
-3968
-4123
-3589
-2734
-1782
-920
-480
-685
-1314
-1880
-2145
-2244
-2241
-1852
-764
925
2758
4302
5352
5830
5712
5026
3769
1795
-960
-4086
-6669
-7885
-7604
-6355
-4796
-3230
-1572
372
2514
4307
5063
4625
3630
2895
2522
1916
737
-480
-930
-579
-208
-443
-1075
-1512
-1595
-1654
-1878
-2028
-1857
-1478
-1093
-551
484
1943
3245
3905
4010
3890
3542
2661
1185
-544
-2178
-3627
-4759
-5216
-4771
-3710
-2503
-1240
268
1882
3043
3388
3109
2528
1671
515
-595
-1235
-1444
-1604
-1799
-1696
-1118
-403
36
191
294
388
333
117
-123
-313
-475
-554
-461
-270
-186
-254
-300
-214
-109
-127
-255
-435
-711
-1101
-1432
-1448
-1032
-200
1073
2898
5260
7716
9337
9098
6686
3009
-398
-2748
-4660
-7078
-9654
-10717
-9083
-5513
-1986
371
2157
4443
7082
8699
8247
6154
3733
1761
24
-1820
-3455
-4239
-4042
-3343
-2573
-1780
-1019
-644
-887
-1435
-1753
-1750
-1754
-1830
-1508
-371
1386
3159
4492
5268
5491
5174
4376
3092
1130
-1604
-4636
-6974
-7823
-7213
-5810
-4234
-2647
-895
1112
3112
4530
4872
4231
3308
2721
2353
1611
372
-687
-892
-454
-216
-599
-1215
-1532
-1570
-1683
-1923
-1993
-1737
-1304
-799
-45
1075
2303
3222
3699
3869
3733
3063
1772
175
-1304
-2519
-3552
-4355
-4653
-4243
-3220
-1895
-542
666
1612
2232
2526
2508
2152
1454
541
-351
-1033
-1467
-1686
-1676
-1409
-957
-502
-191
2
191
389
491
426
264
108
-56
-278
-484
-514
-347
-180
-177
-264
-257
-145
-100
-251
-566
-946
-1320
-1543
-1349
-472
1154
3388
5926
8194
9293
8413
5605
2030
-943
-3006
-5021
-7631
-10010
-10432
-8194
-4533
-1329
841
2880
5502
8005
8979
7903
5573
3093
916
-1027
-2692
-3790
-4145
-3872
-3197
-2286
-1350
-693
-542
-847
-1321
-1675
-1784
-1668
-1358
-788
187
1616
3267
4664
5386
5353
4755
3715
2110
-199
-2974
-5537
-7129
-7403
-6561
-5133
-3568
-1985
-225
1769
3640
4737
4708
3921
3128
2680
2220
1284
47
-777
-785
-414
-423
-1004
-1631
-1795
-1604
-1525
-1701
-1829
-1628
-1154
-534
295
1379
2452
3160
3499
3697
3674
3000
1535
-200
-1583
-2563
-3478
-4330
-4667
-4185
-3114
-1846
-508
865
2004
2574
2598
2392
2095
1506
520
-545
-1264
-1572
-1736
-1873
-1800
-1356
-701
-135
228
471
627
620
461
290
170
-34
-435
-871
-1047
-901
-651
-468
-289
-14
243
281
89
-174
-453
-844
-1330
-1610
-1295
-183
1682
4119
6745
8818
9388
7902
4789
1313
-1428
-3445
-5607
-8260
-10302
-10075
-7241
-3357
-281
1688
3654
6236
8495
8979
7397
4800
2330
282
-1549
-3125
-4098
-4278
-3827
-3002
-1999
-1058
-482
-406
-669
-1035
-1424
-1809
-1974
-1607
-609
812
2360
3791
4838
5238
4953
4193
3059
1341
-1099
-3804
-5879
-6728
-6482
-5611
-4429
-2994
-1349
439
2268
3829
4584
4257
3312
2580
2297
1877
830
-425
-1026
-793
-434
-608
-1189
-1611
-1630
-1465
-1387
-1443
-1547
-1546
-1206
-382
719
1653
2221
2666
3216
3625
3380
2343
937
-361
-1460
-2504
-3435
-3956
-3874
-3302
-2461
-1444
-278
901
1873
2498
2758
2619
2016
1017
-71
-906
-1404
-1738
-2021
-2108
-1811
-1169
-436
194
690
1030
1120
960
719
545
341
-58
-583
-953
-1033
-992
-1022
-1052
-881
-496
-112
77
74
-10
-135
-350
-676
-965
-873
-10
1800
4317
6903
8687
8861
7122
4019
729
-1901
-4064
-6494
-9120
-10599
-9588
-6369
-2725
-95
1774
4028
6840
8898
8852
6832
4202
2034
272
-1566
-3367
-4463
-4501
-3831
-3000
-2206
-1404
-698
-337
-407
-772
-1262
-1706
-1830
-1361
-305
1047
2423
3690
4661
5039
4702
3845
2648
982
-1298
-3829
-5821
-6678
-6368
-5262
-3803
-2348
-1012
401
2090
3718
4516
4133
3171
2507
2232
1684
530
-627
-996
-625
-297
-554
-1172
-1620
-1682
-1504
-1293
-1180
-1240
-1363
-1199
-479
580
1411
1761
1990
2519
3137
3162
2292
1004
-48
-810
-1688
-2785
-3636
-3770
-3249
-2457
-1576
-545
564
1447
1924
2112
2152
1933
1299
400
-399
-912
-1258
-1571
-1765
-1667
-1260
-684
-81
455
842
1062
1179
1231
1100
637
-67
-696
-1047
-1234
-1469
-1708
-1673
-1221
-527
120
600
939
1122
1021
557
-189
-989
-1548
-1540
-688
1086
3566
6220
8287
8935
7665
4802
1449
-1357
-3561
-5856
-8405
-10080
-9483
-6627
-3100
-362
1676
3970
6598
8367
8229
6484
4252
2186
192
-1790
-3363
-4141
-4201
-3833
-3120
-2087
-1058
-499
-491
-662
-722
-785
-1043
-1345
-1294
-681
370
1625
2866
3822
4205
3985
3419
2675
1516
-368
-2732
-4736
-5636
-5455
-4782
-4064
-3245
-2022
-296
1672
3340
4121
3799
2850
2128
1993
1889
1084
-254
-1127
-943
-289
-167
-726
-1209
-1059
-614
-520
-868
-1205
-1211
-987
-722
-390
89
675
1301
1993
2694
3125
2983
2267
1250
157
-964
-2057
-2919
-3358
-3359
-2989
-2237
-1132
79
1037
1604
1909
2039
1858
1244
384
-359
-862
-1314
-1820
-2131
-1891
-1109
-194
463
820
1068
1287
1347
1085
523
-152
-743
-1162
-1433
-1608
-1681
-1583
-1238
-683
-76
418
762
1023
1176
1068
609
-63
-712
-1235
-1595
-1518
-536
1530
4225
6723
8283
8383
6763
3760
435
-2184
-4107
-6140
-8384
-9530
-8233
-4920
-1522
668
2197
4193
6511
7786
7132
5135
2992
1220
-414
-2046
-3336
-3921
-3832
-3315
-2518
-1558
-693
-184
-27
-56
-262
-746
-1345
-1587
-1187
-365
488
1299
2210
3115
3633
3582
3164
2535
1472
-264
-2358
-4072
-4917
-5006
-4679
-4041
-2997
-1545
139
1800
3108
3699
3458
2760
2170
1825
1324
392
-593
-981
-676
-250
-201
-397
-431
-276
-289
-660
-1181
-1575
-1780
-1807
-1535
-877
-8
825
1637
2582
3513
3953
3589
2621
1436
158
-1271
-2679
-3630
-3872
-3593
-3097
-2391
-1307
60
1261
1929
2130
2135
1986
1475
560
-421
-1084
-1384
-1510
-1503
-1203
-592
49
423
523
531
521
417
161
-199
-603
-988
-1246
-1267
-1087
-873
-701
-446
23
605
1008
1070
900
709
534
214
-385
-1198
-1957
-2312
-1965
-778
1156
3519
5862
7616
8122
6910
4181
874
-2060
-4427
-6593
-8467
-9127
-7806
-5019
-2177
-109
1615
3702
5892
7135
6808
5323
3505
1755
37
-1616
-2907
-3567
-3589
-3124
-2325
-1374
-518
27
207
83
-302
-904
-1546
-1923
-1801
-1178
-204
972
2215
3304
4008
4244
4068
3419
2069
-28
-2388
-4253
-5192
-5360
-5110
-4522
-3440
-1813
128
1996
3377
3936
3627
2869
2260
1972
1581
696
-384
-907
-594
-23
87
-283
-592
-586
-622
-1078
-1786
-2277
-2358
-2129
-1604
-670
556
1685
2497
3154
3802
4156
3777
2634
1150
-294
-1631
-2870
-3834
-4286
-4156
-3530
-2501
-1198
141
1253
2030
2497
2643
2379
1699
795
-59
-727
-1240
-1631
-1797
-1598
-1087
-540
-206
-44
166
471
626
425
-9
-355
-482
-508
-536
-513
-394
-254
-136
35
269
410
366
309
429
551
307
-342
-1016
-1448
-1754
-2003
-1773
-522
1713
4272
6472
7902
8168
6897
4265
1189
-1495
-3822
-6266
-8537
-9431
-8154
-5417
-2752
-874
833
3152
5762
7430
7287
5636
3479
1548
-80
-1584
-2897
-3692
-3739
-3124
-2149
-1117
-266
214
207
-237
-941
-1699
-2317
-2577
-2282
-1406
-121
1348
2840
4161
4974
5001
4269
3036
1459
-471
-2614
-4500
-5625
-5824
-5265
-4162
-2701
-1095
452
1849
2973
3497
3173
2317
1649
1462
1260
526
-413
-742
-297
167
-15
-603
-936
-883
-888
-1234
-1695
-1949
-1950
-1736
-1197
-281
766
1629
2284
2923
3533
3783
3380
2385
1096
-252
-1570
-2773
-3697
-4156
-4060
-3428
-2361
-1014
402
1655
2536
2928
2824
2298
1479
514
-435
-1243
-1830
-2133
-2108
-1769
-1226
-647
-153
224
533
806
986
947
637
213
-64
-125
-192
-486
-891
-1071
-912
-653
-521
-426
-150
295
665
806
742
486
-42
-827
-1640
-2204
-2319
-1807
-496
1577
4028
6271
7731
7894
6442
3612
277
-2712
-5238
-7589
-9442
-9707
-7806
-4670
-1885
68
2080
4805
7390
8304
7099
4814
2677
980
-637
-2248
-3428
-3804
-3445
-2654
-1677
-718
-42
157
-92
-614
-1278
-1974
-2461
-2423
-1746
-619
692
2049
3345
4315
4689
4486
3939
3070
1567
-712
-3243
-5087
-5689
-5285
-4489
-3656
-2660
-1209
705
2606
3740
3685
2806
2011
1820
1826
1288
184
-692
-732
-249
10
-164
-354
-282
-229
-553
-1151
-1636
-1843
-1848
-1631
-1044
-144
742
1423
2086
2918
3661
3800
3140
1981
698
-587
-1851
-2939
-3652
-3941
-3799
-3111
-1835
-322
856
1475
1831
2219
2444
2068
1077
-9
-703
-1019
-1263
-1545
-1663
-1422
-888
-309
135
415
578
664
678
597
396
111
-145
-278
-314
-378
-532
-722
-859
-903
-805
-492
11
508
778
792
662
400
-96
-833
-1620
-2174
-2248
-1588
-6
2371
5023
7312
8720
8804
7241
4287
967
-1714
-3792
-6053
-8543
-9923
-8859
-5778
-2547
-389
1255
3502
6199
7933
7672
5849
3672
1828
184
-1490
-2959
-3771
-3790
-3251
-2437
-1521
-710
-285
-371
-764
-1173
-1537
-1927
-2204
-2000
-1105
294
1815
3161
4138
4605
4586
4243
3575
2237
-6
-2718
-4949
-6016
-5989
-5330
-4340
-3057
-1502
218
1910
3226
3732
3331
2534
2015
1842
1463
545
-438
-746
-301
235
281
-81
-442
-664
-936
-1388
-1885
-2222
-2293
-2049
-1455
-572
393
1281
2146
3076
3896
4172
3635
2487
1187
-4
-1158
-2364
-3444
-4078
-4093
-3553
-2606
-1403
-139
953
1746
2257
2483
2312
1693
822
43
-481
-850
-1189
-1437
-1425
-1122
-662
-203
153
355
380
288
202
181
144
-27
-301
-503
-533
-497
-584
-785
-873
-666
-261
71
176
119
49
37
44
-27
-313
-861
-1509
-1900
-1694
-772
788
2831
5133
7246
8445
8033
5892
2767
-179
-2340
-4132
-6219
-8311
-9097
-7652
-4634
-1674
355
2009
4118
6402
7651
7107
5230
3070
1228
-362
-1855
-3068
-3674
-3600
-3065
-2318
-1496
-754
-365
-496
-961
-1353
-1455
-1384
-1264
-910
-43
1278
2624
3591
4091
4241
4117
3650
2670
1010
-1253
-3609
-5297
-5856
-5437
-4514
-3415
-2179
-769
745
2145
3074
3241
2749
2170
1975
1960
1509
487
-455
-656
-268
5
-206
-639
-933
-1090
-1287
-1532
-1729
-1873
-1947
-1725
-982
129
1141
1805
2323
2916
3393
3334
2645
1672
747
-157
-1226
-2398
-3336
-3758
-3634
-3077
-2176
-1049
84
1004
1649
2066
2228
2011
1407
654
37
-371
-679
-928
-1008
-867
-628
-440
-274
-37
201
255
115
-13
-6
-19
-232
-528
-613
-431
-236
-231
-309
-282
-172
-128
-169
-175
-114
-66
-29
102
293
297
-56
-601
-1045
-1282
-1351
-1095
-144
1687
4069
6289
7572
7362
5607
2967
475
-1361
-3012
-5131
-7329
-8210
-6918
-4239
-1741
-28
1633
3891
6129
7083
6309
4559
2788
1259
-259
-1808
-3059
-3670
-3564
-2889
-1922
-1028
-519
-430
-512
-520
-468
-542
-793
-995
-847
-272
549
1406
2207
2890
3315
3347
3009
2362
1291
-371
-2419
-4152
-4917
-4705
-4029
-3284
-2409
-1188
326
1777
2776
3104
2834
2339
2012
1826
1328
280
-812
-1147
-617
-12
-71
-632
-981
-840
-640
-832
-1333
-1745
-1838
-1597
-1027
-171
748
1466
1961
2397
2774
2853
2480
1787
969
36
-1033
-2045
-2705
-2946
-2924
-2682
-2069
-1054
62
923
1453
1759
1818
1487
814
130
-286
-483
-662
-853
-876
-629
-248
33
108
48
-18
-40
-84
-246
-515
-720
-689
-440
-192
-118
-182
-223
-175
-105
-87
-111
-111
-63
39
221
497
764
829
551
-15
-681
-1306
-1862
-2261
-2203
-1346
355
2553
4752
6509
7366
6879
5001
2361
-195
-2403
-4620
-6884
-8324
-7926
-5806
-3222
-1205
444
2457
4759
6312
6299
5025
3420
1969
516
-1057
-2400
-3091
-3120
-2756
-2132
-1250
-338
181
144
-151
-386
-611
-1002
-1406
-1428
-933
-150
733
1754
2852
3683
3982
3878
3519
2595
692
-1883
-4086
-5110
-5082
-4624
-4015
-3086
-1730
-134
1415
2655
3286
3132
2470
1877
1578
1206
415
-458
-718
-240
310
270
-264
-694
-749
-747
-1072
-1641
-2039
-2005
-1604
-984
-200
665
1419
1933
2309
2700
2965
2747
1929
856
-33
-692
-1377
-2160
-2754
-2856
-2486
-1861
-1126
-346
349
836
1150
1376
1429
1143
622
246
200
218
2
-330
-431
-300
-283
-546
-836
-900
-845
-861
-837
-550
-109
143
132
150
366
558
477
233
86
32
-117
-348
-419
-242
-13
104
188
335
399
150
-406
-1055
-1649
-2180
-2554
-2456
-1563
153
2395
4726
6700
7823
7623
5971
3355
607
-1817
-4125
-6529
-8457
-8823
-7237
-4591
-2127
-164
1872
4230
6199
6842
6026
4405
2633
940
-629
-1940
-2837
-3237
-3062
-2276
-1127
-164
210
94
-131
-343
-747
-1423
-2029
-2117
-1566
-586
618
1933
3149
3948
4171
3943
3365
2248
402
-1848
-3723
-4676
-4803
-4483
-3852
-2829
-1509
-176
1003
2009
2678
2723
2190
1605
1387
1308
854
34
-556
-520
-183
-139
-499
-867
-956
-924
-1059
-1352
-1558
-1512
-1244
-798
-170
543
1113
1407
1562
1776
1976
1892
1443
862
372
-96
-706
-1370
-1835
-2023
-2076
-2032
-1714
-1054
-298
251
609
981
1359
1493
1271
892
568
247
-208
-698
-962
-909
-719
-589
-534
-483
-422
-349
-203
48
285
356
295
310
501
705
708
503
258
58
-159
-430
-663
-768
-770
-699
-486
-97
289
398
140
-318
-808
-1325
-1881
-2295
-2238
-1455
67
2126
4395
6463
7833
7971
6555
3856
767
-1832
-3844
-5790
-7767
-8852
-7996
-5374
-2366
-69
1706
3681
5754
6927
6491
4836
2922
1338
82
-996
-1889
-2479
-2660
-2379
-1744
-1080
-732
-745
-883
-992
-1169
-1505
-1792
-1689
-1089
-196
755
1680
2545
3236
3601
3564
3110
2213
859
-825
-2515
-3784
-4313
-4090
-3440
-2774
-2216
-1486
-266
1293
2548
2923
2517
1978
1781
1722
1269
345
-464
-609
-260
-93
-427
-871
-912
-587
-349
-447
-697
-857
-894
-846
-642
-260
131
379
610
1052
1639
2034
2041
1793
1467
1021
345
-453
-1128
-1575
-1858
-1980
-1817
-1306
-602
55
541
866
1030
994
761
426
72
-302
-700
-993
-978
-623
-191
17
-5
21
251
468
366
-27
-358
-369
-180
-73
-124
-175
-76
136
290
238
-38
-401
-647
-667
-541
-423
-344
-203
37
241
235
-5
-347
-664
-943
-1227
-1501
-1608
-1290
-338
1254
3267
5330
6958
7565
6688
4424
1552
-1043
-3138
-5138
-7149
-8402
-7922
-5756
-3104
-1065
451
2252
4496
6250
6527
5406
3808
2412
1133
-301
-1711
-2630
-2895
-2754
-2437
-1952
-1337
-838
-661
-707
-744
-751
-873
-1085
-1137
-853
-292
443
1355
2363
3145
3403
3179
2711
1997
789
-921
-2632
-3748
-4133
-4073
-3796
-3224
-2217
-846
623
1869
2596
2638
2161
1624
1335
1093
494
-399
-974
-773
-101
330
227
-47
-88
14
-106
-568
-1137
-1558
-1739
-1640
-1227
-595
41
579
1135
1768
2264
2341
2017
1569
1156
678
48
-598
-1067
-1329
-1442
-1354
-997
-521
-216
-171
-178
-71
9
-173
-556
-813
-736
-443
-142
137
478
858
1131
1211
1123
874
417
-212
-804
-1152
-1253
-1234
-1129
-845
-372
110
412
524
535
443
187
-170
-457
-593
-655
-680
-547
-176
260
460
349
124
-50
-260
-659
-1202
-1655
-1813
-1592
-943
198
1813
3720
5548
6768
6823
5493
3209
810
-1188
-2991
-4998
-6919
-7755
-6827
-4608
-2292
-549
973
2865
4932
6230
6085
4772
3137
1732
516
-700
-1844
-2652
-2976
-2828
-2275
-1462
-707
-334
-365
-523
-614
-749
-1094
-1484
-1537
-1052
-165
883
1925
2800
3319
3436
3273
2850
1914
295
-1646
-3194
-3928
-4026
-3857
-3502
-2802
-1702
-353
998
2042
2439
2115
1501
1194
1250
1105
389
-434
-561
117
818
806
221
-233
-222
-101
-370
-1054
-1750
-2082
-1996
-1662
-1250
-795
-210
596
1545
2336
2645
2434
1987
1589
1231
718
21
-630
-1024
-1184
-1244
-1221
-1089
-958
-1000
-1166
-1200
-981
-708
-590
-518
-210
348
882
1179
1318
1452
1546
1462
1162
703
106
-590
-1211
-1552
-1627
-1652
-1693
-1540
-1022
-330
163
339
396
501
582
517
364
250
153
-20
-220
-281
-193
-164
-331
-553
-610
-516
-506
-705
-991
-1177
-1231
-1210
-1072
-634
260
1627
3348
5168
6633
7120
6185
3992
1336
-978
-2817
-4622
-6537
-7839
-7564
-5650
-3130
-1023
684
2633
4870
6485
6588
5323
3609
2116
798
-613
-2007
-2966
-3224
-2872
-2188
-1427
-785
-423
-393
-605
-914
-1260
-1630
-1891
-1764
-1032
197
1529
2588
3262
3658
3870
3827
3323
2169
395
-1629
-3317
-4244
-4431
-4200
-3784
-3131
-2108
-778
568
1590
2079
2069
1837
1709
1728
1611
1164
664
584
954
1230
953
298
-230
-515
-897
-1582
-2281
-2619
-2593
-2405
-2024
-1237
-99
984
1713
2202
2656
2971
2856
2287
1584
1019
546
5
-602
-1144
-1549
-1830
-1965
-1939
-1837
-1752
-1605
-1222
-626
-94
185
378
756
1271
1601
1596
1478
1468
1443
1124
502
-133
-584
-948
-1364
-1741
-1884
-1767
-1524
-1213
-780
-255
206
520
788
1061
1177
965
541
205
63
-58
-302
-565
-689
-708
-746
-797
-765
-685
-709
-855
-956
-912
-848
-882
-821
-265
993
2785
4735
6433
7398
7134
5508
3035
536
-1592
-3575
-5653
-7409
-7995
-7022
-4982
-2715
-632
1394
3478
5316
6378
6352
5367
3842
2210
722
-567
-1690
-2603
-3125
-3080
-2523
-1777
-1231
-1038
-1060
-1093
-1102
-1174
-1292
-1268
-911
-188
797
1889
2880
3514
3650
3406
3010
2466
1502
-53
-1915
-3484
-4348
-4554
-4373
-3954
-3246
-2192
-885
459
1577
2246
2411
2302
2259
2351
2248
1652
791
260
312
509
281
-368
-929
-1114
-1179
-1471
-1929
-2225
-2212
-1977
-1563
-911
-80
723
1385
1977
2525
2846
2761
2337
1784
1184
497
-249
-906
-1373
-1687
-1915
-2041
-2005
-1806
-1502
-1148
-756
-336
78
431
704
947
1203
1435
1556
1537
1431
1267
982
532
-7
-523
-983
-1412
-1778
-1988
-2004
-1841
-1485
-912
-217
383
742
908
995
1016
917
707
438
113
-273
-628
-814
-833
-838
-913
-917
-697
-330
-78
-76
-212
-330
-417
-567
-769
-842
-541
317
1771
3661
5550
6785
6792
5474
3323
1063
-954
-2910
-5019
-6917
-7749
-6991
-5039
-2823
-881
964
3017
5026
6276
6299
5275
3774
2223
722
-766
-2172
-3273
-3812
-3669
-2959
-1997
-1123
-519
-181
-28
-23
-168
-429
-664
-684
-370
246
1006
1729
2304
2709
2959
3004
2683
1784
281
-1523
-3113
-4122
-4509
-4417
-3928
-3034
-1801
-412
899
1932
2539
2693
2556
2341
2057
1530
732
-13
-332
-230
-53
-41
-126
-194
-340
-719
-1282
-1807
-2143
-2279
-2172
-1719
-929
-11
836
1606
2358
2950
3110
2756
2106
1425
741
-35
-826
-1387
-1595
-1601
-1597
-1574
-1414
-1151
-944
-817
-621
-302
-31
38
58
313
820
1280
1460
1438
1391
1325
1103
691
163
-427
-1051
-1590
-1874
-1897
-1818
-1706
-1423
-866
-206
265
468
576
736
899
943
846
659
419
165
-34
-164
-308
-539
-793
-944
-965
-923
-864
-761
-621
-517
-484
-460
-392
-308
-214
53
768
2077
3804
5461
6433
6271
4941
2854
583
-1495
-3333
-4995
-6354
-6990
-6473
-4783
-2486
-303
1494
3167
4865
6108
6173
4984
3256
1697
360
-1030
-2374
-3213
-3310
-2885
-2231
-1444
-613
-14
136
-57
-350
-666
-1021
-1257
-1121
-574
160
932
1785
2676
3314
3424
3052
2400
1464
91
-1633
-3239
-4231
-4467
-4155
-3535
-2715
-1685
-450
856
1928
2439
2343
1989
1816
1879
1828
1401
797
446
457
482
166
-439
-1009
-1374
-1623
-1868
-2068
-2120
-1977
-1604
-963
-123
697
1310
1753
2148
2444
2442
2076
1521
964
425
-125
-589
-844
-953
-1103
-1356
-1570
-1610
-1519
-1394
-1218
-892
-407
124
581
939
1221
1438
1569
1584
1483
1287
1029
700
279
-231
-757
-1201
-1528
-1753
-1873
-1844
-1626
-1245
-765
-248
248
674
1000
1224
1344
1324
1134
785
333
-158
-616
-959
-1126
-1137
-1074
-986
-832
-579
-301
-126
-94
-130
-177
-256
-386
-495
-477
-264
238
1208
2729
4521
5955
6437
5779
4213
2172
60
-1885
-3645
-5240
-6438
-6713
-5727
-3794
-1686
86
1633
3242
4754
5597
5407
4379
2993
1568
183
-1096
-2102
-2666
-2741
-2405
-1826
-1252
-905
-825
-844
-790
-704
-751
-948
-1057
-820
-226
514
1232
1908
2527
2961
3079
2876
2368
1446
11
-1712
-3175
-3950
-4069
-3843
-3421
-2709
-1641
-381
830
1820
2468
2687
2547
2286
2042
1664
970
149
-349
-375
-288
-493
-928
-1224
-1247
-1223
-1364
-1589
-1709
-1668
-1460
-1002
-270
530
1139
1545
1928
2316
2466
2206
1672
1118
601
21
-614
-1128
-1409
-1534
-1616
-1629
-1462
-1107
-705
-392
-166
66
347
609
772
855
947
1062
1098
985
788
613
435
128
-326
-786
-1132
-1389
-1616
-1738
-1627
-1287
-865
-457
-25
461
894
1119
1102
953
789
624
396
60
-342
-660
-757
-637
-477
-464
-605
-740
-736
-609
-478
-413
-392
-350
-237
-55
125
205
172
141
315
864
1858
3205
4551
5317
5019
3672
1837
140
-1266
-2666
-4222
-5557
-6001
-5246
-3653
-1899
-369
1048
2566
4048
4996
5013
4177
2925
1646
476
-578
-1455
-2067
-2386
-2414
-2124
-1576
-1022
-745
-762
-810
-714
-612
-693
-838
-703
-158
572
1222
1783
2338
2776
2868
2549
1932
1062
-151
-1644
-3018
-3816
-3929
-3613
-3131
-2509
-1622
-446
841
1922
2497
2501
2203
1972
1877
1595
845
-146
-796
-815
-521
-432
-663
-896
-864
-685
-672
-950
-1355
-1620
-1558
-1152
-540
59
543
1015
1619
2278
2684
2615
2146
1527
895
226
-495
-1162
-1647
-1887
-1873
-1631
-1243
-842
-509
-209
121
459
699
769
698
600
589
687
802
804
668
498
376
227
-80
-520
-904
-1105
-1182
-1243
-1266
-1141
-846
-466
-99
210
422
492
434
335
280
268
233
118
-60
-213
-264
-230
-240
-401
-655
-816
-776
-615
-489
-456
-419
-289
-85
78
83
-100
-388
-613
-576
-114
853
2263
3853
5180
5772
5372
4092
2340
562
-1063
-2665
-4341
-5769
-6297
-5567
-3935
-2115
-442
1277
3164
4804
5573
5301
4353
3140
1784
317
-1063
-2076
-2594
-2663
-2385
-1876
-1290
-772
-385
-162
-179
-454
-828
-1068
-1075
-911
-584
27
953
1962
2728
3126
3249
3139
2621
1484
-205
-2007
-3380
-4039
-4090
-3816
-3340
-2566
-1404
-11
1264
2110
2425
2313
1992
1650
1326
910
372
-79
-188
-21
57
-177
-528
-691
-698
-869
-1336
-1842
-2049
-1894
-1528
-1042
-419
337
1137
1885
2490
2821
2756
2315
1667
965
239
-507
-1185
-1664
-1890
-1894
-1713
-1373
-945
-548
-236
31
281
441
440
353
366
533
695
675
498
355
342
370
294
70
-261
-656
-1036
-1270
-1279
-1158
-1067
-1015
-845
-472
-35
266
400
491
619
729
732
606
385
117
-142
-335
-462
-578
-699
-765
-716
-586
-471
-417
-398
-363
-300
-249
-260
-344
-462
-538
-483
-181
522
1717
3264
4731
5581
5486
4481
2903
1147
-553
-2200
-3848
-5300
-6051
-5676
-4293
-2542
-985
379
1907
3642
5043
5467
4824
3618
2369
1191
-31
-1228
-2115
-2506
-2472
-2158
-1622
-962
-421
-225
-339
-554
-762
-991
-1196
-1190
-863
-292
408
1226
2109
2834
3155
3067
2701
2016
825
-810
-2412
-3461
-3847
-3824
-3591
-3087
-2191
-978
296
1361
2047
2299
2189
1891
1566
1237
825
340
-40
-150
-55
-29
-237
-554
-756
-836
-995
-1331
-1685
-1833
-1715
-1367
-790
-19
750
1291
1632
1992
2415
2602
2274
1550
809
238
-282
-866
-1391
-1677
-1728
-1673
-1548
-1284
-892
-500
-184
96
369
550
588
614
779
1015
1090
919
680
545
445
198
-205
-589
-842
-1020
-1190
-1284
-1221
-1040
-841
-621
-307
68
356
479
538
653
777
753
518
185
-86
-227
-285
-345
-471
-652
-809
-842
-733
-574
-477
-453
-434
-371
-297
-279
-335
-390
-282
207
1223
2676
4191
5260
5506
4845
3493
1816
137
-1430
-2960
-4452
-5584
-5831
-4959
-3313
-1536
33
1543
3175
4667
5444
5190
4141
2801
1478
214
-972
-1943
-2539
-2708
-2484
-1951
-1262
-648
-281
-151
-155
-283
-593
-992
-1183
-934
-316
398
1057
1687
2291
2718
2823
2597
2058
1123
-242
-1771
-2972
-3539
-3586
-3413
-3109
-2514
-1500
-219
969
1752
2037
1979
1836
1745
1591
1178
547
27
-111
8
5
-296
-673
-843
-830
-889
-1143
-1447
-1612
-1585
-1389
-996
-392
305
928
1438
1892
2246
2326
2051
1572
1082
584
-11
-644
-1095
-1273
-1331
-1411
-1409
-1157
-740
-449
-387
-347
-125
194
395
467
572
767
935
999
1029
1062
983
695
276
-125
-494
-905
-1320
-1582
-1610
-1486
-1293
-1011
-613
-182
172
434
646
804
864
827
718
521
213
-115
-297
-291
-252
-352
-567
-733
-761
-729
-743
-806
-824
-724
-516
-277
-99
-39
-70
-79
78
490
1165
2076
3178
4280
4961
4756
3568
1844
192
-1193
-2571
-4096
-5373
-5747
-4990
-3508
-1889
-356
1213
2869
4334
5185
5168
4367
3098
1700
388
-749
-1663
-2297
-2597
-2532
-2124
-1491
-857
-452
-339
-379
-411
-441
-561
-733
-754
-457
124
836
1541
2149
2579
2772
2688
2248
1330
-44
-1563
-2778
-3460
-3691
-3640
-3328
-2683
-1714
-538
674
1686
2234
2240
1967
1761
1637
1285
571
-135
-379
-198
-62
-259
-582
-709
-676
-771
-1094
-1459
-1664
-1666
-1464
-1014
-358
312
856
1334
1851
2312
2475
2239
1735
1135
502
-137
-701
-1119
-1418
-1623
-1657
-1433
-1042
-723
-589
-485
-210
192
448
410
252
280
571
899
999
853
649
547
509
387
78
-383
-871
-1248
-1444
-1483
-1444
-1362
-1175
-813
-314
162
482
645
744
831
835
663
326
-25
-220
-224
-161
-174
-296
-452
-569
-628
-643
-626
-607
-629
-692
-719
-644
-503
-398
-365
-291
-1
638
1671
3018
4421
5423
5567
4707
3143
1395
-211
-1731
-3352
-4949
-5990
-5941
-4781
-3061
-1377
127
1701
3434
4919
5552
5115
3950
2572
1246
-14
-1177
-2093
-2639
-2791
-2558
-1960
-1181
-587
-430
-574
-684
-680
-780
-1085
-1299
-1056
-369
432
1158
1889
2644
3169
3203
2764
1998
893
-595
-2195
-3379
-3856
-3820
-3588
-3167
-2361
-1155
176
1312
2059
2337
2218
1954
1767
1550
1007
173
-451
-470
-136
-53
-389
-723
-697
-514
-606
-1043
-1473
-1608
-1469
-1184
-766
-206
408
986
1550
2111
2500
2479
2040
1427
838
245
-416
-1026
-1391
-1500
-1480
-1370
-1097
-698
-382
-267
-217
-52
155
192
66
46
303
664
845
808
765
835
903
782
441
-13
-480
-905
-1218
-1357
-1352
-1292
-1207
-1005
-610
-129
232
385
449
552
665
659
505
296
119
-8
-89
-111
-140
-290
-555
-751
-738
-622
-620
-750
-810
-684
-484
-349
-242
-80
81
140
229
666
1608
2841
3973
4691
4813
4216
2934
1272
-338
-1699
-2951
-4223
-5222
-5376
-4441
-2832
-1212
177
1604
3227
4626
5148
4620
3511
2367
1299
147
-1052
-1990
-2426
-2421
-2166
-1763
-1261
-767
-410
-235
-227
-398
-721
-1031
-1087
-807
-300
316
1036
1833
2523
2906
2949
2714
2123
1000
-598
-2223
-3354
-3810
-3783
-3505
-3022
-2253
-1193
40
1211
2044
2371
2287
2093
1945
1676
1061
247
-295
-308
-85
-96
-405
-657
-637
-577
-797
-1252
-1612
-1700
-1596
-1362
-906
-213
514
1090
1583
2118
2554
2577
2124
1478
898
345
-323
-1019
-1505
-1681
-1662
-1532
-1267
-877
-506
-270
-107
100
305
367
286
257
429
719
910
893
746
606
532
451
257
-111
-591
-1031
-1297
-1367
-1325
-1259
-1158
-945
-582
-150
198
376
446
535
682
785
723
496
221
6
-128
-214
-290
-403
-582
-771
-844
-758
-646
-646
-694
-594
-322
-106
-116
-237
-247
-132
-25
103
504
1349
2543
3810
4825
5190
4559
3003
1112
-549
-1996
-3598
-5283
-6303
-5989
-4518
-2707
-1106
409
2140
3940
5241
5593
5012
3838
2398
896
-514
-1661
-2414
-2734
-2645
-2206
-1545
-889
-471
-355
-402
-467
-568
-797
-1102
-1254
-1039
-435
438
1427
2352
3000
3247
3121
2688
1883
607
-1002
-2531
-3584
-4065
-4080
-3714
-2988
-1968
-785
447
1579
2357
2574
2344
2038
1844
1538
876
58
-406
-342
-130
-202
-517
-734
-736
-763
-1016
-1377
-1627
-1701
-1627
-1335
-732
76
830
1405
1898
2363
2622
2468
1954
1337
749
114
-605
-1246
-1622
-1756
-1782
-1711
-1437
-981
-550
-291
-109
150
460
648
667
655
735
851
868
757
617
526
457
319
44
-359
-795
-1140
-1326
-1369
-1320
-1192
-974
-674
-345
-30
258
516
727
838
814
675
490
317
149
-40
-230
-379
-513
-691
-896
-1002
-961
-888
-890
-867
-622
-176
179
234
90
3
46
115
204
538
1374
2706
4162
5142
5137
4075
2409
738
-726
-2238
-3974
-5546
-6212
-5606
-4103
-2403
-856
708
2488
4247
5394
5518
4744
3533
2224
858
-555
-1817
-2633
-2884
-2688
-2215
-1594
-968
-521
-341
-346
-403
-494
-674
-892
-965
-742
-223
503
1340
2165
2804
3111
3058
2661
1850
534
-1144
-2724
-3733
-4058
-3942
-3625
-3071
-2113
-782
607
1678
2253
2408
2340
2182
1894
1341
559
-133
-401
-294
-206
-388
-649
-692
-575
-619
-930
-1271
-1440
-1494
-1496
-1282
-706
73
746
1250
1749
2267
2565
2443
1997
1433
804
58
-728
-1336
-1618
-1616
-1459
-1229
-949
-651
-370
-133
52
159
169
127
126
241
440
621
721
790
892
998
981
749
332
-155
-605
-962
-1214
-1371
-1446
-1402
-1182
-804
-389
-61
181
417
667
853
914
863
721
488
198
-37
-151
-224
-373
-589
-754
-811
-825
-861
-879
-812
-665
-487
-284
-36
210
346
316
173
5
-112
-54
397
1424
2923
4418
5295
5182
4153
2609
961
-625
-2236
-3919
-5386
-6065
-5567
-4106
-2343
-745
780
2510
4289
5485
5594
4742
3466
2149
826
-526
-1723
-2497
-2764
-2641
-2279
-1786
-1272
-847
-543
-346
-289
-451
-806
-1127
-1136
-725
-1
865
1725
2443
2914
3102
3017
2585
1658
221
-1448
-2901
-3825
-4184
-4095
-3667
-2950
-1966
-740
612
1803
2481
2538
2261
2019
1843
1445
714
-16
-335
-268
-224
-457
-784
-913
-852
-848
-1019
-1260
-1442
-1530
-1467
-1129
-503
220
844
1392
1976
2510
2732
2506
1981
1358
660
-175
-1049
-1714
-2007
-1973
-1724
-1323
-806
-260
204
530
706
722
607
461
388
385
370
302
249
297
442
584
615
494
258
-7
-245
-476
-745
-1023
-1184
-1129
-922
-734
-651
-575
-360
9
388
626
695
655
572
480
408
359
286
106
-196
-526
-763
-880
-960
-1080
-1193
-1156
-879
-443
-27
261
453
601
666
552
236
-186
-579
-828
-830
-454
397
1693
3222
4595
5318
5022
3765
2053
417
-1079
-2725
-4526
-5847
-5938
-4766
-3057
-1492
-68
1572
3382
4773
5236
4829
3949
2838
1513
68
-1212
-2094
-2579
-2766
-2648
-2182
-1495
-870
-503
-379
-392
-498
-672
-817
-806
-578
-145
492
1324
2204
2857
3091
2940
2531
1850
759
-720
-2252
-3402
-3969
-4042
-3771
-3188
-2264
-1074
178
1253
1962
2233
2151
1923
1687
1375
851
195
-267
-308
-103
-25
-224
-513
-675
-745
-886
-1134
-1362
-1457
-1391
-1152
-695
-42
675
1312
1834
2255
2510
2471
2073
1414
654
-87
-756
-1291
-1628
-1757
-1715
-1524
-1174
-709
-244
126
423
704
915
937
765
566
491
505
454
271
38
-124
-165
-120
-67
-106
-270
-497
-675
-771
-844
-926
-959
-864
-664
-439
-217
15
258
467
601
640
571
395
167
-36
-179
-300
-440
-587
-674
-652
-544
-450
-465
-566
-595
-439
-180
-23
-53
-148
-158
-78
-27
-69
-173
-262
-229
89
840
2019
3381
4497
4943
4528
3401
1911
333
-1291
-2968
-4480
-5386
-5354
-4461
-3111
-1666
-188
1439
3161
4592
5254
4990
4074
2906
1658
324
-1007
-2060
-2625
-2756
-2625
-2321
-1855
-1331
-949
-799
-777
-728
-620
-520
-444
-294
79
719
1496
2175
2588
2736
2693
2425
1766
623
-843
-2275
-3343
-3888
-3933
-3604
-3038
-2273
-1264
-29
1196
2049
2335
2204
1992
1868
1697
1256
575
-30
-276
-220
-174
-337
-604
-776
-832
-915
-1099
-1293
-1381
-1316
-1069
-604
39
695
1212
1609
1997
2360
2498
2230
1593
800
43
-614
-1188
-1660
-1959
-2002
-1769
-1322
-777
-229
276
725
1083
1269
1211
932
575
302
159
58
-60
-145
-122
-32
10
-36
-100
-154
-278
-525
-798
-953
-956
-894
-796
-597
-269
100
381
534
579
537
421
258
75
-121
-312
-431
-423
-331
-254
-235
-236
-242
-316
-498
-703
-795
-728
-574
-413
-247
-48
158
300
323
228
68
-26
163
845
2044
3473
4603
4938
4309
2992
1485
111
-1211
-2734
-4381
-5564
-5635
-4544
-2921
-1395
4
1636
3502
4985
5435
4851
3778
2656
1468
87
-1323
-2398
-2942
-3023
-2770
-2256
-1604
-1034
-691
-518
-413
-397
-545
-761
-791
-463
145
836
1488
2067
2526
2773
2706
2261
1397
138
-1328
-2681
-3628
-4047
-3981
-3539
-2814
-1857
-708
525
1607
2256
2378
2183
1975
1806
1437
729
-46
-431
-317
-86
-144
-464
-705
-710
-681
-843
-1145
-1368
-1418
-1319
-1036
-500
205
852
1346
1813
2315
2611
2418
1785
1060
447
-170
-913
-1611
-1974
-1954
-1748
-1473
-1054
-447
190
671
976
1191
1281
1121
742
362
149
47
-63
-164
-158
-61
-6
-48
-93
-77
-84
-227
-462
-644
-698
-669
-599
-465
-258
-37
134
257
354
380
274
51
-188
-362
-449
-423
-263
-35
125
148
136
199
260
124
-235
-601
-768
-776
-789
-829
-740
-444
-59
239
399
468
457
336
108
-154
-340
-318
82
970
2241
3496
4218
4103
3249
2039
797
-445
-1795
-3175
-4209
-4498
-3956
-2859
-1574
-282
1019
2331
3484
4159
4125
3436
2402
1325
297
-711
-1646
-2333
-2620
-2502
-2064
-1448
-847
-469
-384
-443
-447
-351
-262
-241
-194
14
407
891
1334
1649
1814
1843
1732
1376
636
-485
-1721
-2678
-3109
-3056
-2720
-2260
-1697
-960
-28
955
1692
1926
1708
1390
1269
1253
995
392
-211
-409
-241
-117
-286
-566
-667
-616
-662
-865
-1014
-947
-738
-497
-168
333
884
1270
1470
1639
1826
1833
1490
881
234
-324
-814
-1239
-1534
-1661
-1631
-1442
-1057
-524
13
430
728
956
1081
1024
800
521
284
81
-131
-334
-463
-479
-408
-318
-261
-246
-236
-208
-192
-252
-378
-473
-448
-311
-141
2
96
126
89
33
19
50
66
40
12
20
39
33
15
6
-29
-133
-271
-364
-395
-422
-462
-458
-369
-235
-115
-9
83
117
70
7
10
85
250
670
1545
2772
3853
4252
3813
2802
1584
373
-809
-2028
-3277
-4324
-4710
-4114
-2732
-1187
82
1192
2448
3714
4417
4177
3234
2118
1087
57
-1014
-1931
-2464
-2575
-2358
-1909
-1347
-858
-562
-397
-235
-112
-172
-418
-605
-472
6
643
1240
1694
1968
2068
2020
1800
1299
423
-737
-1890
-2726
-3111
-3099
-2821
-2361
-1713
-846
160
1057
1586
1700
1594
1480
1384
1184
822
389
45
-109
-92
-46
-133
-397
-707
-909
-998
-1084
-1191
-1201
-1018
-683
-286
174
718
1271
1718
2024
2203
2183
1859
1277
646
97
-435
-1029
-1569
-1856
-1851
-1676
-1409
-1009
-480
59
493
823
1073
1187
1102
890
678
487
227
-116
-402
-503
-443
-361
-350
-409
-495
-559
-548
-449
-331
-281
-297
-278
-160
11
144
223
293
355
337
191
-26
-204
-284
-295
-280
-248
-201
-159
-143
-144
-146
-176
-274
-430
-562
-598
-545
-454
-338
-154
110
383
555
565
445
260
66
-109
-195
-32
576
1654
2923
3880
4116
3580
2558
1387
211
-1023
-2342
-3533
-4197
-4046
-3176
-1996
-839
285
1526
2811
3755
3996
3530
2650
1638
585
-479
-1441
-2143
-2510
-2554
-2292
-1761
-1110
-557
-236
-104
-57
-76
-203
-396
-504
-397
-65
405
905
1328
1587
1667
1609
1405
923
55
-1070
-2099
-2716
-2877
-2743
-2454
-2011
-1350
-476
487
1328
1842
1951
1777
1544
1355
1110
681
133
-285
-420
-376
-387
-555
-768
-859
-800
-706
-701
-788
-841
-707
-324
217
726
1079
1312
1546
1797
1920
1754
1310
745
185
-376
-963
-1484
-1780
-1794
-1609
-1322
-942
-443
126
646
1019
1216
1246
1121
879
572
253
-40
-266
-400
-460
-495
-526
-517
-440
-338
-285
-316
-404
-483
-513
-471
-377
-258
-134
-9
91
119
68
5
4
47
46
-50
-190
-280
-284
-231
-172
-138
-136
-140
-123
-98
-123
-226
-341
-374
-307
-208
-130
-37
111
281
379
370
303
221
103
-74
-250
-287
-59
489
1331
2339
3250
3724
3540
2763
1680
560
-523
-1630
-2746
-3628
-3916
-3436
-2393
-1233
-232
703
1768
2840
3481
3390
2728
1883
1044
156
-769
-1542
-2002
-2186
-2157
-1867
-1307
-700
-323
-210
-158
-59
-34
-199
-430
-488
-290
63
457
855
1223
1495
1617
1557
1240
577
-385
-1382
-2113
-2474
-2583
-2565
-2382
-1904
-1099
-126
761
1370
1666
1762
1781
1714
1427
859
193
-262
-377
-329
-364
-498
-559
-453
-300
-263
-352
-463
-521
-515
-411
-163
183
520
813
1140
1527
1816
1806
1488
1044
607
127
-479
-1119
-1585
-1751
-1663
-1408
-1027
-573
-148
185
476
781
1004
975
694
368
181
95
-35
-217
-314
-266
-165
-129
-164
-223
-292
-370
-400
-338
-236
-187
-204
-208
-161
-112
-108
-122
-104
-69
-58
-68
-63
-43
-31
-38
-39
-35
-67
-165
-302
-417
-469
-459
-404
-319
-213
-84
66
208
288
282
224
153
70
-62
-229
-351
-347
-179
210
918
1966
3123
3962
4125
3585
2607
1493
355
-864
-2195
-3435
-4176
-4088
-3236
-2057
-971
-25
1016
2211
3218
3584
3222
2458
1640
837
-40
-938
-1644
-2005
-2065
-1928
-1620
-1158
-672
-345
-247
-295
-390
-499
-596
-607
-464
-175
215
679
1177
1596
1830
1853
1690
1301
601
-357
-1317
-2024
-2417
-2597
-2608
-2370
-1823
-1039
-169
641
1263
1599
1665
1594
1507
1361
1023
506
32
-187
-194
-201
-320
-458
-495
-476
-529
-668
-778
-779
-699
-560
-315
68
498
875
1216
1584
1892
1938
1653
1211
783
329
-271
-955
-1482
-1697
-1663
-1500
-1237
-857
-420
-18
337
664
907
963
830
629
461
297
91
-106
-197
-195
-218
-315
-414
-436
-425
-462
-532
-560
-547
-557
-576
-498
-285
-65
25
23
74
204
284
226
116
85
129
145
91
18
-48
-142
-274
-379
-408
-407
-450
-512
-496
-351
-137
51
162
194
173
131
99
54
-36
-137
-115
190
855
1823
2906
3796
4148
3778
2809
1560
261
-1070
-2441
-3657
-4381
-4382
-3708
-2599
-1300
49
1400
2670
3645
4029
3692
2836
1836
891
-43
-996
-1797
-2235
-2299
-2114
-1753
-1252
-752
-436
-310
-236
-210
-386
-754
-991
-788
-232
354
833
1299
1764
2040
2009
1754
1331
606
-499
-1702
-2552
-2887
-2919
-2843
-2565
-1897
-893
157
993
1545
1842
1909
1779
1524
1207
827
379
-53
-313
-332
-230
-209
-346
-528
-619
-628
-679
-822
-957
-940
-726
-358
95
578
1036
1429
1733
1898
1840
1525
1036
508
-4
-505
-949
-1232
-1311
-1258
-1127
-887
-527
-171
47
156
294
473
554
458
305
251
287
284
210
153
160
171
137
90
48
-59
-298
-607
-837
-926
-932
-901
-801
-584
-301
-39
161
314
408
410
334
251
194
116
-17
-150
-181
-111
-38
-45
-118
-202
-289
-387
-478
-519
-490
-400
-260
-83
98
250
371
466
510
467
365
276
217
123
-45
-230
-343
-397
-479
-603
-644
-436
96
910
1887
2838
3499
3617
3130
2245
1278
362
-640
-1854
-3058
-3743
-3604
-2863
-1993
-1187
-255
937
2120
2843
2925
2538
1919
1159
302
-520
-1145
-1520
-1666
-1577
-1236
-733
-291
-86
-98
-181
-270
-442
-757
-1089
-1197
-961
-484
63
614
1185
1730
2110
2194
1926
1301
374
-682
-1599
-2186
-2441
-2460
-2265
-1810
-1103
-272
518
1131
1477
1541
1425
1256
1049
696
199
-207
-272
-23
244
296
182
90
70
0
-222
-558
-875
-1065
-1082
-925
-630
-255
156
607
1090
1515
1731
1654
1347
950
531
76
-409
-830
-1070
-1108
-1022
-889
-734
-541
-317
-79
148
313
342
219
33
-75
-53
17
50
59
128
254
331
276
120
-58
-248
-476
-711
-868
-916
-906
-872
-759
-523
-232
-2
151
303
468
556
502
374
267
182
73
-37
-69
-11
40
21
-26
-43
-74
-194
-371
-483
-462
-362
-259
-143
42
304
566
748
828
812
692
449
103
-260
-553
-746
-863
-911
-832
-528
68
946
1988
2954
3533
3505
2897
1970
990
16
-1057
-2228
-3227
-3667
-3388
-2597
-1679
-848
-49
846
1773
2461
2670
2394
1817
1132
445
-199
-752
-1177
-1456
-1564
-1461
-1154
-753
-415
-217
-129
-110
-165
-301
-437
-461
-319
-40
325
727
1097
1355
1456
1406
1193
769
128
-616
-1278
-1735
-1968
-2002
-1850
-1515
-1002
-343
375
990
1349
1437
1387
1309
1161
831
353
-63
-228
-186
-149
-243
-389
-429
-331
-218
-214
-319
-433
-473
-421
-294
-108
113
341
561
781
975
1056
929
613
229
-116
-425
-736
-1010
-1125
-1018
-745
-407
-69
238
475
617
684
703
628
403
94
-124
-153
-103
-145
-278
-346
-269
-154
-126
-166
-168
-115
-74
-86
-119
-160
-208
-222
-138
15
103
54
-38
-42
27
35
-73
-204
-233
-137
8
121
184
222
258
280
259
198
134
82
8
-91
-152
-123
-47
-20
-56
-81
-48
-11
-22
-49
-39
-7
-3
-27
-30
-6
4
-10
-16
-8
-29
-109
-212
-282
-315
-333
-331
-278
-147
96
520
1150
1858
2388
2510
2199
1618
952
271
-471
-1299
-2093
-2617
-2688
-2339
-1778
-1178
-532
260
1151
1876
2153
1962
1553
1162
800
336
-236
-740
-1008
-1042
-935
-746
-505
-293
-210
-237
-279
-314
-434
-671
-879
-854
-559
-121
335
780
1205
1543
1707
1649
1349
805
79
-668
-1263
-1627
-1794
-1814
-1694
-1405
-935
-330
286
745
955
972
947
940
867
641
339
153
171
274
270
99
-128
-283
-374
-496
-715
-981
-1179
-1225
-1088
-791
-388
45
449
811
1128
1354
1397
1224
894
514
135
-254
-637
-939
-1086
-1069
-932
-716
-454
-191
36
212
352
452
491
455
380
314
278
257
229
197
169
135
61
-68
-222
-354
-432
-454
-428
-370
-296
-217
-116
27
187
319
400
455
502
502
412
254
87
-53
-172
-267
-313
-316
-318
-321
-273
-155
-42
0
5
55
141
169
109
43
49
88
83
40
23
45
57
33
-9
-54
-113
-168
-170
-116
-67
-70
-92
-82
-46
-33
-49
-54
-32
-18
-25
-33
-27
-39
-98
-171
-183
-76
163
545
1047
1593
2013
2142
1910
1385
719
28
-651
-1324
-1935
-2326
-2342
-1976
-1384
-738
-89
606
1323
1901
2158
2049
1687
1216
693
135
-410
-846
-1103
-1180
-1117
-969
-783
-595
-428
-298
-233
-262
-362
-448
-423
-240
76
458
829
1128
1334
1458
1487
1346
955
309
-487
-1281
-1917
-2278
-2317
-2103
-1753
-1322
-750
-8
769
1329
1541
1505
1412
1323
1140
784
335
-39
-250
-351
-444
-549
-623
-644
-652
-684
-706
-661
-554
-452
-361
-204
88
462
786
1009
1175
1318
1355
1177
783
290
-184
-588
-898
-1093
-1149
-1088
-927
-657
-296
73
342
489
571
629
618
485
288
150
132
172
181
161
185
275
341
290
125
-68
-223
-349
-470
-566
-570
-449
-251
-48
111
216
269
266
224
177
145
103
23
-77
-133
-111
-54
-29
-46
-64
-49
-22
-26
-79
-157
-217
-224
-184
-134
-106
-87
-28
83
207
275
261
174
60
-27
-68
-91
-132
-184
-196
-148
-81
-33
13
80
131
114
53
4
-22
-73
-143
-162
-104
-45
-42
-42
31
135
164
85
-27
-114
-186
-251
-275
-234
-151
-13
265
735
1302
1783
2040
2016
1694
1113
409
-268
-879
-1475
-2013
-2299
-2164
-1677
-1060
-475
94
708
1308
1723
1822
1607
1194
714
254
-158
-507
-768
-902
-898
-791
-660
-564
-508
-465
-434
-449
-527
-622
-661
-589
-390
-68
340
753
1072
1252
1318
1284
1100
709
141
-478
-1010
-1367
-1514
-1458
-1260
-999
-705
-337
111
531
767
784
694
621
571
471
305
152
90
105
123
109
79
55
9
-90
-243
-407
-543
-637
-660
-576
-373
-88
217
500
738
909
975
908
729
484
217
-50
-307
-532
-696
-775
-763
-663
-485
-263
-55
92
182
243
285
286
236
175
150
155
149
119
91
87
91
74
35
-28
-127
-249
-356
-406
-399
-356
-269
-125
49
196
291
357
404
394
299
155
16
-101
-207
-281
-277
-212
-146
-109
-59
40
149
205
197
156
100
24
-52
-91
-101
-126
-160
-141
-39
84
147
151
149
140
85
-16
-85
-68
-13
2
-26
-41
-4
60
111
135
130
101
55
4
-45
-82
-90
-64
-32
-26
-35
-13
57
123
131
90
57
54
50
-1
-93
-178
-218
-204
-164
-129
-113
-109
-95
-57
4
73
134
175
179
139
70
3
-33
-31
-9
4
-7
-39
-79
-113
-130
-117
-86
-62
-58
-54
-13
84
208
318
403
483
592
723
810
773
584
295
-8
-264
-469
-646
-800
-891
-856
-661
-364
-68
153
327
517
712
819
763
581
363
172
-1
-170
-320
-414
-449
-440
-397
-326
-242
-167
-116
-79
-44
-2
33
53
72
121
218
319
367
350
304
259
195
77
-91
-265
-403
-489
-516
-484
-409
-320
-232
-122
22
176
288
324
295
242
199
167
121
45
-40
-91
-101
-107
-141
-185
-194
-160
-122
-106
-89
-48
17
77
133
197
263
299
288
243
185
118
39
-42
-110
-163
-207
-229
-211
-168
-133
-105
-49
48
146
187
170
150
156
161
121
47
-19
-50
-58
-57
-51
-52
-72
-102
-107
-69
-10
25
22
10
12
35
65
84
82
62
44
41
44
31
-5
-48
-79
-95
-97
-87
-69
-53
-43
-23
12
41
44
40
54
84
93
70
42
39
50
43
11
-22
-39
-40
-45
-64
-97
-127
-135
-113
-74
-38
-12
14
44
76
98
105
96
75
52
26
3
-13
-13
-2
7
1
-19
-40
-54
-56
-42
-17
-1
-7
-17
-5
26
47
38
18
13
27
40
55
85
135
185
233
311
431
552
600
534
372
158
-60
-255
-413
-540
-634
-672
-614
-459
-257
-69
87
241
407
542
588
526
397
258
132
8
-125
-247
-328
-360
-354
-322
-262
-184
-122
-94
-83
-55
-6
31
44
66
124
204
261
273
251
220
190
154
88
-29
-196
-359
-465
-500
-492
-467
-406
-283
-116
52
190
298
370
390
360
308
257
195
106
8
-63
-94
-112
-132
-143
-129
-101
-81
-76
-72
-62
-49
-31
3
56
110
143
153
157
158
134
66
-29
-113
-166
-195
-213
-212
-186
-142
-100
-51
20
102
153
147
108
80
71
51
-1
-70
-122
-147
-148
-130
-88
-28
29
72
108
146
172
164
121
69
30
3
-20
-44
-65
-83
-97
-93
-65
-22
12
31
49
80
114
132
135
138
142
138
124
117
119
108
72
36
27
43
48
33
12
-1
-11
-27
-36
-25
-10
-6
-20
-32
-41
-50
-56
-49
-37
-42
-60
-66
-39
1
14
0
-13
-9
1
3
-3
-4
0
2
0
-2
-4
-18
-47
-86
-115
-128
-132
-135
-132
-109
-65
-20
7
22
44
78
103
97
73
57
56
57
46
32
16
-4
-30
-53
-63
-63
-62
-61
-49
-28
7
53
103
143
159
159
154
144
115
69
22
-9
-25
-45
-75
-104
-115
-114
-110
-108
-107
-100
-84
-69
-60
-55
-49
-42
-36
-35
-32
-27
-20
-14
-2
25
71
129
189
229
247
264
311
391
457
443
321
132
-57
-208
-335
-464
-583
-638
-579
-403
-175
30
176
290
414
530
571
489
324
161
44
-59
-186
-313
-377
-363
-309
-259
-217
-170
-137
-136
-157
-160
-126
-79
-41
18
125
262
373
427
437
431
402
326
188
0
-209
-407
-558
-633
-628
-563
-459
-319
-135
83
292
435
491
480
444
399
324
199
51
-58
-93
-86
-102
-154
-204
-212
-191
-192
-231
-270
-264
-214
-143
-61
51
190
310
377
396
397
377
303
159
-9
-147
-237
-304
-357
-378
-353
-293
-208
-105
5
90
134
156
185
215
212
172
134
136
166
183
167
135
104
70
20
-37
-88
-128
-163
-196
-219
-211
-169
-99
-18
56
112
148
170
180
171
135
80
25
-14
-40
-63
-85
-93
-87
-82
-97
-117
-115
-90
-65
-57
-51
-21
32
77
100
109
117
119
105
80
57
32
-8
-61
-107
-133
-142
-143
-128
-90
-38
3
24
32
32
31
36
53
76
86
78
79
106
141
152
126
85
47
11
-29
-66
-92
-107
-115
-114
-92
-57
-22
7
35
65
88
92
79
63
54
50
47
40
25
0
-35
-73
-107
-138
-162
-179
-187
-184
-165
-127
-77
-26
25
75
128
170
199
210
205
184
143
88
24
-31
-78
-115
-148
-171
-181
-177
-161
-139
-106
-57
3
62
110
148
179
200
199
171
128
83
39
-6
-50
-90
-122
-145
-150
-132
-106
-88
-79
-62
-24
25
71
106
135
162
181
188
185
171
132
72
11
-36
-70
-109
-147
-168
-157
-123
-86
-53
-23
8
39
62
75
75
65
51
40
24
2
-22
-38
-45
-49
-54
-63
-66
-61
-52
-44
-37
-26
-5
26
55
71
74
71
67
52
28
2
-21
-41
-59
-68
-62
-43
-20
2
27
57
84
96
92
82
70
57
35
1
-43
-78
-93
-86
-69
-50
-35
-14
8
28
40
43
40
35
36
44
55
61
60
58
56
50
40
34
28
12
-19
-54
-80
-94
-102
-106
-104
-86
-52
-11
28
59
78
87
86
78
65
53
42
30
7
-20
-37
-38
-28
-21
-25
-33
-37
-37
-34
-38
-52
-62
-56
-31
-5
18
38
62
81
82
62
29
0
-28
-54
-77
-90
-91
-81
-68
-54
-36
-14
11
31
43
48
49
46
41
35
34
42
58
69
72
66
57
46
36
19
-6
-35
-52
-52
-41
-26
-11
7
26
39
45
48
47
38
21
2
-7
-5
0
3
3
10
20
29
31
22
6
-9
-20
-26
-33
-39
-43
-39
-27
-10
1
4
0
-2
3
9
8
-2
-11
-15
-17
-24
-33
-41
-41
-38
-29
-23
-17
-16
-15
-13
-7
2
8
8
5
3
3
5
6
5
4
4
8
13
19
24
29
31
29
27
29
33
35
33
30
29
28
22
13
8
7
8
5
1
0
6
7
7
8
14
23
29
30
30
28
27
24
21
18
14
13
16
21
19
12
1
-4
-8
-14
-21
-22
-15
-4
3
10
16
26
34
39
40
37
32
23
9
-8
-23
-32
-36
-34
-28
-21
-11
2
15
24
28
26
26
29
30
25
13
6
4
8
10
11
12
19
26
33
36
32
27
24
25
26
22
15
12
15
20
23
28
34
39
39
36
32
34
35
32
27
22
21
23
26
28
28
28
25
19
14
13
13
12
12
14
22
28
24
15
7
3
-2
-11
-20
-23
-24
-25
-23
-13
0
8
12
14
21
27
25
16
4
-8
-17
-23
-27
-29
-26
-19
-9
4
16
25
31
34
36
37
33
30
26
19
9
-5
-13
-9
0
4
4
10
24
34
34
27
25
30
37
39
34
31
29
26
21
17
17
22
30
38
44
47
48
53
56
51
37
21
17
23
25
16
7
8
17
20
15
11
17
25
25
15
3
-5
-8
-12
-16
-17
-12
0
12
20
19
12
5
0
-3
-6
-6
-6
-4
-2
1
3
5
7
14
24
37
44
48
45
38
27
14
1
-11
-22
-30
-34
-33
-29
-22
-14
-1
15
34
53
64
65
59
51
42
24
6
-7
-8
-3
2
8
16
28
31
29
26
30
39
42
39
36
39
42
38
28
21
23
27
29
28
28
26
20
13
8
10
14
17
20
24
24
18
10
4
-4
-13
-20
-19
-12
-3
2
3
2
4
5
7
11
13
9
0
-9
-16
-17
-16
-14
-13
-7
6
20
28
31
30
27
25
23
17
9
3
3
4
7
5
6
10
20
28
35
37
37
33
26
15
8
2
0
-3
-2
3
9
17
22
26
29
35
39
41
38
33
29
28
25
19
16
17
19
20
19
19
24
27
27
26
30
38
47
48
41
29
21
21
20
12
0
-9
-10
-7
-7
-12
-15
-12
-5
0
5
9
8
5
0
-2
-6
-10
-16
-22
-23
-21
-21
-24
-26
-23
-14
-2
11
21
32
40
50
57
58
53
44
35
30
30
30
27
25
26
29
32
32
34
38
42
48
53
51
47
40
35
27
19
10
2
-2
-4
-8
-9
-4
-2
-2
0
7
18
20
13
3
1
5
8
6
9
17
26
32
34
31
29
24
24
25
26
24
21
22
25
28
28
24
21
18
15
10
6
3
0
-2
-3
-2
-1
-2
-3
-3
-1
-2
-10
-21
-32
-36
-38
-34
-27
-16
-4
4
11
17
22
25
24
22
22
23
25
27
32
37
40
41
41
40
40
39
38
37
34
30
26
22
25
33
39
41
38
32
27
24
18
8
-3
-11
-14
-12
-11
-7
-3
-1
1
6
15
23
25
22
20
20
19
15
9
9
13
19
24
29
31
34
34
32
30
30
32
32
30
25
19
12
4
-2
-3
1
5
5
4
3
2
1
-5
-10
-9
-5
-2
0
0
1
0
-5
-9
-8
-3
1
3
8
19
31
41
48
53
57
58
57
56
56
52
45
37
32
28
29
32
39
47
51
50
45
38
29
20
15
14
15
16
12
5
-1
-8
-14
-21
-28
-30
-30
-27
-26
-24
-20
-15
-10
-7
-5
-1
1
-1
-3
-5
-2
0
4
9
17
25
33
37
38
39
40
37
29
22
21
25
27
26
22
19
16
12
12
14
16
15
12
10
7
0
-8
-11
-9
-5
-6
-10
-13
-10
-5
-2
-1
3
11
16
20
22
27
34
39
42
44
46
45
44
41
35
32
29
30
33
36
37
37
34
32
29
27
25
24
18
12
6
2
-1
-4
-4
-4
-8
-14
-18
-15
-12
-17
-24
-28
-26
-23
