
-89
-55
-224
-34
-262
-215
-279
-306
-310
-305
-310
-335
-336
-351
-318
-313
-372
-407
-332
-401
-363
-324
-378
-419
-344
-487
-506
-529
-573
-489
-484
-442
-414
-455
-414
-442
-460
-528
-536
-540
-568
-573
-571
-555
-563
-576
-607
-600
-540
-551
-565
-509
-538
-467
-457
-325
-355
-281
-320
-238
-104
-213
-126
-116
-134
-155
-155
-127
-180
-59
-108
-22
-33
-14
74
1
109
69
157
121
138
139
151
224
118
140
94
134
138
155
176
81
168
155
106
155
212
173
170
284
242
305
267
290
370
292
361
421
311
470
439
461
426
449
387
488
435
385
510
471
548
523
545
485
537
502
436
451
433
413
411
450
393
362
372
309
341
370
363
397
363
313
284
304
212
197
240
238
216
183
205
247
99
154
113
118
132
124
169
116
127
41
74
35
110
137
4
189
90
101
-15
-15
-32
-116
-56
-218
-175
-193
-120
-167
-233
-230
-283
-284
-253
-242
-299
-320
-297
-270
-306
-306
-379
-318
-373
-442
-426
-376
-447
-450
-391
-508
-439
-579
-512
-546
-527
-551
-620
-462
-484
-407
-420
-400
-344
-393
-323
-418
-366
-353
-423
-337
-333
-319
-317
-321
-310
-199
-339
-328
-235
-300
-306
-192
-307
-200
-281
-360
-251
-320
-319
-290
-362
-327
-272
-325
-264
-253
-244
-245
-204
-192
-96
-122
27
7
8
18
40
101
10
72
54
127
183
211
273
294
316
388
451
467
417
475
500
494
478
471
477
488
421
395
396
382
439
410
371
379
376
399
371
419
380
405
404
430
480
372
471
394
461
412
377
368
403
374
386
406
370
371
330
434
419
416
507
455
490
428
515
459
474
428
318
383
264
267
279
301
244
190
208
189
183
95
102
23
50
0
36
-3
-133
-57
-136
-150
-173
-145
-176
-172
-142
-188
-157
-157
-154
-216
-275
-180
-168
-159
-252
-201
-301
-370
-237
-335
-355
-396
-361
-346
-268
-322
-311
-201
-312
-258
-299
-348
-320
-333
-354
-341
-327
-337
-328
-353
-325
-315
-431
-383
-356
-386
-428
-357
-417
-368
-325
-398
-347
-401
-309
-346
-352
-354
-335
-325
-345
-337
-359
-379
-343
-366
-338
-267
-304
-220
-190
-224
-224
-163
-195
-247
-212
-272
-210
-238
-146
-155
-118
-222
-141
-161
-165
-103
-185
-84
-118
-14
-88
-28
-46
-35
-19
-26
162
17
148
168
253
256
219
277
193
271
222
280
225
227
319
373
345
341
306
345
272
353
372
285
293
355
405
418
451
466
497
457
462
441
486
436
493
545
603
534
565
592
567
628
525
595
511
485
566
514
468
483
463
469
447
344
407
368
416
332
315
354
262
346
232
282
267
178
72
125
102
6
-9
-6
-77
-82
-126
-90
-95
-125
-124
-137
-56
-102
-88
-108
-49
-71
-106
-126
-122
-217
-199
-208
-178
-216
-223
-240
-306
-305
-383
-311
-384
-353
-338
-322
-361
-313
-350
-300
-357
-380
-287
-375
-287
-310
-369
-396
-350
-378
-475
-388
-360
-329
-383
-354
-408
-417
-445
-418
-382
-410
-502
-442
-489
-480
-445
-489
-520
-506
-473
-504
-416
-393
-388
-458
-393
-284
-312
-337
-323
-396
-291
-334
-291
-308
-295
-212
-325
-213
-303
-200
-205
-127
-88
-67
-49
-3
11
28
113
-33
150
63
123
173
150
79
139
185
135
220
210
187
334
240
311
348
402
285
338
346
308
363
325
400
311
376
318
392
242
279
316
353
391
460
398
354
394
341
432
347
413
346
386
430
423
403
436
405
324
466
411
426
384
401
442
417
454
384
463
426
430
505
398
447
379
342
441
344
423
338
410
364
369
324
326
372
287
373
297
368
287
232
164
121
9
-57
15
-31
12
-91
-104
-53
-165
-165
-282
-212
-267
-246
-246
-333
-275
-270
-323
-330
-284
-442
-372
-382
-407
-431
-442
-459
-494
-438
-515
-489
-452
-431
-453
-513
-486
-554
-525
-575
-561
-526
-577
-459
-411
-469
-432
-445
-458
-473
-421
-364
-437
-437
-420
-346
-404
-316
-330
-333
-346
-333
-301
-298
-320
-321
-294
-249
-358
-291
-270
-233
-214
-222
-259
-158
-219
-195
-173
-182
-142
-107
-126
-95
-75
-153
-99
-133
-178
-112
-72
-56
-84
-14
104
21
121
71
162
206
238
257
227
305
353
311
345
332
304
285
366
299
322
356
288
361
308
420
437
369
440
406
460
424
559
401
468
489
341
506
376
495
411
433
441
448
497
446
446
426
515
435
422
507
446
418
531
420
460
413
384
454
370
372
349
356
302
283
228
256
127
124
176
89
144
89
99
66
97
26
94
61
-25
62
25
13
-66
-5
-33
-74
-93
24
-64
-64
8
-44
-117
-172
-111
-207
-187
-224
-260
-200
-235
-210
-288
-256
-308
-266
-206
-277
-228
-309
-222
-213
-216
-277
-238
-236
-274
-254
-311
-295
-299
-401
-288
-407
-341
-355
-425
-405
-429
-428
-404
-414
-400
-368
-456
-352
-434
-461
-442
-390
-446
-529
-435
-471
-459
-521
-450
-406
-464
-413
-468
-418
-442
-352
-331
-387
-278
-336
-207
-229
-204
-163
-145
-90
-100
-20
-114
9
-9
-40
13
-12
72
-31
24
99
89
75
74
85
96
160
97
192
97
125
239
153
202
236
288
223
282
274
276
294
273
266
307
340
346
312
420
423
320
387
290
364
391
350
365
420
372
477
556
494
536
581
626
658
632
659
696
626
615
599
594
467
458
412
388
346
320
346
353
409
367
388
440
330
425
316
260
300
246
271
177
195
163
153
108
176
185
155
150
63
115
70
96
-39
23
27
-46
39
-79
92
-84
-72
-75
-106
-162
-260
-191
-303
-212
-387
-321
-250
-337
-289
-400
-261
-359
-347
-378
-419
-408
-511
-515
-495
-513
-522
-500
-491
-495
-475
-425
-460
-483
-405
-541
-442
-546
-473
-545
-516
-496
-502
-484
-555
-536
-581
-463
-560
-487
-589
-537
-540
-453
-441
-484
-390
-395
-360
-305
-214
-185
-218
-224
-185
-281
-269
-298
-208
-240
-192
-215
-156
-150
-121
-111
-86
15
-62
-50
124
38
103
110
28
139
54
138
55
224
180
166
181
169
231
199
160
269
307
207
239
183
266
176
194
309
196
277
260
278
247
202
248
203
204
194
250
293
363
383
393
361
419
383
454
377
389
398
343
423
357
418
374
401
434
457
420
417
449
410
361
380
315
402
265
254
353
321
367
378
368
313
361
342
359
278
352
294
266
295
268
246
194
236
191
227
192
264
224
215
167
176
149
154
97
33
82
-18
10
-89
-65
-127
-163
-174
-134
-125
-214
-183
-217
-157
-187
-208
-206
-186
-218
-238
-264
-309
-334
-423
-311
-380
-314
-360
-423
-350
-343
-353
-380
-308
-330
-349
-332
-344
-387
-424
-376
-435
-438
-420
-326
-442
-346
-344
-364
-405
-354
-367
-427
-431
-376
-407
-427
-336
-401
-404
-452
-382
-422
-324
-478
-367
-324
-310
-276
-282
-262
-328
-301
-300
-254
-278
-227
-211
-148
-68
-138
-54
38
-10
114
15
62
11
-19
81
40
42
106
199
280
227
307
320
155
203
145
234
171
220
140
260
186
251
283
163
273
253
238
309
406
309
398
373
369
394
353
326
446
374
418
406
327
383
404
317
290
284
356
331
230
381
278
324
379
367
363
323
374
280
309
323
298
262
327
346
265
323
237
257
234
224
208
200
136
175
158
99
179
106
138
15
124
60
114
62
61
103
7
138
24
52
9
19
-39
-69
-83
-131
-148
-121
-139
-236
-165
-187
-175
-183
-234
-223
-285
-239
-316
-277
-305
-240
-258
-318
-241
-254
-261
-278
-256
-259
-325
-307
-325
-298
-332
-347
-328
-404
-391
-430
-428
-429
-383
-502
-452
-462
-446
-549
-421
-441
-452
-363
-413
-323
-308
-352
-342
-375
-390
-366
-421
-327
-407
-257
-299
-283
-205
-208
-150
-149
-77
-168
-161
-69
-163
-6
-130
-32
-42
-35
62
-66
34
-73
-11
-38
-78
-49
-16
-53
8
54
-28
114
61
52
81
87
78
163
84
59
59
1
72
87
151
160
230
298
252
273
284
211
232
180
193
150
235
220
323
369
370
451
465
417
468
412
434
440
405
502
498
612
652
628
601
599
553
456
475
443
464
403
360
367
417
338
271
375
278
233
227
247
312
259
312
295
301
338
224
271
186
187
202
121
135
96
149
80
93
77
67
49
45
96
45
18
-21
18
82
-68
-47
-54
-106
-86
-204
-139
-253
-254
-222
-373
-297
-370
-375
-413
-449
-432
-452
-455
-472
-360
-434
-452
-448
-435
-496
-562
-555
-550
-525
-459
-458
-463
-405
-388
-384
-397
-330
-378
-413
-370
-382
-422
-361
-430
-394
-424
-425
-323
-329
-378
-289
-277
-255
-298
-250
-254
-352
-233
-311
-131
-240
-247
-195
-244
-210
-236
-226
-276
-264
-256
-218
-193
-144
-96
-173
-117
-30
-4
71
73
186
167
109
153
142
192
51
132
126
162
166
244
212
197
217
253
275
262
271
333
401
376
382
361
395
347
352
354
379
395
369
403
396
363
394
374
316
337
310
360
398
283
330
282
342
305
317
308
319
256
289
284
277
342
286
284
281
358
356
252
333
275
273
340
296
345
356
369
436
436
450
507
499
388
426
406
367
411
350
411
372
378
394
401
419
338
322
266
189
226
75
44
-17
-33
-85
-217
-187
-205
-247
-303
-315
-400
-400
-384
-434
-467
-464
-491
-472
-540
-517
-567
-521
-531
-571
-491
-547
-508
-576
-520
-555
-568
-573
-598
-581
-480
-496
-530
-450
-520
-413
-393
-421
-399
-377
-476
-376
-320
-367
-347
-336
-384
-300
-343
-308
-216
-227
-180
-204
-136
-141
-115
-101
-169
-111
-216
-225
-205
-209
-291
-246
-254
-399
-282
-373
-322
-353
-320
-275
-284
-281
-276
-240
-279
-214
-221
-210
-178
-217
-120
-112
-68
-52
48
-10
116
162
184
185
302
221
342
303
344
314
290
339
234
350
321
429
347
429
406
431
441
419
570
442
616
625
557
583
597
554
584
607
561
561
523
540
478
469
436
445
431
443
405
369
410
364
297
395
336
370
360
344
323
243
250
181
169
158
169
142
166
111
147
158
171
197
123
187
220
207
175
250
179
144
119
111
45
78
115
71
92
160
142
135
157
63
26
-31
-11
-45
-35
-66
-169
-115
-191
-201
-246
-267
-284
-331
-248
-301
-240
-317
-301
-208
-220
-203
-244
-236
-194
-214
-210
-236
-245
-273
-278
-386
-404
-404
-354
-464
-495
-399
-382
-459
-468
-408
-427
-389
-458
-358
-397
-406
-424
-505
-415
-438
-410
-497
-423
-479
-489
-417
-456
-378
-398
-320
-323
-256
-290
-223
-234
-230
-184
-215
-92
-155
-61
-97
-72
-31
-122
-150
-81
-56
-121
-50
-146
-71
2
-71
-30
-42
-4
-51
38
-95
9
8
-66
-13
-41
2
72
53
155
196
183
246
253
264
265
301
334
319
251
286
265
347
299
267
307
253
249
333
251
221
274
231
273
221
365
373
459
379
517
531
398
528
454
489
471
476
424
416
480
525
421
423
471
444
531
549
473
552
562
538
502
489
510
504
411
465
509
379
406
303
272
158
168
134
56
76
-4
87
0
-7
-109
-41
-27
-46
-41
-40
-63
-37
21
-132
-62
-195
-248
-208
-283
-258
-265
-348
-306
-283
-290
-253
-308
-339
-333
-354
-451
-366
-429
-445
-419
-486
-408
-474
-436
-460
-428
-453
-462
-464
-510
-431
-511
-495
-419
-507
-453
-433
-477
-426
-459
-502
-402
-413
-356
-358
-349
-290
-370
-291
-353
-334
-282
-268
-260
-176
-232
-241
-154
-277
-242
-287
-329
-291
-303
-294
-322
-313
-331
-287
-233
-209
-134
-235
-133
-60
-152
-97
-48
-113
47
-28
28
58
6
42
10
60
50
64
122
163
253
227
302
261
301
386
287
399
405
471
420
468
492
499
529
458
404
439
400
436
327
408
387
275
350
337
459
343
395
329
391
374
370
402
387
432
296
398
347
429
318
327
343
320
296
247
356
236
301
321
367
427
430
358
380
381
353
289
272
315
350
384
387
366
330
338
385
309
294
331
242
260
201
244
151
96
138
106
135
41
101
-17
-11
-57
-69
-50
-205
-85
-206
-237
-246
-273
-296
-290
-291
-315
-352
-376
-383
-391
-356
-411
-371
-380
-351
-424
-411
-499
-473
-552
-508
-487
-563
-468
-499
-552
-528
-517
-535
-506
-536
-534
-530
-573
-608
-502
-563
-594
-551
-538
-514
-521
-507
-467
-448
-530
-477
-461
-424
-504
-409
-429
-449
-408
-366
-296
-302
-302
-200
-231
-217
-236
-259
-214
-227
-95
-120
-98
-81
-101
-102
-37
-18
-42
78
-69
127
101
94
141
157
202
213
265
219
337
294
267
380
270
272
324
287
362
311
371
295
277
268
276
312
325
361
342
379
362
346
396
361
370
319
424
411
444
409
469
516
469
535
525
526
486
539
509
538
476
500
569
498
540
505
517
483
528
500
535
481
516
464
420
381
389
335
272
328
248
290
187
242
205
179
224
186
114
181
169
125
77
13
34
-87
-6
-20
-110
-26
-120
-86
-98
-160
-185
-217
-124
-252
-189
-244
-219
-217
-199
-200
-276
-216
-313
-325
-366
-358
-366
-422
-304
-424
-287
-377
-296
-323
-420
-353
-383
-391
-465
-507
-576
-512
-574
-562
-560
-615
-574
-589
-443
-478
-479
-438
-439
-376
-450
-462
-443
-441
-506
-429
-365
-451
-368
-333
-470
-384
-473
-431
-407
-352
-365
-213
-280
-290
-248
-249
-127
-199
-190
-225
-143
-141
-133
-139
-66
-68
-121
-41
-38
5
-7
-54
16
-11
6
91
100
153
147
119
177
249
209
246
147
161
205
96
215
126
151
158
152
206
297
277
379
367
333
441
230
465
385
330
405
281
394
311
441
400
444
497
418
546
471
603
533
437
469
476
463
392
422
441
411
374
404
401
438
447
388
428
428
350
454
447
366
385
404
365
403
395
357
320
306
223
246
190
174
152
82
87
19
45
29
55
-72
74
-36
-78
-42
-113
-94
-176
-109
-4
-113
-81
-61
-135
-106
-248
-124
-188
-283
-236
-227
-99
-168
-212
-171
-185
-148
-175
-88
-229
-162
-176
-230
-200
-203
-266
-271
-263
-335
-339
-369
-407
-389
-356
-382
-382
-412
-347
-348
-387
-338
-439
-391
-378
-477
-382
-467
-412
-455
-419
-414
-428
-397
-417
-341
-322
-340
-360
-331
-402
-345
-322
-379
-373
-369
-395
-378
-390
-337
-310
-433
-318
-300
-257
-250
-265
-218
-230
-141
-176
-40
-111
-2
28
-69
34
-12
104
-16
24
-17
56
1
37
116
71
110
158
209
165
131
121
204
137
228
179
193
211
185
306
271
209
352
250
358
347
345
298
390
339
343
361
312
360
373
398
483
494
479
445
487
569
429
425
373
364
338
411
376
416
419
416
369
462
446
488
499
444
524
458
419
353
409
415
342
369
447
497
455
448
482
345
427
361
389
326
294
368
263
255
179
211
89
133
76
-11
10
-99
-15
-61
-31
-87
-40
-78
-82
-62
-177
-111
-265
-247
-180
-279
-316
-300
-372
-400
-425
-397
-491
-505
-493
-554
-433
-553
-518
-587
-571
-589
-613
-547
-581
-565
-542
-525
-482
-416
-537
-473
-449
-508
-398
-492
-479
-530
-491
-478
-438
-440
-451
-357
-396
-304
-335
-285
-320
-275
-268
-309
-267
-351
-338
-284
-281
-264
-264
-195
-279
-212
-255
-243
-285
-273
-240
-282
-162
-242
-102
-193
-87
-215
-129
-51
-66
4
-44
63
123
196
108
268
217
292
340
315
385
339
327
371
357
381
341
318
356
380
346
410
471
417
409
467
430
434
510
360
438
486
469
467
536
440
494
484
352
484
427
355
408
443
357
349
383
286
381
379
413
437
368
398
353
398
281
339
278
202
286
209
219
170
154
131
153
99
158
183
237
176
249
238
74
99
107
-11
70
4
21
2
25
39
-88
-19
-121
33
-109
-93
-122
-174
-92
-211
-99
-242
-217
-232
-258
-177
-233
-217
-246
-282
-352
-317
-369
-400
-344
-418
-287
-221
-334
-222
-246
-255
-306
-318
-369
-361
-347
-444
-353
-423
-318
-352
-415
-372
-334
-386
-347
-297
-393
-291
-341
-333
-349
-337
-314
-356
-312
-371
-361
-352
-437
-396
-384
-370
-440
-371
-408
-344
-326
-307
-318
-287
-268
-240
-211
-284
-128
-255
-226
-238
-186
-144
-171
-156
-87
-67
-53
16
-35
-18
27
17
41
112
-53
86
132
109
156
114
198
116
164
199
201
204
174
226
188
191
171
295
368
328
373
377
448
353
363
405
431
482
379
502
399
430
446
415
460
423
523
457
515
514
504
446
452
409
412
411
379
375
376
347
307
235
283
240
236
256
207
311
226
317
282
249
196
141
190
106
165
177
92
89
79
95
129
136
64
6
38
89
58
-15
36
53
49
7
56
44
-1
-3
8
44
7
45
-2
19
-52
-48
-45
-101
-123
-176
-147
-200
-126
-160
-289
-181
-164
-238
-206
-319
-279
-276
-362
-412
-371
-448
-400
-411
-427
-383
-419
-319
-348
-318
-312
-317
-356
-289
-349
-377
-408
-434
-402
-445
-409
-423
-376
-387
-341
-273
-313
-281
-206
-282
-195
-239
-303
-202
-362
-237
-379
-251
-297
-282
-257
-263
-206
-280
-147
-257
-198
-209
-200
-176
-160
-186
-117
-128
-60
-149
-75
-12
-99
26
10
-48
39
13
-16
147
57
158
127
123
165
193
190
236
289
203
294
241
278
286
268
294
240
295
297
324
336
230
295
289
262
401
290
358
373
301
273
206
269
197
273
133
258
228
287
282
304
336
334
374
339
430
347
350
383
315
377
328
312
374
358
288
323
362
421
344
375
388
380
319
302
376
313
291
293
270
224
305
219
208
204
101
70
99
65
-1
36
-47
-17
-53
-52
-111
-85
-145
-96
-20
-114
-42
-22
11
-100
-49
-130
-99
-262
-259
-294
-248
-224
-292
-223
-266
-184
-296
-174
-194
-192
-248
-241
-191
-186
-212
-200
-219
-236
-200
-241
-209
-233
-220
-281
-200
-243
-251
-283
-273
-305
-302
-271
-297
-240
-262
-301
-233
-164
-39
226
150
303
500
543
637
646
647
507
314
109
26
-131
-428
-693
-951
-1003
-1089
-1324
-1444
-1440
-1529
-1621
-1616
-1482
-1431
-1593
-1544
-1537
-1338
-1348
-1332
-1332
-1151
-996
-926
-651
-610
-418
-427
-293
-245
-188
-121
-87
-105
-177
64
430
562
702
913
1378
1780
2103
2463
2840
3102
3075
2998
3195
3281
3017
2570
2302
2269
2042
1664
1212
1104
766
355
-124
-290
-392
-749
-1166
-1522
-1465
-1547
-1697
-1862
-1782
-1604
-1623
-1488
-1317
-985
-874
-729
-488
-149
187
388
581
746
899
1034
1134
1258
1402
1299
1128
1148
1179
1092
827
638
641
440
264
137
48
28
-152
-396
-424
-387
-469
-534
-642
-692
-725
-732
-649
-548
-521
-587
-439
-317
-96
46
74
187
345
409
498
597
657
780
733
655
804
869
791
766
885
893
938
966
965
1039
897
844
654
609
397
98
-378
-602
-883
-1277
-1561
-1806
-1973
-2170
-2394
-2447
-2453
-2541
-2540
-2570
-2517
-2493
-2397
-2397
-2250
-2155
-1990
-1882
-1618
-1355
-1223
-842
-773
-534
-312
-111
83
166
282
300
500
437
520
571
656
642
606
761
822
873
810
866
874
813
760
777
673
665
500
360
340
247
107
-117
-175
-195
-230
-367
-351
-240
-148
40
199
401
744
1044
1290
1513
1689
1880
1856
1956
2027
2062
1914
1711
1736
1669
1429
1218
1110
1019
739
463
272
195
-19
-318
-506
-493
-500
-702
-771
-755
-756
-866
-953
-962
-789
-815
-1004
-878
-724
-580
-557
-390
-270
-123
64
176
371
496
550
589
656
682
689
620
520
508
459
457
481
589
706
750
929
1026
1270
1380
1437
1557
1617
1630
1472
1411
1259
1040
784
495
356
137
28
-158
-334
-348
-560
-720
-801
-950
-1091
-1305
-1463
-1571
-1814
-1910
-2143
-2178
-2275
-2195
-2237
-2087
-1906
-1848
-1662
-1521
-1327
-1151
-1028
-955
-851
-776
-780
-790
-826
-882
-985
-1090
-1283
-1376
-1497
-1768
-1729
-1646
-1258
-1021
-876
-452
83
771
1343
2020
2544
2925
3113
3127
3411
3356
3265
2601
2330
2277
2171
1836
1319
1212
876
651
162
-37
-256
-634
-1167
-1698
-1874
-1947
-2340
-2772
-2951
-2932
-2871
-2803
-2403
-2093
-1761
-1424
-984
-312
315
582
863
1145
1442
1582
1688
1710
1669
1489
1208
1122
1193
1071
957
748
654
660
620
557
328
246
-13
-190
-405
-567
-633
-826
-1041
-1164
-1147
-1037
-860
-719
-621
-305
-33
460
882
1201
1478
1814
2136
2277
2475
2539
2615
2453
2263
2167
2058
1848
1599
1264
1057
821
641
370
220
-42
-224
-525
-757
-806
-1053
-1317
-1692
-1885
-2039
-2148
-2260
-2514
-2485
-2463
-2331
-2196
-2015
-1754
-1558
-1420
-1277
-1002
-856
-780
-834
-838
-842
-985
-1199
-1320
-1462
-1677
-1872
-1994
-1933
-1711
-1491
-1013
-515
57
657
1472
2333
3126
3796
4269
4704
4896
5060
5025
4836
4427
3933
3495
3198
2907
2278
1679
1230
795
397
-150
-620
-1060
-1640
-2210
-2664
-2883
-3315
-3773
-4186
-4386
-4349
-4261
-4121
-3746
-3275
-2869
-2287
-1637
-827
-219
204
668
1057
1333
1540
1544
1367
1277
1017
643
368
415
288
-12
-235
-219
-35
-74
-128
-144
-72
-184
-217
-333
-520
-712
-956
-1244
-1455
-1578
-1717
-1762
-1707
-1527
-1256
-794
-268
141
642
1005
1424
1918
2098
2278
2303
2313
2259
2138
1987
1750
1568
1342
1237
1189
1240
1190
1268
1167
1180
1174
967
904
524
161
-167
-591
-989
-1328
-1716
-2016
-2300
-2454
-2400
-2374
-2175
-2103
-1854
-1591
-1307
-1170
-1022
-895
-917
-1021
-1187
-1336
-1435
-1574
-1894
-1937
-1964
-1884
-1860
-1951
-1787
-1589
-1249
-727
-40
512
952
1652
2562
3525
4197
4827
5315
5691
5903
5973
6073
6000
5718
5122
4686
4576
4317
3602
2933
2370
1898
1206
438
-172
-745
-1551
-2472
-3109
-3596
-4022
-4581
-5116
-5213
-5170
-4981
-4722
-4179
-3734
-3225
-2761
-2022
-1248
-842
-495
-278
185
302
558
602
612
628
424
446
535
753
869
763
753
1064
1276
1520
1498
1404
1391
965
698
373
107
-459
-1076
-1606
-2029
-2189
-2309
-2453
-2476
-2339
-2129
-1661
-1070
-584
-298
-45
399
705
841
955
938
940
803
742
826
1020
1030
998
1098
1310
1605
1738
1737
1749
1621
1446
1130
846
362
-173
-819
-1441
-1832
-2116
-2531
-2818
-3021
-3049
-2884
-2768
-2541
-2408
-2205
-2098
-2006
-1875
-1926
-1966
-2199
-2399
-2614
-2734
-2980
-3128
-3271
-3414
-3282
-2773
-2021
-1336
-798
-229
874
1998
3274
4293
5053
5761
6212
6676
7059
7313
7045
6488
6012
5768
5672
5146
4524
3947
3473
2918
2341
1893
1386
717
-222
-997
-1581
-2011
-2644
-3430
-4100
-4636
-4798
-4788
-4698
-4522
-4308
-3957
-3244
-2403
-1683
-933
-497
85
581
948
1352
1619
1668
1469
1281
1108
1211
1304
1077
825
819
1038
1185
1404
1372
1411
1343
1112
1036
941
685
278
-450
-1032
-1416
-1683
-2101
-2523
-2768
-2886
-2669
-2260
-1718
-1295
-917
-469
223
710
1088
1382
1387
1018
820
659
476
292
-290
-610
-662
-462
-258
-271
19
192
292
350
456
544
452
-194
-697
-927
-1276
-1568
-2144
-2571
-2703
-2718
-2690
-2650
-2495
-2109
-1976
-1807
-1569
-1467
-1370
-1622
-1971
-2279
-2698
-3245
-3878
-4439
-4383
-4013
-3804
-3414
-2838
-1687
-309
1110
2575
3852
4898
5632
6430
7207
7548
7239
6511
6009
5818
5564
4865
4005
3515
3069
2601
2105
1653
1312
773
-30
-499
-857
-1132
-1718
-2510
-3154
-3470
-3725
-4073
-4390
-4364
-4283
-4312
-3887
-3286
-2436
-1930
-1398
-679
72
810
1410
1823
1880
2032
1774
1729
1453
1034
686
-46
-285
-436
-522
-457
-435
-193
-17
369
766
1284
1610
1677
1834
1706
1738
1526
1175
801
412
182
-36
-3
-158
-33
92
382
756
1002
1436
1546
1695
1572
1502
1358
835
330
-309
-832
-1273
-1735
-2045
-2225
-2267
-2149
-1873
-1626
-1153
-676
-344
-18
235
487
452
370
15
-346
-756
-1172
-1516
-2004
-2329
-2524
-2551
-2586
-2387
-2427
-2232
-2052
-2053
-2019
-2420
-2738
-3032
-2882
-2871
-2922
-2956
-2750
-2086
-1318
-370
634
1685
2518
3273
4133
5239
5964
5978
5710
5814
6064
5903
5117
4352
3788
3122
2330
1488
972
350
-391
-1189
-1473
-1506
-1577
-1966
-2288
-2268
-2281
-2203
-2313
-2272
-2422
-2774
-2929
-2743
-2486
-2384
-2348
-2102
-1750
-1236
-698
-120
409
759
1121
1327
1537
1668
1499
1033
532
149
-427
-894
-1337
-1476
-1764
-1904
-1742
-1365
-888
-336
199
483
999
1320
1726
1849
1708
1695
1491
1338
1208
968
794
555
569
498
623
743
828
817
830
960
904
722
367
96
-293
-719
-1125
-1543
-1964
-2317
-2428
-2527
-2443
-2164
-1793
-1320
-871
-348
76
567
916
1040
968
823
642
419
-95
-603
-1010
-1402
-1715
-2057
-2331
-2529
-2633
-2725
-2775
-2641
-2201
-1681
-1173
-913
-399
326
1089
1963
2710
3180
3451
3769
4008
4656
4843
4707
4424
4354
4807
4767
4425
4068
3819
3182
2506
1869
1313
765
-367
-1236
-2027
-2254
-2460
-2990
-3134
-3265
-2952
-2688
-2281
-1660
-1113
-1001
-829
-276
251
441
304
262
228
188
178
53
41
105
-30
-46
150
414
479
84
-189
-198
-441
-708
-1230
-1638
-2128
-2427
-2718
-2832
-2910
-2827
-2604
-2478
-1940
-1351
-655
-223
224
651
1034
1531
1765
1902
1647
1500
1381
1254
1031
684
321
-168
-320
-329
-447
-556
-839
-990
-1222
-1336
-1428
-1659
-1987
-2555
-2486
-2623
-2655
-2626
-2561
-2272
-2102
-1684
-1243
-599
-133
31
173
350
690
801
431
-5
-302
-611
-983
-1606
-2060
-2487
-2718
-2385
-2004
-1522
-1219
-588
316
1213
2485
3458
4203
4693
5093
5474
6008
6024
5514
4943
4576
4788
4427
3702
3254
2872
2405
1707
1109
866
236
-576
-1285
-1995
-2229
-2572
-3145
-3550
-3774
-3706
-3421
-3109
-2484
-1902
-1543
-819
101
1029
1633
2027
2673
3036
3245
3465
3560
3538
3243
2799
2378
2078
1795
1456
806
239
23
-276
-623
-955
-1293
-1609
-2069
-2344
-2638
-2871
-3186
-3380
-3493
-3554
-3255
-2936
-2589
-2090
-1318
-727
52
850
1547
2045
2307
2616
2748
2681
2491
2222
1872
1502
1112
758
261
-130
-448
-800
-1230
-1553
-1627
-1875
-2238
-2539
-2724
-2952
-3190
-3306
-3452
-3491
-3460
-3413
-3237
-3020
-2722
-2482
-2189
-1778
-1524
-1340
-1141
-946
-710
-892
-1133
-1367
-1673
-1623
-1371
-1193
-1152
-1174
-624
74
911
1739
2513
3163
3620
4127
4648
5228
5169
4823
4270
4312
4496
3989
3321
2690
2273
1723
915
319
-95
-903
-1773
-2346
-2745
-2849
-3347
-3845
-4052
-4020
-3843
-3767
-3545
-2954
-2649
-2458
-1862
-1088
-266
240
766
1520
2309
2895
3548
4111
4556
4792
4937
5017
5068
5071
4705
4082
3574
3029
2297
1602
937
238
-691
-1420
-1899
-2227
-2611
-2963
-3226
-3316
-3214
-2980
-2657
-2452
-2206
-1755
-1396
-905
-381
20
410
779
1109
1436
1729
2004
2229
2171
2270
2162
2130
1942
1678
1241
728
192
-338
-795
-1487
-2041
-2600
-2997
-3175
-3343
-3416
-3349
-3311
-3136
-2928
-2764
-2443
-2328
-2253
-2164
-2213
-2223
-2193
-2124
-2287
-2352
-2448
-2382
-2066
-1257
-739
-204
307
1047
1986
2854
3798
4517
4932
4992
5188
5358
5538
5139
4396
3770
3530
3722
3249
2742
2417
2135
1770
1250
868
411
-440
-1554
-2270
-2970
-3425
-4072
-4864
-5315
-5473
-5212
-5019
-4560
-3919
-3465
-3051
-2321
-1381
-607
-217
25
473
689
1128
1366
1529
1701
1713
1898
2166
2515
2857
3208
3099
3272
3490
3477
3275
2773
2300
1645
980
193
-589
-1297
-1893
-2582
-3120
-3325
-3369
-3238
-3341
-2865
-2315
-1912
-1331
-847
-346
86
403
630
894
778
879
779
688
852
867
869
898
1066
1161
1176
1102
1015
784
381
-92
-464
-887
-1413
-1955
-2350
-2698
-2792
-2836
-3004
-2841
-2715
-2475
-2156
-1991
-1667
-1568
-1656
-1518
-1555
-1587
-1790
-2063
-1929
-1381
-831
-415
-45
667
1693
2671
3669
4701
5398
5789
6047
6295
6652
6471
5745
4905
4372
4401
3911
3116
2617
2149
1746
1091
732
424
-164
-992
-1776
-2430
-2583
-3246
-4010
-4580
-5062
-4883
-4947
-4710
-4089
-3525
-3095
-2455
-1553
-540
183
460
800
1074
1544
1778
1929
1839
1787
1656
1599
1742
1833
2004
1752
1830
1760
1831
1744
1571
1295
873
558
82
-278
-819
-1173
-1663
-2089
-2386
-2443
-2268
-2316
-2171
-1914
-1362
-943
-484
-233
117
336
361
476
382
338
49
-159
-366
-329
-475
-684
-680
-701
-643
-710
-740
-851
-1075
-1376
-1635
-1870
-2219
-2586
-2970
-3275
-3350
-3481
-3443
-3520
-3433
-3269
-3176
-2861
-2823
-2626
-2713
-2777
-2709
-2727
-2318
-1930
-1382
-980
-470
360
1427
2478
3487
4397
5188
5913
6380
6842
7104
6884
6311
5667
5412
5169
4426
3622
2950
2551
2034
1440
825
531
-71
-724
-1343
-1718
-1913
-2501
-3219
-3681
-3825
-4001
-4178
-4265
-3776
-3397
-3092
-2476
-1741
-729
-50
412
1108
1579
2144
2540
2697
2790
2737
2655
2620
2570
2543
2458
2155
1995
2034
1964
1849
1601
1284
840
577
261
-132
-717
-1252
-1630
-2129
-2172
-2259
-2255
-2359
-2189
-1693
-1268
-615
-120
498
927
1334
1686
1929
2076
1955
1792
1380
1237
977
706
392
44
-138
-410
-508
-603
-617
-859
-1010
-1323
-1404
-1639
-1998
-2349
-2846
-3247
-3535
-3667
-3770
-3921
-4036
-4038
-3823
-3589
-3516
-3475
-3248
-3072
-3098
-3173
-3115
-2477
-2056
-1638
-1353
-779
304
1179
2137
3210
4079
4896
5490
5905
6528
6626
6276
5629
5124
5192
4735
3827
3038
2506
1996
1228
436
71
-559
-1378
-1985
-2583
-2721
-3007
-3700
-4105
-4464
-4494
-4305
-4351
-4067
-3717
-3389
-2954
-2218
-1365
-563
-301
267
710
1133
1781
1953
1979
1938
2036
2021
1953
1895
2044
1780
1544
1563
1608
1621
1367
1117
752
558
281
-80
-526
-758
-949
-1436
-1629
-1628
-1552
-1609
-1614
-1252
-937
-440
24
454
805
1070
1453
1562
1707
1593
1581
1360
1058
977
820
754
405
344
237
169
113
-13
-99
-398
-553
-946
-1104
-1325
-1640
-1873
-2236
-2321
-2506
-2631
-2841
-2805
-2908
-3001
-2923
-2858
-2785
-2897
-2850
-2970
-2516
-2086
-1502
-1025
-618
234
1054
2196
3210
4157
4727
5204
5695
6241
6658
6447
6086
5602
5469
5392
4751
4177
3578
3038
2302
1452
998
455
-507
-1430
-2196
-2763
-3154
-3782
-4394
-4790
-4927
-4830
-4924
-4575
-4002
-3686
-3212
-2541
-1654
-811
-248
440
1092
1303
1816
2189
2311
2404
2259
2323
2239
2149
1959
1677
1352
1074
842
507
215
-142
-469
-1038
-1388
-1756
-2159
-2481
-2780
-2949
-3120
-3136
-3028
-2696
-2584
-2351
-1907
-1416
-832
-273
275
723
1080
1327
1575
1775
1612
1556
1300
1141
1038
672
463
191
-126
-300
-463
-449
-512
-722
-911
-1092
-1131
-1390
-1571
-1768
-2064
-2432
-2654
-2874
-2934
-3063
-3210
-3296
-3268
-3046
-2839
-2871
-2667
-2591
-2592
-2214
-1723
-1078
-490
-248
431
1419
2281
3333
4168
4792
5346
5766
6143
6698
6615
6279
5664
5465
5665
5169
4513
4030
3613
3065
2401
1804
1467
625
-346
-1139
-1766
-2024
-2667
-3460
-4006
-4308
-4335
-4468
-4394
-3919
-3441
-3219
-2512
-1608
-600
48
462
1158
1565
2069
2388
2656
2716
2739
2747
2722
2866
2865
2848
2445
2248
2289
2203
1794
1262
809
137
-321
-973
-1546
-2344
-2842
-3281
-3637
-3679
-3628
-3401
-3291
-2919
-2256
-1652
-1075
-418
79
448
687
1031
1163
1175
1042
779
529
419
290
112
-129
-404
-403
-555
-648
-652
-750
-981
-1211
-1468
-1653
-1963
-2353
-2624
-3004
-3255
-3497
-3624
-3739
-3876
-3913
-3933
-3900
-3737
-3691
-3556
-3578
-3421
-2734
-2164
-1511
-1026
-333
646
1674
2730
3712
4572
5186
5750
6024
6427
6654
6342
5836
5160
5055
4728
3926
3330
2744
2247
1617
1056
635
49
-627
-1222
-1820
-2289
-2601
-3244
-3728
-4052
-4255
-4216
-4428
-4097
-3744
-3471
-2952
-2144
-1271
-573
152
840
1604
2044
2609
2873
2923
3049
2991
2978
2926
2793
2737
2523
2301
2321
2154
2068
1951
1654
1305
876
461
112
-503
-1001
-1427
-2022
-2361
-2445
-2526
-2551
-2458
-2359
-1962
-1478
-1095
-492
-211
368
852
1075
1388
1448
1510
1458
1236
1104
948
571
432
231
27
-145
-268
-453
-528
-671
-671
-902
-1181
-1254
-1594
-1819
-2014
-2317
-2637
-3017
-3117
-3165
-3420
-3508
-3529
-3551
-3502
-3597
-3461
-3340
-3360
-2929
-2294
-1699
-1090
-479
378
1371
2420
3505
4448
5165
5817
6203
6642
6968
6778
6399
5601
5430
5251
4526
3774
3204
2732
2023
1316
823
399
-486
-1224
-1930
-2550
-2819
-3536
-4164
-4797
-5044
-5092
-5308
-5179
-4725
-4235
-3941
-3133
-2183
-1104
-420
272
1028
1530
2220
2595
2799
2759
2809
2797
2769
2640
2577
2442
2192
2114
1886
1722
1478
1104
583
-92
-551
-960
-1524
-2178
-2674
-3067
-3343
-3539
-3465
-3309
-3149
-2827
-2412
-1816
-1282
-663
-256
73
471
736
782
872
745
626
354
237
248
53
-94
-312
-311
-383
-230
-322
-432
-571
-801
-967
-1328
-1587
-2011
-2285
-2597
-2862
-2882
-3035
-3100
-3124
-3118
-3111
-3044
-2917
-2931
-2973
-2922
-2410
-2033
-1500
-1025
-528
380
1332
2442
3650
4598
5353
6151
6680
7310
7706
7515
7089
6598
6402
6068
5226
4531
3765
3065
2357
1673
1231
634
-137
-720
-1279
-1644
-1857
-2500
-3198
-3696
-3846
-4044
-4323
-4431
-4112
-4091
-3862
-3072
-2297
-1495
-982
-235
595
1263
2009
2536
2877
3040
3154
3209
3247
3268
3159
2767
2361
2307
2255
1959
1620
1389
1164
717
183
-169
-671
-1200
-1732
-2302
-2754
-3112
-3181
-3462
-3590
-3385
-3128
-2732
-2454
-1852
-1324
-973
-468
-63
194
342
461
357
388
230
199
7
-289
-364
-471
-606
-701
-681
-867
-862
-927
-936
-1221
-1492
-1682
-2100
-2532
-2972
-3343
-3671
-3970
-4166
-4304
-4460
-4508
-4374
-4343
-4321
-4176
-4088
-3823
-3343
-2814
-2141
-1628
-955
90
1055
2239
3291
4299
5159
5865
6411
6954
7327
7301
6952
6352
6285
6106
5233
4529
3904
3421
2651
1892
1381
904
87
-581
-1186
-1649
-1973
-2553
-3127
-3693
-3794
-3967
-4249
-4169
-3807
-3585
-3217
-2635
-1789
-942
-367
371
1056
1623
2331
2847
3003
3128
3220
3329
3318
3322
3308
3205
2956
2950
2928
2822
2575
2231
1871
1330
956
429
-210
-880
-1383
-1876
-2316
-2523
-2509
-2579
-2620
-2343
-1866
-1379
-1006
-529
-68
215
474
680
653
603
458
156
-108
-311
-479
-676
-1007
-904
-1057
-1023
-967
-910
-799
-921
-970
-1090
-1296
-1648
-1729
-2180
-2542
-2853
-3082
-3163
-3477
-3592
-3584
-3668
-3665
-3704
-3705
-3795
-3843
-3571
-3275
-2768
-2291
-1813
-1133
-209
777
1956
2879
3755
4578
5117
5730
6409
6655
6392
6006
5743
5807
5206
4441
3848
3166
2630
1882
1265
797
17
-647
-1241
-1855
-1941
-2467
-3158
-3567
-3943
-3951
-4247
-4558
-4180
-4033
-3970
-3397
-2780
-1830
-1116
-637
154
728
1462
2037
2414
2735
2804
2849
2891
3042
3053
2882
2496
2411
2372
2162
1954
1591
1326
923
359
-78
-433
-872
-1237
-1831
-2168
-2333
-2394
-2451
-2442
-2385
-2098
-1743
-1421
-921
-455
-111
323
669
863
1176
1129
1075
1005
818
801
592
268
236
139
72
-1
-177
-275
-341
-402
-520
-831
-1134
-1366
-1753
-2075
-2378
-2658
-3039
-3412
-3380
-3457
-3646
-3640
-3743
-3585
-3651
-3577
-3509
-3439
-3141
-2591
-2056
-1580
-932
-40
843
1845
2955
4052
4942
5612
6330
6656
7268
7250
6997
6367
6011
5943
5243
4444
3865
3448
2822
2084
1438
1064
318
-310
-904
-1561
-1789
-2300
-2885
-3420
-3705
-3842
-4113
-4270
-3889
-3579
-3419
-2825
-2159
-1349
-632
-44
726
1150
1737
2327
2555
2756
2844
3034
3034
3008
2955
2966
2705
2455
2391
2019
1761
1305
845
147
-411
-954
-1573
-2180
-2706
-3047
-3502
-3660
-3647
-3649
-3457
-3233
-2774
-2179
-1794
-1283
-797
-434
-32
191
274
315
351
230
96
-118
-115
-177
-463
-497
-545
-580
-491
-600
-591
-730
-940
-1049
-1446
-1595
-1954
-2411
-2786
-3130
-3382
-3465
-3735
-3974
-4112
-4205
-4154
-4311
-4382
-4398
-4015
-3462
-2967
-2427
-1851
-829
95
1264
2349
3412
4273
4871
5535
6179
6796
6809
6610
6203
6203
6171
5275
4647
4009
3438
2743
1859
1386
906
6
-776
-1284
-1687
-1763
-2309
-2781
-3108
-3173
-3077
-3319
-3258
-3113
-2944
-2832
-2197
-1526
-710
-193
414
1358
1895
2778
3347
3517
3818
3901
4026
3865
3787
3816
3566
3211
2985
3017
2914
2588
2200
2007
1753
1443
954
253
-181
-553
-1201
-1808
-2222
-2333
-2438
-2712
-2653
-2372
-2000
-1698
-1268
-817
-462
-208
108
303
301
226
-88
-263
-438
-443
-785
-1130
-1222
-1140
-1213
-1216
-1095
-1140
-1039
-981
-907
-781
-938
-1105
-1351
-1712
-1885
-2279
-2764
-3237
-3653
-3843
-4187
-4425
-4634
-4767
-5089
-4812
-4248
-3760
-3144
-2836
-1870
-1117
-64
1163
2174
3068
3625
4229
4811
5534
5703
5686
5327
5158
5431
4961
4523
4040
3426
2693
1948
1403
929
147
-736
-1350
-2092
-2378
-2758
-3267
-3665
-4011
-3948
-3968
-3937
-3688
-3462
-3400
-2948
-2310
-1612
-819
-416
389
973
1580
2205
2496
2672
2875
3107
3118
3060
3063
3116
2901
2907
2886
2907
2861
2736
2701
2451
2235
1922
1499
991
570
31
-633
-1170
-1591
-1919
-2177
-2234
-2084
-1874
-1560
-1140
-589
-185
172
549
693
697
758
592
178
-206
-677
-986
-1353
-1665
-1774
-1817
-1760
-1538
-1437
-1081
-690
-536
-322
-301
-137
-130
-480
-737
-1054
-1371
-1895
-2418
-2645
-2923
-3261
-3445
-3590
-3529
-3596
-3547
-3072
-2631
-2031
-1610
-1187
-296
481
1417
2270
2994
3705
4212
4624
5371
5810
5897
5788
5501
5929
5733
5180
4760
4161
3624
2834
2012
1418
725
-245
-1041
-1921
-2380
-2760
-3463
-3783
-4076
-4136
-4180
-4360
-4022
-3733
-3688
-3343
-2826
-2208
-1577
-1230
-600
10
463
1043
1383
1609
1965
2031
2280
2383
2344
2549
2409
2440
2568
2683
2567
2500
2392
2103
1771
1431
1041
500
-11
-573
-1075
-1513
-1749
-1913
-2037
-2095
-1907
-1586
-1268
-860
-475
-175
49
346
313
367
236
-39
-421
-883
-1210
-1516
-1868
-2097
-2118
-2209
-2122
-1906
-1612
-1189
-1011
-775
-691
-642
-533
-676
-997
-1336
-1789
-2143
-2582
-2959
-3202
-3688
-3950
-4004
-3934
-3884
-3811
-3372
-2718
-2139
-1730
-1185
-478
435
1289
2052
2848
3543
4286
4739
5270
5863
6031
6044
5910
6126
6286
5734
5317
4778
4147
3483
2625
1720
979
46
-681
-1419
-1938
-2264
-2900
-3272
-3370
-3327
-3315
-3450
-3254
-2951
-2813
-2617
-2184
-1613
-1216
-923
-281
269
728
1334
1620
2002
2288
2573
2706
2835
2935
3008
2955
2837
2881
2776
2697
2482
2389
2096
1819
1593
1204
765
414
0
-377
-846
-1128
-1315
-1553
-1735
-1709
-1602
-1531
-1267
-1058
-773
-694
-370
-186
-120
-42
-129
-178
-405
-540
-796
-1041
-1412
-1485
-1663
-1877
-1922
-1882
-1731
-1683
-1609
-1356
-1285
-1184
-1097
-1222
-1387
-1612
-1949
-2395
-2806
-3122
-3549
-4011
-4317
-4472
-4585
-4663
-4359
-3759
-3144
-2612
-2162
-1280
-341
673
1572
2444
3114
3771
4263
4655
5315
5463
5345
5148
5234
5496
5239
4708
4322
3818
3358
2646
1881
1299
338
-539
-1286
-1948
-2386
-3003
-3656
-4029
-4059
-4036
-4125
-4035
-3687
-3499
-3213
-2631
-2097
-1521
-1119
-693
-18
504
1053
1473
1801
2079
2298
2556
2662
2775
2769
2774
2759
2828
2844
2651
2592
2447
2360
2031
1908
1687
1246
770
444
213
-195
-623
-858
-908
-1124
-1108
-1072
-960
-679
-560
-229
64
359
629
599
631
738
654
403
20
-248
-499
-897
-1172
-1336
-1578
-1544
-1646
-1537
-1293
-1022
-844
-671
-499
-355
-158
-366
-595
-938
-1210
-1674
-2185
-2541
-2882
-3105
-3516
-3693
-3776
-3800
-3823
-3356
-2827
-2285
-1770
-1433
-381
307
1205
2043
2758
3450
3953
4492
5014
5605
5613
5532
5261
5544
5664
5080
4617
4148
3771
3030
2306
1680
937
60
-839
-1674
-2281
-2694
-3269
-3873
-4206
-4359
-4296
-4475
-4377
-4010
-3881
-3554
-3040
-2463
-1796
-1331
-750
-73
168
810
1292
1558
1692
1929
2169
2212
2268
2436
2518
2351
2414
2301
2295
2098
1816
1466
1069
797
420
-67
-465
-773
-1181
-1619
-1692
-1779
-1816
-1862
-1791
-1523
-1171
-997
-620
-348
-170
98
117
254
236
175
-59
-269
-539
-650
-979
-1231
-1282
-1502
-1474
-1584
-1431
-1397
-1317
-1241
-1150
-1113
-1068
-993
-1090
-1159
-1518
-1641
-1856
-2187
-2400
-2635
-2969
-3082
-3197
-3330
-3277
-2724
-2262
-1714
-1304
-626
317
1106
2155
3062
3885
4418
5047
5467
5998
6308
6304
6044
5799
6074
5845
5289
4718
4206
3736
2929
2247
1672
1011
137
-563
-1237
-1625
-1996
-2651
-3065
-3275
-3332
-3375
-3509
-3383
-3154
-3157
-2876
-2372
-1815
-1329
-1018
-318
206
719
1358
1612
1920
2131
2367
2480
2573
2604
2579
2399
2241
2227
1993
1855
1685
1399
1092
787
583
305
-119
-457
-740
-994
-1338
-1615
-1600
-1738
-1876
-1859
-1727
-1546
-1340
-1170
-961
-758
-465
-181
-78
-36
184
174
36
-67
-234
-451
-823
-1011
-1324
-1516
-1769
-1902
-2000
-2087
-2077
-1994
-1969
-1830
-1697
-1742
-1865
-2035
-2083
-2429
-2657
-3056
-3291
-3635
-3855
-4043
-4129
-4288
-4391
-3839
-3349
-2719
-2279
-1633
-719
190
1254
2281
3068
3804
4475
4950
5453
6014
6057
5888
5458
5630
5612
4959
4563
3973
3455
2829
2137
1517
948
171
-537
-1264
-1915
-2157
-2730
-3232
-3609
-3717
-3624
-3884
-3724
-3447
-3296
-2940
-2430
-1955
-1336
-872
-270
471
877
1557
2088
2370
2745
3019
3345
3371
3322
3390
3356
3258
3134
2972
2840
2684
2437
2171
1794
1502
1247
765
339
147
-189
-640
-872
-911
-940
-1107
-1113
-946
-714
-500
-327
2
181
404
464
454
502
468
276
-9
-189
-385
-643
-923
-1225
-1279
-1450
-1556
-1550
-1533
-1439
-1467
-1409
-1454
-1343
-1280
-1436
-1580
-1819
-1932
-2155
-2474
-2641
-2840
-3143
-3287
-3418
-3534
-3594
-3716
-3372
-2990
-2599
-2192
-1763
-995
-238
786
1704
2581
3381
4033
4494
5059
5676
5700
5598
5175
5273
5216
4584
3983
3477
2897
2211
1563
1011
487
-283
-916
-1514
-2120
-2357
-2937
-3424
-3761
-3972
-3946
-4187
-4142
-3822
-3737
-3559
-3074
-2476
-1934
-1389
-835
-238
259
832
1366
1646
1818
2158
2338
2442
2485
2601
2585
2342
2355
2253
2139
1870
1631
1407
1143
784
418
54
-360
-521
-939
-1233
-1326
-1401
-1425
-1543
-1419
-1177
-890
-727
-358
-58
79
326
429
628
665
654
462
317
130
-48
-228
-515
-661
-950
-1120
-1128
-1092
-1147
-1261
-1272
-1233
-1229
-1321
-1315
-1366
-1588
-1783
-1934
-2167
-2456
-2596
-2859
-3078
-3284
-3399
-3433
-3679
-3395
-2903
-2365
-1845
-1485
-660
225
1309
2322
3246
4104
4743
5309
5780
6412
6673
6570
6084
5968
6189
5680
5058
4353
3780
3120
2310
1634
1038
310
-503
-1034
-1736
-1954
-2418
-2948
-3377
-3626
-3539
-3696
-3731
-3684
-3401
-3421
-2964
-2448
-1904
-1385
-961
-176
279
897
1570
1872
2193
2446
2771
2798
2884
2820
2872
2621
2418
2363
2066
1973
1650
1426
1041
870
622
272
-205
-502
-754
-1161
-1550
-1761
-1833
-2015
-2072
-2044
-1779
-1596
-1398
-1087
-838
-544
-235
5
85
109
235
140
-90
-213
-403
-768
-1083
-1244
-1501
-1567
-1868
-1793
-1914
-1911
-1762
-1724
-1726
-1640
-1537
-1773
-1780
-2094
-2198
-2583
-2986
-3245
-3475
-3824
-4003
-4091
-4225
-4204
-4161
-3544
-2979
-2461
-1942
-1363
-377
480
1620
2546
3417
4209
4749
5282
5895
6465
6341
6138
5733
5968
5796
5085
4512
3894
3433
2690
1969
1433
802
-53
-681
-1473
-1891
-2207
-2785
-3184
-3564
-3609
-3669
-3793
-3761
-3370
-3271
-2949
-2435
-1917
-1163
-699
27
590
1167
1749
2220
2515
2833
3104
3187
3289
3218
3386
3270
3137
3033
2910
2799
2596
2282
1972
1748
1354
959
518
190
-167
-635
-1002
-1181
-1289
-1422
-1534
-1404
-1173
-902
-584
-228
30
385
492
613
690
721
532
289
23
-262
-412
-747
-980
-1226
-1244
-1392
-1516
-1498
-1517
-1383
-1421
-1499
-1596
-1480
-1514
-1761
-2001
-2238
-2382
-2828
-3067
-3297
-3492
-3755
-4002
-3967
-4056
-4162
-4078
-3557
-3167
-2553
-2242
-1579
-564
262
1360
2266
3141
3838
4541
4894
5555
5954
5865
5555
5246
5503
5126
4414
3757
3209
2670
1892
1146
675
36
-834
-1346
-2095
-2331
-2695
-3218
-3607
-3870
-3917
-4025
-4163
-4099
-3793
-3762
-3422
-2929
-2244
-1610
-1117
-391
176
729
1433
1819
2123
2315
2612
2789
2766
2733
2841
2758
2480
2490
2298
2162
1996
1668
1458
1160
883
460
-38
-286
-551
-997
-1312
-1542
-1516
-1595
-1726
-1564
-1289
-954
-720
-332
-52
392
654
820
926
1047
1091
920
747
535
398
74
-152
-426
-562
-640
-830
-883
-904
-916
-929
-954
-993
-1001
-1138
-1287
-1452
-1733
-1896
-2223
-2472
-2708
-2928
-3049
-3233
-3386
-3423
-3462
-3514
-3082
-2571
-2076
-1594
-1082
-139
765
1722
2702
3613
4375
5015
5481
6148
6639
6588
6402
5898
5953
5862
5085
4393
3741
3229
2569
1635
1063
595
-206
-899
-1667
-2173
-2331
-2916
-3372
-3741
-3920
-3854
-4177
-4267
-3894
-3840
-3677
-3308
-2791
-1944
-1432
-943
-233
308
946
1576
1857
2159
2458
2585
2643
2577
2691
2660
2323
2137
2031
1862
1666
1287
1030
795
471
106
-222
-600
-806
-1210
-1696
-1895
-2011
-2083
-2191
-2216
-2074
-1693
-1493
-1165
-747
-371
-40
78
317
432
513
316
136
-31
-155
-461
-831
-903
-1150
-1300
-1484
-1549
-1486
-1560
-1469
-1457
-1454
-1418
-1434
-1622
-1747
-1898
-2201
-2455
-2722
-2896
-3074
-3220
-3480
-3437
-3433
-3452
-3447
-3440
-3165
-2684
-2148
-1658
-1191
-418
450
1341
2414
3418
4253
4791
5467
5986
6648
6857
6598
6196
5955
5979
5389
4717
4004
3577
2915
2082
1546
1150
494
-297
-981
-1566
-1745
-2142
-2772
-3212
-3533
-3504
-3688
-3833
-3561
-3268
-3257
-2907
-2258
-1504
-806
-411
384
868
1524
2114
2602
2922
3059
3224
3297
3364
3478
3415
3144
2909
2745
2613
2441
2177
1828
1487
942
771
343
-134
-462
-947
-1262
-1458
-1635
-1622
-1674
-1764
-1620
-1320
-1014
-730
-369
-103
130
347
606
601
606
405
100
-9
-281
-342
-680
-924
-1080
-1273
-1416
-1431
-1401
-1540
-1524
-1579
-1539
-1686
-1809
-1975
-2128
-2472
-2842
-2992
-3151
-3286
-3513
-3713
-3737
-3790
-3875
-3890
-3988
-3860
-3415
-2919
-2446
-1896
-1312
-499
430
1439
2519
3361
4037
4694
5269
5917
6108
6030
5769
5302
5273
4801
4135
3536
2895
2327
1640
1024
666
110
-758
-1267
-1834
-2161
-2473
-3044
-3514
-3816
-3969
-4113
-4222
-4148
-3896
-3836
-3518
-2897
-2138
-1371
-866
-81
600
1206
1881
2414
2680
2910
3032
3064
3206
3129
3119
2862
2551
2414
2313
2047
1831
1642
1295
1076
735
485
182
-157
-507
-867
-1313
-1410
-1534
-1694
-1825
-1750
-1542
-1240
-846
-507
-32
280
778
1059
1323
1473
1426
1283
1128
967
716
350
11
-238
-482
-728
-944
-922
-985
-976
-966
-974
-985
-1100
-1045
-1399
-1517
-1895
-2140
-2370
-2652
-2868
-3133
-3282
-3399
-3384
-3416
-3457
-3375
-3325
-3245
-2645
-2042
-1553
-1049
-408
510
1568
2511
3469
4258
4906
5543
5892
6292
6507
6350
5848
5402
5394
5164
4453
3753
3231
2752
2097
1396
915
203
-597
-1272
-1952
-2288
-2536
-3266
-3816
-4196
-4363
-4433
-4668
-4513
-4242
-4039
-3631
-2906
-2143
-1303
-712
-32
565
1098
1880
2215
2355
2332
2511
2605
2494
2517
2347
2158
1916
1908
1864
1776
1571
1291
994
688
491
44
-461
-934
-1362
-1680
-2116
-2245
-2340
-2448
-2409
-2280
-1925
-1429
-1177
-595
-264
61
477
632
734
692
472
254
16
-224
-440
-761
-929
-1218
-1279
-1320
-1276
-1235
-1077
-1060
-1070
-927
-1045
-1155
-1367
-1611
-1894
-2182
-2379
-2491
-2826
-2939
-2976
-2995
-2972
-3033
-3038
-2983
-2901
-2907
-2498
-2050
-1438
-1058
-533
313
1213
2218
3094
4033
4715
5410
5800
6293
6794
6599
6242
5803
5570
5533
4850
4087
3627
3151
2669
1953
1419
870
161
-497
-1059
-1538
-1880
-2429
-3105
-3407
-3701
-3772
-3991
-4086
-3745
-3537
-3188
-2517
-1791
-1018
-350
283
1072
1570
2156
2672
2873
2924
2981
3060
3080
3026
2732
2752
2414
2278
2184
1965
1764
1579
1405
966
608
343
-26
-572
-912
-1406
-1732
-2046
-2176
-2217
-2326
-2251
-1909
-1636
-1355
-839
-574
-97
209
353
542
478
444
264
20
-327
-542
-910
-1232
-1333
-1535
-1656
-1706
-1697
-1592
-1562
-1583
-1632
-1614
-1872
-2081
-2092
-2408
-2595
-2966
-3113
-3344
-3440
-3519
-3678
-3590
-3632
-3549
-3514
-3365
-3232
-2811
-2355
-1874
-1327
-736
124
966
1873
2758
3650
4432
5021
5350
5849
6150
6101
5821
5283
5117
4985
4195
3631
3046
2538
2088
1345
812
369
-229
-819
-1308
-1915
-2127
-2567
-3073
-3438
-3768
-3774
-3958
-4061
-3843
-3599
-3104
-2538
-1869
-1114
-307
420
1123
1641
2295
2805
2916
3075
3179
3233
3186
2931
2805
2782
2496
2391
2391
2120
2069
1980
1752
1464
1109
873
499
64
-442
-814
-1272
-1610
-1820
-1978
-2101
-2144
-1713
-1478
-1048
-560
-99
387
790
1147
1355
1400
1362
1158
865
587
192
-116
-461
-708
-944
-941
-1102
-1075
-958
-929
-728
-805
-944
-1048
-1212
-1377
-1687
-2081
-2400
-2662
-2857
-3055
-3222
-3337
-3373
-3309
-3284
-3155
-2964
-2783
-2839
-2772
-2180
-1696
-1102
-860
-297
521
1165
2155
2917
3844
4484
4980
5257
5847
6246
6072
5613
5041
5024
4713
3882
3264
2737
2272
1461
771
368
-137
-913
-1567
-2204
-2667
-2823
-3513
-3971
-4387
-4606
-4609
-4816
-4633
-4121
-3801
-3420
-2677
-1829
-981
-458
81
672
1094
1749
2037
2115
2188
2288
2462
2404
2283
2336
2329
2002
2002
2009
1964
1814
1318
931
692
450
-29
-546
-1078
-1243
-1532
-1949
-2028
-2010
-1938
-1968
-1744
-1276
-815
-485
-200
201
488
652
634
643
566
307
121
-244
-331
-375
-674
-658
-764
-736
-649
-582
-432
-375
-467
-577
-726
-871
-1049
-1252
-1559
-1891
-2137
-2185
-2350
-2477
-2589
-2584
-2668
-2655
-2636
-2562
-2479
-2534
-2400
-1973
-1556
-1026
-641
-104
752
1648
2636
3547
4320
4962
5534
5935
6527
6634
6435
6025
5553
5575
4955
4350
3637
3020
2525
1827
1173
710
161
-481
-963
-1679
-1852
-2278
-2852
-3296
-3664
-3755
-3859
-4064
-3958
-3710
-3445
-2924
-2338
-1585
-924
-385
318
924
1474
1975
2242
2366
2516
2579
2715
2570
2392
2382
2107
2025
1904
1738
1705
1542
1281
984
568
267
-98
-707
-1048
-1511
-1938
-2401
-2591
-2652
-2753
-2776
-2545
-2181
-1860
-1352
-887
-412
23
255
475
486
543
526
277
68
-190
-407
-609
-834
-849
-889
-1004
-1000
-932
-838
-806
-869
-1141
-1254
-1441
-1638
-1918
-2298
-2479
-2855
-3072
-3121
-3144
-3123
-3222
-3107
-3037
-2912
-2795
-2709
-2579
-2697
-2606
-2122
-1615
-1172
-841
-313
460
1303
2261
3218
4018
4607
5182
5529
6174
6428
6186
5606
5106
5170
4783
4039
3411
2956
2400
1699
1152
888
320
-436
-1041
-1642
-1756
-2092
-2748
-3246
-3592
-3641
-3680
-3754
-3406
-2998
-2828
-2323
-1638
-771
-83
362
962
1517
1895
2273
2720
2733
2814
3004
2993
3091
3026
3069
2994
2792
2780
2700
2557
2220
1745
1276
896
373
-127
-787
-1324
-1610
-1990
-2291
-2469
-2463
-2312
-2229
-2016
-1583
-1168
-728
-384
-134
119
269
395
410
347
253
92
-59
-121
-132
-234
-231
-285
-161
-111
-30
-78
-97
-327
-617
-837
-1227
-1530
-2000
-2354
-2604
-2742
-2946
-2989
-2986
-3020
-2889
-2836
-2664
-2700
-2551
-2558
-2635
-2728
-2828
-2800
-2585
-2228
-1854
-1439
-911
-178
744
1823
2888
3802
4427
5093
5593
5987
6166
5905
5386
4805
4599
4231
3604
2852
2322
1915
1314
811
450
172
-578
-1160
-1657
-2092
-2323
-2984
-3504
-3917
-4089
-4169
-4226
-4085
-3517
-3233
-2988
-2257
-1463
-630
-165
353
947
1397
1826
2245
2504
2591
2681
2714
2808
2746
2793
2714
2442
2299
2167
1989
1660
1145
655
334
-172
-590
-1022
-1441
-1707
-2053
-2184
-2264
-2185
-2214
-2135
-1966
-1563
-1184
-905
-509
-308
44
298
552
691
758
825
846
789
799
889
842
718
489
460
503
323
237
-77
-350
-562
-850
-1111
-1470
-1707
-1932
-2093
-2256
-2324
-2245
-2307
-2430
-2375
-2304
-2279
-2273
-2177
-2198
-2155
-2141
-2198
-2255
-2024
-1639
-1230
-723
-266
553
1393
2337
3306
4161
4842
5347
5712
5870
6181
6021
5641
5035
4619
4549
4019
3365
2959
2599
2166
1557
1051
785
122
-563
-1180
-1820
-2088
-2612
-3225
-3716
-4004
-3994
-4048
-4069
-3558
-3082
-2812
-2334
-1488
-729
-139
125
678
1153
1504
1991
2068
2229
2253
2293
2323
2409
2215
2214
2024
1686
1664
1256
994
565
-5
-436
-861
-1192
-1588
-2036
-2345
-2644
-2803
-2958
-3077
-3011
-2922
-2836
-2624
-2269
-1881
-1464
-1142
-848
-420
-146
213
434
602
808
682
671
832
756
573
447
221
158
78
-71
-229
-554
-800
-973
-1230
-1474
-1696
-1964
-2181
-2366
-2439
-2455
-2615
-2608
-2584
-2560
-2361
-2301
-2160
-2118
-1986
-1874
-1928
-1834
-1765
-1708
-1425
-921
-408
95
705
1403
2160
2986
3861
4655
5092
5467
5678
6018
6241
5953
5521
4937
4874
4675
4139
3665
3185
2820
2304
1788
1291
859
196
-537
-1098
-1622
-1870
-2527
-3084
-3362
-3455
-3469
-3412
-3136
-2645
-2301
-1921
-1321
-703
22
306
801
1382
1726
2075
2375
2683
2680
2755
2710
2757
2701
2512
2345
2010
1718
1506
1199
742
374
-59
-401
-760
-1121
-1449
-1732
-1992
-2238
-2464
-2539
-2573
-2597
-2618
-2569
-2233
-1877
-1554
-1189
-889
-416
53
358
686
918
953
958
944
880
872
543
275
95
-137
-279
-567
-835
-1054
-1381
-1603
-1826
-1986
-2239
-2499
-2770
-2878
-2987
-3142
-3328
-3348
-3278
-3364
-3226
-3145
-2926
-2820
-2782
-2651
-2560
-2328
-2295
-2166
-1743
-1272
-669
-238
292
920
1658
2497
3209
4005
4496
4889
5068
5343
5530
5307
4923
4441
4426
4152
3675
3202
2857
2544
1817
1348
915
596
-253
-868
-1369
-1837
-2141
-2715
-3029
-3361
-3396
-3435
-3265
-2970
-2515
-2240
-1890
-1170
-481
145
585
1100
1623
1864
2287
2726
2757
2781
2643
2680
2692
2445
2276
2069
1676
1508
1338
1167
921
484
250
-127
-276
-570
-956
-1373
-1589
-1810
-2133
-2212
-2384
-2353
-2437
-2268
-1876
-1389
-905
-524
-50
473
988
1428
1774
1897
1967
2011
1856
1825
1666
1316
1019
709
516
329
140
-1
-227
-568
-660
-846
-1140
-1440
-1783
-2053
-2342
-2552
-2781
-2908
-3054
-3019
-3033
-2927
-2769
-2600
-2329
-2267
-2013
-1796
-1568
-1555
-1459
-1471
-1470
-1080
-807
-441
-338
65
630
1252
2042
2791
3423
3940
4365
4631
4943
5245
5061
4626
4222
4311
4227
3600
2950
2455
2104
1529
832
288
-119
-819
-1414
-2028
-2377
-2529
-3030
-3491
-3732
-3553
-3339
-3205
-3006
-2530
-2084
-1858
-1179
-635
-137
184
451
870
1068
1385
1634
1647
1726
1768
1743
1736
1684
1642
1586
1343
1093
874
587
333
19
-435
-874
-1237
-1618
-1961
-2292
-2460
-2722
-2834
-2842
-2637
-2346
-2142
-1795
-1226
-844
-357
97
516
921
1251
1421
1430
1467
1455
1426
1217
1072
973
795
569
559
462
306
12
-188
-348
-572
-832
-1207
-1610
-1898
-2062
-2259
-2374
-2517
-2603
-2459
-2425
-2342
-2115
-1929
-1700
-1428
-1316
-1138
-972
-855
-898
-989
-967
-1200
-1007
-735
-467
-86
22
618
1403
2179
2997
3782
4380
4899
5254
5586
5942
5861
5491
4927
4789
4756
4262
3633
3165
2694
2146
1651
944
728
-17
-708
-1143
-1709
-1728
-2167
-2705
-2971
-3011
-2879
-2700
-2569
-2238
-1869
-1661
-1186
-622
-257
155
369
673
868
1097
1448
1499
1448
1423
1449
1507
1509
1300
1314
1067
786
678
431
163
-213
-538
-972
-1360
-1669
-2014
-2396
-2661
-2719
-2859
-2833
-2675
-2494
-2231
-1950
-1542
-1095
-812
-313
17
320
643
803
983
968
931
981
942
765
757
480
389
221
81
-219
-454
-744
-974
-1221
-1715
-1856
-2225
-2584
-2832
-3065
-3106
-3194
-3261
-3179
-2971
-2753
-2588
-2229
-1938
-1608
-1445
-1187
-1014
-798
-750
-858
-863
-969
-1022
-1331
-1386
-1067
-713
-381
-143
474
1219
1938
2729
3515
4196
4694
4967
5055
5505
5591
5338
4744
4327
4525
4218
3623
3131
2768
2349
1747
1185
870
445
-210
-663
-1170
-1397
-1461
-1859
-2128
-2158
-1986
-1934
-1934
-1713
-1350
-1247
-1181
-868
-417
-57
66
442
697
977
1361
1545
1616
1780
1898
1939
1970
1784
1833
1631
1243
951
661
457
188
-275
-689
-903
-1109
-1117
-1365
-1447
-1382
-1527
-1412
-1278
-1017
-856
-767
-544
-255
105
293
594
574
747
886
1020
1133
1069
1092
934
975
885
852
608
323
155
-193
-560
-970
-1308
-1786
-2244
-2574
-2858
-3042
-3192
-3181
-3249
-3127
-3001
-2759
-2502
-2281
-2060
-1833
-1681
-1553
-1418
-1434
-1504
-1507
-1561
-1628
-1748
-1790
-1941
-2029
-1594
-1088
-700
-391
156
897
1647
2361
3222
3804
4174
4359
4459
4773
4778
4527
4042
3528
3612
3420
2948
2576
2228
1894
1425
880
649
281
-355
-869
-1375
-1623
-1891
-2328
-2752
-2996
-2991
-2886
-2934
-2692
-2313
-2161
-1779
-1430
-1010
-435
-271
22
284
457
917
1074
1105
1094
1129
1193
1275
1155
1149
1179
974
917
787
729
690
373
70
-100
-298
-426
-689
-894
-880
-1142
-1183
-1149
-994
-818
-832
-527
-178
94
389
698
859
1118
1290
1341
1589
1438
1518
1556
1334
1435
1177
1109
928
724
444
176
-25
-299
-623
-934
-1156
-1329
-1616
-1814
-1863
-1861
-2012
-2143
-1964
-1921
-1752
-1726
-1580
-1322
-1097
-1001
-899
-909
-708
-730
-774
-790
-785
-839
-890
-854
-875
-829
-745
-334
-8
293
482
998
1521
1983
2493
2992
3381
3646
3852
4024
4427
4403
4207
3918
4030
4187
3803
3385
2964
2600
2032
1396
766
265
-429
-1235
-1766
-2219
-2327
-2673
-3079
-3287
-3307
-3128
-3063
-2948
-2745
-2659
-2555
-2195
-1868
-1551
-1393
-1232
-868
-693
-349
98
352
515
703
900
1173
1336
1266
1240
1053
990
836
521
263
-81
-388
-741
-909
-1120
-1385
-1475
-1469
-1423
-1403
-1288
-1077
-939
-941
-878
-593
-486
-400
-347
-308
-165
29
200
312
467
645
694
775
859
1056
963
718
563
364
148
-190
-420
-813
-1221
-1359
-1537
-1562
-1669
-1672
-1530
-1475
-1380
-1225
-1005
-874
-842
-840
-698
-604
-532
-484
-611
-565
-437
-420
-470
-362
-293
-227
-290
-253
-281
-381
-266
-125
42
84
309
660
1046
1556
2295
2856
3221
3744
4140
4747
5264
5321
5248
5038
5275
5185
4633
4111
3593
2986
2303
1582
1058
488
-253
-820
-1357
-1633
-1818
-2074
-2332
-2538
-2564
-2519
-2470
-2465
-2232
-2371
-2304
-2045
-1867
-1478
-1486
-1154
-784
-539
-78
395
670
890
1283
1438
1770
1822
1844
1746
1340
1097
752
380
-38
-491
-938
-1159
-1387
-1479
-1625
-1727
-1657
-1679
-1595
-1393
-1182
-1076
-1080
-1051
-909
-748
-621
-579
-551
-445
-381
-147
23
59
84
130
208
236
248
122
-21
-298
-589
-818
-1008
-1143
-1438
-1646
-1825
-1878
-1906
-1878
-1881
-1742
-1671
-1627
-1404
-1209
-979
-869
-867
-867
-640
-479
-408
-387
-401
-279
-250
-232
-276
-355
-558
-791
-935
-1123
-1287
-1240
-1139
-980
-990
-497
24
591
1316
2039
2860
3297
3941
4334
4847
5182
5154
4928
4644
4782
4664
4130
3493
3039
2680
2068
1363
986
521
-206
-699
-1311
-1553
-1641
-2251
-2630
-2845
-2830
-2811
-2925
-2807
-2623
-2527
-2364
-1903
-1443
-883
-669
-239
331
777
1278
1660
1859
1998
2253
2261
2351
2234
2112
1872
1478
1302
977
691
310
-62
-365
-744
-830
-1068
-1248
-1464
-1423
-1433
-1400
-1238
-1081
-831
-856
-601
-434
-136
-61
53
82
67
359
437
570
554
639
616
770
784
803
754
463
420
283
166
-57
-266
-598
-782
-986
-1072
-1298
-1441
-1414
-1500
-1516
-1494
-1443
-1245
-1247
-1160
-1022
-890
-686
-594
-532
-450
-421
-406
-309
-519
-550
-686
-858
-972
-1112
-1292
-1514
-1751
-2151
-2184
-1935
-1648
-1432
-1275
-750
-91
568
1358
2142
2795
3309
3701
4124
4688
4859
4658
4241
4017
4009
3756
3235
2664
2322
1848
1291
674
192
-296
-1074
-1537
-2142
-2366
-2570
-3034
-3271
-3401
-3216
-3136
-3022
-2807
-2465
-2186
-1881
-1365
-919
-425
-108
220
696
937
1381
1565
1582
1597
1657
1654
1477
1360
1062
897
409
100
-130
-461
-733
-1094
-1253
-1263
-1341
-1303
-1285
-1174
-882
-710
-557
-298
-147
64
121
135
348
401
390
421
555
619
707
760
883
999
1186
1311
1384
1311
1312
1207
1096
864
551
368
-35
-357
-530
-744
-849
-951
-986
-899
-697
-511
-344
-183
-96
121
183
334
353
394
271
141
65
-74
-172
-373
-592
-836
-902
-1063
-1056
-1262
-1467
-1455
-1690
-1678
-1875
-1959
-1767
-1546
-1278
-1072
-761
-271
419
953
1613
2228
2690
3243
3426
3947
4182
4247
4008
3767
3874
3684
3215
2670
2332
1727
1149
397
-122
-632
-1320
-1737
-2167
-2252
-2300
-2517
-2609
-2570
-2361
-2264
-2087
-1943
-1595
-1578
-1422
-1053
-929
-657
-642
-522
-388
-341
10
197
186
138
269
322
308
143
-101
-132
-590
-793
-1023
-1084
-1216
-1506
-1531
-1533
-1346
-1311
-1021
-947
-569
-366
-158
202
379
617
547
527
629
640
501
443
319
203
188
134
169
62
98
159
197
215
210
249
159
137
-94
-106
-251
-348
-336
-465
-428
-372
-297
-147
24
156
394
575
785
1020
961
1023
1026
960
764
580
396
168
-93
-291
-484
-726
-726
-896
-943
-990
-971
-1014
-1091
-1141
-1166
-1182
-1331
-1391
-1629
-1486
-1274
-1187
-1051
-818
-407
186
803
1547
2389
3012
3618
4086
4710
5247
5302
5050
4757
4725
4499
3896
3158
2589
2033
1390
790
365
106
-411
-797
-1011
-1049
-897
-1068
-1248
-1366
-1472
-1386
-1535
-1789
-1813
-2219
-2442
-2467
-2378
-2241
-2151
-1982
-1741
-1419
-1028
-495
-321
-171
-12
85
188
88
-167
-243
-498
-747
-881
-987
-905
-879
-879
-673
-350
-82
291
430
791
971
1024
1057
949
850
566
115
-274
-506
-797
-1035
-1268
-1376
-1322
-1291
-1208
-1110
-960
-709
-774
-614
-480
-480
-388
-482
-480
-369
-384
-434
-303
-144
15
243
260
588
820
1094
1192
1178
1226
1126
1073
806
554
229
-1
-367
-655
-928
-1183
-1235
-1486
-1641
-1615
-1555
-1544
-1487
-1520
-1445
-1375
-1531
-1568
-1683
-1774
-1998
-2279
-2258
-1995
-1736
-1556
-1288
-639
68
834
1685
2551
3213
3874
4343
4921
5462
5556
5292
4930
4930
4830
4404
3692
3276
2805
2298
1756
1375
1236
800
455
117
-58
-75
-309
-736
-1245
-1519
-1826
-2097
-2541
-2715
-2967
-3188
-3092
-3029
-2646
-2353
-1994
-1695
-1264
-719
-179
55
210
336
485
708
587
549
552
400
316
336
422
536
607
593
849
1090
1430
1567
1631
1706
1576
1468
1204
985
492
92
-465
-777
-1120
-1344
-1507
-1688
-1738
-1632
-1399
-1199
-928
-950
-572
-437
-295
-183
-100
-32
-114
-231
-264
-89
-188
-194
-199
10
266
387
631
794
908
1041
1028
939
994
768
482
143
-235
-410
-711
-1002
-1380
-1649
-1769
-1892
-1896
-1990
-2017
-1902
-2081
-2010
-2120
-2020
-2239
-2429
-2631
-2807
-2840
-3167
-3408
-3399
-3297
-2900
-2600
-2103
-1427
-747
242
1125
1991
2874
3543
3974
4506
4936
5099
5071
4778
4618
4430
4113
3781
3307
2996
2588
2195
1897
1640
1198
807
365
-88
-363
-817
-1361
-1879
-2499
-2810
-3153
-3538
-3567
-3742
-3803
-3623
-3318
-2741
-2181
-1813
-1246
-655
-172
528
697
1004
1278
1452
1613
1463
1563
1559
1601
1625
1604
1732
1791
1843
1829
1986
2079
2187
2089
2112
1986
1752
1520
1182
715
323
33
-436
-713
-1034
-1145
-1206
-1251
-1246
-1043
-899
-671
-499
-284
-96
-30
-23
-26
28
-36
-110
-191
-246
-252
-167
-46
3
213
480
634
811
927
1066
1236
1159
957
801
603
416
23
-300
-686
-858
-1046
-1320
-1539
-1589
-1554
-1694
-1838
-1877
-1864
-1864
-1954
-2036
-2079
-2178
-2340
-2478
-2674
-2702
-2895
-2921
-2868
-2914
-2745
-2765
-2396
-1867
-1300
-948
-325
464
1204
2000
2708
3516
4104
4551
4820
5085
5461
5549
5168
4816
4665
4481
4064
3509
2972
2574
1931
1275
775
114
-562
-1334
-2146
-2744
-3242
-3814
-4499
-4893
-5194
-5217
-5132
-5079
-4749
-4462
-4062
-3562
-2960
-2322
-1732
-1268
-768
-351
217
719
1019
1103
1277
1574
1687
1811
1847
1983
2013
2018
2237
2310
2502
2338
2330
2204
2158
1995
1768
1442
1091
732
247
-29
-393
-705
-1047
-1248
-1322
-1299
-1194
-992
-915
-723
-513
-174
133
281
531
575
650
707
814
789
879
862
849
1036
1179
1309
1358
1488
1631
1728
1688
1658
1634
1374
1213
820
511
249
-212
-536
-1113
-1323
-1633
-1759
-1887
-2116
-2096
-2160
-2072
-2168
-2010
-1961
-2018
-2124
-2177
-2082
-2215
-2375
-2554
-2518
-2492
-2451
-2431
-2367
-2080
-1984
-1738
-1538
-1056
-432
-7
540
1089
1802
2481
3193
3891
4553
5038
5461
5698
5829
6034
5961
5640
5144
4760
4430
3946
3319
2643
1984
1359
645
-56
-614
-1320
-1948
-2627
-3138
-3531
-3902
-4371
-4672
-4790
-4799
-4733
-4678
-4404
-4085
-3768
-3400
-2933
-2441
-1903
-1487
-1075
-648
-260
272
380
602
733
894
1090
1221
1212
1269
1312
1259
1380
1309
1279
1228
1036
995
786
640
409
19
-159
-532
-798
-1095
-1320
-1542
-1676
-1800
-1835
-1711
-1529
-1271
-1102
-908
-533
-355
-99
174
311
521
667
760
968
1053
1214
1298
1368
1369
1419
1453
1397
1393
1300
1169
1087
795
783
643
549
419
123
-64
-211
-212
-570
-684
-841
-981
-1098
-1235
-1263
-1329
-1422
-1676
-1734
-1849
-1815
-1857
-2130
-2031
-2101
-2043
-1851
-1861
-1518
-1466
-1243
-965
-755
-533
-229
-37
237
374
614
977
1162
1376
1539
1814
2066
2464
2646
2989
3257
3559
3836
4192
4532
4637
4793
4684
4646
4544
4273
4032
3402
2941
2569
1999
1513
899
287
-351
-892
-1388
-1820
-2394
-2844
-3158
-3452
-3482
-3614
-3740
-3652
-3672
-3470
-3338
-3129
-2796
-2586
-2245
-1997
-1481
-1121
-671
-357
161
539
801
1321
1519
1641
1816
1948
1930
2002
1915
1736
1551
1252
987
711
376
-111
-445
-790
-966
-1261
-1502
-1497
-1651
-1752
-1847
-1761
-1679
-1688
-1735
-1745
-1612
-1525
-1434
-1305
-1167
-1148
-961
-736
-516
-279
-120
54
269
527
739
855
952
961
945
924
926
868
747
728
515
378
289
65
0
-227
-363
-523
-714
-874
-937
-1154
-1356
-1610
-1882
-1951
-2079
-2117
-2260
-2191
-2003
-1872
-1594
-1486
-1105
-777
-486
-123
73
516
604
768
901
950
1098
1057
1113
1057
1093
1123
1147
1139
1116
1176
1322
1588
1822
2059
2302
2641
2993
3280
3660
3971
4071
4196
4180
4045
3944
3589
3057
2617
2247
1914
1401
904
503
61
-367
-822
-1136
-1511
-1910
-2290
-2573
-2710
-2935
-3077
-3291
-3325
-3103
-2998
-2736
-2490
-2082
-1615
-1238
-799
-334
121
585
949
1249
1590
1787
1860
2000
2018
1914
1780
1605
1539
1343
1174
830
721
500
308
56
-214
-402
-636
-808
-1074
-1321
-1587
-1844
-2059
-2199
-2371
-2436
-2469
-2406
-2370
-2198
-1995
-1723
-1512
-1312
-938
-600
-361
-184
135
322
454
605
645
818
837
911
941
974
999
1017
955
891
765
674
461
144
-53
-299
-493
-745
-878
-1080
-1296
-1418
-1547
-1616
-1691
-1717
-1770
-1627
-1576
-1352
-1103
-944
-728
-449
-220
-2
236
461
588
678
853
920
967
932
888
799
796
715
611
484
284
359
186
151
94
21
12
-28
1
-12
5
-75
-158
-236
-200
-176
-165
-231
-233
-236
-95
90
332
607
678
966
1211
1526
1904
2251
2430
2541
2554
2678
2768
2584
2269
1801
1682
1524
1246
919
587
359
126
-78
-247
-409
-591
-828
-983
-1123
-1101
-1216
-1460
-1590
-1631
-1464
-1490
-1496
-1303
-1123
-881
-660
-419
-160
38
166
306
441
591
667
553
522
370
184
53
-144
-299
-488
-652
-812
-851
-932
-869
-907
-930
-904
-809
-725
-652
-663
-622
-577
-621
-504
-518
-455
-357
-265
-201
18
134
295
442
507
760
870
1012
1183
1217
1299
1386
1457
1461
1387
1374
1427
1334
1284
1164
1140
1076
872
679
600
489
273
96
-26
-80
-288
-445
-594
-745
-836
-1038
-1101
-1260
-1279
-1366
-1481
-1534
-1560
-1597
-1683
-1604
-1590
-1524
-1473
-1364
-1196
-1078
-972
-839
-721
-547
-499
-428
-423
-377
-459
-429
-402
-473
-438
-421
-448
-239
-292
-216
-169
-188
-95
-188
-189
-248
-268
-303
-260
-100
19
109
342
565
912
1306
1742
2083
2497
2755
3064
3277
3377
3461
3265
2993
2689
2393
2098
1652
1138
692
463
43
-175
-397
-761
-877
-1199
-1327
-1566
-1681
-1906
-2143
-2190
-2337
-2440
-2466
-2395
-2395
-2275
-2233
-1816
-1562
-1155
-898
-567
-106
249
736
916
1193
1315
1373
1287
1326
1170
969
726
558
517
383
317
212
239
226
322
367
476
485
432
472
499
476
384
235
181
143
63
147
214
331
474
582
808
1062
1263
1375
1548
1576
1520
1521
1422
1225
992
806
652
460
251
119
-18
-95
-257
-221
-223
-106
-126
-123
-81
-137
-176
-282
-338
-453
-591
-787
-935
-1019
-1062
-1161
-1240
-1308
-1239
-1135
-1052
-1000
-972
-814
-792
-680
-641
-644
-605
-680
-754
-736
-800
-789
-913
-976
-952
-884
-892
-851
-657
-661
-475
-407
-247
-223
-64
-29
-24
-41
-85
-60
-199
-252
-470
-520
-718
-758
-804
-858
-851
-923
-742
-790
-758
-689
-660
-728
-858
-933
-978
-1054
-1168
-1218
-1190
-1121
-1059
-947
-758
-502
-283
-84
225
462
682
845
1054
1382
1579
1884
2012
2265
2543
2808
2969
3167
3204
3387
3352
3410
3408
3280
3012
2656
2460
2222
1810
1222
760
291
-112
-600
-1043
-1385
-1662
-1984
-2263
-2270
-2231
-2230
-2156
-2022
-1733
-1436
-1127
-955
-730
-613
-485
-269
-189
49
183
377
615
804
973
1102
1246
1402
1448
1534
1634
1702
1596
1440
1405
1222
1087
877
680
461
247
81
-46
-143
-255
-320
-430
-405
-351
-369
-309
-257
-278
-257
-265
-181
-193
-149
-198
-203
-130
-103
-93
-35
-2
25
36
43
95
59
48
38
-42
-136
-70
-267
-477
-564
-716
-909
-1132
-1232
-1397
-1515
-1689
-1683
-1753
-1682
-1662
-1644
-1560
-1591
-1351
-1364
-1343
-1338
-1341
-1316
-1315
-1246
-1165
-1084
-1071
-976
-841
-603
-534
-386
-196
-89
145
247
345
381
386
410
322
288
234
166
156
156
211
399
591
666
943
953
1200
1358
1474
1670
1634
1757
1615
1659
1567
1451
1311
1077
1070
859
775
603
502
370
222
91
-4
29
-180
-205
-377
-400
-522
-580
-600
-650
-582
-562
-443
-291
-131
-2
219
384
578
794
953
1007
1061
1086
1093
1123
1059
1037
904
814
767
654
622
467
331
314
163
-26
-28
-242
-425
-605
-778
-911
-1117
-1281
-1394
-1429
-1495
-1474
-1426
-1353
-1229
-1028
-921
-669
-435
-281
-35
109
295
320
450
550
500
495
430
479
405
372
278
130
71
52
17
-98
-157
-183
-80
46
18
123
241
419
630
690
945
1020
1074
1196
1147
1240
1182
970
784
663
622
404
183
-157
-270
-489
-732
-853
-988
-1146
-1427
-1532
-1589
-1566
-1675
-1766
-1763
-1659
-1640
-1571
-1426
-1227
-1127
-1023
-805
-460
-288
-179
59
211
415
515
637
696
798
769
803
783
776
855
621
595
599
466
293
195
165
-6
-128
-265
-275
-373
-495
-519
-509
-500
-535
-493
-400
-415
-303
-317
-137
-15
29
186
261
337
457
618
579
684
651
723
709
699
706
666
728
573
612
543
528
546
366
363
236
38
-9
-190
-420
-512
-734
-832
-878
-1015
-1014
-1082
-1046
-1064
-1004
-940
-955
-879
-821
-693
-624
-565
-443
-259
-184
44
147
253
467
518
624
702
854
894
1002
1107
1125
1202
1207
1134
1117
1115
997
994
939
886
919
791
745
644
540
480
454
398
278
231
162
194
93
53
15
-14
49
-17
64
57
74
147
128
144
145
158
223
185
78
69
19
80
88
-60
22
-97
-38
-195
-178
-205
-245
-365
-560
-504
-677
-708
-851
-947
-1056
-1030
-1106
-1145
-1057
-1118
-1061
-978
-854
-791
-598
-554
-558
-358
-316
-259
-226
-314
-165
-103
-92
1
67
126
317
316
359
454
441
448
421
366
243
166
62
-103
-216
-336
-439
-540
-647
-664
-661
-624
-616
-543
-475
-450
-301
-242
-204
-164
-123
-83
-44
0
31
19
59
85
195
248
334
301
381
460
519
516
433
452
313
274
111
122
-95
-198
-284
-396
-400
-492
-570
-686
-619
-661
-570
-636
-561
-482
-485
-252
-287
-111
-72
17
105
299
371
520
684
781
903
1021
1203
1320
1415
1463
1540
1594
1596
1558
1626
1465
1417
1260
1137
920
703
510
418
281
147
80
14
-25
-20
-33
-44
52
0
31
43
10
53
42
-42
3
8
8
59
-35
38
55
104
110
202
236
316
397
324
421
268
183
116
-40
-207
-273
-448
-536
-745
-832
-883
-989
-957
-1030
-1003
-1023
-1059
-1067
-1015
-1034
-1005
-953
-1013
-938
-909
-904
-791
-681
-569
-438
-270
-9
269
490
606
846
927
1013
1065
1059
1035
842
809
653
558
415
293
58
-42
-81
-206
-267
-457
-479
-599
-711
-733
-741
-867
-1016
-1006
-1023
-1040
-977
-908
-800
-793
-640
-413
-322
-123
-40
148
224
293
490
455
531
441
445
406
329
297
199
125
-76
-67
-238
-345
-376
-585
-529
-659
-719
-711
-769
-791
-751
-752
-737
-679
-676
-587
-550
-430
-372
-243
-80
30
164
361
536
678
842
889
909
1034
1011
1000
1016
956
927
824
731
680
512
420
384
285
236
227
143
160
129
77
176
138
232
216
360
394
402
477
496
592
566
737
739
759
872
842
923
816
855
785
751
721
569
515
296
303
143
-3
55
-134
-107
-123
-219
-222
-357
-319
-353
-346
-402
-373
-361
-398
-347
-382
-401
-350
-345
-319
-277
-261
-262
-136
-108
-41
31
56
240
145
213
289
209
135
36
23
-26
-135
-268
-289
-380
-408
-513
-547
-581
-602
-629
-544
-522
-585
-466
-510
-392
-507
-372
-358
-321
-267
-194
-147
-90
-13
73
128
103
206
180
192
204
136
108
3
-93
-114
-272
-356
-426
-523
-541
-609
-577
-517
-521
-507
-500
-464
-423
-518
-503
-485
-473
-517
-534
-576
-553
-573
-659
-549
-540
-580
-549
-385
-302
-327
-179
-143
-102
-52
-112
18
35
-3
-2
12
6
97
92
249
338
427
430
536
689
691
705
701
748
850
848
783
745
747
812
758
865
916
1067
919
947
959
966
933
737
764
670
699
545
510
468
331
165
122
163
76
-26
-120
-87
-27
-3
-67
27
120
74
141
261
378
411
305
412
474
579
499
490
530
412
337
280
359
213
40
-58
-125
-95
-306
-433
-438
-483
-605
-582
-634
-533
-617
-673
-601
-498
-443
-525
-455
-387
-255
-305
-162
-159
14
-12
36
210
218
233
235
341
274
347
277
256
299
225
113
133
138
56
32
-58
-54
-95
-94
-151
-80
-116
-160
-277
-299
-261
-349
-351
-373
-474
-386
-426
-415
-372
-402
-328
-357
-273
-297
-299
-272
-271
-275
-382
-306
-288
-413
-434
-399
-413
-412
-463
-563
-514
-520
-566
-546
-521
-554
-581
-560
-521
-526
-543
-513
-478
-525
-500
-526
-466
-494
-421
-322
-402
-315
-257
-173
-94
15
84
140
252
212
321
365
420
429
516
649
717
769
677
753
629
656
672
601
535
529
539
506
408
354
303
296
269
234
306
367
309
347
362
395
429
306
410
394
441
416
511
486
499
541
488
533
514
498
509
441
472
373
299
280
200
121
14
-22
-141
-267
-336
-319
-409
-383
-502
-405
-398
-351
-343
-311
-256
-263
-178
-212
-22
-110
-34
47
106
165
85
263
197
286
309
305
374
370
413
349
343
303
296
253
139
123
55
33
12
-1
45
-113
-60
-20
-27
-8
13
-30
31
46
34
144
108
62
54
127
117
126
16
49
13
-85
-128
-223
-274
-359
-419
-407
-403
-465
-537
-563
-594
-634
-647
-692
-658
-704
-723
-712
-729
-781
-755
-842
-790
-811
-734
-801
-769
-669
-710
-691
-632
-560
-533
-495
-468
-441
-459
-470
-474
-429
-431
-466
-417
-469
-388
-348
-306
-196
-160
-160
-84
10
3
77
6
116
116
208
161
265
305
344
481
389
479
458
491
595
564
633
643
650
613
677
763
580
622
550
518
470
536
428
481
491
511
598
568
595
581
667
639
673
613
734
637
660
711
721
771
808
823
788
804
720
747
703
693
629
614
629
700
515
561
500
328
420
230
202
72
55
90
-42
-75
-99
-95
-182
-87
-141
-67
-161
-159
-156
-221
-222
-341
-228
-237
-241
-286
-230
-272
-241
-254
-262
-251
-288
-243
-206
-268
-209
-170
-117
-130
-140
-183
-173
-190
-230
-275
-238
-295
-330
-315
-302
-331
-391
-360
-388
-404
-420
-387
-426
-435
-450
-574
-495
-574
-618
-618
-704
-739
-725
-749
-805
-717
-739
-738
-628
-626
-563
-526
-524
-492
-485
-409
-411
-328
-394
-305
-340
-320
-283
-240
-220
-245
-201
-261
-202
-243
-219
-266
-300
-226
-230
-255
-233
-209
-266
-253
-234
-301
-261
-278
-255
-214
-121
-110
-78
19
61
169
205
353
299
354
358
408
415
448
461
446
495
501
521
501
619
526
544
552
545
519
586
573
575
548
551
631
636
612
626
662
578
583
538
499
498
456
399
389
367
311
348
382
351
266
396
363
357
360
330
334
327
246
209
203
119
110
77
121
-5
91
92
70
157
163
160
95
168
137
125
130
87
196
86
123
88
101
67
75
14
5
29
52
88
39
-35
-8
31
-79
-42
-142
-114
-247
-208
-263
-269
-244
-258
-238
-262
-149
-110
-92
-45
-73
-3
15
-22
-27
-16
-54
-94
-136
-84
-70
-142
-271
-209
-238
-309
-251
-362
-295
-359
-356
-338
-336
-352
-352
-401
-385
-423
-367
-500
-509
-446
-532
-456
-585
-547
-561
-540
-516
-557
-494
-631
-507
-483
-456
-549
-439
-441
-458
-419
-426
-375
-435
-376
-327
-328
-262
-327
-263
-265
-263
-276
-276
-224
-266
-261
-287
-215
-128
-121
-143
-108
-84
-62
-39
-11
63
144
127
157
231
254
336
306
371
419
355
314
444
441
420
433
442
520
504
557
497
582
528
563
555
554
616
528
539
462
554
561
535
536
553
520
512
489
460
437
441
336
352
352
344
366
278
315
299
295
413
355
416
313
396
428
420
366
424
419
305
376
304
312
287
311
227
211
265
188
203
184
182
195
94
133
89
43
57
23
-130
-43
-152
-240
-133
-261
-153
-260
-146
-252
-207
-210
-247
-235
-253
-235
-275
-182
-324
-221
-219
-229
-281
-272
-294
-338
-376
-367
-344
-373
-349
-409
-386
-298
-341
-391
-366
-317
-346
-416
-365
-387
-389
-435
-477
-471
-470
-475
-545
-456
-486
-494
-485
-509
-475
-479
-478
-473
-390
-425
-366
-377
-388
-346
-362
-399
-409
-405
-485
-411
-378
-407
-381
-402
-411
-351
-306
-344
-377
-390
-370
-303
-340
-289
-228
-221
-260
-163
-178
-211
-173
-144
-110
-191
-34
-50
40
-13
77
94
141
208
170
321
216
242
254
308
297
419
443
431
569
528
601
616
620
652
663
680
713
695
685
676
663
711
681
673
704
699
717
742
734
709
693
642
735
763
704
677
710
645
669
671
587
599
501
483
526
448
423
374
301
235
160
188
108
20
-45
27
-42
-104
-81
-118
-95
-157
-255
-229
-270
-328
-368
-274
-322
-311
-275
-194
-217
-187
-190
-108
-169
-202
-169
-148
-195
-100
-95
-128
-164
-116
-66
-18
-35
-55
29
-46
-20
-122
-65
-203
-218
-244
-229
-315
-238
-194
-252
-174
-158
-87
-179
-188
-198
-121
-174
-240
-163
-233
-204
-301
-217
-268
-376
-352
-332
-420
-330
-299
-414
-353
-401
-418
-435
-526
-546
-615
-560
-620
-607
-594
-589
-554
-574
-417
-476
-387
-425
-324
-291
-280
-189
-210
-206
-85
-15
24
120
73
71
157
107
158
153
111
137
138
167
107
193
201
199
259
245
340
306
346
297
327
276
241
225
239
178
163
247
161
122
211
173
295
253
211
277
370
315
369
416
377
411
223
344
334
307
277
276
220
236
191
152
184
172
211
251
234
192
289
165
215
192
129
124
135
129
133
164
206
93
138
103
142
102
56
145
86
120
87
172
208
147
187
124
137
100
101
104
31
125
43
135
167
98
267
234
253
192
240
175
153
238
108
79
93
112
50
73
-10
-4
-19
8
-41
-54
-53
-158
-95
-222
-239
-231
-241
-242
-276
-271
-280
-225
-299
-236
-335
-297
-251
-381
-337
-348
-357
-336
-353
-313
-256
-248
-205
-245
-237
-192
-186
-231
-221
-180
-242
-210
-232
-246
-237
-333
-360
-431
-423
-458
-482
-522
-554
-506
-501
-501
-469
-469
-503
-475
-555
-490
-508
-542
-437
-484
-389
-429
-341
-266
-285
-184
-234
-140
-104
-89
-109
-44
-5
-39
92
30
118
165
168
217
148
181
173
158
176
166
251
250
330
260
264
300
260
283
244
251
238
351
298
359
327
396
318
311
398
341
410
388
533
579
638
672
660
625
693
586
702
611
488
587
440
447
436
320
431
352
355
413
375
395
334
412
313
325
282
244
256
198
196
147
177
75
58
4
-13
14
-30
-84
-85
-27
-154
-67
-102
-71
-102
-132
-88
-164
-106
-173
-85
-129
-168
-117
-120
-129
-172
-137
-80
-138
-189
-159
-195
-193
-195
-217
-129
-85
-162
-100
-75
-117
-69
-101
-183
-180
-149
-202
-171
-158
-163
-150
-145
-185
-226
-220
-217
-262
-208
-217
-288
-208
-270
-273
-230
-303
-297
-318
-330
-289
-337
-229
-253
-229
-296
-116
-112
-145
-62
-133
-58
-154
-88
-182
-148
-161
-228
-225
-320
-193
-289
-218
-297
-291
-196
-251
-236
-315
-225
-298
-282
-288
-347
-285
-355
-318
-293
-286
-255
-247
-197
-207
-164
-158
-151
-108
-122
-87
-22
1
24
41
93
172
170
247
287
248
330
332
274
270
289
262
340
248
310
325
262
325
304
345
343
342
378
369
350
386
353
451
409
374
352
421
412
346
425
403
541
510
538
574
534
589
551
597
529
459
494
371
384
374
318
344
299
374
324
328
321
337
173
268
233
161
144
100
121
115
68
0
116
56
31
-28
-13
-49
-49
-94
-121
-48
-167
-75
-118
-177
-215
-169
-179
-230
-168
-307
-340
-307
-355
-395
-296
-385
-405
-306
-380
-324
-405
-328
-373
-322
-314
-309
-215
-250
-231
-208
-185
-212
-251
-209
-230
-243
-157
-144
-120
-183
-124
-143
-193
-247
-292
-262
-343
-351
-381
-401
-354
-418
-429
-442
-339
-326
-335
-305
-306
-315
-251
-279
-265
-234
-252
-260
-216
-244
-191
-196
-217
-264
-257
-232
-177
-189
-182
-89
-145
-195
-193
-153
-200
-166
-217
-163
-128
-89
-116
-74
50
-56
33
49
54
117
121
155
287
276
195
218
237
273
271
301
341
358
385
392
486
401
478
484
474
501
475
466
486
560
434
453
408
393
464
408
426
378
369
314
378
318
343
356
258
326
252
275
238
327
199
223
244
217
356
256
243
186
281
206
169
161
78
142
120
160
96
138
95
163
124
46
55
70
82
58
53
104
84
114
121
114
65
70
133
-10
82
27
-52
13
-9
-60
-25
-82
-62
-31
-160
-85
-86
-24
-201
-93
-119
-141
-123
-154
-106
-207
-159
-205
-102
-225
-248
-196
-252
-233
-260
-286
-277
-256
-320
-339
-383
-341
-336
-388
-376
-415
-442
-386
-427
-356
-402
-426
-433
-459
-387
-481
-417
-463
-458
-457
-474
-417
-422
-478
-366
-466
-385
-369
-365
-327
-381
-275
-418
-345
-354
-390
-312
-274
-305
-315
-333
-285
-237
-183
-122
-151
-115
-44
-25
28
2
48
-37
-24
55
42
72
49
58
41
110
168
215
167
202
247
235
277
217
321
244
238
353
365
315
322
336
257
249
204
233
255
301
405
352
473
501
504
579
524
522
533
546
495
495
499
458
541
504
524
489
558
525
489
516
415
519
432
479
508
472
455
449
506
459
427
481
324
339
313
266
250
178
211
238
165
208
212
176
140
77
73
19
6
23
-73
-94
-78
-124
-131
-149
-164
-196
-221
-300
-267
-349
-403
-334
-369
-409
-439
-378
-358
-427
-467
-455
-410
-463
-462
-387
-406
-377
-343
-336
-222
-269
-209
-326
-263
-243
-177
-173
-230
-134
-192
-192
-198
-182
-146
-241
-204
-199
-164
-239
-197
-198
-256
-336
-356
-342
-395
-384
-377
-402
-397
-387
-383
-372
-428
-446
-434
-411
-412
-360
-406
-343
-369
-311
-317
-392
-283
-277
-267
-239
-306
-262
-246
-240
-155
-143
-85
-123
-91
-67
3
-52
-82
-9
-14
-13
24
123
61
80
166
168
167
194
227
189
218
191
222
210
165
225
250
259
287
322
320
320
277
318
348
281
318
323
357
424
370
470
462
559
465
477
517
453
496
400
466
467
454
460
502
507
451
535
460
444
402
451
381
373
339
419
301
326
267
213
280
183
246
148
171
72
166
184
169
133
205
175
79
119
95
166
106
87
150
52
39
-6
-16
36
-10
10
-12
22
1
49
-53
-37
-47
-85
-73
-127
-172
-182
-162
-243
-207
-204
-269
-231
-257
-263
-306
-373
-331
-324
-284
-365
-270
-341
-262
-258
-363
-356
-358
-320
-368
-235
-375
-290
-300
-252
-291
-345
-367
-429
-447
-538
-474
-608
-535
-551
-517
-494
-501
-460
-519
-443
-490
-532
-477
-462
-457
-421
-361
-353
-300
-288
-244
-206
-211
-124
-207
-58
-125
-121
-37
-120
-58
-42
46
-46
43
17
89
74
-20
92
-1
169
90
113
111
89
213
115
162
109
117
119
111
166
66
156
59
161
154
130
222
144
113
168
181
198
193
193
261
202
348
274
351
310
313
347
261
368
275
328
238
315
312
349
354
392
373
322
384
390
425
432
375
432
374
389
358
323
421
305
291
392
447
378
421
399
377
353
326
348
388
238
273
302
179
280
159
218
126
128
191
108
155
17
127
72
80
76
24
26
-21
-47
-49
-46
-124
-51
-107
-71
-91
-153
-137
-164
-205
-227
-158
-238
-188
-230
-223
-222
-178
-108
-232
-117
-176
-148
-141
-190
-157
-176
-108
-244
-207
-219
-214
-138
-244
-213
-248
-235
-237
-211
-226
-271
-265
-355
-345
-328
-336
-392
-357
-382
-418
-432
-483
-368
-409
-514
-471
-410
-453
-377
-374
-299
-325
-323
-332
-315
-347
-352
-349
-404
-439
-407
-357
-409
-399
-404
-334
-360
-285
-222
-209
-224
-104
-162
-161
-149
-218
-103
-205
-72
-44
-121
-9
-46
5
66
45
18
82
143
164
219
252
187
184
206
154
206
116
79
108
34
118
170
150
129
178
256
201
182
276
216
332
328
334
392
409
398
439
446
385
412
410
416
432
453
449
471
426
377
428
475
299
462
412
393
502
412
495
466
566
505
484
505
468
480
443
349
420
406
340
382
287
359
297
279
241
210
218
169
100
61
94
65
48
40
31
18
-54
-48
-94
-59
-145
-195
-138
-116
-48
-130
-97
-118
-115
-140
-138
-144
-123
-206
-90
-178
-191
-184
-279
-235
-229
-236
-269
-268
-220
-186
-259
-220
-300
-357
-328
-359
-402
-411
-394
-495
-474
-445
-492
-487
-451
-460
-440
-440
-467
-442
-456
-432
-488
-520
-541
-458
-466
-509
-467
-496
-392
-380
-385
-385
-446
-360
-433
-342
-401
-328
-272
-251
-172
-119
-156
-163
-130
-46
-87
-93
32
-47
-6
-65
-5
-62
-77
13
12
-21
-11
60
16
112
43
63
156
199
171
182
252
179
268
221
216
280
233
246
224
301
259
217
252
274
233
266
278
313
293
328
332
404
294
360
395
335
368
428
390
400
341
353
407
355
450
379
412
402
430
458
447
422
430
475
483
503
503
508
476
424
471
406
402
433
410
440
544
467
405
477
335
372
241
188
119
71
116
25
59
12
60
69
31
3
-20
-45
-64
-106
-128
-127
-243
-146
-205
-225
-254
-271
-209
-315
-264
-288
-279
-369
-353
-291
-311
-305
-327
-248
-279
-288
-219
-333
-362
-307
-331
-315
-373
-260
-299
-290
-316
-292
-282
-333
-333
-340
-323
-442
-322
-407
-291
-423
-487
-429
-456
-449
-543
-468
-443
-508
-405
-354
-339
-334
-290
-309
-247
-280
-239
-205
-233
-258
-203
-224
-274
-194
-192
-284
-262
-187
-211
-147
-170
-148
-161
-104
-130
-37
-68
-70
-50
-39
5
19
95
74
83
88
132
94
112
135
72
90
73
146
86
150
176
119
137
149
175
182
228
270
312
299
339
354
314
354
367
399
363
441
388
434
447
370
483
345
421
337
374
386
427
434
376
407
374
448
405
375
346
353
381
421
414
337
364
347
369
358
336
275
283
178
197
168
200
180
216
265
236
209
233
220
97
146
126
154
157
236
170
259
213
139
190
51
79
56
-32
-62
-48
25
-72
-72
-56
-91
-115
-119
-219
-224
-208
-238
-189
-243
-163
-221
-288
-176
-246
-199
-206
-197
-151
-174
-120
-78
-108
-126
-51
-136
-75
-157
-213
-127
-211
-111
-168
-208
-137
-238
-215
-267
-186
-207
-341
-272
-331
-294
-457
-372
-393
-492
-442
-518
-509
-520
-470
-532
-468
-552
-521
-535
-475
-420
-420
-323
-426
-351
-405
-417
-275
-383
-309
-332
-193
-234
-109
-111
-135
-39
-196
-34
-68
-11
-84
32
3
47
39
57
44
49
67
61
35
16
84
93
3
74
222
171
209
160
194
160
141
100
170
225
139
181
202
149
197
136
111
127
104
182
296
200
288
285
382
290
330
322
350
369
293
449
411
366
423
410
383
379
418
437
337
442
340
384
360
445
387
419
405
394
379
323
456
387
396
377
402
281
334
225
255
180
181
259
194
265
195
203
223
171
192
185
110
160
168
149
119
108
106
103
44
66
26
50
33
-77
-59
-83
-105
-113
-185
-191
-192
-160
-306
-176
-242
-317
-241
-323
-267
-321
-239
-378
-323
-380
-398
-426
-507
-413
-475
-433
-482
-406
-368
-333
-348
-293
-261
-352
-288
-287
-246
-283
-288
-287
-304
-258
-203
-205
-272
-271
-312
-253
-328
-321
-228
-291
-366
-338
-309
-382
-379
-387
-363
-374
-364
-358
-344
-379
-436
-419
-463
-420
-498
-400
-470
-517
-385
-393
-338
-308
-321
-271
-256
-265
-127
-126
-81
-128
-38
65
-26
-23
18
65
6
45
142
92
142
193
151
205
287
236
255
357
275
350
329
366
388
306
346
312
348
301
334
365
326
346
395
420
374
443
420
486
533
601
592
606
599
615
657
589
558
546
549
521
505
467
519
503
515
535
437
460
534
556
507
529
480
515
481
453
422
330
365
324
404
201
259
233
193
166
76
121
63
9
-21
41
-11
-46
-159
-18
-101
-76
-133
-153
-125
-176
-233
-204
-245
-297
-225
-340
-254
-354
-294
-340
-361
-405
-425
-384
-443
-386
-387
-360
-364
-403
-388
-478
-493
-401
-475
-395
-486
-459
-377
-425
-341
-433
-457
-538
-510
-523
-601
-514
-523
-486
-459
-487
-408
-358
-336
-368
-435
-411
-323
-287
-295
-255
-252
-123
-123
-140
-106
-200
-216
-193
-278
-242
-312
-332
-283
-335
-253
-261
-200
-189
-213
-184
-145
-162
-144
-162
-128
-160
-111
-158
-69
-92
-112
-82
-76
49
28
62
89
73
158
206
168
209
139
295
297
360
378
399
435
417
500
504
470
461
508
479
550
550
534
489
506
561
463
439
499
409
363
420
385
346
347
312
357
422
372
426
391
341
375
334
314
314
338
292
330
313
327
283
269
262
186
195
138
165
169
91
220
182
229
265
272
282
215
309
198
244
155
222
309
268
256
187
206
141
38
129
44
0
-5
-58
-52
-39
-63
-124
-106
-134
-75
-204
-190
-133
-293
-246
-263
-291
-305
-286
-372
-340
-397
-420
-387
-480
-460
-479
-377
-444
-395
-446
-423
-480
-511
-400
-458
-459
-449
-423
-372
-361
-397
-444
-392
-410
-352
-372
-387
-450
-440
-380
-439
-359
-390
-370
-379
-305
-327
-326
-183
-269
-171
-166
-215
-105
-223
-153
-116
-183
-94
-96
-92
-98
-112
-172
-88
-137
-117
-86
-146
-102
-152
-41
-185
-97
-164
-200
-144
-166
-150
-226
-148
-104
-37
-8
24
102
160
168
143
166
213
171
154
239
247
221
259
275
294
281
301
216
256
304
269
269
362
369
332
422
400
362
392
421
409
413
377
394
416
404
387
403
318
334
329
405
363
394
376
443
448
378
429
456
397
419
389
441
345
304
367
306
372
341
359
275
336
331
363
323
277
287
277
344
281
222
259
172
124
69
90
74
12
70
-22
3
-49
-38
-11
-26
-52
-76
-54
-170
-87
-200
-198
-226
-296
-317
-352
-362
-328
-357
-346
-308
-324
-278
-303
-289
-290
-375
-219
-273
-260
-362
-359
-383
-408
-414
-496
-463
-440
-417
-487
-454
-484
-502
-479
-474
-425
-422
-411
-355
-379
-320
-352
-278
-330
-342
-301
-332
-327
-319
-297
-349
-180
-265
-246
-261
-261
-192
-207
-168
-231
-130
-187
-193
-183
-204
-152
-244
-186
-190
-150
-208
-115
-143
-109
-128
-114
23
23
17
-1
59
45
54
124
87
62
51
152
173
37
104
76
113
173
76
181
165
228
218
230
310
303
286
286
264
272
307
352
251
311
270
234
277
214
276
