
24
9
-2
-3
4
13
21
20
15
5
-4
-7
-4
0
1
-2
-8
-13
-18
-18
-14
-8
-1
0
-4
-12
-21
-25
-25
-16
-6
4
9
7
4
0
-1
2
12
28
44
55
61
61
57
50
37
28
25
29
35
32
25
19
16
18
21
29
38
45
44
38
29
23
20
16
15
15
19
26
30
31
26
15
2
-5
-5
0
7
13
16
10
-2
-15
-18
-15
-9
-7
-5
1
9
13
17
21
24
21
12
5
8
14
13
6
-1
1
10
19
21
20
18
18
22
27
33
36
38
33
22
6
-8
-12
-9
-1
5
9
11
16
23
30
37
38
32
18
4
-9
-11
3
23
38
48
54
52
35
4
-26
-37
-31
-17
-4
10
20
24
15
3
-5
-3
-1
0
1
6
13
18
20
22
24
23
17
6
-6
-14
-12
-4
4
7
7
7
6
7
7
9
13
19
20
16
7
3
7
15
13
3
-8
-15
-16
-13
-6
0
-1
-8
-12
-11
-5
-4
-7
-10
-7
-4
-3
-4
-2
-1
2
6
12
16
14
10
8
5
0
-3
4
16
24
28
26
24
21
17
16
20
29
34
34
25
17
10
7
8
12
18
26
32
32
26
19
17
21
24
25
22
13
-2
-17
-24
-17
-2
14
23
26
27
27
27
29
30
25
17
9
2
0
0
2
5
7
6
8
14
23
27
25
20
12
7
3
3
6
12
13
11
4
-5
-11
-11
-6
0
2
3
8
16
25
24
14
2
-6
-9
-10
-8
-3
4
10
13
10
7
4
2
3
10
18
30
40
43
39
29
17
12
13
21
31
38
37
32
27
25
27
30
34
37
38
33
28
27
27
26
25
22
19
12
-1
-11
-15
-14
-10
-8
-7
-7
-11
-14
-13
-11
-7
-6
-5
-2
0
-2
-3
1
11
24
35
41
38
30
19
11
5
3
9
17
28
34
34
27
20
18
22
28
38
48
54
49
38
27
22
19
13
6
1
3
5
4
1
0
-1
-1
6
16
25
28
21
14
6
-1
-3
2
14
23
24
18
12
12
20
30
38
38
29
20
13
12
17
23
28
26
19
14
13
15
12
5
-2
-2
1
6
12
12
10
5
2
0
-2
-3
-1
3
6
5
3
1
-2
-9
-15
-17
-11
-4
-2
-3
1
7
11
13
11
12
15
22
27
29
27
22
17
10
5
7
18
36
47
48
41
29
15
2
-10
-16
-12
-1
11
19
26
33
35
33
29
21
12
5
2
3
6
9
13
20
26
26
25
23
25
26
24
21
16
15
17
24
32
37
38
35
31
28
27
28
28
26
25
24
26
31
40
42
32
11
-14
-33
-41
-41
-35
-23
-8
5
11
9
3
-6
-12
-13
-15
-17
-17
-11
-2
5
2
-2
-3
-3
-3
-10
-13
-12
-6
-4
-2
3
13
18
9
-6
-19
-20
-15
-8
0
6
9
10
12
15
15
10
6
11
19
21
20
19
20
16
11
8
16
25
27
19
12
7
4
-1
-4
-3
2
9
15
15
10
2
-1
3
8
11
11
10
7
0
-8
-12
-14
-11
-7
-2
3
3
-2
-4
1
11
19
22
23
25
24
23
24
29
35
37
35
27
13
-3
-11
-8
2
8
10
8
8
3
1
0
4
6
4
2
-1
-2
-5
-6
0
12
26
35
37
32
19
0
-13
-15
-8
-1
0
-3
-3
1
8
13
15
15
15
15
16
18
24
33
38
39
35
29
21
13
4
4
12
20
26
26
23
24
29
35
37
34
26
18
13
12
13
15
23
28
31
25
14
2
-8
-14
-12
-6
7
17
22
19
8
-4
-11
-9
1
10
14
15
14
11
10
14
22
28
26
19
13
16
22
32
41
46
41
26
14
8
9
14
18
20
20
15
11
10
11
13
16
22
29
33
33
35
40
43
38
27
14
6
4
4
8
15
21
25
26
20
12
4
1
0
0
3
11
22
33
40
39
31
16
-3
-12
-5
9
24
30
32
29
23
16
13
9
0
-10
-15
-12
-9
-8
-8
-4
2
4
6
13
25
32
30
26
22
19
15
14
21
28
29
24
22
24
23
14
2
-3
0
14
25
28
27
26
29
33
32
25
16
10
7
5
2
-1
-7
-14
-15
-8
7
21
31
37
39
35
26
15
11
11
13
12
12
13
13
15
19
23
22
16
10
12
20
26
27
29
29
27
21
17
20
26
28
26
25
25
29
31
31
28
19
4
-11
-20
-19
-5
12
26
28
21
11
6
5
4
1
-2
-3
-2
-3
-6
-10
-12
-9
-5
2
10
15
17
16
17
22
33
43
44
37
23
9
2
3
11
17
22
24
27
31
32
29
25
23
16
10
3
1
4
4
-1
-8
-10
-3
10
22
26
23
13
2
-4
0
10
22
29
29
28
27
27
24
18
11
5
3
-1
-8
-10
-2
13
25
31
32
33
32
26
16
8
4
0
-2
0
8
18
26
33
38
36
31
27
26
27
27
26
25
26
26
24
18
9
2
-4
-3
3
15
29
43
51
55
53
48
42
35
25
17
11
14
22
33
39
35
27
14
-1
-15
-24
-27
-21
-13
-4
6
18
27
28
26
24
24
28
31
31
26
16
6
2
7
18
28
30
21
5
-8
-8
3
19
33
42
46
44
39
34
32
31
29
26
26
26
24
20
12
2
-9
-13
-14
-16
-21
-22
-16
-4
7
13
16
20
25
26
25
20
15
11
6
4
5
10
17
24
27
25
24
23
21
17
7
0
-4
-3
2
6
5
4
7
15
20
20
14
5
1
5
12
21
30
31
26
21
18
21
29
35
36
31
24
16
8
3
-5
-13
-19
-17
-6
11
26
35
34
24
8
-9
-18
-19
-13
-3
6
12
14
12
12
16
20
18
11
6
7
8
7
2
1
6
15
24
34
42
46
38
26
14
9
10
15
27
42
51
49
37
22
17
20
28
35
38
37
30
21
11
4
1
3
6
11
12
12
11
12
18
22
22
19
18
14
5
-4
-7
0
11
15
13
8
-1
-11
-20
-22
-16
-6
1
5
4
3
3
5
8
10
13
15
15
14
14
14
13
10
2
-6
-10
-6
3
15
28
36
37
32
25
20
16
14
15
21
32
39
35
23
9
2
2
5
7
8
10
14
18
17
11
9
13
20
25
27
27
26
20
10
-2
-7
-5
-2
-2
-1
5
17
29
37
38
37
33
30
29
28
24
17
8
-2
-8
-8
-3
5
14
17
16
11
2
-8
-14
-14
-5
6
18
28
40
53
61
62
52
35
22
13
11
16
26
35
39
38
34
27
17
9
5
6
12
24
38
47
48
39
26
11
1
-3
-1
3
5
4
1
3
12
23
29
24
10
-6
-16
-19
-15
-8
-1
4
6
6
8
15
23
28
25
20
12
7
2
1
6
18
31
34
31
21
7
-1
-5
-3
4
12
16
17
15
18
23
29
32
32
25
17
8
4
2
-1
-3
-3
0
7
14
19
16
5
-6
-14
-15
-9
-2
0
0
-2
-5
-4
0
5
14
25
33
35
33
30
24
16
9
5
4
2
0
3
8
14
16
18
20
24
23
20
16
17
27
39
50
55
54
49
39
29
23
23
24
20
15
11
14
21
26
29
30
25
13
-1
-4
5
23
38
46
43
33
17
0
-9
-11
-8
-3
3
8
10
8
1
-7
-14
-17
-18
-14
-6
0
0
-4
-7
-3
4
8
12
13
14
15
16
21
29
36
38
33
25
18
16
18
24
28
30
29
26
26
26
29
34
35
31
23
16
13
15
18
19
14
7
5
6
14
22
29
29
22
10
-1
-5
-2
6
13
13
14
18
20
19
13
10
13
24
34
39
39
36
28
19
13
12
14
14
16
21
29
36
38
35
31
27
24
23
24
26
26
19
8
-4
-14
-17
-14
-6
4
7
5
-1
-5
-7
-6
0
7
13
15
15
13
6
0
-5
-4
1
5
4
3
5
6
4
4
5
5
5
3
6
14
24
32
41
52
61
70
76
77
68
50
33
26
31
36
34
25
8
-9
-26
-37
-34
-25
-13
-4
1
3
3
2
2
5
10
15
18
17
10
-1
-11
-14
-8
2
8
7
0
-9
-16
-20
-17
-7
8
22
27
30
31
26
16
6
1
3
2
-6
-10
-10
-6
-4
-7
-13
-21
-30
-40
-43
-35
-23
-8
2
10
10
8
3
1
1
-4
-11
-12
-5
4
11
13
13
10
4
-8
-14
-14
-7
-2
3
7
12
13
10
6
7
15
25
28
26
24
25
25
25
26
27
31
34
32
30
30
31
26
18
13
13
11
4
-5
-5
-4
-3
-7
-9
-5
1
4
5
11
21
28
26
18
9
4
4
7
10
15
15
14
14
13
13
11
8
5
7
17
28
34
31
20
9
1
1
8
21
35
43
42
33
25
26
32
38
33
19
5
-4
-2
4
11
13
10
5
-6
-17
-22
-21
-11
7
24
40
50
53
50
40
29
23
22
22
18
13
11
13
13
7
-1
-7
-9
-11
-11
-5
8
26
45
58
61
52
35
21
19
21
22
19
15
13
9
0
-9
-15
-17
-16
-15
-11
-10
-11
-17
-28
-33
-30
-20
-6
3
8
7
7
8
14
20
20
13
-2
-19
-29
-33
-31
-28
-25
-21
-18
-16
-15
-12
-6
2
10
18
28
36
40
45
48
49
48
44
40
34
30
31
33
31
21
8
-5
-14
-20
-23
-22
-16
-9
-5
0
5
9
12
14
15
15
12
5
0
-3
-4
-5
-5
-4
-4
-8
-17
-22
-21
-15
-4
5
15
20
24
26
27
31
34
38
40
45
52
56
54
47
33
19
3
-7
-9
-3
5
15
23
26
22
15
12
15
23
31
36
39
35
27
17
6
-5
-15
-17
-7
9
18
15
5
-4
-9
-10
-9
-8
-7
-9
-10
-6
4
15
23
31
38
45
51
56
56
50
39
28
21
16
11
8
7
11
19
29
37
39
32
20
8
1
-1
2
13
30
44
49
44
35
21
6
-8
-13
-11
-3
3
6
4
0
-1
-1
1
0
0
4
13
19
22
17
12
9
9
11
11
10
5
2
2
7
12
15
13
6
-4
-11
-7
7
26
37
41
38
33
30
31
37
46
55
56
47
26
4
-6
-3
10
25
33
36
31
21
11
8
13
20
27
29
28
22
13
3
-1
9
22
32
33
26
13
-1
-14
-21
-18
-11
-7
-7
-12
-16
-14
-9
-2
3
6
10
13
16
20
24
26
25
24
25
25
24
23
25
28
31
34
35
36
35
31
32
34
31
21
13
13
22
35
42
42
33
20
4
-6
-10
-9
-7
-6
-5
-1
4
13
22
31
38
38
30
16
2
-6
-3
2
4
6
11
19
25
23
17
9
5
8
17
26
32
33
31
26
24
28
33
32
26
18
13
9
4
-3
-7
-4
3
11
19
27
34
35
29
17
7
2
3
6
9
13
14
8
-4
-14
-13
-1
15
26
30
26
22
22
23
21
17
18
26
33
26
12
-1
0
3
1
-5
-2
12
25
28
20
15
12
12
12
13
18
25
29
29
29
29
32
34
35
37
38
44
51
55
50
34
13
-5
-9
2
18
25
12
-12
-20
-2
26
25
-18
-68
-76
-34
11
8
-30
-45
-11
30
22
-30
-66
-47
-8
1
-25
-45
-40
-31
-44
-56
-37
13
49
39
7
-2
27
70
90
82
69
75
94
106
95
68
45
43
52
52
35
13
2
5
11
16
21
28
29
19
6
2
11
16
9
-4
-10
-5
6
11
-3
-30
-51
-55
-53
-59
-72
-74
-63
-54
-58
-67
-61
-45
-33
-35
-36
-25
-6
7
9
7
7
11
20
26
30
27
19
18
25
35
40
36
35
46
70
99
121
137
148
153
157
159
166
183
207
221
201
143
88
76
110
130
78
-22
-83
-59
-8
-40
-173
-308
-340
-292
-274
-351
-469
-528
-516
-504
-547
-612
-646
-647
-664
-714
-754
-739
-689
-663
-678
-690
-642
-536
-425
-357
-334
-304
-197
4
235
390
430
437
534
751
980
1098
1110
1133
1268
1461
1574
1539
1438
1397
1445
1495
1474
1399
1337
1282
1172
1000
845
770
721
590
363
148
33
-18
-110
-285
-491
-654
-749
-794
-835
-915
-1043
-1171
-1226
-1203
-1177
-1215
-1286
-1305
-1253
-1191
-1164
-1140
-1073
-975
-894
-830
-745
-632
-533
-473
-414
-305
-166
-54
1
37
91
167
251
337
420
485
519
544
583
630
661
665
659
662
673
678
672
665
650
623
590
574
582
602
614
596
551
501
473
479
503
506
453
343
222
168
210
261
196
-7
-194
-203
-70
-19
-197
-483
-622
-544
-451
-548
-792
-964
-959
-905
-962
-1116
-1223
-1224
-1209
-1251
-1299
-1267
-1183
-1168
-1264
-1355
-1316
-1152
-1003
-974
-1026
-1021
-850
-543
-249
-124
-170
-197
12
471
937
1126
1008
866
1040
1570
2107
2234
1933
1659
1850
2388
2700
2447
1969
1835
2107
2288
2034
1611
1458
1533
1426
1008
652
642
736
510
-15
-398
-391
-246
-339
-705
-1085
-1266
-1259
-1187
-1183
-1331
-1589
-1751
-1637
-1357
-1234
-1404
-1623
-1595
-1365
-1220
-1260
-1283
-1126
-918
-853
-875
-770
-518
-333
-328
-337
-166
127
331
370
362
407
485
560
650
749
788
752
739
826
941
966
905
876
927
991
1020
1032
1028
956
829
776
866
974
897
622
378
361
508
566
373
27
-217
-220
-109
-151
-434
-761
-877
-804
-800
-1011
-1278
-1370
-1314
-1335
-1518
-1668
-1607
-1433
-1398
-1561
-1722
-1708
-1593
-1579
-1714
-1836
-1783
-1568
-1326
-1161
-1070
-995
-869
-633
-274
126
419
531
583
805
1298
1867
2165
2077
1898
2066
2637
3151
3131
2694
2449
2735
3161
3111
2579
2179
2285
2504
2248
1598
1188
1281
1392
1013
359
45
207
332
5
-556
-874
-863
-832
-1015
-1326
-1584
-1716
-1743
-1712
-1736
-1909
-2142
-2201
-2018
-1829
-1862
-2008
-1977
-1736
-1544
-1546
-1548
-1329
-1000
-824
-813
-700
-354
13
146
103
146
368
610
721
756
838
974
1095
1185
1272
1338
1335
1318
1398
1583
1720
1675
1508
1396
1429
1533
1551
1391
1098
852
829
980
1003
661
126
-162
-45
112
-135
-703
-1076
-978
-741
-864
-1360
-1751
-1703
-1414
-1321
-1541
-1792
-1822
-1728
-1761
-1956
-2097
-2030
-1882
-1873
-2027
-2140
-2053
-1840
-1707
-1733
-1769
-1589
-1131
-586
-235
-169
-175
60
611
1238
1651
1803
1878
2069
2418
2848
3225
3395
3281
3035
2973
3242
3568
3519
3030
2531
2426
2604
2585
2148
1585
1281
1232
1133
847
541
359
173
-181
-584
-767
-714
-737
-1069
-1548
-1833
-1829
-1754
-1833
-2061
-2294
-2420
-2403
-2261
-2091
-2034
-2114
-2170
-2034
-1736
-1458
-1298
-1186
-1042
-868
-691
-484
-245
-59
8
42
183
430
639
714
733
819
989
1165
1288
1360
1395
1423
1492
1624
1731
1693
1524
1413
1513
1714
1732
1441
1058
929
1109
1256
1013
451
38
78
319
227
-339
-911
-970
-621
-463
-831
-1378
-1553
-1329
-1182
-1433
-1840
-1989
-1862
-1815
-2047
-2339
-2388
-2214
-2111
-2266
-2541
-2647
-2439
-2038
-1735
-1724
-1886
-1845
-1334
-546
1
32
-142
49
786
1659
2145
2164
2101
2325
2822
3305
3543
3540
3443
3397
3471
3634
3741
3637
3295
2887
2635
2585
2575
2432
2126
1735
1327
961
714
583
400
-19
-579
-935
-897
-730
-869
-1391
-1938
-2155
-2070
-1953
-1966
-2092
-2274
-2456
-2518
-2365
-2105
-1987
-2091
-2195
-2057
-1721
-1432
-1299
-1205
-1044
-864
-727
-572
-331
-89
9
-5
72
339
652
810
810
825
974
1214
1444
1633
1776
1830
1759
1637
1619
1784
2025
2109
1882
1442
1123
1199
1541
1624
1074
203
-203
197
796
683
-237
-1084
-1077
-491
-260
-793
-1529
-1730
-1382
-1081
-1226
-1637
-1938
-2029
-2047
-2061
-2013
-1940
-2002
-2273
-2561
-2577
-2276
-1924
-1836
-2039
-2242
-2110
-1593
-965
-543
-386
-305
-85
313
812
1347
1852
2191
2264
2232
2463
3115
3817
3972
3480
2948
3045
3665
4022
3588
2748
2323
2562
2895
2717
2117
1628
1480
1391
1089
716
521
421
122
-398
-812
-887
-816
-958
-1386
-1847
-2077
-2044
-1893
-1819
-1958
-2286
-2561
-2516
-2180
-1899
-1946
-2179
-2222
-1934
-1548
-1322
-1245
-1141
-958
-782
-627
-411
-131
70
97
76
215
531
835
968
970
987
1095
1282
1507
1728
1879
1900
1808
1714
1737
1887
2034
1968
1590
1091
873
1135
1527
1398
563
-326
-431
253
756
239
-958
-1673
-1308
-541
-468
-1268
-2081
-2154
-1695
-1444
-1683
-2046
-2176
-2170
-2256
-2353
-2259
-2072
-2125
-2488
-2813
-2745
-2344
-1969
-1873
-2007
-2109
-1905
-1283
-475
48
47
-138
89
876
1749
2195
2235
2263
2507
2881
3290
3726
4063
4039
3640
3312
3484
3975
4116
3554
2717
2320
2537
2838
2661
2019
1386
1104
1074
1015
823
555
218
-230
-679
-881
-782
-701
-1000
-1613
-2090
-2123
-1894
-1794
-1980
-2292
-2529
-2611
-2534
-2347
-2213
-2287
-2486
-2499
-2172
-1739
-1538
-1582
-1586
-1369
-1041
-767
-538
-301
-109
-21
77
348
740
1015
1064
1034
1124
1353
1619
1856
2025
2032
1845
1649
1744
2168
2545
2413
1755
1106
1044
1556
1956
1574
526
-278
-99
735
1075
259
-1054
-1608
-1031
-273
-426
-1419
-2221
-2163
-1659
-1487
-1785
-2093
-2153
-2203
-2431
-2586
-2396
-2087
-2164
-2682
-3091
-2900
-2261
-1762
-1754
-2038
-2133
-1751
-1000
-291
18
-46
-77
307
1048
1758
2178
2392
2571
2729
2868
3172
3774
4372
4411
3785
3156
3261
3982
4381
3813
2747
2238
2627
3112
2760
1678
857
873
1214
1055
379
-136
-189
-272
-828
-1479
-1555
-1141
-1042
-1664
-2440
-2613
-2228
-1948
-2138
-2531
-2752
-2750
-2614
-2366
-2114
-2118
-2391
-2508
-2094
-1429
-1132
-1306
-1393
-1006
-463
-265
-337
-213
190
480
483
557
1012
1565
1716
1485
1381
1701
2206
2508
2511
2328
2071
1906
2082
2553
2775
2236
1237
748
1239
1979
1829
650
-468
-511
249
617
-76
-1247
-1836
-1569
-1139
-1264
-1861
-2309
-2307
-2149
-2200
-2377
-2385
-2244
-2283
-2615
-2885
-2721
-2280
-2103
-2426
-2864
-2874
-2379
-1825
-1644
-1810
-1941
-1720
-1166
-537
-64
204
396
655
1036
1524
2100
2685
3069
3075
2878
2993
3700
4552
4737
4055
3287
3330
4084
4544
4020
2969
2392
2613
2960
2695
1896
1261
1156
1207
881
226
-225
-241
-231
-683
-1423
-1793
-1542
-1209
-1438
-2140
-2626
-2511
-2145
-2092
-2447
-2847
-2972
-2802
-2486
-2212
-2144
-2300
-2426
-2225
-1749
-1379
-1315
-1307
-1049
-641
-401
-339
-140
302
681
748
714
943
1385
1652
1603
1548
1789
2233
2553
2575
2358
2075
1970
2232
2679
2718
1993
1036
835
1561
2147
1508
3
-890
-413
471
291
-1059
-2202
-2052
-1158
-923
-1784
-2750
-2784
-2117
-1801
-2260
-2819
-2749
-2263
-2114
-2487
-2790
-2546
-2053
-1924
-2248
-2532
-2385
-1950
-1631
-1589
-1641
-1532
-1179
-701
-289
-21
222
590
1046
1407
1678
2142
2919
3591
3605
3121
3040
3921
5070
5241
4261
3400
3787
4850
4971
3640
2229
2217
3208
3466
2257
797
530
1181
1265
229
-834
-825
-192
-225
-1224
-2146
-2100
-1504
-1386
-2013
-2701
-2841
-2553
-2315
-2350
-2570
-2825
-2950
-2779
-2390
-2178
-2395
-2699
-2522
-1884
-1434
-1547
-1762
-1452
-740
-296
-336
-358
29
516
641
560
792
1387
1824
1811
1725
2034
2621
2980
2876
2531
2243
2179
2440
2920
3084
2352
1023
354
1151
2458
2389
484
-1427
-1341
318
1105
-363
-2585
-3079
-1550
-204
-853
-2706
-3583
-2754
-1621
-1666
-2625
-3154
-2721
-2119
-2204
-2781
-3052
-2729
-2316
-2347
-2711
-2858
-2497
-1926
-1668
-1850
-2026
-1677
-825
-43
214
139
280
834
1473
1910
2309
2898
3445
3526
3311
3559
4538
5374
5041
3855
3330
4226
5378
5077
3370
2111
2557
3701
3637
2120
802
904
1618
1392
149
-725
-442
97
-310
-1457
-2119
-1809
-1358
-1651
-2470
-2972
-2842
-2502
-2396
-2574
-2910
-3271
-3410
-3095
-2566
-2432
-2870
-3241
-2888
-2076
-1647
-1822
-1928
-1458
-801
-565
-625
-389
203
600
572
615
1153
1840
2093
1990
2131
2706
3216
3215
2891
2715
2842
3083
3236
3113
2540
1678
1213
1644
2371
2116
602
-780
-613
520
591
-1160
-3011
-2941
-1368
-654
-1949
-3704
-3824
-2440
-1557
-2301
-3611
-3886
-3052
-2356
-2565
-3168
-3338
-3002
-2694
-2724
-2899
-2912
-2699
-2380
-2067
-1801
-1550
-1254
-890
-525
-210
155
711
1384
1910
2218
2596
3250
3853
3897
3565
3723
4739
5663
5269
3844
3145
4150
5523
5216
3269
1939
2686
4134
3929
1987
527
919
1849
1391
-190
-969
-289
330
-465
-1889
-2282
-1540
-1107
-1784
-2745
-2970
-2655
-2591
-2870
-3024
-3014
-3204
-3461
-3204
-2499
-2231
-2766
-3210
-2674
-1679
-1422
-1926
-1999
-1112
-250
-348
-809
-467
569
1095
721
442
1029
1860
2016
1777
2096
2967
3345
2760
2076
2264
3083
3528
3123
2258
1532
1321
1725
2324
2154
713
-944
-1072
408
1325
-93
-2622
-3400
-1754
-226
-1171
-3552
-4427
-2945
-1323
-1657
-3249
-3942
-3126
-2182
-2251
-2843
-2966
-2620
-2504
-2778
-2906
-2596
-2208
-2127
-2209
-2086
-1673
-1143
-625
-177
114
286
629
1353
2197
2684
2760
2867
3301
3850
4265
4657
5077
5104
4450
3799
4178
5351
5678
4237
2382
2181
3567
4263
2872
817
331
1331
1701
447
-966
-939
-107
-228
-1480
-2292
-1833
-1215
-1690
-2773
-3120
-2602
-2322
-2794
-3310
-3282
-3143
-3369
-3500
-2990
-2370
-2538
-3177
-3056
-1989
-1282
-1756
-2395
-1872
-626
-162
-671
-772
245
1264
1133
500
766
1907
2613
2403
2259
2879
3489
3143
2338
2340
3254
3833
3213
2005
1372
1634
2150
2165
1399
188
-626
-316
723
973
-498
-2533
-3005
-1601
-464
-1465
-3641
-4421
-3073
-1609
-1968
-3503
-4132
-3241
-2241
-2357
-3075
-3222
-2696
-2365
-2629
-2961
-2826
-2402
-2115
-1973
-1693
-1238
-838
-599
-376
-8
523
1170
1843
2373
2623
2704
2912
3411
4092
4746
5173
5168
4700
4226
4435
5307
5758
4816
3097
2331
3143
4057
3373
1513
456
961
1540
717
-811
-1303
-638
-418
-1431
-2444
-2191
-1368
-1533
-2678
-3299
-2716
-2005
-2220
-2907
-3113
-2929
-3031
-3273
-2964
-2306
-2291
-2994
-3193
-2236
-1216
-1369
-2119
-1946
-758
-25
-437
-841
-125
1026
1262
703
674
1597
2456
2506
2332
2640
3009
2732
2214
2445
3281
3442
2380
1192
1134
1939
2292
1572
417
-269
-225
180
309
-381
-1765
-2802
-2515
-1410
-1195
-2605
-4209
-4138
-2600
-1629
-2358
-3633
-3781
-2840
-2188
-2478
-2971
-2886
-2475
-2373
-2584
-2637
-2393
-2121
-1905
-1523
-914
-403
-260
-320
-187
349
1190
2060
2632
2754
2651
2809
3469
4321
4864
4935
4754
4579
4564
4800
5162
5159
4376
3219
2697
3172
3689
3129
1740
845
1021
1352
828
-209
-716
-589
-715
-1430
-1958
-1735
-1460
-2040
-3063
-3285
-2525
-2004
-2569
-3519
-3745
-3308
-3058
-3168
-3057
-2634
-2562
-3002
-3097
-2285
-1346
-1324
-1903
-1868
-969
-250
-334
-472
140
991
1097
686
912
2030
2925
2773
2201
2224
2742
2932
2691
2678
2983
2814
1868
1135
1565
2461
2213
579
-739
-251
1232
1488
-320
-2556
-3076
-1794
-699
-1391
-3214
-4167
-3346
-1942
-1666
-2706
-3694
-3525
-2623
-2170
-2566
-3115
-3113
-2692
-2430
-2518
-2640
-2503
-2158
-1772
-1364
-879
-397
-116
-86
-28
505
1621
2769
3141
2604
2066
2566
4023
5215
5152
4201
3591
3987
4882
5320
4899
4014
3347
3270
3569
3658
3146
2278
1645
1454
1282
755
131
-128
-190
-679
-1616
-2147
-1733
-1153
-1612
-2987
-3810
-3201
-2102
-2029
-3079
-3948
-3764
-3045
-2700
-2832
-2976
-2970
-2933
-2741
-2162
-1485
-1318
-1652
-1717
-1059
-215
67
-119
-86
384
865
1110
1403
1937
2375
2412
2344
2601
2992
2983
2623
2535
2885
2982
2338
1573
1618
2241
2182
951
-298
-242
715
859
-551
-2224
-2491
-1467
-869
-1785
-3367
-3993
-3246
-2243
-2155
-2919
-3562
-3434
-2826
-2446
-2597
-2953
-3049
-2794
-2487
-2410
-2498
-2434
-2000
-1285
-571
-121
-42
-197
-214
326
1474
2671
3098
2502
1644
1731
3152
4890
5450
4504
3380
3623
5142
6226
5554
3793
2777
3265
4141
3972
2812
1912
1923
2111
1546
487
-16
307
470
-434
-1867
-2422
-1671
-845
-1345
-2947
-4034
-3577
-2335
-1860
-2666
-3827
-4210
-3638
-2810
-2457
-2765
-3343
-3568
-3094
-2247
-1738
-1844
-2045
-1721
-1006
-542
-519
-445
45
644
946
1119
1561
2159
2436
2352
2393
2766
3052
2932
2759
2941
3108
2600
1650
1327
2008
2589
1841
210
-603
127
1086
601
-1172
-2458
-2138
-1088
-952
-2130
-3454
-3722
-3006
-2323
-2397
-3003
-3451
-3375
-3004
-2763
-2783
-2869
-2839
-2755
-2772
-2852
-2760
-2338
-1671
-991
-509
-335
-416
-462
-26
1105
2519
3324
2953
1919
1591
2895
5128
6355
5406
3396
2737
4385
6518
6580
4431
2592
3072
4801
5110
3297
1444
1439
2427
2243
634
-435
224
1173
396
-1734
-2868
-1910
-499
-778
-2650
-4101
-3812
-2518
-1799
-2308
-3466
-4298
-4181
-3189
-2170
-2150
-3224
-4192
-3841
-2500
-1658
-1999
-2545
-2156
-1161
-733
-1041
-1029
-132
796
793
305
544
1701
2693
2724
2243
2079
2331
2608
2806
2983
2831
2050
1193
1265
2223
2661
1546
-228
-820
215
1305
825
-973
-2395
-2327
-1344
-851
-1552
-2873
-3677
-3375
-2431
-1849
-2180
-3029
-3540
-3302
-2643
-2162
-2128
-2408
-2731
-2875
-2682
-2111
-1307
-534
-56
-35
-394
-650
-101
1471
3253
3906
2899
1250
725
2159
4545
5839
4906
2854
2178
4050
6603
6743
3989
1456
2106
4795
5668
3343
739
841
2497
2341
-53
-1570
-346
1320
371
-2430
-3573
-1867
-43
-829
-3362
-4726
-3825
-2218
-1667
-2356
-3521
-4454
-4548
-3471
-1987
-1685
-3012
-4278
-3645
-1688
-704
-1514
-2406
-1771
-436
-193
-927
-851
548
1591
1025
87
738
2690
3750
2922
1657
1652
2672
3368
3281
2952
2604
1941
1269
1488
2558
2957
1544
-596
-1218
230
1735
1099
-1412
-3388
-3065
-1232
-194
-1215
-3303
-4471
-3860
-2445
-1796
-2461
-3638
-4199
-3761
-2838
-2221
-2311
-2883
-3330
-3171
-2412
-1427
-595
-157
-276
-883
-1329
-647
1388
3551
4093
2582
645
521
2826
5799
6857
5085
2364
1719
4142
7154
7312
4294
1560
2230
5098
6193
3991
1292
1136
2644
2657
581
-844
122
1443
364
-2354
-3403
-1687
142
-576
-3042
-4462
-3765
-2374
-1874
-2435
-3495
-4532
-4833
-3778
-2069
-1598
-3107
-4757
-4274
-2053
-678
-1364
-2484
-2178
-973
-555
-952
-676
628
1460
901
249
1121
2923
3641
2719
1729
2011
2987
3414
3196
2990
2769
2042
1252
1554
2842
3236
1454
-1055
-1598
278
1998
1086
-1788
-3702
-3020
-1113
-463
-1816
-3686
-4309
-3485
-2434
-2316
-3152
-4069
-4283
-3763
-3059
-2710
-2852
-3258
-3590
-3529
-2830
-1532
-175
374
-329
-1597
-1871
-128
2829
4745
4040
1646
402
2229
5912
8080
6673
3301
1746
3866
7392
8348
5649
2450
2331
4873
6334
4640
2020
1648
3105
3212
994
-731
333
2218
1383
-1953
-3834
-2117
488
235
-2667
-4791
-4270
-2655
-2110
-2807
-3759
-4529
-4970
-4499
-3080
-2178
-3151
-4967
-5165
-3272
-1592
-1927
-3073
-2824
-1326
-610
-1258
-1572
-441
833
702
-52
507
2370
3492
2812
1699
1795
2776
3303
3177
3192
3348
2790
1645
1384
2612
3663
2600
75
-1209
28
1883
1652
-816
-3045
-2980
-1270
-235
-1158
-3096
-4201
-3731
-2590
-2143
-2820
-3886
-4357
-3960
-3205
-2744
-2795
-3132
-3407
-3343
-2725
-1532
-212
362
-323
-1568
-1704
280
3310
4854
3450
558
-579
1722
5556
7236
5326
2413
2286
5449
8328
7489
3912
1837
3418
6049
5961
3252
1501
2571
4039
2923
213
-521
1503
2891
847
-2693
-3607
-1230
838
-350
-3407
-4868
-3678
-1885
-1554
-2637
-3925
-4643
-4570
-3717
-2722
-2743
-4014
-5046
-4325
-2512
-1728
-2612
-3441
-2714
-1300
-948
-1560
-1509
-345
513
192
-104
1007
2777
3319
2375
1594
2091
3109
3527
3399
3258
2912
2073
1513
2220
3508
3399
1335
-655
-390
1547
2438
805
-1852
-2982
-1943
-452
-422
-1948
-3529
-3863
-3104
-2421
-2629
-3440
-4037
-4049
-3766
-3541
-3380
-3200
-3147
-3310
-3281
-2482
-1057
-69
-420
-1584
-1841
-75
2744
4204
2902
214
-754
1648
5563
7284
5302
2266
2160
5540
8607
7710
3945
1867
3668
6425
6171
3278
1691
3163
4786
3390
351
-354
1932
3389
1132
-2582
-3427
-917
1124
-187
-3307
-4812
-3748
-2055
-1640
-2577
-3940
-4909
-4874
-3701
-2419
-2568
-4176
-5259
-4258
-2289
-1705
-2822
-3566
-2602
-1203
-1117
-1847
-1566
-92
819
282
-298
592
2232
2753
1878
1148
1611
2622
3199
3320
3269
2776
1789
1348
2382
3859
3602
1280
-693
-112
2009
2625
563
-2072
-2699
-1379
-339
-992
-2522
-3370
-3197
-2835
-2915
-3244
-3419
-3450
-3539
-3622
-3460
-3093
-2897
-3086
-3334
-3027
-1949
-698
-267
-1018
-2018
-1649
686
3502
4311
2275
-406
-435
2890
6466
6635
3581
1416
3280
7235
8431
5280
1682
2060
5527
7115
4560
1342
1696
4602
5320
2271
-664
256
3233
3526
187
-2728
-1944
690
1136
-1352
-3813
-3904
-2458
-1514
-1754
-2678
-3878
-4888
-4785
-3373
-2211
-2928
-4711
-5061
-3315
-1763
-2340
-3772
-3542
-1724
-782
-1686
-2454
-1332
437
601
-528
-552
1266
2850
2432
1091
994
2290
3296
3163
2694
2548
2280
1691
1725
2893
3821
2818
568
-369
984
2485
1648
-1004
-2646
-1856
-254
-149
-1686
-3106
-3228
-2621
-2381
-2687
-2994
-3079
-3221
-3521
-3640
-3363
-3030
-3082
-3382
-3272
-2393
-1222
-675
-1165
-2038
-2012
-369
2059
3307
2183
-58
-506
2278
6127
7170
4294
907
1238
5142
7999
6334
2268
889
3697
6728
5923
2502
1003
2848
4551
3012
109
-128
2410
3591
1010
-2462
-2650
186
1925
219
-2801
-3870
-2611
-1124
-961
-1972
-3385
-4487
-4469
-3126
-1818
-2340
-4381
-5410
-3958
-1816
-1657
-3294
-4081
-2814
-1303
-1416
-2323
-2048
-638
66
-503
-736
543
2157
2316
1240
713
1507
2608
2951
2682
2352
1974
1564
1712
2662
3315
2383
455
-302
1034
2623
2066
-454
-2338
-1866
-225
220
-1119
-2680
-3005
-2369
-1971
-2256
-2707
-2898
-3018
-3277
-3434
-3224
-2908
-2944
-3243
-3164
-2314
-1129
-515
-970
-1983
-2275
-862
1745
3524
2758
163
-1278
646
4579
6620
4650
1087
373
3680
7242
6890
3382
1530
3812
6928
6299
2533
669
2937
5456
3878
-114
-1125
1979
4230
1715
-2705
-3446
-31
2506
740
-2921
-4196
-2546
-830
-944
-2148
-3205
-3867
-4009
-3213
-2035
-2085
-3752
-5029
-4063
-2015
-1626
-3272
-4391
-3270
-1498
-1413
-2560
-2595
-1019
129
-415
-1138
-184
1682
2208
1048
187
980
2424
2971
2651
2388
2276
1857
1544
2195
3278
3051
1133
-397
385
2393
2711
481
-1902
-1943
-192
744
-330
-2028
-2595
-2097
-1825
-2324
-2954
-3112
-3004
-3050
-3162
-3052
-2828
-2862
-3132
-3122
-2451
-1387
-668
-838
-1671
-2125
-1115
1249
3239
2966
645
-1045
355
4020
6296
4793
1444
482
3318
6669
6606
3570
1770
3534
6181
5797
2758
1174
2943
4967
3681
350
-681
1654
3506
1651
-1877
-2696
-194
1859
634
-2307
-3703
-2817
-1495
-1196
-1763
-2681
-3778
-4474
-3925
-2548
-2132
-3453
-4818
-4248
-2415
-1800
-3094
-4204
-3401
-1791
-1431
-2181
-2170
-936
-111
-663
-1244
-322
1379
1958
1183
640
1239
2121
2365
2329
2552
2543
1802
1226
2003
3416
3359
1356
-379
220
2178
2710
870
-1356
-1760
-559
296
-293
-1587
-2334
-2242
-1913
-1885
-2175
-2546
-2828
-2967
-2968
-2908
-2889
-2910
-2837
-2537
-2012
-1420
-1040
-1127
-1579
-1696
-645
1423
2978
2499
533
-312
1783
5259
6460
3975
777
964
4644
7509
6130
2365
978
3397
5935
4986
1978
1143
3295
4689
2632
-385
-266
2590
3701
959
-2313
-2076
865
2269
333
-2415
-3096
-1979
-1092
-1217
-1784
-2532
-3506
-3943
-3003
-1602
-1773
-3686
-4948
-3846
-1912
-1777
-3383
-4203
-3039
-1594
-1615
-2317
-1927
-616
-102
-763
-1015
138
1525
1642
870
696
1430
2062
2098
2146
2479
2358
1475
966
1871
3203
2962
988
-495
237
2033
2324
442
-1631
-1877
-586
349
-187
-1553
-2508
-2603
-2277
-2095
-2268
-2676
-3057
-3172
-3006
-2815
-2847
-3021
-2998
-2578
-1903
-1298
-1052
-1250
-1589
-1338
39
1983
2887
1728
-317
-650
1821
4951
5465
2882
447
1396
4886
6866
5149
2225
1992
4574
6252
4627
1926
1731
3824
4576
2361
49
791
3250
3403
384
-2143
-1139
1614
2140
-321
-2737
-2733
-1324
-721
-1355
-2223
-2863
-3417
-3505
-2699
-1902
-2555
-4273
-4859
-3391
-1787
-2156
-3700
-3955
-2476
-1351
-1885
-2728
-2201
-917
-594
-1200
-1068
310
1418
1072
206
352
1403
2083
2000
1915
2154
2092
1543
1395
2157
2786
2027
457
-52
1077
2209
1642
-160
-1283
-866
31
30
-909
-1808
-2056
-1916
-1864
-1976
-2113
-2270
-2515
-2741
-2744
-2533
-2341
-2294
-2204
-1810
-1195
-823
-1054
-1610
-1592
-304
1765
2992
2125
-31
-925
1092
4484
5771
3521
450
496
3951
6832
5737
2200
750
3013
5664
5029
2053
797
2650
4468
3220
412
-147
2080
3517
1616
-1486
-1996
295
1959
716
-1845
-2904
-2019
-909
-806
-1503
-2477
-3399
-3632
-2674
-1426
-1626
-3398
-4581
-3531
-1594
-1334
-2892
-3868
-2867
-1371
-1273
-2110
-2101
-1042
-413
-817
-1042
-127
1040
1123
392
204
932
1644
1725
1641
1807
1786
1261
961
1653
2649
2452
915
-257
312
1749
1991
430
-1350
-1592
-446
418
-111
-1447
-2255
-2043
-1494
-1443
-1938
-2442
-2631
-2660
-2727
-2742
-2577
-2365
-2285
-2175
-1727
-1065
-765
-1105
-1482
-927
725
2335
2429
836
-719
-107
2742
5200
4579
1530
-189
1895
5591
6508
3728
1115
2121
5028
5428
2581
488
2001
4534
3843
403
-1120
1299
3951
2657
-1227
-2792
-461
2114
1418
-1381
-2763
-1791
-541
-572
-1307
-1940
-2697
-3496
-3248
-1780
-1007
-2443
-4498
-4326
-2043
-822
-2303
-4164
-3620
-1526
-852
-2079
-2716
-1388
110
-134
-1126
-722
903
1645
852
180
835
1856
1963
1563
1675
1965
1461
634
997
2524
3147
1612
-456
-578
1203
2367
1255
-894
-1773
-899
149
-57
-1248
-2205
-2311
-1947
-1731
-1860
-2181
-2528
-2786
-2822
-2608
-2339
-2250
-2280
-2087
-1502
-862
-719
-1183
-1639
-1231
263
1974
2515
1361
-254
-204
2199
4936
5130
2519
273
1450
5011
6754
4571
1320
1168
4025
5726
3880
1190
1431
3867
4326
1493
-929
424
3483
3552
25
-2731
-1509
1464
1939
-621
-2980
-2879
-1432
-689
-1011
-1709
-2577
-3434
-3365
-2015
-932
-1872
-3981
-4494
-2616
-858
-1538
-3478
-3813
-2163
-916
-1505
-2464
-1993
-705
-376
-1027
-1037
140
1136
871
159
306
1175
1711
1691
1735
1884
1506
734
710
1816
2674
1909
275
-178
1067
2199
1470
-525
-1726
-1226
-141
38
-846
-1830
-2181
-2023
-1827
-1800
-1895
-2092
-2417
-2739
-2805
-2555
-2259
-2183
-2182
-1808
-962
-239
-342
-1092
-1328
-130
1891
2890
1768
-273
-659
1668
4642
5084
2510
124
1169
4746
6608
4442
995
622
3555
5630
3995
977
695
3182
4408
2184
-606
-176
2650
3576
956
-1937
-1608
928
1887
-43
-2423
-2807
-1635
-776
-909
-1513
-2299
-3160
-3363
-2343
-1157
-1554
-3368
-4298
-3023
-1179
-1076
-2422
-2941
-1821
-714
-1005
-1779
-1503
-486
-186
-749
-801
256
1261
1109
391
369
1108
1661
1675
1660
1775
1501
815
647
1471
2223
1594
43
-607
369
1544
1238
-314
-1420
-1204
-478
-418
-1108
-1813
-2107
-2190
-2302
-2357
-2248
-2135
-2242
-2509
-2646
-2495
-2216
-2078
-2085
-1890
-1218
-366
-81
-683
-1378
-883
1038
2902
2851
855
-837
88
3271
5667
4785
1740
280
2388
5660
6091
3193
767
1950
4949
5457
2639
314
1491
4019
3728
584
-1183
741
3300
2449
-1032
-2704
-753
1686
1130
-1693
-3405
-2623
-1052
-567
-1197
-2139
-3003
-3406
-2747
-1399
-1035
-2524
-4235
-3925
-1943
-911
-2029
-3410
-2938
-1323
-813
-1742
-2223
-1218
-44
-142
-835
-533
726
1430
963
405
732
1489
1812
1778
1881
1899
1340
675
928
1970
2334
1230
-152
-156
1046
1665
681
-919
-1577
-1080
-486
-601
-1228
-1799
-2114
-2240
-2186
-1982
-1880
-2083
-2408
-2452
-2139
-1824
-1820
-1994
-1938
-1435
-704
-245
-433
-1067
-1278
-221
1823
3241
2580
435
-692
966
4106
5447
3521
707
615
3626
6183
5160
1915
626
2801
5271
4539
1604
482
2443
4192
2709
-260
-684
1836
3399
1374
-1871
-2393
-89
1523
334
-1943
-2736
-1930
-1169
-1242
-1719
-2326
-3083
-3377
-2499
-1243
-1407
-3161
-4311
-3216
-1267
-1038
-2607
-3544
-2518
-1065
-1053
-1941
-1929
-862
-257
-707
-984
-129
974
1031
333
198
960
1695
1816
1739
1812
1663
1146
997
1731
2467
1928
401
-389
399
1502
1235
-260
-1325
-1032
-240
-212
-994
-1658
-1727
-1652
-1916
-2302
-2316
-2017
-1948
-2327
-2688
-2520
-1983
-1696
-1871
-1978
-1444
-485
13
-462
-1271
-1115
531
2556
3076
1468
-559
-424
2427
5446
5504
2600
252
1489
5015
6554
4209
1003
1025
3983
5599
3514
571
729
3355
4129
1400
-1275
-268
2781
3240
106
-2626
-1665
1154
1753
-616
-2938
-2888
-1411
-607
-1011
-1910
-2823
-3437
-3081
-1701
-810
-1862
-3854
-4186
-2252
-519
-1161
-3009
-3326
-1754
-561
-1109
-2018
-1590
-406
-150
-802
-756
514
1574
1221
260
222
1215
2083
2192
1955
1743
1408
1070
1320
2122
2358
1267
-183
-360
759
1442
503
-1144
-1805
-1207
-558
-761
-1449
-1888
-2017
-2165
-2290
-2122
-1808
-1845
-2309
-2646
-2412
-1885
-1659
-1851
-1977
-1574
-761
-159
-303
-1050
-1471
-598
1412
2988
2551
456
-907
444
3615
5435
3994
1099
411
3050
6007
5746
2726
901
2525
5131
4950
2197
711
2360
4275
3083
-10
-863
1514
3393
1655
-1759
-2658
-430
1459
476
-1889
-2792
-1838
-809
-814
-1440
-2177
-2981
-3400
-2704
-1393
-1180
-2634
-3959
-3319
-1557
-1095
-2422
-3399
-2456
-856
-693
-1805
-2209
-1177
-152
-345
-910
-394
993
1748
1288
593
640
1224
1658
1790
1785
1554
1079
906
1509
2269
2001
619
-461
-77
1073
1283
58
-1306
-1442
-582
-49
-540
-1492
-2065
-2149
-2146
-2217
-2176
-2002
-1990
-2285
-2560
-2425
-2008
-1827
-2086
-2308
-1871
-827
-6
-167
-1073
-1534
-551
1511
2986
2461
433
-818
521
3576
5339
3957
1132
417
2931
5794
5632
2910
1320
2838
5097
4771
2263
1050
2590
4192
2983
209
-475
1673
3313
1726
-1346
-2175
-167
1581
681
-1603
-2577
-1714
-716
-815
-1599
-2317
-2868
-3141
-2691
-1751
-1584
-2793
-4043
-3649
-2079
-1457
-2524
-3541
-2884
-1404
-1006
-1779
-2066
-1183
-358
-594
-1016
-344
995
1508
877
304
649
1406
1827
1967
2082
1869
1156
710
1318
2333
2256
877
-210
270
1488
1612
265
-1130
-1314
-656
-333
-765
-1405
-1743
-1867
-2042
-2231
-2261
-2193
-2248
-2454
-2571
-2407
-2078
-1888
-1938
-1935
-1493
-664
-86
-362
-1213
-1448
-127
2157
3474
2488
198
-708
1288
4505
5578
3333
498
725
4078
6650
5318
1786
530
2967
5590
4724
1545
343
2418
4245
2620
-604
-1115
1595
3399
1382
-2044
-2606
-70
1763
489
-2016
-2759
-1612
-673
-1030
-1921
-2565
-2987
-3045
-2299
-1303
-1517
-3117
-4146
-3083
-1253
-1123
-2724
-3595
-2434
-897
-945
-1949
-1937
-730
-15
-513
-888
-8
1231
1347
530
210
880
1632
1777
1706
1836
1776
1213
817
1307
2095
1870
551
-364
205
1349
1333
-105
-1445
-1418
-516
-128
-726
-1558
-1905
-1929
-2089
-2317
-2254
-1988
-2006
-2406
-2678
-2443
-2039
-2029
-2348
-2340
-1648
-737
-396
-847
-1464
-1298
65
1959
2942
2058
125
-604
1279
4356
5469
3368
605
773
3974
6415
5179
2116
1391
3798
5665
4112
1209
976
3445
4515
2002
-974
-406
2698
3611
608
-2608
-2135
832
1981
-159
-2773
-3081
-1706
-924
-1396
-2155
-2660
-3125
-3267
-2507
-1489
-1755
-3326
-4138
-2887
-1183
-1373
-3037
-3542
-1976
-460
-891
-2136
-1949
-441
262
-568
-1249
-427
894
1084
368
219
973
1588
1541
1509
1888
1975
1345
918
1617
2625
2294
622
-465
298
1737
1812
290
-1134
-1188
-449
-221
-822
-1535
-1806
-1797
-1847
-1965
-2032
-2103
-2270
-2427
-2410
-2293
-2295
-2442
-2473
-2115
-1376
-603
-264
-587
-1213
-1273
-132
1722
2772
1903
-98
-898
968
4087
5280
3212
353
393
3681
6444
5340
1819
401
2768
5522
4834
1706
479
2628
4665
3212
-57
-802
1675
3377
1360
-2047
-2559
102
2043
673
-2156
-3225
-2178
-1139
-1342
-2058
-2480
-2776
-2984
-2518
-1525
-1378
-2713
-3975
-3385
-1677
-1225
-2556
-3537
-2598
-1052
-984
-2084
-2324
-1194
-348
-817
-1398
-658
774
1253
646
330
969
1701
1755
1568
1722
1846
1449
1111
1666
2582
2386
874
-282
266
1612
1768
326
-1096
-1096
-215
62
-696
-1595
-1851
-1694
-1708
-1927
-2005
-1932
-2029
-2348
-2525
-2354
-2143
-2265
-2573
-2532
-1876
-935
-329
-438
-1081
-1525
-940
772
2491
2656
997
-698
-178
2623
5047
4494
1642
33
1913
5267
6065
3354
631
1354
4336
5363
2990
479
1074
3351
3437
833
-781
935
3343
2566
-830
-2560
-660
1922
1603
-1117
-2941
-2419
-1196
-1026
-1668
-2182
-2531
-2926
-2818
-1922
-1345
-2236
-3702
-3714
-2114
-1069
-1909
-3104
-2613
-1014
-539
-1560
-2079
-933
401
213
-754
-574
830
1666
1112
414
772
1592
1749
1428
1543
2000
1904
1304
1294
2130
2499
1420
-56
-135
1170
1951
956
-791
-1460
-776
-95
-453
-1391
-1904
-1844
-1826
-2134
-2378
-2258
-2092
-2279
-2611
-2578
-2180
-1952
-2160
-2368
-2026
-1207
-502
-364
-740
-1139
-888
399
2156
2920
1753
-235
-527
1933
4982
5320
2544
54
1143
4769
6588
4378
993
756
3795
5891
4205
1087
686
3078
4279
2115
-564
-69
2653
3307
460
-2368
-1702
1119
2042
-140
-2670
-2975
-1670
-799
-979
-1534
-2187
-3004
-3338
-2488
-1318
-1554
-3177
-4022
-2788
-1061
-1079
-2483
-2973
-1820
-799
-1278
-2128
-1658
-330
42
-783
-1138
-125
1021
932
202
323
1329
1888
1458
988
1225
1580
1337
1017
1496
2339
2223
1006
145
673
1669
1518
147
-957
-800
-44
108
-553
-1280
-1560
-1578
-1661
-1803
-1877
-1958
-2177
-2448
-2553
-2425
-2212
-2092
-2094
-2078
-1824
-1235
-563
-326
-796
-1476
-1331
165
2171
2995
1848
50
-27
2375
5126
5307
2739
577
1689
4982
6519
4431
1396
1245
3953
5725
4120
1289
901
3036
4190
2329
-221
-135
2154
3080
1004
-1550
-1501
603
1607
100
-2041
-2586
-1693
-1008
-1237
-1821
-2303
-2735
-2899
-2385
-1661
-1896
-3187
-3985
-3126
-1652
-1446
-2522
-3061
-2189
-1217
-1493
-2270
-1968
-724
-165
-785
-1174
-267
970
1067
312
195
1100
1883
1792
1485
1688
1966
1660
1254
1659
2544
2556
1354
305
635
1715
1937
880
-302
-532
-82
77
-406
-1064
-1417
-1489
-1549
-1700
-1880
-2068
-2299
-2492
-2484
-2235
-1965
-1956
-2231
-2476
-2301
-1614
-762
-298
-556
-1261
-1563
-692
1135
2552
2223
430
-797
312
3069
4721
3500
934
306
2678
5401
5313
2782
1243
2621
4765
4509
2152
1022
2626
4369
3286
460
-383
1754
3600
2186
-962
-2015
-136
1639
819
-1408
-2380
-1677
-1012
-1329
-1875
-2019
-2241
-2777
-2804
-1933
-1354
-2208
-3552
-3493
-2049
-1240
-2066
-3028
-2519
-1290
-1137
-2016
-2191
-1067
-100
-410
-1026
-516
741
1219
637
228
720
1390
1469
1341
1620
1936
1615
1034
1215
2134
2524
1646
445
282
1128
1692
1172
136
-425
-307
-62
-168
-618
-1166
-1601
-1796
-1738
-1629
-1756
-2162
-2541
-2567
-2249
-1917
-1886
-2179
-2530
-2583
-2134
-1313
-564
-380
-886
-1575
-1551
-294
1627
2760
2083
290
-534
1008
3856
5296
3896
1365
813
3084
5571
5299
2687
1074
2399
4633
4574
2263
874
2128
3784
2922
333
-509
1460
3182
1791
-1252
-2188
-209
1591
631
-1854
-2964
-2061
-962
-1006
-1682
-2145
-2462
-2814
-2738
-2079
-1776
-2589
-3614
-3354
-1994
-1331
-2183
-3194
-2868
-1717
-1290
-1773
-1914
-1179
-562
-826
-1190
-599
537
979
598
496
1207
1900
1808
1434
1618
2102
1997
1367
1260
2017
2562
1911
683
322
1126
1854
1401
139
-702
-565
-16
120
-375
-1120
-1643
-1745
-1548
-1372
-1500
-1925
-2334
-2422
-2185
-1915
-1885
-2123
-2447
-2631
-2494
-1966
-1191
-608
-686
-1392
-1943
-1383
357
2058
2237
777
-647
-112
2418
4748
4649
2387
674
1693
4464
5849
4336
1965
1761
3785
5078
3738
1564
1482
3290
3899
1889
-246
373
2719
3164
640
-1810
-1310
927
1509
-431
-2457
-2499
-1337
-820
-1283
-1847
-2230
-2770
-3154
-2676
-1754
-1782
-3022
-3914
-3266
-2063
-1985
-2849
-2997
-1984
-1257
-1785
-2487
-1954
-694
-291
-883
-1008
8
983
772
42
173
1139
1721
1496
1351
1853
2304
1980
1438
1686
2504
2657
1699
670
678
1458
1846
1291
354
-175
-141
40
-64
-554
-1209
-1668
-1719
-1530
-1508
-1868
-2401
-2717
-2670
-2430
-2259
-2281
-2475
-2721
-2817
-2559
-1923
-1172
-727
-849
-1343
-1584
-967
472
1864
2151
1135
-66
104
2051
4309
4782
3028
1053
1279
3665
5508
4660
2341
1678
3556
5307
4329
1767
966
2695
3996
2496
-34
-194
2003
3014
870
-1937
-1997
228
1239
-516
-2761
-2907
-1464
-725
-1425
-2338
-2601
-2663
-2880
-2745
-2131
-2001
-2892
-3723
-3229
-2029
-1817
-2746
-3138
-2132
-1088
-1456
-2435
-2189
-737
64
-583
-1196
-362
1084
1403
616
336
1229
2124
1962
1345
1394
1990
2172
1793
1680
2157
2445
1876
984
783
1350
1755
1281
239
-523
-572
-222
-83
-468
-1172
-1707
-1789
-1600
-1553
-1841
-2277
-2546
-2526
-2336
-2176
-2190
-2396
-2681
-2860
-2794
-2440
-1862
-1252
-909
-1013
-1345
-1325
-519
839
1924
1993
1134
372
882
2759
4567
4577
2774
1253
1996
4333
5517
4134
2048
2021
3976
5052
3578
1432
1381
3094
3637
1764
-231
155
1989
2278
283
-1503
-1009
596
778
-832
-2307
-2311
-1576
-1339
-1700
-2125
-2554
-3088
-3280
-2748
-2161
-2525
-3553
-3858
-2978
-2159
-2484
-3213
-2931
-1796
-1290
-1886
-2295
-1487
-313
-155
-783
-759
299
1173
1001
563
958
1861
2128
1641
1454
2054
2598
2287
1630
1642
2263
2466
1804
1028
977
1480
1714
1267
452
-200
-416
-276
-138
-424
-1176
-1867
-1937
-1515
-1336
-1821
-2570
-2917
-2740
-2475
-2471
-2628
-2713
-2720
-2782
-2859
-2713
-2193
-1469
-935
-884
-1198
-1369
-878
306
1573
2107
1622
757
655
1888
3695
4508
3607
2156
2097
3809
5415
4999
3126
2212
3310
4653
4132
2316
1632
2787
3670
2448
364
21
1576
2434
944
-1260
-1597
-92
849
-175
-1936
-2578
-1989
-1392
-1483
-1950
-2447
-2988
-3369
-3171
-2585
-2473
-3137
-3709
-3337
-2490
-2274
-2744
-2848
-2132
-1466
-1630
-2013
-1555
-482
-32
-553
-918
-200
948
1315
907
808
1484
2181
2181
1837
1860
2190
2233
1922
1816
2145
2391
2069
1437
1100
1175
1247
985
478
-20
-355
-471
-421
-463
-880
-1576
-2044
-1959
-1640
-1678
-2192
-2709
-2786
-2525
-2337
-2419
-2613
-2701
-2649
-2542
-2418
-2213
-1830
-1281
-770
-593
-818
-1054
-701
433
1773
2400
1931
1050
995
2327
4147
4804
3688
2168
2238
4098
5659
4994
2845
1810
2995
4534
4124
2189
1227
2227
3244
2273
241
-284
1143
2110
767
-1521
-2107
-696
437
-308
-1927
-2578
-2064
-1586
-1795
-2246
-2522
-2791
-3068
-2949
-2451
-2335
-2977
-3555
-3154
-2221
-2015
-2693
-3047
-2341
-1420
-1353
-1771
-1519
-546
7
-351
-654
23
1125
1476
1068
974
1652
2302
2203
1799
1917
2484
2729
2392
2004
1975
2061
1930
1701
1579
1429
1069
718
649
624
196
-474
-723
-420
-326
-1036
-2023
-2290
-1768
-1434
-1971
-2873
-3197
-2799
-2366
-2424
-2751
-2868
-2691
-2496
-2441
-2402
-2215
-1857
-1388
-887
-521
-449
-562
-402
405
1607
2368
2081
1136
740
1732
3557
4605
3890
2326
1913
3418
5238
5174
3213
1688
2355
4082
4353
2686
1258
1787
3072
2754
784
-426
519
1925
1376
-837
-2125
-1195
267
28
-1751
-3028
-2698
-1712
-1444
-2029
-2706
-3021
-3014
-2737
-2285
-2092
-2505
-3090
-3031
-2306
-1830
-2127
-2521
-2161
-1350
-1075
-1436
-1456
-626
249
256
-230
-112
767
1437
1310
1013
1353
2068
2291
1877
1585
1908
2423
2474
2066
1687
1584
1601
1573
1484
1280
895
487
310
290
26
-585
-1055
-965
-658
-848
-1609
-2215
-2132
-1750
-1826
-2452
-2986
-2953
-2612
-2503
-2735
-2939
-2803
-2435
-2161
-2144
-2231
-2124
-1669
-1031
-574
-534
-756
-789
-265
782
1877
2398
2089
1426
1358
2402
3893
4487
3634
2394
2379
3820
5148
4813
3202
2197
2824
3959
3842
2406
1328
1702
2555
2261
889
103
724
1448
676
-1118
-1921
-964
175
-308
-2066
-3202
-2787
-1797
-1557
-2145
-2750
-2921
-2817
-2613
-2351
-2241
-2491
-2814
-2642
-2001
-1598
-1795
-2009
-1600
-903
-732
-1076
-1054
-297
427
349
-116
23
862
1486
1340
999
1266
2017
2445
2196
1735
1634
1932
2290
2428
2224
1708
1168
1061
1459
1750
1259
206
-421
-105
440
165
-914
-1705
-1509
-929
-994
-1761
-2325
-2140
-1735
-1889
-2510
-2815
-2445
-1928
-1916
-2334
-2578
-2321
-1864
-1668
-1797
-1920
-1716
-1169
-535
-111
-17
-112
-100
258
966
1760
2250
2195
1777
1605
2208
3379
4182
3870
2836
2331
3041
4186
4374
3321
2238
2294
3105
3270
2277
1197
1184
1845
1798
667
-354
-199
494
262
-1091
-2143
-1792
-742
-527
-1496
-2533
-2632
-2055
-1710
-1938
-2354
-2555
-2476
-2201
-1849
-1681
-1886
-2204
-2108
-1532
-1070
-1166
-1444
-1241
-610
-237
-385
-490
-59
531
604
277
312
965
1556
1470
1062
1116
1695
2103
1918
1524
1439
1596
1634
1560
1642
1767
1456
668
128
433
1119
1102
82
-966
-952
-69
418
-284
-1529
-2071
-1546
-834
-900
-1664
-2249
-2134
-1712
-1639
-1974
-2216
-2065
-1808
-1825
-2022
-1971
-1554
-1161
-1191
-1523
-1648
-1252
-546
-2
126
6
-11
255
695
1108
1438
1765
2072
2197
2113
2150
2657
3424
3717
3157
2364
2340
3189
3861
3436
2341
1833
2339
2902
2478
1345
688
949
1284
801
-171
-603
-242
39
-496
-1419
-1750
-1285
-820
-1046
-1717
-2087
-1871
-1467
-1365
-1636
-1998
-2156
-1998
-1647
-1401
-1482
-1763
-1858
-1593
-1253
-1178
-1279
-1175
-797
-504
-549
-672
-480
-33
249
219
196
477
898
1105
1060
1036
1194
1415
1554
1626
1648
1521
1245
1082
1275
1642
1669
1137
469
285
671
1025
729
-135
-823
-721
-51
314
-199
-1190
-1701
-1321
-650
-567
-1166
-1734
-1694
-1285
-1125
-1376
-1657
-1661
-1532
-1528
-1607
-1542
-1338
-1254
-1419
-1604
-1491
-1050
-586
-385
-435
-460
-224
221
589
693
693
944
1536
2085
2150
1824
1718
2231
2973
3170
2643
2114
2322
3037
3281
2590
1661
1478
2029
2353
1842
1038
821
1166
1211
531
-242
-318
134
238
-359
-1045
-1127
-740
-549
-848
-1296
-1488
-1417
-1297
-1235
-1255
-1389
-1570
-1587
-1370
-1189
-1321
-1607
-1609
-1240
-905
-936
-1118
-1057
-755
-549
-565
-553
-329
-69
-6
-69
-3
239
469
575
644
761
862
892
961
1182
1423
1407
1097
829
958
1398
1645
1319
634
224
472
1049
1201
561
-383
-746
-211
528
489
-467
-1400
-1363
-550
-80
-612
-1538
-1795
-1235
-736
-973
-1573
-1753
-1422
-1178
-1354
-1587
-1475
-1218
-1277
-1631
-1775
-1435
-926
-716
-875
-1069
-975
-554
-28
298
296
208
460
1146
1775
1809
1406
1337
2031
2942
3172
2600
2066
2308
3025
3298
2794
2167
2122
2456
2406
1797
1315
1474
1793
1473
621
174
547
969
584
-323
-768
-489
-219
-501
-942
-998
-870
-1086
-1524
-1604
-1295
-1237
-1708
-2117
-1936
-1542
-1622
-2067
-2150
-1695
-1341
-1499
-1706
-1426
-939
-872
-1138
-1047
-415
94
-13
-320
-168
349
611
484
471
834
1162
1084
900
1111
1593
1766
1462
1138
1175
1403
1524
1557
1593
1454
1006
644
874
1431
1399
454
-490
-377
522
858
-38
-1266
-1534
-798
-198
-530
-1339
-1698
-1415
-1099
-1223
-1593
-1773
-1689
-1605
-1655
-1714
-1660
-1587
-1645
-1805
-1884
-1769
-1519
-1285
-1189
-1234
-1286
-1135
-707
-207
53
29
58
485
1206
1738
1764
1524
1561
2113
2836
3158
2908
2507
2494
2893
3177
2955
2511
2428
2722
2737
2102
1378
1357
1871
1910
1062
189
264
945
1035
183
-638
-572
-81
-153
-835
-1281
-1142
-1018
-1398
-1868
-1843
-1557
-1653
-2106
-2276
-1987
-1803
-2047
-2235
-1906
-1461
-1537
-1904
-1756
-1010
-520
-767
-1106
-775
-78
138
-172
-223
291
712
515
205
530
1287
1586
1170
756
985
1595
1932
1818
1554
1358
1250
1329
1668
1940
1636
844
365
747
1443
1410
462
-435
-375
336
577
-175
-1238
-1613
-1162
-672
-844
-1508
-1953
-1820
-1450
-1342
-1537
-1683
-1604
-1501
-1591
-1747
-1703
-1489
-1414
-1630
-1907
-1926
-1670
-1391
-1292
-1338
-1348
-1164
-748
-243
88
91
-46
72
646
1423
1932
1949
1734
1783
2331
3067
3415
3163
2773
2853
3346
3543
3050
2421
2432
2912
2894
2030
1228
1397
2050
1906
766
-107
227
1012
878
-196
-923
-623
-121
-400
-1156
-1422
-1115
-1068
-1623
-2114
-1977
-1631
-1735
-2145
-2248
-2024
-2018
-2322
-2368
-1928
-1599
-1853
-2177
-1813
-996
-668
-1057
-1319
-833
-124
14
-263
-169
428
840
701
529
843
1311
1331
1041
1096
1589
1866
1588
1301
1582
2086
2032
1401
1045
1476
2110
2025
1186
486
611
1233
1444
807
-177
-617
-208
400
301
-623
-1497
-1465
-754
-422
-1038
-1969
-2214
-1695
-1272
-1552
-2138
-2263
-1850
-1547
-1771
-2183
-2218
-1868
-1640
-1812
-2069
-1944
-1448
-1049
-1084
-1358
-1387
-960
-338
71
152
143
310
678
1106
1505
1859
2110
2185
2198
2420
2910
3306
3239
2869
2763
3117
3444
3216
2614
2272
2359
2378
1972
1485
1420
1636
1519
917
362
280
401
226
-215
-492
-485
-527
-802
-1054
-1065
-1070
-1351
-1708
-1741
-1529
-1576
-2015
-2346
-2191
-1893
-1966
-2262
-2207
-1745
-1466
-1668
-1855
-1512
-933
-755
-953
-896
-368
97
87
-35
244
743
891
672
639
1014
1345
1262
1055
1152
1408
1395
1166
1193
1546
1721
1432
1093
1197
1556
1622
1331
1136
1219
1204
834
477
566
826
591
-172
-691
-452
18
-180
-1066
-1712
-1493
-911
-913
-1633
-2255
-2116
-1521
-1261
-1591
-2012
-2017
-1705
-1515
-1595
-1689
-1595
-1442
-1454
-1594
-1629
-1451
-1193
-1040
-1022
-1034
-946
-690
-312
37
208
221
267
510
919
1347
1677
1869
1929
1958
2138
2529
2893
2918
2660
2545
2804
3122
3038
2601
2311
2387
2467
2166
1676
1477
1602
1563
1070
474
290
470
502
124
-372
-598
-585
-627
-837
-1075
-1252
-1436
-1629
-1692
-1606
-1597
-1823
-2086
-2082
-1858
-1738
-1822
-1836
-1604
-1357
-1366
-1477
-1330
-937
-685
-743
-803
-556
-161
22
-26
3
235
455
483
467
606
825
908
858
887
1070
1248
1287
1269
1302
1349
1345
1383
1552
1682
1505
1112
981
1341
1730
1491
665
70
303
926
962
132
-769
-856
-253
95
-382
-1203
-1506
-1113
-689
-840
-1387
-1698
-1539
-1298
-1375
-1632
-1671
-1453
-1355
-1598
-1903
-1871
-1532
-1315
-1499
-1886
-2046
-1788
-1310
-982
-1015
-1258
-1327
-981
-412
-42
-26
-57
209
688
1025
1135
1318
1753
2170
2230
2059
2127
2563
2948
2889
2587
2549
2871
3091
2850
2397
2227
2388
2419
2036
1552
1431
1609
1555
1018
402
223
412
420
-5
-516
-691
-606
-648
-932
-1205
-1302
-1377
-1591
-1813
-1844
-1757
-1779
-1920
-1970
-1853
-1739
-1741
-1726
-1588
-1471
-1519
-1556
-1305
-865
-655
-821
-988
-777
-327
-66
-107
-160
-19
170
233
274
478
770
892
810
770
936
1177
1280
1252
1242
1291
1321
1343
1477
1693
1728
1399
939
804
1142
1545
1465
839
192
100
560
940
636
-230
-868
-681
-14
187
-489
-1376
-1549
-988
-589
-966
-1688
-1933
-1607
-1366
-1618
-1994
-1977
-1676
-1616
-1923
-2165
-1984
-1596
-1477
-1731
-2009
-1944
-1557
-1177
-1089
-1277
-1438
-1258
-756
-305
-221
-363
-268
253
839
1032
894
941
1458
2100
2346
2172
2073
2402
2934
3178
3001
2757
2810
3096
3244
3059
2747
2625
2697
2645
2275
1801
1595
1668
1629
1199
605
295
338
348
23
-479
-783
-808
-811
-1008
-1321
-1568
-1699
-1772
-1810
-1835
-1923
-2114
-2285
-2266
-2086
-1964
-2010
-2075
-1987
-1808
-1715
-1712
-1627
-1404
-1205
-1151
-1118
-925
-613
-375
-272
-179
-10
147
220
295
466
677
789
804
861
1010
1147
1192
1218
1320
1457
1521
1513
1535
1619
1672
1614
1497
1441
1498
1599
1612
1432
1084
765
728
980
1158
849
115
-441
-342
128
173
-545
-1408
-1564
-999
-569
-910
-1664
-1993
-1682
-1320
-1435
-1822
-1948
-1725
-1559
-1706
-1927
-1888
-1660
-1573
-1739
-1905
-1831
-1570
-1358
-1323
-1383
-1389
-1251
-996
-746
-625
-598
-448
-36
463
724
687
684
1026
1611
2043
2137
2099
2211
2490
2741
2836
2805
2736
2702
2748
2851
2880
2727
2458
2248
2149
2021
1770
1512
1372
1255
966
540
237
183
176
-39
-422
-724
-849
-940
-1133
-1372
-1545
-1652
-1760
-1860
-1906
-1937
-2033
-2158
-2194
-2119
-2061
-2094
-2110
-1983
-1772
-1642
-1601
-1497
-1279
-1081
-1013
-964
-767
-457
-221
-125
-38
143
334
432
485
619
818
954
984
1016
1121
1228
1260
1266
1328
1411
1407
1331
1318
1418
1513
1474
1340
1244
1228
1231
1190
1102
957
738
515
415
446
435
208
-170
-453
-498
-433
-499
-781
-1116
-1280
-1227
-1134
-1218
-1483
-1711
-1712
-1557
-1485
-1601
-1751
-1746
-1613
-1539
-1597
-1672
-1640
-1544
-1500
-1515
-1499
-1415
-1324
-1292
-1292
-1250
-1124
-935
-735
-574
-457
-324
-110
183
464
675
860
1101
1400
1689
1934
2167
2390
2544
2607
2676
2832
3009
3038
2880
2704
2681
2757
2733
2512
2208
1982
1848
1705
1479
1201
942
728
542
353
141
-95
-327
-532
-719
-920
-1141
-1330
-1444
-1531
-1680
-1896
-2076
-2139
-2131
-2167
-2275
-2365
-2357
-2272
-2192
-2140
-2076
-1968
-1838
-1706
-1562
-1388
-1195
-1002
-808
-603
-401
-211
-14
215
433
570
628
709
886
1099
1220
1219
1190
1218
1283
1326
1333
1332
1320
1279
1226
1208
1234
1251
1222
1156
1087
1023
965
924
898
836
703
540
443
428
387
215
-41
-227
-269
-277
-396
-624
-809
-858
-860
-958
-1148
-1291
-1298
-1258
-1306
-1438
-1515
-1461
-1360
-1339
-1408
-1463
-1437
-1383
-1389
-1447
-1465
-1371
-1217
-1127
-1167
-1268
-1290
-1153
-914
-707
-611
-581
-506
-328
-98
98
243
405
639
899
1084
1192
1347
1654
2012
2199
2142
2044
2166
2495
2734
2658
2396
2257
2350
2453
2317
1991
1740
1690
1678
1493
1156
876
752
652
411
65
-209
-325
-383
-529
-786
-1062
-1247
-1303
-1288
-1319
-1477
-1716
-1881
-1883
-1806
-1792
-1847
-1843
-1736
-1638
-1658
-1716
-1654
-1463
-1290
-1218
-1156
-989
-746
-547
-432
-339
-219
-89
35
185
367
525
611
667
759
887
986
1034
1069
1109
1122
1094
1078
1122
1177
1155
1050
951
931
957
959
907
828
740
652
590
570
548
436
240
73
33
67
26
-158
-380
-496
-483
-446
-495
-639
-791
-864
-855
-841
-901
-1023
-1108
-1089
-1015
-995
-1061
-1129
-1113
-1038
-988
-993
-998
-972
-959
-1001
-1049
-1017
-905
-810
-811
-870
-881
-799
-674
-588
-566
-562
-500
-340
-126
46
126
186
351
644
926
1055
1070
1161
1439
1779
1948
1889
1803
1920
2210
2391
2266
1981
1868
2036
2223
2117
1753
1468
1443
1480
1291
916
660
650
652
411
17
-225
-225
-225
-453
-827
-1091
-1154
-1159
-1252
-1421
-1579
-1679
-1704
-1640
-1542
-1540
-1683
-1839
-1837
-1700
-1600
-1602
-1563
-1370
-1138
-1036
-1032
-935
-695
-480
-413
-397
-265
-34
156
271
406
597
749
804
842
950
1073
1111
1092
1131
1236
1289
1236
1162
1160
1170
1105
990
938
960
942
816
657
566
536
491
405
316
239
145
35
-44
-69
-84
-141
-241
-338
-411
-461
-489
-498
-513
-578
-686
-782
-825
-838
-861
-883
-872
-838
-834
-866
-869
-792
-697
-683
-752
-800
-754
-672
-651
-688
-690
-611
-517
-500
-565
-640
-671
-662
-634
-602
-567
-531
-485
-421
-353
-303
-252
-155
2
162
267
337
436
577
718
840
994
1210
1410
1484
1452
1476
1666
1913
1994
1839
1644
1658
1874
2017
1877
1576
1418
1485
1519
1268
851
613
647
665
399
2
-174
-84
-59
-326
-691
-827
-731
-695
-880
-1128
-1232
-1203
-1174
-1182
-1182
-1193
-1270
-1363
-1352
-1242
-1178
-1209
-1200
-1051
-891
-890
-977
-919
-678
-476
-475
-531
-419
-170
2
23
38
155
284
321
325
411
541
589
565
603
747
866
849
770
758
792
761
653
588
633
690
648
525
428
394
373
322
267
237
220
193
164
143
136
140
152
146
77
-35
-95
-50
-5
-102
-307
-417
-332
-217
-292
-522
-657
-594
-499
-555
-692
-719
-635
-620
-747
-868
-826
-678
-591
-603
-615
-574
-541
-552
-538
-456
-372
-373
-421
-399
-294
-227
-274
-362
-377
-328
-296
-313
-324
-302
-274
-254
-189
-64
45
59
25
77
272
503
623
619
631
797
1079
1279
1253
1109
1131
1438
1785
1796
1454
1171
1288
1618
1675
1321
963
983
1208
1155
728
361
400
611
512
50
-342
-342
-160
-184
-458
-683
-668
-561
-583
-734
-872
-918
-906
-869
-830
-854
-978
-1098
-1079
-959
-925
-1020
-1054
-888
-680
-678
-848
-900
-691
-425
-342
-394
-364
-195
-37
14
56
186
333
379
337
315
354
389
388
399
447
477
451
428
475
544
527
432
384
441
503
444
304
229
282
361
351
268
205
195
201
199
212
239
223
134
28
-20
-22
-64
-167
-242
-206
-113
-114
-266
-452
-517
-450
-391
-446
-563
-610
-562
-524
-582
-675
-680
-593
-530
-557
-605
-571
-479
-427
-445
-449
-380
-286
-246
-243
-206
-106
1
59
74
92
138
202
261
292
300
313
365
440
481
451
387
355
365
371
341
314
344
409
416
303
135
61
167
378
506
416
158
-51
17
385
783
832
429
-40
-16
590
1172
1040
278
-241
119
925
1160
508
-214
-128
539
789
240
-353
-185
437
532
-147
-743
-494
219
427
-123
-703
-663
-210
32
-147
-440
-560
-512
-396
-269
-226
-347
-508
-469
-265
-225
-469
-640
-410
-50
-94
-514
-684
-279
220
188
-257
-460
-172
171
147
-85
-135
16
91
13
-7
142
282
248
126
89
145
196
224
260
257
152
26
40
188
269
160
-11
-43
76
181
156
41
-69
-121
-109
-46
11
-2
-76
-121
-89
-32
-19
-50
-76
-98
-149
-219
-235
-176
-110
-118
-197
-260
-232
-125
-18
-8
-101
-211
-232
-162
-92
-89
-117
-109
-67
-44
-60
-68
-48
-25
-29
-41
-32
-16
-14
-23
-22
-10
-4
-9
-11
5
41
96
153
175
144
94
74
86
89
74
75
128
193
191
98
-16
-51
16
97
96
21
-18
45
145
170
106
46
49
60
3
-93
-121
-44
66
114
91
56
45
49
48
40
41
77
158
249
272
197
124
186
357
442
313
116
106
316
484
402
187
110
211
261
112
-76
-80
67
124
-9
-165
-167
-68
-41
-130
-223
-234
-198
-183
-195
-223
-274
-328
-317
-230
-169
-226
-335
-354
-260
-193
-235
-290
-231
-101
-56
-136
-217
-193
-114
-83
-103
-109
-78
-52
-55
-61
-48
-23
7
46
85
99
101
137
214
275
270
241
259
319
350
325
294
311
353
379
377
359
328
290
272
285
282
214
119
87
141
181
113
-38
-157
-186
-179
-209
-284
-351
-386
-413
-457
-505
-532
-543
-566
-616
-670
-686
-651
-601
-579
-597
-614
-583
-503
-424
-392
-398
-381
-311
-226
-195
-206
-181
-72
65
130
113
107
179
278
305
264
257
357
515
611
586
485
425
511
733
928
889
621
408
538
907
1081
813
411
380
767
1061
853
387
225
491
715
501
77
-37
234
413
147
-317
-473
-245
-50
-206
-533
-660
-514
-353
-380
-529
-638
-649
-602
-540
-517
-576
-684
-704
-584
-471
-523
-651
-609
-372
-211
-311
-487
-436
-171
1
-81
-224
-183
0
108
82
69
156
256
266
228
241
316
384
411
419
411
377
337
331
357
355
308
271
291
328
312
243
185
174
179
159
123
102
102
94
58
1
-48
-75
-91
-126
-193
-255
-255
-199
-154
-174
-229
-254
-240
-231
-244
-246
-206
-153
-130
-145
-171
-187
-193
-181
-150
-116
-100
-102
-96
-76
-59
-56
-57
-48
-36
-31
-32
-28
-21
-19
-23
-19
-2
30
68
92
89
67
61
92
138
152
122
94
111
157
177
152
109
92
96
92
74
66
79
90
77
39
11
13
26
19
-20
-64
-82
-66
-44
-35
-38
-39
-38
-51
-80
-106
-103
-65
-12
25
33
23
11
2
-14
-41
-61
-46
5
52
57
38
42
78
111
102
72
72
118
171
189
172
145
126
112
101
94
103
122
135
127
104
81
71
71
66
53
43
41
40
35
28
26
26
22
19
16
17
17
12
1
-21
-49
-64
-61
-58
-71
-93
-95
-79
-83
-126
-170
-171
-142
-127
-145
-158
-137
-99
-82
-85
-89
-87
-96
-111
-106
-81
-58
-55
-60
-53
-37
-28
-28
-17
11
36
40
30
19
20
24
23
23
35
69
115
150
159
142
117
98
91
83
74
63
54
51
49
43
36
30
27
18
0
-23
-37
-31
-18
-12
-16
-18
-20
-28
-47
-62
-56
-38
-25
-26
-30
-26
-24
-32
-52
-69
-78
-84
-96
-109
-107
-82
-46
-21
-17
-30
-49
-68
-86
-93
-86
-75
-75
-88
-90
-62
-3
56
90
92
70
45
47
90
148
182
170
135
113
126
161
197
214
211
197
195
211
219
193
139
96
87
82
52
0
-41
-59
-62
-61
-47
-20
1
-3
-20
-35
-48
-67
-90
-100
-96
-84
-66
-28
13
25
-13
-72
-103
-104
-102
-117
-126
-106
-70
-51
-64
-88
-96
-79
-54
-40
-51
-75
-93
-88
-65
-38
-18
-5
4
-1
-20
-44
-45
-20
19
51
69
78
86
90
87
82
82
92
103
103
93
93
115
147
160
136
95
67
60
62
59
51
54
64
67
39
-15
-66
-81
-67
-55
-76
-116
-140
-135
-119
-113
-117
-120
-122
-141
-175
-209
-225
-217
-200
-179
-159
-141
-136
-141
-158
-171
-164
-136
-93
-52
-19
7
20
19
12
14
32
59
76
83
87
94
107
121
139
158
177
183
176
159
147
155
180
203
210
206
209
221
224
195
154
129
134
146
139
115
92
84
91
96
90
64
18
-33
-67
-69
-47
-27
-27
-45
-69
-91
-108
-123
-139
-153
-167
-175
-182
-190
-200
-202
-192
-175
-167
-167
-160
-139
-110
-87
-65
-46
-28
-26
-39
-47
-40
-28
-21
-23
-17
4
33
61
80
89
86
74
66
68
84
104
116
114
104
96
103
118
130
129
129
136
142
127
92
59
49
60
66
50
21
4
2
3
-9
-23
-23
-10
-4
-19
-43
-52
-38
-25
-39
-81
-114
-112
-81
-54
-54
-72
-85
-91
-108
-139
-159
-139
-84
-34
-24
-50
-70
-58
-21
8
16
16
31
57
70
51
20
11
34
58
59
43
38
56
77
81
79
85
100
106
95
79
75
84
93
88
70
53
54
67
78
73
54
35
24
17
4
-19
-45
-63
-64
-56
-50
-56
-71
-92
-115
-131
-132
-111
-83
-78
-97
-114
-104
-75
-57
-65
-80
-73
-53
-43
-58
-76
-68
-32
-4
-14
-53
-70
-36
16
29
-4
-34
-13
35
44
-6
-58
-50
8
47
28
-9
4
65
116
105
51
24
57
111
127
93
61
76
115
116
57
-2
6
69
111
82
20
1
39
75
66
28
20
52
79
59
2
-42
-36
-1
25
13
-19
-34
-17
8
6
-26
-57
-58
-41
-40
-65
-93
-91
-66
-56
-75
-94
-78
-31
-1
-20
-63
-84
-63
-34
-31
-48
-57
-41
-18
-10
-21
-37
-42
-33
-23
-16
-10
8
40
67
69
56
54
76
101
95
59
25
26
59
91
100
90
81
80
78
69
51
38
39
45
44
28
10
5
13
13
-4
-26
-37
-34
-30
-35
-40
-40
-41
-50
-66
-77
-65
-37
-13
-6
-20
-38
-46
-41
-27
-9
11
23
23
10
-7
-13
-8
5
18
25
24
12
1
0
15
31
31
13
-8
-15
-3
9
5
-12
-30
-40
-45
-43
-26
4
30
28
-3
-38
-54
-48
-39
-31
-16
6
20
12
-12
-26
-17
3
8
-8
-28
-27
-6
11
9
-6
-14
-9
0
0
-11
-18
-9
16
39
44
42
46
61
71
66
57
62
74
72
51
24
18
24
27
13
-5
-15
-14
-11
-7
6
26
40
35
18
4
7
25
39
37
27
18
10
-2
-20
-34
-36
-30
-27
-33
-38
-33
-20
-9
-7
-7
-7
-7
-10
-10
-5
10
23
26
24
20
20
18
9
-5
-14
-13
-5
3
9
21
38
45
31
6
-8
2
19
19
-2
-18
-15
-3
-1
-22
-47
-58
-50
-39
-35
-35
-26
-7
8
2
-10
-7
17
37
31
5
-14
-7
14
22
11
-8
-15
-10
0
11
21
31
30
18
5
8
22
37
43
41
36
30
27
33
47
59
61
59
59
58
53
43
38
38
42
43
45
45
40
25
3
-10
-11
-7
-13
-28
-40
-40
-25
-12
-10
-19
-31
-41
-43
-40
-29
-14
-4
-7
-16
-24
-17
-3
6
1
-14
-24
-25
-14
0
10
15
14
9
5
-1
-4
-3
-1
4
5
3
2
-1
-8
-17
-17
-6
11
22
26
24
25
26
32
37
41
42
36
29
29
36
47
49
45
40
39
40
38
38
43
54
62
59
53
49
52
58
59
52
39
28
27
35
45
50
41
26
10
-1
-8
-11
-15
-19
-26
-30
-29
-22
-12
-5
-4
-10
-17
-21
-17
-8
-4
-7
-13
-13
-2
8
10
0
-15
-22
-18
-8
-4
-14
-32
-51
-58
-50
-29
-11
-3
-6
-7
2
20
40
56
67
77
86
96
102
101
88
70
53
41
32
19
2
-12
-17
-12
-6
0
5
8
8
1
-13
-21
-13
15
48
63
58
41
24
14
8
10
15
21
18
5
-14
-25
-25
-23
-21
-21
-21
-21
-29
-40
-47
-47
-41
-32
-26
-24
-23
-21
-17
-11
-3
4
8
4
-2
-5
-2
5
11
11
8
0
-13
-20
-15
3
23
30
27
23
24
27
27
28
32
39
43
40
32
18
7
0
2
6
13
21
28
33
30
19
7
-1
-4
1
4
-1
-11
-24
-34
-39
-38
-37
-35
-30
-25
-20
-14
-6
3
11
17
25
42
62
78
75
55
35
32
45
57
55
39
13
-12
-24
-20
-6
4
0
-10
-12
0
23
47
63
69
69
70
81
98
111
108
85
55
32
27
37
51
57
51
31
3
-23
-33
-27
-10
1
0
-8
-19
-30
-43
-56
-62
-62
-63
-66
-71
-75
-76
-70
-60
-48
-39
-33
-33
-37
-37
-27
-13
-10
-20
-35
-39
-29
-12
6
17
19
14
3
-4
0
16
36
49
47
30
8
-8
-7
6
19
30
34
31
24
18
20
29
34
34
34
34
35
37
43
54
65
58
41
23
20
23
28
34
45
58
58
42
17
1
1
4
1
-12
-25
-30
-28
-24
-22
-23
-29
-39
-48
-50
-45
-33
-24
-19
-20
-22
-26
-24
-19
-15
-14
-13
-6
3
9
10
10
10
8
1
-6
-4
8
22
31
33
33
30
23
18
16
19
21
20
21
29
37
42
38
33
30
32
37
43
47
48
42
35
31
34
37
36
32
26
20
10
0
-7
-4
6
10
7
0
-8
-14
-16
-14
-6
0
2
0
-1
-5
-13
-28
-40
-42
-34
-19
-6
-2
-8
-17
-23
-22
-22
-27
-35
-36
-25
-6
9
14
8
0
-6
-3
2
10
16
22
27
34
41
45
43
39
32
26
22
24
28
32
34
39
45
46
43
36
30
25
25
32
42
51
50
44
38
36
41
49
59
66
63
50
34
25
24
26
25
21
14
7
1
0
10
24
34
31
14
-6
-20
-20
-11
-3
3
3
0
-3
-2
-1
-2
-2
0
12
26
36
31
16
3
0
4
7
3
-5
-18
-31
-36
-19
13
38
29
-4
-23
-5
28
36
10
-22
-24
-1
11
-14
-53
-68
-48
-29
-38
-61
-56
-21
5
-11
-37
-24
24
59
49
21
22
58
90
86
55
31
30
45
61
68
58
39
22
11
1
-1
10
35
55
53
33
26
37
51
41
11
-12
-12
0
7
4
-1
-1
1
-7
-25
-43
-51
-49
-45
-44
-44
-47
-53
-64
-72
-75
-68
-52
-40
-39
-49
-62
-63
-50
-32
-20
-12
-5
2
-1
-10
-16
-11
1
10
13
17
26
32
33
31
28
34
40
39
29
23
28
49
65
67
56
46
47
49
50
49
52
60
66
65
61
60
61
56
44
31
25
24
23
21
20
25
32
38
34
23
8
-4
-14
-18
-16
-7
1
4
-4
-19
-33
-38
-34
-30
-34
-47
-60
-67
-62
-53
-46
-41
-38
-41
-48
-59
-62
-58
-50
-40
-34
-30
-29
-31
-29
-23
-13
-6
-4
-6
-2
13
36
52
50
40
36
46
63
76
80
79
78
81
81
81
75
74
74
77
75
69
64
62
66
69
63
51
44
43
46
45
35
22
11
7
6
6
6
6
3
-4
-15
-27
-39
-49
-55
-52
-43
-30
-23
-26
-37
-52
-60
-62
-59
-56
-47
-37
-24
-19
-21
-22
-18
-16
-19
-26
-28
-25
-15
-5
3
13
20
25
23
20
16
15
16
18
23
29
32
34
33
33
31
28
23
24
29
38
45
49
50
49
46
42
39
39
38
32
23
12
5
2
6
10
14
16
14
10
3
0
-2
-2
0
5
13
21
21
15
6
-3
-6
-2
3
6
5
3
5
9
12
14
15
12
5
-2
-4
-2
5
15
25
31
26
15
6
3
2
0
-2
1
5
7
5
2
1
1
-5
-15
-21
-24
-22
-22
-20
-14
-3
1
0
-5
-10
-18
-27
-34
-33
-21
-6
8
20
26
25
16
7
4
6
15
25
39
53
64
71
71
65
57
55
64
78
81
66
40
20
21
38
56
63
55
40
22
4
-9
-14
-11
-5
-3
-2
3
8
5
-5
-12
-11
-7
-11
-19
-20
-10
6
21
31
28
12
-12
-29
-31
-23
-13
-4
4
12
13
5
-4
-11
-15
-19
-21
-25
-27
-26
-18
-6
-1
-8
-18
-20
-15
-10
-14
-22
-23
-17
-6
2
3
-5
-16
-28
-32
-29
-20
-10
-2
4
9
11
13
17
29
40
41
31
21
22
31
38
38
34
31
28
28
31
38
45
43
33
23
23
38
57
67
57
39
19
6
-2
-4
-2
-1
-1
-10
-19
-26
-27
-23
-18
-14
-15
-22
-31
-36
-34
-28
-24
-24
-29
-31
-25
-13
-4
-2
-4
-4
-1
0
-3
-6
-10
-15
-18
-16
-9
3
15
21
18
12
5
3
7
17
23
23
20
14
8
4
4
10
19
28
35
38
37
29
16
5
3
10
21
31
38
39
33
22
11
4
2
0
-1
-2
-2
-3
-3
-5
-9
-7
-1
5
6
0
-3
-2
5
13
15
14
8
-1
-10
-14
-13
-1
12
17
7
-9
-18
-13
1
11
12
6
-2
-13
-21
-25
-16
2
19
25
21
16
18
28
38
45
45
43
42
41
38
37
39
39
31
20
13
13
18
17
5
-9
-18
-16
-9
3
13
18
20
20
20
20
24
30
39
47
52
52
46
34
22
14
14
19
25
25
21
13
1
-11
-17
-12
4
23
33
32
22
12
9
11
11
5
-5
-9
-6
5
16
23
28
28
15
-4
-14
-9
9
26
28
17
4
-6
-11
-11
-3
8
13
11
6
5
5
-2
-15
-21
-14
1
13
19
25
31
32
23
11
7
12
18
17
14
9
3
-3
-5
3
15
21
19
12
2
-7
-6
6
24
39
38
32
27
30
33
32
22
4
-11
-18
-15
-6
6
13
17
12
-1
-17
-26
-27
-26
-25
-25
-22
-16
-12
-11
-13
-18
-22
-24
-26
-23
-15
-5
6
13
9
-3
-13
-15
-5
15
32
39
36
25
16
14
19
27
36
39
34
20
7
3
9
16
19
15
12
13
17
18
17
20
29
39
41
35
27
23
20
18
14
8
3
2
5
7
6
3
3
6
6
2
4
9
14
13
7
7
15
26
31
29
23
18
21
31
41
42
34
20
9
-1
-6
-6
1
10
12
5
-3
-3
5
19
34
41
43
41
38
33
25
17
17
24
32
30
20
8
-3
-11
-18
-25
-29
-31
-29
-27
-29
-32
-34
-31
-27
-25
-29
-34
-31
-18
1
20
29
28
25
25
26
26
26
30
36
37
31
22
18
20
25
27
24
23
24
28
33
43
54
66
70
63
50
32
14
1
-3
5
22
41
50
42
22
4
-7
-10
-11
-14
-17
-22
-24
-23
-12
4
23
36
41
35
25
21
27
37
39
36
29
23
22
20
17
12
8
3
-5
-15
-17
-5
18
39
48
40
23
6
-4
-3
12
35
55
60
51
32
14
4
-2
-4
-9
-13
-13
-14
-20
-26
-30
-30
-24
-18
-15
-10
-3
2
4
2
4
12
22
30
28
22
14
9
8
7
11
18
24
24
18
9
5
6
10
17
18
16
9
2
-4
-11
-14
-7
8
18
14
2
-13
-24
-32
-36
-27
-7
11
14
4
-6
-11
-10
-8
-5
-3
-1
0
-1
0
-3
-4
-4
-2
-1
-3
1
7
12
8
2
1
7
15
20
22
25
25
25
24
24
30
35
37
35
26
16
13
18
28
38
47
50
48
36
23
14
17
27
37
41
35
27
22
17
14
13
17
24
24
13
-4
-19
-22
-12
1
17
27
31
27
20
14
12
13
15
20
25
25
24
25
27
30
25
15
1
-8
-12
-11
-5
5
12
15
17
20
25
26
23
17
8
-2
-9
-9
-1
7
8
6
5
8
10
5
-1
2
14
25
22
5
-13
-26
-30
-31
-27
-20
-9
-1
0
-5
-6
4
21
32
39
42
45
42
32
21
23
38
51
53
48
42
38
35
31
28
26
20
8
0
2
12
21
17
0
-19
-28
-22
-5
16
29
32
25
16
14
15
18
24
23
16
3
-9
-12
-5
4
11
16
22
27
26
18
11
6
4
0
-1
3
14
28
39
42
41
36
32
31
34
38
42
47
46
39
26
12
2
-3
-6
-9
-9
-9
-5
-1
2
2
3
8
16
17
8
-6
-11
-5
4
6
8
11
22
37
41
32
12
-5
-14
-12
-1
15
35
52
56
47
31
20
18
27
38
45
43
35
26
19
20
27
32
32
21
7
-5
-6
4
14
23
27
25
21
13
3
-4
-5
-2
0
-4
-9
-11
-11
-15
-22
-29
-27
-21
-15
-12
-15
-19
-27
-36
-41
-38
-22
-4
11
15
11
8
5
3
0
-4
-3
4
16
26
30
30
26
27
39
58
76
79
70
55
45
43
45
46
45
42
40
38
40
41
41
37
30
28
30
35
39
41
41
38
32
28
26
27
31
32
31
23
12
2
-5
-8
-10
-15
-22
-31
-37
-37
-32
-26
-20
-15
-13
-17
-27
-38
-42
-38
-31
-21
-16
-17
-27
-41
-49
-43
-36
-33
-36
-36
-27
-14
-4
1
1
-5
-9
-9
-3
-2
-3
-3
-1
5
7
6
9
17
29
31
27
21
24
36
50
58
56
48
45
45
47
45
39
33
27
24
26
32
40
43
40
33
28
21
14
14
20
26
28
24
20
14
7
0
-5
-6
-6
-6
-9
-11
-11
-10
-7
-5
-9
-17
-25
-28
-25
-19
-13
-12
-15
-20
-24
-23
-20
-15
-11
-7
-2
8
22
32
36
34
32
37
39
35
22
13
13
16
18
19
25
34
41
44
46
50
54
53
49
46
50
59
64
63
58
51
41
28
17
11
13
14
10
3
0
0
6
12
16
15
5
-8
-18
-18
-11
2
16
24
22
8
-9
-17
-11
-2
-1
-6
-13
-16
-19
-21
-16
-5
6
7
0
-3
6
20
30
27
19
16
21
31
36
32
28
26
26
26
27
30
37
39
34
26
13
4
0
5
12
15
10
4
3
6
11
13
9
4
2
2
3
0
-4
-6
-6
-7
-7
0
17
32
38
36
33
32
28
24
27
44
66
80
74
56
35
20
13
16
27
31
26
13
0
-4
-1
3
4
3
2
6
13
23
32
31
17
-5
-24
-26
-14
6
24
33
30
17
2
-9
-10
-2
6
9
6
3
-3
-7
-10
-13
-16
-20
-24
-26
-23
-19
-16
-15
-14
-11
-7
-6
-6
-7
-7
-8
-11
-14
-14
-10
-5
-3
-4
-1
6
13
14
11
3
-7
-14
-15
-6
7
12
12
10
8
5
-1
-5
-8
-9
-9
1
19
35
36
28
19
18
23
27
31
35
36
34
29
25
25
21
13
3
-6
-10
-8
-3
2
10
23
39
52
54
49
39
26
12
5
8
20
32
35
24
7
-10
-19
-15
-2
7
7
1
1
7
14
18
21
25
23
12
-7
-19
-16
0
20
33
33
25
13
3
-9
-23
-32
-27
-7
12
18
11
1
-4
2
15
26
29
22
12
6
11
22
34
34
25
14
12
20
32
42
49
55
53
42
25
19
26
33
31
23
18
23
32
40
48
54
54
51
46
50
58
60
50
29
12
6
11
18
19
11
-4
-22
-34
-39
-37
-37
-37
-34
-23
-7
5
9
13
25
37
40
32
19
7
3
5
12
20
27
33
37
34
24
3
-22
-43
-55
-50
-29
-3
17
18
5
-14
-25
-24
-11
7
21
26
25
25
31
39
37
18
-12
-36
-47
-47
-39
-22
4
29
36
25
5
-5
0
13
23
25
22
14
8
10
24
43
51
42
22
4
-4
2
15
31
39
36
22
7
-1
-3
-2
0
4
4
0
-3
-2
7
16
14
1
-16
-27
-28
-27
-23
-16
-4
11
18
13
1
-15
-26
-35
-40
-38
-31
-21
-12
-6
0
-3
-11
-21
-26
-25
-22
-18
-10
4
20
33
42
45
41
30
13
5
3
9
18
32
49
64
71
67
56
43
27
10
6
18
44
67
74
65
53
44
41
40
40
42
40
30
17
10
11
9
0
-18
-28
-29
-25
-23
-20
-15
-11
-9
-3
5
11
5
-6
-11
-6
0
5
7
13
18
14
3
-7
-11
-14
-18
-20
-14
-3
7
13
10
-4
-24
-37
-38
-31
-23
-17
-12
-8
-9
-9
-4
7
16
17
11
4
1
3
10
18
25
24
21
18
16
15
16
19
23
19
11
5
2
3
8
13
20
25
24
17
12
11
14
16
19
24
28
35
36
32
23
13
8
8
12
18
22
18
8
2
1
6
10
14
16
18
20
23
24
24
21
11
2
-4
-9
-12
-13
-6
4
14
17
13
9
7
7
13
24
36
42
36
27
25
31
38
35
25
12
6
7
13
20
19
5
-14
-22
-14
1
13
20
26
31
29
22
11
3
3
7
15
24
31
32
25
15
8
4
3
0
-2
-4
-6
-7
-3
5
13
18
18
21
24
27
25
20
18
21
26
26
23
17
14
12
12
10
6
2
1
0
-3
-8
-9
-4
2
4
2
2
2
0
-6
-6
2
16
29
38
46
52
55
55
52
46
39
27
17
11
11
16
19
17
12
11
12
13
15
15
19
23
25
26
26
27
27
20
11
6
7
18
28
35
37
35
29
18
7
0
0
4
7
4
0
-1
4
15
25
32
32
29
25
20
18
22
32
45
53
52
43
35
34
38
41
40
36
33
26
17
9
4
4
4
2
-3
-12
-25
-33
-31
-21
-15
-14
-14
-14
-17
-22
-23
-14
3
13
11
2
-7
-14
-18
-16
-11
-7
-9
-14
-14
-10
-3
1
5
11
16
17
16
15
16
17
16
16
17
25
35
48
58
60
55
44
37
36
40
46
45
38
28
22
17
13
6
-5
-18
-28
-28
-15
4
24
33
32
25
16
8
3
2
6
11
16
15
13
11
8
3
-3
-6
-4
2
8
16
25
32
32
26
26
39
58
72
73
63
51
41
32
22
16
13
14
15
12
9
4
0
-7
-14
-19
-19
-15
-6
7
20
23
16
4
-2
-3
-5
-12
-22
-27
-25
-19
-14
-14
-14
-13
-9
-5
-2
-4
-4
-4
-2
-3
-2
-1
7
16
22
26
26
26
25
24
20
15
6
-3
-4
2
14
26
31
29
22
13
1
-8
-9
-4
0
-1
-7
-10
-14
-17
-18
-13
-7
-4
-7
-10
-13
-13
-14
-14
-10
-4
-1
0
1
2
2
-4
-13
-22
-26
-28
-27
-19
-1
21
33
35
30
24
20
18
20
27
36
47
52
52
46
35
27
22
24
26
28
31
35
36
36
33
33
34
39
41
36
31
28
28
22
9
-1
0
14
27
27
18
7
5
15
28
41
47
46
37
22
4
-9
-15
-10
-3
0
-6
-15
-23
-25
-19
-11
-10
-14
-19
-20
-18
-12
1
22
38
44
37
21
0
-13
-15
-3
13
24
28
24
17
11
11
16
28
35
35
31
33
44
52
54
47
32
17
8
7
11
20
31
39
39
30
17
5
3
7
12
17
18
13
6
2
1
1
-1
-1
5
12
15
16
19
22
21
13
1
-6
-6
-4
-6
-10
-12
-8
-1
8
18
28
36
38
37
38
42
47
55
60
61
54
38
24
19
23
30
26
16
7
6
13
26
41
49
45
30
15
12
16
23
28
30
29
21
9
0
0
3
3
0
-3
-3
0
-4
-15
-26
-31
-29
-23
-18
-15
-8
1
6
6
3
3
7
16
23
26
21
11
2
2
11
25
39
41
29
8
-15
-29
-31
-18
1
21
32
36
36
34
29
19
8
0
-2
-1
4
14
23
24
17
8
2
0
-1
-2
-1
2
4
9
20
28
29
20
9
4
2
0
-4
-6
-5
-1
5
12
15
11
-1
-14
-24
-27
-27
-27
-27
-23
-12
1
9
8
2
-6
-10
-14
-15
-6
5
13
11
5
2
4
5
3
-1
-4
-6
-6
-1
7
17
22
23
18
8
0
-5
-3
4
18
30
39
42
40
34
25
19
13
7
3
2
6
12
16
13
5
-3
-7
-9
-5
-1
6
11
15
22
33
40
38
25
9
-3
-8
-9
-3
5
15
17
11
0
-10
-17
-21
-19
-14
-9
-6
-5
-2
4
10
11
10
13
21
31
36
36
38
41
41
36
29
23
11
-6
-23
-25
-9
14
25
25
24
26
25
12
0
-7
-8
-9
-11
-6
6
13
10
2
-5
-9
-8
-3
10
23
26
13
-4
-16
-21
-18
-10
0
0
-6
-13
-15
-12
-3
9
22
26
15
4
4
17
34
43
48
46
39
26
19
21
29
37
42
40
35
26
16
10
5
3
3
3
-2
-11
-25
-30
-29
-21
-12
-5
-1
-1
-2
-4
-6
-10
-15
-21
-25
-22
-16
-6
2
5
4
-1
-6
-6
-2
5
13
19
23
22
23
26
31
33
30
22
16
13
11
7
2
1
7
15
21
25
23
16
6
-3
-4
4
18
32
41
37
23
3
-8
-7
2
9
13
11
3
-5
-5
3
11
13
10
8
6
2
-4
0
16
34
48
53
51
42
28
10
-1
-5
-3
2
2
0
-5
-12
-17
-21
-20
-13
-4
1
4
4
9
13
15
15
16
19
26
37
45
47
38
21
7
1
5
17
29
33
28
23
19
18
16
17
22
33
46
53
52
50
50
50
48
39
25
12
9
16
28
38
48
57
61
57
44
27
13
4
2
3
5
3
-1
-7
-11
-14
-12
-4
4
8
5
4
2
2
-1
-3
2
12
19
19
11
0
-11
-17
-14
-2
10
18
18
16
13
13
14
15
12
7
4
6
15
27
37
42
41
35
25
19
18
22
26
23
9
-6
-12
-12
-11
-13
-14
-11
-7
-6
-4
3
16
26
24
17
9
11
19
24
27
29
30
25
16
5
-5
-10
-9
3
22
37
34
21
10
9
16
21
18
8
-5
-12
-11
-4
5
14
17
15
8
2
2
8
13
16
20
23
27
27
28
33
39
44
39
30
21
22
25
29
28
26
28
33
33
28
23
23
25
27
25
28
36
45
50
51
52
51
43
30
16
7
3
0
1
8
17
15
5
-8
-11
-3
7
11
8
4
2
-1
-5
-10
-18
-27
-30
-27
-20
-12
-4
2
6
6
2
0
5
16
29
34
35
33
27
23
23
26
31
30
26
24
23
20
14
13
18
26
32
33
31
31
34
39
48
53
52
40
24
11
4
2
7
11
15
13
7
3
3
4
1
-5
-12
-17
-23
-26
-20
-9
5
14
14
7
-4
-17
-26
-30
-28
-17
-3
11
15
11
6
0
-3
-3
6
21
32
36
35
33
34
34
32
30
27
22
16
10
6
5
8
15
22
29
33
33
30
23
18
15
16
17
17
17
20
24
29
34
37
37
34
25
15
8
1
0
5
13
17
14
6
7
17
26
31
33
32
32
29
22
16
13
13
13
10
2
-4
-6
-6
-6
-12
-16
-17
-15
-9
1
15
26
30
24
15
8
3
1
8
21
32
35
31
25
21
18
18
19
23
27
31
33
31
29
26
26
31
37
39
36
29
24
23
26
28
26
19
9
-1
-9
-9
-3
7
16
22
27
28
23
12
-6
-26
-44
-49
-39
-22
-14
-20
-32
-37
-33
-23
-9
6
22
27
24
20
23
34
48
56
60
59
52
38
24
19
23
29
36
40
39
35
30
28
31
34
31
24
13
3
-8
-19
-25
-26
-26
-29
-34
-38
-40
-39
-35
-32
-27
-24
-21
-20
-22
-25
-25
-21
-16
-13
-14
-14
-15
-18
-24
-30
-31
-29
-24
-18
-10
-3
3
8
14
20
24
28
31
37
39
40
39
38
37
37
41
51
61
65
59
48
38
34
35
35
34
34
31
26
18
12
9
6
0
-6
-5
0
8
10
11
12
10
2
-8
-15
-17
-18
-17
-11
1
5
-1
-16
-30
-38
-42
-42
-38
-29
-23
-22
-25
-23
-16
-11
-11
-13
-11
-5
4
16
29
41
46
45
39
36
36
41
48
55
61
59
53
45
38
37
43
53
62
65
64
61
55
46
31
17
8
6
7
8
14
20
23
21
15
13
20
24
17
-1
-22
-38
-45
-40
-25
-8
2
-3
-13
-28
-38
-40
-33
-20
-5
5
10
9
8
11
17
21
18
7
-5
-12
-9
1
13
20
17
8
1
0
1
-1
-8
-13
-10
0
7
9
5
2
-3
-7
-10
-8
-5
-3
-7
-12
-13
-9
2
12
20
19
14
9
7
9
14
17
19
17
17
22
28
30
22
11
3
2
9
18
25
30
30
25
18
14
16
19
17
10
-1
-9
-13
-14
-10
-7
-3
-5
-6
-5
-2
3
8
15
21
25
25
22
20
19
16
12
14
23
37
46
51
56
58
55
43
27
16
11
12
11
13
16
16
5
-9
-15
-12
-2
4
9
13
12
5
-4
-6
-1
6
10
13
18
21
15
1
-9
-11
-7
-5
-1
1
0
-1
0
3
7
6
1
1
7
17
31
44
54
58
53
46
41
41
41
40
38
36
36
37
41
45
49
44
37
29
25
25
24
25
25
25
23
24
25
21
15
5
-4
-10
-9
-5
-1
-1
-8
-21
-30
-35
-39
-41
-40
-40
-38
-34
-22
-4
14
20
20
15
12
11
15
20
25
26
25
25
30
36
41
47
53
55
49
40
36
48
66
76
67
47
28
14
5
-4
-10
-12
-10
-10
-12
-18
-22
-22
-17
-16
-18
-18
-11
4
18
26
27
23
18
9
-6
-15
-14
-4
5
5
-7
-26
-44
-48
-37
-17
0
8
11
11
8
5
5
9
15
18
18
12
5
-1
-3
0
4
6
4
3
5
6
5
9
18
27
32
33
32
31
31
31
34
37
35
27
15
5
-4
-10
-12
-7
1
9
11
8
-4
-18
-25
-23
-15
-5
0
-2
-10
-19
-25
-23
-11
5
21
30
31
30
28
26
26
30
33
31
26
21
21
25
27
24
24
27
32
38
44
45
37
22
10
5
6
10
9
4
-2
-4
-4
-2
-1
2
1
-1
-3
-2
4
10
9
2
-6
-12
-12
-8
-2
5
9
8
4
-4
-8
-5
5
16
24
26
24
26
32
39
45
44
34
26
26
33
44
53
55
