5
5
4
2
-1
-8
-22
-43
-64
-80
-87
-85
-75
-62
-54
-57
-77
-96
-96
-77
-50
-30
-17
-7
1
0
-11
-19
-19
-13
-10
-6
-2
6
16
28
40
46
44
39
42
51
60
64
61
61
61
60
57
57
58
59
58
55
49
39
28
23
24
25
28
36
48
56
51
35
18
9
5
0
-5
-5
-4
0
5
9
14
16
15
11
4
-4
-8
-7
-3
1
3
4
-3
-13
-23
-24
-14
5
24
37
41
34
22
10
2
1
6
17
32
41
38
27
11
3
3
9
16
24
30
34
32
24
13
-1
-12
-16
-9
1
7
4
-6
-20
-35
-51
-59
-52
-36
-21
-16
-17
-20
-28
-37
-50
-59
-58
-51
-42
-32
-21
-13
-11
-12
-14
-17
-22
-33
-39
-38
-34
-31
-30
-26
-16
-6
4
13
21
24
21
14
9
6
5
7
13
22
33
43
49
51
49
46
41
36
30
26
24
24
22
20
17
14
11
5
-5
-14
-18
-14
-8
-2
0
-4
-14
-23
-30
-30
-25
-18
-11
-7
-2
-1
-6
-8
-2
10
24
34
42
46
43
34
34
46
65
77
81
76
71
61
47
38
39
50
62
74
80
77
63
46
35
32
39
51
67
77
76
60
36
19
12
17
25
31
28
17
7
7
7
4
-9
-24
-35
-38
-31
-16
2
13
12
-3
-22
-36
-40
-34
-28
-28
-35
-42
-44
-43
-40
-34
-27
-22
-23
-27
-24
-16
-7
-6
-10
-16
-19
-21
-26
-29
-26
-16
-7
-2
-3
-4
0
7
10
6
-2
-6
-1
7
12
9
0
-8
-8
-2
11
28
42
49
43
30
20
20
26
35
37
34
25
12
-2
-2
12
35
55
63
56
38
18
8
16
33
45
42
29
17
12
21
38
57
66
57
29
-2
-23
-25
-13
3
13
13
7
2
1
2
3
-2
-16
-32
-46
-49
-41
-24
-2
17
29
32
33
35
46
59
66
64
51
31
12
3
8
23
40
48
49
47
44
36
25
19
21
31
43
51
56
61
62
55
38
19
1
-13
-21
-24
-23
-22
-27
-37
-53
-67
-82
-95
-104
-107
-108
-104
-96
-81
-67
-59
-60
-66
-69
-65
-54
-47
-42
-45
-51
-57
-62
-67
-66
-61
-50
-37
-26
-15
-3
10
23
31
36
34
28
22
19
18
19
22
32
48
64
67
57
42
31
31
39
47
47
39
32
30
35
42
43
38
29
18
9
3
5
14
23
24
17
3
-9
-21
-25
-22
-16
-12
-15
-22
-27
-26
-21
-17
-14
-12
-7
-3
0
0
3
10
17
25
32
39
42
37
29
20
14
12
14
17
17
15
12
13
18
23
26
27
28
30
35
43
52
58
64
67
67
60
50
38
34
38
46
49
45
30
7
-16
-33
-40
-36
-26
-12
1
7
3
-4
-8
-14
-24
-34
-35
-24
-5
13
29
42
48
41
29
14
5
-1
-2
-1
-3
-12
-27
-44
-54
-54
-45
-28
-5
18
35
43
38
26
13
6
5
6
7
10
13
8
-7
-29
-50
-58
-56
-50
-41
-34
-27
-26
-31
-38
-40
-33
-24
-20
-20
-20
-20
-20
-20
-17
-5
10
21
23
20
19
24
31
37
38
36
32
28
26
23
19
16
16
17
16
9
1
0
3
11
21
31
38
38
26
9
-7
-15
-13
-5
7
12
8
1
-5
-7
-6
-1
7
15
19
19
13
6
-2
-7
-5
1
5
6
2
-2
-4
-5
-5
-7
-10
-11
-8
1
9
18
22
24
21
16
12
14
19
24
27
29
31
32
26
18
17
19
23
25
27
31
32
24
15
10
9
13
17
22
30
36
36
31
27
26
24
20
20
28
44
55
56
47
38
34
36
45
54
62
63
59
51
46
48
53
55
60
66
73
78
78
74
69
64
60
56
56
58
56
45
25
8
0
1
10
20
27
34
42
54
62
64
57
43
20
-6
-26
-32
-21
-6
-2
-12
-29
-48
-64
-76
-77
-68
-55
-47
-41
-37
-32
-25
-15
-2
14
25
30
30
24
16
0
-16
-29
-37
-40
-37
-31
-23
-14
-2
12
23
26
19
6
-3
-8
-8
0
17
32
36
23
1
-21
-39
-50
-52
-45
-31
-20
-18
-28
-43
-58
-65
-63
-56
-54
-53
-51
-45
-35
-28
-22
-12
1
8
6
-3
-9
-8
-6
-6
-5
-1
8
21
30
34
30
21
10
4
5
11
23
35
45
46
42
38
38
38
33
22
13
9
15
27
41
48
46
37
22
7
-4
-12
-12
-5
6
17
23
26
28
33
38
42
40
39
37
36
29
16
5
1
3
6
3
-1
-3
0
4
5
3
-1
-2
-1
10
22
32
32
31
40
54
69
74
68
54
38
28
25
31
39
44
37
19
-5
-23
-26
-12
13
36
51
61
65
65
56
42
30
28
37
46
52
54
53
49
43
39
41
39
28
6
-18
-35
-46
-51
-48
-39
-29
-23
-16
-9
-6
-13
-26
-41
-54
-72
-88
-97
-91
-75
-60
-51
-50
-59
-74
-87
-85
-70
-48
-28
-12
2
9
11
9
6
1
-9
-19
-22
-13
2
20
35
43
40
31
23
17
13
11
14
20
23
17
11
10
20
29
32
31
30
30
23
10
-3
-7
-2
2
3
2
3
8
12
17
22
26
27
26
29
39
51
64
70
73
75
77
79
82
85
78
53
12
-24
-37
-25
-2
16
27
28
16
-7
-26
-28
-17
-7
-6
-6
3
19
34
35
26
10
-11
-35
-58
-81
-89
-75
-40
-3
15
14
4
-5
-15
-30
-43
-48
-43
-36
-26
-8
16
36
40
33
24
22
22
19
13
5
-4
-12
-12
1
21
39
52
62
71
78
73
56
26
0
-13
-5
26
64
88
88
64
31
1
-19
-24
-16
-6
-1
-2
-4
-3
-3
-7
-17
-27
-36
-41
-40
-32
-18
-6
5
9
10
9
7
7
5
0
-15
-35
-60
-80
-92
-93
-78
-53
-31
-22
-28
-45
-60
-62
-53
-35
-12
7
15
10
-3
-18
-27
-34
-38
-39
-29
-14
0
8
12
12
10
2
-6
-8
-5
-2
3
13
30
47
56
57
54
46
34
26
29
41
54
61
62
59
54
45
38
34
34
32
27
21
17
19
26
28
22
7
-11
-19
-14
2
22
38
48
53
54
60
68
69
56
34
9
-16
-40
-56
-57
-43
-26
-17
-21
-32
-45
-53
-52
-42
-26
-8
8
21
32
36
36
34
32
24
7
-12
-26
-30
-31
-29
-23
-14
-5
-5
-10
-14
-16
-20
-24
-20
-1
28
51
63
63
54
40
30
30
44
60
68
62
46
28
15
10
16
29
38
39
32
21
13
8
8
13
23
35
44
45
37
19
0
-13
-15
-4
7
10
2
-7
-15
-15
-14
-14
-16
-21
-28
-37
-40
-33
-21
-12
-8
-10
-16
-23
-31
-35
-33
-30
-31
-35
-36
-31
-27
-25
-26
-28
-29
-27
-23
-12
3
19
29
34
36
36
30
20
5
-8
-20
-25
-22
-12
2
13
17
12
5
-4
-12
-15
-10
6
28
47
58
63
63
61
56
52
55
64
74
81
80
76
66
54
49
53
66
81
93
98
92
73
53
40
41
46
49
50
50
45
32
12
-6
-20
-25
-24
-19
-14
-13
-13
-10
-3
5
8
9
4
-2
-8
-9
-5
2
11
15
13
2
-12
-24
-28
-29
-31
-33
-32
-27
-20
-14
-3
13
28
35
33
27
21
21
25
27
21
9
-4
-9
-8
-2
4
7
6
0
-11
-26
-43
-57
-64
-65
-61
-56
-52
-45
-34
-25
-18
-10
-4
1
1
2
3
5
4
0
-3
-5
-8
-10
-12
-11
-7
-5
-13
-23
-31
-32
-28
-21
-16
-11
1
12
22
26
31
36
38
33
21
9
3
6
15
23
27
25
22
21
19
13
6
0
-2
0
10
25
38
43
36
25
16
13
10
5
0
-2
0
12
30
50
64
65
49
26
1
-16
-25
-22
-9
3
8
3
0
5
15
25
29
30
28
25
21
17
17
17
10
0
-5
-5
-6
-11
-13
-11
-7
-7
-12
-17
-20
-19
-16
-12
-9
-6
-10
-17
-26
-34
-35
-27
-10
9
22
22
18
16
16
21
26
34
38
42
40
36
28
21
16
13
11
3
-4
-8
-8
-8
-11
-11
-9
-10
-18
-28
-28
-17
0
14
23
30
29
19
6
0
1
6
9
12
17
23
24
19
8
-4
-19
-37
-48
-40
-14
18
39
43
37
30
27
27
24
20
22
27
33
30
24
16
11
8
8
18
40
63
80
85
81
72
62
56
58
59
55
44
35
32
31
24
14
8
8
10
10
10
13
18
18
17
13
13
15
19
25
28
29
22
9
-6
-15
-16
-12
-7
-7
-12
-21
-27
-28
-20
-12
-5
-6
-12
-21
-27
-29
-24
-14
-2
5
7
4
-2
-8
-14
-16
-14
-7
2
12
13
11
4
-3
-3
4
13
17
7
-8
-20
-21
-15
-9
-5
0
5
6
9
12
21
30
33
31
25
18
10
-2
-14
-24
-24
-13
0
7
5
-3
-13
-24
-32
-34
-30
-24
-16
-9
-2
4
7
7
6
4
-2
-9
-15
-17
-15
-11
-2
7
10
2
-10
-20
-18
-11
-1
7
12
15
13
8
8
15
24
28
26
26
30
37
39
34
26
18
12
6
0
-2
1
7
19
33
48
57
60
60
59
56
50
44
37
27
10
-14
-35
-43
-37
-17
8
28
36
35
29
23
14
6
2
3
2
-5
-8
-3
8
14
8
-1
-8
-14
-21
-30
-37
-41
-39
-32
-23
-8
8
21
27
28
27
30
39
54
70
79
83
82
78
74
65
53
45
45
51
52
44
33
24
17
14
12
13
19
30
41
51
55
54
51
47
41
29
13
-3
-6
2
12
13
-1
-18
-29
-33
-35
-38
-40
-39
-34
-27
-17
-4
4
7
4
3
4
9
12
14
14
9
4
2
6
13
18
23
33
47
59
65
62
55
43
31
23
24
30
36
35
29
17
9
6
16
31
41
36
18
-5
-23
-34
-37
-37
-36
-35
-26
-9
5
10
8
4
1
-12
-33
-54
-61
-56
-50
-48
-50
-51
-46
-32
-18
-6
-1
5
17
29
36
31
21
10
-1
-14
-24
-24
-14
-1
9
18
24
24
17
4
-6
-13
-17
-23
-31
-44
-59
-65
-55
-34
-8
9
12
7
5
5
5
5
7
8
3
-7
-18
-19
-10
2
10
14
16
15
10
3
-2
-6
-7
-2
10
29
46
53
47
34
26
28
35
44
50
54
52
43
28
17
14
14
12
4
-2
-4
-9
-16
-23
-20
-9
-2
1
0
5
15
28
34
37
34
30
25
20
16
14
16
22
28
30
24
12
4
1
3
3
-1
-9
-13
-6
15
43
66
77
70
52
32
16
10
16
25
23
0
-38
-71
-88
-86
-75
-60
-39
-16
1
-1
-14
-33
-48
-55
-54
-48
-37
-24
-13
-5
0
3
1
-4
-12
-19
-24
-28
-29
-27
-24
-20
-16
-9
3
19
33
42
47
51
58
61
58
55
52
47
39
29
21
16
15
13
7
3
4
4
5
9
14
24
31
28
14
-5
-19
-22
-11
9
30
42
40
25
1
-23
-41
-50
-48
-42
-31
-14
6
22
22
9
-12
-26
-28
-21
-6
11
29
40
41
34
25
22
20
12
-8
-28
-39
-40
-31
-17
2
21
26
19
3
-9
-15
-20
-21
-15
-3
4
-1
-9
-13
-12
-5
-3
-5
-8
-13
-21
-35
-47
-52
-45
-29
-12
-1
0
-13
-31
-44
-44
-31
-12
4
16
23
26
27
30
35
37
35
24
11
7
12
24
34
34
26
19
17
21
23
23
25
27
27
28
35
54
73
80
68
44
19
4
-6
-15
-21
-18
-6
1
-2
-11
-10
4
22
36
42
45
42
30
9
-12
-24
-21
-12
-5
-6
-13
-18
-16
-11
-12
-18
-23
-21
-13
-9
-9
-11
-8
-6
-6
-8
-8
-5
0
4
6
6
3
0
4
15
27
28
16
-4
-21
-28
-28
-21
-9
4
8
0
-15
-28
-32
-30
-25
-20
-17
-14
-11
-7
-8
-12
-18
-18
-12
-4
1
3
6
7
4
1
1
8
24
40
51
51
43
27
9
-9
-16
-12
4
20
35
44
47
45
37
31
26
25
23
24
24
20
5
-18
-39
-43
-30
-7
13
27
36
38
32
18
1
-10
-15
-19
-24
-27
-20
-6
9
15
17
18
21
23
24
32
43
48
30
-1
-31
-45
-43
-37
-26
-1
37
65
63
38
25
36
57
63
53
36
24
10
-5
-11
-2
12
14
-7
-34
-47
-34
-4
28
46
42
24
3
-10
-12
-4
6
11
7
-5
-20
-23
-9
11
21
13
-5
-19
-24
-19
-6
13
29
29
13
-13
-28
-24
-10
2
10
16
25
29
25
18
12
20
34
44
40
20
-5
-27
-42
-47
-45
-36
-30
-27
-25
-25
-29
-35
-38
-32
-21
-17
-30
-45
-50
-47
-45
-45
-37
-18
6
19
22
22
20
12
-5
-23
-36
-36
-22
5
37
61
68
56
34
12
-4
-7
7
32
61
75
69
50
27
13
10
14
22
31
39
41
33
11
-12
-25
-23
-15
-10
-13
-23
-30
-26
-10
10
23
25
24
26
28
24
13
8
15
23
27
26
30
34
28
9
-9
-12
-2
6
1
-11
-18
-20
-27
-39
-43
-31
-16
-7
-8
-10
-9
-12
-27
-38
-31
-7
13
16
9
9
13
12
1
-3
12
34
39
16
-15
-23
3
36
47
30
8
-1
0
0
-1
6
21
27
13
-12
-21
-6
22
45
57
67
77
80
67
36
2
-13
-4
9
8
-6
-16
-12
-5
-14
-32
-36
-21
-5
-4
-16
-26
-24
-21
-24
-24
-17
-12
-23
-47
-63
-55
-36
-28
-32
-31
-20
-14
-36
-74
-94
-93
-90
-108
-140
-156
-148
-135
-135
-139
-127
-100
-84
-93
-109
-102
-63
-21
-8
-27
-54
-67
-69
-70
-64
-40
-3
28
44
59
88
131
167
192
219
251
277
282
275
272
277
277
286
327
390
427
410
376
385
441
488
485
468
477
493
455
368
304
316
355
332
254
200
209
217
151
38
-30
-17
13
-17
-104
-189
-240
-284
-343
-409
-450
-459
-459
-483
-538
-606
-654
-672
-678
-706
-761
-819
-847
-847
-847
-850
-843
-820
-800
-802
-804
-763
-676
-595
-564
-560
-524
-442
-356
-304
-253
-168
-64
14
79
200
380
516
526
518
702
1099
1428
1392
1090
978
1345
1900
2047
1626
1172
1280
1840
2134
1765
1209
1180
1642
1827
1326
696
685
1137
1174
488
-177
-71
450
423
-328
-933
-726
-181
-195
-830
-1326
-1219
-895
-908
-1213
-1402
-1363
-1338
-1451
-1540
-1499
-1436
-1440
-1429
-1335
-1244
-1214
-1125
-909
-745
-809
-912
-707
-223
84
-28
-213
-10
485
744
556
318
468
894
1138
1032
868
933
1138
1202
1063
929
963
1074
1061
889
715
675
716
660
428
149
12
39
48
-126
-411
-576
-538
-466
-572
-821
-995
-999
-980
-1112
-1335
-1446
-1384
-1311
-1369
-1476
-1467
-1344
-1288
-1392
-1509
-1432
-1152
-869
-760
-782
-742
-518
-188
53
105
106
302
743
1150
1215
1011
984
1408
1997
2209
1941
1694
1924
2432
2617
2286
1926
2022
2385
2416
1958
1541
1631
1959
1875
1278
786
880
1219
1105
447
-121
-117
164
116
-339
-727
-741
-634
-775
-1131
-1379
-1413
-1433
-1593
-1780
-1832
-1775
-1749
-1790
-1823
-1793
-1719
-1614
-1491
-1383
-1309
-1189
-938
-631
-450
-446
-432
-245
29
187
217
294
494
670
704
703
836
1054
1159
1106
1080
1209
1357
1307
1064
848
804
845
795
602
365
176
38
-95
-245
-395
-518
-612
-705
-829
-991
-1158
-1292
-1388
-1466
-1520
-1517
-1462
-1430
-1496
-1637
-1729
-1682
-1554
-1478
-1492
-1469
-1275
-956
-695
-596
-543
-344
29
403
624
736
909
1204
1495
1653
1719
1856
2110
2328
2359
2285
2333
2552
2709
2597
2360
2317
2501
2565
2261
1818
1646
1765
1790
1486
1081
877
808
593
209
-77
-152
-226
-486
-790
-907
-874
-928
-1131
-1311
-1363
-1391
-1492
-1598
-1640
-1700
-1854
-1977
-1907
-1723
-1666
-1773
-1815
-1659
-1469
-1434
-1459
-1315
-995
-712
-562
-402
-126
131
216
215
341
613
837
907
946
1088
1266
1330
1277
1249
1310
1372
1346
1269
1233
1226
1158
977
761
625
595
572
422
119
-212
-409
-465
-539
-750
-1017
-1174
-1194
-1227
-1374
-1542
-1591
-1550
-1565
-1690
-1813
-1833
-1801
-1826
-1909
-1951
-1886
-1753
-1615
-1498
-1398
-1306
-1178
-949
-614
-280
-59
77
282
646
1076
1407
1584
1708
1899
2165
2443
2679
2838
2875
2797
2723
2791
2978
3074
2939
2690
2557
2565
2525
2328
2092
1935
1758
1418
1027
834
818
650
165
-336
-481
-377
-474
-915
-1345
-1443
-1362
-1450
-1716
-1882
-1866
-1880
-2029
-2109
-1960
-1787
-1874
-2141
-2247
-2082
-1883
-1829
-1797
-1631
-1422
-1328
-1274
-1070
-762
-591
-608
-560
-275
70
227
255
415
750
1039
1153
1221
1370
1491
1459
1400
1540
1820
1911
1681
1414
1468
1790
1965
1720
1243
944
984
1119
997
564
132
8
118
91
-266
-727
-940
-918
-982
-1294
-1615
-1677
-1593
-1681
-1968
-2137
-2014
-1867
-2046
-2470
-2700
-2520
-2202
-2146
-2373
-2547
-2406
-2046
-1749
-1657
-1654
-1519
-1148
-636
-202
20
112
292
674
1149
1545
1831
2094
2363
2582
2769
3043
3384
3542
3362
3110
3233
3717
3982
3596
2899
2610
2865
3048
2668
2046
1794
1887
1728
1104
566
586
802
521
-217
-664
-468
-220
-581
-1321
-1682
-1497
-1364
-1707
-2175
-2267
-2087
-2103
-2374
-2516
-2366
-2223
-2316
-2425
-2279
-2026
-1979
-2086
-2027
-1760
-1577
-1584
-1492
-1106
-696
-609
-713
-571
-104
315
433
477
732
1093
1269
1278
1400
1697
1903
1853
1755
1883
2173
2319
2188
1964
1901
2053
2220
2114
1623
1015
765
1011
1247
861
-40
-664
-532
-156
-357
-1147
-1743
-1676
-1399
-1566
-2092
-2387
-2287
-2251
-2582
-2918
-2800
-2405
-2329
-2727
-3080
-2923
-2456
-2225
-2400
-2615
-2504
-2121
-1774
-1630
-1595
-1484
-1195
-736
-231
153
359
530
873
1415
1955
2296
2453
2597
2853
3217
3580
3789
3752
3553
3475
3707
4056
4099
3721
3305
3243
3382
3241
2718
2252
2159
2139
1763
1190
960
1108
1006
288
-511
-664
-317
-303
-957
-1656
-1769
-1535
-1616
-2087
-2420
-2370
-2304
-2549
-2856
-2839
-2601
-2548
-2744
-2855
-2702
-2495
-2418
-2348
-2132
-1903
-1841
-1819
-1565
-1127
-828
-763
-643
-252
208
429
476
672
1077
1408
1487
1521
1768
2121
2263
2135
2026
2172
2461
2589
2406
2056
1839
1939
2219
2253
1743
960
570
838
1187
838
-143
-844
-687
-216
-392
-1280
-2000
-1948
-1571
-1646
-2177
-2505
-2354
-2189
-2426
-2763
-2669
-2255
-2154
-2585
-3007
-2867
-2357
-2110
-2351
-2649
-2525
-2010
-1528
-1372
-1454
-1474
-1211
-687
-159
120
163
279
748
1488
2115
2360
2328
2338
2606
3089
3580
3856
3835
3650
3570
3727
3954
3957
3682
3379
3255
3206
3011
2686
2442
2292
1987
1435
959
891
1013
763
38
-575
-574
-265
-384
-1083
-1752
-1871
-1668
-1688
-2006
-2248
-2239
-2230
-2418
-2605
-2547
-2369
-2366
-2541
-2610
-2442
-2211
-2096
-2034
-1901
-1736
-1623
-1507
-1280
-1005
-844
-765
-555
-149
236
410
503
754
1130
1373
1404
1470
1760
2098
2188
2055
2021
2268
2588
2646
2359
1941
1709
1830
2157
2237
1700
782
260
578
1135
883
-308
-1346
-1269
-530
-410
-1307
-2262
-2326
-1819
-1736
-2307
-2792
-2682
-2416
-2608
-3079
-3157
-2732
-2435
-2698
-3119
-3056
-2533
-2177
-2346
-2674
-2604
-2098
-1604
-1472
-1570
-1489
-1001
-263
343
560
544
745
1436
2333
2836
2739
2528
2832
3634
4276
4282
3923
3824
4150
4461
4364
4018
3845
3921
3886
3490
2964
2725
2789
2712
2157
1379
955
1058
1192
796
-25
-622
-623
-396
-549
-1140
-1678
-1817
-1769
-1901
-2211
-2431
-2497
-2621
-2897
-3100
-3028
-2820
-2770
-2917
-3021
-2911
-2672
-2466
-2336
-2234
-2139
-2034
-1856
-1584
-1316
-1144
-989
-689
-253
108
263
345
568
929
1245
1434
1601
1816
1991
2052
2122
2382
2766
2962
2781
2432
2298
2489
2687
2488
1865
1234
1024
1196
1238
744
-85
-625
-575
-344
-555
-1245
-1834
-1905
-1740
-1880
-2348
-2658
-2544
-2345
-2474
-2817
-2935
-2738
-2610
-2810
-3074
-3011
-2678
-2495
-2630
-2770
-2573
-2140
-1854
-1846
-1818
-1423
-684
23
365
358
358
738
1542
2385
2790
2706
2641
3108
3957
4465
4214
3670
3646
4257
4755
4517
3865
3591
3848
3956
3416
2664
2476
2816
2815
1988
998
825
1413
1684
962
-138
-573
-269
-119
-681
-1452
-1702
-1528
-1589
-2079
-2501
-2518
-2450
-2690
-3043
-3057
-2750
-2578
-2736
-2922
-2857
-2652
-2507
-2370
-2142
-1950
-1921
-1861
-1500
-990
-749
-825
-780
-361
99
192
83
267
824
1311
1439
1456
1690
2026
2154
2115
2253
2624
2813
2506
1998
1874
2226
2490
2111
1261
674
784
1195
1120
308
-639
-966
-661
-451
-883
-1654
-2050
-1888
-1718
-2028
-2569
-2748
-2477
-2282
-2525
-2889
-2864
-2516
-2395
-2745
-3130
-3059
-2646
-2409
-2521
-2608
-2331
-1880
-1679
-1762
-1708
-1189
-404
155
259
202
503
1368
2419
2991
2832
2489
2797
3874
4833
4784
4006
3676
4345
5152
4978
4005
3474
3919
4373
3782
2589
2158
2786
3195
2329
911
470
1202
1688
895
-417
-822
-217
137
-535
-1520
-1778
-1430
-1430
-2074
-2653
-2601
-2316
-2466
-2978
-3246
-3082
-2887
-2938
-3004
-2840
-2595
-2489
-2419
-2203
-1969
-1923
-1888
-1523
-939
-641
-747
-735
-234
354
438
173
274
956
1620
1733
1555
1631
1984
2225
2279
2458
2787
2808
2306
1808
1952
2518
2592
1765
761
565
1143
1432
642
-708
-1395
-984
-359
-610
-1660
-2436
-2288
-1791
-1880
-2573
-3021
-2741
-2248
-2243
-2623
-2734
-2399
-2164
-2437
-2865
-2843
-2393
-2107
-2286
-2524
-2311
-1740
-1351
-1381
-1457
-1096
-316
384
596
475
580
1282
2281
2862
2712
2409
2829
3988
4820
4445
3423
3204
4220
5182
4734
3363
2816
3678
4461
3682
2044
1543
2602
3376
2342
522
82
1249
1992
935
-733
-1042
-37
446
-501
-1697
-1796
-1185
-1153
-1895
-2417
-2211
-1944
-2242
-2750
-2866
-2751
-2936
-3320
-3333
-2925
-2670
-2797
-2856
-2540
-2231
-2296
-2364
-1895
-1180
-997
-1355
-1356
-527
384
465
-5
55
979
1911
2056
1688
1582
1918
2302
2535
2758
2871
2498
1759
1492
2161
2917
2480
921
-161
375
1578
1509
-205
-1767
-1503
-71
379
-973
-2600
-2729
-1646
-1134
-1976
-3049
-3058
-2290
-1962
-2394
-2725
-2390
-1970
-2204
-2786
-2803
-2100
-1514
-1699
-2253
-2315
-1677
-905
-550
-566
-554
-283
196
757
1333
1861
2222
2346
2376
2647
3366
4226
4553
4062
3401
3539
4519
5202
4631
3363
2823
3400
3897
3229
1980
1537
2032
2169
1229
189
237
880
643
-649
-1500
-932
29
-165
-1354
-2001
-1508
-977
-1430
-2318
-2527
-2122
-2108
-2753
-3193
-2873
-2408
-2557
-3020
-2997
-2483
-2209
-2401
-2449
-1971
-1472
-1503
-1714
-1405
-644
-151
-161
-122
329
768
728
532
825
1556
2023
1895
1601
1638
1969
2300
2518
2553
2226
1667
1525
2170
2850
2384
838
-223
301
1445
1322
-351
-1812
-1608
-528
-461
-1823
-3086
-2945
-2006
-1776
-2573
-3286
-3094
-2542
-2579
-3125
-3289
-2727
-2119
-2135
-2505
-2502
-2026
-1680
-1839
-2095
-1852
-1131
-512
-365
-463
-332
189
878
1471
1887
2166
2322
2407
2623
3183
3979
4508
4375
3874
3784
4420
5103
4934
3984
3298
3534
4082
3936
3112
2536
2588
2525
1703
722
593
1130
1066
-80
-1188
-1100
-327
-321
-1387
-2313
-2193
-1670
-1818
-2540
-2906
-2679
-2579
-2979
-3288
-2980
-2530
-2679
-3243
-3385
-2906
-2471
-2527
-2670
-2404
-1945
-1775
-1807
-1574
-1068
-759
-780
-654
-102
456
560
506
958
1880
2472
2247
1724
1752
2454
3152
3210
2659
2044
1909
2349
2858
2655
1513
252
0
770
1220
271
-1376
-1997
-1114
-210
-791
-2350
-3077
-2331
-1455
-1847
-3054
-3523
-2806
-2078
-2366
-3155
-3280
-2640
-2237
-2626
-3131
-2909
-2188
-1859
-2134
-2261
-1658
-737
-302
-446
-535
-85
724
1458
1930
2188
2299
2440
2913
3767
4509
4557
4031
3721
4129
4794
4881
4255
3635
3614
3910
3833
3256
2753
2705
2698
2124
1175
707
1032
1327
691
-521
-1075
-560
-31
-578
-1800
-2384
-1937
-1428
-1718
-2443
-2746
-2565
-2506
-2771
-2942
-2807
-2728
-2975
-3239
-3128
-2783
-2579
-2525
-2382
-2178
-2119
-2074
-1689
-1072
-812
-1083
-1204
-558
441
859
606
588
1368
2319
2488
1932
1620
2130
2980
3351
3053
2546
2307
2451
2759
2829
2316
1362
674
787
1254
1031
-161
-1299
-1336
-654
-596
-1609
-2603
-2502
-1784
-1785
-2775
-3595
-3322
-2540
-2414
-3053
-3486
-3161
-2640
-2644
-2996
-3009
-2570
-2264
-2421
-2602
-2223
-1380
-722
-639
-864
-840
-286
626
1491
1942
1916
1772
2062
2977
4013
4394
3952
3432
3701
4682
5378
5073
4233
3888
4272
4563
4082
3263
2975
3167
2917
1900
1043
1228
1846
1497
30
-1065
-668
333
204
-1251
-2444
-2231
-1382
-1333
-2179
-2781
-2579
-2279
-2581
-3107
-3130
-2774
-2754
-3185
-3400
-3039
-2586
-2578
-2801
-2746
-2434
-2265
-2257
-2032
-1540
-1213
-1218
-1120
-576
49
249
244
698
1611
2180
1933
1491
1751
2670
3336
3175
2575
2256
2408
2647
2558
2079
1471
1121
1209
1427
1162
255
-638
-767
-347
-399
-1378
-2437
-2516
-1833
-1629
-2444
-3366
-3319
-2565
-2249
-2750
-3253
-3051
-2546
-2506
-2860
-2884
-2376
-1946
-2010
-2120
-1667
-850
-437
-680
-974
-613
402
1460
1997
1927
1637
1723
2515
3655
4306
4046
3483
3625
4592
5363
5044
4063
3644
4164
4636
4097
2999
2581
3043
3172
2110
773
672
1665
1959
584
-1119
-1275
-113
367
-794
-2225
-2273
-1310
-1009
-1890
-2772
-2694
-2218
-2318
-2862
-3033
-2749
-2711
-3153
-3408
-3016
-2466
-2421
-2714
-2696
-2266
-1914
-1834
-1667
-1200
-758
-610
-449
87
723
911
757
964
1774
2487
2402
1838
1743
2432
3215
3314
2758
2189
2061
2302
2549
2455
1881
1070
568
670
924
565
-474
-1347
-1379
-1015
-1222
-2118
-2790
-2610
-2147
-2324
-3078
-3486
-3128
-2658
-2808
-3333
-3452
-3022
-2688
-2889
-3244
-3157
-2635
-2153
-1919
-1686
-1279
-890
-695
-480
111
1038
1812
2025
1788
1662
2161
3253
4248
4371
3634
3051
3596
4915
5558
4757
3514
3346
4227
4618
3699
2608
2753
3622
3431
1819
567
1064
2171
1767
-127
-1274
-416
879
428
-1500
-2640
-1945
-864
-1088
-2253
-2799
-2350
-1997
-2435
-2998
-2909
-2513
-2592
-3048
-3114
-2628
-2278
-2473
-2753
-2593
-2177
-1951
-1843
-1511
-1072
-940
-1025
-749
-6
538
460
339
942
1971
2344
1734
1141
1591
2768
3408
2870
1834
1405
1875
2508
2405
1453
468
338
985
1318
479
-987
-1643
-964
-122
-542
-2009
-2921
-2411
-1488
-1599
-2673
-3344
-2926
-2286
-2456
-3126
-3206
-2520
-2055
-2485
-3148
-3008
-2090
-1351
-1294
-1411
-1094
-527
-225
-105
416
1429
2217
2187
1768
1972
3120
4351
4564
3712
2926
3258
4449
5162
4553
3357
3035
3914
4704
4180
2868
2320
2894
3206
2188
779
647
1669
1954
546
-1088
-1085
146
504
-831
-2322
-2339
-1352
-1035
-1855
-2702
-2720
-2390
-2482
-2827
-2798
-2470
-2482
-2925
-3155
-2812
-2388
-2457
-2818
-2851
-2424
-1985
-1813
-1711
-1461
-1169
-958
-675
-190
268
437
531
1007
1785
2197
1891
1450
1691
2558
3138
2798
1948
1505
1812
2345
2364
1682
815
468
814
1224
879
-248
-1208
-1172
-533
-475
-1429
-2465
-2547
-1929
-1748
-2418
-3117
-3047
-2536
-2447
-2859
-3033
-2632
-2260
-2517
-2997
-2788
-1739
-731
-569
-1044
-1300
-847
94
1079
1840
2218
2103
1751
1873
2916
4273
4695
3802
2798
3156
4678
5563
4669
3073
2713
3800
4570
3787
2439
2219
2986
2996
1594
333
741
1965
1883
159
-1216
-733
510
409
-1208
-2485
-2199
-1275
-1230
-2100
-2765
-2749
-2657
-2914
-3078
-2753
-2414
-2718
-3408
-3612
-3081
-2491
-2412
-2602
-2543
-2222
-1957
-1783
-1504
-1195
-1107
-1099
-701
96
645
571
463
1076
2101
2449
1830
1319
1934
3153
3539
2651
1630
1695
2628
3132
2460
1214
544
866
1469
1309
140
-1141
-1406
-632
-83
-847
-2404
-3185
-2579
-1722
-1934
-2965
-3476
-3003
-2510
-2830
-3418
-3277
-2542
-2285
-2845
-3231
-2492
-1078
-286
-628
-1316
-1301
-378
878
1813
2118
1857
1481
1729
2969
4533
5102
4161
2853
2849
4323
5605
5209
3750
3142
4002
4816
4119
2651
2327
3355
3793
2363
517
488
1980
2404
571
-1480
-1304
441
922
-869
-2789
-2674
-1271
-883
-2027
-3043
-2791
-2177
-2448
-3241
-3351
-2728
-2488
-3084
-3610
-3252
-2501
-2343
-2798
-3024
-2607
-2010
-1744
-1723
-1663
-1549
-1394
-950
-124
597
700
490
792
1718
2358
2063
1503
1821
2955
3584
2896
1751
1577
2501
3209
2661
1346
572
860
1437
1230
92
-1089
-1389
-866
-508
-1120
-2339
-3034
-2705
-2135
-2380
-3368
-4027
-3734
-3082
-2920
-3193
-3229
-2887
-2737
-3008
-3063
-2262
-1022
-415
-836
-1477
-1237
111
1788
2765
2598
1744
1304
2153
3974
5299
4931
3423
2669
3740
5480
5834
4430
3076
3379
4618
4796
3479
2392
2854
3728
3055
1089
194
1439
2814
1912
-579
-1727
-459
929
76
-2148
-3044
-1953
-943
-1618
-2974
-3252
-2583
-2429
-3105
-3420
-2806
-2308
-2889
-3839
-3836
-2917
-2300
-2524
-2847
-2600
-2108
-1890
-1762
-1363
-968
-1004
-1110
-571
434
925
631
515
1298
2247
2238
1573
1649
2841
3765
3162
1764
1407
2544
3613
3075
1390
385
943
1957
1758
138
-1437
-1605
-689
-240
-1166
-2710
-3463
-3062
-2481
-2693
-3528
-4101
-4013
-3680
-3561
-3556
-3398
-3235
-3403
-3703
-3397
-2163
-758
-350
-1132
-1920
-1333
687
2705
3205
2102
856
1087
2992
5049
5448
4000
2518
2913
4919
6276
5500
3844
3636
5056
5845
4606
2961
3192
4654
4511
2066
230
1444
3822
3486
127
-2307
-1057
1570
1510
-1374
-3356
-2298
-450
-858
-3040
-4127
-3242
-2410
-3119
-4143
-3799
-2703
-2714
-3933
-4563
-3691
-2603
-2727
-3595
-3808
-3151
-2571
-2472
-2285
-1733
-1348
-1376
-1189
-389
318
208
-103
536
1896
2506
1872
1399
2332
3758
3800
2392
1534
2531
4107
4076
2263
707
1010
2376
2740
1349
-452
-972
-148
529
-134
-1698
-2732
-2539
-1869
-1882
-2740
-3574
-3682
-3336
-3204
-3363
-3358
-3081
-3012
-3385
-3579
-2854
-1559
-953
-1598
-2429
-1880
175
2109
2315
985
-99
569
2690
4483
4482
3064
2138
3071
5002
5717
4398
2825
3136
4848
5406
3828
2285
2995
4748
4456
1868
347
2043
4366
3409
-294
-2185
-48
2802
2183
-1165
-2942
-1478
286
-534
-2778
-3476
-2347
-1755
-2815
-3910
-3531
-2620
-2885
-4081
-4492
-3607
-2744
-2952
-3626
-3708
-3235
-2883
-2721
-2323
-1782
-1621
-1734
-1365
-390
273
50
-223
529
1880
2380
1729
1338
2249
3468
3328
1996
1392
2525
3995
3825
2094
800
1244
2435
2481
976
-610
-814
100
589
-274
-1763
-2505
-2158
-1688
-2042
-2975
-3544
-3402
-3107
-3183
-3434
-3446
-3315
-3403
-3568
-3202
-2172
-1263
-1337
-2187
-2576
-1526
526
1994
1700
257
-321
1286
4028
5363
4146
2166
2133
4309
6105
5397
3335
2799
4463
5865
4899
2876
2718
4659
5653
3652
792
667
3222
4577
2349
-896
-1111
1606
3167
1199
-1827
-2303
-469
397
-1110
-2848
-2714
-1684
-1941
-3402
-4058
-3218
-2484
-3154
-4304
-4330
-3329
-2726
-3111
-3647
-3537
-3011
-2612
-2376
-2162
-2100
-2183
-1908
-992
-77
16
-419
-277
705
1487
1332
1019
1647
2784
2949
1898
1238
2178
3611
3472
1655
320
1046
2676
2821
964
-945
-1043
201
797
-214
-1790
-2432
-1998
-1566
-1900
-2632
-3007
-2955
-3002
-3348
-3568
-3305
-2915
-2978
-3376
-3288
-2319
-1235
-1168
-2121
-2694
-1611
661
2187
1667
56
-308
1664
4385
5234
3628
1862
2430
4909
6401
5223
3152
3084
5064
6175
4647
2521
2827
5062
5596
2880
39
721
3778
4602
1565
-1560
-862
2215
3003
211
-2514
-2018
52
105
-2102
-3549
-2722
-1616
-2332
-3902
-4088
-2923
-2483
-3581
-4658
-4311
-3274
-3049
-3693
-4096
-3801
-3335
-3000
-2535
-2018
-2014
-2431
-2250
-1033
97
-46
-820
-525
1064
2245
1856
988
1337
2694
3347
2710
2144
2792
3809
3636
2346
1527
2026
2822
2539
1250
189
82
435
400
-232
-1044
-1614
-1862
-1973
-2168
-2528
-2938
-3223
-3357
-3451
-3558
-3595
-3520
-3396
-3215
-2846
-2320
-1994
-2107
-2234
-1594
-84
1252
1253
130
-449
871
3363
4735
3716
1806
1722
4033
6177
5598
3195
2284
4095
5968
5083
2625
2180
4400
5801
3832
881
987
3807
4844
1938
-1438
-1030
2151
3355
813
-2093
-1943
109
611
-1078
-2447
-2019
-1327
-2066
-3382
-3444
-2462
-2306
-3547
-4618
-4235
-3186
-2956
-3603
-4029
-3755
-3306
-3050
-2754
-2410
-2472
-2859
-2633
-1384
-210
-332
-1173
-976
626
1950
1641
651
824
2199
3036
2473
1745
2233
3351
3427
2211
1262
1714
2715
2668
1386
201
108
621
646
-93
-956
-1380
-1456
-1556
-1826
-2171
-2514
-2820
-3013
-3045
-3005
-3005
-2979
-2752
-2336
-2024
-2092
-2416
-2450
-1674
-200
1065
1092
-128
-1166
-371
2159
4232
3841
1750
919
2905
5627
5835
3430
1767
3139
5527
5382
2738
1282
2984
5058
3968
824
57
2925
5337
3508
-527
-1614
1315
3828
2287
-1263
-2330
-271
1362
245
-1791
-2087
-1076
-1054
-2388
-3206
-2627
-2089
-2888
-4105
-4140
-3160
-2638
-3040
-3448
-3305
-3128
-3218
-2979
-2158
-1661
-2170
-2761
-2120
-685
-189
-1041
-1589
-542
1092
1509
756
512
1474
2407
2146
1380
1518
2496
2889
2065
1142
1355
2265
2378
1231
-4
-119
587
835
48
-1067
-1595
-1491
-1378
-1622
-2047
-2393
-2648
-2865
-2965
-2916
-2863
-2882
-2753
-2249
-1624
-1474
-1945
-2324
-1706
-106
1298
1280
-52
-1084
-219
2277
4167
3524
1168
135
2125
5109
5599
3199
1334
2657
5262
5316
2702
1395
3582
6069
4703
700
-672
2378
5370
3841
-239
-1320
1775
4319
2553
-1184
-2200
-63
1430
89
-1972
-2118
-1026
-1052
-2379
-3103
-2513
-2098
-2940
-3968
-3796
-2909
-2739
-3386
-3707
-3346
-3148
-3448
-3377
-2498
-1857
-2368
-3068
-2395
-735
-98
-1086
-1808
-621
1349
1806
657
74
1209
2545
2305
1126
1014
2269
3066
2208
868
799
1791
2075
915
-410
-484
357
659
-158
-1253
-1683
-1529
-1459
-1734
-2091
-2340
-2583
-2858
-2999
-2933
-2824
-2758
-2519
-1951
-1391
-1368
-1811
-1873
-816
925
1926
1245
-266
-535
1504
4337
5174
3153
733
1079
4135
6405
5217
2208
1284
3442
5447
4379
1821
1634
4237
5687
3265
-266
-248
3210
5082
2409
-1449
-1483
1937
3723
1333
-1889
-1820
683
1570
-376
-2310
-2037
-984
-1331
-2504
-2539
-1555
-1498
-2810
-3674
-2969
-1978
-2198
-3043
-3096
-2516
-2532
-3118
-3005
-2001
-1531
-2269
-2815
-1833
-323
-240
-1465
-1848
-396
1242
1204
76
-143
969
1812
1327
543
879
1930
2118
1118
363
903
1830
1628
369
-417
71
856
661
-393
-1192
-1250
-1119
-1307
-1609
-1702
-1769
-2099
-2496
-2574
-2392
-2296
-2265
-1933
-1346
-1141
-1625
-2059
-1345
509
2044
1783
9
-1177
52
3014
4866
3715
1085
408
2822
5524
5252
2637
1435
3325
5445
4417
1384
645
3455
5849
4070
95
-856
2349
5039
3267
-634
-1426
1599
3803
1937
-1426
-1931
380
1669
147
-1768
-1623
-506
-787
-2217
-2597
-1535
-1010
-2067
-3194
-2893
-2029
-2194
-3058
-3112
-2360
-2260
-3061
-3246
-2149
-1337
-2121
-3178
-2414
-357
386
-964
-2101
-1064
879
1243
23
-508
622
1749
1309
210
285
1430
1876
973
128
616
1687
1705
480
-619
-608
-21
80
-505
-1159
-1419
-1392
-1349
-1398
-1566
-1854
-2133
-2213
-2104
-2010
-1970
-1724
-1161
-691
-838
-1451
-1639
-696
975
2072
1645
194
-553
741
3402
5019
3917
1369
537
2724
5450
5377
2747
1258
3021
5441
4786
1702
551
3067
5496
3834
-178
-1289
1705
4104
2081
-1725
-2040
1395
3526
1304
-2180
-2446
95
1338
-349
-2320
-2151
-1021
-1216
-2409
-2578
-1537
-1168
-2242
-3190
-2686
-1685
-1729
-2534
-2735
-2256
-2240
-2866
-2940
-2018
-1361
-1906
-2551
-1794
-257
40
-1206
-1940
-723
1112
1381
197
-348
666
1781
1528
609
660
1656
1977
932
-129
194
1289
1422
212
-888
-675
210
311
-697
-1789
-2078
-1744
-1441
-1426
-1589
-1904
-2395
-2812
-2799
-2371
-1899
-1595
-1319
-1013
-966
-1338
-1582
-850
846
2200
1880
266
-550
984
3794
5046
3429
1020
1016
3744
5978
4905
1873
849
3204
5737
4895
1703
448
2663
4840
3427
117
-409
2639
4706
2338
-1664
-2092
1254
3336
1135
-2248
-2378
225
1373
-461
-2426
-2065
-778
-1048
-2450
-2704
-1535
-1001
-2069
-3174
-2844
-1892
-1850
-2522
-2623
-2044
-1867
-2316
-2362
-1633
-1252
-1930
-2497
-1554
124
450
-861
-1662
-440
1408
1546
53
-774
219
1514
1368
357
256
1203
1557
563
-400
80
1258
1291
-84
-1223
-924
28
128
-845
-1820
-2003
-1663
-1436
-1522
-1767
-2066
-2380
-2574
-2519
-2258
-1905
-1464
-965
-688
-931
-1432
-1317
-9
1782
2463
1359
-100
337
2978
5354
4862
2098
530
2369
5607
6308
3611
994
1796
4759
5657
3105
570
1536
4462
4846
1743
-682
861
3800
3248
-781
-3096
-688
2895
2595
-1063
-3067
-1244
1046
311
-2103
-2628
-995
-209
-1616
-3043
-2481
-1159
-1348
-2783
-3305
-2323
-1518
-2044
-2893
-2761
-2058
-1913
-2223
-2040
-1423
-1387
-1987
-1948
-740
266
-276
-1476
-1317
399
1669
1128
-104
-179
869
1474
993
463
777
1315
1060
268
56
656
1015
320
-828
-1219
-620
-16
-347
-1426
-2273
-2281
-1779
-1519
-1831
-2417
-2807
-2835
-2634
-2366
-2077
-1748
-1367
-1029
-956
-1242
-1468
-824
903
2598
2674
1050
-238
869
3800
5605
4326
1584
904
3419
6242
5905
2818
901
2499
5176
4983
1991
306
2190
4613
3557
100
-870
2138
4641
2508
-1864
-2762
699
3373
1500
-2168
-2747
-184
1296
-312
-2380
-2211
-947
-1152
-2596
-2966
-1826
-1261
-2419
-3672
-3226
-1830
-1458
-2306
-2833
-2350
-1839
-2014
-2156
-1579
-1027
-1423
-2065
-1516
-20
538
-585
-1655
-840
1104
1839
729
-409
-12
1169
1487
862
587
1115
1413
759
2
275
1183
1258
38
-1221
-1225
-305
104
-696
-1937
-2489
-2163
-1668
-1622
-1989
-2413
-2702
-2839
-2763
-2434
-2004
-1698
-1554
-1462
-1415
-1433
-1212
-269
1259
2272
1766
322
-47
1877
4673
5476
3359
873
1303
4533
6854
5539
2494
1822
4235
5981
4196
1201
1282
4248
5344
2175
-1379
-473
3530
4678
924
-2825
-1661
2360
3322
-134
-3265
-2304
522
910
-1274
-2583
-1631
-752
-1780
-3152
-2725
-1345
-1405
-2965
-3731
-2709
-1632
-2073
-3101
-3016
-2061
-1742
-2227
-2246
-1466
-1125
-1815
-2196
-1055
554
665
-625
-1189
18
1491
1475
472
268
1184
1776
1214
531
901
1752
1652
533
-155
430
1268
916
-512
-1544
-1298
-474
-293
-1049
-2025
-2494
-2400
-2134
-2049
-2239
-2591
-2891
-2971
-2810
-2467
-1974
-1401
-1002
-1089
-1580
-1792
-976
766
2236
2187
779
-199
956
3754
5601
4551
1851
891
3196
6244
6340
3367
1168
2560
5468
5690
2845
1036
2913
5523
4370
237
-1415
1758
5179
3568
-1411
-3309
-16
3327
1796
-2430
-3625
-854
1213
-450
-3138
-3103
-1178
-894
-2756
-3783
-2499
-1155
-1969
-3677
-3690
-2063
-1109
-1762
-2568
-2337
-1770
-1778
-1857
-1281
-720
-1167
-1983
-1601
-77
690
-250
-1328
-683
1086
1779
783
-149
442
1676
1827
919
519
1264
1937
1414
388
297
1157
1526
586
-750
-1156
-605
-185
-596
-1511
-2249
-2533
-2460
-2229
-2117
-2374
-2910
-3277
-3168
-2759
-2362
-1981
-1523
-1229
-1453
-1959
-1862
-575
1311
2384
1785
255
-303
1336
4127
5409
3780
1136
866
3672
6305
5525
2506
1477
3905
6261
4914
1506
816
3772
5769
3229
-886
-998
2989
5215
2120
-2390
-2436
1538
3592
842
-2770
-2542
393
1366
-814
-2716
-1933
-397
-778
-2308
-2500
-1392
-1294
-2784
-3697
-2658
-1304
-1672
-3117
-3553
-2679
-2037
-2244
-2245
-1514
-1113
-1706
-2097
-1072
379
361
-941
-1360
26
1497
1285
146
61
1243
2013
1487
781
1074
1740
1419
220
-370
343
1263
1029
-204
-1124
-1010
-468
-452
-1103
-1807
-2051
-1926
-1827
-1969
-2266
-2542
-2701
-2718
-2582
-2276
-1818
-1295
-899
-878
-1296
-1739
-1429
18
1853
2586
1559
49
246
2733
5370
5399
2790
706
1935
5279
6712
4410
1323
1488
4564
6116
3728
566
999
4198
5127
1956
-921
804
4699
4733
97
-3284
-1127
3056
3067
-1141
-3761
-1718
1286
706
-2361
-3508
-1790
-530
-1772
-3435
-3084
-1755
-1948
-3517
-4075
-2869
-1774
-2182
-3028
-2835
-2033
-1885
-2203
-1849
-942
-790
-1532
-1603
-196
1170
748
-726
-988
470
1708
1248
170
323
1546
2058
1240
488
989
1926
1789
667
87
744
1507
1058
-289
-1093
-721
-40
-172
-1136
-2032
-2207
-1875
-1667
-1924
-2478
-2935
-3052
-2907
-2772
-2748
-2613
-2109
-1422
-1141
-1569
-2152
-1882
-382
1488
2271
1355
-156
-244
1930
4706
5310
3067
679
1325
4580
6569
4874
1917
1856
4781
6406
4117
942
1356
4651
5631
2136
-1487
-396
3665
4640
797
-2738
-1341
2542
3058
-650
-3523
-2082
876
885
-1707
-2900
-1360
-53
-1261
-3155
-2974
-1348
-1053
-2590
-3658
-2928
-1872
-2107
-2922
-2816
-2035
-1873
-2310
-2183
-1445
-1349
-2122
-2224
-802
594
166
-1271
-1309
510
1980
1458
161
224
1611
2438
1860
1099
1327
1924
1635
616
214
911
1566
1018
-324
-1064
-654
13
-166
-1197
-2159
-2372
-2030
-1779
-1975
-2465
-2906
-3082
-2974
-2674
-2307
-1981
-1737
-1567
-1485
-1528
-1565
-1180
-7
1597
2448
1659
28
-258
1968
4978
5639
3186
620
1315
4652
6501
4486
1247
1050
3966
5691
3541
365
582
3715
4819
1618
-1862
-827
3254
4442
768
-2843
-1572
2430
3242
-325
-3324
-2057
865
892
-1780
-3127
-1652
-237
-1221
-2910
-2691
-1257
-1242
-2872
-3707
-2588
-1304
-1620
-2698
-2797
-2030
-1733
-2023
-1838
-1124
-1068
-1858
-1963
-535
884
448
-1095
-1285
473
1998
1479
13
-132
1217
2131
1559
701
960
1812
1784
809
332
1066
1882
1437
74
-720
-363
192
-77
-989
-1659
-1749
-1672
-1819
-2112
-2340
-2499
-2652
-2727
-2658
-2543
-2445
-2188
-1622
-1030
-978
-1546
-1943
-1204
623
2199
2129
555
-674
214
2866
4843
4176
1791
738
2581
5226
5363
2876
1270
2960
5642
5270
1968
273
2682
5624
4282
-188
-1838
1605
5143
3463
-1433
-3083
206
3191
1504
-2266
-2867
-103
1454
-410
-2673
-2204
-400
-466
-2270
-2908
-1561
-682
-1908
-3496
-3170
-1617
-1169
-2173
-2862
-2437
-2075
-2507
-2640
-1639
-743
-1377
-2566
-2144
-208
760
-398
-1664
-833
1164
1672
272
-709
245
1728
1749
695
479
1471
2016
1132
59
350
1472
1568
167
-1164
-1059
-160
-45
-1046
-2035
-2149
-1766
-1650
-1873
-2052
-2128
-2314
-2509
-2384
-2010
-1855
-2024
-1982
-1361
-637
-579
-1125
-1267
-219
1556
2612
1975
348
-246
1509
4418
5589
3692
987
995
4004
6318
4889
1561
828
3689
6076
4464
956
406
3394
5249
2833
-671
-250
3486
4915
1501
-2389
-1687
2153
3391
256
-2877
-2166
418
627
-1705
-3036
-1861
-644
-1489
-2922
-2634
-1307
-1332
-2852
-3614
-2618
-1543
-1895
-2778
-2685
-2001
-2032
-2536
-2147
-944
-601
-1582
-2074
-768
838
508
-1243
-1716
-19
1585
1052
-458
-443
1161
2024
1024
-161
257
1494
1579
450
-31
953
1913
1290
-287
-1009
-439
158
-183
-961
-1290
-1184
-1206
-1456
-1580
-1575
-1833
-2417
-2829
-2718
-2369
-2236
-2244
-1969
-1368
-975
-1225
-1744
-1557
-143
1753
2577
1565
-108
-205
2107
4882
5247
2854
711
1755
5033
6610
4609
1836
2078
4792
5751
3163
542
1720
4932
4992
965
-1957
269
4427
4360
-208
-3180
-780
3175
2944
-1054
-3347
-1471
1023
360
-2134
-2745
-1111
-245
-1547
-2932
-2480
-1370
-1687
-3043
-3387
-2333
-1561
-2017
-2632
-2390
-1959
-2236
-2555
-1842
-745
-858
-2038
-2275
-772
598
23
-1395
-1207
660
1741
731
-603
-157
1421
1903
898
223
921
1731
1229
98
17
1058
1616
822
-301
-466
94
230
-390
-1026
-1161
-1172
-1532
-2012
-2113
-1918
-1968
-2410
-2762
-2623
-2243
-2102
-2175
-1979
-1331
-735
-778
-1265
-1264
-125
1613
2545
1834
351
98
2058
4708
5338
3235
986
1623
4675
6405
4550
1510
1298
3998
5537
3445
536
914
3863
4682
1635
-1172
370
4108
4385
181
-3196
-1513
2481
3096
-323
-2948
-1650
913
758
-1697
-2925
-1821
-857
-1782
-3043
-2649
-1406
-1457
-2815
-3486
-2669
-1789
-2035
-2665
-2575
-2143
-2267
-2559
-2010
-966
-818
-1676
-1949
-795
399
69
-1047
-953
564
1584
929
-150
49
1198
1659
1026
546
1009
1594
1326
666
723
1456
1717
976
58
-121
203
179
-389
-939
-1154
-1332
-1715
-2007
-1910
-1709
-1915
-2483
-2848
-2729
-2464
-2442
-2501
-2209
-1554
-1074
-1229
-1746
-1755
-617
1242
2409
1793
67
-563
1319
4316
5335
3236
624
965
4129
6234
4562
1313
833
3729
5928
4367
1418
1513
4514
5608
2343
-1308
-325
3939
5279
1402
-2647
-1597
2597
3690
97
-3189
-2059
1090
1438
-1215
-2856
-1623
-154
-966
-2642
-2496
-920
-557
-2060
-3274
-2739
-1706
-1830
-2659
-2817
-2384
-2431
-2846
-2455
-1297
-949
-2017
-2843
-1868
-112
210
-1001
-1584
-370
1128
1096
100
26
1125
1788
1202
581
1124
2053
1853
710
281
1166
1967
1339
-106
-773
-318
127
-256
-983
-1300
-1324
-1618
-2120
-2262
-1967
-1839
-2250
-2760
-2759
-2330
-2079
-2232
-2313
-1837
-1024
-624
-1030
-1705
-1577
-126
1834
2660
1530
-341
-587
1710
4536
4869
2340
125
1285
4718
6235
3950
978
1377
4527
5909
3532
934
2069
5270
5378
1409
-1540
548
4551
4413
-124
-2994
-446
3614
3291
-982
-3442
-1394
1390
680
-2251
-3196
-1440
-251
-1488
-3039
-2597
-1276
-1535
-3159
-3749
-2558
-1444
-1799
-2633
-2603
-2174
-2393
-2774
-2150
-986
-920
-1988
-2256
-815
553
-30
-1561
-1561
215
1434
731
-358
84
1456
1777
859
472
1408
2227
1591
429
516
1700
2104
917
-457
-492
380
649
-58
-754
-815
-810
-1332
-1954
-1963
-1581
-1654
-2325
-2771
-2441
-1890
-1998
-2699
-3028
-2360
-1192
-527
-790
-1460
-1605
-669
1007
2272
2035
518
-496
664
3408
5035
3757
1169
661
3169
5719
5094
2147
832
2886
5351
4608
1563
518
2994
5298
3727
156
-367
3008
5334
2832
-1469
-1880
1810
4026
1464
-2321
-2339
674
1817
-571
-2898
-2168
-307
-696
-2890
-3662
-2172
-1023
-2011
-3568
-3517
-2340
-1983
-2703
-3074
-2542
-2084
-2233
-2196
-1508
-1087
-1663
-2264
-1585
-196
107
-925
-1470
-310
1294
1444
371
-33
896
1740
1335
559
841
1866
2084
1155
457
928
1657
1334
206
-395
-39
343
-8
-685
-961
-871
-938
-1255
-1482
-1572
-1866
-2447
-2871
-2760
-2341
-2135
-2272
-2368
-2042
-1367
-777
-669
-1060
-1494
-1290
-124
1439
2172
1351
-179
-493
1330
3787
4288
2269
264
1056
4040
5705
4140
1708
1902
4387
5325
2933
399
1476
4783
5422
2084
-691
1071
4769
4720
424
-2536
-487
3091
2734
-1137
-3187
-1126
1318
385
-2294
-2749
-849
-65
-1777
-3322
-2463
-848
-1197
-3043
-3685
-2437
-1370
-1854
-2708
-2531
-1971
-2251
-2862
-2470
-1397
-1245
-2156
-2348
-953
387
-58
-1375
-1317
288
1333
664
-275
177
1389
1641
899
714
1572
2089
1315
377
760
1934
2059
730
-440
-195
674
673
-237
-864
-720
-615
-1194
-1923
-2013
-1683
-1764
-2356
-2675
-2281
-1776
-1930
-2577
-2841
-2287
-1389
-866
-941
-1321
-1554
-1177
41
1618
2345
1450
-123
-296
1775
4270
4563
2528
1014
2366
5216
6019
3706
1306
1999
4722
5501
3009
604
1681
4694
5136
2022
-450
1173
4431
4268
351
-2251
-261
3077
2677
-1140
-3306
-1397
1191
572
-2117
-2998
-1427
-500
-1902
-3454
-2829
-1208
-1257
-2967
-3887
-2969
-1871
-2114
-2959
-3029
-2525
-2488
-2832
-2626
-1910
-1690
-2108
-2026
-940
-24
-431
-1404
-1273
131
1252
1067
403
494
1217
1556
1329
1333
1846
2054
1391
637
889
1851
2102
1081
-89
-154
603
905
287
-468
-672
-654
-1001
-1519
-1611
-1326
-1347
-1903
-2383
-2245
-1828
-1848
-2373
-2735
-2424
-1661
-1028
-886
-1212
-1695
-1786
-951
641
1847
1500
-45
-837
620
3326
4581
3177
1152
1447
4089
5907
4588
1886
1433
3804
5603
4144
1319
1029
3535
4903
2688
-261
292
3650
4824
1630
-1940
-1248
2354
3466
365
-2707
-1856
1009
1375
-1209
-2943
-1771
-186
-1002
-3070
-3397
-1890
-1265
-2663
-4025
-3450
-2017
-1856
-2931
-3469
-2850
-2217
-2295
-2356
-1821
-1413
-1805
-2202
-1506
-241
54
-823
-1350
-549
611
778
207
158
856
1305
1050
910
1505
2113
1775
927
885
1876
2588
1994
762
294
836
1323
935
89
-365
-354
-483
-1004
-1465
-1495
-1425
-1782
-2419
-2620
-2139
-1667
-1969
-2806
-3170
-2500
-1332
-633
-804
-1483
-1970
-1636
-284
1435
2170
1163
-487
-548
1755
4383
4544
2181
355
1560
4453
5453
3461
1394
2237
4816
5351
2876
838
2236
5050
4830
1175
-1281
710
4176
3911
-118
-2582
-307
3242
2942
-801
-2924
-1073
1382
676
-2001
-2830
-1253
-400
-1939
-3619
-3039
-1422
-1546
-3386
-4291
-3148
-1893
-2340
-3539
-3597
-2601
-2105
-2464
-2543
-1901
-1518
-1913
-2099
-1247
-229
-281
-942
-732
466
1182
720
215
760
1654
1617
944
1050
2113
2682
1904
913
1165
2268
2589
1611
541
481
1011
1088
566
102
-40
-278
-834
-1294
-1310
-1208
-1487
-2026
-2263
-2049
-1875
-2163
-2703
-2982
-2810
-2385
-1913
-1495
-1335
-1637
-2091
-1837
-400
1380
1904
670
-743
-185
2444
4691
4236
1825
595
2283
4937
5341
3221
1635
2809
4993
4870
2348
923
2741
5259
4595
1142
-661
1510
4430
3757
194
-1501
661
3117
1996
-1323
-2411
-287
1437
111
-2239
-2357
-694
-356
-2126
-3431
-2533
-1149
-1591
-3230
-3711
-2648
-1942
-2631
-3477
-3195
-2393
-2285
-2685
-2597
-2024
-1849
-2135
-1996
-1209
-701
-966
-1130
-366
614
589
-164
-152
1048
2060
1723
814
852
1831
2292
1561
745
1060
2045
2273
1398
549
681
1337
1442
754
-35
-387
-455
-577
-758
-878
-1060
-1482
-1989
-2207
-2015
-1709
-1667
-2000
-2515
-2885
-2805
-2218
-1462
-1071
-1294
-1824
-2054
-1571
-457
730
1233
695
-236
-197
1452
3518
3962
2364
800
1488
3894
5203
3946
2011
2118
4042
4899
3298
1459
2059
4196
4483
2003
-70
1109
3770
3835
744
-1579
-243
2509
2560
-242
-2116
-953
857
300
-1841
-2538
-1246
-494
-1765
-3271
-2900
-1487
-1377
-2798
-3693
-2966
-1959
-2148
-2984
-3095
-2520
-2357
-2769
-2768
-2010
-1413
-1597
-1837
-1318
-555
-551
-1066
-917
99
795
446
-32
490
1548
1799
1142
915
1795
2687
2340
1267
1008
1883
2564
2018
911
540
1038
1389
945
146
-325
-440
-591
-885
-1109
-1212
-1408
-1819
-2269
-2495
-2434
-2249
-2189
-2408
-2786
-2936
-2561
-1838
-1298
-1276
-1594
-1832
-1721
-1164
-189
814
1100
369
-447
150
2310
4119
3621
1445
423
2150
4779
5241
3250
1717
2781
4852
4887
2793
1638
3140
4952
3952
959
-135
2063
4244
2992
-277
-1290
988
2971
1702
-1050
-1680
-29
767
-782
-2477
-2095
-774
-1020
-2738
-3538
-2547
-1649
-2407
-3706
-3663
-2518
-2021
-2634
-3085
-2650
-2200
-2491
-2840
-2405
-1738
-1818
-2249
-1810
-616
-174
-996
-1605
-723
697
889
5
-132
1115
2204
1821
912
1182
2448
2933
1992
1066
1503
2630
2838
1857
910
855
1198
1140
685
318
103
-241
-694
-944
-992
-1207
-1719
-2173
-2273
-2196
-2247
-2382
-2379
-2295
-2364
-2525
-2435
-2001
-1561
-1401
-1409
-1374
-1300
-1159
-642
354
1169
956
9
-152
1422
3566
4076
2455
800
1373
3708
5095
4009
2119
2071
3889
4927
3614
1797
2176
4243
4731
2315
-150
531
3217
3831
1136
-1434
-661
1883
2245
-197
-2081
-1178
530
134
-1871
-2667
-1541
-718
-1744
-3228
-3231
-2193
-1969
-2867
-3421
-2882
-2270
-2552
-3173
-3131
-2584
-2345
-2435
-2220
-1725
-1669
-2088
-2017
-1026
-114
-311
-1027
-843
346
1135
727
150
682
1925
2416
1828
1369
1899
2679
2594
1849
1589
2167
2710
2475
1813
1463
1492
1437
1110
727
373
-73
-535
-702
-590
-673
-1264
-2029
-2424
-2400
-2345
-2473
-2605
-2586
-2551
-2655
-2795
-2773
-2584
-2343
-2059
-1690
-1387
-1374
-1497
-1175
-85
1161
1472
632
-122
651
2720
4147
3528
1862
1489
3114
4809
4502
2780
2128
3478
4828
4047
2002
1482
3200
4580
3337
870
438
2478
3804
2088
-722
-1079
1117
2405
728
-1740
-1924
-226
377
-1123
-2531
-2040
-901
-1236
-2718
-3238
-2258
-1496
-2147
-3159
-3087
-2311
-2189
-2840
-3128
-2601
-2093
-2210
-2415
-2100
-1643
-1616
-1661
-1085
-220
-96
-766
-1006
-80
1092
1242
593
459
1270
2042
1957
1540
1681
2227
2342
1949
1848
2375
2786
2359
1476
1037
1196
1317
1032
662
497
293
-201
-709
-839
-788
-1114
-1863
-2432
-2411
-2153
-2241
-2671
-2940
-2790
-2531
-2546
-2781
-2890
-2697
-2306
-1860
-1430
-1131
-1103
-1217
-998
-105
1092
1685
1239
473
630
2021
3496
3695
2724
2132
2994
4457
4767
3610
2615
3159
4400
4417
3004
2081
2917
4087
3413
1264
305
1720
3297
2419
-187
-1378
11
1589
877
-1267
-2116
-1050
-183
-1039
-2425
-2489
-1564
-1460
-2574
-3351
-2770
-1887
-2132
-3151
-3456
-2686
-1982
-2154
-2626
-2562
-2104
-1864
-1847
-1641
-1327
-1343
-1567
-1348
-593
-64
-236
-518
-136
681
1086
918
863
1283
1666
1551
1348
1683
2344
2530
2076
1709
1967
2405
2275
1608
1126
1193
1369
1124
556
158
70
-48
-446
-933
-1204
-1302
-1511
-1892
-2170
-2158
-2060
-2204
-2586
-2842
-2730
-2438
-2328
-2451
-2516
-2296
-1892
-1532
-1276
-1071
-965
-1020
-988
-407
730
1663
1597
805
550
1632
3257
3834
2915
1855
2203
3740
4705
4036
2761
2625
3724
4371
3491
2200
2241
3373
3586
2042
509
941
2550
2743
805
-979
-532
1074
1198
-578
-1987
-1468
-317
-551
-1929
-2542
-1803
-1197
-1830
-2762
-2594
-1660
-1430
-2234
-2868
-2521
-1903
-1977
-2499
-2573
-2091
-1731
-1735
-1619
-1166
-874
-1055
-1193
-728
-31
130
-192
-181
459
1032
956
657
861
1420
1580
1223
1094
1628
2219
2082
1427
1164
1616
2098
1908
1239
797
836
961
796
417
87
-155
-423
-706
-882
-966
-1125
-1427
-1733
-1890
-1924
-1982
-2135
-2333
-2470
-2453
-2246
-1949
-1781
-1892
-2139
-2175
-1798
-1184
-708
-559
-605
-591
-354
134
791
1373
1590
1432
1376
1942
2959
3550
3145
2344
2321
3316
4198
3887
2823
2425
3134
3791
3278
2143
1827
2541
2890
1922
628
591
1640
1972
711
-769
-756
371
704
-455
-1676
-1558
-720
-732
-1737
-2357
-1871
-1274
-1667
-2587
-2804
-2212
-1888
-2356
-2853
-2608
-1991
-1794
-1996
-1980
-1658
-1522
-1670
-1570
-1028
-626
-796
-1058
-758
-146
11
-293
-260
408
961
765
323
514
1245
1609
1306
1057
1430
1971
1962
1526
1369
1675
1881
1617
1221
1123
1188
1045
735
587
571
306
-262
-663
-584
-406
-705
-1416
-1916
-1885
-1689
-1782
-2077
-2192
-2070
-2015
-2153
-2224
-2028
-1774
-1777
-2001
-2095
-1882
-1520
-1216
-979
-751
-583
-526
-433
-79
530
1080
1272
1164
1164
1617
2384
2888
2708
2163
2058
2741
3557
3587
2847
2332
2691
3301
3131
2244
1752
2192
2652
2066
863
461
1196
1735
960
-362
-632
268
801
10
-1132
-1232
-513
-367
-1203
-1889
-1557
-902
-1056
-1871
-2233
-1797
-1417
-1745
-2277
-2226
-1713
-1446
-1596
-1663
-1406
-1196
-1299
-1410
-1192
-877
-866
-1035
-920
-502
-263
-410
-513
-193
256
316
80
118
600
1019
980
795
970
1407
1573
1313
1040
1077
1224
1205
1145
1282
1431
1205
672
370
531
695
346
-328
-690
-533
-333
-553
-1040
-1328
-1311
-1298
-1495
-1725
-1776
-1744
-1853
-2071
-2134
-1946
-1731
-1707
-1774
-1707
-1518
-1422
-1458
-1400
-1096
-740
-592
-580
-372
139
671
904
866
867
1157
1724
2304
2547
2307
1920
2000
2719
3413
3279
2453
1937
2293
2831
2586
1744
1421
1974
2371
1686
580
446
1339
1781
869
-366
-403
566
937
27
-982
-834
9
151
-660
-1308
-1073
-621
-853
-1544
-1813
-1517
-1365
-1714
-2065
-1925
-1571
-1554
-1832
-1949
-1786
-1657
-1664
-1544
-1218
-1045
-1234
-1402
-1120
-604
-429
-634
-659
-243
144
40
-244
-75
525
895
732
524
762
1194
1264
1017
1041
1528
1916
1677
1104
916
1302
1689
1522
914
435
405
615
641
303
-199
-526
-549
-475
-598
-931
-1207
-1262
-1266
-1444
-1694
-1714
-1491
-1391
-1643
-1978
-1980
-1696
-1552
-1733
-1933
-1813
-1479
-1289
-1323
-1332
-1141
-888
-756
-692
-489
-79
396
730
838
833
981
1458
2055
2282
1963
1628
1947
2768
3140
2544
1722
1795
2681
3120
2402
1440
1526
2456
2765
1828
824
1067
2076
2221
1093
126
522
1492
1403
155
-700
-234
542
238
-900
-1449
-951
-480
-924
-1702
-1803
-1368
-1380
-2058
-2537
-2235
-1706
-1712
-2083
-2141
-1812
-1641
-1788
-1797
-1438
-1160
-1322
-1542
-1300
-817
-721
-1008
-1013
-489
-34
-148
-414
-140
527
800
479
287
771
1483
1634
1232
1002
1311
1740
1785
1529
1372
1408
1442
1402
1394
1378
1164
790
582
684
765
445
-128
-428
-264
-55
-259
-789
-1193
-1277
-1283
-1464
-1736
-1879
-1911
-2029
-2258
-2393
-2316
-2219
-2334
-2574
-2625
-2379
-2078
-1984
-2024
-1918
-1564
-1145
-885
-797
-713
-466
-11
526
900
961
897
1138
1836
2538
2635
2174
1932
2469
3312
3486
2828
2287
2691
3560
3708
2894
2215
2562
3280
3044
1822
1037
1568
2415
2074
707
-56
532
1264
772
-497
-1018
-463
-85
-752
-1668
-1692
-1076
-1003
-1744
-2324
-2085
-1617
-1745
-2271
-2414
-2062
-1816
-1957
-2096
-1964
-1852
-1985
-2038
-1697
-1295
-1311
-1531
-1346
-764
-464
-698
-837
-369
235
245
-140
-63
643
1147
917
560
902
1719
2075
1709
1356
1595
2042
2041
1685
1590
1896
2071
1779
1400
1426
1689
1593
984
398
350
661
694
144
-612
-976
-800
-547
-748
-1410
-2005
-2073
-1752
-1592
-1876
-2322
-2508
-2418
-2370
-2488
-2557
-2422
-2278
-2352
-2505
-2399
-2024
-1752
-1824
-2006
-1903
-1462
-959
-627
-453
-334
-193
71
552
1120
1436
1353
1225
1589
2449
3148
3097
2544
2323
2840
3547
3648
3128
2754
3010
3440
3314
2696
2363
2661
2961
2553
1721
1387
1760
1984
1350
363
59
538
831
286
-545
-777
-465
-429
-994
-1564
-1601
-1400
-1558
-2034
-2275
-2102
-1927
-2068
-2286
-2256
-2078
-2029
-2084
-2013
-1849
-1832
-1928
-1817
-1430
-1134
-1179
-1280
-1055
-650
-523
-696
-677
-218
269
314
87
136
577
952
922
741
828
1166
1391
1370
1338
1492
1697
1735
1632
1586
1652
1700
1647
1560
1495
1392
1230
1124
1143
1128
868
445
182
206
231
-58
-542
-807
-734
-687
-1000
-1502
-1765
-1700
-1655
-1892
-2231
-2344
-2225
-2159
-2279
-2414
-2375
-2238
-2188
-2245
-2259
-2140
-1973
-1853
-1755
-1602
-1385
-1160
-940
-684
-395
-150
2
151
449
918
1352
1528
1480
1524
1906
2485
2834
2723
2424
2419
2840
3292
3323
2977
2726
2849
3082
2994
2604
2346
2422
2462
2069
1462
1244
1531
1708
1251
475
116
328
497
126
-505
-809
-721
-701
-1007
-1373
-1488
-1461
-1597
-1906
-2100
-2040
-1922
-1988
-2204
-2342
-2274
-2073
-1885
-1806
-1851
-1948
-1953
-1775
-1496
-1302
-1268
-1263
-1137
-926
-764
-664
-505
-245
-20
59
99
288
602
816
825
811
995
1326
1560
1597
1574
1637
1754
1827
1868
1938
1990
1910
1728
1622
1667
1693
1510
1195
1014
1078
1166
981
531
127
27
129
108
-193
-594
-823
-855
-917
-1156
-1451
-1606
-1636
-1720
-1911
-2047
-2020
-1978
-2139
-2446
-2597
-2429
-2141
-2045
-2180
-2292
-2180
-1931
-1774
-1783
-1827
-1755
-1553
-1306
-1076
-857
-628
-388
-154
65
273
512
834
1225
1577
1782
1901
2127
2556
3014
3199
3051
2863
2972
3359
3647
3556
3255
3125
3249
3301
3034
2666
2575
2701
2575
2022
1497
1475
1722
1572
872
237
170
360
172
-414
-827
-794
-727
-1041
-1509
-1658
-1525
-1581
-1980
-2331
-2306
-2116
-2141
-2359
-2455
-2345
-2253
-2291
-2283
-2100
-1913
-1915
-1991
-1879
-1580
-1357
-1330
-1319
-1150
-905
-752
-653
-452
-168
-8
-38
-61
114
416
640
747
863
1042
1182
1220
1249
1364
1497
1519
1455
1470
1634
1823
1874
1772
1645
1602
1645
1689
1639
1466
1251
1116
1080
1020
832
585
426
352
195
-125
-450
-604
-642
-770
-1025
-1228
-1272
-1289
-1443
-1668
-1766
-1720
-1718
-1859
-1985
-1933
-1799
-1811
-2000
-2130
-2017
-1780
-1663
-1723
-1789
-1720
-1567
-1451
-1378
-1259
-1073
-894
-774
-652
-446
-159
118
335
525
733
960
1193
1463
1778
2053
2176
2182
2286
2623
3006
3106
2887
2717
2914
3290
3371
3043
2727
2789
3004
2878
2390
2048
2145
2281
1930
1222
798
874
931
472
-235
-548
-382
-313
-714
-1251
-1433
-1339
-1428
-1793
-2043
-1948
-1808
-1977
-2321
-2459
-2340
-2277
-2418
-2544
-2454
-2274
-2212
-2214
-2115
-1954
-1918
-1973
-1859
-1494
-1129
-988
-937
-729
-394
-158
-65
107
462
790
873
819
900
1158
1371
1403
1374
1436
1548
1589
1570
1602
1700
1762
1743
1715
1732
1739
1671
1565
1486
1419
1319
1220
1201
1216
1101
793
456
277
235
147
-65
-277
-366
-409
-583
-901
-1179
-1265
-1230
-1262
-1408
-1538
-1541
-1488
-1520
-1643
-1719
-1655
-1532
-1475
-1480
-1437
-1319
-1225
-1234
-1264
-1185
-1011
-881
-870
-880
-789
-623
-519
-534
-570
-503
-343
-205
-172
-188
-147
-14
139
226
265
363
582
836
971
950
919
1058
1386
1731
1904
1878
1796
1821
1997
2223
2350
2310
2165
2044
2018
2056
2063
1980
1812
1607
1408
1231
1079
944
782
534
198
-109
-229
-165
-138
-361
-761
-1024
-988
-857
-935
-1222
-1433
-1412
-1331
-1407
-1584
-1659
-1627
-1681
-1873
-1982
-1833
-1572
-1483
-1607
-1700
-1599
-1408
-1304
-1275
-1181
-980
-767
-603
-443
-248
-50
100
220
343
454
518
558
621
709
784
835
891
960
996
982
975
1034
1141
1206
1195
1148
1126
1134
1133
1097
1037
976
924
882
840
797
746
679
579
451
339
287
266
178
-29
-271
-406
-409
-418
-547
-743
-858
-850
-827
-885
-994
-1086
-1161
-1254
-1326
-1302
-1192
-1122
-1165
-1238
-1212
-1080
-955
-916
-919
-896
-833
-758
-680
-605
-556
-551
-551
-494
-367
-237
-157
-112
-63
-7
39
82
143
207
232
218
227
291
375
424
450
514
640
773
845
840
797
775
834
986
1166
1243
1125
915
840
1013
1269
1318
1084
816
795
969
1015
774
489
483
698
760
502
215
212
352
241
-151
-387
-194
82
-66
-579
-892
-726
-458
-549
-904
-1064
-901
-754
-868
-1057
-1047
-910
-892
-1004
-1012
-849
-727
-792
-893
-819
-617
-487
-484
-490
-434
-372
-315
-187
27
183
201
204
346
568
657
566
481
564
726
776
700
645
683
724
680
626
667
764
751
580
401
387
492
509
334
102
10
76
121
3
-224
-406
-494
-569
-695
-839
-951
-1043
-1162
-1282
-1343
-1349
-1394
-1519
-1636
-1623
-1477
-1323
-1268
-1294
-1301
-1201
-977
-696
-481
-418
-429
-316
20
419
621
586
551
727
1033
1230
1254
1266
1406
1610
1736
1767
1781
1802
1774
1697
1655
1688
1731
1694
1573
1431
1309
1223
1181
1156
1051
807
519
369
391
398
211
-84
-258
-243
-225
-370
-603
-758
-829
-943
-1114
-1197
-1139
-1089
-1185
-1342
-1367
-1248
-1168
-1217
-1283
-1243
-1141
-1094
-1103
-1083
-1026
-990
-966
-867
-680
-520
-473
-478
-421
-297
-182
-106
-30
72
175
261
356
465
565
631
678
739
817
884
932
957
954
928
903
908
936
949
917
859
805
774
743
692
612
510
405
310
236
192
167
137
68
-32
-136
-209
-255
-304
-365
-416
-434
-428
-445
-510
-601
-669
-683
-658
-632
-626
-640
-666
-698
-720
-719
-701
-692
-693
-668
-600
-523
-478
-454
-395
-292
-195
-132
-57
79
227
294
273
276
385
541
620
595
554
579
646
670
628
575
568
591
582
513
420
357
329
296
232
155
95
41
-42
-158
-261
-324
-374
-438
-502
-517
-494
-496
-561
-643
-671
-652
-653
-708
-765
-754
-686
-636
-646
-685
-691
-654
-606
-574
-546
-490
-401
-317
-265
-231
-150
13
201
295
249
180
276
576
882
932
718
544
719
1172
1488
1364
991
863
1184
1596
1612
1226
927
1066
1407
1452
1129
865
970
1196
1094
674
402
539
762
619
166
-95
67
291
115
-391
-717
-590
-318
-350
-710
-1007
-973
-780
-757
-941
-1086
-1040
-944
-999
-1153
-1174
-991
-799
-806
-951
-1005
-869
-693
-655
-741
-785
-679
-490
-367
-376
-438
-424
-296
-152
-100
-125
-122
-47
14
-16
-67
-1
178
303
268
179
209
359
458
407
308
321
444
536
515
453
455
522
574
574
579
632
697
709
664
625
627
634
591
509
447
434
423
355
244
168
163
179
137
42
-37
-58
-59
-95
-159
-212
-245
-295
-378
-464
-522
-554
-588
-619
-640
-664
-695
-699
-658
-618
-653
-754
-812
-750
-634
-588
-635
-686
-676
-638
-621
-606
-553
-481
-446
-446
-410
-303
-189
-144
-162
-166
-100
23
157
266
314
285
234
278
474
724
831
724
583
665
989
1264
1217
951
857
1104
1386
1304
936
762
1004
1288
1162
757
602
824
947
610
158
159
533
631
172
-337
-330
21
96
-271
-612
-566
-353
-363
-576
-678
-604
-587
-740
-872
-810
-658
-610
-667
-702
-680
-666
-659
-595
-495
-465
-499
-467
-321
-207
-246
-335
-286
-105
14
-14
-67
-18
67
54
-29
-37
70
160
131
66
109
260
372
354
289
304
404
475
439
339
269
256
256
249
256
284
293
251
190
179
227
277
265
194
105
38
7
9
21
2
-58
-122
-132
-91
-58
-76
-130
-177
-203
-221
-233
-228
-215
-217
-241
-256
-227
-173
-142
-161
-205
-228
-212
-173
-140
-111
-65
12
94
143
138
101
74
71
75
66
51
43
43
40
32
26
25
25
23
20
16
-1
-39
-82
-101
-81
-34
9
29
8
-48
-113
-152
-146
-116
-94
-89
-100
-122
-147
-158
-150
-150
-189
-251
-277
-237
-172
-140
-144
-141
-111
-83
-77
-74
-39
17
54
60
65
92
120
115
90
88
124
160
168
164
181
219
247
253
258
280
305
312
298
276
254
234
226
233
242
232
218
215
219
201
158
124
120
122
105
79
79
98
98
65
28
20
34
39
29
19
18
21
17
12
13
25
48
62
40
-23
-87
-109
-99
-110
-165
-231
-253
-244
-256
-295
-300
-230
-132
-100
-148
-194
-172
-130
-154
-235
-272
-206
-116
-93
-113
-78
23
83
30
-58
-65
-3
10
-65
-117
-49
84
150
131
128
198
264
241
161
128
167
197
168
122
125
154
140
62
-33
-88
-112
-132
-145
-123
-62
1
28
18
-12
-37
-58
-82
-110
-131
-131
-107
-73
-41
-20
-12
-27
-64
-102
-110
-79
-40
-38
-80
-124
-121
-72
-24
-10
-20
-28
-20
-6
12
45
94
130
129
104
83
71
46
2
-24
0
56
100
108
111
132
167
185
176
157
137
118
113
135
174
195
174
137
121
130
146
149
140
118
86
46
4
-38
-82
-123
-143
-127
-96
-77
-75
-74
-59
-37
-13
24
78
116
101
36
-32
-49
-13
38
66
70
66
60
47
34
32
36
31
15
9
33
67
71
28
-31
-69
-83
-88
-97
-114
-132
-147
-144
-104
-42
2
-2
-42
-79
-91
-84
-76
-67
-55
-48
-51
-61
-67
-61
-49
-40
-36
-32
-29
-23
-16
-7
7
19
20
10
-7
-17
-16
-3
23
51
63
47
7
-26
-37
-26
-11
5
25
50
68
69
55
37
22
0
-25
-44
-46
-36
-19
0
14
14
-10
-43
-56
-35
1
16
-3
-31
-38
-17
18
53
81
85
52
-14
-75
-93
-61
-5
37
46
27
0
-22
-30
-22
0
30
57
72
75
79
96
125
153
167
160
138
116
107
118
143
171
178
159
121
85
67
64
61
45
11
-24
-41
-35
-12
4
1
-17
-39
-61
-83
-102
-109
-105
-98
-98
-108
-117
-122
-119
-109
-94
-83
-85
-100
-122
-144
-163
-165
-135
-80
-36
-36
-74
-109
-106
-73
-36
-17
-19
-35
-59
-76
-77
-65
-58
-71
-96
-111
-101
-67
-20
22
45
38
13
-10
-22
-27
-31
-32
-18
16
60
98
126
145
155
160
165
171
179
179
171
165
170
188
197
185
153
116
84
61
45
36
38
49
63
64
55
42
35
32
22
3
-22
-34
-31
-21
-11
-4
0
-3
-15
-29
-33
-25
-13
-6
1
14
28
27
13
-9
-25
-36
-46
-52
-56
-63
-76
-85
-72
-40
-2
27
43
49
41
21
3
5
25
47
53
41
21
-1
-19
-29
-26
-13
-1
-4
-14
-18
-9
6
15
3
-22
-47
-65
-68
-59
-41
-25
-26
-47
-74
-88
-80
-67
-73
-96
-114
-108
-81
-48
-22
-8
-8
-21
-40
-51
-49
-36
-20
-2
21
43
51
35
4
-19
-16
8
35
43
35
23
27
53
86
108
104
81
49
27
22
37
65
89
104
107
101
84
62
47
43
45
50
60
79
96
93
72
49
43
51
52
34
5
-17
-22
-19
-16
-21
-38
-60
-76
-79
-61
-33
-6
11
9
-6
-25
-36
-32
-22
-13
-10
-9
-16
-28
-39
-39
-26
-7
4
1
-8
-11
-3
13
30
36
29
17
12
14
18
23
28
27
19
6
7
23
47
61
55
39
17
-6
-24
-27
-13
1
5
0
-3
0
-1
-8
-15
-19
-19
-22
-27
-32
-38
-46
-55
-63
-64
-65
-65
-63
-52
-40
-33
-28
-15
6
24
24
10
-8
-17
-18
-7
11
35
48
38
10
-18
-31
-29
-16
4
26
40
40
24
5
-9
-6
5
12
9
3
8
20
37
50
61
70
70
60
47
46
58
72
77
70
56
36
20
9
6
6
5
-2
-6
-3
8
21
29
29
16
-15
-55
-85
-86
-71
-59
-67
-83
-83
-64
-44
-42
-57
-75
-84
-81
-72
-61
-48
-29
-5
24
48
58
51
43
37
34
30
26
23
23
28
46
71
91
92
74
49
36
39
53
70
76
67
52
37
36
43
50
49
37
21
10
10
17
27
28
13
-21
-60
-90
-96
-80
-60
-47
-45
-47
-51
-57
-64
-74
-85
-100
-112
-114
-99
-80
-74
-87
-110
-122
-117
-102
-86
-73
-65
-58
-50
-42
-30
-13
11
39
68
88
96
95
90
85
81
84
98
118
130
127
112
94
80
70
65
70
85
97
93
73
54
43
41
41
36
32
26
19
5
-12
-26
-30
-26
-20
-18
-21
-26
-35
-41
-41
-36
-31
-31
-37
-40
-37
-34
-33
-31
-26
-21
-19
-22
-24
-27
-34
-40
-42
-33
-21
-14
-16
-18
-15
-9
-8
-14
-18
-14
-2
8
14
16
20
26
32
39
47
57
64
66
63
59
59
65
70
71
71
69
69
68
65
57
44
27
10
1
7
21
33
35
25
17
18
23
25
14
-9
-38
-68
-90
-96
-83
-58
-30
-11
1
-1
-15
-33
-43
-44
-39
-32
-24
-14
-5
-3
-11
-18
-21
-17
-12
-2
9
22
30
32
29
22
16
11
6
4
2
3
-1
-11
-20
-15
-2
10
14
11
6
-1
-1
7
20
31
31
20
5
-15
-34
-46
-45
-32
-18
-14
-20
-32
-42
-48
-44
-28
-7
14
33
48
49
41
27
20
24
37
46
45
38
30
29
32
33
32
31
38
49
57
54
48
39
25
9
-1
-3
4
8
