
87
80
25
25
31
77
94
192
178
177
233
361
306
290
356
243
322
227
203
302
151
170
217
323
168
308
291
264
303
215
329
226
319
303
340
332
327
421
385
389
453
311
418
335
354
427
363
371
375
414
435
386
405
300
327
261
261
316
252
228
228
274
250
285
321
191
210
233
190
241
142
167
177
163
216
165
238
212
126
188
113
109
68
44
19
70
-44
-29
-26
-33
-7
-61
-21
1
-16
-26
-7
-40
-36
-78
-35
-136
-127
-73
-144
-96
-115
-141
-122
-59
-120
-114
-154
-177
-98
-168
-186
-170
-209
-191
-196
-205
-230
-264
-295
-301
-403
-372
-343
-416
-398
-479
-395
-422
-407
-487
-441
-363
-455
-544
-480
-469
-425
-506
-489
-465
-520
-397
-507
-473
-590
-536
-537
-450
-338
-412
-295
-330
-240
-245
-312
-327
-284
-235
-236
-245
-166
-160
-110
-118
-118
-66
-112
2
1
-6
-12
-22
-30
-49
2
-35
-25
-12
21
26
33
69
15
108
209
220
268
308
291
369
293
325
429
375
386
395
440
493
474
421
436
426
462
488
474
569
491
517
557
487
575
484
467
507
436
500
380
411
425
476
498
435
487
563
419
366
390
278
346
291
336
297
241
326
310
285
208
317
276
257
309
177
215
186
221
212
224
161
166
133
72
111
26
8
56
10
62
46
62
38
45
71
61
77
23
48
-38
-34
-42
-24
-24
-43
-3
-23
-7
-28
-83
-145
-115
-100
-80
-189
-186
-198
-245
-247
-347
-386
-406
-478
-466
-544
-553
-567
-618
-561
-629
-559
-626
-661
-620
-704
-620
-680
-637
-588
-689
-585
-645
-620
-592
-635
-660
-644
-673
-589
-643
-627
-567
-565
-515
-471
-385
-318
-216
-216
-113
-200
-66
-29
-116
-60
-84
-75
-63
14
-29
88
24
77
142
120
106
159
139
129
110
111
160
64
124
150
150
153
167
221
180
125
101
105
88
59
107
18
146
115
150
240
147
202
141
167
187
196
275
212
266
261
349
307
342
444
406
458
513
551
499
560
446
537
462
445
478
402
444
430
434
446
404
441
411
431
448
488
450
413
407
385
429
341
390
391
287
375
343
304
267
238
262
100
175
31
62
-12
-15
48
-27
-14
-11
21
-54
-2
-69
-96
-84
-172
-130
-151
-127
-212
-215
-147
-180
-179
-125
-189
-164
-126
-190
-160
-254
-143
-262
-162
-221
-243
-181
-288
-185
-276
-210
-193
-132
-182
-128
-184
-172
-196
-208
-286
-223
-261
-234
-170
-237
-144
-232
-243
-197
-277
-188
-217
-187
-220
-236
-257
-309
-295
-313
-326
-237
-278
-297
-220
-408
-343
-309
-431
-337
-425
-449
-378
-371
-351
-432
-327
-340
-305
-293
-284
-226
-303
-205
-246
-233
-237
-193
-182
-226
-120
-224
-99
-181
-113
-62
-91
11
28
63
32
42
77
114
101
33
91
75
77
83
31
60
81
132
142
208
172
234
231
225
256
198
242
234
249
218
309
332
281
338
299
299
322
341
364
362
288
346
280
315
328
320
346
425
446
397
385
345
405
340
399
361
358
389
385
384
370
254
275
274
281
250
256
255
283
339
288
246
245
228
197
219
195
154
151
242
173
236
244
229
229
235
215
203
200
176
236
90
104
124
143
131
31
45
3
10
-91
-129
-155
-237
-108
-163
-149
-190
-172
-242
-185
-214
-248
-312
-325
-249
-376
-274
-337
-301
-415
-364
-389
-538
-473
-506
-531
-538
-424
-543
-487
-476
-492
-455
-517
-440
-509
-424
-417
-356
-326
-354
-298
-323
-360
-357
-346
-389
-334
-325
-300
-374
-388
-314
-315
-303
-330
-191
-242
-197
-152
-182
-248
-267
-227
-308
-244
-223
-221
-186
-130
-145
-49
-85
-67
-76
-43
-63
8
-12
-136
74
-144
-85
-74
-78
-3
-112
8
-49
28
-24
47
94
57
165
149
218
194
183
175
277
275
275
349
370
360
298
402
450
417
432
422
549
469
582
576
607
661
575
704
603
724
585
628
581
511
619
582
623
580
590
551
571
575
559
479
414
488
412
411
342
383
387
231
321
313
331
264
283
255
219
183
122
265
110
80
33
48
64
-30
-25
-4
-37
-67
-96
-144
-158
-84
-220
-145
-167
-194
-120
-170
-126
-195
-163
-107
-86
-146
-66
-131
-160
-195
-235
-201
-261
-254
-299
-314
-346
-310
-397
-377
-481
-470
-464
-408
-380
-439
-417
-517
-427
-474
-406
-475
-539
-395
-529
-482
-562
-577
-598
-653
-629
-626
-615
-639
-585
-590
-621
-558
-552
-608
-508
-497
-442
-446
-414
-391
-349
-345
-343
-335
-288
-337
-316
-274
-347
-304
-253
-323
-233
-216
-202
-111
-125
-109
-104
-73
-85
-47
-30
3
64
51
94
107
137
189
149
208
269
221
256
238
232
330
314
342
308
287
303
315
356
352
367
357
411
469
447
541
502
533
544
553
580
642
579
615
590
595
589
526
438
527
380
445
387
371
445
309
427
402
350
341
455
414
490
491
422
399
376
376
397
296
362
385
275
310
304
278
304
202
187
276
254
344
219
295
332
189
226
282
197
161
82
157
102
79
77
39
44
-2
22
-129
-126
-82
-204
-202
-271
-198
-211
-258
-218
-256
-364
-306
-295
-362
-402
-416
-351
-344
-428
-329
-374
-462
-445
-466
-445
-471
-423
-474
-419
-445
-463
-436
-503
-469
-495
-481
-434
-471
-401
-427
-347
-451
-391
-405
-423
-408
-418
-424
-516
-409
-460
-386
-521
-413
-470
-513
-471
-454
-417
-487
-316
-434
-282
-263
-228
-163
-202
-159
-169
-112
-120
-62
-85
-41
-10
58
18
12
114
27
67
37
-31
-28
82
47
46
169
118
202
170
213
325
243
200
272
164
186
252
153
193
235
205
268
273
307
342
295
402
266
359
342
340
339
356
395
385
467
427
430
415
492
387
380
463
446
401
385
422
437
376
479
491
498
543
447
532
498
482
532
434
376
408
353
376
382
303
334
389
359
357
330
304
221
249
209
127
165
82
85
102
3
27
-33
-61
-70
-204
-116
-142
-209
-222
-246
-189
-190
-227
-145
-187
-117
-181
-177
-190
-275
-158
-266
-188
-169
-207
-166
-219
-183
-202
-245
-272
-289
-287
-274
-346
-339
-343
-350
-237
-340
-211
-295
-245
-212
-357
-341
-337
-313
-373
-339
-442
-362
-415
-361
-340
-382
-277
-349
-340
-333
-305
-295
-347
-370
-326
-339
-304
-376
-398
-329
-395
-397
-350
-387
-328
-363
-365
-266
-290
-300
-264
-144
-186
-105
-91
-43
-92
-67
-110
-69
-63
-46
4
34
136
163
182
200
277
220
244
203
254
213
211
173
179
157
201
117
278
256
249
207
202
255
146
178
146
202
185
252
292
267
309
288
241
242
226
249
139
204
145
226
163
185
174
128
184
230
259
281
293
302
286
294
380
225
326
293
284
335
271
247
278
255
298
267
271
314
274
436
362
427
373
375
314
309
311
249
278
275
352
246
365
377
289
338
262
242
180
109
138
58
80
-96
-23
-108
-20
-74
-155
-38
-79
-50
-71
-41
-108
-53
-155
-52
-26
-168
-99
-235
-251
-216
-288
-253
-389
-321
-334
-349
-368
-380
-385
-476
-441
-440
-430
-488
-445
-467
-436
-495
-486
-514
-605
-487
-534
-431
-418
-488
-391
-412
-440
-382
-481
-445
-472
-393
-366
-356
-366
-402
-311
-363
-350
-338
-318
-273
-334
-229
-217
-298
-203
-258
-188
-228
-250
-148
-199
-87
-132
-154
-108
-61
-64
-48
-89
-122
-78
-126
-103
-173
-71
-110
16
-90
-7
61
113
161
124
183
181
158
164
132
214
180
127
262
218
309
194
226
229
262
253
276
296
322
375
391
495
471
495
518
421
492
503
524
499
484
589
464
541
490
523
511
494
528
404
511
422
474
479
500
495
469
531
368
414
398
325
320
363
276
284
292
292
310
199
309
249
212
222
155
194
68
49
27
91
66
66
152
43
160
40
144
61
14
47
-60
-15
-21
-67
-71
-128
-131
-174
-130
-174
-187
-253
-192
-164
-230
-184
-232
-198
-282
-250
-341
-334
-371
-370
-363
-347
-317
-345
-355
-369
-387
-424
-362
-377
-369
-428
-424
-502
-432
-543
-501
-515
-525
-462
-491
-478
-386
-428
-445
-370
-426
-438
-407
-408
-429
-353
-478
-433
-371
-442
-438
-410
-406
-317
-424
-346
-354
-378
-329
-381
-326
-297
-261
-260
-228
-278
-216
-240
-220
-86
-207
-89
-1
-14
29
41
12
32
-45
-5
34
20
26
35
91
106
144
196
183
240
352
231
327
308
321
301
249
313
309
397
428
499
470
510
467
523
599
496
631
589
643
545
642
576
600
633
508
584
579
474
567
475
516
483
502
524
482
435
387
434
390
437
385
421
324
483
357
434
331
290
359
196
328
245
287
258
258
251
265
172
246
194
183
169
51
89
33
56
2
-64
-40
-68
-69
-93
-107
-43
-214
-150
-197
-119
-167
-294
-258
-329
-273
-265
-303
-284
-292
-226
-325
-190
-321
-217
-304
-290
-168
-321
-253
-321
-224
-374
-327
-346
-391
-355
-388
-412
-419
-377
-367
-422
-385
-463
-399
-493
-552
-479
-550
-501
-485
-505
-470
-451
-420
-497
-439
-538
-576
-503
-615
-479
-545
-498
-449
-421
-347
-335
-364
-412
-405
-339
-312
-346
-290
-229
-242
-211
-193
-213
-137
-168
-91
-89
-77
-36
19
68
141
73
109
187
248
281
319
296
245
291
279
295
314
333
329
346
341
328
292
360
272
323
338
286
299
299
340
423
312
370
328
360
412
282
312
350
273
308
221
229
246
186
190
242
233
160
164
160
189
203
140
76
194
181
242
192
265
312
302
390
337
373
325
324
349
288
306
259
325
323
314
326
321
340
365
320
344
233
231
218
213
264
192
270
228
278
306
206
279
238
217
206
171
107
114
85
33
40
-6
-20
11
3
-13
-87
-126
-183
-98
-96
-194
-164
-198
-152
-183
-197
-242
-227
-220
-286
-260
-302
-358
-260
-327
-362
-307
-397
-416
-374
-408
-374
-431
-389
-372
-307
-223
-329
-204
-297
-205
-341
-317
-272
-332
-318
-381
-372
-468
-373
-456
-451
-384
-444
-399
-395
-306
-356
-303
-315
-357
-328
-401
-354
-366
-276
-421
-362
-361
-374
-363
-393
-316
-323
-349
-310
-336
-274
-303
-223
-241
-221
-185
-266
-61
-249
-79
-189
-168
-174
-176
-199
-161
-119
-132
-13
-68
37
-53
-5
73
4
108
127
132
150
189
320
301
323
367
315
362
431
371
419
414
376
346
405
397
393
358
442
463
396
406
369
404
324
386
326
361
291
379
412
333
361
340
267
329
377
297
317
314
305
356
382
327
400
434
434
468
486
442
501
479
495
403
516
458
472
491
425
471
472
580
503
503
488
413
423
353
291
332
256
197
156
188
146
108
54
67
69
54
60
66
-62
-24
-16
-176
-66
-193
-132
-260
-220
-277
-352
-275
-411
-402
-450
-412
-401
-423
-423
-480
-500
-436
-511
-429
-433
-421
-430
-455
-560
-530
-474
-532
-447
-472
-529
-453
-498
-496
-506
-571
-575
-487
-482
-431
-404
-373
-471
-444
-383
-497
-390
-391
-364
-428
-381
-327
-331
-307
-408
-359
-321
-291
-177
-253
-172
-158
-150
-88
-128
-144
-185
-188
-216
-188
-159
-225
-105
-170
-99
-109
-80
19
-129
48
56
22
64
-28
20
-61
-4
23
64
20
3
97
141
100
115
81
43
97
55
225
167
277
195
203
397
289
369
282
397
272
450
519
468
544
355
612
424
658
522
590
523
504
636
560
637
575
597
538
640
537
642
588
476
448
492
523
431
409
424
451
301
428
459
381
385
362
359
378
317
267
244
246
280
262
218
234
212
170
183
171
81
100
76
47
145
56
47
40
29
-64
-13
-136
-200
-147
-309
-152
-300
-251
-372
-349
-343
-349
-412
-442
-368
-439
-382
-361
-274
-330
-295
-328
-330
-401
-443
-408
-450
-430
-524
-487
-395
-496
-421
-474
-396
-374
-464
-367
-413
-448
-499
-534
-490
-497
-502
-520
-555
-489
-473
-513
-496
-493
-466
-430
-418
-435
-342
-336
-355
-342
-288
-344
-367
-328
-274
-219
-321
-192
-291
-180
-197
-144
-145
-232
-77
-139
-4
-34
7
35
47
104
-3
20
3
69
89
50
101
52
133
134
174
240
176
217
215
247
263
258
294
310
250
326
346
429
376
422
463
365
407
440
388
521
457
485
504
480
591
478
602
610
590
542
632
623
682
651
588
590
515
573
471
507
504
458
480
469
458
494
432
444
388
328
358
329
298
269
281
196
136
135
126
68
89
40
81
84
86
63
101
8
82
12
63
107
13
-44
17
45
-29
12
-131
-73
-154
-155
-128
-234
-244
-153
-301
-180
-115
-178
-186
-222
-222
-139
-297
-203
-273
-288
-334
-354
-291
-411
-348
-457
-353
-420
-287
-347
-313
-414
-414
-428
-386
-379
-461
-442
-559
-440
-525
-418
-478
-391
-505
-491
-466
-454
-442
-510
-474
-455
-393
-419
-415
-339
-379
-378
-342
-361
-285
-290
-281
-300
-294
-284
-230
-252
-268
-225
-291
-236
-264
-236
-220
-223
-228
-159
-102
-104
-128
-89
-22
-81
39
27
14
-29
-30
2
11
57
70
69
115
146
125
96
197
75
138
137
102
161
174
132
150
157
151
260
229
222
355
265
418
385
418
431
444
505
448
495
491
452
437
369
441
379
452
434
411
512
355
481
376
444
441
405
449
438
459
435
424
339
339
365
321
352
272
325
319
287
294
242
199
176
221
178
142
156
82
134
85
160
141
149
143
129
188
39
119
126
172
88
170
142
93
143
74
118
7
-15
12
17
-58
-17
-26
-59
-177
-102
-244
-200
-267
-250
-277
-285
-220
-352
-346
-312
-292
-363
-365
-366
-337
-439
-320
-398
-346
-518
-314
-498
-354
-481
-332
-394
-340
-298
-236
-277
-259
-336
-280
-323
-385
-231
-389
-304
-342
-239
-357
-310
-309
-377
-344
-480
-300
-417
-424
-375
-476
-266
-417
-289
-318
-293
-279
-266
-316
-254
-187
-188
-83
-176
-175
-252
-272
-256
-249
-277
-281
-178
-151
-108
-146
-62
-168
-122
-111
-148
-81
-91
-18
-42
68
119
96
156
194
198
245
261
170
257
120
221
183
228
333
329
333
250
313
312
376
325
407
342
362
352
320
368
306
384
335
440
470
567
541
592
553
513
585
560
460
455
581
496
503
533
450
488
459
471
430
472
468
435
523
492
513
471
425
439
368
316
289
291
187
162
244
144
103
36
92
2
-101
26
-88
-103
-42
-106
30
62
59
46
111
-42
-20
-6
-102
-82
-143
-136
-155
-154
-117
-158
-130
-179
-205
-215
-274
-193
-264
-291
-226
-264
-253
-239
-355
-311
-318
-392
-415
-414
-451
-479
-452
-529
-479
-474
-474
-478
-428
-536
-495
-464
-557
-513
-554
-571
-528
-530
-537
-493
-555
-528
-441
-496
-394
-428
-504
-386
-447
-412
-463
-341
-415
-359
-316
-351
-272
-343
-320
-314
-395
-485
-376
-385
-263
-170
-62
56
138
121
222
117
41
-4
-63
-101
-55
-35
-10
89
122
165
195
299
237
233
242
162
60
43
48
111
120
200
383
574
522
624
500
392
251
163
83
38
113
154
364
424
615
654
757
633
555
536
363
252
227
207
316
392
513
688
612
753
683
646
548
424
374
312
284
312
405
370
458
434
446
424
433
307
284
239
185
159
171
204
172
135
197
187
143
199
108
171
121
66
26
5
-18
14
-13
-71
-46
-46
-84
-96
-85
-102
-49
9
-59
0
15
-64
44
-81
-137
-102
-160
-114
-126
-174
-148
-199
-202
-192
-270
-219
-292
-411
-442
-422
-421
-418
-399
-377
-314
-299
-257
-227
-290
-333
-368
-394
-425
-487
-375
-435
-331
-356
-262
-222
-241
-238
-349
-391
-444
-483
-472
-527
-501
-490
-389
-355
-299
-244
-227
-236
-289
-410
-403
-428
-539
-524
-454
-317
-327
-152
-195
-145
-154
-121
-65
-127
-93
-109
-108
-103
-109
-134
-144
-80
-102
4
-33
-4
54
51
87
56
113
74
110
132
163
181
204
265
216
242
265
325
366
393
361
313
419
385
456
459
508
468
529
490
534
481
463
462
455
410
371
501
412
479
455
419
496
417
420
486
426
356
456
504
341
424
360
323
388
395
405
397
390
468
421
459
379
275
243
206
176
170
175
120
226
159
270
230
232
289
116
177
74
76
62
-46
-69
-64
-118
-76
-96
-105
-90
-142
-96
-101
-140
-105
-152
-239
-239
-257
-264
-253
-218
-222
-189
-161
-265
-279
-264
-298
-347
-373
-409
-413
-343
-362
-300
-355
-340
-426
-391
-366
-482
-431
-599
-615
-644
-580
-521
-492
-396
-411
-220
-237
-211
-255
-260
-409
-382
-402
-404
-298
-315
-290
-195
-173
-226
-205
-221
-323
-299
-303
-338
-301
-309
-260
-250
-145
-109
-166
-102
-265
-153
-196
-238
-187
-366
-274
-267
-222
-200
-153
-97
25
-13
71
31
-34
-14
-91
74
-1
10
20
35
107
138
235
202
247
293
280
309
249
273
172
179
165
144
257
251
321
330
320
336
333
369
296
291
320
295
283
266
282
211
290
282
224
313
282
328
331
303
199
287
250
261
370
280
368
368
369
434
387
344
345
500
350
482
426
437
455
460
504
440
499
402
502
469
413
343
313
349
241
244
217
241
190
233
135
81
60
15
-58
-87
-129
-127
-138
-190
-37
-142
-105
-149
-99
-82
-126
-150
-161
-76
-129
-172
-164
-145
-206
-177
-179
-205
-173
-193
-184
-166
-176
-190
-219
-308
-249
-246
-276
-245
-290
-311
-312
-424
-380
-351
-389
-370
-401
-408
-369
-250
-319
-323
-459
-420
-401
-474
-345
-380
-364
-408
-321
-355
-279
-366
-259
-299
-340
-339
-413
-315
-348
-340
-289
-277
-261
-267
-272
-233
-350
-310
-330
-296
-309
-323
-208
-255
-159
-173
-187
-165
-225
-135
-180
-125
-223
-171
-174
-199
-37
-133
-25
-100
-39
29
2
129
58
176
120
237
227
232
289
230
317
279
394
329
415
331
439
435
364
477
414
518
554
502
545
488
553
532
522
446
391
521
402
457
449
478
452
419
445
442
437
400
459
331
356
359
334
330
353
373
298
386
343
337
315
252
292
233
216
109
189
151
138
159
164
223
199
250
217
212
178
151
174
87
79
101
56
91
133
60
116
69
43
77
-12
70
-54
-34
-54
-31
-81
-110
-100
-132
-183
-79
-182
-258
-286
-290
-393
-339
-428
-395
-367
-430
-341
-464
-361
-369
-373
-435
-483
-532
-413
-467
-488
-480
-458
-463
-510
-485
-420
-521
-537
-597
-503
-474
-501
-429
-496
-379
-436
-367
-408
-378
-418
-332
-332
-312
-335
-283
-254
-251
-270
-294
-236
-366
-263
-291
-302
-282
-314
-239
-218
-193
-234
-208
-195
-176
-177
-261
-228
-223
-213
-94
-70
-55
-144
-6
-121
3
-59
-74
27
9
68
79
207
114
205
178
203
303
237
248
237
323
219
373
344
378
475
425
490
459
536
481
516
449
414
485
427
532
427
505
563
485
493
547
504
423
472
463
520
505
449
517
564
519
526
519
498
426
484
395
349
292
396
357
405
357
361
340
326
365
377
329
261
362
257
338
294
208
248
247
255
231
184
195
110
170
99
166
15
29
62
-52
60
-39
-99
-20
29
-33
-96
-131
-211
-268
-259
-356
-304
-380
-340
-376
-325
-350
-411
-312
-371
-308
-366
-389
-416
-399
-396
-387
-446
-425
-418
-434
-463
-487
-419
-548
-473
-413
-466
-366
-304
-318
-306
-263
-363
-373
-288
-446
-451
-463
-464
-400
-556
-500
-412
-470
-484
-457
-382
-455
-434
-441
-418
-412
-422
-375
-357
-389
-434
-375
-469
-323
-422
-424
-323
-309
-330
-246
-244
-242
-210
-168
-155
-123
-155
-118
3
-81
37
74
39
136
181
205
269
214
281
315
340
313
405
378
443
399
373
381
377
378
366
436
379
495
457
437
467
427
411
351
350
264
268
379
305
398
404
413
387
387
343
247
313
190
262
221
309
252
263
325
306
385
259
316
314
299
310
318
352
208
305
232
328
301
320
270
288
272
298
246
242
189
326
273
203
306
209
236
216
198
220
249
178
311
311
202
281
209
217
284
139
152
45
70
-17
-90
-92
-161
-93
-218
-186
-214
-244
-287
-243
-269
-308
-300
-407
-299
-393
-434
-428
-471
-428
-547
-523
-527
-532
-616
-570
-578
-569
-508
-575
-467
-492
-453
-499
-505
-494
-518
-387
-477
-420
-363
-367
-318
-296
-315
-353
-328
-401
-286
-358
-388
-358
-371
-463
-386
-340
-487
-396
-502
-412
-356
-375
-400
-374
-426
-425
-333
-373
-316
-294
-247
-128
-51
-9
44
111
56
56
6
35
-18
18
-5
30
118
109
194
170
239
249
230
344
263
325
400
435
421
397
399
419
325
277
346
253
303
272
327
265
364
255
279
354
255
278
284
262
409
382
341
483
520
457
559
613
569
618
493
478
492
524
521
540
522
503
601
553
561
659
553
586
545
541
506
491
410
435
443
351
444
327
309
322
257
243
194
133
115
94
9
23
0
-105
-128
-47
-65
-55
-81
-83
-90
-118
-50
-132
-210
-177
-135
-134
-138
-105
-40
-90
-60
-111
-82
-137
-131
-199
-190
-164
-309
-273
-310
-272
-398
-368
-334
-429
-343
-397
-300
-384
-351
-386
-436
-260
-417
-358
-434
-427
-383
-539
-356
-500
-460
-468
-502
-539
-534
-516
-626
-599
-612
-534
-546
-509
-495
-443
-459
-454
-468
-491
-469
-433
-543
-476
-437
-499
-503
-428
-446
-399
-302
-354
-247
-284
-209
-229
-214
-168
-214
-117
-149
-16
-19
40
-13
12
139
108
233
130
140
199
203
216
166
278
165
264
221
329
373
248
377
271
330
274
310
265
260
329
276
238
253
326
289
350
336
468
422
359
490
348
389
410
429
375
457
397
473
480
410
507
416
419
432
434
517
537
525
486
543
500
455
428
473
414
363
380
366
475
416
393
422
394
412
374
470
397
435
295
302
345
262
292
212
194
215
170
127
97
83
60
12
18
-42
6
-126
-145
-189
-224
-140
-215
-244
-218
-190
-210
-174
-241
-248
-286
-211
-194
-236
-254
-339
-293
-334
-340
-359
-438
-410
-405
-281
-346
-290
-292
-312
-140
-219
-96
-194
-214
-183
-211
-195
-296
-308
-352
-414
-470
-364
-371
-392
-389
-447
-390
-496
-498
-558
-662
-577
-693
-674
-708
-682
-660
-590
-630
-663
-502
-561
-449
-461
-358
-312
-391
-352
-235
-233
-224
-239
-292
-260
-360
-303
-176
-234
-239
-247
-147
-113
-42
-61
-34
74
85
160
213
282
321
312
457
370
485
534
365
492
520
555
483
495
409
374
385
322
398
258
225
288
181
206
162
227
145
209
156
202
143
171
227
235
280
249
356
244
298
337
250
336
220
289
201
229
144
90
167
41
201
129
189
158
283
225
261
331
283
322
335
437
413
451
490
528
637
589
696
766
750
733
846
797
797
803
741
749
701
726
621
624
527
424
417
318
238
176
128
40
-32
-27
-104
-192
-284
-337
-430
-420
-425
-608
-499
-535
-524
-505
-510
-473
-506
-446
-599
-565
-568
-717
-689
-787
-853
-929
-921
-889
-1042
-1005
-1078
-1028
-1066
-1017
-990
-1057
-934
-873
-778
-742
-693
-665
-503
-578
-481
-450
-395
-309
-334
-172
-125
-40
24
34
90
150
231
271
303
336
353
278
253
238
128
101
90
38
-42
-52
-137
-133
-197
-185
-242
-267
-234
-346
-215
-302
-275
-212
-195
-135
-127
-59
-62
66
-32
-130
-26
-15
-48
34
25
54
117
143
186
210
134
140
181
146
184
194
249
206
293
404
387
563
444
570
618
598
748
745
749
762
807
815
925
892
857
880
821
867
896
803
780
686
674
660
562
485
484
461
340
347
412
315
350
218
231
219
207
208
125
146
35
-23
-81
-87
-160
-255
-293
-417
-495
-545
-610
-703
-744
-773
-873
-815
-881
-864
-895
-788
-733
-679
-663
-583
-421
-238
56
103
288
481
817
977
1143
1309
1496
1458
1385
1374
1421
1198
853
698
642
503
171
-29
-14
-189
-388
-564
-564
-625
-863
-1049
-1055
-972
-1164
-1188
-1215
-1076
-1157
-1059
-995
-805
-785
-714
-641
-548
-419
-454
-325
-359
-366
-430
-371
-276
-381
-515
-603
-565
-555
-619
-684
-745
-659
-755
-703
-669
-651
-478
-647
-490
-434
-320
-250
-258
-162
-102
-71
-33
150
160
275
337
430
518
523
547
672
695
714
804
715
712
707
539
431
384
324
322
226
306
298
349
330
364
396
366
452
509
523
536
547
578
542
490
464
477
399
262
291
116
57
-99
-178
-250
-343
-420
-613
-643
-594
-761
-785
-874
-869
-848
-914
-816
-824
-784
-696
-589
-542
-391
-330
-296
-175
-85
27
141
173
343
445
631
650
695
937
952
1103
1120
1282
1265
1329
1355
1350
1366
1268
1347
1280
1308
1321
1281
1207
1098
1100
1210
1133
1031
861
908
899
624
669
591
601
367
289
376
313
108
-76
-168
-164
-350
-583
-784
-789
-771
-1034
-1031
-1157
-1036
-1261
-1309
-1187
-1136
-1137
-1208
-1133
-1131
-1054
-1035
-797
-727
-803
-789
-604
-573
-543
-623
-554
-467
-505
-496
-436
-311
-372
-383
-290
-233
-60
-125
-70
50
-47
118
96
148
42
28
97
2
7
5
0
-9
-3
-34
44
-24
-69
-182
-246
-243
-317
-515
-526
-658
-807
-821
-850
-936
-975
-1025
-1090
-1072
-1108
-1212
-1254
-1316
-1366
-1395
-1499
-1527
-1620
-1608
-1602
-1497
-1203
-825
-443
-171
376
937
1513
2040
2409
2861
3080
3214
3316
3411
3211
3021
2728
2599
2524
2122
1836
1507
1452
1006
688
351
114
-130
-502
-732
-900
-984
-1157
-1320
-1446
-1426
-1440
-1247
-1246
-1099
-867
-678
-396
-89
14
287
578
627
864
905
990
983
884
821
698
750
566
497
419
320
310
371
185
172
182
98
163
-46
1
33
-47
-118
-147
-77
-97
-188
-224
-65
-50
18
168
218
267
368
526
687
617
573
601
685
588
495
466
488
409
388
377
370
498
349
410
376
371
400
279
319
311
153
122
-25
-149
-383
-630
-827
-959
-1180
-1380
-1529
-1660
-1804
-1860
-1828
-1928
-1887
-1990
-1845
-1878
-1823
-1840
-1833
-1777
-1848
-1756
-1734
-1616
-1553
-1529
-1240
-1228
-1053
-928
-716
-533
-437
-293
-137
102
155
321
337
354
299
269
237
167
65
-29
-216
-369
-469
-695
-871
-1049
-1255
-1127
-781
-530
-234
-75
516
1218
1634
2116
2683
3038
3271
3452
3648
3852
3755
3535
3235
3328
3279
2851
2424
2143
1987
1492
862
416
137
-331
-1019
-1418
-1660
-1943
-2342
-2628
-2776
-2744
-2661
-2658
-2465
-2195
-2007
-1636
-1226
-787
-579
-435
-25
249
377
285
460
505
445
257
335
451
448
409
298
489
663
710
634
661
729
700
553
422
314
230
-7
-69
-76
-50
6
-6
62
206
477
598
853
1051
1107
1303
1408
1509
1502
1515
1453
1558
1508
1372
1539
1539
1578
1459
1419
1395
1418
1208
1012
926
698
402
68
-232
-398
-715
-971
-1158
-1480
-1561
-1805
-1890
-2101
-2257
-2410
-2570
-2616
-2760
-2741
-2894
-2839
-2836
-2944
-2905
-2958
-2961
-2919
-2842
-2924
-2923
-2941
-2945
-2958
-2949
-2785
-2547
-2207
-1664
-1109
-500
16
804
1771
2657
3443
4166
4864
5257
5555
5662
5837
5744
5270
4803
4600
4302
3703
2965
2247
1770
1088
201
-438
-880
-1459
-2055
-2698
-2913
-3159
-3608
-4056
-4294
-4271
-4292
-4176
-4033
-3716
-3383
-2942
-2410
-1773
-1332
-800
-146
363
849
1106
1459
1613
1677
1505
1398
1445
1259
1055
825
661
789
687
549
454
556
656
610
633
582
703
535
337
150
115
-89
-408
-654
-666
-562
-628
-536
-414
-248
-162
251
577
833
1007
1205
1547
1641
1682
1628
1811
1692
1508
1420
1532
1737
1674
1686
1837
2040
2241
2258
2326
2301
2241
1973
1592
1220
803
290
-283
-815
-1329
-1576
-1859
-2132
-2250
-2355
-2206
-2126
-2087
-1954
-1837
-1776
-1843
-1720
-1815
-1876
-1965
-2110
-2228
-2283
-2290
-2343
-2355
-2298
-2206
-2165
-2099
-2096
-2010
-1962
-2044
-2096
-1990
-1876
-1708
-1393
-971
-404
25
632
1400
2425
3267
4041
4689
5319
5763
5981
6326
6280
6111
5576
5332
5071
4460
3740
2876
2325
1464
545
-365
-946
-1708
-2579
-3355
-3831
-3930
-4585
-4947
-5192
-5136
-5086
-5166
-4964
-4755
-4571
-4225
-3985
-3513
-3002
-2544
-2032
-1498
-949
-367
215
749
1201
1504
1973
2356
2632
2715
2685
2678
2589
2380
2083
1691
1403
1013
602
168
-191
-405
-722
-921
-1273
-1396
-1457
-1684
-1780
-1963
-1979
-2145
-2201
-2150
-2004
-1921
-1676
-1243
-832
-343
206
903
1448
1977
2505
3108
3576
3813
4024
4188
4324
4251
4063
3893
3631
3337
2903
2627
2301
1925
1577
1193
854
373
109
-323
-683
-1172
-1794
-2065
-2540
-2908
-3369
-3682
-3833
-3953
-4093
-4011
-3872
-3775
-3517
-3393
-2997
-2802
-2640
-2483
-2427
-2402
-2385
-2451
-2421
-2457
-2296
-1708
-1178
-691
-60
999
2112
3347
4377
5414
6295
7084
7529
7932
8144
7830
7362
6850
6384
5721
4825
3650
2882
2053
1109
119
-726
-1312
-2122
-2972
-3620
-3844
-4267
-4990
-5534
-5798
-5894
-6071
-6299
-6233
-6061
-5732
-5289
-4604
-3780
-2934
-2066
-1033
-71
873
1675
2407
3088
3261
3576
3566
3770
3597
3308
2924
2654
2559
2067
1834
1568
1590
1410
1136
1069
940
697
212
-286
-794
-1357
-1953
-2682
-3191
-3657
-3945
-4159
-4138
-3922
-3685
-3139
-2485
-1807
-1139
-395
440
1059
1419
1748
2075
2255
2216
2039
1904
1863
1695
1454
1387
1309
1231
1093
1093
1169
1141
972
777
569
339
-92
-627
-1207
-1801
-2316
-2789
-3298
-3751
-4003
-4202
-4192
-4133
-3986
-3780
-3653
-3475
-3162
-3061
-2927
-2934
-2974
-3058
-3145
-3198
-2876
-2282
-1782
-1211
-564
677
1807
3006
4152
5330
6463
7158
7858
8506
8816
8636
8358
8108
7798
7020
6059
5339
4583
3672
2552
1702
1061
306
-575
-1238
-1529
-1852
-2480
-2998
-3321
-3515
-3934
-4304
-4527
-4811
-4915
-4975
-4820
-4680
-4253
-3829
-3060
-2357
-1735
-732
97
957
1506
1981
2487
2646
2600
2461
2291
1955
1596
1071
732
454
289
314
278
316
380
789
981
1023
1113
1056
944
629
128
-152
-587
-1215
-1680
-2100
-2226
-2294
-2292
-2289
-1815
-1499
-999
-471
34
322
600
972
932
840
626
316
1
-495
-875
-1068
-1210
-1431
-1449
-1305
-1038
-555
-363
69
345
475
496
444
266
-52
-494
-1056
-1510
-2037
-2531
-2913
-3188
-3423
-3752
-3839
-3815
-3875
-3926
-4027
-3922
-3599
-3155
-2907
-2780
-2348
-1569
-762
-3
720
1718
2565
3228
3926
4801
5676
5901
5997
6458
6986
6964
6666
6133
5922
5315
4427
3519
2761
1888
758
-198
-902
-1442
-2320
-2887
-3174
-3270
-3344
-3318
-3074
-2895
-2737
-2569
-2422
-2231
-2138
-2050
-1893
-1820
-1682
-1481
-1039
-677
-365
8
652
1189
1677
2023
2293
2449
2443
2354
2089
1704
1319
824
428
73
-260
-347
-548
-644
-357
-113
150
381
752
1220
1448
1500
1614
1741
1707
1358
1068
897
763
389
68
-67
-83
-72
-240
-86
96
115
91
80
54
-247
-452
-867
-1230
-1621
-2103
-2416
-2695
-2889
-2853
-2760
-2624
-2439
-2130
-1679
-1420
-1090
-949
-697
-628
-731
-979
-1199
-1398
-1829
-2271
-2647
-2929
-3116
-3466
-3453
-2949
-2450
-1845
-1592
-818
141
1191
2078
2670
3481
4071
4527
4706
5119
5187
4815
4367
4459
4512
4155
3684
3242
3121
2759
2172
1566
1246
633
-39
-883
-1277
-1615
-2407
-3109
-3630
-3646
-3820
-3887
-3915
-3608
-3324
-2913
-2357
-1828
-1304
-808
-48
389
770
1035
1427
1701
1583
1522
1655
1773
1642
1486
1404
1512
1280
1161
1103
932
827
464
249
-125
-464
-675
-1128
-1413
-1720
-1864
-1867
-1957
-1942
-1790
-1416
-1170
-755
-439
227
541
827
1229
1497
1723
1617
1654
1549
1458
1254
1037
809
536
317
122
-90
-282
-646
-896
-1181
-1458
-1713
-2016
-2293
-2551
-2675
-2714
-2841
-2948
-2974
-2816
-2756
-2709
-2661
-2282
-2045
-1962
-1799
-1556
-1208
-1187
-1210
-1278
-965
-638
-307
-48
171
766
1345
2064
2740
3521
4290
4786
5152
5612
6136
6283
6074
5579
5587
5561
5012
4436
3693
3273
2697
1834
1031
402
-361
-1218
-1958
-2412
-2857
-3519
-3834
-4068
-4153
-4153
-4101
-3821
-3505
-3204
-2793
-2370
-1800
-1308
-799
-174
235
823
1458
2021
2495
2825
3282
3641
3745
3804
3847
3761
3531
3158
2755
2224
1596
996
209
-385
-1159
-1772
-2299
-2830
-3302
-3613
-3835
-4113
-4210
-4186
-3940
-3857
-3709
-3275
-2821
-2336
-1954
-1512
-878
-408
-68
369
698
1144
1223
1341
1522
1561
1602
1437
1269
1081
815
435
17
-390
-862
-1392
-1776
-2305
-2688
-2899
-3166
-3387
-3601
-3660
-3544
-3387
-3444
-3398
-3285
-3158
-3064
-3098
-2849
-2829
-2729
-2775
-2431
-1671
-1151
-476
-54
920
1956
3037
3944
4827
5751
6377
6777
7035
7497
7408
7072
6358
6065
5851
5336
4578
3713
3253
2699
2043
1281
757
36
-672
-1523
-2141
-2535
-3297
-3937
-4561
-4941
-5099
-5283
-5272
-5124
-4842
-4544
-4057
-3373
-2640
-1945
-1256
-610
191
993
1602
2182
2564
3088
3534
3885
4159
4391
4552
4653
4551
4540
4461
4319
3999
3553
3076
2597
2085
1375
638
-156
-844
-1636
-2187
-2846
-3359
-3623
-3939
-3963
-3854
-3447
-3136
-2760
-2388
-1819
-1181
-833
-393
-37
366
579
711
990
1163
1172
993
1056
1134
1130
977
766
503
231
-54
-508
-895
-1494
-1876
-2362
-2828
-3155
-3491
-3669
-4020
-4192
-4361
-4273
-4294
-4369
-4492
-4484
-4343
-4415
-4366
-4342
-3931
-3544
-2908
-2264
-1522
-529
441
1529
2716
3809
4784
5617
6029
6469
6892
6895
6560
6081
5968
5635
5077
4398
3868
3440
2917
2126
1465
1026
412
-342
-1188
-1553
-2205
-2956
-3687
-4290
-4633
-5069
-5342
-5412
-5340
-5113
-4741
-4209
-3494
-2686
-1981
-1235
-481
310
996
1525
1993
2338
2758
2986
3111
3312
3440
3635
3655
3736
3862
3945
3798
3595
3517
3387
3138
2671
2218
1680
1316
729
144
-370
-842
-1250
-1526
-1749
-1998
-1902
-1814
-1739
-1637
-1438
-1073
-904
-800
-751
-615
-552
-605
-674
-614
-552
-566
-693
-653
-464
-454
-513
-535
-510
-543
-683
-797
-1016
-1250
-1426
-1761
-2066
-2309
-2483
-2791
-3008
-3238
-3403
-3490
-3752
-3771
-3794
-3724
-3849
-3497
-3101
-2532
-1877
-1456
-459
503
1664
2632
3736
4700
5565
6114
6786
7337
7287
7143
6795
6739
6205
5510
4883
4151
3527
2656
2021
1337
667
-110
-719
-1375
-1776
-2392
-3084
-3401
-4045
-4409
-4808
-5113
-5226
-5392
-5353
-4982
-4770
-4172
-3699
-3018
-2283
-1794
-955
-346
407
881
1201
1653
2052
2273
2353
2409
2423
2429
2333
2267
2050
1899
1733
1436
1255
947
696
403
82
-248
-521
-782
-1132
-1492
-1613
-1732
-1813
-1790
-1700
-1436
-1239
-809
-312
45
285
609
984
1156
1313
1345
1267
1130
910
729
678
325
-10
-347
-458
-545
-765
-921
-1186
-1324
-1628
-1793
-1955
-2213
-2649
-2951
-3252
-3358
-3456
-3719
-3905
-4029
-4060
-3978
-3959
-3995
-3912
-3886
-3401
-2965
-2323
-1653
-931
36
955
2327
3489
4568
5391
6168
6746
7310
7806
7741
7565
7165
7159
6719
6133
5478
4862
4312
3631
2740
2142
1596
746
-87
-963
-1315
-1993
-2752
-3434
-3937
-4310
-4695
-4986
-5146
-5116
-4915
-4635
-4283
-3447
-2888
-2131
-1307
-606
158
759
1489
2005
2222
2617
2917
3076
3284
3105
3054
3077
2924
2925
2607
2399
2160
1805
1589
1182
804
317
-122
-640
-1174
-1547
-1891
-2439
-2766
-2957
-3065
-2860
-2860
-2635
-2266
-1976
-1424
-908
-468
-192
109
421
584
550
518
564
388
218
-1
-28
-179
-430
-619
-673
-775
-930
-1195
-1372
-1517
-1779
-2112
-2440
-2750
-3109
-3405
-3739
-4004
-4226
-4403
-4638
-4726
-4800
-4716
-4770
-4738
-4331
-3732
-2988
-2372
-1821
-621
389
1547
2638
3604
4661
5369
5937
6461
6966
7013
6873
6527
6494
6182
5696
5088
4467
4120
3410
2863
2180
1668
1033
348
-317
-879
-1507
-2231
-2769
-3482
-3913
-4343
-4567
-4691
-4896
-4751
-4288
-3940
-3349
-2740
-2025
-1143
-536
274
969
1693
2253
2549
2968
3338
3474
3534
3538
3532
3445
3249
3220
2948
2707
2517
2127
1835
1502
1093
743
216
-169
-596
-969
-1315
-1619
-1885
-2060
-2144
-2140
-1951
-1755
-1482
-1225
-746
-341
-77
168
404
681
768
771
755
631
535
456
224
156
-83
-259
-429
-510
-557
-695
-799
-961
-1159
-1261
-1450
-1739
-2030
-2437
-2623
-2818
-3222
-3614
-3923
-4160
-4358
-4667
-4674
-4747
-4823
-4457
-4005
-3298
-2619
-1995
-909
43
1339
2520
3623
4732
5434
6025
6688
7156
7031
6866
6503
6392
5832
5133
4540
3892
3300
2497
1860
1406
789
15
-587
-1114
-1450
-2102
-2764
-3223
-3736
-4153
-4584
-4912
-5175
-5411
-5396
-5106
-4844
-4325
-3677
-2980
-2142
-1434
-424
462
1244
1905
2423
2984
3430
3604
3781
3804
3667
3620
3402
3325
3016
2695
2512
2127
1808
1305
856
551
-38
-658
-1136
-1611
-2101
-2665
-3052
-3227
-3399
-3485
-3313
-3183
-2815
-2518
-1861
-1185
-794
-214
220
788
965
1236
1359
1423
1343
1199
1214
983
839
553
403
260
107
-140
-318
-472
-705
-926
-1157
-1457
-1724
-2041
-2312
-2612
-3058
-3169
-3525
-3686
-4017
-4250
-4269
-4356
-4414
-4307
-3721
-3313
-2566
-2019
-886
146
1310
2622
3717
5079
5786
6637
7240
7949
8005
7784
7504
7428
7029
6305
5658
4801
4321
3476
2869
2103
1527
831
175
-451
-902
-1401
-2155
-2752
-3378
-3771
-4321
-4749
-5175
-5479
-5517
-5378
-5124
-4725
-4121
-3439
-2631
-1818
-900
-76
775
1456
2057
2587
3001
3331
3456
3565
3516
3433
3417
3304
2929
2762
2443
2242
1804
1450
975
552
86
-448
-838
-1427
-1862
-2303
-2655
-3066
-3294
-3420
-3341
-3327
-3270
-2895
-2598
-2170
-1917
-1582
-1130
-783
-516
-322
-182
13
72
76
182
84
92
-63
33
-43
-105
-121
-401
-609
-886
-1046
-1320
-1609
-2114
-2467
-2636
-2963
-3239
-3595
-3848
-4108
-4288
-4547
-4701
-4815
-4875
-4583
-4215
-3598
-3034
-2265
-1249
-129
1118
2251
3525
4563
5496
6385
7202
7779
7827
7715
7556
7575
6939
6309
5566
4875
4294
3442
2716
1968
1367
662
37
-540
-753
-1401
-1913
-2429
-2942
-3231
-3764
-4114
-4515
-4720
-4680
-4639
-4422
-4002
-3449
-2805
-2071
-1296
-294
511
1367
2104
2717
3381
3891
4214
4512
4565
4617
4500
4345
4242
3924
3643
3227
2981
2578
2198
1606
1223
649
124
-343
-894
-1316
-1849
-2105
-2544
-2621
-2832
-2793
-2702
-2630
-2285
-1959
-1561
-1317
-938
-736
-408
-235
-104
-40
-108
-66
-166
-207
-252
-376
-535
-542
-534
-625
-640
-823
-1009
-1286
-1537
-1754
-2158
-2523
-2901
-3120
-3488
-3790
-4124
-4393
-4554
-4818
-5001
-5098
-5131
-5072
-4803
-4334
-3731
-3078
-2390
-1241
-230
992
2108
3265
4402
5189
5920
6826
7332
7413
7282
7090
7210
6609
6080
5300
4684
4091
3217
2524
1852
1177
414
-250
-872
-1136
-1901
-2323
-2901
-3527
-3738
-4296
-4619
-4968
-5292
-5220
-5115
-4951
-4638
-4122
-3284
-2681
-1939
-986
-203
681
1284
1890
2551
3047
3344
3681
3749
3880
3908
3797
3767
3545
3413
3126
2915
2530
2172
1712
1291
815
225
-270
-793
-1195
-1694
-2018
-2260
-2456
-2473
-2531
-2373
-2344
-1986
-1666
-1394
-1050
-852
-430
-251
35
104
219
346
229
280
323
301
312
197
218
289
187
214
45
-22
-274
-447
-689
-1076
-1455
-1894
-2175
-2594
-2943
-3403
-3712
-4092
-4347
-4636
-4882
-4900
-4668
-4323
-3792
-3217
-2685
-1575
-512
784
1848
3070
4226
5158
5879
6769
7471
7507
7482
7219
7410
7002
6350
5667
4910
4406
3634
2827
2258
1516
707
141
-534
-783
-1462
-2108
-2482
-3094
-3350
-3726
-4095
-4420
-4835
-4849
-4675
-4712
-4340
-4023
-3415
-2757
-2199
-1203
-420
298
830
1421
2179
2487
2734
3013
3189
3245
3164
3140
3125
2873
2618
2361
2115
1944
1440
1084
724
335
-21
-549
-863
-1314
-1715
-2051
-2285
-2546
-2643
-2588
-2645
-2559
-2465
-2156
-1888
-1648
-1458
-1134
-793
-679
-548
-490
-388
-468
-561
-565
-630
-672
-856
-787
-722
-744
-733
-808
-807
-986
-1122
-1212
-1467
-1824
-2185
-2461
-2750
-3024
-3400
-3716
-3912
-4276
-4405
-4690
-4707
-4797
-4584
-4080
-3562
-2914
-2377
-1210
-139
1130
2165
3397
4469
5409
6121
6897
7650
7598
7645
7365
7638
7143
6627
5918
5296
4790
3928
3277
2583
2005
1226
688
59
-113
-733
-1319
-1728
-2321
-2595
-3027
-3452
-3796
-4178
-4146
-4029
-3976
-3631
-3164
-2579
-1956
-1292
-518
327
899
1535
2068
2648
3050
3200
3561
3653
3747
3656
3692
3699
3535
3243
3025
2881
2570
2111
1637
1313
753
316
-286
-700
-1151
-1625
-1867
-2241
-2393
-2546
-2398
-2298
-2277
-1905
-1744
-1384
-1159
-1034
-785
-703
-714
-855
-857
-910
-1053
-1287
-1189
-1196
-1353
-1268
-1318
-1182
-1129
-1217
-1160
-1217
-1385
-1531
-1767
-1904
-2346
-2807
-2982
-3362
-3738
-4134
-4437
-4620
-4886
-5154
-5361
-5202
-4778
-4446
-3923
-3345
-2407
-1545
-258
945
2103
3092
4074
4921
5613
6534
6707
6815
6645
6768
6635
6067
5457
4859
4171
3520
2595
1862
1462
563
-30
-766
-976
-1357
-1954
-2356
-2740
-2918
-3209
-3506
-3779
-3940
-4171
-4053
-4076
-3624
-3173
-2814
-2060
-1551
-662
188
905
1539
1994
2688
3246
3521
3803
3968
4021
4121
3980
3940
3870
3764
3560
3274
3164
2981
2517
2118
1702
1238
880
283
-197
-787
-1184
-1484
-1886
-2064
-2263
-2208
-2192
-2065
-1872
-1484
-1313
-1097
-841
-510
-223
-334
-298
-252
-233
-434
-600
-685
-705
-758
-872
-805
-585
-508
-504
-316
-309
-289
-295
-627
-812
-1176
-1573
-1991
-2555
-2977
-3530
-3953
-4352
-4712
-4935
-5275
-5046
-4741
-4388
-3769
-3158
-2240
-1337
-80
1052
2330
3357
4245
4939
5785
6568
6661
6799
6536
6877
6568
6102
5614
4961
4427
3761
2970
2240
1716
967
341
-451
-837
-1362
-2024
-2476
-3049
-3279
-3691
-4023
-4316
-4624
-4703
-4677
-4669
-4332
-4009
-3574
-2859
-2362
-1494
-732
22
578
1152
1819
2259
2686
2909
3141
3286
3359
3343
3351
3310
3181
3067
2872
2770
2481
2192
1879
1502
1110
569
91
-538
-994
-1420
-1898
-2290
-2516
-2709
-2735
-2784
-2642
-2304
-1986
-1764
-1639
-1186
-928
-826
-786
-900
-828
-928
-1155
-1194
-1397
-1406
-1479
-1625
-1331
-1195
-1114
-855
-730
-446
-343
-244
-293
-559
-789
-1068
-1435
-1887
-2383
-2872
-3223
-3684
-3953
-4244
-4473
-4227
-4085
-3460
-2984
-2374
-1295
-457
818
1891
3080
4124
4830
5509
6362
6835
6917
6917
6747
7081
6541
6113
5584
4961
4649
3752
2999
2461
1825
1126
504
-142
-415
-1207
-1680
-2033
-2587
-2700
-3319
-3572
-3769
-4184
-4046
-4088
-4013
-3601
-3491
-2752
-2162
-1671
-801
-181
498
1110
1600
2265
2642
2894
3105
3309
3479
3376
3472
3491
3406
3325
3217
3155
3094
2721
2413
2256
1950
1481
930
459
56
-538
-980
-1413
-1673
-2082
-2222
-2195
-2298
-2255
-2149
-1860
-1801
-1579
-1336
-1064
-1045
-1116
-1103
-1205
-1386
-1631
-1815
-1949
-2156
-2396
-2391
-2252
-2136
-2134
-1928
-1794
-1543
-1435
-1348
-1326
-1564
-1742
-2101
-2288
-2755
-3306
-3668
-4194
-4552
-4943
-5066
-4765
-4603
-4079
-3651
-2732
-1806
-657
509
1618
2778
3729
4758
5346
6293
6294
6564
6462
6534
6423
5805
5425
4759
4248
3691
2977
2223
1743
797
408
-403
-699
-960
-1804
-2102
-2592
-2765
-2950
-3433
-3732
-3886
-4181
-4057
-4309
-4003
-3675
-3514
-2959
-2381
-1545
-779
-49
646
1309
1913
2677
3021
3418
3599
3764
4038
3915
3942
3825
3719
3580
3407
3263
3218
3006
2769
2495
2347
2183
1773
1391
906
549
97
-336
-676
-1052
-1319
-1467
-1538
-1412
-1381
-1144
-1059
-816
-535
-301
-68
-73
-3
-14
-139
-316
-542
-799
-1044
-1458
-1584
-1707
-1774
-1862
-1866
-1689
-1554
-1325
-1324
-1319
-1381
-1478
-1620
-1980
-2338
-2715
-3204
-3621
-4167
-4494
-4865
-5040
-4797
-4720
-4030
-3684
-2992
-1877
-934
491
1442
2659
3679
4549
5264
6042
6401
6486
6376
6214
6412
5782
5367
4680
4103
3651
2900
2266
1723
1001
421
-219
-660
-901
-1744
-2194
-2711
-3119
-3369
-3939
-4213
-4637
-4993
-4993
-5023
-4808
-4612
-4442
-3733
-3135
-2498
-1620
-1015
-245
414
987
1769
2147
2552
2703
2891
3139
3091
3178
3045
2988
2935
2830
2777
2607
2425
2145
1993
1713
1479
1066
685
274
-35
-330
-658
-959
-1267
-1348
-1480
-1485
-1416
-1260
-1082
-1098
-879
-531
-364
-288
-320
-268
-221
-383
-533
-675
-793
-1046
-1288
-1334
-1415
-1397
-1494
-1465
-1302
-1122
-916
-966
-881
-1089
-1131
-1237
-1599
-1932
-2520
-2748
-3288
-3655
-4039
-4363
-4150
-4115
-3670
-3276
-2669
-1641
-748
643
1705
2936
3940
4885
5586
6555
6944
6995
7034
6934
7077
6476
6014
5214
4674
4083
3327
2459
2059
1490
753
161
-299
-373
-1188
-1615
-2079
-2347
-2617
-3085
-3339
-3710
-3950
-4166
-4301
-4256
-3939
-3890
-3288
-2919
-2170
-1367
-760
8
511
1131
1838
2222
2495
2772
2938
3076
3022
3100
2904
2854
2557
2486
2255
2143
1882
1470
1328
1101
868
456
144
-146
-496
-877
-1054
-1405
-1660
-1844
-1959
-1925
-2060
-2038
-1833
-1795
-1534
-1179
-1005
-735
-714
-465
-340
-421
-422
-655
-748
-994
-1313
-1425
-1496
-1698
-1753
-1914
-1830
-1700
-1740
-1626
-1644
-1769
-1829
-1949
-2090
-2330
-2769
-3084
-3485
-3821
-4254
-4664
-4894
-4727
-4536
-4121
-3690
-3098
-2005
-1173
254
1331
2531
3625
4532
5441
6255
6806
7002
6943
6720
6944
6442
5947
5114
4500
3971
3165
2405
1828
1290
683
75
-411
-497
-1206
-1618
-2018
-2381
-2642
-3105
-3424
-3681
-4057
-4188
-4145
-4082
-3810
-3762
-3144
-2569
-1899
-1140
-467
427
1111
1722
2452
3155
3365
3778
3863
4072
4128
4014
4006
3763
3595
3242
3036
2844
2504
2079
1914
1545
1354
1022
735
422
-42
-135
-535
-758
-1028
-1241
-1327
-1490
-1516
-1483
-1395
-1385
-1181
-1004
-822
-660
-629
-509
-417
-440
-521
-542
-674
-782
-1111
-1186
-1267
-1307
-1451
-1553
-1458
-1390
-1345
-1424
-1423
-1561
-1761
-1859
-2086
-2402
-2830
-3122
-3489
-3860
-4205
-4712
-4503
-4464
-4167
-3780
-3326
-2306
-1670
-406
733
1894
2969
3865
4660
5564
6245
6343
6474
6351
6528
6173
5542
4928
4166
3626
2770
1843
1294
613
17
-570
-1238
-1139
-1785
-2203
-2506
-2876
-2903
-3265
-3530
-3741
-4091
-4265
-4300
-4417
-4096
-4105
-3691
-3097
-2664
-1879
-1184
-427
289
804
1607
2344
2636
3116
3342
3583
3716
3608
3592
3349
3217
2928
2577
2555
2213
1810
1459
1240
1025
690
343
62
-131
-439
-543
-834
-1016
-1085
-1290
-1330
-1329
-1256
-1118
-1085
-941
-754
-524
-333
-395
-263
-91
-128
-183
-219
-268
-389
-665
-873
-831
-1030
-1082
-1284
-1294
-1269
-1270
-1234
-1260
-1420
-1567
-1647
-1869
-2095
-2418
-2752
-3070
-3328
-3626
-3989
-4155
-3921
-3854
-3291
-3070
-2390
-1377
-584
802
1711
3005
4014
4928
5713
6598
7042
7224
7217
7134
7289
6661
6164
5296
4722
3999
3126
2337
1714
921
335
-379
-841
-1033
-1740
-1983
-2453
-2662
-2889
-3269
-3507
-3783
-4093
-4105
-4138
-4220
-3957
-3971
-3452
-3053
-2507
-1723
-1182
-339
239
889
1686
2233
2601
2996
3234
3477
3456
3431
3363
3097
2917
2561
2380
2128
1721
1324
1055
808
555
164
-165
-412
-692
-907
-1216
-1352
-1577
-1714
-1857
-1864
-1961
-1874
-1814
-1862
-1674
-1573
-1325
-1298
-1220
-1094
-956
-938
-888
-1000
-1019
-1094
-1365
-1338
-1372
-1473
-1568
-1721
-1695
-1591
-1628
-1658
-1720
-1876
-1933
-2049
-2274
-2471
-2833
-3107
-3513
-3732
-4097
-4151
-4004
-3886
-3480
-3187
-2285
-1645
-484
525
1708
2892
3752
4728
5450
6420
6661
6890
6851
7074
6981
6523
5939
5322
4670
3895
3118
2234
1677
913
372
-364
-523
-929
-1455
-1863
-2231
-2254
-2546
-2749
-3071
-3177
-3462
-3508
-3612
-3506
-3345
-3261
-2824
-2445
-1704
-1145
-594
62
715
1400
2132
2553
3056
3349
3618
3843
3891
3893
3739
3673
3317
3135
2934
2706
2274
1903
1561
1448
1134
810
437
41
-140
-423
-559
-846
-863
-1086
-1145
-1100
-1068
-1016
-1050
-985
-954
-713
-684
-607
-600
-638
-533
-646
-694
-705
-958
-1089
-1276
-1383
-1386
-1501
-1714
-1779
-1779
-1718
-1731
-1900
-1943
-2126
-2212
-2478
-2637
-2917
-3389
-3624
-3839
-4214
-4471
-4763
-4638
-4417
-4181
-3631
-3354
-2441
-1661
-429
578
1793
2767
3749
4525
5375
6208
6307
6696
6325
6806
6389
5960
5405
4642
4170
3354
2401
1803
1107
288
-221
-1018
-1028
-1726
-2129
-2496
-2856
-2862
-3237
-3527
-3723
-3921
-4135
-4092
-4257
-3820
-3867
-3517
-3104
-2685
-1806
-1386
-620
10
627
1349
2051
2359
2922
3129
3464
3659
3585
3822
3599
3518
3375
3195
3106
2578
2169
1909
1569
1240
824
478
192
-66
-384
-534
-681
-855
-945
-1062
-1027
-1011
-977
-914
-859
-847
-668
-521
-480
-472
-473
-377
-462
-477
-552
-558
-603
-753
-829
-723
-725
-786
-947
-957
-849
-974
-906
-1056
-1229
-1415
-1702
-1865
-2101
-2504
-2926
-3164
-3511
-3754
-4081
-3799
-3717
-3417
-3150
-2622
-1770
-1094
73
863
2275
3066
4075
4794
5785
6433
6553
6736
6711
7134
6602
6267
5593
5092
4388
3679
2739
2034
1315
542
-187
-811
-940
-1670
-2055
-2583
-2819
-2897
-3198
-3572
-3794
-3981
-4054
-4192
-4334
-3914
-3953
-3629
-3425
-2824
-2101
-1688
-1045
-590
128
793
1401
1782
2141
2410
2797
2937
3017
3118
3045
2935
2657
2632
2354
2098
1680
1308
1101
753
435
25
-313
-615
-772
-1045
-1197
-1373
-1407
-1419
-1574
-1394
-1434
-1344
-1291
-1293
-1117
-1003
-929
-873
-919
-795
-815
-870
-870
-1028
-1068
-1211
-1322
-1157
-1285
-1297
-1355
-1406
-1282
-1307
-1423
-1387
-1640
-1828
-1877
-2120
-2372
-2741
-3175
-3421
-3792
-4022
-4360
-4332
-4130
-3955
-3254
-3056
-2042
-1418
-247
755
1843
3003
3874
4737
5466
6525
6655
7100
6912
7254
7122
6656
6285
5583
5082
4381
3502
2756
2168
1284
807
-78
-227
-790
-1375
-1654
-2164
-2189
-2479
-2809
-3038
-3134
-3371
-3347
-3542
-3289
-3183
-3161
-2696
-2536
-1820
-1304
-821
-231
364
1010
1680
2102
2673
2977
3296
3596
3592
3788
3631
3656
3417
3237
3070
2747
2286
1921
1592
1282
844
428
87
-209
-432
-666
-963
-1095
-1208
-1313
-1333
-1390
-1253
-1364
-1340
-1402
-1228
-1163
-1092
-1105
-1086
-1106
-1014
-1111
-1189
-1159
-1365
-1351
-1497
-1402
-1330
-1352
-1528
-1498
-1463
-1426
-1566
-1654
-1714
-2063
-2153
-2424
-2646
-2880
-3401
-3560
-3917
-4127
-4405
-4619
-4315
-4198
-3630
-3463
-2591
-1799
-776
217
1282
2417
3252
4099
4782
5840
5964
6360
6258
6569
6535
6066
5653
4936
4509
3753
2976
2126
1556
760
97
-652
-998
-1313
-2085
-2333
-2824
-2768
-3020
-3328
-3467
-3675
-3718
-3741
-3812
-3643
-3350
-3339
-2918
-2644
-1940
-1354
-955
-362
149
824
1591
1896
2434
2835
3136
3556
3478
3745
3696
3537
3424
3281
3151
2851
2436
2114
1729
1525
1137
648
409
-3
-161
-392
-561
-693
-779
-857
-835
-851
-755
-679
-690
-681
-542
-297
-255
-223
-360
-293
-235
-324
-319
-348
-527
-504
-640
-619
-476
-673
-679
-767
-815
-782
-881
-1040
-1213
-1520
-1678
-1960
-2147
-2494
-2949
-3200
-3537
-3739
-3866
-4249
-4298
-4063
-3991
-3266
-3240
-2462
-1623
-838
411
1216
2539
3392
4255
4977
5974
6360
6798
6521
6798
6968
6391
6183
5219
4905
4175
3237
2400
1761
979
354
-504
-978
-1257
-2045
-2303
-2864
-3038
-3317
-3722
-3881
-4179
-4332
-4355
-4385
-4262
-4111
-4121
-3531
-3240
-2676
-2153
-1621
-885
-386
375
1022
1578
2021
2425
2764
3200
3328
3403
3464
3292
3263
2979
2801
2421
1984
1617
1316
1033
483
180
-183
-472
-740
-952
-1095
-1261
-1327
-1341
-1351
-1287
-1334
-1208
-1202
-1145
-1120
-1073
-1016
-999
-1100
-1060
-870
-992
-961
-923
-844
-827
-883
-844
-715
-751
-826
-846
-807
-841
-988
-1073
-1346
-1522
-1796
-2107
-2232
-2682
-2961
-3229
-3531
-3636
-3967
-3983
-3692
-3521
-3037
-2775
-2093
-1269
-372
652
1688
2770
3759
4571
5293
6315
6685
7028
7044
7255
7376
6961
6556
5811
5356
4705
3724
2915
2281
1490
823
-80
-383
-673
-1418
-1701
-2187
-2231
-2462
-2830
-2974
-3098
-3310
-3468
-3525
-3534
-3236
-3386
-3021
-2643
-2232
-1674
-1262
-470
-136
496
1166
1588
2063
2493
2730
3149
3334
3283
3472
3356
3177
3013
2692
2432
2062
1474
1231
923
512
107
-235
-492
-805
-983
-1109
-1316
-1402
-1511
-1491
-1327
-1457
-1262
-1162
-1219
-1021
-849
-816
-746
-824
-803
-770
-851
-810
-973
-907
-1014
-1140
-1152
-1173
-1188
-1300
-1441
-1400
-1425
-1507
-1642
-1826
-2065
-2212
-2554
-2726
-3044
-3484
-3729
-4096
-4257
-4432
-4822
-4871
-4515
-4325
-3811
-3510
-2891
-1987
-1301
-5
780
2107
3127
3960
4832
5697
6449
6817
6759
6763
7193
6747
6447
5594
5148
4599
3587
2820
2103
1426
694
-47
-658
-869
-1462
-1865
-2277
-2611
-2698
-3039
-3129
-3383
-3658
-3693
-3691
-3717
-3505
-3518
-3070
-2599
-2311
-1677
-1111
-377
127
672
1438
2111
2486
2914
3253
3645
3822
3775
3925
3812
3694
3488
3133
2968
2523
2080
1780
1396
1034
594
319
4
-292
-537
-631
-822
-954
-930
-977
-928
-907
-787
-662
-742
-591
-471
-316
-321
-440
-306
-354
-386
-427
-517
-401
-518
-667
-557
-508
-477
-663
-726
-702
-742
-878
-1004
-1201
-1496
-1774
-2081
-2251
-2588
-2939
-3231
-3554
-3636
-3937
-4057
-4239
-4260
-3988
-3781
-3118
-2927
-2245
-1509
-561
513
1507
2641
3434
4355
4949
6002
6368
6613
6384
6612
6588
6055
5589
4749
4387
3543
2677
1810
1416
561
-60
-784
-1174
-1340
-2096
-2327
-2794
-2959
-3172
-3446
-3651
-3951
-4095
-3971
-4074
-4054
-3796
-3716
-3147
-2988
-2430
-1635
-1118
-481
-62
730
1504
1878
2356
2752
3144
3414
3443
3485
3577
3315
3010
2750
2448
2078
1544
1234
821
543
67
-180
-450
-751
-947
-1041
-1153
-1250
-1227
-1238
-1181
-1164
-1099
-945
-874
-876
-771
-630
-611
-624
-621
-529
-560
-675
-682
-634
-628
-667
-685
-717
-616
-651
-794
-867
-867
-1029
-1138
-1306
-1504
-1745
-2020
-2209
-2543
-2726
-3026
-3195
-3380
-3594
-3742
-3886
-3682
-3463
-3106
-2716
-2336
-1525
-807
308
1238
2355
3452
4339
5198
6000
6983
7157
7383
7210
7457
7338
6810
6238
5418
4881
4120
3178
2279
1758
838
191
-627
-806
-1213
-1793
-2032
-2489
-2478
-2799
-3002
-3244
-3554
-3717
-3666
-3863
-3790
-3505
-3427
-2961
-2704
-2115
-1352
-797
-272
299
1044
1833
2217
2643
3055
3367
3567
3556
3562
3554
3253
2912
2621
2383
2037
1476
1009
706
412
45
-378
-627
-901
-1200
-1320
-1530
-1664
-1712
-1745
-1817
-1706
-1592
-1396
-1295
-1282
-1072
-932
-744
-781
-729
-669
-609
-647
-762
-711
-762
-842
-955
-987
-935
-1054
-1158
-1270
-1314
-1304
-1651
-1768
-2050
-2331
-2604
-2843
-2991
-3367
-3511
-3713
-3827
-3964
-4021
-4180
-4252
-4292
-4071
-3749
-3350
-2768
-2332
-1381
-587
542
1510
2647
3655
4532
5227
6064
6925
6925
7093
6797
7125
6765
6117
5487
4793
4224
3390
2544
1888
1346
588
-82
-745
-831
-1316
-1848
-2215
-2627
-2702
-3092
-3335
-3434
-3665
-3733
-3678
-3780
-3586
-3148
-2946
-2397
-2051
-1318
-590
94
679
1194
1924
2547
3106
3413
3761
3914
4077
4068
3987
3881
3688
3320
2869
2603
2173
1764
1278
884
520
291
-12
-313
-471
-735
-782
-925
-960
-982
-885
-932
-805
-645
-626
-426
-503
-319
-370
-393
-297
-355
-398
-429
-441
-414
-463
-402
-420
-647
-473
-564
-573
-661
-889
-1040
-1181
-1415
-1603
-2005
-2300
-2515
-2829
-2997
-3427
-3544
-3655
-3947
-4027
-4170
-4146
-4156
-4077
-3765
-3268
-2760
-2418
-1546
-832
329
1216
2217
3264
4015
4846
5469
6235
6468
6466
6266
6312
6037
5481
4845
4018
3486
2747
1945
1288
703
-25
-618
-1271
-1454
-1835
-2508
-2759
-3178
-3321
-3559
-3808
-4001
-4155
-4265
-4083
-4034
-3794
-3469
-3212
-2601
-2152
-1468
-829
-226
490
933
1596
2267
2615
3019
3225
3436
3529
3385
3341
3121
2862
2596
2280
1894
1588
1134
778
418
128
-163
-469
-659
-898
-1107
-1143
-1259
-1329
-1386
-1227
-1195
-1055
-878
-700
-526
-386
-155
-38
98
182
249
327
357
345
332
377
320
212
148
105
130
-104
-208
-380
-627
-779
-873
-1295
-1505
-1865
-2118
-2268
-2621
-2699
-2984
-3009
-3094
-3283
-3185
-3185
-3308
-3268
-3310
-2976
-2619
-2284
-1561
-1158
-192
464
1466
2596
3402
4511
5125
5764
6448
7023
7061
6978
6553
6503
6294
5568
4997
4264
3815
3093
2232
1505
1064
358
-381
-1138
-1395
-1597
-2362
-2813
-3288
-3405
-3758
-4188
-4315
-4350
-4350
-4325
-4198
-3767
-3312
-2913
-2281
-1779
-1083
-283
283
905
1373
1806
2412
2586
2825
2930
3029
3083
2976
2891
2729
2555
2066
1749
1414
1095
621
129
-213
-603
-822
-1187
-1377
-1688
-1914
-2027
-2052
-2165
-2203
-1997
-2028
-1794
-1651
-1460
-1251
-1147
-945
-843
-657
-594
-521
-547
-429
-431
-502
-589
-474
-529
-607
-671
-665
-717
-857
-931
-1128
-1283
-1468
-1621
-1916
-2239
-2378
-2613
-2683
-2921
-3003
-3163
-3204
-3235
-3265
-3137
-3198
-3127
-3160
-2547
-2215
-1530
-1156
-426
486
1335
2429
3231
4386
4952
5633
6011
6888
6982
6844
6626
6440
6508
5707
5300
4625
4116
3454
2665
2034
1631
872
211
-511
-982
-1142
-1826
-2249
-2737
-3045
-3212
-3454
-3536
-3615
-3628
-3264
-3085
-2840
-2301
-1827
-1282
-850
-361
484
994
1520
1862
2335
2846
3040
3193
3378
3467
3448
3204
3126
3221
2851
2530
2125
1870
1656
1253
795
470
79
-304
-548
-977
-1137
-1535
-1752
-1826
-2051
-1924
-2050
-1858
-1774
-1605
-1249
-1160
-925
-650
-491
-354
-251
-215
-130
-88
-94
-128
-163
-240
-326
-433
-473
-565
-798
-984
-1219
-1330
-1586
-1829
-2077
-2388
-2605
-2856
-3041
-3255
-3378
-3656
-3675
-3640
-3662
-3567
-3497
-3410
-3297
-3206
-3023
-2918
-2637
-2106
-1651
-1127
-593
225
986
1956
2620
3509
4283
4950
5305
5813
6184
6100
5941
5622
5756
5329
4781
4165
3660
3241
2498
1703
1096
437
-217
-907
-1607
-1794
-2424
-3019
-3352
-3703
-3821
-3839
-3952
-3881
-3679
-3440
-2962
-2751
-2141
-1727
-1171
-705
-349
379
831
1352
1638
1920
2418
2914
2905
3114
3305
3354
3525
3301
3343
3080
2866
2362
2033
1711
1227
785
239
-145
-475
-760
-1147
-1277
-1484
-1639
-1601
-1666
-1598
-1456
-1234
-1093
-929
-638
-390
-295
-213
-1
-35
178
157
152
274
276
173
194
214
174
145
5
-24
-137
-233
-499
-674
-909
-1221
-1407
-1666
-1895
-2235
-2276
-2540
-2616
-2702
-2764
-2644
-2795
-2721
-2566
-2487
-2430
-2468
-2378
-2006
-1778
-1395
-1005
-758
118
602
1453
2240
3042
3969
4404
5037
5521
6051
6121
5965
5538
5674
5422
4805
4280
3527
3100
2457
1660
946
387
-344
-998
-1782
-2074
-2363
-2936
-3229
-3680
-3661
-3722
-3783
-3702
-3622
-3491
-3053
-2805
-2413
-1948
-1654
-1229
-895
-334
214
650
1019
1312
1650
2257
2383
2532
2672
2682
2972
2653
2643
2479
2155
1772
1304
1004
622
177
-413
-805
-1136
-1412
-1697
-2005
-2164
-2332
-2409
-2435
-2431
-2337
-2130
-1971
-1819
-1515
-1263
-1034
-812
-636
-394
-207
-99
34
141
311
389
396
364
465
463
294
164
-6
-118
-475
-662
-855
-1114
-1329
-1648
-1815
-2006
-2237
-2324
-2441
-2557
-2530
-2562
-2424
-2308
-2327
-2126
-2042
-1978
-1884
-1810
-1847
-1675
-1363
-971
-414
-149
542
1286
2157
2926
3795
4513
5174
5631
5905
6593
6566
6449
6019
5982
5882
5270
4668
4029
3540
2835
2010
1323
738
10
-651
-1350
-1650
-1950
-2480
-2766
-3088
-3205
-3226
-3170
-3036
-2971
-2918
-2524
-2192
-1852
-1435
-1144
-619
-302
178
667
1189
1647
1892
2237
2600
2940
3067
3090
2967
3056
2893
2648
2303
1821
1466
939
555
141
-320
-777
-1143
-1541
-1798
-1985
-2223
-2432
-2661
-2576
-2610
-2447
-2448
-2258
-2117
-1954
-1667
-1401
-1156
-876
-663
-537
-221
-64
128
252
296
262
325
420
343
106
-2
-175
-344
-492
-765
-981
-1310
-1557
-1750
-1930
-2144
-2407
-2602
-2764
-2665
-2851
-2854
-2772
-2810
-2714
-2665
-2519
-2409
-2287
-2350
-2241
-2186
-2124
-1735
-1551
-1084
-715
-334
467
1128
1988
2705
3479
4168
4739
5035
5541
5927
5817
5659
5200
5456
5106
4603
3912
3347
2946
2235
1469
883
385
-376
-881
-1682
-1726
-2104
-2689
-2973
-3280
-3079
-3116
-3018
-2936
-2753
-2449
-1955
-1659
-1226
-817
-428
223
429
1064
1529
1902
2229
2420
2699
3001
3069
2915
2904
2896
2942
2589
2442
2169
1824
1589
1184
871
434
21
-323
-709
-1039
-1294
-1633
-1919
-2126
-2285
-2253
-2269
-2077
-2013
-1742
-1386
-1003
-675
-308
67
304
530
814
1050
1118
1145
1093
1135
950
909
827
609
399
150
-52
-151
-389
-801
-1055
-1417
-1544
-1740
-1938
-2272
-2480
-2543
-2535
-2774
-2882
-2828
-2835
-2700
-2780
-2568
-2328
-2199
-2033
-2060
-1803
-1632
-1503
-1621
-1520
-1064
-792
-447
-232
354
784
1511
2044
2747
3492
3891
4236
4611
5197
5383
5344
4997
4956
4984
4485
3973
3424
2862
2295
1462
637
101
-667
-1297
-2137
-2533
-2710
-3151
-3359
-3474
-3346
-3160
-2901
-2742
-2361
-2150
-1639
-1366
-1253
-769
-699
-284
-250
-99
277
443
612
597
768
1032
1369
1292
1393
1552
1682
1645
1433
1511
1301
1003
533
120
-154
-606
-1062
-1436
-1852
-2036
-2022
-2238
-2140
-2005
-1718
-1457
-1193
-856
-384
-20
203
491
705
1001
1082
1193
1217
1318
1274
1248
1196
1225
1265
1036
974
912
767
530
330
188
-16
-342
-609
-740
-992
-1211
-1536
-1638
-1870
-1961
-1983
-2081
-2008
-2058
-1847
-1667
-1633
-1374
-1171
-1100
-898
-858
-791
-711
-796
-806
-1052
-820
-626
-478
-210
-32
442
917
1589
2332
2940
3540
4084
4479
4999
5435
5380
5266
5050
5088
4875
4344
3783
3209
2508
1903
1052
436
-131
-799
-1283
-1896
-1989
-2151
-2428
-2518
-2516
-2334
-2167
-2088
-1946
-1832
-1745
-1635
-1611
-1638
-1517
-1369
-1291
-1276
-1022
-728
-527
-232
-66
167
630
742
854
1097
1178
1169
961
807
630
310
-155
-486
-901
-1085
-1525
-1743
-1942
-2124
-1953
-1981
-1878
-1761
-1523
-1212
-939
-759
-465
-222
-114
139
121
337
382
277
306
287
497
419
367
465
491
511
466
240
280
18
-214
-320
-608
-739
-1047
-1297
-1473
-1613
-1720
-1737
-1881
-1948
-1912
-1826
-1735
-1724
-1528
-1428
-1273
-1180
-1066
-840
-771
-681
-782
-688
-676
-601
-687
-755
-774
-761
-465
-246
51
294
809
1340
1946
2525
3231
3853
4287
4507
4931
5419
5498
5355
5095
5198
5146
4671
4188
3708
3311
2785
2109
1594
1163
580
5
-516
-839
-954
-1450
-1709
-1926
-1977
-2075
-2123
-2127
-2295
-2311
-2160
-2143
-2115
-1796
-1609
-1295
-1277
-923
-461
-215
44
227
506
786
1042
1166
1275
1340
1344
1286
1129
1079
690
439
211
-12
-242
-494
-767
-937
-1073
-1046
-1074
-1165
-1133
-1084
-866
-815
-743
-594
-531
-567
-411
-332
-242
-140
-272
-180
48
55
119
60
146
143
37
1
-8
-125
-270
-515
-657
-679
-895
-980
-1277
-1326
-1333
-1407
-1456
-1561
-1559
-1621
-1629
-1720
-1739
-1764
-1784
-1772
-1932
-1737
-1598
-1576
-1593
-1544
-1253
-1184
-1099
-1073
-1085
-927
-989
-1170
-1031
-853
-615
-603
-442
92
548
1067
1624
2226
2860
3467
3876
4498
5063
5330
5217
5207
5514
5344
4869
4235
3779
3253
2533
1661
1002
373
-353
-1021
-1601
-1751
-2043
-2334
-2736
-2737
-2652
-2656
-2492
-2569
-2445
-2323
-2059
-1931
-1796
-1649
-1405
-1159
-1127
-666
-287
139
277
522
930
1436
1741
1824
1948
2126
2254
2105
1988
1765
1508
1128
813
526
171
-109
-350
-612
-705
-722
-699
-705
-743
-608
-439
-266
-203
-151
-2
36
128
71
175
205
161
118
15
196
160
188
198
215
154
160
189
170
174
31
-47
-73
-118
-200
-320
-500
-555
-655
-729
-885
-959
-949
-1150
-1183
-1332
-1240
-1194
-1178
-1170
-1136
-935
-777
-684
-605
-602
-667
-650
-756
-868
-1003
-1166
-1559
-1719
-1671
-1419
-1187
-1191
-783
-288
469
1146
1913
2663
3262
3841
4177
4936
5156
5216
4875
4720
4815
4312
3649
2936
2436
1700
1034
189
-375
-972
-1524
-2242
-2645
-2655
-2965
-3260
-3577
-3466
-3455
-3244
-3225
-3199
-3042
-2956
-2581
-2489
-2273
-1986
-1615
-1329
-1060
-562
-25
328
578
860
1327
1810
1814
1829
1890
1944
1812
1480
1252
959
614
164
-182
-490
-752
-953
-1143
-1207
-1209
-938
-883
-760
-567
-388
-106
-80
-20
90
178
204
121
73
149
52
-40
-164
-2
98
162
147
339
493
537
690
609
770
662
663
624
528
411
325
212
115
103
-49
23
-202
-212
-260
-233
-154
-265
-171
-129
-18
-32
-24
-26
-54
-128
-287
-407
-607
-599
-729
-952
-1112
-1311
-1314
-1349
-1508
-1545
-1273
-966
-681
-477
94
668
1284
1769
2455
3224
3588
3850
4103
4510
4569
4464
4124
4170
3974
3448
3103
2533
2125
1563
818
198
-332
-905
-1492
-2048
-2309
-2498
-2731
-2804
-2911
-2884
-2811
-2589
-2459
-2207
-2218
-1845
-1652
-1547
-1263
-1047
-742
-738
-519
-262
129
248
298
405
544
623
549
487
381
239
-117
-324
-378
-601
-940
-1161
-1212
-1255
-1188
-1195
-1039
-981
-855
-651
-585
-382
-339
-229
-329
-216
-168
-158
-122
-299
-247
-319
-255
-338
-330
-351
-325
-326
-373
-226
-224
-165
-208
-259
-174
-206
-238
-323
-315
-252
-238
-122
-155
-43
47
279
315
479
576
697
801
699
749
752
705
462
258
108
-17
-197
-489
-595
-753
-912
-1145
-1293
-1304
-1368
-1520
-1443
-1239
-935
-601
-398
-18
411
1001
1410
1998
2427
2921
3131
3450
3825
4007
3922
3774
3847
3839
3717
3195
2901
2506
2202
1576
1076
671
120
-378
-907
-1045
-1267
-1494
-1713
-1822
-1746
-1526
-1344
-1179
-1198
-1050
-747
-597
-612
-553
-409
-418
-450
-384
-348
-183
-267
-349
-319
-125
-22
-126
-109
-73
18
-69
-201
-301
-315
-458
-569
-725
-820
-808
-920
-882
-836
-673
-547
-274
-221
40
199
432
486
601
673
787
731
542
589
466
337
109
-62
-200
-285
-461
-631
-738
-763
-840
-980
-985
-1035
-1022
-1100
-1039
-1012
-936
-921
-938
-770
-728
-527
-492
-381
-309
-236
-121
-121
-159
-149
-177
-271
-364
-434
-490
-587
-723
-860
-863
-929
-1005
-1059
-1175
-1203
-1246
-1390
-1532
-1584
-1618
-1655
-1587
-1421
-1345
-1126
-840
-428
93
618
1218
1774
2327
2794
3318
3848
4101
4197
4222
4345
4247
4104
3761
3318
2917
2312
1835
1293
797
402
-7
-471
-543
-723
-834
-860
-952
-900
-825
-738
-670
-755
-813
-778
-933
-991
-1135
-1212
-1264
-1405
-1337
-1209
-1133
-847
-795
-645
-367
-201
69
54
178
234
149
197
130
36
-37
-49
15
21
12
225
419
433
631
797
1000
1209
1249
1291
1272
1229
1186
997
805
663
400
228
33
-126
-235
-440
-489
-577
-600
-598
-645
-691
-646
-630
-532
-552
-467
-431
-375
-221
-159
-106
-46
10
83
177
248
305
312
310
265
263
139
85
-111
-188
-353
-457
-585
-821
-845
-1072
-1181
-1431
-1576
-1754
-1823
-2000
-2146
-2232
-2396
-2460
-2642
-2630
-2617
-2433
-2288
-2100
-1673
-1235
-655
-104
666
1293
1905
2349
2978
3539
3875
3966
4024
4260
4266
4048
3720
3428
2999
2527
1904
1483
936
468
-7
-385
-599
-807
-914
-1133
-1259
-1371
-1396
-1506
-1588
-1821
-2022
-2078
-2238
-2319
-2454
-2309
-2339
-2328
-2133
-1880
-1582
-1337
-1127
-851
-466
-239
-46
135
432
553
562
724
824
928
1035
1072
1185
1289
1254
1439
1541
1553
1680
1642
1740
1662
1490
1380
1200
965
749
497
276
74
-249
-317
-421
-446
-553
-527
-504
-359
-461
-291
-185
-165
-97
-147
116
134
215
136
311
359
430
545
570
764
850
924
1002
1014
1015
996
993
818
764
603
514
284
-38
-172
-446
-611
-897
-1017
-1062
-1190
-1296
-1364
-1361
-1455
-1527
-1707
-1763
-1912
-2078
-2182
-2301
-2439
-2574
-2653
-2678
-2421
-2196
-1898
-1532
-1072
-354
333
1134
1911
2624
3316
3821
4343
4739
4929
4932
4657
4564
4395
3953
3466
2942
2576
2199
1640
1128
814
329
-83
-612
-913
-1264
-1705
-2153
-2547
-2949
-3243
-3515
-3807
-4026
-4203
-4143
-4113
-3921
-3808
-3467
-3092
-2787
-2415
-1912
-1321
-860
-529
-174
314
646
862
978
1142
1416
1412
1409
1502
1503
1487
1489
1438
1418
1385
1259
1213
1115
990
752
579
348
32
-132
-413
-601
-901
-1033
-1074
-1127
-1190
-1254
-1125
-1051
-922
-811
-565
-345
-221
-20
168
398
620
706
887
1007
1116
1308
1447
1556
1532
1602
1689
1636
1573
1589
1418
1248
1138
953
871
690
374
292
12
-130
-288
-554
-700
-901
-1141
-1313
-1450
-1580
-1769
-1911
-1970
-2017
-2131
-2167
-2136
-2158
-2174
-2180
-2058
-1960
-1863
-1770
-1673
-1580
-1471
-1264
-945
-612
-113
353
785
1406
2028
2728
3408
3981
4655
5156
5526
5907
6204
6335
6134
5879
5710
5391
4774
4101
3293
2599
1719
792
-15
-903
-1727
-2508
-3226
-3750
-4215
-4624
-4995
-5155
-5181
-5111
-4982
-4796
-4538
-4322
-3912
-3547
-3123
-2691
-2319
-1759
-1313
-866
-363
136
536
982
1210
1617
1960
2164
2321
2395
2566
2461
2400
2368
2170
1805
1460
1166
874
343
-70
-521
-893
-1244
-1577
-1763
-2020
-2154
-2211
-2234
-2230
-2153
-2103
-1977
-1838
-1698
-1302
-1291
-985
-720
-463
-80
74
526
776
1083
1297
1496
1733
1977
2112
2092
2152
2154
2073
1867
1748
1537
1272
1092
802
481
135
-179
-413
-799
-1167
-1461
-1646
-1933
-2127
-2268
-2361
-2423
-2485
-2480
-2493
-2350
-2378
-2311
-2103
-2015
-1777
-1642
-1489
-1203
-1012
-823
-572
-445
-188
-124
77
220
467
593
862
1119
1304
1574
1783
2015
2149
2341
2405
2530
2469
2462
2492
2622
2632
2455
2538
2468
2597
2710
2793
2932
2982
2970
2924
3091
2978
2763
2307
2091
1859
1486
920
496
105
-416
-834
-1423
-1720
-2069
-2356
-2725
-2858
-2821
-2858
-2817
-2791
-2558
-2424
-2094
-1925
-1687
-1471
-1327
-847
-707
-436
-147
140
408
611
1013
1152
1461
1514
1607
1638
1695
1600
1436
1208
1039
715
411
75
-186
-509
-904
-1030
-1316
-1360
-1525
-1550
-1639
-1617
-1578
-1444
-1367
-1377
-1347
-1280
-1128
-1049
-1035
-910
-830
-744
-619
-463
-299
-205
-23
193
435
627
811
1020
1100
1257
1289
1317
1371
1149
1002
832
611
408
21
-305
-602
-958
-1345
-1582
-1810
-2105
-2370
-2492
-2482
-2530
-2564
-2513
-2429
-2320
-2134
-1850
-1519
-1354
-955
-763
-436
-137
164
396
621
836
917
1170
1300
1331
1430
1374
1436
1361
1199
1103
892
797
641
523
447
322
261
167
102
110
31
-33
-65
26
218
397
569
712
983
1247
1674
1954
2297
2610
2816
2935
3008
3262
3166
2981
2580
2463
2377
1983
1519
1117
850
432
-12
-331
-536
-730
-1067
-1258
-1172
-1186
-1248
-1277
-1368
-1269
-1175
-1020
-911
-950
-853
-797
-586
-553
-430
-295
-173
-21
71
359
567
761
754
727
894
945
827
668
432
317
43
-234
-396
-692
-931
-1201
-1385
-1483
-1608
-1646
-1610
-1656
-1680
-1463
-1389
-1285
-1244
-1153
-1023
-964
-802
-744
-623
-552
-426
-345
-196
-32
52
130
190
303
344
460
469
442
420
374
380
277
205
244
161
94
73
110
157
206
244
255
425
402
460
547
443
474
370
299
194
96
4
-154
-277
-433
-525
-691
-734
-760
-921
-864
-925
-840
-910
-887
-783
-747
-676
-761
-660
-677
-676
-653
-681
-636
-597
-487
-421
-231
-149
77
276
415
693
798
1030
1080
1211
1214
1224
1193
1063
939
769
603
391
275
48
-165
-275
-466
-508
-668
-762
-771
-957
-969
-1072
-1058
-1099
-1135
-1123
-1085
-877
-585
-122
77
491
1088
1692
2415
2969
3539
3983
4364
4487
4691
4776
4471
4001
3585
3284
2759
2012
1239
653
46
-633
-1255
-1701
-2068
-2500
-2998
-3192
-3184
-3345
-3603
-3693
-3679
-3500
-3454
-3346
-3056
-2847
-2621
-2280
-1746
-1310
-915
-518
0
436
777
1151
1526
1768
1840
1919
2133
2192
2111
1961
1877
1763
1546
1416
1283
1152
973
772
704
704
652
499
413
362
240
139
111
-22
-245
-374
-499
-458
-563
-595
-557
-539
-375
-255
-61
104
189
356
440
569
585
666
514
410
295
236
172
-83
-176
-392
-513
-561
-663
-772
-826
-905
-969
-893
-894
-858
-985
-1024
-1048
-1219
-1333
-1388
-1557
-1710
-1798
-1788
-1658
-1573
-1455
-1313
-1101
-859
-660
-384
-194
12
82
269
387
463
503
459
401
276
265
169
54
-12
-110
19
-41
47
154
126
244
323
438
374
366
350
314
314
230
234
194
145
228
180
311
393
509
639
712
924
1027
1172
1008
1047
1016
941
777
667
482
303
173
55
-50
-246
-340
-454
-411
-514
-452
-490
-439
-480
-383
-261
-215
-165
-231
-139
-78
56
142
206
340
516
748
905
1104
1217
1287
1281
1310
1182
1021
771
444
189
-293
-569
-896
-1196
-1511
-1600
-1490
-1381
-1188
-1002
-448
-3
566
933
1447
1842
2097
2187
2283
2476
2311
2048
1795
1747
1718
1412
1087
980
885
689
384
253
136
-112
-487
-612
-734
-914
-1188
-1509
-1518
-1734
-1815
-1900
-1762
-1765
-1778
-1495
-1227
-943
-905
-610
-356
-153
-115
13
143
96
-66
-309
-300
-406
-705
-1030
-1180
-1232
-1377
-1489
-1585
-1469
-1443
-1450
-1327
-1111
-1062
-1018
-915
-809
-771
-822
-812
-699
-772
-804
-690
-576
-432
-331
-170
135
428
627
880
1015
1270
1297
1356
1295
1207
1071
752
595
331
134
-15
-87
-265
-297
-318
-182
-101
-36
163
173
233
318
387
325
277
292
134
60
-15
-5
58
-86
-14
237
358
585
764
1000
1206
1321
1406
1491
1493
1358
1169
1123
910
651
419
189
30
-218
-306
-377
-390
-384
-363
-368
-157
10
82
233
315
402
444
478
585
553
541
537
614
658
781
831
902
1057
1119
1250
1312
1438
1482
1343
1336
1276
1044
857
626
431
249
-61
-175
-282
-402
-490
-477
-465
-401
-365
-427
-414
-424
-445
-561
-673
-778
-919
-1007
-1128
-1305
-1328
-1340
-1384
-1246
-1325
-1013
-919
-716
-583
-488
-259
-281
-228
-272
-261
-407
-459
-648
-835
-955
-1139
-1129
-1283
-1211
-1252
-1082
-1034
-848
-762
-716
-551
-662
-651
-688
-787
-852
-970
-1094
-1205
-1193
-1095
-1079
-938
-675
-431
-169
-2
312
593
810
906
1011
1098
1116
1097
1020
1001
894
937
744
834
862
759
845
845
1010
883
956
953
875
879
727
674
458
290
101
-146
-268
-450
-596
-676
-749
-675
-621
-528
-384
-241
-155
-74
-44
16
83
40
30
25
103
109
123
243
395
409
536
627
809
944
1013
1203
1274
1263
1263
1237
1127
1016
849
671
519
265
49
-120
-232
-389
-502
-568
-556
-557
-612
-531
-533
-495
-590
-580
-640
-614
-660
-663
-744
-657
-560
-515
-404
-240
-28
125
351
514
664
769
911
1090
1071
1070
1037
951
822
671
484
382
172
-69
-161
-374
-462
-598
-698
-782
-846
-947
-1035
-1036
-1180
-1243
-1290
-1207
-1130
-1008
-797
-567
-178
89
602
940
1308
1614
1877
2094
2235
2303
2237
2059
1829
1618
1404
1088
755
355
18
-273
-539
-806
-1165
-1428
-1675
-1857
-1932
-1997
-2063
-2120
-2132
-2079
-2064
-1903
-1739
-1657
-1617
-1393
-1067
-844
-616
-413
-152
67
353
612
875
1065
1142
1259
1296
1426
1271
1222
1028
830
666
625
481
341
105
-40
61
-87
-129
-252
-201
-287
-270
-274
-203
-176
-205
-239
-239
-200
-178
-133
-251
-170
-129
-65
4
117
121
175
344
332
423
428
378
326
252
165
148
62
-37
-199
-216
-239
-401
-482
-464
-508
-581
-424
-450
-370
-503
-499
-479
-534
-580
-594
-532
-628
-554
-513
-373
-360
-208
-90
56
213
324
480
498
540
580
637
638
719
613
680
635
631
490
564
544
517
481
497
675
671
737
725
828
821
837
925
837
870
764
752
742
626
688
607
583
596
613
518
635
638
565
564
546
480
445
267
168
18
-125
-217
-497
-587
-660
-804
-809
-851
-798
-664
-713
-559
-466
-381
-312
-347
-306
-283
-266
-387
-292
-296
-305
-295
-155
-117
-25
56
122
334
402
379
366
410
315
87
-67
-209
-528
-708
-962
-1078
-1235
-1373
-1453
-1398
-1412
-1442
-1357
-1267
-1171
-1146
-1072
-946
-907
-849
-822
-789
-706
-703
-581
-476
-278
-147
-28
242
385
409
534
568
591
547
508
452
433
261
197
121
114
87
3
22
22
79
93
123
204
175
182
185
111
104
46
73
-70
-4
53
97
208
313
419
518
693
732
887
935
893
956
874
871
752
718
505
592
435
429
312
323
417
376
423
453
546
445
539
506
489
376
413
279
318
258
200
159
68
71
-6
103
-11
92
43
62
95
-7
-80
-67
-149
-211
-261
-404
-401
-378
-377
-422
-399
-326
-182
-85
21
176
272
427
577
667
752
802
859
931
880
845
808
647
579
421
422
205
127
-52
-261
-335
-585
-721
-851
-886
-1080
-1127
-1187
-1172
-1183
-1314
-1189
-1204
-1186
-1102
-1012
-928
-878
-699
-661
-535
-353
-247
-65
-49
107
126
115
199
191
260
210
244
212
188
224
139
2
-26
-148
-185
-333
-312
-429
-425
-424
-411
-300
-296
-329
-329
-278
-325
-329
-333
-411
-424
-427
-433
-346
-338
-235
-241
-145
-55
85
142
192
324
294
321
384
397
315
210
228
61
7
-104
-125
-138
-136
-90
-160
-38
-88
-131
-125
-132
-46
-122
-105
-129
-127
-172
-146
-277
-225
-255
-125
-93
45
181
307
550
565
788
809
973
968
939
1015
967
1009
951
958
1027
984
1015
1027
1051
1042
1071
1055
1045
1000
874
917
704
604
467
238
105
-74
-218
-243
-302
-301
-341
-242
-161
-99
-72
-5
85
110
149
147
86
64
-33
-21
-34
-123
-42
-70
-1
-20
-7
-57
-94
-139
-200
-164
-333
-405
-521
-645
-775
-806
-928
-949
-1010
-930
-922
-837
-728
-735
-579
-532
-387
-383
-256
-166
-202
-92
-151
-25
-146
-60
-47
-51
31
-9
48
36
144
49
106
52
-5
-33
-126
-113
-181
-239
-255
-300
-313
-345
-300
-281
-320
-273
-207
-115
-84
-22
-8
14
107
103
162
223
167
255
230
284
236
190
279
152
165
139
168
13
119
13
61
-51
-154
-129
-244
-308
-400
-484
-552
-574
-588
-579
-572
-573
-559
-553
-548
-451
-480
-399
-420
-393
-393
-353
-321
-226
-177
-217
-66
23
4
65
122
114
191
118
199
265
251
343
281
314
279
267
201
159
245
189
247
237
398
376
378
415
453
524
495
592
646
611
666
692
707
709
689
706
747
743
693
831
795
817
845
840
848
797
787
710
684
612
566
467
406
400
301
240
219
135
136
169
74
121
104
67
131
19
59
-47
-5
-62
-93
-168
-257
-213
-323
-257
-360
-292
-357
-330
-261
-295
-330
-394
-334
-449
-433
-426
-509
-554
-525
-560
-598
-596
-664
-615
-612
-624
-635
-622
-644
-599
-642
-587
-625
-551
-502
-485
-404
-458
-430
-380
-342
-386
-276
-197
-165
-56
-31
133
93
149
107
205
147
134
245
80
265
41
80
104
26
-5
-85
-67
-230
-80
-228
-180
-158
-305
-180
-258
-192
-325
-208
-329
-284
-263
-312
-272
-300
-308
-286
-220
-186
-226
-191
-237
-117
-123
-165
-110
-124
-80
-175
-124
-231
-142
-226
-190
-137
-244
-47
-203
-144
-115
-146
-80
-61
-36
-1
62
136
229
276
243
357
318
346
305
430
388
400
450
423
546
469
600
554
562
596
626
657
587
522
579
480
493
450
397
395
309
365
375
354
338
426
413
470
475
583
567
592
618
629
625
642
635
598
638
613
587
513
463
448
423
296
346
236
234
205
130
184
97
33
-35
-93
-71
-96
-132
-131
-158
-79
-52
-24
-7
-49
-26
5
62
-93
-9
-56
-94
-112
-163
-183
-282
-284
-342
-295
-290
-309
-278
-318
-328
-365
-356
-376
-416
-444
-528
-525
-517
-506
-615
-560
-636
-510
-550
-600
-522
-469
-433
-472
-377
-405
-334
-317
-357
-310
-364
-382
-355
-383
-376
-386
-397
-366
-349
-372
-327
-320
-328
-366
-356
-318
-329
-351
-423
-391
-402
-464
-427
-528
-542
-558
-519
-515
-513
-453
-428
-294
-299
-197
-189
-173
-127
-27
-41
7
4
-85
50
-7
55
47
28
116
88
164
153
132
196
161
205
192
305
229
257
341
371
371
387
494
426
442
427
545
522
479
544
532
593
627
642
673
715
723
779
731
683
657
715
676
648
644
588
605
593
587
602
639
573
524
563
585
572
493
519
524
503
536
496
439
377
448
336
319
318
204
243
198
95
116
-32
20
-74
-116
-83
-218
-112
-246
-220
-274
-255
-285
-303
-207
-291
-183
-282
-215
-214
-147
-124
-126
-166
-162
-53
-114
-35
28
-44
-37
113
-22
-24
-8
-53
-62
-138
-145
-237
-206
-180
-196
-267
-269
-269
-377
-347
-406
-434
-454
-520
-441
-508
-581
-460
-515
-507
-470
-558
-478
-552
-524
-637
-556
-673
-626
-582
-646
-554
-659
-550
-628
-537
-563
-569
-590
-587
-555
-602
-593
-637
-610
-587
-594
-598
-539
-604
-556
-474
-448
-362
-325
-219
-167
-71
-25
2
78
68
189
184
152
248
253
311
306
304
333
341
327
378
355
399
458
571
496
556
596
596
716
636
637
675
606
571
596
567
514
497
537
509
538
471
474
467
397
434
425
423
376
388
347
352
354
318
293
315
289
348
270
265
330
203
247
278
184
183
206
149
206
227
212
206
93
167
103
170
98
119
85
63
130
85
187
112
134
64
90
107
80
110
88
58
79
141
109
92
129
72
50
-2
13
-15
13
-35
-8
-48
-44
-8
-110
-11
-55
-130
-139
-180
-123
-169
-205
-240
-224
-273
-270
-296
-214
-254
-245
-195
-212
-224
-245
-266
-255
-285
-413
-365
-341
-419
-336
-436
-443
-407
-516
-485
-451
-503
-542
-513
-459
-562
-473
-408
-479
-371
-466
-354
-373
-338
-348
-333
-398
-264
-277
-341
-218
-344
-240
-252
-252
-234
-114
-157
-134
-122
-60
-89
-144
-140
-161
-165
-227
-135
-159
-237
-248
-217
-241
-244
-165
-207
-60
-87
-1
22
30
94
56
89
90
150
180
89
292
253
347
388
401
550
501
580
515
645
567
654
618
579
651
507
541
506
428
386
338
365
275
351
211
217
198
198
149
159
173
161
137
215
210
147
170
147
165
198
145
139
171
162
209
176
202
168
218
196
225
186
258
146
138
213
110
155
97
94
159
91
137
109
81
131
89
160
98
176
117
135
214
139
202
176
58
151
161
139
159
83
140
64
119
72
133
68
60
169
141
101
106
109
98
129
219
251
158
153
103
120
-42
-127
-182
-260
-526
-586
-550
-545
-627
-722
-557
-444
-436
-465
-315
-237
-358
-469
-503
-554
-614
-726
-724
-725
-798
-794
-776
-804
-847
-859
-801
-848
-927
-901
-801
-712
-760
-703
-592
-444
-431
-414
-198
-89
-23
-20
75
145
178
124
83
81
83
-40
-183
-139
-152
-223
-253
-181
-239
-184
-118
-108
9
11
116
146
183
87
237
299
229
249
363
432
457
376
403
431
396
400
274
245
273
193
108
242
178
264
210
334
330
409
464
445
452
419
493
467
423
418
437
383
364
233
283
313
212
177
231
300
260
306
357
379
431
361
485
453
398
479
485
493
496
530
582
587
643
660
586
590
420
348
405
305
231
169
89
134
44
62
54
40
62
42
41
50
-1
-113
-10
-143
-219
-108
-171
-127
-178
-79
-107
-18
-100
-11
-43
-88
-110
-176
-74
-203
-185
-283
-222
-156
-274
-145
-205
-185
-185
-124
-132
-219
-166
-192
-223
-263
-342
-468
-471
-544
-541
-547
-538
-570
-472
-413
-446
-479
-554
-555
-598
-568
-694
-614
-712
-684
-625
-597
-532
-550
-556
-467
-369
-435
-398
-353
-343
-274
-306
-293
-277
-328
-292
-395
-364
-343
-312
-293
-184
-87
-56
-41
67
1
109
55
118
120
84
127
116
148
65
186
175
214
237
268
360
331
316
233
217
283
230
268
161
191
185
165
201
136
176
144
142
236
164
244
192
177
113
192
142
187
189
134
217
107
179
214
159
221
279
273
337
291
384
307
269
315
256
251
263
223
334
324
292
334
364
276
306
305
233
387
202
286
140
275
225
230
262
209
454
359
470
458
461
381
373
342
228
266
123
177
72
59
72
-15
-20
-101
-24
-67
-35
-11
-119
-60
-54
-125
-141
-216
-196
-228
-253
-182
-140
-148
-155
-45
-16
-22
-60
-5
-13
-87
-142
-167
-158
-256
-316
-254
-315
-337
-339
-349
-239
-284
-309
-419
-290
-327
-386
-361
-445
-519
-444
-503
-532
-519
-485
-502
-473
-486
-403
-334
-360
-331
-340
-310
-351
-286
-375
-382
-339
-410
-367
-248
-238
-132
-71
-134
6
-23
-36
10
-91
-113
-146
-195
-169
-165
-149
-138
-108
-47
-2
107
35
122
161
225
161
103
110
78
90
-10
-31
-27
84
102
128
124
183
287
211
258
135
251
278
245
299
304
306
367
407
396
467
429
470
489
491
445
492
436
435
419
366
461
348
327
378
361
308
404
387
315
324
271
310
260
242
241
167
132
142
148
66
28
137
82
145
146
226
265
257
351
258
347
323
383
403
374
394
431
379
383
445
374
319
294
327
226
277
243
207
85
137
74
138
63
-36
26
-133
-96
-203
-75
-237
-210
-195
-197
-243
-238
-235
-343
-246
-423
-302
-419
-352
-330
-411
-350
-407
-344
-495
-417
-455
-556
-469
-595
-433
-495
-476
-504
-503
-447
-532
-414
-491
-402
-416
-356
-385
-438
-332
-470
-406
-446
-406
-423
-387
-370
-427
-340
-390
-327
-323
-282
-365
-302
-342
-223
-209
-267
-197
-235
-162
-144
-52
-95
-152
-19
-90
-62
-47
-95
-4
-71
-2
-62
-60
-89
-128
-37
-60
-55
-88
-28
8
-86
20
-44
38
-6
-13
107
59
200
75
257
168
147
196
112
203
190
220
284
266
394
324
275
265
195
232
220
262
212
302
333
318
386
394
371
385
476
427
481
449
495
387
398
339
234
374
222
353
257
315
433
353
483
392
483
434
491
435
500
521
432
487
382
396
412
366
357
341
309
318
304
251
244
153
176
158
74
90
68
10
29
33
23
44
-32
-7
-53
-113
-90
-76
-109
-210
-233
-165
-177
-384
-185
-253
-286
-244
-296
-266
-329
-313
-333
-271
-465
-349
-337
-311
-262
-334
-246
-327
-303
-278
-258
-256
-268
-303
-236
-345
-217
-324
-269
-261
-290
-222
-284
-220
-371
-305
-373
-368
-347
-367
-304
-405
-285
-335
-331
-389
-372
-365
-387
-348
-335
-433
-415
-400
-492
-421
-513
-354
-440
-403
-408
-398
-271
-419
-274
-304
-158
-196
-152
-154
-192
-133
-167
-88
-93
11
-15
52
141
164
121
168
118
149
173
273
163
166
228
238
233
204
258
228
349
301
315
328
295
303
308
287
251
304
250
232
325
288
322
273
281
259
299
369
314
414
362
398
412
372
317
409
423
330
366
390
353
416
399
387
383
410
336
433
418
452
515
444
476
378
393
344
371
362
370
386
316
416
403
330
297
292
316
297
274
228
250
192
126
149
61
38
13
4
-31
20
-47
2
22
-60
-14
-87
-7
-95
-55
-25
-65
-78
-174
-175
-231
-188
-258
-337
-331
-320
-331
-377
-349
-387
-421
-414
-454
-405
-401
-351
-360
-388
-366
-416
-464
-475
-427
-573
-529
-430
-436
-385
-404
-360
-390
-441
-460
-439
-461
-458
-378
-429
-341
-436
-417
-405
-401
-398
-377
-446
-348
-350
-490
-342
-381
-381
-368
-407
-348
-363
-323
-295
-201
-289
-246
-221
-264
-251
-243
-198
-210
-108
-117
-87
-52
-21
39
63
7
17
93
203
194
186
206
173
170
210
188
178
130
185
262
275
288
314
316
337
370
405
386
382
402
386
382
364
355
402
357
373
335
401
357
339
413
397
488
476
452
484
517
444
479
432
373
358
399
366
418
449
474
419
403
480
458
400
326
328
230
301
206
230
180
175
195
119
136
62
195
107
155
222
177
274
98
182
122
138
60
116
186
148
200
216
239
143
239
79
109
8
26
-14
-4
-21
-59
-58
-126
-90
-166
-195
-172
-236
-303
-222
-315
-307
-293
-343
-361
-388
-320
-439
-360
-377
-491
-475
-527
-459
-517
-551
-511
-541
-651
-565
-529
-611
-487
-536
-540
-560
-588
-514
-543
-551
-541
-517
-570
-497
-459
-561
-521
-478
-417
-453
-388
-351
-355
-235
-247
-170
-156
-179
-133
-208
-123
-232
-234
-169
-142
-69
-94
16
-27
-37
-15
-85
-148
-135
-107
-99
-64
-54
-80
-52
-56
-92
-89
-84
-10
-4
-6
66
90
67
155
118
219
202
217
248
206
348
221
278
254
289
354
351
287
311
454
409
383
371
360
389
357
391
438
438
421
415
466
441
452
458
466
438
476
501
437
561
442
457
428
460
502
405
462
423
428
413
459
476
453
475
407
531
396
358
378
325
267
226
219
174
200
188
226
164
183
110
134
114
61
86
120
185
64
93
66
79
25
83
59
-23
87
-59
15
-16
-78
-30
-72
-158
-136
-93
-208
-195
-231
-356
-268
-334
-356
-313
-414
-353
-363
-427
-367
-396
-298
-423
-398
-350
-353
-350
-328
-364
-345
-320
-429
-357
-431
-496
-463
-501
-455
-446
-482
-353
-419
-392
-320
-341
-257
-346
-240
-318
-323
-292
-314
-345
-380
-268
-370
-335
-351
-377
-304
-345
-336
-332
-314
-294
-349
-289
-369
-321
-346
-245
-138
-178
-80
-140
-13
-87
-72
-40
-75
69
-63
11
-36
53
24
26
58
31
43
75
114
99
189
106
70
110
156
179
151
170
154
160
199
200
232
168
255
239
235
285
321
350
271
395
302
359
309
294
372
340
357
390
468
358
416
381
395
421
444
508
449
505
440
415
516
481
470
417
456
410
389
428
326
377
318
372
390
380
439
402
458
381
352
373
244
251
256
220
179
202
214
185
246
168
225
167
195
57
17
22
-7
-79
-130
-133
-113
-121
-154
-96
-52
-109
-66
-118
-88
-74
-126
-139
-141
-123
-258
-133
-190
-219
-189
-225
-183
-214
-294
-190
-254
-220
-246
-286
-246
-273
-276
-331
-285
-328
-318
-382
-291
-431
-344
-332
-430
-371
-466
-420
-477
-444
-424
-469
-426
-459
-429
-445
-409
-409
-440
-347
-369
-347
-294
-293
-375
-290
-375
-309
-364
-363
-323
-353
-324
-425
-343
-337
-368
-382
-361
-301
-314
-275
-307
-242
-255
-266
-212
-189
-118
-155
-98
-129
-64
-120
-93
-64
-102
15
-43
36
59
97
32
132
92
133
163
208
246
196
347
233
361
406
351
426
422
410
354
458
334
389
390
341
410
303
438
410
456
416
507
484
472
473
457
453
384
427
378
467
435
416
471
436
482
444
406
455
413
466
429
459
430
433
368
426
393
378
359
260
289
270
225
199
216
252
183
210
213
198
220
163
215
177
191
99
106
53
63
-14
-59
-83
-115
-69
-81
-54
-128
-120
-85
-182
-136
-209
-139
-207
-196
-195
-192
-144
-249
-166
-237
-170
-233
-259
-201
-308
-353
-302
-404
-450
-431
-456
-470
-387
-490
-475
-465
-527
-465
-504
-509
-477
-452
-486
-497
-517
-522
-554
-538
-531
-510
-557
-502
-532
-486
-448
-430
-375
-349
-395
-342
-339
-367
-347
-368
-431
-349
-281
-302
-230
-285
-206
-199
-167
-193
-153
-156
-211
-186
-194
-57
-175
-53
22
-57
35
13
18
-50
-57
-133
-184
-149
-86
14
12
141
142
191
189
256
231
212
225
191
221
233
283
296
275
348
358
338
371
446
434
401
378
417
468
438
547
487
591
525
598
608
607
562
505
551
488
465
427
464
397
516
427
472
465
445
444
453
518
451
471
369
462
312
389
242
319
334
264
298
271
299
257
290
226
308
299
243
203
183
160
70
142
71
101
153
135
159
91
81
37
-26
-70
-80
-72
-169
-95
-151
-157
-95
-164
-104
-226
-211
-205
-240
-270
-275
-328
-346
-299
-350
-343
-367
-352
-363
-377
-344
-308
-360
-383
-269
-323
-288
-350
-259
-331
-345
-370
-456
-380
-474
-384
-440
-382
-423
-409
-352
-396
-353
-419
-370
-387
-378
-284
-344
-302
-357
-393
-322
-395
-282
-361
-368
-317
-348
-292
-257
-205
-276
-178
-111
-129
-103
-86
-107
-104
-134
-60
-94
-123
-34
-104
-49
-105
-122
-126
-93
-80
-171
-62
-170
-112
-81
-90
-118
-17
-79
-39
183
100
143
169
202
206
252
176
233
193
209
222
228
234
224
262
221
304
299
308
344
317
319
292
309
340
279
363
363
369
331
473
374
403
448
381
438
392
399
347
409
313
392
361
338
294
347
322
332
284
263
256
213
324
317
233
255
307
383
320
375
318
346
257
227
200
92
190
101
119
120
177
144
150
155
77
153
65
33
38
-34
-69
-2
42
0
37
51
62
95
55
55
-39
-49
-111
-157
-164
-232
-210
-292
-264
-270
-249
-256
-224
-235
-276
-217
-249
-241
-287
-385
-337
-332
-383
-419
-356
-526
-466
-506
-377
-376
-389
-382
-389
-377
-402
-328
-367
-344
-413
-370
-398
-319
-367
-384
-396
-446
-383
-336
-401
-383
-368
-388
-344
-381
-354
-414
-376
-361
-383
-294
-336
-289
-365
-301
-322
-319
-295
-347
-236
-299
-174
-245
-175
-114
-113
-75
-47
109
8
18
21
98
53
-40
99
60
87
62
53
79
101
139
143
180
139
285
250
304
331
357
354
364
480
437
522
403
518
387
384
462
416
414
365
424
383
418
363
401
391
429
395
493
453
454
437
411
341
367
277
224
337
266
406
332
340
333
327
395
265
325
272
309
265
245
245
295
316
246
304
223
233
180
238
199
221
230
232
225
139
194
148
132
82
85
134
70
62
7
-56
-59
-65
-130
-116
-121
-168
-129
-213
-157
-193
-226
-236
-242
-209
-277
-249
-309
-322
-248
-266
-359
-278
-329
-288
-286
-358
-290
-392
-425
-380
-346
-390
-397
-400
-398
-323
-337
-411
-385
-409
-395
-420
-342
-448
-407
-376
-513
-401
-471
-436
-456
-487
-419
-427
-380
-312
-321
-292
-211
-187
-140
-236
-198
-161
-254
-182
-234
-204
-238
-210
-180
-127
-171
-200
-118
-96
-108
-121
-236
-190
-163
-179
-96
-65
-100
-20
-74
2
-35
-30
-6
-93
-16
-20
18
170
45
237
249
285
317
284
309
272
249
269
316
304
335
317
422
401
396
431
438
419
422
489
428
476
453
465
465
453
457
512
478
422
503
446
451
446
402
424
379
406
318
376
386
397
429
305
431
400
387
328
418
281
369
293
268
400
292
260
252
308
268
276
182
260
255
298
240
228
302
138
202
99
197
107
99
122
18
81
35
97
111
95
62
11
-59
-116
-118
-122
-240
-162
-244
-253
-271
-256
-323
-386
-268
-432
-356
-399
-362
-337
-357
-271
-316
-283
-316
-308
-394
-394
-323
-368
-396
-405
-407
-426
-485
-460
-525
-530
-543
-593
-556
-604
-435
-459
-454
-404
-411
-408
-437
-378
-381
-426
-473
-496
-512
-455
-388
-486
-455
-387
-433
-426
-408
-438
-406
-381
-313
-305
-303
-217
-191
-201
-182
-188
-109
-79
-103
-45
-7
29
46
71
2
130
77
91
186
98
116
107
168
178
166
75
178
157
120
258
171
186
214
247
232
214
233
241
328
363
341
365
358
417
371
442
437
516
542
494
570
504
479
484
432
415
486
453
509
483
504
468
466
459
428
418
436
483
453
479
413
373
479
376
393
336
362
391
291
371
255
223
283
221
257
214
213
243
128
138
84
82
80
20
37
-39
-34
-112
-43
-50
-82
-60
-151
-39
-136
-61
-120
-72
-66
-44
-61
-116
-21
-82
-10
-148
-171
-178
-169
-223
-258
-231
-304
-300
-309
-328
-310
-233
-326
-190
-272
-268
-236
-354
-337
-396
-379
-485
-381
-463
-452
-441
-501
-364
-362
-356
-413
-345
-395
-340
-340
-384
-402
-406
-378
-488
-430
-399
-454
-431
-436
-357
-387
-375
-311
-255
-258
-321
-200
-235
-277
-209
-193
-183
-199
-230
-184
-243
-245
-178
-239
-260
-235
-277
-182
-156
-138
-89
-54
89
18
65
115
140
140
115
163
200
309
295
318
265
264
293
279
292
243
293
244
267
297
351
339
358
407
392
448
407
442
400
339
355
331
313
325
340
279
242
305
299
244
257
195
266
224
228
333
333
327
358
377
309
373
339
258
344
317
370
396
259
320
266
240
253
226
212
220
253
205
177
190
127
103
135
123
148
118
69
88
59
66
102
117
39
188
134
189
192
147
190
58
35
-53
-81
-58
-44
-92
-93
-62
-60
-68
-30
-35
-127
-135
-181
-212
-214
-213
-250
-254
-242
-304
-289
-306
-363
-341
-404
-426
-443
-381
-418
-458
-369
-384
-340
-395
-375
-426
-364
-397
-385
-385
-338
-322
-322
-353
-318
-256
-295
-330
-249
-254
-290
-300
-339
-285
-370
-344
-388
-351
-332
-354
-216
-322
-262
-295
-310
-283
-300
-249
-220
-257
-227
-180
-187
-193
-156
-222
-128
-166
-168
-114
-137
-77
-89
-56
-81
6
-52
-45
-3
-3
23
51
61
139
169
179
199
320
299
180
282
245
381
293
234
319
209
330
329
295
320
318
309
302
304
220
317
227
232
263
321
297
297
348
339
377
273
328
270
299
314
264
335
268
247
213
218
222
225
277
174
294
282
308
327
213
260
316
378
327
378
319
373
331
307
306
254
265
245
270
249
286
232
256
204
210
252
234
144
104
128
83
125
66
59
151
24
36
81
-13
-46
-22
-63
-51
-51
-48
-103
-99
-166
-198
-122
-217
-189
-198
-250
-239
-245
-202
-292
-228
-364
-260
-247
-298
-254
-336
-340
-350
-421
-481
-453
-553
-497
-539
-531
-480
-561
-441
-480
-445
-480
-492
-480
-544
-553
-497
-373
-460
-431
-395
-378
-358
-342
-344
-346
-348
-285
-323
-368
-264
-315
-346
-279
-308
-240
-264
-160
-88
-135
-83
-74
75
-28
-31
45
82
120
32
66
22
79
17
35
94
21
58
3
52
45
73
19
142
113
140
180
162
114
146
185
59
203
156
159
203
228
187
239
181
208
180
195
230
220
288
212
316
245
346
270
277
264
286
398
298
430
273
431
391
458
420
394
516
393
444
471
460
434
404
398
445
366
421
