
-16
-10
8
20
19
13
16
29
37
33
19
2
-17
-35
-48
-49
-37
-23
-14
-6
2
6
8
14
32
52
61
54
43
38
32
19
-5
-25
-40
-46
-52
-52
-39
-16
3
6
-2
-9
-11
-14
-29
-51
-73
-88
-91
-75
-40
5
44
69
84
91
87
68
42
17
1
-2
8
24
40
45
40
27
8
-11
-21
-16
1
22
39
51
52
38
10
-25
-53
-68
-69
-59
-44
-28
-13
-1
9
14
11
5
0
-7
-16
-23
-20
-9
2
4
2
-1
1
2
2
1
2
5
8
13
17
12
0
-11
-16
-10
-2
2
5
8
7
3
-1
-7
-16
-28
-30
-14
10
22
19
9
4
5
7
14
25
38
45
42
31
17
5
-1
0
5
11
17
20
18
10
1
-4
-1
2
9
23
42
55
57
52
47
41
33
24
22
26
31
27
11
-10
-23
-24
-17
-4
5
11
10
7
10
22
40
50
49
38
24
14
11
13
19
23
18
3
-11
-16
-14
-13
-14
-20
-19
-13
-1
14
24
28
24
13
0
-9
-8
-2
6
14
24
32
36
33
25
18
12
4
0
1
12
20
18
-1
-27
-46
-45
-25
4
27
42
53
69
83
95
93
79
55
24
-7
-30
-36
-31
-22
-14
-6
0
4
8
16
28
35
29
13
-3
-5
3
15
24
27
26
22
11
-9
-34
-53
-60
-57
-49
-39
-29
-16
-7
-7
-13
-17
-14
-9
-6
-14
-24
-31
-31
-27
-14
0
15
25
28
23
10
-7
-28
-44
-53
-53
-41
-20
5
30
52
62
55
36
20
9
0
-14
-31
-40
-27
4
33
47
46
36
21
-3
-31
-57
-68
-61
-33
12
70
123
146
124
68
8
-25
-30
-23
-16
-12
-11
-7
0
14
22
21
11
8
12
17
16
15
25
39
44
32
12
-4
-11
-18
-25
-26
-16
2
18
25
33
47
63
69
55
32
17
15
14
13
13
15
18
22
32
50
63
60
37
6
-17
-28
-28
-19
-8
0
1
-3
-6
-1
9
19
19
-1
-34
-66
-75
-60
-29
4
25
32
33
37
48
56
57
53
47
35
17
-3
-7
1
8
7
3
3
4
-6
-32
-60
-69
-46
-7
27
35
27
15
10
3
-14
-34
-45
-40
-31
-26
-23
-14
0
9
6
-6
-15
-16
-7
5
17
24
29
31
33
33
32
28
23
18
13
4
-3
-4
7
25
37
41
41
41
39
35
26
22
17
7
-2
-9
-17
-29
-48
-70
-92
-109
-116
-106
-80
-48
-18
4
27
43
51
44
29
13
-1
-10
-11
-10
-9
-16
-22
-21
-14
-13
-22
-33
-33
-27
-24
-25
-24
-13
7
21
26
25
26
35
51
73
91
100
94
74
46
15
-9
-21
-18
-8
2
4
0
-11
-21
-24
-16
1
16
21
19
15
12
8
2
-3
-5
-2
1
0
-4
-11
-18
-16
-1
27
64
95
112
106
74
24
-27
-51
-40
-11
14
15
-7
-40
-68
-85
-76
-40
6
41
49
37
18
5
-5
-7
-1
10
16
11
-5
-24
-40
-58
-75
-82
-70
-38
4
46
76
88
82
65
46
29
12
1
-6
-10
-14
-15
-9
4
12
13
14
17
23
19
5
-4
-1
7
8
-2
-13
-17
-14
-7
0
7
16
21
12
-12
-42
-62
-64
-52
-35
-23
-16
-14
-13
-12
-11
-8
-6
-5
-1
9
24
37
36
19
-7
-29
-34
-21
-5
-1
-10
-20
-13
7
26
29
17
-3
-19
-22
-14
-2
0
-12
-24
-23
-6
17
31
33
26
14
4
-1
3
11
23
33
38
34
28
20
17
11
4
-5
-14
-26
-47
-66
-73
-65
-49
-31
-9
19
51
75
81
72
56
39
20
-4
-30
-48
-44
-24
0
15
21
23
23
27
33
44
49
40
24
12
10
12
11
11
14
20
22
20
16
13
13
18
23
17
-2
-31
-56
-68
-65
-52
-31
-12
-1
1
-3
-8
-7
2
14
18
12
-4
-21
-32
-36
-38
-43
-44
-43
-43
-45
-47
-45
-34
-20
-5
8
24
42
54
57
56
54
46
29
5
-13
-19
-16
-7
6
30
56
72
64
35
-4
-36
-48
-37
-7
24
44
54
56
56
45
29
17
12
8
-5
-24
-34
-31
-28
-32
-41
-44
-40
-36
-45
-64
-74
-62
-34
-3
16
27
37
45
43
29
7
-13
-23
-23
-20
-22
-31
-42
-48
-40
-18
8
26
26
11
-7
-18
-18
-7
10
30
44
50
51
53
52
41
21
-2
-13
-6
10
22
27
27
27
28
27
26
26
31
33
28
14
-1
-11
-14
-18
-23
-25
-20
-7
5
9
5
-2
-5
0
7
12
15
16
16
18
17
10
-4
-15
-17
-10
1
7
6
9
21
34
43
44
36
20
-2
-24
-36
-37
-30
-19
-4
21
47
64
68
60
44
27
13
9
12
12
6
0
6
23
40
48
42
25
2
-19
-32
-38
-39
-45
-51
-54
-49
-36
-17
2
15
23
23
21
23
24
24
12
-6
-23
-32
-32
-32
-30
-24
-16
-7
1
4
6
0
-9
-17
-16
-3
16
38
53
60
59
53
46
42
39
40
40
35
30
29
31
30
22
9
1
2
6
5
1
-6
-14
-20
-24
-20
-8
8
23
33
32
21
1
-16
-24
-24
-21
-13
-3
7
7
0
-8
-9
-7
-1
1
2
3
6
10
10
7
3
0
-4
-13
-25
-31
-25
-10
4
10
7
-5
-19
-33
-38
-31
-12
14
42
66
81
86
76
53
26
-2
-28
-50
-64
-61
-36
7
51
79
88
85
83
87
97
108
110
101
84
63
43
24
8
-3
-9
-12
-8
3
14
12
3
0
12
31
36
22
6
3
16
27
22
7
-9
-19
-29
-44
-57
-56
-34
-4
18
22
4
-32
-72
-108
-126
-120
-85
-31
26
62
72
59
40
22
10
4
-3
-15
-32
-34
-17
14
37
44
35
19
-4
-31
-48
-45
-32
-23
-23
-24
-18
-6
5
19
33
37
25
9
8
24
41
43
32
16
3
-8
-9
4
24
38
42
45
54
70
79
69
50
25
4
-8
-3
18
43
52
45
26
11
3
-2
-13
-20
-20
-11
-9
-19
-40
-55
-52
-29
1
28
40
38
26
8
-9
-19
-23
-31
-42
-54
-54
-39
-21
-12
-7
1
10
13
9
5
4
-1
-12
-24
-30
-33
-43
-62
-81
-78
-51
-10
24
44
49
47
35
16
-3
-15
-12
-1
9
15
16
17
17
14
8
0
-1
2
10
18
25
32
39
43
43
39
32
26
23
24
26
33
44
56
58
51
41
36
36
34
31
31
34
28
13
-7
-19
-24
-22
-13
-1
9
7
-9
-29
-48
-68
-84
-91
-82
-55
-24
4
23
31
24
2
-23
-43
-49
-47
-38
-26
-10
4
11
7
-6
-17
-17
-6
10
18
16
8
-2
-9
-16
-21
-17
2
29
63
96
120
129
120
99
76
53
28
3
-14
-19
-9
5
17
31
50
76
91
92
76
50
25
12
12
28
46
52
37
7
-20
-28
-17
2
17
18
2
-29
-59
-77
-78
-69
-54
-39
-25
-21
-29
-42
-50
-47
-37
-31
-31
-37
-46
-58
-63
-57
-42
-26
-17
-17
-26
-41
-53
-59
-55
-41
-19
1
17
23
20
10
4
6
18
33
42
42
43
50
64
80
90
88
78
66
54
44
34
28
27
32
40
53
70
87
99
93
72
53
43
52
68
76
63
30
-9
-40
-59
-70
-77
-79
-76
-70
-61
-52
-44
-41
-45
-51
-56
-61
-71
-89
-107
-117
-118
-114
-112
-111
-103
-94
-88
-80
-68
-48
-27
-12
-5
2
7
12
16
25
38
52
61
66
69
73
75
72
60
45
34
39
52
66
76
76
73
74
82
86
79
60
37
26
29
40
53
61
63
53
40
28
27
36
48
55
53
43
29
17
18
25
29
18
3
-4
-5
-8
-20
-38
-46
-41
-31
-26
-30
-36
-40
-41
-40
-40
-41
-52
-73
-102
-129
-143
-140
-125
-107
-93
-83
-74
-65
-56
-45
-31
-17
-17
-35
-57
-71
-70
-65
-68
-69
-58
-33
-7
9
21
31
45
57
59
49
31
23
36
68
103
134
166
207
247
271
270
253
226
198
176
162
156
141
110
70
42
36
38
30
9
-17
-31
-17
17
53
70
62
38
13
-8
-20
-28
-40
-61
-91
-117
-133
-140
-142
-143
-141
-137
-133
-133
-134
-127
-107
-73
-42
-20
-13
-23
-45
-67
-80
-76
-61
-43
-25
-7
9
17
11
-13
-47
-85
-108
-113
-100
-82
-62
-38
-11
12
26
34
39
31
4
-38
-67
-67
-40
-6
20
34
42
39
23
-4
-27
-27
-1
40
76
90
85
71
64
77
115
168
215
237
219
169
110
63
35
20
20
43
86
131
156
158
147
138
130
115
91
66
43
25
20
30
51
67
65
49
39
46
65
84
90
81
58
25
-10
-36
-48
-52
-54
-59
-70
-88
-117
-150
-184
-205
-213
-213
-213
-229
-265
-314
-353
-362
-343
-309
-273
-242
-208
-174
-133
-88
-54
-51
-86
-145
-199
-227
-222
-189
-137
-82
-43
-29
-27
-21
2
36
74
112
147
174
185
185
188
212
263
332
405
465
499
509
505
493
474
448
425
417
424
435
440
435
428
420
408
388
348
282
196
113
59
43
43
37
9
-36
-86
-130
-160
-172
-175
-181
-199
-231
-271
-314
-356
-386
-397
-386
-358
-319
-280
-257
-262
-292
-325
-339
-334
-315
-288
-255
-224
-216
-238
-278
-315
-335
-331
-307
-268
-229
-199
-174
-146
-111
-83
-69
-70
-75
-78
-77
-73
-63
-51
-43
-39
-25
13
74
141
192
212
210
203
197
177
129
57
-12
-57
-68
-41
23
107
184
225
225
195
147
92
40
2
-20
-33
-39
-24
18
76
132
184
239
287
311
304
279
253
233
210
191
186
192
194
184
169
156
142
123
105
91
79
56
26
5
12
48
97
145
186
218
233
236
236
240
237
212
160
100
63
62
89
137
194
245
268
249
196
123
34
-74
-189
-291
-360
-402
-423
-432
-437
-449
-482
-540
-612
-687
-760
-836
-913
-974
-993
-945
-843
-740
-688
-688
-706
-711
-704
-699
-687
-654
-600
-531
-452
-353
-229
-95
22
108
161
185
188
194
219
256
293
336
401
496
597
676
727
770
839
947
1087
1227
1334
1392
1414
1418
1404
1369
1317
1265
1216
1148
1044
916
797
700
605
492
363
233
103
-34
-182
-328
-458
-565
-638
-677
-700
-736
-793
-861
-921
-974
-1013
-1024
-985
-912
-844
-798
-757
-702
-642
-599
-581
-572
-561
-542
-502
-427
-315
-189
-79
1
60
111
161
213
258
289
304
317
342
376
397
383
337
290
270
281
305
323
344
383
443
503
538
529
469
361
228
100
-3
-90
-173
-245
-282
-284
-281
-294
-318
-338
-364
-418
-504
-603
-688
-744
-768
-760
-728
-691
-659
-633
-620
-627
-655
-680
-674
-628
-555
-458
-330
-171
-17
92
132
111
51
-27
-91
-102
-37
95
264
448
637
821
986
1120
1236
1338
1423
1480
1514
1550
1596
1625
1604
1535
1452
1377
1292
1174
1032
889
756
619
472
318
165
7
-151
-303
-437
-564
-696
-834
-961
-1063
-1140
-1189
-1200
-1172
-1112
-1038
-967
-901
-842
-788
-730
-658
-573
-504
-472
-465
-447
-394
-324
-265
-207
-116
19
165
282
371
449
522
575
604
635
687
740
763
755
739
734
718
663
559
422
262
91
-70
-205
-298
-361
-403
-429
-448
-474
-526
-608
-709
-818
-920
-1007
-1071
-1105
-1118
-1116
-1110
-1098
-1073
-1032
-980
-925
-870
-802
-714
-615
-529
-468
-420
-364
-289
-195
-94
21
153
308
486
689
915
1170
1454
1748
2012
2231
2408
2549
2628
2616
2540
2462
2385
2244
1994
1696
1448
1268
1081
830
556
329
167
29
-113
-262
-431
-642
-892
-1141
-1359
-1542
-1697
-1819
-1899
-1933
-1918
-1850
-1742
-1619
-1495
-1355
-1190
-1024
-892
-796
-710
-620
-530
-437
-316
-162
-2
140
268
395
514
594
640
681
737
793
821
820
819
834
846
834
804
763
698
591
463
362
319
312
290
248
231
263
306
295
204
71
-59
-184
-314
-434
-531
-607
-688
-768
-805
-767
-672
-569
-495
-445
-411
-401
-416
-444
-469
-493
-538
-607
-679
-716
-706
-668
-628
-595
-566
-535
-518
-532
-571
-615
-646
-658
-645
-595
-514
-430
-369
-311
-211
-56
130
322
528
770
1045
1324
1588
1838
2073
2266
2386
2423
2401
2342
2249
2111
1929
1741
1583
1450
1308
1138
967
822
675
485
251
25
-180
-399
-658
-914
-1108
-1237
-1346
-1461
-1563
-1639
-1692
-1720
-1697
-1615
-1498
-1379
-1266
-1156
-1064
-1005
-963
-909
-845
-794
-753
-682
-554
-390
-223
-52
147
373
591
759
869
930
961
977
999
1036
1090
1146
1186
1202
1193
1164
1120
1060
993
927
848
723
534
306
83
-120
-317
-512
-679
-794
-870
-934
-995
-1029
-1030
-1019
-1009
-1000
-975
-933
-886
-845
-816
-812
-830
-860
-883
-906
-942
-997
-1046
-1062
-1040
-991
-927
-855
-798
-771
-776
-792
-799
-788
-749
-659
-493
-256
28
343
699
1104
1545
1990
2412
2784
3065
3215
3229
3155
3044
2916
2765
2589
2404
2214
2001
1749
1465
1181
924
694
478
260
37
-195
-443
-703
-952
-1161
-1330
-1488
-1666
-1845
-1974
-2029
-2025
-1974
-1858
-1669
-1436
-1210
-1008
-819
-655
-554
-524
-536
-546
-540
-511
-451
-370
-298
-228
-113
82
316
528
714
903
1085
1198
1220
1190
1145
1066
929
776
651
542
415
298
274
364
490
566
595
620
636
593
470
309
150
-6
-174
-357
-536
-702
-845
-948
-992
-979
-931
-868
-787
-679
-554
-450
-392
-366
-343
-329
-372
-501
-681
-849
-974
-1070
-1147
-1182
-1158
-1102
-1070
-1091
-1148
-1220
-1294
-1375
-1471
-1590
-1724
-1848
-1913
-1879
-1739
-1494
-1148
-689
-115
554
1265
1954
2576
3133
3637
4067
4363
4489
4471
4369
4212
3994
3726
3465
3251
3045
2770
2418
2069
1792
1549
1249
872
496
177
-120
-471
-883
-1301
-1677
-2023
-2339
-2590
-2737
-2784
-2767
-2694
-2551
-2338
-2091
-1842
-1611
-1412
-1283
-1267
-1347
-1440
-1465
-1410
-1322
-1221
-1060
-784
-419
-52
277
615
1007
1407
1702
1833
1825
1742
1633
1521
1404
1268
1102
940
821
757
730
744
802
865
851
734
585
454
284
-19
-438
-858
-1196
-1473
-1725
-1919
-2009
-1989
-1881
-1673
-1345
-935
-535
-207
45
235
354
387
327
165
-90
-410
-739
-1045
-1309
-1495
-1564
-1524
-1436
-1354
-1260
-1133
-1012
-989
-1101
-1279
-1454
-1633
-1855
-2084
-2207
-2142
-1885
-1457
-834
28
1088
2217
3276
4190
4950
5560
6012
6261
6244
5930
5381
4732
4091
3479
2898
2408
2080
1886
1717
1502
1283
1123
1016
901
733
483
117
-385
-979
-1604
-2233
-2861
-3424
-3802
-3935
-3878
-3721
-3489
-3168
-2774
-2361
-1966
-1597
-1265
-989
-781
-664
-659
-755
-874
-920
-842
-632
-294
157
672
1184
1668
2126
2518
2758
2809
2727
2577
2342
1972
1510
1082
788
627
550
534
596
739
936
1139
1277
1293
1176
966
695
332
-173
-798
-1428
-1961
-2381
-2711
-2927
-2959
-2772
-2405
-1927
-1393
-851
-371
-14
183
213
63
-257
-693
-1155
-1573
-1916
-2169
-2303
-2307
-2207
-2037
-1800
-1494
-1173
-951
-921
-1075
-1323
-1586
-1845
-2120
-2399
-2593
-2601
-2384
-1972
-1383
-560
543
1861
3227
4501
5644
6627
7346
7697
7714
7517
7152
6535
5625
4535
3476
2584
1902
1452
1245
1235
1339
1504
1707
1869
1859
1610
1179
635
-38
-897
-1884
-2834
-3615
-4216
-4673
-4965
-5010
-4751
-4233
-3577
-2914
-2321
-1803
-1341
-956
-710
-645
-734
-881
-992
-1025
-980
-855
-617
-248
209
673
1118
1588
2112
2613
2955
3074
3031
2896
2655
2261
1747
1229
805
502
313
253
337
519
700
798
794
714
573
341
-20
-494
-1010
-1522
-2043
-2575
-3036
-3299
-3332
-3198
-2947
-2536
-1944
-1296
-775
-440
-203
9
136
78
-156
-455
-730
-966
-1167
-1276
-1240
-1085
-906
-779
-717
-701
-743
-880
-1129
-1477
-1911
-2432
-3001
-3500
-3773
-3737
-3408
-2820
-1969
-864
392
1665
2921
4240
5616
6836
7620
7894
7828
7583
7150
6450
5544
4625
3824
3133
2530
2075
1815
1673
1549
1467
1519
1688
1786
1657
1332
913
392
-334
-1268
-2250
-3111
-3818
-4405
-4827
-4982
-4829
-4464
-4012
-3524
-2992
-2418
-1844
-1350
-1016
-884
-927
-1057
-1179
-1245
-1244
-1167
-1004
-757
-424
57
744
1598
2432
3055
3425
3619
3681
3556
3211
2733
2236
1731
1156
542
35
-243
-303
-230
-59
190
456
641
709
672
491
97
-491
-1141
-1743
-2308
-2868
-3347
-3616
-3651
-3514
-3212
-2686
-1968
-1223
-586
-43
460
834
926
724
379
-4
-466
-1030
-1564
-1896
-1993
-1956
-1852
-1666
-1413
-1192
-1089
-1096
-1163
-1299
-1555
-1939
-2380
-2785
-3071
-3168
-3013
-2559
-1754
-577
905
2528
4112
5563
6846
7891
8581
8844
8688
8162
7311
6236
5091
3981
2922
1925
1104
589
396
433
617
902
1217
1463
1581
1547
1282
692
-168
-1083
-1905
-2694
-3545
-4354
-4885
-5039
-4916
-4626
-4162
-3530
-2842
-2215
-1636
-1038
-470
-88
33
-8
-78
-151
-281
-443
-506
-360
-10
478
1064
1736
2444
3087
3584
3880
3932
3710
3274
2742
2187
1568
853
142
-384
-660
-757
-761
-672
-482
-243
-21
180
356
418
254
-159
-741
-1430
-2201
-2980
-3625
-4021
-4149
-4027
-3658
-3066
-2358
-1650
-977
-334
240
642
799
708
400
-67
-603
-1108
-1532
-1872
-2114
-2192
-2075
-1829
-1562
-1328
-1114
-935
-887
-1071
-1488
-2038
-2592
-3040
-3288
-3260
-2921
-2264
-1264
95
1730
3437
5048
6516
7841
8925
9610
9822
9592
8950
7908
6572
5163
3846
2642
1558
718
254
132
210
410
731
1094
1332
1351
1183
839
248
-616
-1621
-2604
-3522
-4382
-5086
-5476
-5511
-5295
-4905
-4332
-3600
-2835
-2161
-1585
-1084
-696
-513
-544
-703
-895
-1062
-1160
-1147
-985
-665
-193
415
1128
1914
2717
3442
3971
4230
4240
4051
3667
3072
2320
1533
818
201
-313
-673
-810
-722
-491
-218
46
275
423
412
182
-266
-874
-1578
-2317
-3009
-3555
-3887
-3997
-3903
-3605
-3104
-2447
-1709
-950
-229
370
741
838
693
367
-80
-581
-1071
-1517
-1919
-2240
-2366
-2216
-1876
-1550
-1364
-1263
-1134
-982
-952
-1166
-1585
-2037
-2360
-2490
-2423
-2127
-1539
-635
530
1869
3333
4900
6485
7919
9002
9590
9647
9243
8496
7482
6210
4730
3239
2007
1156
589
155
-136
-170
82
461
777
928
907
705
285
-381
-1251
-2217
-3156
-4000
-4736
-5332
-5676
-5658
-5284
-4690
-4012
-3285
-2505
-1714
-1018
-516
-239
-162
-235
-403
-624
-855
-1020
-1016
-804
-426
59
675
1462
2355
3194
3860
4344
4644
4687
4410
3872
3201
2453
1629
811
153
-267
-513
-663
-677
-487
-151
167
343
346
166
-227
-806
-1464
-2113
-2755
-3388
-3910
-4191
-4221
-4080
-3784
-3255
-2486
-1652
-970
-496
-155
78
118
-101
-520
-1008
-1482
-1886
-2160
-2254
-2204
-2100
-1982
-1799
-1517
-1204
-1001
-992
-1158
-1451
-1848
-2312
-2728
-2927
-2805
-2376
-1673
-657
728
2419
4193
5832
7235
8378
9192
9586
9535
9114
8395
7389
6122
4712
3345
2173
1250
582
166
15
120
415
782
1090
1258
1250
1016
504
-267
-1179
-2127
-3101
-4120
-5087
-5800
-6129
-6099
-5805
-5286
-4551
-3650
-2681
-1740
-916
-295
99
329
448
411
143
-279
-622
-713
-600
-437
-259
49
595
1337
2127
2841
3432
3888
4171
4203
3921
3360
2646
1915
1233
610
86
-255
-375
-329
-209
-60
113
274
332
204
-130
-635
-1261
-1953
-2656
-3311
-3863
-4236
-4321
-4046
-3452
-2710
-1986
-1335
-729
-201
136
218
126
-44
-314
-761
-1330
-1804
-2025
-2038
-1980
-1889
-1706
-1437
-1203
-1118
-1199
-1402
-1708
-2107
-2547
-2942
-3211
-3292
-3126
-2643
-1798
-617
778
2228
3654
5112
6640
8072
9084
9469
9307
8811
8067
7032
5733
4359
3121
2114
1336
786
477
389
475
668
896
1078
1151
1033
637
-61
-932
-1764
-2482
-3186
-3965
-4721
-5258
-5467
-5359
-4959
-4308
-3527
-2748
-1987
-1214
-546
-196
-198
-321
-351
-361
-541
-864
-1073
-1005
-744
-415
12
634
1412
2193
2871
3429
3838
4034
3989
3736
3314
2730
2025
1310
707
252
-69
-262
-327
-292
-220
-172
-181
-267
-450
-743
-1152
-1680
-2296
-2917
-3435
-3782
-3953
-3972
-3847
-3577
-3172
-2649
-2025
-1361
-778
-385
-202
-150
-180
-308
-550
-852
-1130
-1345
-1492
-1549
-1502
-1393
-1320
-1326
-1385
-1465
-1599
-1830
-2133
-2424
-2619
-2658
-2520
-2203
-1696
-927
209
1718
3437
5120
6607
7847
8808
9412
9599
9392
8857
8036
6956
5693
4383
3162
2109
1268
685
379
294
312
343
395
510
666
726
536
14
-800
-1792
-2841
-3854
-4775
-5538
-6049
-6225
-6072
-5679
-5106
-4348
-3412
-2424
-1560
-905
-415
-26
258
386
338
149
-99
-300
-352
-234
-2
307
750
1379
2112
2777
3271
3614
3834
3874
3662
3231
2684
2095
1470
840
300
-71
-289
-428
-528
-557
-489
-379
-356
-518
-868
-1346
-1899
-2486
-3047
-3500
-3802
-3943
-3898
-3635
-3189
-2685
-2221
-1742
-1147
-483
25
211
134
-36
-233
-508
-862
-1184
-1384
-1491
-1585
-1674
-1720
-1731
-1764
-1833
-1904
-1975
-2101
-2287
-2430
-2408
-2186
-1808
-1278
-550
400
1508
2687
3882
5056
6149
7099
7873
8424
8635
8382
7673
6697
5683
4720
3777
2843
2012
1408
1080
956
901
784
546
237
-46
-281
-584
-1086
-1778
-2511
-3151
-3710
-4272
-4827
-5220
-5299
-5068
-4663
-4187
-3621
-2935
-2210
-1594
-1142
-776
-444
-198
-122
-179
-273
-360
-443
-447
-236
219
776
1288
1762
2278
2814
3243
3500
3622
3641
3541
3308
2982
2582
2094
1567
1116
809
576
313
34
-181
-321
-473
-693
-965
-1276
-1659
-2124
-2602
-3019
-3351
-3596
-3725
-3706
-3572
-3386
-3171
-2906
-2583
-2230
-1861
-1460
-1044
-695
-495
-449
-486
-546
-624
-740
-877
-994
-1085
-1193
-1358
-1585
-1861
-2194
-2589
-3002
-3352
-3592
-3702
-3637
-3314
-2675
-1740
-548
867
2442
4044
5558
6944
8165
9080
9522
9485
9118
8537
7722
6676
5545
4494
3540
2623
1810
1274
1068
1026
952
814
691
618
518
289
-129
-727
-1457
-2254
-3057
-3823
-4503
-5027
-5331
-5403
-5275
-4979
-4536
-3968
-3335
-2712
-2161
-1702
-1331
-1051
-878
-799
-755
-676
-561
-447
-303
-11
497
1139
1768
2320
2815
3238
3528
3662
3655
3477
3087
2586
2189
1962
1727
1336
916
697
642
513
264
145
293
448
252
-300
-914
-1421
-1934
-2561
-3194
-3666
-3952
-4117
-4143
-3955
-3557
-3025
-2398
-1709
-1071
-622
-394
-315
-344
-508
-755
-919
-888
-753
-700
-778
-877
-903
-910
-1017
-1291
-1706
-2202
-2723
-3220
-3647
-3946
-4021
-3773
-3166
-2240
-1040
439
2160
3943
5517
6742
7703
8556
9268
9577
9266
8416
7357
6346
5384
4345
3251
2299
1629
1175
809
554
530
713
872
819
581
271
-145
-794
-1665
-2580
-3409
-4190
-4960
-5582
-5852
-5740
-5403
-4966
-4424
-3754
-3037
-2399
-1876
-1415
-993
-669
-538
-632
-873
-1101
-1175
-1082
-914
-716
-390
195
1036
1955
2781
3474
4063
4504
4681
4545
4197
3787
3362
2855
2235
1614
1157
889
682
446
253
209
250
182
-94
-500
-928
-1397
-1956
-2537
-2987
-3251
-3418
-3586
-3722
-3702
-3462
-3075
-2659
-2268
-1876
-1483
-1167
-1002
-947
-905
-857
-866
-933
-942
-805
-608
-510
-541
-624
-736
-956
-1331
-1808
-2325
-2887
-3463
-3887
-3984
-3733
-3235
-2526
-1527
-193
1368
2999
4628
6250
7790
9051
9823
10006
9636
8840
7790
6629
5426
4204
3035
2053
1342
844
448
170
139
374
665
747
573
263
-138
-735
-1573
-2516
-3403
-4219
-4985
-5582
-5826
-5714
-5402
-4976
-4366
-3554
-2694
-1962
-1394
-959
-692
-614
-630
-628
-641
-752
-886
-873
-667
-376
-24
516
1282
2093
2760
3299
3794
4158
4224
4013
3722
3450
3092
2567
1979
1478
1098
804
615
558
563
518
418
333
260
76
-328
-939
-1660
-2381
-3016
-3515
-3882
-4131
-4243
-4178
-3926
-3516
-2972
-2340
-1722
-1246
-944
-757
-655
-687
-846
-1005
-1036
-962
-883
-818
-707
-584
-563
-687
-869
-1056
-1321
-1738
-2249
-2727
-3126
-3445
-3610
-3475
-2971
-2143
-1056
262
1761
3344
4941
6546
8080
9311
9963
9949
9438
8678
7781
6707
5421
4040
2806
1898
1304
884
573
451
579
822
953
863
613
258
-263
-1019
-1931
-2833
-3639
-4368
-5015
-5499
-5710
-5602
-5203
-4607
-3951
-3323
-2701
-2039
-1432
-1067
-990
-1023
-997
-988
-1170
-1518
-1769
-1717
-1385
-894
-275
491
1345
2160
2861
3436
3869
4125
4177
4015
3649
3126
2551
2008
1514
1057
667
389
243
229
341
524
642
585
391
148
-178
-695
-1387
-2076
-2624
-3077
-3482
-3756
-3778
-3588
-3289
-2876
-2282
-1620
-1156
-998
-976
-881
-742
-722
-867
-1064
-1209
-1296
-1322
-1252
-1084
-904
-814
-847
-983
-1221
-1592
-2119
-2741
-3321
-3719
-3881
-3812
-3491
-2840
-1818
-498
990
2569
4214
5870
7378
8534
9184
9300
8987
8392
7588
6568
5351
4070
2906
1964
1272
854
722
805
977
1158
1333
1422
1267
786
65
-752
-1624
-2576
-3548
-4414
-5098
-5600
-5881
-5863
-5530
-4968
-4247
-3386
-2457
-1648
-1104
-790
-573
-416
-393
-536
-782
-1054
-1308
-1464
-1418
-1118
-627
-4
754
1636
2520
3241
3740
4061
4226
4184
3907
3460
2946
2409
1854
1332
950
776
747
723
632
547
583
722
758
489
-78
-735
-1322
-1876
-2505
-3163
-3671
-3912
-3927
-3792
-3503
-3064
-2563
-2101
-1673
-1235
-836
-610
-586
-653
-721
-819
-983
-1145
-1199
-1149
-1070
-991
-898
-842
-937
-1215
-1580
-1948
-2378
-2939
-3546
-3978
-4074
-3810
-3199
-2202
-837
722
2234
3638
5075
6654
8194
9314
9758
9593
9060
8315
7361
6188
4894
3646
2577
1756
1181
793
539
435
526
746
912
878
665
350
-107
-786
-1631
-2447
-3154
-3852
-4588
-5187
-5441
-5363
-5129
-4790
-4227
-3410
-2541
-1857
-1392
-1045
-792
-727
-882
-1142
-1384
-1602
-1813
-1907
-1695
-1124
-355
413
1154
1956
2796
3501
3925
4089
4078
3889
3488
2952
2427
1945
1404
793
304
136
248
437
583
714
857
927
827
534
58
-613
-1424
-2218
-2856
-3339
-3722
-3939
-3847
-3445
-2941
-2509
-2108
-1617
-1082
-709
-605
-663
-738
-838
-1054
-1360
-1595
-1656
-1593
-1499
-1345
-1051
-651
-324
-226
-364
-663
-1113
-1757
-2540
-3280
-3777
-3955
-3837
-3416
-2632
-1485
-109
1319
2744
4245
5871
7478
8780
9540
9703
9356
8616
7606
6451
5249
4035
2839
1793
1093
809
785
799
811
932
1198
1430
1390
1007
369
-439
-1398
-2462
-3504
-4391
-5094
-5658
-6069
-6211
-5972
-5373
-4583
-3783
-3050
-2347
-1664
-1098
-801
-827
-1075
-1398
-1701
-1942
-2065
-2003
-1747
-1351
-836
-163
681
1609
2475
3214
3840
4341
4607
4550
4221
3759
3238
2642
1993
1432
1096
972
941
943
1026
1210
1412
1527
1516
1349
959
314
-488
-1301
-2075
-2852
-3589
-4120
-4318
-4221
-3943
-3527
-2977
-2359
-1792
-1352
-1049
-873
-805
-795
-796
-853
-1035
-1293
-1459
-1419
-1237
-1045
-909
-839
-870
-1047
-1359
-1770
-2283
-2894
-3491
-3892
-3984
-3757
-3228
-2392
-1278
58
1591
3300
5031
6510
7570
8280
8758
8948
8703
8052
7209
6323
5355
4288
3290
2561
2107
1786
1528
1358
1261
1138
953
795
727
640
342
-237
-1006
-1850
-2728
-3620
-4451
-5114
-5529
-5678
-5582
-5266
-4763
-4123
-3416
-2726
-2119
-1643
-1328
-1195
-1228
-1383
-1590
-1779
-1872
-1798
-1539
-1128
-586
115
999
1975
2865
3537
3981
4249
4347
4242
3929
3454
2863
2210
1565
1030
676
532
592
824
1148
1450
1642
1692
1576
1259
721
-13
-881
-1817
-2726
-3495
-4032
-4319
-4368
-4189
-3819
-3352
-2884
-2417
-1906
-1378
-937
-635
-432
-304
-322
-539
-856
-1108
-1237
-1308
-1350
-1295
-1116
-921
-865
-1000
-1292
-1714
-2246
-2813
-3288
-3583
-3697
-3643
-3379
-2830
-1955
-798
532
1917
3308
4745
6275
7814
9098
9838
9917
9459
8670
7681
6529
5269
4046
3015
2223
1617
1140
807
665
706
853
993
997
766
274
-418
-1240
-2149
-3094
-3970
-4663
-5119
-5345
-5348
-5120
-4717
-4254
-3772
-3219
-2589
-2028
-1696
-1582
-1539
-1509
-1565
-1748
-1935
-1970
-1832
-1579
-1189
-580
244
1148
2000
2769
3440
3931
4158
4133
3939
3616
3149
2556
1930
1370
917
575
358
274
288
351
459
646
871
1003
908
550
-12
-711
-1496
-2290
-3002
-3571
-3995
-4260
-4308
-4086
-3616
-2986
-2278
-1544
-853
-302
36
149
82
-108
-370
-649
-905
-1134
-1353
-1551
-1668
-1647
-1489
-1266
-1070
-959
-967
-1135
-1493
-2020
-2602
-3080
-3335
-3336
-3091
-2578
-1749
-613
729
2156
3635
5187
6728
8027
8851
9144
9001
8507
7687
6626
5495
4423
3400
2394
1504
904
629
549
546
638
864
1135
1270
1136
692
-35
-963
-1947
-2862
-3687
-4449
-5083
-5446
-5497
-5365
-5175
-4858
-4266
-3427
-2577
-1918
-1450
-1097
-891
-932
-1186
-1460
-1596
-1602
-1547
-1416
-1118
-627
-12
659
1372
2112
2810
3392
3816
4029
3959
3595
3077
2584
2151
1656
1045
476
188
252
529
855
1161
1414
1548
1510
1328
1052
634
-35
-946
-1922
-2755
-3386
-3872
-4237
-4401
-4276
-3877
-3293
-2610
-1904
-1259
-760
-445
-301
-327
-521
-832
-1141
-1352
-1469
-1541
-1561
-1478
-1292
-1090
-944
-854
-820
-913
-1216
-1704
-2248
-2748
-3185
-3522
-3624
-3334
-2612
-1553
-288
1083
2502
3953
5465
7007
8372
9225
9393
9029
8431
7705
6726
5428
4011
2769
1827
1103
512
89
-86
-13
228
523
772
883
796
480
-61
-795
-1663
-2602
-3565
-4489
-5271
-5777
-5932
-5760
-5328
-4689
-3888
-3014
-2170
-1441
-867
-485
-349
-469
-773
-1143
-1480
-1724
-1820
-1719
-1415
-928
-273
555
1507
2466
3303
3966
4466
4787
4852
4593
4023
3240
2368
1520
785
216
-159
-312
-205
133
551
865
1016
1074
1084
955
552
-127
-951
-1819
-2717
-3615
-4393
-4901
-5067
-4889
-4384
-3613
-2714
-1862
-1162
-639
-308
-182
-232
-381
-589
-876
-1255
-1659
-1972
-2109
-2046
-1823
-1533
-1297
-1161
-1068
-965
-937
-1139
-1594
-2120
-2517
-2735
-2828
-2760
-2397
-1656
-576
764
2322
4040
5769
7310
8526
9369
9815
9834
9411
8568
7356
5886
4363
3000
1910
1078
482
162
112
211
326
477
756
1099
1256
1044
526
-145
-936
-1901
-2983
-3993
-4795
-5378
-5741
-5843
-5682
-5336
-4855
-4197
-3368
-2533
-1885
-1460
-1174
-1015
-1035
-1206
-1383
-1479
-1527
-1549
-1440
-1095
-540
136
915
1799
2693
3436
3957
4274
4355
4118
3591
2953
2340
1725
1083
565
349
387
448
422
436
625
926
1164
1246
1160
868
317
-465
-1355
-2241
-3061
-3726
-4126
-4209
-4033
-3673
-3146
-2476
-1766
-1137
-641
-276
-69
-79
-288
-595
-926
-1311
-1781
-2224
-2432
-2310
-1980
-1658
-1429
-1219
-977
-806
-873
-1214
-1701
-2184
-2604
-2933
-3103
-3044
-2749
-2239
-1456
-295
1243
2985
4718
6321
7734
8858
9561
9802
9653
9166
8311
7078
5599
4098
2748
1604
690
66
-224
-251
-136
63
364
725
988
974
646
88
-630
-1504
-2506
-3539
-4490
-5295
-5893
-6204
-6200
-5956
-5536
-4900
-4022
-3070
-2309
-1826
-1461
-1084
-812
-806
-1015
-1223
-1310
-1310
-1214
-909
-347
355
1065
1794
2606
3429
4075
4445
4599
4612
4446
4018
3341
2540
1745
1031
424
-53
-379
-534
-493
-248
149
555
817
873
747
472
23
-631
-1447
-2303
-3103
-3800
-4360
-4692
-4699
-4354
-3722
-2898
-1968
-1037
-244
308
604
683
542
154
-443
-1092
-1635
-2025
-2298
-2462
-2458
-2252
-1896
-1498
-1144
-882
-749
-766
-924
-1213
-1628
-2140
-2615
-2869
-2774
-2324
-1561
-485
919
2590
4353
5993
7366
8412
9118
9469
9433
8973
8085
6854
5435
3994
2659
1512
622
36
-243
-256
-49
331
793
1186
1367
1287
992
519
-152
-1048
-2116
-3230
-4272
-5167
-5853
-6255
-6313
-6044
-5512
-4786
-3922
-3002
-2132
-1394
-843
-504
-393
-497
-755
-1091
-1416
-1641
-1688
-1536
-1216
-728
-25
895
1914
2844
3584
4146
4545
4709
4556
4106
3446
2642
1725
767
-97
-767
-1210
-1416
-1349
-1008
-509
-13
395
718
931
930
652
158
-451
-1137
-1910
-2711
-3383
-3815
-3989
-3913
-3534
-2833
-1927
-1030
-278
311
717
862
703
323
-152
-698
-1351
-2041
-2553
-2702
-2507
-2146
-1775
-1417
-1036
-648
-373
-338
-564
-978
-1517
-2164
-2858
-3409
-3606
-3387
-2817
-1921
-660
881
2438
3826
5148
6562
7920
8808
8999
8669
8082
7277
6187
4922
3708
2619
1602
732
238
172
293
385
526
878
1341
1598
1489
1114
581
-145
-1090
-2138
-3159
-4143
-5076
-5788
-6071
-5929
-5551
-5053
-4366
-3443
-2437
-1559
-881
-370
-53
-20
-253
-599
-940
-1274
-1592
-1750
-1584
-1094
-441
269
1067
1983
2896
3638
4149
4463
4559
4325
3716
2862
1965
1143
409
-213
-669
-924
-985
-843
-468
97
683
1111
1320
1336
1155
733
75
-714
-1533
-2346
-3121
-3746
-4095
-4158
-4018
-3715
-3181
-2379
-1435
-583
8
298
323
106
-318
-876
-1479
-2062
-2581
-2980
-3175
-3090
-2710
-2116
-1445
-830
-344
-16
112
-28
-459
-1127
-1922
-2717
-3369
-3723
-3671
-3204
-2357
-1156
317
1864
3292
4616
6015
7509
8757
9337
9180
8600
7891
7051
5950
4652
3411
2401
1613
990
566
395
431
571
766
1006
1212
1239
987
503
-120
-859
-1747
-2759
-3757
-4580
-5155
-5478
-5539
-5310
-4811
-4158
-3485
-2844
-2218
-1603
-1059
-677
-522
-599
-842
-1130
-1345
-1440
-1426
-1292
-978
-437
317
1204
2131
2980
3634
4050
4271
4320
4132
3631
2876
2022
1160
291
-534
-1153
-1455
-1496
-1380
-1081
-527
187
811
1179
1335
1361
1208
779
105
-685
-1521
-2395
-3235
-3873
-4186
-4183
-3929
-3426
-2655
-1682
-675
190
814
1171
1248
1041
567
-106
-871
-1616
-2232
-2620
-2711
-2529
-2188
-1797
-1369
-869
-351
14
70
-177
-645
-1306
-2155
-3063
-3790
-4181
-4265
-4089
-3539
-2464
-957
653
2128
3546
5104
6722
8017
8664
8690
8339
7738
6852
5713
4538
3535
2714
1986
1391
1067
1041
1170
1344
1589
1928
2227
2299
2097
1695
1111
290
-736
-1813
-2824
-3773
-4656
-5325
-5597
-5463
-5088
-4624
-4086
-3444
-2734
-2060
-1528
-1197
-1070
-1099
-1211
-1375
-1592
-1839
-2036
-2067
-1842
-1324
-560
325
1198
2013
2797
3517
4035
4223
4090
3728
3165
2381
1447
540
-197
-746
-1127
-1304
-1233
-949
-543
-71
443
928
1280
1447
1432
1214
740
52
-685
-1331
-1899
-2463
-2979
-3307
-3386
-3265
-2961
-2389
-1540
-623
62
396
489
460
291
-97
-679
-1317
-1881
-2312
-2590
-2687
-2582
-2270
-1787
-1211
-638
-160
150
239
63
-396
-1101
-1984
-2928
-3793
-4428
-4740
-4716
-4360
-3635
-2497
-972
821
2707
4473
5902
6892
7548
8030
8301
8125
7385
6310
5259
4353
3481
2612
1918
1546
1412
1362
1392
1600
1955
2266
2377
2286
2052
1688
1172
502
-308
-1242
-2230
-3138
-3835
-4279
-4506
-4548
-4402
-4056
-3527
-2896
-2294
-1821
-1495
-1283
-1193
-1263
-1458
-1633
-1687
-1675
-1685
-1657
-1422
-917
-274
369
1010
1687
2332
2808
3075
3213
3259
3141
2774
2193
1536
930
421
-2
-335
-536
-569
-471
-339
-234
-103
135
436
620
551
268
-93
-463
-861
-1306
-1756
-2161
-2485
-2694
-2750
-2648
-2421
-2098
-1681
-1200
-745
-407
-200
-90
-80
-216
-510
-910
-1337
-1727
-2005
-2093
-1973
-1731
-1456
-1154
-791
-415
-166
-134
-291
-570
-981
-1591
-2374
-3171
-3794
-4149
-4236
-4039
-3494
-2578
-1380
-44
1376
2914
4538
6038
7148
7768
8005
7968
7628
6936
6009
5089
4309
3607
2899
2253
1843
1730
1813
1955
2110
2282
2424
2428
2213
1784
1185
438
-432
-1362
-2251
-3014
-3633
-4100
-4385
-4449
-4310
-4042
-3705
-3315
-2885
-2479
-2186
-2038
-1991
-1990
-2005
-2034
-2073
-2108
-2104
-2015
-1802
-1480
-1076
-585
13
681
1301
1783
2155
2493
2790
2929
2836
2557
2217
1883
1521
1076
563
69
-323
-592
-750
-791
-679
-405
-18
401
790
1097
1271
1271
1108
816
410
-118
-746
-1369
-1869
-2195
-2386
-2476
-2434
-2207
-1806
-1323
-862
-487
-214
-65
-57
-174
-378
-661
-1037
-1474
-1858
-2090
-2171
-2173
-2126
-1985
-1738
-1467
-1275
-1192
-1213
-1364
-1708
-2232
-2825
-3377
-3833
-4150
-4251
-4047
-3523
-2722
-1667
-361
1158
2774
4312
5609
6584
7267
7727
7968
7904
7470
6740
5890
5058
4273
3558
2988
2616
2398
2259
2200
2264
2409
2503
2467
2333
2120
1771
1241
612
2
-596
-1284
-2056
-2769
-3303
-3685
-3975
-4132
-4097
-3927
-3733
-3523
-3205
-2777
-2367
-2085
-1920
-1817
-1757
-1708
-1579
-1343
-1098
-927
-751
-408
110
639
1054
1391
1731
2054
2289
2419
2471
2441
2289
2000
1599
1105
538
-35
-520
-881
-1133
-1266
-1220
-969
-595
-212
132
432
656
736
657
462
191
-168
-607
-1068
-1476
-1822
-2103
-2253
-2179
-1889
-1512
-1157
-801
-369
92
412
474
361
237
152
-4
-331
-787
-1238
-1598
-1866
-2046
-2106
-2033
-1894
-1776
-1709
-1674
-1684
-1793
-2034
-2366
-2727
-3086
-3424
-3690
-3784
-3620
-3178
-2502
-1654
-660
502
1824
3188
4399
5342
6077
6718
7237
7454
7258
6764
6202
5696
5220
4718
4198
3694
3223
2814
2522
2369
2299
2230
2140
2038
1901
1675
1328
867
284
-441
-1275
-2123
-2902
-3584
-4165
-4608
-4880
-4989
-4943
-4705
-4257
-3697
-3189
-2790
-2408
-1964
-1527
-1245
-1151
-1148
-1145
-1133
-1114
-1036
-869
-649
-412
-114
300
793
1257
1650
2006
2318
2479
2406
2159
1874
1603
1290
881
424
24
-250
-395
-440
-415
-351
-275
-192
-72
113
324
471
496
426
332
228
82
-116
-322
-488
-611
-682
-670
-564
-414
-258
-77
148
342
393
299
176
81
-80
-427
-932
-1444
-1857
-2184
-2463
-2686
-2820
-2858
-2817
-2707
-2558
-2423
-2367
-2414
-2550
-2741
-2950
-3150
-3316
-3440
-3505
-3485
-3347
-3046
-2545
-1835
-940
125
1368
2757
4143
5328
6233
6940
7547
8029
8257
8164
7796
7244
6579
5837
5046
4251
3532
2987
2641
2422
2254
2167
2213
2296
2213
1867
1364
807
135
-748
-1758
-2694
-3487
-4219
-4892
-5328
-5392
-5179
-4885
-4533
-3997
-3248
-2471
-1889
-1571
-1431
-1381
-1408
-1522
-1702
-1886
-2028
-2100
-2063
-1853
-1447
-906
-330
250
880
1551
2122
2438
2502
2465
2425
2319
2018
1509
917
382
-53
-430
-766
-986
-1002
-831
-603
-410
-208
92
448
721
852
941
1043
1053
850
511
249
124
-8
-248
-466
-485
-336
-215
-209
-191
-29
227
420
486
468
386
187
-161
-606
-1070
-1532
-2012
-2473
-2831
-3029
-3084
-3041
-2905
-2662
-2340
-2028
-1829
-1789
-1907
-2147
-2464
-2823
-3207
-3592
-3913
-4079
-4022
-3734
-3219
-2477
-1518
-392
859
2219
3620
4893
5874
6579
7153
7655
7965
7961
7675
7229
6678
6047
5424
4915
4497
4066
3634
3319
3130
2887
2484
2060
1788
1589
1226
627
-42
-670
-1332
-2112
-2900
-3504
-3883
-4130
-4307
-4375
-4300
-4121
-3881
-3602
-3299
-3005
-2751
-2557
-2441
-2402
-2392
-2368
-2326
-2273
-2169
-1955
-1655
-1353
-1052
-664
-147
408
885
1260
1549
1720
1743
1683
1636
1593
1467
1247
1022
830
621
383
228
229
294
277
193
179
306
497
645
719
723
666
596
599
689
762
693
491
269
113
29
-3
18
58
64
26
1
16
11
-85
-248
-389
-474
-569
-737
-959
-1157
-1321
-1510
-1771
-2063
-2295
-2410
-2437
-2443
-2458
-2458
-2406
-2301
-2179
-2076
-2029
-2065
-2195
-2397
-2632
-2877
-3099
-3243
-3246
-3094
-2827
-2462
-1942
-1212
-307
670
1673
2758
3957
5154
6124
6754
7136
7426
7625
7590
7226
6614
5908
5172
4384
3571
2857
2359
2093
2000
2017
2094
2161
2151
2044
1852
1578
1179
601
-154
-1009
-1854
-2620
-3323
-3994
-4580
-4934
-4951
-4674
-4277
-3907
-3600
-3309
-3017
-2748
-2545
-2420
-2354
-2341
-2404
-2550
-2715
-2768
-2607
-2224
-1692
-1078
-424
230
814
1291
1686
2049
2379
2616
2701
2627
2440
2190
1925
1678
1467
1295
1149
1017
893
783
688
609
541
475
414
366
329
272
163
0
-176
-317
-402
-430
-406
-344
-275
-230
-215
-207
-181
-144
-126
-159
-260
-441
-690
-973
-1238
-1443
-1578
-1654
-1681
-1658
-1575
-1431
-1246
-1062
-921
-843
-827
-873
-982
-1151
-1368
-1619
-1895
-2192
-2490
-2760
-2971
-3087
-3086
-2980
-2817
-2651
-2493
-2303
-2043
-1692
-1263
-780
-258
317
984
1776
2674
3604
4486
5280
5976
6551
6955
7124
7036
6735
6303
5816
5290
4718
4126
3588
3150
2800
2485
2181
1905
1676
1489
1312
1115
852
465
-85
-776
-1525
-2238
-2853
-3361
-3794
-4179
-4498
-4709
-4767
-4683
-4505
-4276
-4009
-3709
-3417
-3182
-3002
-2828
-2633
-2444
-2288
-2141
-1940
-1686
-1426
-1164
-830
-361
211
785
1292
1739
2149
2509
2777
2933
2983
2947
2842
2670
2421
2118
1818
1584
1420
1298
1224
1239
1322
1365
1270
1067
848
632
351
-9
-364
-636
-854
-1082
-1292
-1392
-1344
-1206
-1020
-753
-392
-32
187
222
153
54
-91
-315
-570
-760
-857
-936
-1060
-1197
-1264
-1231
-1125
-956
-727
-492
-351
-331
-361
-390
-488
-751
-1164
-1609
-2024
-2449
-2882
-3205
-3292
-3151
-2896
-2596
-2265
-1938
-1690
-1526
-1354
-1100
-817
-615
-511
-401
-199
87
425
858
1467
2243
3077
3885
4711
5604
6478
7121
7407
7399
7213
6857
6269
5508
4746
4086
3465
2794
2126
1576
1162
810
501
289
162
-5
-307
-707
-1126
-1588
-2164
-2820
-3418
-3875
-4239
-4575
-4855
-4976
-4895
-4665
-4375
-4068
-3739
-3369
-2963
-2571
-2242
-1986
-1770
-1560
-1358
-1188
-1055
-932
-775
-528
-157
324
854
1369
1845
2288
2668
2934
3052
3042
2951
2817
2634
2370
2006
1594
1248
1059
997
940
815
665
587
606
672
715
698
609
447
232
-25
-335
-708
-1081
-1354
-1462
-1425
-1301
-1116
-888
-646
-417
-194
47
284
460
531
513
438
329
160
-95
-416
-739
-989
-1133
-1171
-1117
-983
-816
-689
-640
-663
-751
-937
-1227
-1544
-1785
-1945
-2116
-2342
-2565
-2700
-2739
-2713
-2620
-2444
-2204
-1945
-1678
-1384
-1093
-878
-770
-724
-687
-653
-610
-476
-160
328
896
1489
2135
2855
3595
4265
4850
5372
5815
6090
6128
5943
5599
5142
4595
3992
3381
2799
2264
1812
1479
1281
1158
1044
915
784
628
382
-3
-504
-1070
-1676
-2310
-2913
-3398
-3726
-3922
-3994
-3908
-3662
-3358
-3109
-2889
-2566
-2108
-1666
-1408
-1326
-1292
-1252
-1265
-1338
-1350
-1205
-972
-777
-598
-292
182
693
1116
1473
1838
2181
2408
2511
2566
2582
2472
2199
1855
1542
1241
907
585
375
266
165
63
67
214
372
384
255
94
-59
-265
-538
-804
-1011
-1198
-1402
-1573
-1631
-1562
-1413
-1205
-926
-586
-236
82
367
615
797
880
871
804
706
590
454
294
121
-43
-171
-260
-318
-352
-366
-383
-424
-479
-524
-573
-673
-867
-1128
-1418
-1716
-2000
-2228
-2376
-2462
-2512
-2514
-2433
-2268
-2059
-1838
-1627
-1458
-1372
-1356
-1336
-1253
-1114
-968
-846
-735
-597
-375
-13
493
1073
1640
2208
2849
3578
4267
4767
5064
5277
5483
5609
5536
5259
4885
4484
4034
3527
3038
2643
2303
1913
1464
1073
824
644
398
55
-294
-588
-873
-1207
-1573
-1918
-2245
-2610
-3021
-3396
-3647
-3752
-3744
-3635
-3414
-3092
-2717
-2360
-2063
-1826
-1607
-1357
-1067
-802
-648
-601
-561
-417
-173
88
314
525
758
1007
1239
1449
1639
1799
1912
1981
2007
1973
1864
1698
1503
1268
971
648
373
175
10
-148
-259
-295
-305
-350
-405
-400
-351
-366
-504
-708
-896
-1059
-1240
-1425
-1540
-1525
-1394
-1203
-993
-775
-540
-269
33
333
591
778
872
858
749
609
483
338
108
-190
-439
-569
-651
-788
-973
-1092
-1098
-1063
-1062
-1085
-1081
-1064
-1105
-1224
-1376
-1522
-1676
-1850
-2015
-2123
-2157
-2125
-2008
-1793
-1531
-1308
-1157
-1018
-821
-587
-392
-272
-215
-209
-256
-318
-303
-147
125
430
736
1082
1530
2111
2799
3523
4198
4765
5210
5517
5655
5621
5460
5225
4889
4399
3780
3162
2644
2199
1763
1350
1020
770
535
287
67
-100
-274
-522
-847
-1196
-1546
-1913
-2314
-2731
-3113
-3410
-3599
-3692
-3728
-3717
-3622
-3408
-3083
-2710
-2354
-2057
-1813
-1579
-1303
-1003
-761
-612
-491
-304
-60
154
319
522
835
1201
1508
1724
1907
2088
2222
2267
2244
2187
2089
1923
1692
1432
1159
863
566
308
124
-8
-122
-222
-300
-377
-479
-591
-672
-714
-765
-872
-1017
-1139
-1213
-1270
-1335
-1365
-1300
-1142
-963
-828
-716
-551
-297
-5
237
393
488
558
614
649
635
525
288
-43
-372
-621
-793
-943
-1085
-1181
-1213
-1211
-1217
-1227
-1209
-1155
-1099
-1080
-1114
-1185
-1259
-1314
-1356
-1407
-1463
-1487
-1449
-1369
-1281
-1175
-1029
-868
-743
-644
-506
-298
-104
-7
12
49
142
239
302
386
552
797
1058
1316
1598
1915
2233
2523
2813
3143
3502
3841
4106
4262
4284
4174
3980
3755
3499
3164
2761
2370
2057
1768
1410
993
639
417
250
30
-251
-534
-814
-1143
-1512
-1842
-2088
-2303
-2555
-2823
-3031
-3137
-3151
-3090
-2973
-2837
-2705
-2543
-2293
-1980
-1688
-1464
-1252
-999
-741
-545
-429
-352
-295
-266
-258
-230
-159
-38
160
469
869
1256
1510
1604
1595
1552
1498
1421
1310
1160
982
780
543
272
12
-162
-214
-191
-172
-207
-284
-365
-423
-439
-416
-398
-429
-504
-574
-621
-671
-732
-748
-679
-579
-548
-580
-560
-389
-102
187
424
634
831
977
1034
1041
1060
1101
1102
1001
803
575
394
288
226
155
37
-113
-245
-311
-310
-286
-289
-332
-389
-443
-507
-599
-695
-747
-745
-733
-736
-710
-588
-384
-207
-157
-224
-317
-376
-411
-465
-548
-636
-693
-710
-699
-687
-696
-742
-815
-882
-902
-849
-738
-605
-466
-301
-101
117
332
560
836
1144
1423
1635
1815
2011
2213
2370
2476
2578
2698
2794
2811
2754
2674
2581
2438
2209
1924
1641
1390
1169
973
811
668
504
280
0
-303
-599
-872
-1099
-1280
-1458
-1690
-1988
-2276
-2461
-2497
-2399
-2223
-2036
-1881
-1752
-1594
-1373
-1115
-896
-772
-750
-793
-849
-877
-850
-781
-694
-599
-485
-332
-148
45
227
402
596
825
1059
1214
1230
1141
1041
965
853
647
380
135
-47
-184
-294
-368
-407
-434
-449
-427
-381
-367
-415
-488
-535
-585
-697
-854
-963
-961
-898
-838
-773
-642
-433
-203
10
228
490
770
1007
1162
1245
1274
1251
1191
1122
1063
993
893
768
650
548
428
282
148
85
100
154
201
211
170
72
-81
-267
-459
-642
-800
-907
-952
-954
-961
-1005
-1083
-1158
-1204
-1203
-1154
-1067
-973
-903
-868
-867
-902
-981
-1102
-1224
-1303
-1321
-1285
-1203
-1078
-919
-752
-609
-507
-437
-365
-239
-14
308
662
977
1229
1445
1640
1807
1937
2056
2207
2410
2641
2876
3089
3246
3294
3195
2975
2713
2473
2269
2063
1826
1569
1308
1046
787
547
333
120
-133
-422
-694
-901
-1069
-1265
-1516
-1781
-1996
-2140
-2226
-2267
-2257
-2189
-2071
-1930
-1781
-1629
-1461
-1280
-1110
-967
-829
-649
-418
-177
18
158
267
364
460
564
678
776
819
807
794
824
878
903
867
792
705
611
498
377
264
176
103
27
-69
-179
-283
-363
-415
-450
-480
-503
-510
-502
-499
-511
-532
-547
-554
-564
-587
-601
-579
-500
-369
-204
-25
154
323
473
596
684
729
735
727
727
744
765
775
766
731
657
544
406
263
123
-24
-171
-297
-394
-479
-572
-680
-792
-906
-1024
-1133
-1215
-1258
-1280
-1307
-1339
-1349
-1310
-1214
-1081
-935
-783
-617
-436
-258
-109
3
81
120
116
86
58
41
8
-66
-176
-286
-365
-411
-431
-433
-414
-361
-278
-193
-132
-95
-60
-21
-17
-56
-78
-1
180
395
590
799
1062
1361
1639
1869
2073
2253
2380
2438
2446
2421
2355
2243
2108
1970
1831
1692
1572
1478
1378
1230
1035
822
611
383
137
-101
-297
-451
-588
-724
-857
-994
-1149
-1332
-1522
-1685
-1799
-1867
-1895
-1874
-1785
-1633
-1469
-1341
-1251
-1163
-1062
-982
-953
-958
-943
-881
-791
-680
-537
-344
-117
109
308
477
622
747
858
949
1004
1005
964
904
837
758
660
565
495
446
399
342
281
199
71
-101
-269
-375
-410
-413
-422
-438
-448
-451
-455
-466
-477
-504
-554
-614
-639
-596
-496
-379
-263
-143
-4
142
281
406
524
617
657
633
564
481
394
301
202
117
58
18
-23
-59
-73
-61
-55
-88
-167
-265
-361
-443
-513
-567
-601
-617
-611
-576
-513
-439
-379
-336
-297
-246
-173
-86
-13
9
-35
-117
-178
-191
-183
-190
-206
-211
-216
-265
-381
-525
-635
-697
-728
-737
-702
-615
-513
-429
-353
-244
-92
71
219
354
494
639
786
950
1159
1416
1679
1899
2060
2176
2262
2315
2339
2350
2349
2323
2249
2129
1995
1868
1745
1597
1417
1232
1072
916
714
442
134
-151
-403
-649
-891
-1091
-1230
-1326
-1415
-1494
-1533
-1541
-1561
-1630
-1719
-1777
-1770
-1709
-1618
-1528
-1458
-1402
-1345
-1262
-1141
-982
-805
-647
-545
-500
-466
-394
-273
-122
42
208
350
445
501
539
564
543
470
385
348
362
383
369
317
242
155
66
-4
-45
-68
-97
-149
-221
-293
-341
-353
-345
-342
-353
-366
-376
-392
-416
-426
-386
-295
-184
-90
-10
80
186
296
393
471
533
569
569
524
442
347
274
237
224
209
174
121
58
-16
-99
-185
-265
-337
-397
-443
-485
-542
-639
-749
-834
-862
-867
-896
-953
-996
-976
-906
-836
-808
-819
-835
-830
-807
-782
-754
-706
-630
-558
-537
-570
-603
-584
-521
-468
-464
-493
-502
-444
-302
-100
119
310
462
600
752
924
1098
1272
1461
1674
1886
2069
2214
2341
2476
2612
2725
2798
2825
2814
2764
2674
2534
2338
2094
1830
1588
1395
1242
1086
907
710
521
343
144
-94
-348
-573
-751
-916
-1107
-1326
-1540
-1719
-1850
-1917
-1910
-1856
-1807
-1792
-1783
-1738
-1651
-1553
-1449
-1321
-1162
-1002
-875
-778
-693
-602
-497
-365
-191
8
204
364
475
534
555
577
649
779
931
1043
1083
1065
1021
980
950
911
837
731
620
523
428
322
228
187
193
183
108
-19
-156
-288
-429
-584
-727
-835
-900
-920
-897
-851
-807
-765
-698
-598
-502
-442
-407
-364
-301
-230
-151
-47
72
161
185
161
119
72
-3
-115
-239
-339
-393
-409
-400
-392
-401
-429
-464
-481
-465
-421
-376
-360
-385
-440
-494
-525
-534
-528
-512
-469
-385
-266
-143
-45
12
25
-3
-59
-113
-147
-156
-149
-126
-79
-16
28
16
-49
-128
-192
-235
-252
-226
-150
-55
13
31
6
-33
-64
-64
-14
84
210
342
476
618
775
932
1064
1152
1208
1273
1377
1507
1621
1691
1719
1723
1705
1660
1597
1533
1460
1354
1206
1042
891
754
596
395
172
-27
-172
-276
-366
-464
-573
-692
-821
-957
-1083
-1170
-1209
-1209
-1194
-1169
-1132
-1081
-1025
-975
-938
-913
-899
-881
-840
-759
-640
-493
-332
-176
-57
8
43
101
211
339
433
486
531
589
646
674
671
647
600
522
414
299
201
146
154
213
272
275
213
117
29
-42
-100
-139
-161
-191
-267
-389
-519
-615
-664
-683
-696
-716
-732
-728
-704
-685
-688
-690
-649
-546
-413
-294
-201
-109
-4
109
211
283
305
269
184
85
10
-23
-25
-13
5
31
56
66
47
-6
-84
-171
-253
-320
-355
-354
-325
-292
-272
-271
-288
-317
-354
-396
-428
-436
-418
-390
-366
-352
-343
-339
-341
-345
-328
-279
-207
-139
-97
-85
-92
-95
-71
0
130
307
511
704
852
937
967
982
1010
1062
1134
1228
1352
1505
1656
1763
1800
1775
1712
1633
1553
1474
1397
1317
1224
1123
1030
945
841
678
463
245
61
-111
-301
-487
-616
-686
-775
-936
-1131
-1282
-1369
-1433
-1503
-1556
-1570
-1565
-1574
-1588
-1572
-1517
-1444
-1352
-1225
-1065
-920
-831
-799
-785
-754
-691
-604
-500
-382
-250
-106
31
142
225
306
399
489
553
583
599
611
624
652
720
820
895
893
807
680
555
455
409
432
501
548
517
412
279
149
26
-76
-118
-98
-61
-60
-114
-196
-270
-316
-332
-314
-273
-232
-203
-181
-158
-137
-121
-108
-95
-88
-99
-127
-148
-143
-129
-141
-188
-249
-288
-300
-292
-260
-200
-130
-95
-112
-152
-170
-157
-147
-166
-203
-232
-243
-243
-237
-220
-190
-160
-139
-138
-162
-205
-251
-266
-224
-141
-58
-21
-25
-32
-12
31
69
88
96
104
123
160
231
354
508
654
752
799
825
864
934
1025
1126
1223
1310
1383
1442
1479
1492
1479
1457
1439
1414
1340
1194
999
808
653
524
396
267
152
49
-56
-171
-293
-413
-536
-667
-793
-889
-939
-943
-918
-886
-872
-885
-917
-943
-953
-943
-915
-867
-808
-755
-712
-662
-594
-523
-481
-474
-482
-492
-517
-572
-632
-643
-584
-495
-437
-431
-449
-462
-468
-471
-459
-416
-352
-297
-264
-236
-185
-100
6
122
237
331
381
385
374
390
452
540
624
684
720
736
730
701
649
578
501
433
377
321
247
158
77
21
-23
-71
-125
-175
-225
-290
-372
-443
-476
-474
-466
-470
-471
-456
-423
-387
-360
-344
-341
-353
-370
-391
-413
-436
-448
-447
-443
-459
-497
-538
-558
-567
-575
-574
-546
-483
-400
-307
-212
-131
-93
-104
-138
-150
-118
-46
51
157
249
291
276
236
230
283
381
489
592
692
791
884
973
1071
1184
1303
1413
1499
1560
1593
1595
1567
1528
1494
1474
1450
1392
1272
1090
875
673
516
397
296
207
147
126
123
95
17
-95
-202
-271
-281
-251
-219
-235
-319
-442
-549
-606
-610
-590
-563
-543
-537
-558
-594
-622
-613
-560
-483
-412
-369
-368
-405
-469
-543
-607
-640
-631
-592
-548
-522
-508
-488
-443
-385
-332
-291
-257
-227
-195
-152
-86
2
85
142
176
220
292
370
418
423
405
387
376
380
411
473
543
593
606
585
531
445
347
265
215
174
116
43
-22
-61
-85
-113
-152
-198
-247
-302
-357
-411
-474
-557
-654
-743
-804
-837
-857
-872
-868
-837
-793
-768
-781
-820
-850
-837
-770
-654
-516
-399
-331
-305
-285
-254
-225
-220
-227
-217
-181
-142
-123
-107
-67
-10
38
59
68
81
86
73
54
58
101
181
280
384
474
543
592
642
704
778
851
917
961
971
944
902
885
904
922
895
803
674
555
475
428
384
319
237
160
104
69
34
-18
-88
-158
-209
-243
-280
-333
-391
-429
-439
-434
-437
-461
-497
-539
-577
-607
-615
-597
-562
-528
-506
-491
-461
-409
-357
-331
-335
-345
-340
-321
-297
-268
-234
-208
-206
-212
-195
-143
-86
-57
-58
-59
-35
15
74
122
151
161
168
182
193
182
140
91
68
83
127
185
242
275
265
215
146
84
50
50
70
92
93
67
24
-21
-68
-117
-158
-174
-159
-128
-109
-123
-163
-201
-204
-155
-81
-29
-31
-74
-112
-109
-70
-32
-28
-59
-98
-114
-111
-103
-94
-76
-31
32
94
143
186
226
254
264
261
259
270
301
357
424
475
486
472
468
500
560
621
661
672
655
623
595
581
570
548
526
521
540
569
579
566
541
514
478
422
344
270
219
182
130
54
-26
-90
-147
-220
-317
-425
-534
-626
-683
-684
-651
-619
-612
-626
-643
-663
-687
-698
-664
-583
-494
-442
-437
-457
-467
-460
-439
-419
-404
-404
-417
-433
-437
-425
-397
-348
-273
-182
-93
-21
42
99
140
146
118
89
78
78
73
55
28
-5
-43
-78
-99
-106
-111
-123
-134
-132
-115
-101
-101
-116
-133
-142
-145
-146
-156
-172
-190
-207
-224
-244
-258
-256
-233
-195
-164
-146
-139
-146
-163
-183
-185
-153
-101
-57
-43
-48
-49
-40
-23
-5
17
34
38
38
59
112
163
176
155
149
201
290
371
422
454
486
501
482
444
431
474
550
609
630
622
617
630
652
681
712
740
748
731
696
662
633
608
598
615
659
699
704
674
631
602
589
580
562
531
496
464
438
407
367
321
276
243
215
176
118
46
-30
-103
-173
-240
-294
-322
-328
-330
-353
-403
-470
-533
-580
-615
-643
-663
-660
-626
-580
-554
-572
-622
-677
-707
-704
-672
-624
-573
-521
-456
-376
-297
-245
-226
-215
-184
-136
-85
-38
12
59
91
101
97
80
50
22
17
39
65
65
44
27
28
34
29
22
20
25
23
12
-6
-26
-40
-49
-70
-124
-208
-278
-290
-249
-207
-214
-270
-343
-406
-442
-456
-455
-440
-407
-352
-287
-248
-257
-302
-353
-396
-427
-437
-403
-329
-248
-203
-204
-232
-269
-301
-319
-307
-260
-188
-110
-39
13
49
77
119
184
261
327
369
391
408
431
469
516
563
595
612
624
645
672
697
705
688
653
614
583
567
569
592
631
663
664
632
592
565
554
542
517
481
446
425
427
454
496
528
526
484
405
298
177
55
-58
-158
-250
-333
-398
-438
-445
-427
-401
-387
-394
-416
-433
-439
-434
-421
-399
-371
-353
-371
-429
-501
-541
-536
-508
-488
-489
-498
-505
-514
-525
-529
-505
-440
-339
-210
-78
31
89
80
16
-53
-74
-27
57
126
155
156
148
131
100
59
23
-1
-11
-5
24
66
102
117
113
100
82
69
59
42
7
-47
-106
-149
-170
-167
-140
-106
-94
-119
-168
-206
-213
-198
-176
-146
-111
-95
-131
-219
-315
-370
-377
-355
-327
-296
-249
-181
-92
-1
86
159
217
266
308
332
317
254
157
58
-10
-32
-2
80
199
327
427
484
502
493
463
409
336
265
217
205
225
261
294
305
279
212
133
81
71
82
83
64
54
73
120
174
226
268
287
276
241
213
208
212
199
168
137
120
114
105
89
79
85
112
147
173
179
162
144
142
149
146
125
99
84
82
77
59
32
7
-9
-26
-60
-108
-153
-177
-185
-201
-236
-277
-306
-328
-360
-397
-404
-365
-303
-258
-246
-260
-289
-334
-392
-450
-502
-547
-580
-578
-526
-439
-353
-300
-286
-296
-315
-329
-335
-335
-343
-371
-417
-467
-504
-516
-493
-428
-315
-173
-39
54
100
108
87
45
-4
-31
-21
20
63
94
111
120
121
114
98
81
76
95
147
229
320
394
431
420
369
298
233
198
203
237
266
256
199
112
33
-14
-26
-11
26
88
170
249
299
311
291
258
224
203
205
227
247
239
197
133
69
24
9
19
44
70
88
100
109
116
117
106
81
43
2
-34
-63
-87
-99
-81
-25
53
118
141
116
51
-36
-122
-177
-179
-121
-21
82
148
162
135
84
26
-32
-78
-97
-90
-72
-62
-65
-77
-96
-119
-141
-151
-145
-119
-85
-64
-76
-112
-145
-148
-119
-71
-16
34
61
52
13
-41
-103
-176
-251
-303
-306
-261
-202
-150
-118
-99
-87
-80
-75
-81
-105
-145
-196
-241
-273
-280
-245
-168
-78
-15
-7
-35
-75
-117
-162
-202
-205
-166
-121
-114
-156
-218
-262
-282
-281
-259
-208
-131
-53
8
54
91
120
132
125
118
121
129
122
93
49
12
-6
2
43
106
169
199
190
161
142
137
126
100
77
81
106
124
115
92
81
95
124
153
172
178
165
139
122
133
178
237
293
325
322
288
230
171
119
72
28
-4
-12
3
23
35
36
39
49
66
85
104
126
148
150
112
35
-44
-87
-84
-60
-50
-63
-88
-111
-127
-132
-117
-80
-37
-16
-29
-71
-118
-151
-167
-166
-148
-122
-100
-91
-86
-78
-69
-73
-88
-91
-60
-6
32
28
-14
-61
-93
-109
-112
-107
-95
-85
-92
-112
-134
-147
-144
-131
-111
-80
-37
16
64
103
116
88
22
-51
-92
-82
-30
24
55
66
67
69
67
55
36
14
-12
-28
-15
29
86
114
99
60
33
30
37
35
28
25
24
21
20
28
40
37
12
-23
-45
-50
-54
-63
-69
-65
-50
-35
-27
-23
-31
-52
-77
-89
-78
-52
-24
7
52
109
154
165
133
71
6
-32
-32
-6
18
22
15
13
24
38
35
8
-27
-44
-19
40
104
139
133
101
64
37
38
62
91
89
40
-35
-88
-95
-71
-56
-71
-97
-109
-80
-15
63
121
139
112
53
-11
-61
-83
-79
-55
-29
-18
-23
-31
-35
-39
-52
-58
-37
15
73
99
89
53
8
-40
-77
-89
-72
-41
-16
0
10
17
17
2
-18
-30
-23
9
47
67
56
18
-25
-53
-60
-47
-23
12
46
71
72
38
-16
-67
-88
-78
-49
-14
23
51
62
48
28
24
43
63
66
55
40
34
34
39
43
45
37
18
1
0
17
37
52
69
102
150
188
185
127
26
-79
-151
-173
-158
-131
-100
-59
-7
36
38
0
-44
-63
-51
-34
-25
-17
-1
17
21
12
5
13
32
46
43
26
7
-3
9
50
98
120
89
13
-71
-122
-133
-119
-98
-76
-52
-26
-12
-17
-42
-62
-59
-34
-10
-2
-11
-23
-38
-60
-83
-90
-68
-31
-2
1
-17
-45
-77
-104
-122
-119
-89
-31
45
117
159
154
111
64
42
55
83
101
91
52
7
-29
-45
-52
-65
-79
-71
-19
68
151
194
181
127
56
-4
-30
-16
24
61
72
61
45
38
39
44
50
59
65
57
37
11
-17
-44
-61
-59
-38
-14
-7
-21
-48
-85
-125
-162
-177
-162
-118
-52
25
101
155
172
149
99
36
-28
-87
-131
-154
-149
-107
-30
60
130
161
156
130
90
38
-20
-75
-117
-130
-107
-57
0
47
80
110
126
110
64
4
-47
-81
-92
-72
-13
62
118
139
122
82
32
-22
-75
-123
-164
-195
-204
-180
-123
-43
45
122
174
187
169
140
113
81
35
-21
-64
-75
-47
0
43
62
52
20
-19
-55
-83
-92
-80
-50
-16
12
25
16
-10
-42
-60
-56
-39
-29
-29
-37
-47
-67
-96
-128
-146
-147
-130
-96
-56
-24
-17
-29
-39
-26
6
37
51
55
48
25
-18
-54
-51
-6
54
91
99
95
96
106
118
129
128
107
75
51
55
75
84
71
45
27
25
34
42
39
20
0
-12
-18
-35
-59
-66
-35
17
45
23
-29
-74
-93
-93
-87
-83
-80
-81
-76
-54
-15
30
68
88
93
88
79
75
75
71
55
30
8
1
-1
-4
-4
17
62
111
143
143
115
72
22
-27
-59
-59
-29
13
50
74
84
75
58
42
37
38
31
9
-13
-20
-7
11
18
8
-11
-33
-52
-70
-83
-96
-104
-104
-94
-76
-62
-54
-42
-13
29
61
58
15
-45
-91
-107
-99
-86
-89
-112
-140
-148
-133
-103
-71
-39
-4
33
58
66
59
54
72
114
156
171
146
98
60
48
53
65
79
106
139
159
155
130
97
65
31
-5
-32
-42
-35
-21
-2
15
31
37
25
-6
-56
-117
-169
-190
-176
-146
-121
-108
-95
-74
-53
-48
-58
-65
-53
-20
23
57
72
63
29
-19
-67
-104
-114
-89
-33
29
68
69
52
54
93
150
185
176
133
84
42
3
-42
-88
-117
-117
-98
-77
-59
-42
-24
-10
1
14
39
66
65
30
-20
-49
-40
-9
20
38
51
69
85
85
66
38
21
20
25
25
26
37
65
100
122
123
101
63
27
12
22
48
70
78
79
71
56
38
25
27
33
24
-1
-22
-17
8
20
-12
-93
-191
-265
-279
-228
-138
-49
8
24
5
-39
-100
-152
-170
-150
-115
-98
-105
-136
-174
-197
-177
-105
-5
79
114
105
75
37
-3
-26
-16
32
88
122
128
123
118
110
94
77
71
80
90
93
77
46
5
-20
-3
60
136
181
170
111
26
-68
-154
-208
-196
-115
-9
61
69
39
19
22
35
50
75
115
144
125
56
-31
-88
-96
-62
-6
58
106
120
99
63
36
28
32
29
8
-32
-81
-123
-137
-110
-39
48
113
128
99
45
-20
-93
-164
-212
-211
-162
-91
-26
15
30
23
18
26
47
65
73
68
51
21
-21
-53
-54
-18
36
73
76
36
-29
-89
-115
-101
-69
-39
-12
17
50
69
58
22
-12
-17
11
55
87
90
52
-10
-66
-84
-52
9
70
103
97
58
2
-39
-40
-6
35
55
46
22
-4
-24
-35
-40
-42
-40
-33
-20
-13
-27
-60
-94
-107
-104
-100
-97
-80
-44
-6
8
-9
-33
-42
-27
-5
3
-13
-48
-91
-119
-113
-71
-9
44
73
84
94
102
97
68
35
16
14
17
23
33
48
60
67
76
84
76
39
-9
-38
-27
17
79
138
171
169
139
108
94
89
68
40
15
2
-18
-54
-85
-91
-74
-57
-49
-38
-15
12
28
38
41
36
12
-25
-60
-82
-89
-79
-44
0
30
21
-15
-45
-50
-38
-27
-15
2
23
36
23
-8
-45
-72
-88
-93
-86
-71
-49
-17
21
56
76
75
54
21
-18
-58
-86
-96
-87
-70
-56
-44
-24
6
41
63
65
56
56
73
94
93
64
26
13
33
66
92
107
124
136
134
99
31
-49
-113
-140
-119
-70
-25
-15
-39
-65
-61
-24
18
35
25
3
-11
-23
-37
-48
-38
-7
25
40
36
19
-1
-28
-62
-99
