
-441
-494
-436
-530
-466
-463
-424
-464
-362
-401
-372
-434
-395
-334
-408
-342
-432
-365
-370
-385
-419
-326
-406
-306
-450
-315
-282
-390
-347
-313
-261
-267
-211
-294
-195
-159
-115
-114
-123
-106
-88
-3
-79
-88
32
-128
-82
-117
-124
-141
-31
-63
-32
29
5
77
29
33
30
15
58
76
116
143
142
100
192
125
199
195
132
215
178
220
292
237
243
277
319
356
376
427
376
361
434
394
387
410
493
444
465
498
428
528
451
393
472
452
435
444
511
554
560
495
511
522
499
503
481
434
385
400
349
374
326
354
297
247
308
178
254
77
191
148
123
198
192
190
152
155
61
105
-26
102
73
70
74
88
95
55
133
18
78
64
7
61
-10
-13
-94
-44
-93
-91
-87
-181
-158
-283
-221
-301
-301
-357
-325
-370
-390
-382
-391
-407
-412
-461
-409
-377
-479
-389
-473
-402
-431
-468
-478
-476
-426
-501
-441
-424
-495
-440
-429
-503
-407
-476
-436
-333
-475
-476
-453
-480
-443
-502
-429
-478
-426
-412
-374
-308
-373
-278
-353
-301
-278
-276
-222
-302
-282
-242
-257
-219
-200
-263
-304
-281
-224
-228
-263
-271
-260
-146
-176
-91
-72
-109
-63
-38
26
2
21
6
120
44
138
133
150
205
170
303
226
359
353
395
394
436
394
425
474
400
361
418
456
440
452
481
457
423
497
516
449
427
388
458
374
338
373
386
401
370
473
428
429
444
371
467
391
436
429
554
584
500
653
539
638
490
574
521
426
380
350
393
344
360
340
377
365
310
284
294
196
236
200
141
182
170
179
123
83
93
72
44
41
10
-4
-27
-22
-18
-125
-89
-194
-182
-195
-220
-222
-202
-283
-339
-352
-300
-340
-324
-312
-330
-315
-299
-316
-322
-409
-440
-452
-408
-375
-391
-372
-497
-434
-449
-567
-491
-579
-540
-480
-473
-441
-440
-473
-372
-460
-552
-432
-451
-388
-472
-308
-398
-221
-342
-299
-275
-298
-245
-315
-231
-320
-273
-400
-288
-405
-354
-398
-336
-342
-344
-310
-252
-265
-296
-197
-306
-296
-320
-315
-288
-239
-243
-239
-193
-264
-177
-116
-101
-76
-28
-7
1
66
81
80
137
114
85
188
150
176
212
216
261
257
309
253
246
300
331
359
329
412
341
406
385
451
401
375
436
408
490
378
486
454
532
609
528
609
612
607
544
613
571
463
487
463
458
477
488
404
481
438
435
444
396
451
401
358
291
431
336
285
386
292
347
345
335
287
270
306
218
302
229
179
191
167
110
171
131
124
89
30
64
57
-39
-14
-100
-126
-162
-215
-89
-199
-145
-220
-121
-127
-231
-195
-286
-202
-264
-233
-301
-304
-259
-369
-258
-380
-348
-366
-410
-359
-374
-448
-389
-350
-293
-331
-403
-329
-325
-368
-387
-421
-411
-468
-421
-426
-355
-386
-346
-386
-407
-410
-394
-453
-436
-417
-371
-381
-276
-217
-304
-259
-326
-312
-427
-359
-347
-372
-432
-393
-273
-358
-333
-355
-297
-238
-248
-122
-180
-173
-92
-72
-104
-126
-17
-30
-81
-72
-91
-67
-78
-163
-60
-89
-115
-29
-50
4
-90
-12
-59
94
-57
41
131
72
168
90
212
36
190
94
184
160
89
255
212
351
221
280
367
308
471
405
446
431
436
399
448
439
347
411
406
421
386
456
428
424
450
468
487
433
496
466
486
430
483
429
413
514
422
483
420
383
354
315
294
226
324
299
316
399
330
410
417
450
489
426
385
400
360
317
247
233
211
182
116
144
99
152
128
174
94
89
118
95
79
40
-51
-61
-61
-130
-128
-195
-153
-285
-234
-251
-343
-315
-345
-267
-367
-346
-362
-447
-348
-498
-403
-454
-442
-456
-419
-447
-429
-477
-516
-455
-558
-503
-532
-453
-557
-472
-479
-571
-506
-543
-530
-634
-557
-599
-589
-568
-588
-443
-477
-420
-431
-378
-346
-408
-298
-361
-303
-326
-305
-216
-278
-142
-154
-171
-101
-65
-65
-50
-32
-17
-4
-58
-74
20
-19
-88
-91
-34
-10
-37
-16
-16
-12
-29
-13
-11
-37
-19
-101
-17
-89
-29
-64
24
87
81
88
80
129
81
184
167
170
277
198
284
330
284
322
348
354
343
363
370
419
431
428
435
375
411
412
440
471
434
485
478
582
516
535
495
515
550
452
499
464
476
485
396
409
311
391
300
345
255
326
296
208
269
221
257
311
318
194
237
92
221
141
65
125
53
107
141
238
208
203
143
138
143
146
100
88
117
-5
17
24
-3
-59
-49
-69
-82
-76
-120
-112
-168
-167
-100
-200
-162
-184
-152
-148
-243
-203
-368
-324
-424
-358
-441
-441
-451
-420
-406
-434
-473
-507
-541
-538
-548
-439
-431
-430
-422
-452
-381
-423
-445
-465
-408
-436
-459
-492
-462
-450
-486
-447
-451
-421
-479
-467
-424
-386
-335
-352
-375
-349
-345
-309
-230
-230
-294
-276
-272
-332
-258
-210
-204
-150
-137
-193
-117
-106
-100
-83
-114
-101
-83
-2
-27
-24
21
-60
30
37
105
35
53
46
16
97
13
69
89
168
173
223
223
248
266
339
304
373
328
445
375
429
438
409
469
356
498
449
474
439
464
510
481
528
513
466
541
424
515
538
482
500
428
484
425
459
357
374
372
373
393
418
474
454
483
457
460
407
479
391
335
416
431
386
371
350
373
328
298
263
212
146
102
101
99
147
10
16
-11
-66
32
-70
-45
-73
-94
-39
-20
-1
-89
25
-107
-133
-162
-204
-241
-329
-258
-314
-234
-297
-291
-340
-296
-242
-407
-277
-321
-357
-238
-370
-321
-386
-407
-429
-371
-347
-409
-377
-366
-342
-404
-204
-445
-309
-435
-335
-368
-380
-374
-510
-416
-534
-487
-545
-532
-531
-478
-539
-363
-372
-383
-407
-326
-301
-336
-273
-315
-245
-270
-228
-210
-268
-243
-244
-273
-237
-177
-299
-214
-178
-200
-151
-129
-136
-65
-69
-96
-62
-91
59
0
146
46
125
121
75
54
-23
7
-10
54
32
181
256
194
261
302
299
323
188
336
240
240
276
309
350
375
485
426
446
353
394
415
361
383
314
376
348
341
366
303
379
304
382
380
440
392
457
498
432
516
463
538
534
532
538
504
452
448
357
417
394
320
356
348
245
409
350
344
347
296
346
191
257
281
244
192
200
223
127
159
123
69
124
11
43
-3
79
-16
-86
-103
-132
-107
-167
-180
-208
-180
-170
-190
-175
-223
-266
-224
-293
-193
-277
-298
-224
-224
-257
-316
-333
-294
-312
-323
-392
-293
-312
-359
-343
-313
-334
-330
-412
-372
-384
-478
-404
-459
-437
-440
-476
-395
-435
-434
-410
-461
-391
-473
-444
-419
-463
-492
-407
-476
-435
-433
-451
-442
-460
-421
-399
-409
-347
-321
-338
-326
-325
-275
-229
-203
-177
-238
-196
-207
-189
-208
-197
-163
-237
-166
-218
-187
-138
-101
-121
-12
-100
-57
21
-39
3
21
-1
0
99
75
129
154
137
202
132
263
249
274
242
222
281
235
293
253
345
269
294
341
342
450
367
470
465
474
559
451
521
502
506
462
448
476
474
414
451
468
335
420
421
381
550
492
381
524
442
452
423
373
279
310
271
339
347
298
347
325
336
299
310
297
226
270
327
297
361
327
306
295
227
221
185
192
159
62
139
85
17
118
76
-13
24
-14
-27
-11
-97
-125
-109
-127
-164
-224
-131
-197
-255
-286
-250
-273
-176
-267
-245
-231
-201
-227
-263
-239
-389
-303
-406
-306
-344
-290
-319
-275
-302
-265
-301
-411
-309
-397
-337
-386
-408
-363
-378
-360
-365
-337
-439
-344
-416
-371
-416
-495
-418
-550
-451
-522
-447
-499
-500
-437
-456
-436
-421
-414
-423
-417
-364
-284
-337
-237
-282
-266
-292
-240
-230
-226
-198
-243
-139
-142
-137
-116
-175
-95
-128
-146
-41
-148
20
-59
15
57
67
59
-2
58
29
40
18
49
116
112
124
207
214
232
341
299
321
319
343
345
368
331
334
387
364
307
246
261
300
271
252
252
236
282
209
353
302
312
322
311
377
337
441
361
450
515
469
498
424
481
488
473
416
486
468
436
514
396
568
443
488
477
470
518
413
443
448
451
291
368
312
336
368
284
288
270
231
247
198
261
135
108
173
81
92
72
70
0
-24
-69
-128
-230
-143
-218
-202
-240
-328
-245
-309
-288
-297
-320
-389
-350
-329
-313
-265
-254
-255
-309
-269
-319
-251
-304
-383
-328
-289
-286
-261
-227
-263
-296
-282
-324
-330
-366
-394
-390
-457
-422
-487
-425
-444
-473
-417
-492
-428
-462
-425
-468
-508
-436
-464
-366
-463
-415
-437
-466
-468
-445
-503
-535
-448
-485
-446
-428
-444
-395
-299
-496
-326
-333
-375
-283
-270
-216
-232
-151
-191
-110
-79
-19
-12
7
10
97
105
114
108
125
152
137
198
179
212
247
222
241
290
229
289
267
255
358
338
379
383
339
427
381
439
339
362
337
326
365
277
380
298
408
381
390
426
311
401
356
408
284
347
368
334
438
405
438
415
487
461
525
442
489
467
354
439
385
356
350
271
273
354
287
309
330
321
380
319
391
403
295
291
316
320
261
316
321
258
281
206
256
136
162
89
94
122
-13
49
24
-7
-4
-44
-112
-99
-159
-21
-138
-107
-134
-207
-98
-225
-213
-266
-321
-426
-420
-409
-422
-429
-488
-439
-379
-395
-475
-431
-474
-520
-535
-577
-550
-562
-501
-519
-500
-437
-410
-409
-410
-385
-385
-401
-377
-293
-387
-240
-346
-337
-314
-310
-351
-404
-351
-459
-422
-417
-362
-379
-351
-273
-287
-197
-252
-171
-203
-232
-198
-230
-188
-281
-244
-268
-244
-270
-223
-143
-85
-91
-114
-66
-97
-29
-51
-46
-77
-44
-44
-11
52
0
91
80
43
122
103
129
178
114
113
128
179
143
169
145
193
217
113
194
230
224
208
337
262
323
381
337
421
421
461
378
430
466
438
484
410
360
369
348
375
391
316
350
401
367
406
315
436
378
372
410
415
449
355
344
334
333
306
348
316
314
256
230
281
279
244
245
284
255
213
257
275
231
163
213
202
234
263
186
288
257
217
178
188
170
177
117
19
39
3
25
-39
50
-14
-76
-43
-167
-150
-163
-239
-253
-200
-230
-235
-124
-232
-237
-297
-293
-363
-359
-286
-323
-260
-374
-292
-319
-293
-332
-337
-333
-377
-360
-305
-270
-313
-383
-293
-312
-280
-328
-323
-359
-344
-372
-362
-391
-379
-325
-355
-354
-381
-378
-430
-436
-486
-511
-478
-488
-442
-373
-454
-373
-439
-345
-378
-340
-345
-386
-307
-338
-251
-249
-298
-295
-269
-275
-297
-288
-299
-227
-227
-221
-186
-151
-126
-112
-86
-99
6
-70
21
45
84
97
79
194
186
216
204
199
226
256
228
254
302
264
343
336
364
278
385
327
306
336
209
288
254
323
402
413
399
453
411
408
438
331
386
382
416
494
481
540
410
481
499
452
481
417
494
514
477
518
508
478
506
502
502
510
490
478
485
467
384
415
382
356
271
243
156
175
148
104
174
152
194
175
166
205
146
155
175
199
103
120
120
59
26
-38
-39
-44
-104
-172
-86
-192
-158
-194
-106
-190
-243
-219
-211
-295
-302
-350
-359
-331
-377
-327
-337
-300
-295
-280
-271
-213
-254
-239
-205
-285
-257
-209
-395
-253
-403
-410
-384
-400
-470
-510
-512
-486
-464
-516
-420
-515
-447
-426
-391
-452
-489
-459
-445
-498
-462
-502
-507
-481
-503
-463
-463
-453
-384
-388
-505
-388
-407
-409
-304
-353
-266
-290
-245
-238
-180
-217
-166
-142
-113
-96
-25
-8
-35
-46
-46
5
17
34
61
125
123
103
139
168
216
259
196
277
351
374
337
324
311
292
327
380
360
410
387
349
464
383
487
426
511
433
385
458
403
427
326
410
378
338
403
376
422
464
490
489
513
532
418
498
460
370
362
415
361
382
447
423
397
377
369
346
302
347
365
294
420
353
393
517
402
409
336
333
259
269
263
201
152
119
167
83
66
-10
38
-38
-19
3
-24
-97
-96
-67
-180
-102
-117
-133
-62
-128
-71
-154
-226
-181
-176
-265
-347
-308
-369
-348
-299
-369
-395
-346
-325
-328
-351
-374
-406
-414
-477
-483
-462
-513
-471
-556
-574
-465
-534
-473
-459
-472
-458
-449
-454
-460
-454
-427
-523
-482
-492
-473
-468
-486
-435
-441
-441
-410
-463
-411
-429
-401
-326
-425
-291
-276
-224
-208
-228
-256
-192
-196
-262
-160
-175
-254
-217
-175
-208
-206
-183
-153
-147
-65
-42
1
31
114
135
111
161
146
155
241
217
262
232
247
265
271
269
281
282
286
229
260
337
311
386
338
368
420
424
456
486
498
410
403
306
405
391
364
378
403
436
374
381
407
397
365
418
378
450
495
496
523
532
447
469
341
336
314
292
280
198
305
306
303
299
338
318
253
353
295
297
290
346
285
277
273
310
274
150
312
172
291
174
220
234
189
266
127
223
120
181
48
40
-28
-74
-68
-187
-135
-233
-203
-281
-314
-226
-269
-267
-248
-353
-290
-285
-372
-335
-316
-430
-382
-321
-417
-363
-376
-449
-431
-402
-468
-440
-459
-432
-424
-482
-459
-394
-437
-425
-458
-447
-398
-378
-307
-317
-309
-290
-284
-345
-355
-269
-313
-295
-357
-380
-351
-327
-262
-309
-291
-308
-357
-166
-274
-179
-231
-243
-182
-245
-150
-187
-162
-179
-120
-166
-92
-114
-144
-117
-241
-189
-217
-219
-235
-168
-188
-179
-78
-223
-172
-169
-179
-197
-124
-163
-155
-18
-83
38
14
60
96
80
150
177
261
214
302
281
245
311
302
373
388
372
381
412
428
413
436
331
362
352
316
443
437
574
550
586
551
560
567
527
509
489
465
444
487
501
476
394
408
337
304
327
316
342
334
260
284
255
308
307
284
219
192
212
151
183
162
187
147
195
205
198
170
146
163
222
116
101
86
67
72
44
43
29
71
28
84
13
-37
60
1
-69
45
-91
-179
-52
-167
-158
-114
-229
-170
-184
-211
-220
-193
-268
-312
-289
-323
-258
-308
-256
-170
-237
-192
-168
-166
-118
-158
-154
-127
-265
-266
-232
-341
-332
-371
-419
-401
-415
-398
-440
-401
-484
-406
-469
-422
-476
-452
-432
-458
-412
-537
-459
-532
-476
-529
-484
-534
-535
-495
-475
-410
-450
-361
-415
-309
-357
-188
-242
-253
-159
-162
-88
-128
-131
-103
-93
-181
-152
-151
-163
-180
-73
-103
-36
18
65
153
63
181
118
137
172
111
202
109
150
207
204
180
214
191
181
174
96
155
136
133
232
188
269
278
265
328
291
289
317
283
311
314
370
371
387
407
379
367
440
529
565
618
581
657
473
654
542
488
560
416
482
449
444
424
393
359
408
339
325
367
268
347
387
327
302
341
296
283
297
325
307
261
305
215
185
170
166
59
90
118
68
111
-1
46
8
-63
-65
-85
-165
-150
-98
-137
-129
-143
-202
-144
-246
-207
-203
-350
-316
-387
-265
-427
-332
-408
-389
-379
-387
-422
-396
-354
-435
-441
-393
-337
-424
-382
-373
-292
-360
-395
-390
-420
-384
-372
-445
-463
-423
-436
-447
-452
-465
-481
-545
-465
-457
-449
-464
-480
-423
-441
-435
-409
-420
-434
-447
-378
-373
-380
-373
-385
-375
-410
-426
-420
-380
-383
-328
-292
-271
-234
-215
-207
-185
-161
-94
-133
-97
-47
-38
-7
9
-31
-13
-26
58
160
115
246
242
319
326
395
422
427
411
510
534
474
532
560
547
526
535
605
598
524
606
543
453
516
491
500
463
494
498
460
513
497
442
476
436
388
341
369
390
361
366
326
338
247
281
400
200
253
232
229
191
249
176
226
219
197
269
282
272
268
332
329
386
338
313
360
307
321
336
392
333
463
392
380
412
326
342
328
378
192
266
156
86
140
57
-41
-93
-135
-182
-209
-259
-259
-295
-434
-335
-385
-420
-384
-381
-456
-424
-426
-445
-439
-451
-464
-521
-485
-502
-529
-605
-592
-611
-681
-623
-646
-643
-647
-714
-653
-568
-552
-583
-456
-528
-458
-425
-456
-401
-503
-506
-479
-503
-556
-450
-537
-493
-493
-510
-435
-429
-358
-353
-257
-383
-254
-417
-291
-279
-343
-205
-297
-200
-162
-125
-65
-94
-67
-55
-47
-63
-70
-53
4
-64
7
75
91
87
82
134
90
171
175
252
174
269
238
318
253
304
320
351
395
366
471
415
505
361
463
383
469
408
330
418
380
378
378
360
342
261
319
350
321
365
377
401
368
462
420
478
503
514
475
495
493
451
474
413
452
355
388
353
346
313
363
410
383
359
419
395
480
402
288
418
310
293
200
113
169
179
157
96
180
135
111
84
76
142
34
140
187
173
184
182
125
122
60
37
35
20
25
37
-58
16
-36
-138
-115
-163
-264
-339
-339
-348
-397
-342
-468
-449
-446
-459
-435
-518
-520
-554
-495
-464
-465
-428
-426
-393
-465
-384
-340
-389
-350
-397
-403
-338
-362
-472
-388
-524
-502
-497
-541
-553
-503
-446
-451
-403
-397
-298
-381
-312
-339
-366
-371
-341
-350
-362
-326
-420
-353
-364
-338
-394
-371
-303
-362
-303
-227
-242
-187
-145
-93
5
-10
82
72
105
95
125
94
76
1
-2
82
69
202
43
184
100
160
138
104
93
43
167
64
230
89
264
175
276
293
322
438
461
530
506
699
632
747
730
733
786
704
786
800
798
693
622
638
427
471
305
209
104
-5
-68
-173
-148
-189
-190
-230
-316
-310
-292
-327
-275
-240
-316
-236
-250
-150
-215
-193
-154
-173
-136
-33
6
39
84
31
90
112
129
112
187
124
222
204
159
199
238
280
406
577
620
856
974
1139
1271
1417
1387
1499
1549
1523
1481
1387
1273
1020
947
767
598
359
264
141
-43
-253
-403
-489
-576
-750
-844
-936
-1021
-1065
-1142
-1103
-1093
-1062
-1000
-937
-841
-799
-816
-639
-597
-567
-497
-495
-544
-448
-534
-528
-612
-720
-720
-799
-896
-875
-882
-937
-904
-860
-818
-829
-803
-692
-666
-543
-533
-419
-317
-265
-136
-94
-20
133
281
294
442
553
671
760
845
899
818
886
828
721
693
547
420
260
163
44
-147
-312
-368
-500
-542
-634
-662
-645
-742
-734
-826
-742
-794
-788
-772
-829
-778
-765
-828
-797
-817
-837
-832
-868
-830
-837
-769
-808
-642
-682
-562
-522
-481
-372
-413
-350
-295
-196
-226
-73
67
248
502
786
1047
1338
1633
1929
2120
2385
2533
2643
2759
2657
2794
2629
2562
2349
2207
2017
1821
1556
1332
1178
853
590
406
235
13
-149
-386
-458
-490
-613
-574
-600
-671
-594
-490
-400
-304
-282
-190
-40
-9
110
244
295
248
332
258
250
208
147
46
-69
-141
-261
-344
-492
-548
-549
-447
-578
-438
-335
-260
-132
12
119
206
264
299
398
422
420
382
336
327
201
99
-33
-170
-327
-481
-548
-686
-805
-883
-1085
-1130
-1262
-1323
-1346
-1522
-1503
-1549
-1537
-1690
-1656
-1732
-1710
-1694
-1850
-1592
-1630
-1522
-1601
-1450
-1333
-1276
-1386
-1396
-1365
-1487
-1510
-1378
-1037
-653
-427
-266
228
837
1424
1864
2302
2703
2960
2947
2933
3008
2904
2396
1835
1651
1570
1070
587
296
107
-128
-623
-887
-870
-1048
-1235
-1453
-1503
-1284
-1275
-1277
-1313
-1086
-841
-831
-563
-259
47
194
445
773
1057
1233
1322
1398
1424
1515
1299
1263
1080
873
517
126
-7
-167
-244
-604
-618
-602
-626
-506
-580
-315
-286
-142
-182
8
326
475
448
497
620
760
847
890
1093
1121
1373
1424
1755
1896
2016
2166
2131
2093
1945
1954
1747
1477
1256
938
742
484
261
-60
-299
-545
-640
-727
-820
-749
-789
-875
-760
-734
-765
-729
-854
-893
-1087
-1186
-1285
-1425
-1688
-1888
-1978
-2226
-2295
-2513
-2377
-2511
-2451
-2492
-2457
-2251
-2314
-2312
-2437
-2397
-2452
-2409
-2399
-1934
-1517
-1024
-539
-28
763
1652
2517
3194
3849
4274
4757
4846
4896
4897
4645
4178
3649
3298
2852
2329
1631
1124
671
144
-483
-998
-1245
-1655
-2035
-2350
-2520
-2468
-2720
-2872
-2930
-2869
-2712
-2705
-2527
-2216
-1918
-1642
-1327
-837
-305
86
448
748
948
1191
1243
1225
1186
908
597
159
-84
-357
-610
-1018
-1264
-1358
-1331
-1319
-1236
-1073
-976
-759
-650
-382
-149
119
47
139
157
282
435
422
532
535
806
977
1224
1475
1666
1810
1934
1941
1917
1964
1825
1544
1234
906
544
228
-115
-397
-705
-974
-916
-930
-888
-672
-602
-337
-90
122
295
367
388
258
194
-97
-287
-538
-869
-1179
-1521
-1644
-1807
-1947
-1959
-1926
-1987
-1966
-1859
-1855
-1944
-2114
-2256
-2350
-2311
-2082
-1786
-1345
-845
-301
477
1276
2223
3163
3867
4490
5037
5368
5610
5603
5531
5048
4570
4121
3734
3206
2420
1738
1157
679
-51
-589
-980
-1365
-1654
-2077
-2324
-2161
-2166
-2341
-2516
-2560
-2375
-2237
-2180
-1939
-1880
-1636
-1192
-943
-530
-284
37
320
470
772
914
885
873
809
471
159
-54
-279
-592
-1122
-1369
-1593
-1774
-1876
-1841
-1720
-1606
-1376
-1048
-785
-447
-11
140
251
486
714
872
855
864
906
865
922
951
949
873
821
826
668
592
496
356
69
-296
-574
-879
-1151
-1479
-1838
-2103
-2276
-2374
-2412
-2358
-2173
-1912
-1696
-1381
-927
-542
-178
-10
125
203
268
42
-172
-517
-852
-1234
-1532
-1904
-2133
-2332
-2511
-2590
-2643
-2501
-2367
-2271
-2039
-1532
-1024
-557
-239
155
745
1497
2214
2905
3438
3836
4231
4586
4990
5242
5172
5072
4971
4970
4728
4197
3648
3110
2555
1734
867
327
-106
-703
-1285
-1828
-2028
-2036
-2084
-2197
-2021
-1893
-1451
-1245
-999
-501
-352
44
135
409
678
873
988
984
865
939
1018
861
873
742
624
602
497
349
128
-124
-350
-595
-965
-1122
-1432
-1612
-1695
-1755
-1618
-1346
-956
-659
-246
197
790
1237
1710
1951
2155
2338
2286
2268
2009
1753
1414
962
592
280
-129
-486
-793
-1060
-1282
-1375
-1482
-1553
-1699
-1948
-2156
-2257
-2465
-2566
-2808
-2982
-3007
-2973
-2826
-2538
-2246
-1941
-1493
-1274
-927
-527
-399
-404
-504
-648
-913
-1171
-1656
-2079
-2394
-2822
-3097
-3215
-2841
-2361
-1859
-1456
-809
48
1044
2094
2926
3620
4021
4416
4558
4684
4682
4321
3686
3293
3071
2879
2404
2009
1722
1230
936
555
454
-56
-626
-1092
-1615
-1848
-2135
-2604
-3035
-3160
-3117
-2931
-2683
-2222
-1583
-1236
-749
89
843
1431
1943
2256
2353
2639
2769
2727
2444
2062
1748
1408
971
746
543
169
-5
-216
-378
-510
-412
-683
-826
-916
-1012
-1086
-1155
-1148
-1200
-1277
-1229
-956
-614
-426
-92
440
806
1391
1862
2229
2453
2557
2638
2565
2230
2053
1770
1203
739
358
-50
-437
-794
-1116
-1295
-1470
-1531
-1529
-1664
-1670
-1660
-1689
-1682
-1691
-1596
-1730
-1764
-1749
-1796
-1740
-1676
-1598
-1553
-1572
-1384
-1240
-1287
-1181
-1156
-1196
-1167
-1241
-1389
-1275
-945
-582
-396
-303
271
836
1494
2191
2899
3540
3900
4099
4326
4741
4766
4412
3990
3951
3981
3466
2896
2291
1860
1311
565
-82
-638
-1166
-1899
-2460
-3012
-3204
-3542
-3934
-4104
-4162
-3937
-3823
-3445
-3007
-2788
-2510
-1996
-1351
-833
-533
-14
326
718
1001
1426
1633
1753
1903
1897
2082
2098
2254
2080
1719
1580
1333
991
490
-75
-526
-1022
-1417
-1710
-2020
-2246
-2277
-2311
-2261
-2145
-1775
-1445
-1190
-725
-273
141
513
870
1096
1170
1346
1474
1450
1442
1538
1320
1190
1146
1015
928
548
396
211
-64
-366
-596
-1006
-1351
-1791
-2160
-2312
-2628
-2651
-2795
-2771
-2555
-2399
-2189
-1909
-1617
-1476
-1271
-1167
-940
-945
-979
-1105
-1138
-1104
-1178
-1283
-1435
-1486
-889
-409
106
473
933
1732
2339
3213
3876
4538
4820
4966
4929
5193
5250
4874
4379
3882
4037
3850
3432
3107
2849
2563
2152
1579
1156
703
-75
-678
-1504
-2022
-2304
-2932
-3436
-3748
-3731
-3497
-3325
-2898
-2532
-2201
-1714
-1136
-691
-248
86
428
500
623
955
1098
1100
1181
1221
1475
1527
1659
1957
1929
1953
1774
1672
1402
1209
798
323
-246
-752
-1201
-1635
-1862
-2135
-2425
-2516
-2360
-2175
-1987
-1739
-1365
-986
-639
-246
125
342
556
632
670
586
613
467
288
211
7
-30
-213
-279
-315
-421
-621
-855
-934
-1279
-1595
-1947
-2386
-2709
-3019
-3198
-3243
-3338
-3469
-3205
-2980
-2701
-2431
-2203
-1997
-1663
-1547
-1402
-1397
-1293
-1208
-1463
-1453
-1550
-1657
-1744
-1407
-984
-441
-55
395
1150
1880
2917
3642
4342
4911
5171
5339
5515
5688
5402
4956
4414
4327
4224
3690
3106
2763
2545
1988
1441
873
535
-24
-677
-1405
-1865
-2138
-2735
-3149
-3481
-3440
-3292
-3177
-2947
-2526
-2210
-1692
-1063
-618
-183
292
742
898
1043
1320
1723
1736
1681
1596
1679
1764
1706
1794
1524
1572
1555
1284
1137
1105
883
558
113
-291
-390
-734
-952
-969
-1216
-1392
-1199
-1008
-780
-594
-294
90
370
744
1114
1371
1489
1463
1371
1306
1173
1069
765
360
243
11
-197
-313
-406
-617
-885
-1073
-1219
-1383
-1743
-1982
-2337
-2639
-2779
-2965
-3059
-3168
-3195
-3059
-2959
-2743
-2483
-2278
-2219
-1956
-1891
-1871
-1829
-1818
-1865
-1984
-2058
-2107
-2222
-2011
-1518
-1067
-582
-172
511
1372
2192
3185
3867
4351
4763
5040
5251
5392
5274
4782
4263
4063
3943
3442
2874
2413
1956
1541
1059
480
-6
-614
-1089
-1745
-2294
-2511
-2908
-3427
-3773
-3880
-3745
-3629
-3392
-3015
-2739
-2376
-1767
-1170
-726
-276
83
501
773
1135
1430
1456
1555
1638
1619
1692
1664
1706
1520
1162
1258
952
615
442
154
-208
-527
-800
-1021
-1203
-1412
-1400
-1545
-1621
-1396
-1085
-880
-673
-207
147
592
1055
1485
1759
1798
2074
2040
1969
1903
1724
1489
1118
896
636
421
112
-107
-395
-583
-686
-912
-1113
-1436
-1614
-1841
-2064
-2222
-2470
-2436
-2466
-2411
-2335
-2173
-1920
-1725
-1529
-1446
-1214
-1037
-1048
-1067
-1119
-1151
-1248
-1357
-1525
-1423
-1018
-712
-256
131
730
1615
2431
3341
4198
4815
5351
5505
5739
5919
5830
5231
4495
4210
4213
3546
3036
2448
2186
1736
1149
839
335
-111
-763
-1336
-1932
-2178
-2665
-3301
-3853
-4129
-4020
-3974
-3758
-3430
-3177
-2917
-2283
-1700
-1162
-634
-434
10
182
567
964
902
980
939
1012
1045
1103
1126
1335
1081
983
996
779
598
229
-138
-448
-842
-1165
-1591
-1967
-2109
-2474
-2634
-2636
-2554
-2365
-2089
-1875
-1272
-856
-344
295
556
946
1161
1334
1493
1301
1172
989
715
540
443
274
-10
-119
-264
-403
-484
-606
-866
-1174
-1439
-1669
-1890
-2246
-2494
-2659
-2978
-2932
-2891
-2834
-2665
-2426
-2169
-2057
-1858
-1589
-1529
-1517
-1563
-1583
-1531
-1767
-1609
-1265
-873
-317
154
757
1632
2616
3583
4475
5112
5842
6157
6099
6223
6278
5754
5129
4495
4214
3761
3117
2775
2105
1505
1160
825
474
148
-338
-702
-1258
-1432
-1544
-2117
-2482
-2789
-3044
-2999
-2986
-2527
-2295
-2128
-1527
-988
-458
145
761
1083
1316
1470
1889
2085
1862
1861
1568
1420
1275
1138
1006
684
637
702
553
455
564
305
65
-55
-284
-456
-826
-1128
-1308
-1794
-1877
-2051
-2049
-2100
-2018
-1812
-1495
-1107
-569
-109
14
470
638
840
873
820
690
359
2
-118
-202
-572
-687
-946
-1063
-1033
-981
-1055
-1342
-1376
-1579
-1734
-1890
-2033
-2346
-2634
-2709
-2938
-2983
-3132
-2999
-2885
-3073
-2888
-2671
-2525
-2441
-2367
-2314
-2310
-2192
-2220
-2019
-1664
-1327
-808
-546
173
1092
1862
2871
3701
4545
5194
5601
5905
6204
6191
5769
5296
4872
4646
4115
3529
2952
2443
1824
1108
554
133
-548
-1132
-1623
-2152
-2310
-2674
-3017
-3346
-3558
-3585
-3525
-3321
-2833
-2460
-2155
-1488
-945
-211
356
783
1224
1473
1839
2215
2378
2273
2356
2262
2250
2106
1917
1866
1577
1347
1039
933
690
305
-55
-298
-597
-792
-947
-1339
-1301
-1497
-1502
-1480
-1321
-1132
-992
-753
-464
-109
259
655
843
1038
1094
1276
1409
1283
1066
845
595
447
183
56
-140
-290
-417
-526
-527
-555
-633
-1044
-1172
-1366
-1639
-1800
-2170
-2381
-2651
-2728
-2676
-2755
-2658
-2534
-2354
-2188
-2032
-1933
-1817
-1844
-1900
-2017
-2150
-2185
-1973
-1795
-1413
-1143
-734
71
878
1762
2650
3541
4330
5033
5362
5685
6004
5878
5488
4842
4588
4467
3648
2971
2384
1900
1267
713
113
-298
-858
-1345
-1833
-2358
-2450
-2870
-3317
-3780
-3954
-3896
-3950
-3933
-3622
-3291
-2972
-2298
-1752
-1147
-562
8
523
875
1451
1978
2082
2012
2215
2140
2205
1909
1661
1394
983
806
451
175
-46
-330
-700
-930
-1067
-1124
-1248
-1565
-1697
-1787
-1873
-1751
-1803
-1661
-1584
-1413
-1009
-734
-211
184
487
763
1005
1326
1451
1400
1309
1103
877
567
317
38
-254
-628
-841
-1049
-1270
-1191
-1366
-1646
-1686
-1796
-1809
-1853
-2077
-2124
-2253
-2267
-2309
-2285
-2187
-2103
-2103
-2049
-1857
-1737
-1571
-1549
-1399
-1429
-1328
-966
-603
-69
276
839
1472
2214
3149
3964
4672
5159
5687
5939
6326
6493
6342
5924
5446
5263
4905
4295
3610
3053
2478
1828
1284
750
190
-473
-1116
-1665
-2106
-2376
-2744
-3216
-3524
-3650
-3692
-3635
-3401
-3200
-2929
-2465
-1940
-1333
-722
-40
530
811
1160
1691
2076
2178
2128
2030
2074
1960
1772
1498
1300
1052
773
531
212
123
-143
-544
-910
-1066
-1268
-1535
-1678
-1953
-1979
-2199
-2284
-2097
-2108
-1935
-1760
-1495
-1192
-751
-305
146
326
597
796
746
735
681
424
55
-217
-493
-772
-1137
-1363
-1602
-1831
-1923
-2073
-2043
-2107
-2247
-2177
-2369
-2345
-2330
-2455
-2596
-2693
-3007
-3046
-2965
-3154
-3030
-3197
-3077
-2928
-2971
-2778
-2707
-2534
-2207
-1699
-1126
-515
41
729
1573
2461
3372
4162
4900
5354
5705
6126
6511
6449
6125
5758
5546
5401
4721
4130
3566
2863
2374
1693
1033
580
-55
-556
-1273
-1758
-1845
-2316
-2931
-3302
-3478
-3463
-3533
-3597
-3281
-2974
-2573
-1939
-1434
-651
31
619
1316
1754
2353
2850
3042
3174
3293
3108
3107
2955
2696
2405
1926
1731
1415
1047
887
584
229
-169
-293
-469
-689
-1032
-1255
-1429
-1563
-1654
-1677
-1572
-1696
-1493
-1268
-880
-452
-164
121
428
781
1054
1184
1217
1260
1071
807
631
438
137
-437
-840
-1091
-1431
-1707
-1916
-2040
-2253
-2426
-2365
-2520
-2572
-2553
-2622
-2705
-2783
-2830
-3053
-3088
-3266
-3266
-3395
-3474
-3414
-3598
-3426
-3364
-3210
-2755
-2349
-1693
-1025
-494
419
1292
2307
3210
3944
4601
5224
5578
5822
6156
5929
5632
5167
4913
4686
4013
3478
2917
2360
1865
1336
853
313
-299
-753
-1229
-1785
-2096
-2685
-3127
-3479
-3856
-4022
-4239
-4188
-4048
-3931
-3665
-2936
-2420
-1705
-1017
-365
423
844
1591
2138
2345
2555
2768
2796
2866
2675
2634
2333
2023
1871
1578
1281
1031
741
334
53
-251
-382
-677
-925
-1087
-1366
-1460
-1561
-1576
-1643
-1559
-1470
-1248
-977
-690
-301
-95
207
549
866
985
1002
1068
1044
953
775
598
351
13
-198
-434
-679
-907
-1102
-1214
-1324
-1385
-1400
-1490
-1775
-1681
-1800
-1924
-2031
-2286
-2327
-2496
-2583
-2788
-2890
-3043
-3071
-3195
-3349
-3310
-3145
-2711
-2379
-1751
-1109
-468
528
1437
2609
3613
4543
5243
5895
6272
6832
7005
6729
6442
5888
5751
5148
4405
3819
3136
2508
1959
1398
948
539
-143
-487
-1182
-1403
-1691
-2268
-2679
-3153
-3464
-3628
-3783
-3989
-3814
-3787
-3458
-2918
-2491
-1673
-1115
-324
332
828
1622
2054
2357
2501
2674
2554
2584
2441
2183
1878
1516
1436
1095
815
488
254
23
-381
-644
-844
-1089
-1401
-1647
-1937
-2149
-2168
-2230
-2358
-2437
-2299
-2015
-1841
-1633
-1353
-1066
-692
-383
-167
-70
61
173
62
-40
-151
-261
-448
-670
-877
-991
-1182
-1236
-1468
-1549
-1642
-1591
-1744
-1906
-1862
-1986
-2055
-2271
-2402
-2463
-2580
-2749
-2899
-3014
-3061
-3075
-3183
-3344
-3321
-3407
-3039
-2644
-2226
-1752
-1230
-352
556
1642
2744
3685
4555
5381
5970
6533
7153
7120
6966
6467
6288
6238
5343
4746
3953
3278
2599
1989
1371
982
372
-111
-448
-1033
-935
-1351
-1819
-2197
-2521
-2673
-2985
-3146
-3140
-3089
-3166
-2579
-2137
-1579
-974
-314
501
972
1717
2514
2928
3152
3465
3439
3573
3435
3283
3057
2605
2301
1991
1722
1403
1055
628
397
117
-114
-359
-798
-845
-1160
-1469
-1647
-1680
-1807
-1932
-2006
-1924
-1606
-1494
-1144
-1147
-683
-439
-189
-68
13
133
-20
-26
-179
-221
-492
-623
-837
-1132
-1231
-1363
-1493
-1676
-1772
-1745
-1711
-1858
-1967
-2004
-2172
-2362
-2560
-2905
-3080
-3323
-3610
-3760
-4032
-4120
-4223
-4280
-4447
-4469
-3955
-3524
-3003
-2523
-1933
-1004
-37
1045
2082
3062
3831
4616
5113
5645
6283
6241
6105
5588
5626
5412
4782
4157
3406
2725
2004
1395
749
358
-460
-858
-1394
-1791
-1715
-2118
-2437
-2697
-2822
-2837
-2969
-3097
-2979
-3140
-2979
-2564
-2341
-1692
-1175
-512
177
719
1567
2259
2719
3081
3386
3564
3669
3532
3464
3263
2888
2610
2288
2073
1854
1534
1148
999
803
509
274
-19
-137
-406
-710
-882
-1020
-1147
-1180
-1269
-1247
-1066
-968
-779
-631
-444
-169
-46
164
306
336
314
196
194
76
-82
-264
-363
-581
-828
-810
-935
-982
-1095
-1026
-962
-960
-941
-900
-1100
-1270
-1342
-1691
-2013
-2376
-2650
-3047
-3467
-3675
-3796
-4075
-4322
-4348
-3924
-3490
-2954
-2371
-1669
-699
250
1378
2439
3435
4208
4843
5300
5875
6349
6308
5944
5714
5733
5322
4710
4126
3431
2753
2053
1354
798
131
-457
-909
-1720
-1979
-2178
-2587
-2975
-3323
-3372
-3513
-3712
-3574
-3564
-3595
-3288
-2884
-2531
-1980
-1452
-806
-264
245
1086
1576
1913
2155
2571
2695
2751
2655
2532
2345
2126
2013
1673
1499
1357
1031
779
538
431
196
-170
-404
-647
-967
-1229
-1404
-1590
-1702
-1778
-1756
-1698
-1493
-1333
-1023
-973
-767
-480
-422
-302
-204
-207
-347
-490
-657
-774
-970
-1140
-1257
-1406
-1466
-1440
-1376
-1294
-1195
-960
-930
-870
-655
-604
-748
-922
-1107
-1399
-1737
-2015
-2276
-2689
-3056
-3254
-3448
-3748
-3872
-3572
-3252
-2811
-2282
-1622
-766
205
1297
2246
3321
4184
5018
5396
5940
6536
6593
6441
6076
6241
5867
5252
4748
4096
3473
2772
2077
1401
823
144
-243
-951
-1381
-1610
-2153
-2462
-2779
-2892
-3101
-3263
-3232
-3182
-3227
-3041
-2580
-2282
-1787
-1329
-553
60
522
1272
1847
2266
2612
2882
3010
3195
3145
3108
3047
2753
2734
2428
2254
2114
1872
1591
1448
1297
1079
676
443
241
-226
-629
-870
-1119
-1466
-1661
-1708
-1754
-1660
-1572
-1379
-1238
-1106
-781
-716
-638
-532
-549
-727
-800
-1054
-1355
-1586
-1846
-2015
-2236
-2418
-2392
-2369
-2353
-2158
-2012
-1804
-1668
-1405
-1275
-1256
-1221
-1435
-1753
-2036
-2300
-2767
-3141
-3687
-3911
-4140
-4461
-4547
-4180
-3811
-3385
-2957
-2273
-1366
-490
677
1692
2669
3418
4301
4846
5381
5766
5894
5788
5498
5658
5405
4920
4342
3698
3119
2508
1908
1313
704
21
-379
-1088
-1356
-1629
-2307
-2694
-2998
-3046
-3112
-3457
-3441
-3324
-3508
-3258
-2782
-2390
-1889
-1481
-905
-235
397
1224
1694
1988
2477
2771
2957
3232
3074
3097
2870
2734
2775
2544
2501
2440
2269
2089
1984
1862
1739
1426
1187
1159
753
479
159
-131
-276
-609
-730
-877
-863
-740
-681
-635
-425
-165
-51
38
83
187
110
-77
-262
-480
-857
-1199
-1368
-1675
-1840
-2031
-2066
-2081
-1981
-1633
-1512
-1306
-1121
-803
-638
-563
-620
-884
-1119
-1632
-1942
-2508
-2990
-3384
-3960
-4420
-4520
-4177
-3964
-3430
-3049
-2306
-1408
-485
794
1752
2690
3478
4187
4753
5385
5842
5824
5574
5335
5509
5208
4721
4249
3538
3100
2484
1856
1404
725
33
-534
-1286
-1611
-1787
-2545
-2978
-3459
-3592
-3665
-3979
-3968
-3940
-4075
-3761
-3408
-3017
-2460
-2174
-1434
-1111
-412
458
783
1111
1438
1800
2043
2176
2191
2277
2062
1927
2031
1853
1802
1705
1614
1437
1395
1437
1265
1073
882
768
470
315
52
-127
-468
-663
-792
-960
-1055
-1020
-910
-1041
-871
-778
-550
-601
-619
-420
-579
-575
-663
-875
-1119
-1365
-1566
-1787
-1975
-2033
-2186
-2223
-2114
-1851
-1639
-1382
-1151
-830
-635
-607
-489
-653
-831
-1148
-1448
-1969
-2415
-2866
-3172
-3624
-3493
-3324
-2914
-2534
-1985
-1007
-228
1018
2021
3026
3751
4596
4955
5694
6114
6089
6010
5582
5802
5474
5033
4488
3970
3420
2845
2155
1737
1280
476
205
-618
-787
-1028
-1655
-1957
-2537
-2707
-2671
-3007
-3040
-3029
-3216
-3030
-2778
-2561
-1988
-1644
-1191
-705
-277
677
1122
1338
1710
1928
2237
2442
2220
2354
2205
2038
2058
1846
1837
1717
1567
1381
1402
1363
1343
1032
863
845
538
424
118
-97
-322
-598
-715
-810
-1033
-1010
-983
-1165
-1109
-1089
-945
-1083
-1150
-1088
-1128
-1202
-1266
-1420
-1731
-1848
-2199
-2397
-2544
-2733
-2797
-3027
-3016
-2782
-2629
-2557
-2273
-2052
-1754
-1579
-1575
-1516
-1767
-1895
-2284
-2669
-3014
-3422
-3905
-4237
-4034
-3955
-3491
-3258
-2584
-1652
-672
591
1589
2725
3547
4347
4887
5664
5946
5895
5732
5417
5691
5154
4736
4291
3518
3113
2484
1987
1521
1016
443
-54
-685
-656
-1005
-1555
-1978
-2429
-2503
-2678
-2934
-2864
-2942
-3176
-2770
-2636
-2150
-1722
-1415
-828
-412
168
1009
1425
1740
2019
2180
2547
2728
2632
2661
2526
2474
2473
2180
2256
2323
2157
2187
2212
2227
2362
2036
1925
1745
1400
1283
870
662
380
168
75
-3
-177
-119
-216
-353
-160
-285
-139
-213
-392
-444
-602
-682
-705
-1070
-1386
-1519
-1891
-1955
-2224
-2376
-2382
-2593
-2494
-2381
-2185
-2021
-1867
-1733
-1486
-1474
-1319
-1339
-1591
-1695
-2072
-2449
-2800
-3233
-3817
-3912
-3900
-3644
-3362
-3085
-2227
-1515
-538
631
1603
2496
3397
4002
4551
5213
5284
5391
4944
4815
4854
4226
3983
3401
2894
2346
1819
1263
928
164
-235
-844
-1422
-1353
-1946
-2332
-2789
-3007
-3116
-3309
-3496
-3328
-3426
-3556
-3192
-3074
-2423
-2111
-1753
-1179
-870
-216
427
704
888
1242
1271
1536
1524
1574
1617
1314
1504
1427
1501
1615
1627
1656
1694
1715
1894
1803
1559
1465
1211
1022
866
584
198
10
-131
-220
-277
-277
-155
-262
-176
-83
98
126
18
-77
-202
-369
-417
-610
-1049
-1226
-1503
-1732
-1886
-2020
-1916
-2020
-2056
-1897
-1648
-1472
-1213
-1080
-988
-787
-803
-763
-934
-1211
-1519
-1912
-2387
-2696
-3122
-3405
-3404
-3283
-2838
-2599
-1910
-1090
-178
937
1991
3056
3823
4474
4906
5770
5929
5835
5677
5435
5629
5053
4598
4093
3608
3050
2527
1845
1586
1129
364
82
-696
-765
-1053
-1671
-2013
-2428
-2591
-2851
-3117
-3229
-3100
-3304
-3049
-2904
-2655
-1995
-1630
-1121
-839
-283
464
750
964
1238
1404
1506
1610
1427
1545
1390
1387
1363
1189
1365
1536
1507
1596
1744
1791
1993
1816
1801
1607
1239
884
586
191
-196
-554
-839
-917
-1147
-1058
-1042
-1108
-878
-800
-650
-476
-513
-625
-812
-978
-1050
-1383
-1744
-2059
-2324
-2546
-2689
-2795
-2716
-2768
-2653
-2335
-2118
-1730
-1478
-1278
-1130
-1087
-1172
-1303
-1603
-2055
-2514
-3038
-3469
-3917
-4279
-4264
-4272
-3816
-3626
-2908
-2018
-959
246
1257
2390
3297
4184
4520
5295
5553
5449
5262
4960
5232
4765
4237
3904
3460
3020
2570
1961
1641
1231
813
533
-278
-354
-575
-1243
-1653
-2138
-2264
-2461
-2915
-2908
-2917
-3064
-2678
-2476
-2291
-1656
-1185
-528
-202
226
1126
1482
1557
1865
1987
2070
2081
1817
1724
1458
1331
1483
1276
1361
1581
1737
1858
2143
2528
2715
2717
2694
2697
2476
2276
1905
1471
850
420
56
-252
-439
-544
-665
-742
-585
-367
-290
-107
-11
-134
-237
-429
-444
-852
-1357
-1847
-2209
-2533
-2765
-2863
-2980
-2896
-2818
-2414
-2137
-1748
-1288
-1027
-683
-611
-509
-601
-787
-1258
-1718
-2400
-3022
-3477
-4124
-4124
-4290
-3939
-3765
-3117
-2211
-1251
26
1133
2337
3255
4173
4463
5390
5463
5358
5165
4738
4919
4232
3741
3208
2638
2174
1763
1107
848
439
62
-5
-732
-693
-989
-1539
-2077
-2538
-2630
-2988
-3435
-3626
-3809
-4193
-3813
-3793
-3510
-3047
-2685
-1845
-1504
-832
-6
500
707
1027
1202
1362
1468
1155
1260
848
821
833
695
915
952
1122
1444
1773
2191
2571
2580
2761
2759
2649
2458
2136
1744
1139
716
278
-133
-415
-539
-760
-877
-865
-682
-484
-298
-226
-110
-115
-247
-227
-573
-876
-1270
-1676
-2056
-2343
-2393
-2579
-2636
-2527
-2322
-1913
-1648
-1172
-803
-602
-320
-251
-253
-412
-652
-1153
-1869
-2508
-2911
-3112
-3323
-3334
-3388
-2916
-2215
-1276
-23
971
2167
3073
4053
4695
5590
6047
5957
5641
5341
5560
5117
4466
3836
3265
2656
2194
1668
1340
874
416
314
-216
-133
-131
-564
-904
-1351
-1662
-1829
-2181
-2497
-2714
-3140
-3092
-2876
-2914
-2577
-2325
-1779
-1430
-919
-142
357
693
921
1200
1365
1449
1196
1057
660
496
304
-13
-25
2
-28
225
449
902
1301
1569
1925
2057
2047
2107
2049
1738
1269
788
463
-52
-512
-734
-993
-1253
-1348
-1368
-1281
-1231
-1016
-1030
-1120
-1056
-1003
-1267
-1514
-1756
-1945
-2398
-2723
-2802
-3016
-3041
-3002
-2873
-2622
-2357
-1900
-1379
-1176
-927
-621
-563
-561
-675
-1026
-1445
-2064
-2697
-2958
-3315
-3259
-3299
-3424
-2762
-2220
-1074
-23
979
2103
3028
3873
4560
5445
5584
5729
5237
5236
5228
4591
4186
3441
2937
2323
1779
1279
1032
488
294
-1
-269
68
-306
-412
-726
-946
-1034
-1352
-1688
-1764
-2241
-2507
-2386
-2505
-2233
-2148
-1786
-1234
-859
-201
537
856
1160
1503
1582
1973
1783
1586
1518
1039
1019
756
511
540
536
478
708
1014
1458
1803
1923
2297
2395
2538
2639
2416
2098
1712
1299
967
481
-6
-329
-721
-806
-910
-896
-860
-781
-659
-773
-848
-843
-912
-1191
-1524
-1853
-2072
-2464
-2684
-2831
-2943
-2993
-2874
-2517
-2420
-1985
-1500
-1170
-837
-578
-381
-334
-401
-740
-1015
-1625
-2240
-2588
-2940
-3164
-3074
-3171
-2963
-2462
-1686
-596
152
1218
2149
3045
3691
4452
4953
5072
4823
4662
4819
4388
3886
3310
2704
2074
1484
978
500
179
-297
-515
-892
-766
-681
-952
-1178
-1393
-1411
-1686
-1815
-2017
-2213
-2688
-2678
-2633
-2667
-2392
-2292
-1926
-1583
-1204
-423
94
332
701
992
1221
1410
1307
1172
842
648
511
284
115
147
185
267
577
868
1324
1517
1813
2084
2061
2240
2375
2176
1829
1374
1123
775
293
-51
-354
-594
-745
-710
-716
-589
-537
-449
-563
-547
-604
-739
-1127
-1440
-1666
-2010
-2349
-2535
-2559
-2642
-2478
-2321
-1996
-1680
-1241
-804
-424
-122
25
108
175
-61
-367
-862
-1469
-2026
-2361
-2622
-2791
-2697
-2819
-2174
-1755
-613
372
1236
2302
3119
3979
4543
5342
5416
5471
5062
5053
5101
4320
3888
3216
2689
2132
1569
1016
723
217
-78
-328
-668
-308
-579
-847
-1036
-1164
-1052
-1258
-1569
-1541
-1808
-2095
-1930
-2007
-1926
-1852
-1681
-1296
-1147
-606
-18
245
529
794
985
1208
1202
1091
903
617
536
392
190
63
53
9
134
342
752
990
1165
1440
1588
1778
1852
1836
1488
1113
750
484
15
-443
-748
-903
-1122
-1241
-1219
-1155
-1163
-1021
-1198
-1239
-1283
-1433
-1644
-2114
-2335
-2636
-2977
-3223
-3387
-3542
-3521
-3353
-3058
-2712
-2314
-1792
-1291
-999
-635
-433
-317
-376
-659
-999
-1496
-2055
-2637
-2855
-3147
-3074
-3146
-3035
-2422
-1805
-476
347
1459
2277
3320
4088
4718
5403
5360
5267
4854
5080
4877
4291
3643
3047
2489
1921
1460
899
713
77
5
-313
-389
-140
-460
-621
-950
-787
-907
-1017
-1183
-1161
-1556
-1648
-1399
-1535
-1171
-1233
-725
-588
-183
499
970
1235
1277
1666
1724
2056
1798
1763
1517
1274
1251
979
961
822
946
893
1136
1362
1812
1961
2134
2346
2393
2562
2458
2374
1958
1554
1293
941
368
62
-318
-550
-723
-1007
-859
-971
-852
-878
-1033
-1028
-1049
-1205
-1557
-1909
-2148
-2494
-2863
-3035
-3172
-3287
-3193
-3021
-2676
-2410
-2086
-1430
-1186
-817
-495
-385
-293
-465
-764
-1143
-1752
-2412
-2826
-3187
-3427
-3253
-3522
-3085
-2544
-1815
-594
142
1284
2012
3056
3596
4501
4741
4697
4554
4200
4525
3893
3309
2738
2081
1476
1020
354
115
-336
-729
-755
-1289
-982
-944
-1238
-1378
-1641
-1532
-1596
-1869
-1935
-1969
-2453
-2255
-2185
-2149
-1823
-1899
-1338
-1082
-706
-73
391
522
838
1032
1225
1392
1154
1179
773
730
729
564
603
598
627
814
958
1367
1816
1777
2136
2181
2308
2450
2290
2106
1774
1430
1185
958
369
256
-109
-283
-319
-612
-369
-475
-299
-363
-477
-438
-520
-811
-1068
-1362
-1660
-1908
-2289
-2302
-2502
-2559
-2440
-2266
-1982
-1635
-1181
-783
-386
-147
220
302
351
215
-85
-453
-1005
-1555
-2267
-2532
-2764
-2755
-2822
-2805
-2085
-1422
-344
517
1541
2370
3453
4030
4679
5391
5215
5384
4782
4935
4767
4019
3551
2843
2269
1741
1247
598
375
-291
-359
-590
-890
-505
-937
-1140
-1381
-1563
-1472
-1652
-1925
-1936
-2313
-2337
-2087
-2423
-2099
-2091
-1777
-1349
-1138
-499
109
129
428
737
723
1105
683
787
632
373
474
307
180
279
345
295
724
866
1388
1507
1518
1817
1854
1920
1820
1475
1133
831
476
174
-422
-773
-925
-1146
-1340
-1371
-1340
-1292
-1237
-1287
-1258
-1219
-1325
-1432
-1868
-1967
-2120
-2473
-2607
-2848
-2788
-2756
-2730
-2454
-2073
-1826
-1379
-962
-623
-292
-160
-2
-47
-240
-548
-977
-1523
-2040
-2560
-2729
-2970
-2966
-2979
-2765
-2120
-1417
-401
441
1398
2286
3425
3812
4685
5184
5190
5251
4921
5269
4782
4278
3753
3125
2561
2150
1514
1011
634
52
132
-359
-425
-282
-670
-821
-981
-1015
-960
-1118
-1327
-1247
-1701
-1614
-1490
-1714
-1388
-1430
-900
-644
-386
254
649
856
1044
1312
1349
1711
1427
1494
1348
1178
1201
1005
960
1001
1039
1088
1311
1486
1830
1885
1951
2151
2128
2148
1989
1751
1306
991
662
217
-181
-496
-702
-1022
-1113
-1286
-1194
-1172
-1136
-1173
-1250
-1252
-1336
-1445
-1640
-1801
-2040
-2293
-2599
-2538
-2646
-2583
-2539
-2404
-2012
-1850
-1408
-1002
-774
-570
-420
-400
-379
-666
-887
-1359
-1898
-2344
-3045
-3253
-3424
-3485
-3458
-3440
-2728
-2072
-1114
-321
756
1587
2577
3230
3839
4654
4568
4915
4401
4605
4547
3909
3409
2740
2255
1697
1171
495
264
-430
-507
-832
-1250
-897
-1356
-1485
-1755
-1876
-1760
-1873
-2147
-2155
-2374
-2444
-2045
-2298
-1933
-1760
-1477
-964
-860
-232
390
536
773
1089
1173
1554
1431
1339
1447
1202
1417
1320
1135
1355
1318
1379
1590
1581
1937
2017
1963
2221
2271
2181
2174
1766
1583
1356
914
651
40
-149
-263
-587
-741
-771
-810
-746
-698
-786
-837
-910
-1016
-1037
-1285
-1436
-1620
-1919
-2155
-2207
-2252
-2190
-2142
-1997
-1684
-1502
-996
-725
-495
-237
-32
14
24
-78
-288
-637
-1241
-1608
-2352
-2661
-2714
-2961
-2771
-2906
-2352
-1693
-942
61
939
1977
2861
3661
4170
5069
5263
5389
5070
4885
5159
4542
3914
3295
2725
2270
1741
883
587
88
-218
-374
-1046
-857
-867
-1307
-1508
-1753
-1625
-1659
-2009
-2112
-2179
-2526
-2297
-2410
-2339
-1978
-1911
-1478
-1289
-912
-191
180
220
571
672
1052
1232
969
1156
935
1001
1039
872
803
969
977
952
1113
1190
1618
1415
1490
1756
1413
1452
1115
893
546
176
-153
-456
-766
-963
-1072
-1454
-1426
-1487
-1350
-1280
-1321
-1328
-1463
-1459
-1382
-1609
-1799
-1905
-2156
-2225
-2354
-2494
-2257
-2489
-2308
-2077
-1870
-1499
-1169
-995
-642
-433
-305
-109
-387
-322
-806
-1205
-1627
-2133
-2770
-3058
-3206
-3231
-3033
-2999
-2241
-1784
-826
196
1232
2294
3060
3846
4455
5354
5523
5640
5390
5254
5468
4793
4394
3815
3383
2770
2160
1611
1351
873
433
104
-526
-208
-460
-899
-1170
-1422
-1236
-1398
-1833
-1727
-1806
-2142
-1984
-2027
-1930
-1645
-1518
-1080
-980
-522
245
482
588
1029
1262
1596
1759
1710
1964
1702
1951
1944
1747
1909
1939
1879
1866
2011
2165
2274
2037
2074
2172
1864
1831
1382
1123
689
268
-28
-369
-586
-783
-987
-1251
-1176
-1284
-1164
-1170
-1386
-1341
-1489
-1442
-1482
-1659
-1891
-2042
-2212
-2397
-2383
-2364
-2322
-2426
-2246
-2020
-1769
-1530
-1418
-1233
-983
-940
-812
-961
-1098
-1341
-1726
-2153
-2615
-2884
-3575
-3919
-3902
-3877
-3526
-3529
-2971
-2360
-1413
-361
621
1657
2378
3304
3793
4683
4897
5034
4869
4616
4827
4343
3950
3374
2920
2320
1758
1217
1014
444
-112
-343
-906
-731
-994
-1407
-1617
-2014
-2024
-2145
-2409
-2527
-2574
-2962
-2842
-2699
-2561
-2173
-2125
-1767
-1385
-923
-215
257
372
821
1076
1460
1753
1683
1941
1841
1976
2068
1974
2108
2171
2178
2278
2334
2426
2585
2278
2350
2287
2018
1837
1543
1287
917
508
331
185
-157
-293
-446
-590
-602
-552
-403
-479
-440
-484
-489
-478
-503
-686
-1054
-1205
-1320
-1272
-1434
-1488
-1402
-1432
-1398
-1075
-962
-812
-661
-508
-299
-258
-253
-362
-504
-841
-1197
-1643
-1958
-2411
-3042
-3578
-3838
-3583
-3599
-3349
-3223
-2558
-1767
-841
222
1126
2115
2844
3674
4243
5034
5317
5485
5181
5059
5275
4928
4490
3872
3306
2808
2280
1718
1326
644
132
-51
-656
-715
-1015
-1507
-1898
-2304
-2414
-2498
-2815
-3015
-3127
-3494
-3313
-3140
-3047
-2786
-2745
-2226
-1930
-1376
-678
-363
-138
249
594
962
1172
1195
1470
1408
1633
1742
1701
1849
1862
1807
1854
1801
1926
1797
1467
1427
1288
996
688
325
22
-354
-619
-687
-853
-1092
-1149
-1176
-1117
-1144
-1002
-966
-967
-908
-1013
-900
-949
-987
-1171
-1417
-1368
-1316
-1437
-1518
-1447
-1450
-1390
-1205
-1014
-847
-852
-764
-515
-425
-443
-406
-687
-791
-1070
-1331
-1663
-2179
-2555
-3020
-3461
-3774
-3615
-3594
-3194
-3030
-2483
-1709
-823
400
1217
2247
3050
3927
4442
5216
5671
5858
5696
5358
5793
5646
5063
4544
4038
3620
3164
2483
2057
1704
987
691
60
-227
-307
-939
-1340
-1758
-1856
-1978
-2318
-2558
-2716
-2968
-2916
-2757
-2694
-2416
-2303
-1899
-1360
-1017
-278
227
457
913
1207
1609
2097
1978
2236
2268
2251
2553
2455
2456
2442
2328
2259
2261
2120
1993
1667
1400
1231
784
287
113
-338
-546
-920
-1189
-1195
-1495
-1374
-1352
-1443
-1166
-1179
-1110
-984
-976
-849
-864
-1025
-1105
-1029
-1249
-1182
-1218
-1260
-1326
-1413
-1283
-1352
-1226
-1161
-1096
-1109
-1076
-888
-801
-879
-1123
-1255
-1567
-1771
-2054
-2442
-2913
-3235
-3523
-3897
-4210
-4509
-4305
-4166
-3968
-3538
-3118
-2429
-1618
-663
260
1265
2083
2969
3668
4167
5014
5179
5391
5258
5273
5538
4933
4612
4224
3623
3297
2749
1994
1641
1047
554
157
-701
-684
-1210
-1768
-2029
-2341
-2510
-2740
-3114
-3127
-3151
-3515
-2965
-2969
-2726
-2337
-2130
-1338
-1066
-660
127
495
803
1384
1741
2209
2521
2575
2979
2999
3171
3357
3167
3168
3179
2892
2779
2398
2097
2010
1350
1023
693
245
-10
-265
-714
-797
-1024
-1013
-836
-1012
-739
-597
-496
-324
-408
-229
-161
-235
-140
-171
-196
-105
-374
-371
-291
-493
-411
-579
-477
-378
-389
-238
-295
-256
-221
-187
-323
-421
-702
-867
-1288
-1595
-1806
-2357
-2713
-2990
-3280
-3505
-3769
-4076
-4138
-3937
-3717
-3288
-3102
-2636
-1691
-1156
-19
754
1821
2605
3307
4050
4665
5465
5618
5788
5405
5767
5734
5217
4742
4087
3659
3003
2247
1654
1109
237
-257
-1060
-1561
-1793
-2298
-2772
-3281
-3533
-3541
-3759
-3978
-3954
-4125
-4022
-3654
-3535
-3096
-2728
-2205
-1619
-1425
-764
-8
421
826
1204
1606
2250
2369
2660
2955
2829
3062
3040
2913
2907
2506
2229
1914
1475
1116
638
147
-220
-613
-1006
-1177
-1348
-1452
-1658
-1680
-1485
-1381
-1442
-1307
-1198
-1016
-835
-743
-584
-423
-362
-246
-199
-146
1
-147
-31
-74
-93
2
-68
3
-120
-82
-7
27
-168
-281
-404
-528
-736
-1130
-1339
-1644
-1920
-2142
-2318
-2554
-2666
-2822
-3085
-3156
-3234
-3224
-3426
-3453
-2950
-2677
-2138
-1886
-1167
-499
531
1553
2404
3334
4128
5041
5478
6287
6569
6793
6590
6364
6577
6071
5503
4831
4161
3477
2831
2015
1418
635
-119
-502
-1313
-1457
-1908
-2475
-2718
-3172
-3171
-3295
-3471
-3429
-3420
-3555
-3088
-2827
-2655
-2186
-1917
-1246
-806
-195
569
1132
1469
1972
2381
2934
3239
3219
3381
3212
3258
3140
2749
2430
2177
1483
1111
694
331
-11
-643
-912
-1140
-1420
-1635
-1657
-2012
-1962
-2021
-2008
-1780
-1787
-1595
-1529
-1376
-1073
-930
-755
-571
-539
-390
-262
-200
-163
-167
-311
-209
-241
-273
-379
-351
-310
-519
-659
-709
-863
-1240
-1340
-1605
-1830
-2153
-2414
-2553
-2802
-3023
-3273
-3255
-3396
-3400
-3535
-3646
-3613
-3506
-3513
-3696
-3691
-3160
-2858
-2276
-1888
-1297
-454
362
1493
2470
3388
4166
5081
5390
6165
6457
6501
6227
5724
5944
5450
4808
4156
3487
2832
2174
1459
902
340
-420
-707
-1455
-1587
-1782
-2269
-2625
-2953
-3062
-3140
-3200
-3301
-3012
-3214
-2805
-2312
-1956
-1333
-943
-313
310
706
1517
2137
2387
2845
3193
3496
3806
3660
3604
3536
3209
3089
2721
2372
2079
1530
1025
736
455
44
-405
-672
-824
-1090
-1278
-1332
-1453
-1449
-1555
-1499
-1268
-1148
-854
-680
-548
-176
-16
190
434
570
581
701
791
814
833
668
736
488
349
283
96
45
-366
-650
-738
-930
-1223
-1501
-1715
-1997
-2280
-2590
-2742
-2900
-3062
-3227
-3407
-3372
-3340
-3330
-3319
-3383
-3284
-3235
-3202
-3122
-3057
-2853
-2344
-1856
-1267
-815
-104
744
1512
2379
3191
3961
4436
4958
5129
5650
5660
5369
4973
4572
4688
4093
3489
2885
2364
2007
1413
699
274
-298
-969
-1345
-2124
-2279
-2649
-3228
-3555
-3808
-3806
-3675
-3718
-3616
-3231
-3227
-2501
-1924
-1475
-1000
-566
5
473
858
1469
1844
1796
2126
2316
2634
2779
2579
2576
2491
2285
2283
1909
1538
1273
860
494
125
-166
-420
-839
-1061
-1204
-1359
-1450
-1435
-1465
-1488
-1423
-1215
-845
-757
-526
-253
5
285
469
647
808
812
741
756
836
789
743
524
508
522
481
350
92
-193
-316
-604
-845
-995
-1349
-1575
-1881
-1999
-2109
-2272
-2400
-2443
-2511
-2499
-2394
-2344
-2220
-2167
-2104
-1800
-1584
-1444
-1278
-1219
-982
-1023
-773
-334
71
338
555
1119
1697
2374
2988
3472
3974
4414
4809
5062
5403
5366
5211
4934
4723
4847
4370
3884
3311
2759
2240
1637
886
259
-449
-1143
-1562
-2140
-2436
-2707
-3174
-3406
-3444
-3287
-2988
-2976
-2660
-2411
-2208
-1686
-1320
-1148
-728
-583
-207
89
319
721
872
928
1154
1320
1479
1556
1460
1456
1368
1273
1217
913
570
441
-2
-224
-573
-752
-975
-1352
-1377
-1568
-1665
-1751
-1757
-1830
-1678
-1517
-1377
-1129
-1056
-827
-537
-361
-61
89
211
472
513
577
617
613
572
391
223
79
50
-138
-336
-670
-793
-994
-1233
-1436
-1787
-1893
-2115
-2318
-2364
-2480
-2526
-2558
-2507
-2362
-2284
-2084
-1818
-1594
-1425
-1259
-1034
-798
-747
-676
-600
-567
-478
-596
-695
-640
-409
-275
42
188
599
1171
1666
2334
2920
3555
4084
4494
4639
5201
5419
5412
5183
4965
5077
4695
4165
3675
3128
2660
2023
1285
753
185
-291
-804
-1446
-1575
-1648
-1962
-2059
-2170
-1942
-1798
-1851
-1613
-1450
-1426
-1174
-978
-825
-497
-303
-121
120
355
787
1082
1129
1289
1513
1773
1883
1811
1873
1784
1604
1541
1332
1029
802
378
64
-187
-510
-750
-1189
-1356
-1525
-1650
-1686
-1650
-1661
-1591
-1463
-1269
-1005
-844
-687
-510
-421
-231
-51
5
67
17
26
-11
20
-76
-188
-307
-398
-500
-666
-731
-931
-1056
-1301
-1472
-1543
-1649
-1821
-1876
-1815
-1901
-1768
-1879
-1847
-1806
-1791
-1747
-1703
-1689
-1497
-1422
-1409
-1257
-1160
-1027
-1074
-1090
-1124
-1127
-1089
-1144
-1336
-1384
-1254
-1036
-843
-743
-469
55
518
1071
1712
2318
2839
3312
3535
3931
4435
4571
4512
4241
4428
4413
4036
3407
3047
2588
2057
1437
904
497
-295
-597
-1197
-1481
-1637
-1903
-2048
-2144
-2132
-1917
-1675
-1739
-1560
-1557
-1328
-985
-975
-847
-730
-457
-270
-189
279
685
864
981
1317
1660
2058
1996
1926
1960
1784
1746
1465
1094
844
400
32
-201
-529
-745
-1101
-1188
-1133
-1182
-1118
-885
-696
-553
-462
-277
17
48
56
188
145
208
144
124
307
377
385
299
463
626
685
601
604
494
555
396
286
209
-11
-163
-427
-487
-788
-887
-1010
-1144
-1210
-1308
-1231
-1225
-1127
-1100
-1006
-985
-863
-811
-719
-737
-663
-619
-751
-706
-692
-745
-881
-923
-1044
-1081
-1273
-1405
-1519
-1455
-1548
-1251
-1140
-935
-537
-87
494
962
1610
2145
2750
3150
3605
4045
4219
4241
4107
4108
4064
3677
3239
2813
2439
1870
1357
835
483
-166
-536
-939
-1212
-1377
-1766
-1952
-2221
-2250
-2332
-2306
-2435
-2409
-2283
-2231
-2113
-1894
-1729
-1619
-1376
-1158
-890
-576
-248
-37
129
350
537
597
581
499
432
322
215
9
-176
-425
-616
-773
-968
-966
-970
-1002
-1046
-947
-752
-559
-509
-366
-289
-112
81
206
325
302
305
392
453
467
575
538
475
594
599
582
616
528
410
322
338
344
214
46
-45
-10
13
37
-38
-46
-84
-32
86
41
159
123
27
11
-21
101
89
-84
-84
-2
-67
0
51
-119
-153
-220
-309
-411
-518
-649
-766
-1010
-1225
-1362
-1426
-1420
-1406
-1174
-1016
-727
-362
122
713
1322
1953
2549
3162
3665
4124
4531
4736
4785
4707
4773
4790
4441
3988
3594
3101
2517
1819
1065
572
-55
-707
-1195
-1656
-1783
-2135
-2320
-2543
-2530
-2518
-2589
-2516
-2442
-2388
-2436
-2232
-2274
-2135
-2122
-1995
-1767
-1737
-1545
-1209
-1042
-873
-563
-351
10
59
188
248
233
113
-16
-218
-383
-534
-842
-879
-1079
-1001
-955
-891
-712
-547
-344
-262
-80
-28
113
123
167
117
150
9
-138
-136
-334
-447
-589
-604
-655
-679
-595
-502
-420
-362
-365
-206
-182
-178
-183
-192
-202
-266
-274
-347
-387
-422
-383
-348
-261
-120
-37
85
307
372
505
656
767
713
592
570
473
295
20
-262
-461
-675
-972
-1094
-1270
-1437
-1425
-1451
-1336
-1317
-1282
-1120
-916
-672
-378
-56
243
641
983
1446
2030
2491
2819
3263
3687
4057
4367
4502
4620
4544
4506
4399
4206
3950
3378
2949
2349
1819
1210
628
53
-429
-969
-1353
-1563
-1745
-1848
-2098
-2072
-2042
-1929
-1811
-1689
-1668
-1673
-1503
-1499
-1317
-1263
-1222
-992
-952
-742
-593
-364
-367
-250
-178
-157
-65
-130
-117
-231
-321
-303
-397
-524
-470
-520
-479
-415
-394
-177
-76
131
115
130
284
402
363
323
280
175
83
-30
-121
-264
-332
-429
-431
-593
-579
-533
-739
-698
-773
-873
-881
-871
-923
-902
-969
-855
-727
-653
-598
-449
-264
-112
12
170
434
583
686
679
673
678
569
421
191
56
-77
-298
-584
-647
-812
-894
-972
-1004
-1001
-1024
-988
-998
-896
-1008
-896
-960
-1053
-1207
-1271
-1512
-1708
-1683
-1701
-1532
-1452
-1215
-810
-306
258
827
1387
2043
2586
2963
3493
3832
3961
3950
3779
3707
3639
3367
2888
2514
2078
1797
1429
1178
946
755
569
419
452
370
291
80
-32
-219
-418
-639
-946
-1203
-1542
-1763
-1936
-2130
-2222
-2158
-2071
-1953
-1743
-1527
-1263
-1021
-850
-562
-229
-48
34
155
126
238
259
309
376
378
481
518
789
846
1077
1115
1264
1334
1560
1598
1565
1521
1319
1187
868
726
373
139
-227
-489
-623
-793
-809
-925
-938
-963
-830
-758
-613
-682
-708
-495
-483
-298
-293
-156
-53
57
184
276
447
546
689
770
854
956
1017
1041
960
902
846
753
531
210
63
-186
-393
-722
-946
-1056
-1214
-1417
-1593
-1627
-1732
-1820
-2036
-2129
-2186
-2346
-2659
-2669
-2836
-2977
-3024
-3027
-2853
-2637
-2355
-2021
-1575
-1062
-378
286
1016
1699
2347
2965
3487
3818
4179
4323
4289
4366
4282
4122
3876
3557
3226
2922
2582
2237
1825
1362
932
570
245
-303
-654
-1073
-1563
-1923
-2325
-2645
-2994
-3285
-3433
-3528
-3668
-3531
-3391
-3285
-3008
-2794
-2403
-2018
-1668
-1365
-1124
-791
-516
-229
2
111
286
534
764
894
1104
1253
1322
1518
1651
1707
1875
1833
1854
1826
1760
1673
1460
1232
970
794
605
278
89
-131
-286
-430
-480
-500
-578
-459
-465
-314
-222
-34
-31
15
129
214
363
394
527
585
702
733
928
973
1089
1132
1218
1258
1266
1370
1292
1277
1123
958
856
661
427
92
-137
-360
-636
-851
-1035
-1186
-1433
-1520
-1669
-1737
-1767
-1886
-1900
-1914
-1918
-1952
-1948
-1957
-1932
-1905
-1869
-1782
-1689
-1681
-1601
-1504
-1271
-1033
-827
-472
-17
391
838
1330
1909
2378
2896
3344
3728
4130
4314
4450
4588
4480
4347
4246
3863
3617
3225
2792
2282
1738
1158
659
-58
-761
-1284
-1921
-2411
-2981
-3399
-3743
-4015
-4175
-4217
-4294
-4290
-4151
-3976
-3782
-3576
-3257
-2914
-2641
-2371
-1985
-1543
-1208
-902
-639
-375
-56
233
517
734
877
1084
1321
1505
1683
1807
1792
1776
1859
1845
1741
1611
1368
1193
998
808
582
337
162
-37
-182
-364
-406
-566
-581
-739
-660
-655
-614
-639
-605
-492
-468
-371
-316
-203
-55
62
167
286
429
504
614
595
720
795
828
899
916
881
934
907
891
876
717
668
499
382
185
9
-259
-373
-608
-760
-914
-1049
-1132
-1231
-1339
-1386
-1360
-1363
-1465
-1494
-1488
-1457
-1446
-1351
-1327
-1260
-1097
-1092
-965
-876
-633
-432
-177
135
458
986
1484
2004
2548
3088
3621
4056
4457
4720
4900
4972
4968
4869
4569
4277
3887
3397
2834
2249
1673
1061
419
-245
-735
-1217
-1684
-2152
-2461
-2703
-2957
-3183
-3301
-3338
-3432
-3418
-3377
-3330
-3122
-2911
-2757
-2542
-2306
-1988
-1754
-1447
-1134
-822
-469
-203
138
423
663
831
1062
1170
1298
1342
1395
1385
1299
1263
1197
1077
953
698
543
278
99
-56
-286
-486
-748
-835
-999
-1088
-1271
-1329
-1375
-1425
-1420
-1266
-1218
-1166
-1029
-990
-850
-683
-551
-453
-319
-232
-105
71
202
294
361
378
479
529
592
558
532
447
357
402
307
321
147
80
111
35
-37
-195
-169
-407
-465
-652
-673
-864
-975
-1131
-1267
-1317
-1539
-1450
-1706
-1596
-1632
-1615
-1523
-1372
-1138
-1018
-770
-590
-291
10
182
416
666
909
1153
1375
1525
1688
1855
1948
2105
2207
2297
2494
2587
2700
2806
2875
2957
2998
3014
3073
3040
2996
2933
2808
2671
2410
2251
1880
1559
1323
893
578
223
-108
-486
-807
-1155
-1494
-1625
-1909
-2011
-2044
-2127
-2232
-2085
-2062
-2045
-1864
-1835
-1760
-1521
-1442
-1258
-1034
-974
-715
-608
-367
-314
-79
110
262
473
529
747
888
965
945
877
868
809
711
583
441
204
62
-52
-137
-245
-353
-408
-581
-640
-664
-668
-712
-719
-782
-709
-647
-744
-726
-724
-735
-712
-675
-794
-726
-706
-657
-654
-607
-485
-464
-375
-325
-198
-101
-54
-107
59
108
7
43
21
-100
-155
-258
-411
-537
-756
-863
-1026
-1288
-1459
-1593
-1714
-1834
-1906
-1899
-1937
-1882
-1825
-1632
-1412
-1285
-1056
-828
-558
-377
-91
36
229
486
600
782
940
1034
1235
1412
1629
1890
2085
2407
2637
2906
3088
3267
3371
3464
3518
3484
3444
3317
3215
2917
2673
2226
1825
1454
981
571
103
-266
-716
-1073
-1355
-1620
-1828
-1996
-2165
-2271
-2361
-2300
-2255
-2165
-2130
-1942
-1773
-1653
-1425
-1225
-976
-837
-566
-303
25
297
547
760
980
1185
1320
1582
1563
1715
1694
1618
1636
1557
1485
1356
1198
1114
975
860
755
670
462
360
285
145
87
-83
-203
-360
-523
-641
-750
-818
-944
-1091
-1051
-1094
-1179
-1154
-1132
-1082
-960
-934
-806
-713
-720
-536
-494
-394
-353
-274
-147
-100
-41
-49
-8
-38
-74
-47
-179
-201
-131
-268
-339
-436
-512
-630
-825
-871
-966
-1149
-1099
-1143
-1143
-1101
-1076
-985
-1007
-838
-819
-703
-611
-473
-454
-295
-80
-35
242
280
442
490
554
636
654
640
681
682
675
736
655
601
686
619
569
533
498
435
415
419
361
362
315
305
262
194
224
136
207
108
85
150
72
172
158
214
179
274
287
147
178
107
134
51
37
-51
-55
-69
-200
-238
-313
-293
-354
-365
-442
-346
-330
-328
-225
-267
-82
-46
88
111
315
445
415
581
637
724
700
724
765
723
697
585
554
403
364
348
83
6
-184
-289
-370
-515
-481
-607
-631
-670
-621
-606
-618
-616
-648
-609
-552
-473
-399
-316
-238
-153
-51
71
100
284
314
430
469
549
564
648
602
480
417
371
330
238
102
156
74
-44
-69
-149
-166
-295
-262
-392
-400
-438
-483
-466
-513
-499
-481
-344
-196
-115
155
280
595
818
1014
1437
1553
1792
2041
2167
2330
2314
2353
2232
2100
2000
1748
1538
1110
791
419
71
-376
-714
-1040
-1309
-1568
-1742
-1837
-1967
-1886
-1961
-1898
-1845
-1797
-1776
-1718
-1695
-1632
-1558
-1541
-1428
-1429
-1290
-1212
-1090
-924
-772
-649
-491
-443
-191
-157
-41
24
49
168
261
276
289
293
233
316
265
315
294
371
315
354
389
385
424
441
428
404
314
328
309
203
135
19
15
-147
-123
-186
-257
-272
-314
-306
-344
-416
-375
-374
-416
-376
-331
-324
-312
-329
-253
-193
-144
1
-23
37
119
13
144
118
65
101
-12
-1
-28
-62
-98
-107
-174
-153
-165
-107
-123
-80
-10
80
184
265
396
420
515
600
723
814
865
1013
942
1061
1081
1139
1189
1203
1195
1244
1257
1276
1251
1210
1304
1237
1196
1220
1162
1162
1089
983
927
784
752
639
554
393
355
274
204
251
125
107
76
44
17
-47
-137
-215
-246
-355
-427
-448
-526
-614
-634
-632
-710
-693
-734
-714
-738
-753
-727
-720
-748
-765
-704
-700
-734
-674
-633
-687
-594
-731
-657
-706
-613
-657
-621
-616
-611
-606
-651
-687
-690
-782
-866
-831
-924
-929
-1091
-1078
-1130
-1173
-1214
-1174
-1147
-1136
-1086
-1011
-997
-932
-843
-896
-746
-783
-652
-628
-541
-426
-340
-168
-142
6
72
126
216
303
320
412
406
503
518
532
642
588
580
602
542
545
541
590
612
612
743
716
820
842
856
856
813
889
872
862
777
868
751
731
676
557
575
494
497
353
344
263
122
175
172
71
107
87
108
130
153
79
160
112
208
200
253
327
340
537
542
692
764
946
1110
1158
1240
1306
1390
1453
1420
1423
1355
1224
1118
1041
885
671
515
300
185
-92
-281
-437
-485
-609
-790
-798
-841
-881
-896
-901
-972
-891
-890
-818
-780
-741
-728
-585
-424
-420
-338
-207
-106
32
31
99
184
193
227
202
198
108
-13
-113
-193
-455
-530
-667
-794
-872
-963
-1036
-1054
-1053
-1077
-1023
-986
-880
-780
-787
-701
-530
-529
-441
-436
-376
-287
-288
-218
-195
-144
-139
-102
-164
-181
-156
-240
-157
-226
-290
-326
-326
-398
-374
-350
-464
-406
-441
-367
-405
-366
-385
-410
-308
-323
-319
-249
-310
-246
-237
-322
-358
-455
-438
-502
-495
-522
-566
-517
-430
-435
-327
-185
-65
136
274
555
824
1012
1255
1478
1688
1896
2056
2183
2269
2257
2194
2162
2002
1857
1776
1454
1282
1116
841
650
399
263
6
-76
-221
-320
-325
-413
-353
-382
-391
-295
-316
-233
-206
-139
-223
-118
-164
-172
-152
-198
-122
-198
-94
-182
-166
-288
-325
-325
-451
-413
-375
-458
-486
-444
-437
-358
-364
-372
-245
-264
-151
-112
23
145
196
232
362
273
403
403
352
352
246
241
140
161
34
40
-53
-93
-127
-170
-158
-170
-115
-162
-34
8
42
39
192
184
174
284
295
368
318
361
216
340
175
167
57
-39
-69
-129
-229
-385
-384
-457
-556
-621
-714
-733
-761
-784
-765
-756
-773
-692
-651
-629
-597
-516
-438
-494
-371
-331
-213
-255
-97
-61
13
17
25
130
138
205
185
228
294
392
467
550
623
682
727
741
794
741
677
651
580
534
456
467
365
323
281
194
94
-30
-115
-250
-307
-473
-467
-610
-676
-682
-797
-848
-962
-905
-962
-983
-1022
-986
-954
-923
-840
-753
-685
-686
-571
-483
-336
-341
-288
-206
-170
-102
-72
-25
1
87
86
116
186
116
139
179
147
195
135
198
123
171
339
244
221
240
186
291
251
326
433
395
516
483
642
670
688
738
729
748
798
834
808
802
853
811
814
826
840
819
775
752
789
778
700
705
742
698
637
536
503
426
332
306
235
150
37
-11
-94
-127
-171
-215
-271
-265
-327
-375
-434
-385
-488
-438
-426
-436
-430
-416
-359
-357
-228
-247
-178
-117
-51
64
58
163
199
277
258
335
349
350
377
280
402
281
281
261
125
155
-20
-68
-119
-169
-285
-232
-290
-318
-408
-469
-437
-519
-539
-610
-567
-570
-611
-567
-557
-591
-592
-668
-641
-673
-599
-615
-634
-550
-581
-538
-551
-459
-398
-395
-363
-413
-337
-402
-406
-389
-444
-390
-502
-430
-522
-457
-511
-457
-475
-455
-388
-502
-348
-407
-406
-383
-423
-373
-402
-382
-411
-333
-322
-363
-220
-295
-192
-108
3
3
225
224
323
457
562
626
586
654
667
651
645
674
540
583
492
568
500
407
410
373
349
288
271
275
319
372
409
445
441
458
460
495
416
429
458
452
364
331
352
256
263
258
237
219
165
311
312
349
400
463
620
676
817
762
814
800
903
836
831
927
845
887
858
941
848
755
772
727
736
613
626
587
559
584
451
433
283
318
192
111
33
-84
-153
-264
-319
-488
-490
-531
-567
-600
-667
-686
-729
-658
-835
-852
-856
-921
-826
-836
-822
-789
-825
-860
-818
-826
-852
-834
-836
-863
-844
-905
-822
-844
-831
-828
-771
-790
-751
-708
-711
-739
-645
-704
-625
-537
-609
-437
-462
-288
-206
-224
-138
-95
5
-21
81
61
122
118
244
236
225
232
207
162
176
175
55
142
58
124
129
65
51
-9
-26
-68
-67
-119
-142
-139
-130
-140
-185
-178
-253
-181
-218
-180
-136
-180
-147
-127
-169
-138
-105
-164
-163
-126
-149
-137
-83
-65
-104
9
80
70
186
216
352
416
473
546
606
772
758
923
1010
984
1022
1097
1144
1156
999
1022
1057
961
959
832
916
813
853
798
754
731
671
640
627
598
481
427
346
311
324
142
167
97
70
-48
-28
-87
-165
-93
-188
-142
-206
-158
-243
-230
-241
-282
-358
-343
-420
-405
-385
-439
-412
-513
-547
-494
-464
-511
-428
-402
-360
-265
-261
-182
-119
-87
-79
-13
-43
23
31
14
37
20
38
46
125
71
139
99
92
92
6
49
-14
-12
-164
-159
-161
-351
-365
-434
-490
-606
-643
-665
-724
-632
-735
-693
-689
-696
-691
-706
-571
-561
-594
-618
-603
-511
-595
-601
-596
-651
-629
-677
-713
-668
-698
-673
-620
-634
-555
-471
-442
-390
-263
-311
-183
-172
-141
-129
-87
-16
55
100
180
259
275
330
430
516
502
589
617
716
644
729
724
742
670
660
702
634
729
568
638
593
526
518
520
503
442
482
503
422
424
364
399
365
339
339
301
270
294
294
236
267
267
115
128
107
111
182
144
130
106
143
81
59
53
35
-10
-35
7
19
12
-52
-23
-37
9
-26
42
1
-28
50
50
48
101
162
151
226
169
196
227
185
184
109
77
86
-37
7
-56
-88
-51
-123
-44
-38
-77
-34
-7
-34
23
92
114
147
224
130
187
265
230
271
245
293
209
217
90
218
228
122
174
75
100
90
92
40
-25
39
-78
-90
-35
-184
-114
-275
-240
-277
-231
-276
-276
-212
-291
-206
-284
-241
-298
-225
-227
-189
-207
-236
-198
-229
-263
-321
-293
-319
-340
-362
-303
-357
-364
-379
-414
-332
-435
-501
-509
-538
-602
-597
-601
-628
-572
-544
-502
-462
-433
-436
-453
-422
-458
-481
-438
-421
-446
-361
-363
-233
-238
-259
-224
-222
-215
-211
-147
-141
-170
-82
-63
1
-5
51
44
67
83
150
162
180
204
208
283
292
302
390
382
363
404
429
353
411
394
375
356
345
310
313
361
280
339
342
413
383
473
455
545
483
454
577
510
516
483
434
466
425
441
416
402
334
294
395
317
259
289
205
205
139
105
120
133
136
174
128
74
103
127
96
140
141
100
173
142
212
119
124
143
98
177
179
201
193
266
232
198
204
229
176
212
175
121
137
144
163
136
147
118
141
85
84
-4
-18
-104
-204
-126
-278
-235
-224
-258
-240
-202
-243
-280
-219
-221
-292
-311
-265
-396
-336
-329
-384
-393
-369
-349
-349
-344
-319
-290
-277
-287
-428
-330
-432
-466
-435
-545
-602
-605
-596
-616
-586
-628
-590
-571
-552
-602
-541
-585
-650
-550
-527
-546
-491
-468
-416
-460
-402
-349
-465
-348
-461
-336
-321
-327
-189
-331
-232
-299
-252
-228
-310
-151
-258
-187
-205
-56
-45
-71
-34
-18
61
92
83
76
158
205
229
253
279
246
386
348
427
494
485
533
542
580
629
654
646
658
703
666
644
678
655
633
530
536
535
484
491
393
446
440
395
471
429
500
476
482
495
473
493
504
464
445
482
452
412
429
388
387
392
345
322
293
267
309
260
221
198
194
287
207
237
282
167
227
186
138
197
122
117
103
66
45
48
-57
-2
-50
-84
-71
-164
-94
-74
-43
-160
-160
-189
-211
-174
-192
-285
-281
-308
-322
-308
-319
-345
-352
-339
-371
-303
-272
-307
-338
-344
-305
-373
-425
-434
-439
-497
-540
-518
-553
-556
-577
-522
-493
-523
-507
-485
-587
-496
-588
-609
-634
-575
-670
-641
-599
-716
-613
-656
-647
-570
-626
-584
-489
-583
-415
-421
-257
-319
-244
-161
-130
-62
45
53
-28
66
63
137
88
237
247
227
304
281
322
340
400
322
364
342
405
393
456
458
400
468
364
535
461
459
440
418
485
379
482
345
397
349
308
318
295
345
241
213
198
275
253
197
173
186
177
145
186
132
126
82
194
96
187
125
159
87
34
41
27
83
-41
48
19
100
58
60
66
41
98
80
67
125
84
209
150
228
216
247
272
184
320
214
228
171
275
180
262
108
166
237
161
123
75
52
78
68
21
90
-5
34
-2
37
-31
-1
-41
8
-22
-74
-40
-66
-129
-197
-169
-215
-217
-197
-222
-175
-161
-190
-139
-150
-223
-179
-153
-228
-146
-209
-188
-191
-171
-183
-243
-173
-307
-218
-228
-300
-200
-269
-288
-260
-247
-333
-271
-281
-295
-237
-285
-289
-276
-315
-389
-406
-372
-401
-408
-416
-513
-413
-432
-403
-408
-386
-388
-370
-349
-391
-206
-373
-246
-291
-260
-180
-253
-187
-226
-153
-71
-107
2
-38
19
128
71
156
160
210
194
303
242
289
272
183
271
258
227
184
221
215
321
258
234
278
291
307
275
357
364
383
327
350
362
379
332
272
237
233
241
195
135
171
129
205
121
124
150
127
206
111
194
132
209
256
208
268
261
281
269
267
289
275
326
209
236
176
180
77
84
-26
24
16
23
93
30
107
4
147
62
80
152
143
177
173
147
271
193
209
192
156
218
165
265
265
307
256
221
265
261
239
146
181
105
107
121
87
37
-14
31
-2
-66
25
-38
-22
-108
-167
-198
-216
-278
-305
-391
-415
-433
-377
-336
-385
-330
-433
-321
-371
-321
-339
-364
-345
-313
-301
-322
-227
-375
-315
-325
-289
-314
-367
-259
-361
-263
-297
-250
-248
-260
-268
-356
-213
-300
-270
-321
-344
-300
-312
-234
-354
-343
-390
-339
-418
-462
-442
-392
-391
-438
-422
-436
-373
-406
-371
-265
-351
-226
-192
-84
-102
-29
-30
-82
45
-37
40
106
101
96
135
89
167
195
188
236
260
155
197
208
232
215
244
250
163
169
158
110
203
165
225
292
167
428
354
497
425
499
466
398
436
347
421
355
398
336
460
362
376
386
365
450
364
371
349
433
381
461
425
433
480
412
507
460
490
467
433
448
410
406
391
272
369
243
358
321
316
368
294
320
242
283
245
208
209
223
168
147
110
103
84
-6
58
15
-14
53
-21
-27
-22
1
-125
-96
-133
-155
-146
-190
-275
-213
-216
-303
-236
-291
-302
-307
-354
-230
-351
-409
-411
-447
-388
-453
-451
-408
-458
-507
-513
-476
-556
-566
-535
-562
-509
-501
-514
-629
-469
-574
-483
-451
-493
-360
-369
-292
-345
-239
-283
-295
-220
-355
-286
-282
-336
-301
-368
-342
-253
-310
-240
-216
-262
-252
-186
-238
-216
-155
-255
-159
-130
-172
-100
-117
-114
-74
-42
-69
-29
-28
-60
30
48
-30
34
16
23
123
72
186
190
205
253
255
194
141
210
229
180
176
191
264
228
326
317
282
261
274
320
254
334
278
335
366
337
412
312
358
395
381
383
332
409
360
263
376
298
350
388
262
342
278
391
241
361
263
281
350
263
465
254
345
311
381
286
369
425
440
426
397
467
398
378
438
382
351
345
326
275
208
218
195
108
56
20
-6
13
-63
-20
-156
-143
-201
-161
-155
-180
-175
-223
-239
-220
-208
-168
-165
-300
-236
-340
-280
-328
-322
-444
-318
-344
-426
-343
-364
-237
-357
-294
-235
-326
-273
-285
-338
-279
-377
-371
-386
-431
-419
-379
-315
-359
-313
-350
-310
-336
-324
-357
-283
-362
-342
-340
-381
-337
-379
-411
-387
-369
-343
-208
-239
-218
-244
-187
-194
-220
-217
-307
-314
-297
-269
-174
-248
-274
-213
-189
-267
-185
-265
-257
-216
-281
-167
-200
-145
-144
-142
-41
-46
60
2
18
32
-51
112
11
109
97
129
120
59
187
146
167
160
196
208
279
393
380
478
440
595
490
521
569
499
587
472
532
498
468
476
462
450
416
497
428
416
452
382
442
454
436
475
443
463
409
395
403
344
325
281
255
227
268
234
246
274
183
289
258
250
219
281
216
237
184
129
167
24
56
18
59
40
22
132
-16
124
19
-15
-12
-16
-19
-63
41
-7
9
-30
-66
-95
-75
-147
-121
-121
-134
-197
-134
-133
-149
-179
-48
-137
-57
-84
-80
-87
-204
-130
-155
-105
-277
-151
-303
-246
-280
-332
-340
-353
-357
-332
-359
-429
-411
-386
-357
-361
-319
-370
-368
-364
-280
-379
-313
-389
-341
-317
-350
-242
-365
-385
-440
-411
-359
-306
-330
-292
-297
-302
-289
-307
-331
-287
-312
-353
-316
-347
-337
-264
-278
-237
-172
-259
-219
-289
-175
-222
-180
-206
-243
-145
-214
-187
-214
-222
-208
-190
-131
-241
-77
-131
-19
-32
-45
41
-19
11
-1
73
11
108
94
175
56
127
212
153
171
196
217
172
322
228
391
425
432
584
464
590
572
682
608
613
631
565
694
526
583
557
574
476
505
504
416
486
409
499
482
470
374
419
362
375
395
303
291
270
271
213
238
165
182
190
117
179
167
251
227
286
318
187
260
165
179
162
178
165
161
249
164
155
219
152
112
88
60
67
162
53
106
129
33
21
13
-11
12
-92
-81
-90
-169
-108
-168
-216
-218
-289
-319
-383
-380
-471
-398
-368
-428
-423
-465
-349
-399
-380
-418
-432
-384
-417
-383
-357
-390
-331
-444
-416
-418
-508
-375
-427
-356
-378
-369
-308
-325
-335
-293
-290
-372
-356
-507
-443
-544
-409
-537
-466
-533
-581
-441
-582
-440
-542
-472
-551
-435
-431
-377
-353
-326
-303
-363
-170
-248
-173
-219
-208
-89
-133
-94
-17
4
33
15
52
95
53
84
40
28
52
15
25
54
145
101
162
197
205
249
197
161
257
245
252
303
239
236
314
320
367
397
358
424
398
550
488
547
523
585
539
484
571
547
597
535
514
571
514
517
539
483
519
520
549
449
496
456
474
447
394
423
446
400
342
419
329
366
351
354
252
318
341
322
306
227
341
247
246
249
217
179
158
186
224
171
140
100
18
62
30
-58
-40
-67
14
-54
-45
-68
-97
-83
-98
-116
-114
-91
-136
-234
-186
-209
-280
-270
-291
-222
-283
-239
-348
-273
-279
-292
-286
-356
-308
-378
-280
-391
-361
-332
-417
-381
-466
-443
-480
-415
-515
-557
-544
-580
-517
-605
-555
-591
-616
-561
-486
-407
-468
-396
-429
-408
-475
-414
-442
-471
-352
-384
-367
-336
-356
-308
-388
-394
-285
-355
-363
-358
-326
-351
-286
-307
-349
-328
-343
-276
-260
-185
-187
-118
-98
-13
54
-8
42
33
79
106
74
143
100
190
184
192
232
195
217
172
254
263
355
285
373
281
394
324
347
407
362
406
329
458
469
513
457
507
466
389
440
390
362
376
441
424
471
505
482
511
488
449
480
475
514
492
552
541
427
452
488
488
472
432
410
351
394
303
377
350
269
295
250
260
251
168
175
123
82
24
-9
-10
-19
-7
-2
10
-26
20
-90
-67
-2
-68
-76
-4
-23
-26
-35
-38
-66
-34
-82
13
-90
-20
22
-27
-58
-50
-88
-103
22
-90
-74
-114
-108
-124
-101
-201
-196
-191
-288
-212
-276
-282
-391
-350
-384
-353
-339
-358
-386
-413
-341
-376
-348
-474
-438
-493
-540
-452
-489
-543
-560
-496
-528
-518
-464
-496
-415
-492
-333
-437
-353
-350
-383
-377
-506
-365
-494
-408
-413
-431
-377
-381
-476
-444
-305
-339
-332
-255
-289
-191
-183
-47
-86
-51
-105
-129
-96
-106
-7
-62
-9
-2
106
107
122
223
200
138
194
94
211
108
141
189
87
255
195
310
347
369
366
399
360
349
391
344
364
348
311
426
444
415
420
468
408
439
505
418
474
422
316
377
317
307
298
361
319
390
331
351
340
338
405
373
396
332
375
372
371
368
336
372
340
356
358
293
290
184
236
78
200
162
113
170
92
183
139
60
29
131
100
66
147
101
138
113
101
96
86
80
28
60
-20
-26
-84
-114
-147
-169
-210
-212
-121
-149
-89
-100
-161
-183
-134
-117
-165
-103
-172
-185
-162
-126
-263
-201
-238
-287
-366
-407
-325
-353
-352
-349
-357
-436
-331
-399
-414
-358
-389
-384
-391
-304
-357
-308
-216
-269
-247
-242
-251
-200
-170
-213
-245
-232
-288
-242
-300
-311
-338
-314
-380
-367
-395
-403
-337
-429
-363
-413
-422
-375
-341
-325
-288
-260
-248
-155
-240
-123
-233
-299
-277
-296
-235
-261
-148
-206
-45
-64
-9
