-35
-4
29
50
52
41
27
14
-1
-13
-14
-7
3
8
9
4
-1
-2
5
26
55
78
85
78
65
50
35
24
22
27
34
38
34
22
5
-16
-35
-50
-61
-68
-70
-65
-52
-39
-26
-16
-2
14
26
21
2
-24
-45
-56
-58
-52
-36
-7
26
52
62
51
29
4
-11
-12
-3
9
13
9
2
-7
-19
-31
-32
-14
24
67
94
105
99
88
73
53
27
1
-20
-31
-35
-29
-14
4
15
15
4
-15
-36
-49
-44
-17
15
35
34
16
-5
-21
-29
-25
-8
17
45
68
75
66
43
17
-12
-40
-58
-54
-27
6
26
29
23
15
12
12
13
13
10
11
15
22
25
20
8
-5
-17
-25
-28
-30
-31
-33
-34
-31
-21
-10
-3
-11
-31
-51
-62
-56
-35
-5
27
50
54
44
28
8
-15
-38
-45
-38
-29
-29
-36
-35
-21
3
25
39
50
63
78
92
93
78
50
21
-2
-16
-26
-32
-29
-21
-10
-5
-3
3
15
29
37
36
28
14
-3
-22
-37
-42
-45
-50
-53
-45
-22
7
25
27
16
-3
-22
-36
-43
-39
-28
-15
3
21
34
44
47
44
39
32
23
14
7
4
4
5
5
4
3
-3
-11
-20
-24
-21
-14
-4
0
3
3
8
17
27
34
32
22
16
16
18
16
7
-1
1
10
20
24
25
25
27
29
29
24
9
-15
-33
-30
0
45
83
95
74
27
-24
-57
-58
-31
6
36
59
80
97
99
83
62
52
46
33
9
-11
-20
-25
-39
-48
-38
-15
-1
-3
-9
0
23
36
35
20
5
-5
-13
-22
-32
-46
-60
-64
-58
-48
-43
-46
-51
-50
-41
-32
-32
-38
-43
-45
-42
-35
-20
1
18
26
27
28
35
45
52
55
49
28
2
-12
-5
18
43
55
51
37
16
-2
-5
9
31
41
28
-1
-28
-39
-28
-5
14
21
18
8
0
-6
-9
-10
-3
13
32
48
52
50
43
37
29
18
8
7
14
23
25
28
31
32
23
8
1
4
11
18
25
35
38
26
3
-17
-28
-35
-34
-20
14
46
59
45
16
-15
-41
-58
-69
-77
-82
-78
-63
-43
-27
-16
-4
16
30
31
22
22
30
36
25
3
-20
-39
-53
-57
-50
-40
-37
-41
-43
-28
-3
22
37
44
43
36
24
10
3
5
14
24
30
35
35
31
19
7
5
9
13
13
14
18
18
5
-12
-22
-15
-3
4
6
5
3
-2
-13
-27
-39
-43
-40
-28
-11
6
16
19
17
18
21
27
30
26
12
-5
-20
-27
-30
-29
-25
-18
-11
-6
-5
-2
6
17
25
30
30
31
30
27
18
3
-12
-23
-27
-25
-17
-7
3
14
29
46
61
63
53
32
14
0
-7
-8
-4
3
14
26
36
43
42
29
9
-9
-14
-2
16
28
23
2
-24
-43
-42
-21
8
34
45
45
43
41
38
31
24
17
7
-8
-21
-22
-8
16
38
52
52
39
14
-12
-30
-36
-30
-13
7
22
23
13
-4
-18
-23
-20
-10
2
6
2
-10
-17
-16
-12
-11
-15
-16
-10
-1
2
-6
-12
-5
14
34
46
51
49
46
42
39
35
22
4
-12
-22
-27
-30
-34
-35
-31
-23
-11
-3
1
-1
0
6
19
28
29
27
29
35
40
36
28
27
34
43
47
40
26
15
13
21
33
44
46
40
26
12
3
1
6
14
28
40
46
37
13
-13
-29
-26
-13
-1
1
-2
-11
-26
-45
-63
-71
-63
-44
-28
-20
-17
-17
-16
-9
0
6
7
2
-9
-17
-26
-33
-38
-38
-36
-30
-18
2
28
49
56
50
37
20
-2
-24
-40
-40
-25
-2
23
41
46
36
20
5
-2
2
16
33
42
46
49
54
53
39
17
2
-3
-6
-15
-24
-26
-22
-17
-16
-17
-15
-5
7
12
10
3
-6
-7
-6
-10
-19
-27
-34
-37
-38
-35
-28
-16
1
19
39
55
63
60
46
23
-1
-14
-11
6
33
57
69
66
56
47
39
26
2
-21
-34
-27
-7
14
31
42
50
55
56
51
43
33
21
6
-10
-20
-27
-35
-45
-49
-45
-27
-4
23
41
42
22
-10
-39
-53
-49
-36
-20
-7
-2
-3
-6
-7
-5
-3
-3
-2
3
8
11
9
4
0
-3
-9
-15
-13
-3
4
7
9
18
34
47
53
49
38
21
0
-13
-13
-5
-1
-4
-8
-9
-7
-6
-2
4
14
22
20
8
-8
-20
-24
-21
-16
-7
4
18
27
28
20
11
8
15
26
34
32
26
20
16
16
14
8
4
13
34
59
73
66
47
27
8
-10
-27
-46
-61
-71
-71
-56
-34
-14
0
9
19
28
30
29
24
18
11
6
6
16
31
42
40
28
13
2
3
11
21
27
30
30
23
16
10
9
11
18
29
36
30
12
-8
-16
-18
-16
-16
-18
-19
-17
-11
-1
16
29
35
25
2
-29
-57
-71
-74
-68
-58
-42
-18
6
17
13
0
-12
-21
-24
-19
-6
6
9
6
8
10
-1
-24
-46
-51
-40
-26
-13
1
19
34
40
43
44
38
24
6
-14
-32
-39
-33
-14
3
6
-3
-4
10
27
35
38
48
69
88
91
77
59
43
33
19
0
-17
-25
-28
-28
-27
-26
-17
-2
13
20
17
6
-7
-17
-21
-17
-10
-9
-11
-15
-13
-4
8
16
18
13
4
-3
-4
-4
-6
-10
-13
-16
-20
-25
-28
-23
-11
4
16
24
23
17
11
8
5
5
5
10
16
17
14
12
14
16
20
26
35
45
47
36
19
9
13
23
30
28
20
14
16
25
33
35
35
35
41
48
48
38
19
2
-14
-27
-35
-28
-12
5
15
13
6
-5
-12
-10
3
19
33
40
40
38
32
31
33
40
40
36
29
23
19
17
23
34
49
54
44
22
-2
-20
-32
-39
-41
-31
-6
24
44
49
44
44
44
38
23
9
3
7
11
9
6
6
5
0
-9
-13
-11
-8
-9
-11
-15
-22
-35
-41
-29
-3
26
44
52
55
53
39
14
-14
-27
-26
-15
1
13
18
13
1
-4
3
25
53
75
79
67
43
18
-3
-23
-45
-64
-75
-70
-47
-12
26
56
68
60
42
22
19
25
36
39
32
20
9
1
-9
-22
-35
-41
-39
-31
-18
0
18
23
11
-17
-49
-75
-83
-74
-53
-28
-3
18
30
26
5
-26
-55
-76
-90
-99
-106
-106
-94
-71
-43
-16
3
20
38
57
73
78
65
46
29
21
16
16
16
14
12
14
25
37
42
27
4
-14
-22
-23
-20
-10
13
42
69
81
76
56
26
-7
-30
-36
-27
-12
0
8
15
19
15
-3
-25
-34
-24
-7
-1
-9
-28
-41
-43
-33
-19
-10
-6
0
13
30
43
46
47
45
40
25
4
-11
-15
-11
-4
0
-1
-6
-16
-27
-35
-34
-20
10
53
96
119
110
69
17
-28
-53
-57
-47
-33
-22
-12
8
39
67
79
74
60
44
26
6
-9
-14
-17
-18
-21
-17
-11
-8
-12
-12
0
22
45
59
60
47
30
13
-4
-19
-32
-36
-31
-23
-21
-28
-35
-34
-26
-17
-16
-18
-24
-32
-39
-38
-22
6
32
48
49
38
23
5
-11
-19
-17
-7
4
5
-12
-40
-59
-56
-34
-8
15
36
54
65
62
47
26
3
-16
-25
-18
-1
11
11
-3
-22
-40
-49
-44
-27
-3
14
17
11
0
-15
-30
-43
-49
-46
-35
-23
-13
-7
-4
-4
-3
-4
-9
-15
-22
-22
-14
0
17
30
37
38
34
27
24
23
22
15
6
-2
-4
-5
-8
-13
-12
-7
2
8
17
30
44
53
49
39
28
24
28
38
44
38
23
6
-7
-9
-2
16
41
61
70
65
56
42
24
4
-10
-19
-31
-43
-53
-47
-34
-22
-12
4
29
46
43
22
-3
-22
-35
-42
-43
-34
-21
-6
5
16
25
26
16
-3
-22
-33
-32
-24
-14
-2
7
9
8
6
5
6
10
14
21
29
32
25
11
-1
-6
-5
-2
1
6
12
13
5
-10
-26
-33
-33
-27
-18
-8
3
15
20
12
-3
-9
5
32
53
52
37
17
1
-10
-17
-22
-29
-34
-37
-32
-18
0
18
29
32
28
18
8
-2
-9
-9
-1
12
31
45
51
46
38
37
44
56
60
48
26
-1
-26
-44
-56
-60
-59
-59
-62
-60
-49
-31
-13
-4
-3
-8
-10
-4
7
17
18
12
7
5
1
-8
-19
-25
-30
-37
-44
-45
-40
-33
-23
-10
8
23
27
19
10
9
13
17
17
17
20
32
42
43
37
30
26
18
4
-11
-14
-7
-1
1
3
11
21
22
18
12
11
21
38
53
55
35
1
-29
-37
-24
-2
21
42
52
53
49
44
47
56
55
38
12
-6
-6
5
15
13
-1
-16
-27
-31
-31
-36
-46
-53
-51
-39
-25
-12
4
23
42
49
38
14
-14
-31
-32
-24
-17
-17
-21
-25
-28
-30
-29
-26
-19
-18
-20
-17
-3
15
26
22
10
-2
-5
-3
0
1
-4
-10
-17
-27
-39
-48
-51
-40
-22
-4
4
6
11
22
34
37
41
57
85
104
98
67
38
20
6
-14
-39
-56
-60
-59
-60
-60
-44
-14
15
29
28
27
33
41
48
51
43
20
-9
-24
-11
20
50
66
73
73
57
19
-31
-67
-71
-53
-29
-14
-5
1
8
17
29
45
60
70
71
63
48
27
0
-28
-49
-52
-33
-4
19
26
24
23
26
21
0
-33
-60
-73
-71
-59
-42
-20
3
23
39
53
60
52
35
18
11
4
-16
-47
-76
-95
-103
-105
-98
-76
-33
19
65
87
79
52
24
10
14
33
56
72
71
51
13
-24
-41
-29
-1
18
14
-9
-38
-56
-62
-53
-27
13
55
82
87
78
70
68
56
25
-11
-34
-33
-19
-4
7
15
13
-6
-37
-58
-58
-44
-35
-41
-51
-57
-54
-44
-24
-1
21
32
33
29
22
13
8
13
27
39
39
26
7
-4
-4
5
13
15
11
9
17
38
71
102
113
97
57
14
-19
-37
-45
-47
-49
-51
-45
-28
-6
14
13
-10
-40
-54
-37
0
36
54
49
33
16
8
7
11
13
12
5
-6
-20
-30
-34
-28
-18
-12
-15
-22
-27
-34
-41
-40
-21
7
33
43
41
41
48
58
68
74
67
45
13
-14
-28
-27
-15
5
32
58
79
91
86
59
17
-23
-43
-39
-22
-1
17
26
21
0
-24
-41
-43
-36
-32
-33
-36
-39
-41
-44
-45
-47
-45
-41
-40
-38
-32
-21
-12
-15
-24
-29
-18
6
30
41
38
27
10
-7
-27
-45
-57
-63
-63
-58
-43
-23
2
23
35
34
21
2
-14
-17
-2
21
39
42
32
23
18
23
36
49
57
56
49
45
43
43
36
25
13
5
-1
-3
-4
2
12
21
27
29
26
22
19
22
30
37
38
35
33
39
52
60
65
63
54
34
2
-37
-79
-114
-132
-122
-88
-49
-18
-5
-6
-9
-12
-8
0
15
31
41
41
34
22
9
-5
-18
-23
-21
-14
-10
-14
-26
-41
-56
-65
-65
-54
-38
-17
10
46
80
100
101
90
71
51
36
31
32
34
30
24
17
10
0
-9
-11
-7
-8
-15
-22
-14
-2
-1
-20
-47
-70
-84
-91
-89
-70
-37
-8
4
10
27
57
85
100
106
115
119
105
73
36
5
-18
-34
-32
-3
41
71
71
52
28
10
-13
-43
-67
-82
-81
-73
-66
-63
-67
-73
-76
-71
-62
-56
-61
-74
-85
-86
-76
-55
-24
13
45
58
53
41
35
35
29
13
-6
-14
-5
24
63
103
141
168
178
161
116
57
13
-7
-3
7
11
7
7
18
33
40
39
42
61
89
113
122
121
105
73
33
-6
-32
-52
-69
-83
-85
-77
-66
-58
-51
-44
-38
-32
-17
2
22
28
22
11
5
-4
-24
-50
-69
-70
-49
-17
7
5
-30
-84
-137
-162
-157
-140
-126
-122
-120
-109
-86
-53
-14
26
61
87
105
113
109
85
50
17
0
-4
-11
-25
-42
-52
-56
-58
-54
-44
-28
-12
0
15
25
32
41
53
63
57
40
39
73
128
162
156
131
109
95
73
41
12
-6
-12
-14
-11
-8
-8
-11
-16
-19
-23
-18
6
40
68
68
47
26
21
28
38
49
67
80
78
61
35
15
3
0
4
14
21
19
4
-23
-51
-71
-75
-64
-46
-31
-31
-50
-80
-109
-131
-148
-160
-164
-155
-141
-120
-94
-66
-40
-24
-21
-22
-24
-28
-32
-31
-25
-21
-27
-47
-73
-97
-105
-93
-52
8
65
103
116
111
103
99
100
99
102
112
135
164
184
193
192
181
163
139
121
119
133
162
201
239
263
263
248
233
227
220
206
177
139
99
59
28
23
56
123
203
270
303
296
266
228
195
162
125
84
45
13
-13
-44
-81
-118
-157
-201
-252
-300
-336
-365
-394
-430
-464
-496
-529
-560
-582
-597
-614
-637
-655
-648
-618
-583
-548
-508
-457
-410
-381
-368
-360
-348
-337
-322
-289
-236
-179
-142
-124
-100
-56
1
45
66
73
80
92
113
142
185
241
308
380
459
542
631
725
828
926
1006
1053
1071
1078
1085
1089
1073
1027
958
885
814
733
629
506
382
273
179
90
8
-59
-103
-128
-145
-165
-203
-276
-380
-499
-610
-699
-768
-807
-806
-770
-732
-714
-711
-687
-623
-525
-405
-273
-148
-64
-42
-66
-97
-120
-141
-157
-150
-103
-33
30
73
113
169
242
316
377
414
424
395
319
202
67
-54
-152
-229
-289
-330
-351
-354
-346
-326
-300
-279
-275
-287
-309
-342
-390
-453
-517
-572
-618
-658
-686
-693
-676
-633
-569
-487
-396
-305
-219
-145
-88
-57
-55
-77
-111
-139
-143
-116
-55
34
144
265
388
504
604
684
752
830
937
1075
1221
1356
1459
1527
1564
1582
1602
1627
1637
1594
1505
1394
1270
1106
889
651
447
294
159
8
-151
-294
-412
-520
-631
-739
-834
-909
-966
-1019
-1077
-1141
-1195
-1222
-1225
-1222
-1219
-1195
-1119
-982
-796
-589
-376
-173
-1
119
183
207
222
251
299
364
437
505
557
590
607
614
600
556
484
409
346
282
190
57
-98
-246
-367
-444
-471
-461
-442
-441
-455
-464
-469
-488
-531
-597
-686
-803
-945
-1082
-1183
-1235
-1235
-1194
-1128
-1047
-958
-857
-744
-640
-564
-526
-518
-541
-598
-675
-725
-706
-602
-423
-174
143
530
974
1447
1911
2323
2661
2924
3130
3279
3347
3320
3203
3016
2769
2471
2157
1874
1637
1412
1161
901
672
470
243
-42
-353
-637
-891
-1158
-1438
-1686
-1875
-2029
-2174
-2281
-2297
-2233
-2142
-2066
-1979
-1847
-1672
-1472
-1247
-992
-731
-510
-356
-246
-145
-44
45
114
180
264
374
496
610
707
793
882
973
1050
1081
1043
942
794
610
380
114
-146
-351
-491
-590
-670
-715
-717
-689
-653
-605
-531
-445
-379
-344
-316
-275
-229
-192
-143
-48
104
289
482
671
845
979
1059
1110
1171
1244
1284
1241
1117
957
796
629
434
209
-10
-199
-348
-468
-562
-630
-680
-731
-802
-903
-1017
-1115
-1173
-1188
-1180
-1165
-1140
-1101
-1071
-1068
-1077
-1044
-928
-730
-494
-269
-97
-5
3
-45
-112
-173
-220
-245
-235
-204
-192
-230
-303
-361
-381
-375
-368
-359
-350
-359
-408
-480
-541
-559
-532
-459
-325
-116
166
496
850
1215
1580
1934
2265
2555
2782
2927
2986
2976
2904
2776
2594
2373
2129
1878
1639
1433
1265
1118
955
753
523
295
86
-122
-360
-636
-942
-1253
-1554
-1825
-2038
-2169
-2215
-2187
-2114
-2034
-1980
-1942
-1875
-1744
-1578
-1440
-1338
-1228
-1073
-907
-786
-713
-635
-505
-318
-95
137
358
551
725
880
999
1063
1088
1112
1146
1166
1152
1113
1063
1001
924
860
821
784
712
602
481
348
192
23
-123
-242
-369
-520
-659
-744
-790
-841
-893
-912
-884
-843
-824
-822
-813
-793
-768
-740
-702
-658
-614
-581
-574
-598
-646
-703
-775
-877
-1001
-1113
-1193
-1265
-1356
-1458
-1528
-1549
-1539
-1499
-1401
-1228
-1007
-776
-525
-214
181
645
1154
1690
2223
2711
3107
3402
3613
3768
3876
3924
3880
3723
3466
3158
2840
2529
2217
1900
1589
1296
1027
786
556
305
5
-328
-662
-982
-1311
-1663
-2013
-2308
-2516
-2656
-2748
-2775
-2704
-2538
-2333
-2140
-1937
-1669
-1346
-1061
-898
-837
-778
-673
-560
-491
-438
-333
-159
40
237
442
658
861
1030
1178
1318
1418
1439
1377
1268
1141
993
827
658
505
390
328
309
300
272
259
299
363
373
301
218
180
138
-2
-247
-502
-696
-841
-958
-1014
-970
-845
-687
-523
-354
-199
-87
-10
46
58
-17
-179
-370
-550
-736
-955
-1182
-1369
-1504
-1604
-1658
-1648
-1589
-1534
-1517
-1524
-1536
-1569
-1646
-1751
-1849
-1918
-1964
-1980
-1946
-1832
-1611
-1259
-778
-199
460
1220
2091
2997
3800
4402
4817
5105
5277
5285
5112
4785
4349
3844
3338
2896
2510
2120
1715
1394
1232
1166
1062
875
654
399
35
-451
-945
-1363
-1779
-2300
-2870
-3305
-3520
-3597
-3618
-3542
-3312
-2965
-2578
-2151
-1664
-1191
-858
-703
-631
-557
-484
-437
-399
-339
-256
-140
58
354
690
999
1281
1567
1816
1947
1950
1892
1804
1626
1319
948
615
343
104
-101
-221
-234
-173
-71
69
244
417
537
569
493
303
20
-309
-637
-943
-1198
-1360
-1409
-1375
-1294
-1146
-884
-528
-158
154
402
596
701
665
485
204
-137
-516
-897
-1217
-1432
-1550
-1624
-1684
-1722
-1708
-1645
-1573
-1538
-1559
-1617
-1705
-1849
-2075
-2341
-2554
-2652
-2645
-2542
-2282
-1786
-1066
-209
725
1735
2770
3706
4464
5088
5620
5984
6053
5835
5456
4994
4441
3808
3197
2687
2271
1930
1680
1526
1410
1304
1242
1207
1059
674
112
-481
-1074
-1742
-2465
-3093
-3539
-3872
-4164
-4338
-4269
-3965
-3522
-2994
-2386
-1757
-1221
-832
-554
-355
-256
-263
-331
-412
-486
-508
-398
-132
209
536
853
1223
1649
2044
2314
2402
2301
2039
1662
1205
670
60
-541
-1008
-1268
-1342
-1292
-1153
-923
-600
-207
220
616
909
1037
971
719
327
-133
-582
-967
-1270
-1478
-1572
-1538
-1379
-1116
-770
-366
70
496
849
1049
1047
861
550
139
-375
-969
-1552
-2029
-2371
-2604
-2727
-2706
-2551
-2356
-2206
-2116
-2055
-2051
-2187
-2489
-2880
-3253
-3558
-3772
-3824
-3617
-3105
-2320
-1288
-12
1442
2922
4305
5603
6867
7999
8746
8914
8539
7824
6946
5994
5023
4102
3277
2560
1971
1559
1350
1306
1349
1436
1535
1575
1433
1024
362
-455
-1340
-2266
-3215
-4116
-4833
-5255
-5385
-5306
-5070
-4655
-4060
-3378
-2732
-2149
-1587
-1061
-674
-488
-451
-476
-547
-667
-764
-733
-568
-332
-6
503
1197
1901
2447
2842
3161
3335
3220
2817
2323
1875
1399
792
142
-337
-564
-624
-581
-396
-66
270
479
571
611
550
260
-269
-880
-1436
-1935
-2421
-2837
-3073
-3102
-2982
-2739
-2339
-1791
-1206
-703
-305
37
334
525
536
340
-23
-465
-892
-1233
-1475
-1639
-1753
-1818
-1823
-1753
-1634
-1545
-1569
-1723
-1969
-2284
-2682
-3139
-3530
-3715
-3653
-3392
-2934
-2196
-1126
193
1622
3088
4601
6141
7581
8718
9349
9397
8976
8301
7473
6428
5138
3783
2624
1732
976
301
-130
-155
118
405
520
490
404
251
-69
-623
-1373
-2207
-3034
-3832
-4581
-5174
-5477
-5457
-5207
-4792
-4178
-3353
-2446
-1645
-1030
-559
-202
15
79
9
-181
-457
-716
-813
-684
-355
146
825
1623
2405
3074
3637
4078
4279
4136
3706
3126
2437
1590
632
-263
-948
-1406
-1657
-1669
-1420
-982
-484
-35
290
423
357
139
-208
-719
-1405
-2156
-2832
-3372
-3764
-3918
-3726
-3210
-2515
-1737
-871
52
866
1413
1695
1786
1670
1269
627
-89
-752
-1363
-1933
-2372
-2580
-2565
-2423
-2210
-1935
-1647
-1453
-1428
-1563
-1828
-2222
-2730
-3236
-3570
-3628
-3397
-2884
-2037
-803
770
2499
4195
5767
7201
8427
9280
9616
9436
8857
7974
6835
5533
4231
3048
1982
1019
262
-143
-185
-2
271
578
848
962
846
526
47
-636
-1559
-2626
-3645
-4497
-5169
-5633
-5795
-5591
-5092
-4451
-3783
-3098
-2364
-1595
-888
-374
-123
-80
-135
-237
-388
-545
-607
-520
-332
-61
387
1093
1966
2811
3520
4112
4546
4675
4413
3865
3184
2393
1430
345
-674
-1463
-1979
-2250
-2288
-2116
-1779
-1320
-786
-280
43
107
-42
-341
-833
-1551
-2381
-3097
-3573
-3840
-3932
-3777
-3270
-2454
-1500
-559
310
1074
1649
1954
1982
1785
1401
831
99
-679
-1368
-1905
-2294
-2522
-2531
-2331
-2076
-1927
-1888
-1841
-1764
-1788
-2008
-2318
-2545
-2639
-2652
-2538
-2113
-1243
-13
1352
2714
4101
5594
7158
8591
9610
10038
9882
9268
8279
6949
5367
3737
2261
1018
-2
-777
-1249
-1400
-1289
-981
-553
-134
117
145
10
-260
-777
-1663
-2831
-4002
-4924
-5545
-5918
-6046
-5872
-5363
-4574
-3619
-2623
-1697
-909
-267
247
610
775
715
481
181
-59
-156
-101
93
439
983
1711
2517
3265
3887
4342
4553
4424
3971
3333
2626
1860
1013
150
-604
-1167
-1497
-1559
-1362
-1024
-694
-420
-152
90
156
-89
-603
-1250
-1945
-2673
-3391
-3985
-4361
-4482
-4333
-3890
-3186
-2311
-1378
-463
360
1010
1442
1654
1637
1339
759
14
-724
-1357
-1880
-2302
-2597
-2742
-2763
-2697
-2577
-2442
-2343
-2311
-2341
-2397
-2430
-2375
-2172
-1813
-1309
-637
285
1503
2950
4505
6074
7571
8849
9728
10108
10013
9512
8649
7487
6136
4714
3281
1890
654
-261
-758
-888
-810
-678
-545
-363
-114
100
78
-298
-962
-1748
-2572
-3420
-4241
-4910
-5335
-5512
-5449
-5112
-4503
-3745
-2981
-2251
-1520
-840
-362
-164
-161
-196
-191
-156
-124
-104
-83
20
333
901
1611
2285
2866
3408
3897
4193
4177
3881
3412
2818
2099
1329
614
6
-516
-946
-1218
-1310
-1286
-1216
-1097
-943
-862
-969
-1258
-1611
-1944
-2279
-2656
-3053
-3400
-3632
-3675
-3477
-3068
-2565
-2054
-1506
-885
-267
185
392
430
408
335
147
-178
-574
-952
-1262
-1512
-1737
-1964
-2180
-2350
-2470
-2581
-2702
-2815
-2878
-2878
-2790
-2537
-2035
-1268
-247
1054
2663
4436
6061
7315
8261
9105
9846
10243
10087
9453
8570
7537
6291
4840
3374
2129
1193
518
48
-240
-373
-399
-356
-271
-209
-255
-478
-926
-1626
-2542
-3535
-4445
-5225
-5917
-6462
-6658
-6393
-5835
-5254
-4701
-3995
-3056
-2078
-1319
-812
-411
-58
147
150
56
11
41
106
242
559
1100
1778
2457
3054
3563
3984
4293
4433
4353
4054
3589
3010
2346
1632
957
422
50
-213
-392
-454
-383
-273
-253
-379
-620
-945
-1364
-1860
-2364
-2816
-3218
-3572
-3807
-3820
-3595
-3218
-2780
-2305
-1781
-1236
-746
-394
-217
-198
-276
-395
-554
-775
-1049
-1311
-1512
-1682
-1876
-2101
-2335
-2610
-2978
-3429
-3864
-4179
-4323
-4264
-3962
-3408
-2627
-1586
-184
1582
3512
5325
6920
8372
9679
10645
11085
11037
10661
9991
8933
7482
5829
4233
2858
1772
995
509
239
117
115
223
399
570
629
451
-59
-864
-1809
-2781
-3788
-4839
-5794
-6428
-6648
-6564
-6317
-5908
-5242
-4289
-3172
-2085
-1169
-457
66
386
467
350
200
160
210
229
204
303
676
1285
1976
2662
3342
3965
4401
4573
4517
4284
3861
3230
2481
1768
1156
618
132
-242
-445
-513
-559
-652
-773
-873
-982
-1198
-1599
-2153
-2736
-3219
-3555
-3787
-3960
-4061
-4003
-3727
-3269
-2721
-2141
-1532
-923
-409
-77
71
72
-58
-275
-469
-561
-631
-828
-1158
-1471
-1672
-1845
-2100
-2431
-2777
-3136
-3505
-3777
-3813
-3599
-3177
-2496
-1444
-68
1420
2878
4386
6049
7773
9305
10419
11002
11016
10523
9688
8639
7354
5794
4119
2634
1497
653
47
-255
-238
-80
33
125
298
420
193
-485
-1381
-2223
-3024
-3956
-5020
-5980
-6606
-6843
-6755
-6375
-5690
-4744
-3657
-2563
-1561
-713
-86
257
312
182
10
-154
-360
-626
-810
-694
-193
580
1440
2281
3075
3793
4384
4794
4969
4854
4459
3890
3264
2598
1825
932
59
-576
-865
-887
-842
-875
-980
-1073
-1136
-1280
-1595
-2009
-2361
-2609
-2883
-3256
-3585
-3669
-3487
-3183
-2834
-2369
-1764
-1179
-796
-596
-419
-201
-53
-64
-148
-162
-88
-43
-114
-285
-512
-791
-1142
-1558
-2028
-2560
-3141
-3699
-4108
-4273
-4157
-3751
-3023
-1934
-481
1269
3174
5067
6772
8164
9187
9854
10198
10212
9836
9023
7807
6335
4817
3443
2311
1414
716
241
75
255
654
1027
1180
1072
733
145
-717
-1774
-2859
-3875
-4846
-5776
-6512
-6862
-6798
-6462
-5961
-5230
-4194
-2976
-1861
-1039
-485
-80
196
256
70
-250
-547
-745
-830
-771
-497
8
673
1418
2221
3066
3866
4490
4878
5064
5072
4862
4409
3783
3096
2410
1743
1122
615
234
-67
-333
-567
-781
-1039
-1403
-1861
-2339
-2773
-3153
-3478
-3737
-3906
-3940
-3784
-3425
-2959
-2539
-2225
-1927
-1542
-1128
-852
-779
-786
-719
-576
-467
-441
-424
-363
-322
-418
-681
-1040
-1424
-1838
-2322
-2860
-3346
-3634
-3630
-3344
-2818
-2017
-850
656
2264
3737
5084
6514
8042
9321
9954
9909
9489
8909
8111
6990
5662
4362
3220
2249
1470
931
603
416
366
500
747
890
753
332
-300
-1125
-2146
-3273
-4372
-5375
-6244
-6868
-7113
-6995
-6668
-6204
-5494
-4460
-3268
-2194
-1330
-566
158
684
851
727
525
352
159
-76
-228
-160
129
551
1089
1788
2611
3401
4032
4509
4877
5060
4932
4495
3918
3357
2805
2158
1407
667
41
-474
-923
-1300
-1583
-1810
-2061
-2335
-2546
-2638
-2683
-2803
-2998
-3152
-3187
-3149
-3114
-3069
-2958
-2790
-2629
-2474
-2254
-1950
-1653
-1449
-1316
-1176
-1013
-854
-678
-448
-249
-258
-548
-1000
-1453
-1891
-2381
-2890
-3252
-3339
-3142
-2669
-1874
-750
586
1981
3407
4947
6610
8220
9504
10253
10421
10114
9498
8661
7570
6182
4619
3161
2032
1222
598
120
-105
-12
277
536
625
548
336
-59
-706
-1595
-2613
-3659
-4699
-5691
-6496
-6952
-7026
-6821
-6412
-5763
-4858
-3823
-2838
-1957
-1148
-463
-13
198
312
379
285
-14
-311
-357
-161
88
375
891
1704
2583
3263
3736
4129
4422
4446
4158
3711
3273
2858
2397
1857
1249
619
56
-344
-595
-822
-1100
-1371
-1566
-1729
-1943
-2185
-2341
-2382
-2395
-2467
-2581
-2657
-2647
-2552
-2403
-2257
-2145
-2023
-1819
-1543
-1297
-1157
-1070
-949
-799
-686
-643
-659
-779
-1084
-1561
-2065
-2474
-2819
-3189
-3554
-3736
-3590
-3093
-2309
-1265
47
1608
3343
5132
6838
8314
9424
10072
10228
9938
9289
8384
7282
6004
4589
3185
2007
1195
717
440
292
307
498
736
838
751
535
198
-397
-1346
-2534
-3716
-4773
-5735
-6573
-7098
-7163
-6852
-6367
-5762
-4932
-3861
-2742
-1788
-1046
-474
-101
9
-65
-136
-130
-175
-371
-596
-616
-344
125
696
1361
2115
2861
3487
3958
4283
4438
4391
4170
3853
3478
3036
2527
1986
1439
882
315
-252
-828
-1432
-2030
-2519
-2820
-2977
-3087
-3142
-3029
-2699
-2276
-1944
-1745
-1585
-1394
-1243
-1247
-1413
-1638
-1832
-1974
-2036
-1955
-1710
-1409
-1200
-1101
-981
-764
-560
-574
-885
-1402
-1999
-2621
-3245
-3788
-4136
-4214
-3985
-3379
-2299
-745
1122
3072
4956
6711
8268
9481
10228
10492
10342
9834
8993
7867
6549
5140
3739
2507
1623
1125
832
564
374
446
745
927
699
148
-447
-1022
-1769
-2750
-3736
-4514
-5159
-5827
-6399
-6583
-6335
-5934
-5572
-5094
-4277
-3214
-2234
-1535
-1051
-702
-529
-542
-585
-512
-368
-296
-301
-220
60
490
982
1531
2168
2837
3416
3846
4163
4392
4481
4372
4092
3708
3206
2505
1610
693
-57
-653
-1273
-1994
-2660
-3066
-3199
-3214
-3208
-3149
-3009
-2852
-2738
-2631
-2468
-2257
-2060
-1915
-1827
-1802
-1820
-1804
-1686
-1486
-1281
-1118
-989
-857
-688
-459
-205
-43
-64
-230
-464
-810
-1392
-2186
-2940
-3397
-3521
-3407
-3051
-2356
-1298
6
1439
2996
4690
6439
8079
9441
10373
10770
10619
10023
9100
7916
6515
5007
3546
2254
1209
480
113
53
125
166
127
76
64
26
-201
-750
-1605
-2616
-3631
-4588
-5490
-6286
-6859
-7113
-7064
-6805
-6388
-5784
-4972
-4052
-3161
-2337
-1517
-738
-197
-8
1
102
283
276
21
-147
95
621
1075
1402
1890
2675
3509
4118
4535
4887
5072
4895
4414
3880
3342
2584
1532
458
-352
-930
-1482
-2023
-2401
-2575
-2684
-2829
-2955
-2993
-2981
-2976
-2951
-2869
-2776
-2736
-2735
-2708
-2645
-2584
-2537
-2458
-2296
-2011
-1579
-1028
-471
-27
291
545
739
785
600
204
-335
-983
-1724
-2490
-3161
-3625
-3800
-3650
-3186
-2451
-1441
-100
1585
3476
5347
7049
8533
9734
10503
10708
10361
9600
8568
7353
6015
4614
3249
2060
1186
671
423
310
265
272
291
254
145
-28
-351
-982
-1951
-3057
-4065
-4941
-5798
-6628
-7230
-7432
-7275
-6896
-6343
-5589
-4669
-3683
-2664
-1603
-595
145
501
608
665
678
489
73
-349
-510
-346
39
560
1218
1989
2773
3479
4098
4621
4962
5040
4889
4612
4219
3600
2720
1738
873
160
-550
-1355
-2138
-2705
-3013
-3162
-3231
-3208
-3088
-2946
-2846
-2749
-2612
-2495
-2489
-2581
-2647
-2640
-2632
-2679
-2708
-2626
-2452
-2269
-2054
-1689
-1152
-600
-229
-68
-13
-13
-149
-519
-1090
-1733
-2341
-2870
-3254
-3364
-3116
-2539
-1704
-608
804
2489
4289
6047
7707
9193
10321
10882
10834
10316
9499
8466
7246
5881
4467
3156
2114
1407
935
548
268
260
544
847
856
548
115
-392
-1146
-2228
-3435
-4508
-5449
-6387
-7242
-7735
-7731
-7400
-6938
-6301
-5365
-4224
-3150
-2279
-1518
-798
-274
-118
-245
-359
-291
-150
-110
-157
-111
163
655
1272
1936
2593
3217
3804
4359
4796
4968
4792
4353
3834
3319
2742
2024
1209
420
-305
-1034
-1778
-2402
-2774
-2973
-3207
-3519
-3703
-3586
-3295
-3099
-3067
-3019
-2845
-2669
-2644
-2710
-2711
-2634
-2586
-2560
-2420
-2108
-1728
-1375
-1005
-564
-131
159
277
254
80
-297
-833
-1408
-1959
-2491
-2922
-3062
-2780
-2140
-1269
-191
1143
2718
4428
6162
7791
9123
9964
10303
10269
9935
9237
8149
6827
5486
4208
3005
1964
1219
759
452
273
332
615
855
809
543
255
-107
-822
-1967
-3248
-4357
-5324
-6316
-7246
-7796
-7820
-7503
-7033
-6359
-5359
-4147
-3018
-2122
-1375
-675
-96
222
271
198
142
130
124
118
167
332
650
1144
1803
2553
3254
3800
4197
4498
4660
4548
4119
3541
3024
2575
2002
1184
250
-583
-1268
-1913
-2565
-3095
-3367
-3428
-3440
-3481
-3472
-3328
-3091
-2878
-2743
-2669
-2649
-2705
-2823
-2944
-3009
-3016
-2952
-2761
-2409
-1955
-1488
-1038
-569
-82
327
538
492
211
-253
-816
-1389
-1916
-2377
-2723
-2837
-2594
-1970
-1048
89
1444
3047
4835
6609
8122
9248
10017
10495
10623
10257
9378
8192
6926
5617
4219
2848
1784
1134
695
263
-48
2
349
610
544
283
9
-409
-1233
-2416
-3606
-4579
-5453
-6367
-7173
-7603
-7629
-7437
-7094
-6466
-5505
-4432
-3503
-2704
-1878
-1042
-413
-95
78
261
355
200
-71
-99
260
751
1112
1459
2099
3037
3922
4492
4870
5268
5609
5621
5255
4737
4191
3468
2434
1270
271
-531
-1349
-2256
-3058
-3558
-3800
-3920
-3899
-3665
-3306
-3025
-2861
-2667
-2394
-2231
-2350
-2657
-2911
-3044
-3177
-3377
-3525
-3492
-3284
-2956
-2488
-1849
-1125
-473
23
373
563
517
198
-324
-944
-1586
-2188
-2673
-2955
-2949
-2540
-1648
-332
1203
2786
4412
6140
7906
9499
10694
11306
11201
10405
9192
7908
6630
5163
3448
1822
703
114
-254
-553
-585
-184
436
885
1038
1034
901
422
-534
-1751
-2918
-4001
-5191
-6458
-7435
-7828
-7765
-7566
-7279
-6646
-5531
-4172
-2907
-1816
-810
65
618
820
878
940
893
587
149
-111
-78
73
219
524
1224
2246
3250
4020
4644
5257
5756
5904
5637
5127
4506
3702
2603
1303
56
-990
-1886
-2716
-3427
-3896
-4086
-4074
-3945
-3737
-3484
-3238
-3039
-2905
-2854
-2925
-3129
-3421
-3725
-3955
-4025
-3864
-3485
-2998
-2500
-1965
-1315
-572
106
578
840
951
881
521
-157
-1004
-1813
-2454
-2891
-3082
-2939
-2405
-1511
-342
1048
2653
4449
6329
8098
9554
10572
11121
11198
10783
9917
8755
7467
6101
4628
3152
1939
1145
631
171
-225
-358
-186
93
292
395
360
-12
-831
-1885
-2847
-3693
-4674
-5852
-6897
-7445
-7513
-7389
-7178
-6685
-5744
-4505
-3284
-2229
-1275
-403
240
532
564
507
356
-11
-520
-843
-752
-388
-17
389
1104
2184
3316
4194
4865
5530
6134
6398
6180
5637
4955
4118
3046
1823
626
-488
-1564
-2572
-3359
-3825
-4044
-4132
-4087
-3845
-3463
-3122
-2926
-2794
-2607
-2411
-2373
-2555
-2823
-3027
-3171
-3309
-3375
-3221
-2830
-2351
-1891
-1394
-791
-183
253
470
557
552
367
-70
-686
-1318
-1858
-2260
-2457
-2327
-1781
-851
347
1738
3335
5133
6975
8580
9760
10513
10917
10935
10463
9521
8297
6965
5537
3998
2488
1250
412
-85
-345
-381
-202
85
324
437
421
221
-274
-1099
-2118
-3156
-4195
-5338
-6552
-7561
-8062
-8037
-7748
-7387
-6852
-5938
-4676
-3351
-2205
-1263
-466
153
515
649
646
521
246
-89
-280
-223
-10
258
682
1435
2499
3641
4667
5558
6313
6794
6859
6565
6096
5489
4594
3348
1969
745
-258
-1184
-2099
-2871
-3351
-3550
-3589
-3526
-3355
-3109
-2876
-2714
-2609
-2550
-2585
-2775
-3117
-3526
-3887
-4118
-4191
-4117
-3903
-3522
-2958
-2265
-1556
-914
-375
29
220
143
-163
-599
-1128
-1762
-2436
-2949
-3093
-2831
-2263
-1461
-361
1138
3002
5021
6920
8502
9708
10571
11115
11274
10927
10033
8733
7276
5818
4358
2895
1585
625
29
-346
-545
-438
21
575
869
803
523
105
-546
-1470
-2499
-3491
-4522
-5690
-6801
-7483
-7605
-7377
-7003
-6426
-5529
-4432
-3420
-2587
-1779
-906
-169
160
102
-44
-75
-91
-261
-483
-453
-42
546
1067
1568
2256
3159
4041
4729
5280
5778
6095
6029
5592
4979
4262
3315
2083
758
-411
-1372
-2209
-2918
-3392
-3584
-3572
-3441
-3226
-2973
-2754
-2583
-2424
-2314
-2368
-2628
-2961
-3235
-3477
-3771
-4048
-4116
-3891
-3466
-2949
-2346
-1638
-912
-282
196
495
546
302
-172
-732
-1290
-1817
-2264
-2526
-2521
-2202
-1542
-532
786
2354
4132
6016
7754
9100
10044
10767
11284
11314
10642
9437
8062
6627
5014
3284
1782
729
-31
-720
-1233
-1292
-892
-388
-112
-74
-122
-226
-522
-1132
-2032
-3097
-4198
-5263
-6226
-6968
-7359
-7383
-7172
-6810
-6195
-5196
-3934
-2725
-1749
-927
-206
238
272
82
-19
-7
-103
-319
-363
-57
413
817
1275
2026
3005
3869
4475
5015
5604
6023
6006
5602
5026
4298
3277
2014
821
-94
-865
-1705
-2564
-3203
-3530
-3668
-3713
-3624
-3385
-3107
-2873
-2630
-2338
-2134
-2168
-2380
-2569
-2687
-2867
-3150
-3372
-3371
-3160
-2812
-2321
-1693
-1073
-612
-282
25
275
304
60
-332
-757
-1202
-1620
-1842
-1758
-1448
-1056
-560
210
1382
2907
4577
6133
7409
8443
9368
10112
10351
9885
8955
7975
7005
5766
4187
2638
1482
670
-61
-709
-1039
-977
-729
-481
-226
25
78
-272
-995
-1881
-2805
-3788
-4839
-5836
-6572
-6932
-6949
-6756
-6417
-5884
-5113
-4201
-3315
-2517
-1757
-1050
-530
-250
-91
30
-2
-289
-629
-664
-320
146
558
1063
1838
2745
3492
4009
4459
4907
5209
5249
5088
4793
4297
3538
2623
1715
818
-159
-1178
-2023
-2534
-2779
-2945
-3114
-3227
-3213
-3105
-2985
-2895
-2809
-2710
-2631
-2639
-2765
-2960
-3137
-3251
-3301
-3284
-3164
-2910
-2535
-2088
-1603
-1095
-609
-231
-40
-55
-229
-508
-859
-1254
-1632
-1908
-2013
-1917
-1609
-1059
-202
1004
2536
4269
5972
7426
8524
9320
9896
10197
10048
9362
8298
7128
5969
4733
3373
2074
1093
485
97
-170
-228
1
359
558
469
200
-151
-673
-1497
-2559
-3638
-4620
-5569
-6514
-7249
-7501
-7243
-6706
-6099
-5422
-4590
-3633
-2688
-1841
-1120
-568
-230
-60
40
67
-70
-356
-576
-526
-245
83
407
890
1646
2564
3405
4049
4571
5062
5460
5580
5322
4769
4085
3333
2460
1445
399
-562
-1436
-2279
-3021
-3487
-3594
-3468
-3296
-3139
-2940
-2680
-2442
-2320
-2337
-2463
-2648
-2854
-3062
-3291
-3542
-3736
-3766
-3599
-3281
-2857
-2307
-1633
-929
-325
127
447
612
527
124
-540
-1291
-1962
-2437
-2651
-2560
-2151
-1426
-351
1113
2869
4610
6022
7131
8267
9597
10755
11160
10662
9674
8639
7557
6200
4621
3187
2154
1425
786
228
-107
-158
-53
26
15
-36
-79
-219
-662
-1501
-2560
-3572
-4479
-5421
-6392
-7095
-7272
-7071
-6834
-6610
-6102
-5133
-3946
-2884
-2002
-1161
-393
80
186
119
48
-70
-301
-516
-518
-301
-5
346
880
1638
2464
3204
3885
4575
5176
5498
5504
5322
5010
4450
3565
2497
1476
563
-346
-1292
-2148
-2748
-3061
-3157
-3124
-3024
-2899
-2780
-2685
-2627
-2611
-2625
-2661
-2744
-2907
-3140
-3391
-3629
-3809
-3825
-3562
-3049
-2458
-1918
-1388
-794
-213
200
400
442
308
-107
-771
-1447
-1883
-2047
-2053
-1933
-1604
-1017
-205
832
2191
3884
5665
7179
8279
9117
9844
10305
10172
9367
8210
7078
6009
4781
3350
2018
1095
553
145
-210
-334
-111
267
481
406
132
-298
-953
-1839
-2784
-3641
-4486
-5465
-6480
-7177
-7317
-7036
-6636
-6204
-5566
-4622
-3555
-2644
-1958
-1372
-829
-460
-366
-432
-456
-422
-482
-667
-755
-515
1
560
1086
1731
2598
3529
4295
4852
5301
5632
5678
5366
4818
4179
3432
2510
1484
537
-247
-919
-1535
-2060
-2442
-2685
-2821
-2871
-2865
-2836
-2793
-2735
-2711
-2781
-2921
-3040
-3122
-3264
-3507
-3715
-3726
-3536
-3258
-2953
-2598
-2205
-1825
-1436
-961
-438
-45
90
23
-142
-397
-760
-1131
-1355
-1406
-1373
-1262
-933
-289
611
1686
2970
4480
6019
7297
8224
8952
9562
9857
9593
8834
7894
6973
5974
4755
3421
2246
1375
717
154
-269
-447
-438
-444
-586
-785
-947
-1188
-1727
-2571
-3454
-4168
-4808
-5560
-6322
-6760
-6743
-6524
-6348
-6083
-5422
-4362
-3280
-2468
-1853
-1237
-642
-257
-135
-129
-140
-222
-393
-476
-264
211
728
1179
1689
2389
3181
3847
4329
4746
5137
5342
5208
4816
4337
3772
2985
2002
1083
400
-167
-810
-1475
-1941
-2155
-2292
-2480
-2647
-2704
-2710
-2767
-2875
-2973
-3078
-3239
-3432
-3590
-3708
-3825
-3898
-3832
-3596
-3271
-2919
-2514
-2010
-1425
-840
-320
83
328
409
337
113
-260
-728
-1192
-1584
-1870
-1994
-1853
-1397
-669
300
1562
3128
4806
6281
7386
8213
8918
9481
9700
9393
8584
7487
6352
5274
4169
2964
1797
928
435
129
-156
-312
-139
250
469
303
-89
-513
-1056
-1907
-2979
-3966
-4763
-5521
-6286
-6791
-6820
-6531
-6217
-5855
-5163
-4094
-2992
-2168
-1568
-1000
-512
-305
-368
-469
-491
-550
-699
-756
-531
-90
366
820
1422
2198
2978
3613
4135
4603
4924
4953
4709
4337
3903
3332
2594
1815
1145
579
-3
-650
-1259
-1699
-1957
-2130
-2292
-2433
-2507
-2513
-2509
-2556
-2687
-2885
-3093
-3251
-3334
-3387
-3474
-3576
-3571
-3342
-2928
-2493
-2142
-1800
-1333
-762
-268
13
134
205
212
38
-350
-830
-1259
-1576
-1754
-1742
-1524
-1147
-631
161
1370
2901
4414
5641
6621
7548
8436
9052
9177
8822
8168
7356
6411
5322
4125
2904
1772
853
238
-76
-185
-199
-173
-131
-92
-91
-160
-370
-821
-1545
-2427
-3280
-4045
-4824
-5657
-6351
-6645
-6509
-6155
-5713
-5067
-4100
-2981
-2032
-1353
-779
-222
147
167
-13
-100
-51
-91
-321
-505
-364
66
521
899
1363
2060
2870
3535
3935
4149
4279
4314
4181
3848
3330
2658
1877
1081
375
-210
-742
-1282
-1779
-2102
-2193
-2148
-2112
-2131
-2141
-2110
-2109
-2223
-2433
-2647
-2814
-2958
-3109
-3262
-3398
-3498
-3502
-3332
-2967
-2488
-1978
-1437
-832
-218
283
600
758
785
665
393
19
-419
-926
-1458
-1851
-1939
-1713
-1296
-759
-46
915
2090
3372
4655
5828
6780
7454
7887
8107
8030
7573
6817
5968
5135
4231
3179
2122
1302
791
441
126
-97
-123
-4
67
-34
-286
-655
-1184
-1910
-2735
-3494
-4122
-4685
-5205
-5576
-5659
-5462
-5116
-4701
-4176
-3505
-2760
-2073
-1498
-1002
-582
-301
-194
-203
-245
-305
-421
-552
-570
-371
19
504
1044
1664
2357
3014
3504
3789
3929
3965
3883
3649
3284
2839
2340
1784
1195
635
158
-255
-667
-1086
-1439
-1637
-1695
-1736
-1871
-2103
-2332
-2482
-2569
-2659
-2789
-2929
-3032
-3077
-3081
-3056
-2969
-2779
-2480
-2113
-1722
-1318
-900
-489
-112
216
462
575
542
430
305
134
-187
-674
-1217
-1677
-1993
-2141
-2066
-1697
-1004
-14
1210
2540
3803
4898
5876
6823
7678
8207
8218
7723
6909
5983
5053
4103
3073
2006
1087
495
187
-50
-324
-484
-352
-10
255
271
83
-234
-731
-1451
-2278
-3056
-3783
-4533
-5246
-5694
-5733
-5443
-5006
-4483
-3834
-3063
-2277
-1578
-990
-543
-293
-246
-299
-331
-349
-446
-599
-633
-424
-52
316
669
1163
1864
2616
3217
3625
3905
4058
4010
3782
3485
3150
2674
1996
1252
646
207
-202
-662
-1074
-1321
-1430
-1518
-1646
-1787
-1914
-2042
-2167
-2254
-2315
-2422
-2622
-2855
-3018
-3074
-3055
-2971
-2774
-2433
-1999
-1561
-1170
-808
-435
-44
310
542
605
531
400
246
14
-357
-835
-1293
-1606
-1733
-1692
-1515
-1222
-814
-258
489
1411
2405
3357
4221
5028
5778
6408
6822
6971
6861
6542
6074
5482
4739
3823
2843
2010
1454
1095
774
470
301
310
367
334
227
124
-37
-422
-1081
-1867
-2616
-3316
-4027
-4701
-5171
-5323
-5213
-4992
-4718
-4318
-3703
-2925
-2159
-1541
-1062
-642
-277
-42
19
-42
-156
-293
-417
-452
-351
-142
134
501
986
1526
2012
2407
2759
3068
3251
3252
3114
2911
2628
2199
1639
1064
602
274
11
-247
-495
-692
-833
-974
-1165
-1380
-1536
-1598
-1625
-1699
-1827
-1947
-2017
-2062
-2120
-2165
-2131
-1975
-1723
-1463
-1264
-1136
-1026
-897
-757
-613
-424
-164
96
226
194
99
30
-64
-280
-589
-870
-1084
-1305
-1553
-1680
-1521
-1079
-487
176
967
1939
3010
4018
4864
5561
6149
6577
6719
6495
6003
5446
4942
4400
3689
2870
2149
1627
1185
702
258
21
-40
-136
-376
-650
-842
-1039
-1418
-1983
-2576
-3079
-3527
-3967
-4332
-4512
-4484
-4303
-4016
-3632
-3169
-2671
-2153
-1599
-1008
-452
-21
246
384
462
509
508
441
343
292
344
499
733
1027
1346
1633
1870
2116
2427
2747
2930
2919
2795
2666
2496
2166
1659
1120
689
358
25
-346
-699
-1004
-1305
-1639
-1950
-2158
-2264
-2343
-2443
-2539
-2585
-2574
-2522
-2430
-2297
-2139
-1969
-1778
-1559
-1337
-1163
-1043
-932
-780
-578
-374
-236
-196
-216
-225
-199
-204
-315
-517
-718
-877
-1050
-1279
-1487
-1550
-1436
-1221
-946
-543
76
902
1830
2763
3664
4533
5375
6164
6800
7127
7053
6671
6180
5661
5005
4129
3180
2403
1856
1373
857
436
267
260
175
-57
-282
-402
-575
-989
-1579
-2104
-2511
-2991
-3632
-4199
-4383
-4222
-4040
-3994
-3855
-3366
-2623
-1956
-1490
-1065
-573
-160
9
20
39
31
-175
-536
-752
-645
-401
-283
-239
24
588
1209
1654
1998
2427
2898
3158
3081
2815
2543
2271
1894
1430
1006
684
388
36
-331
-617
-807
-977
-1172
-1351
-1450
-1486
-1536
-1634
-1718
-1705
-1596
-1487
-1461
-1482
-1455
-1352
-1250
-1212
-1187
-1082
-900
-738
-664
-627
-556
-459
-391
-366
-336
-283
-243
-273
-403
-642
-967
-1321
-1648
-1936
-2183
-2342
-2329
-2108
-1710
-1157
-428
499
1602
2830
4107
5291
6215
6823
7194
7397
7352
6957
6273
5473
4617
3640
2578
1673
1113
809
528
219
34
58
153
156
66
-45
-229
-626
-1269
-2013
-2710
-3349
-3964
-4480
-4757
-4758
-4588
-4332
-3932
-3307
-2512
-1722
-1044
-461
37
362
420
261
21
-254
-611
-1012
-1272
-1247
-988
-633
-211
357
1067
1766
2304
2687
2997
3232
3287
3101
2740
2315
1880
1431
988
612
360
228
169
143
138
143
128
57
-73
-249
-460
-716
-1022
-1358
-1695
-2008
-2282
-2492
-2606
-2588
-2421
-2113
-1720
-1323
-973
-655
-342
-49
159
239
199
68
-142
-411
-693
-936
-1140
-1338
-1539
-1701
-1803
-1894
-2033
-2197
-2278
-2194
-1971
-1664
-1267
-726
-23
791
1688
2679
3730
4708
5498
6106
6593
6898
6862
6431
5766
5070
4379
3610
2762
1977
1376
945
595
320
205
291
483
613
595
467
301
73
-310
-870
-1517
-2140
-2702
-3201
-3591
-3790
-3793
-3681
-3500
-3214
-2792
-2307
-1870
-1513
-1185
-880
-688
-688
-833
-993
-1091
-1142
-1161
-1081
-811
-348
196
709
1170
1608
2005
2279
2384
2373
2337
2293
2184
1957
1624
1267
971
796
748
785
837
849
794
688
571
468
336
86
-303
-743
-1128
-1462
-1819
-2194
-2464
-2545
-2500
-2440
-2364
-2177
-1841
-1447
-1128
-940
-850
-791
-732
-708
-767
-902
-1032
-1092
-1113
-1181
-1308
-1423
-1463
-1441
-1405
-1379
-1385
-1451
-1577
-1697
-1732
-1654
-1464
-1148
-683
-69
686
1570
2541
3503
4390
5226
6031
6687
6987
6883
6544
6141
5669
5035
4256
3448
2684
1975
1351
875
554
339
249
333
531
650
563
340
99
-190
-641
-1263
-1949
-2616
-3246
-3788
-4137
-4273
-4266
-4143
-3841
-3349
-2786
-2276
-1814
-1367
-1012
-854
-841
-805
-710
-682
-783
-865
-762
-493
-204
73
433
913
1401
1761
1981
2130
2242
2300
2285
2205
2061
1855
1614
1391
1220
1089
970
848
740
669
661
716
772
734
543
218
-187
-662
-1222
-1825
-2349
-2702
-2886
-2957
-2916
-2722
-2382
-1986
-1615
-1266
-927
-650
-517
-505
-500
-433
-364
-393
-538
-720
-876
-1011
-1151
-1286
-1377
-1414
-1438
-1490
-1571
-1649
-1718
-1800
-1908
-1992
-1970
-1789
-1443
-928
-250
565
1484
2492
3573
4635
5530
6171
6594
6833
6833
6516
5932
5229
4484
3677
2821
2040
1429
947
526
218
138
275
475
622
721
761
621
200
-416
-1031
-1571
-2124
-2749
-3349
-3787
-4043
-4192
-4249
-4142
-3821
-3326
-2736
-2109
-1493
-968
-603
-391
-273
-213
-232
-337
-468
-532
-489
-363
-173
106
503
976
1431
1816
2162
2502
2792
2918
2833
2593
2288
1945
1554
1137
769
501
314
170
78
77
167
293
383
399
320
112
-262
-778
-1313
-1725
-1970
-2140
-2350
-2596
-2744
-2688
-2434
-2057
-1611
-1126
-691
-420
-338
-351
-346
-323
-382
-593
-907
-1212
-1423
-1550
-1650
-1746
-1797
-1756
-1654
-1587
-1610
-1682
-1738
-1789
-1887
-2019
-2062
-1909
-1569
-1123
-583
131
1060
2113
3127
4034
4887
5729
6481
6988
7174
7080
6763
6242
5526
4668
3756
2878
2092
1411
832
369
85
27
148
320
436
449
332
58
-320
-677
-954
-1266
-1772
-2452
-3091
-3516
-3741
-3873
-3943
-3889
-3675
-3335
-2916
-2414
-1839
-1281
-875
-693
-667
-653
-573
-461
-388
-339
-219
33
387
785
1202
1627
2003
2286
2498
2689
2831
2820
2609
2285
1963
1667
1336
953
578
283
92
1
-7
28
52
38
12
3
-19
-121
-318
-567
-827
-1112
-1448
-1793
-2055
-2179
-2168
-2044
-1818
-1505
-1157
-813
-486
-197
-5
32
-75
-268
-519
-841
-1208
-1542
-1790
-1944
-1986
-1869
-1626
-1404
-1329
-1348
-1305
-1190
-1169
-1363
-1659
-1848
-1880
-1864
-1846
-1696
-1284
-657
42
785
1678
2746
3823
4739
5502
6207
6792
7024
6785
6231
5603
4953
4182
3301
2487
1884
1441
1069
789
676
707
785
878
1017
1141
1084
747
215
-379
-1000
-1691
-2427
-3098
-3618
-3981
-4218
-4332
-4290
-4050
-3591
-2971
-2333
-1802
-1393
-1046
-765
-607
-583
-583
-513
-402
-338
-329
-310
-240
-113
131
579
1198
1797
2200
2417
2582
2744
2802
2657
2346
1974
1584
1146
664
231
-60
-225
-335
-404
-369
-200
20
171
221
208
143
-19
-274
-538
-762
-1003
-1331
-1702
-1977
-2080
-2040
-1899
-1649
-1282
-862
-496
-234
-57
60
94
-3
-257
-639
-1087
-1516
-1855
-2059
-2125
-2075
-1924
-1672
-1352
-1056
-875
-814
-800
-793
-847
-1015
-1269
-1515
-1701
-1816
-1815
-1618
-1217
-687
-65
729
1762
2920
3980
4833
5546
6189
6674
6848
6659
6192
5560
4829
4046
3269
2549
1939
1489
1224
1093
1018
972
984
1036
1030
905
708
501
221
-260
-941
-1656
-2267
-2803
-3334
-3799
-4064
-4094
-3980
-3784
-3473
-3044
-2591
-2188
-1786
-1333
-912
-655
-541
-409
-204
-57
-60
-89
42
332
604
772
946
1223
1536
1760
1887
2006
2145
2218
2157
1986
1764
1495
1159
778
407
84
-209
-483
-717
-859
-874
-781
-644
-537
-480
-448
-400
-335
-295
-319
-416
-574
-757
-918
-1033
-1115
-1182
-1205
-1123
-924
-659
-378
-88
182
337
301
112
-115
-338
-611
-942
-1226
-1365
-1388
-1401
-1424
-1396
-1299
-1211
-1194
-1218
-1247
-1309
-1453
-1650
-1814
-1919
-2020
-2143
-2213
-2126
-1864
-1481
-993
-333
545
1574
2594
3489
4258
4952
5550
5944
6047
5894
5620
5304
4909
4349
3655
2992
2528
2265
2073
1854
1652
1568
1612
1670
1624
1467
1260
1012
662
164
-448
-1087
-1693
-2252
-2762
-3203
-3551
-3778
-3856
-3760
-3490
-3089
-2630
-2176
-1766
-1405
-1078
-765
-470
-218
-29
70
51
-79
-245
-325
-267
-130
15
186
440
751
1019
1205
1378
1580
1725
1699
1513
1282
1077
858
572
237
-104
-439
-758
-1006
-1126
-1098
-945
-687
-363
-47
187
332
424
465
404
223
-32
-300
-560
-804
-1000
-1107
-1108
-1024
-886
-714
-521
-303
-61
172
322
339
251
121
-22
-216
-490
-821
-1140
-1401
-1609
-1783
-1914
-1969
-1931
-1834
-1743
-1694
-1676
-1677
-1720
-1839
-2033
-2246
-2412
-2484
-2447
-2266
-1890
-1290
-512
354
1275
2292
3412
4505
5390
6010
6453
6766
6843
6581
6062
5476
4880
4194
3412
2694
2176
1804
1489
1298
1354
1599
1804
1847
1811
1784
1685
1380
882
300
-333
-1070
-1897
-2679
-3297
-3752
-4079
-4254
-4212
-3951
-3557
-3114
-2640
-2125
-1606
-1184
-935
-842
-826
-847
-925
-1056
-1159
-1170
-1121
-1075
-988
-752
-364
52
409
765
1201
1651
1968
2086
2059
1942
1731
1427
1069
680
242
-220
-608
-841
-924
-902
-779
-548
-257
17
261
508
755
929
961
866
726
610
511
370
128
-197
-509
-705
-758
-711
-617
-517
-421
-314
-152
70
273
343
250
61
-168
-460
-833
-1217
-1518
-1729
-1918
-2099
-2205
-2192
-2111
-2038
-1984
-1922
-1860
-1849
-1926
-2098
-2359
-2684
-2992
-3179
-3192
-3047
-2755
-2264
-1522
-579
441
1454
2490
3593
4692
5619
6273
6709
7016
7149
6961
6400
5626
4880
4272
3734
3166
2592
2141
1911
1884
1936
1948
1875
1736
1548
1277
882
364
-228
-840
-1452
-2039
-2560
-2965
-3243
-3419
-3519
-3539
-3437
-3200
-2865
-2507
-2190
-1928
-1700
-1497
-1338
-1261
-1289
-1395
-1511
-1565
-1525
-1404
-1228
-1008
-727
-370
53
488
880
1208
1487
1722
1882
1928
1871
1741
1524
1174
711
243
-115
-356
-545
-701
-790
-793
-741
-634
-423
-104
223
452
596
736
887
953
884
724
542
336
75
-208
-439
-583
-655
-660
-584
-428
-232
-42
118
229
269
231
132
-15
-225
-502
-814
-1123
-1415
-1703
-1993
-2264
-2472
-2582
-2585
-2520
-2441
-2377
-2311
-2242
-2204
-2234
-2317
-2412
-2492
-2559
-2596
-2559
-2416
-2167
-1810
-1324
-706
15
799
1630
2499
3372
4204
4963
5624
6138
6467
6618
6617
6450
6094
5615
5157
4787
4420
3951
3417
2940
2546
2144
1708
1364
1209
1144
965
607
182
-210
-604
-1083
-1652
-2224
-2730
-3140
-3446
-3664
-3842
-3994
-4062
-3971
-3742
-3460
-3159
-2812
-2444
-2173
-2062
-2022
-1916
-1755
-1662
-1674
-1674
-1543
-1295
-1015
-714
-343
98
539
934
1301
1655
1953
2137
2208
2196
2117
1980
1794
1571
1302
990
680
437
270
135
0
-109
-143
-102
-18
86
217
362
473
497
437
350
294
272
253
218
180
137
49
-110
-304
-459
-534
-571
-630
-704
-725
-659
-552
-501
-552
-659
-749
-819
-937
-1138
-1374
-1566
-1708
-1859
-2027
-2123
-2083
-1949
-1813
-1685
-1517
-1326
-1213
-1236
-1332
-1404
-1453
-1558
-1743
-1940
-2079
-2154
-2184
-2148
-1980
-1639
-1120
-443
368
1305
2347
3427
4418
5200
5735
6082
6299
6382
6295
6046
5693
5292
4878
4477
4104
3726
3277
2744
2214
1807
1573
1445
1309
1096
814
514
229
-73
-458
-930
-1413
-1835
-2202
-2582
-2980
-3316
-3539
-3691
-3832
-3943
-3954
-3852
-3694
-3507
-3271
-2989
-2719
-2502
-2287
-2011
-1710
-1477
-1333
-1207
-1047
-874
-695
-439
-34
474
944
1301
1587
1868
2118
2254
2260
2184
2057
1845
1527
1163
852
640
520
486
543
636
660
563
423
349
340
285
109
-133
-360
-547
-713
-838
-883
-861
-830
-828
-836
-844
-862
-879
-856
-767
-639
-498
-344
-191
-92
-85
-123
-130
-89
-42
7
91
198
236
126
-109
-393
-686
-989
-1281
-1516
-1688
-1838
-1975
-2052
-2034
-1952
-1870
-1813
-1754
-1671
-1586
-1513
-1455
-1398
-1348
-1305
-1249
-1152
-1001
-806
-583
-321
2
420
941
1541
2172
2801
3402
3963
4476
4950
5379
5720
5888
5821
5545
5136
4655
4130
3603
3136
2765
2461
2165
1836
1469
1078
701
370
84
-206
-555
-971
-1423
-1882
-2327
-2726
-3048
-3294
-3495
-3661
-3770
-3799
-3744
-3610
-3407
-3167
-2948
-2790
-2679
-2561
-2401
-2190
-1939
-1679
-1450
-1255
-1046
-762
-415
-71
237
533
850
1175
1469
1722
1945
2141
2294
2385
2400
2346
2249
2139
2002
1774
1420
1015
687
484
329
140
-68
-223
-291
-318
-363
-425
-467
-471
-474
-519
-618
-726
-792
-794
-752
-692
-616
-525
-440
-386
-358
-321
-240
-121
-4
70
77
29
-57
-162
-286
-395
-438
-388
-291
-229
-224
-229
-193
-153
-185
-317
-498
-665
-815
-994
-1244
-1543
-1811
-1968
-1981
-1887
-1754
-1639
-1567
-1511
-1429
-1309
-1197
-1123
-1059
-949
-818
-751
-763
-728
-523
-161
239
627
1050
1531
2009
2448
2893
3396
3911
4355
4699
4935
5008
4875
4612
4341
4072
3700
3212
2740
2388
2081
1681
1202
770
428
104
-247
-557
-773
-952
-1185
-1464
-1730
-1975
-2246
-2543
-2794
-2961
-3100
-3271
-3438
-3501
-3404
-3189
-2934
-2683
-2425
-2157
-1875
-1588
-1296
-1029
-837
-743
-696
-604
-427
-211
-19
149
346
603
894
1171
1412
1619
1801
1951
2062
2124
2141
2119
2049
1907
1690
1439
1208
1003
786
540
310
139
15
-100
-215
-307
-384
-481
-616
-757
-873
-951
-1003
-1020
-980
-884
-765
-657
-575
-512
-457
-401
-331
-232
-110
-12
17
-16
-50
-60
-81
-166
-291
-378
-383
-334
-283
-248
-216
-188
-174
-203
-310
-518
-782
-1003
-1111
-1146
-1212
-1363
-1551
-1694
-1737
-1670
-1514
-1330
-1198
-1143
-1119
-1071
-1022
-1024
-1082
-1129
-1107
-1016
-877
-697
-466
-192
114
456
856
1302
1770
2248
2756
3291
3787
4161
4411
4598
4751
4825
4768
4599
4357
4030
3589
3094
2657
2309
1977
1612
1274
1030
836
596
314
60
-164
-446
-819
-1193
-1486
-1757
-2117
-2560
-2952
-3188
-3293
-3347
-3357
-3275
-3093
-2861
-2633
-2400
-2133
-1846
-1596
-1411
-1267
-1121
-970
-845
-746
-628
-440
-189
87
355
599
818
1023
1250
1523
1806
2020
2113
2111
2058
1957
1776
1506
1207
958
795
683
555
381
199
71
13
-17
-80
-195
-344
-511
-695
-874
-1014
-1085
-1098
-1094
-1106
-1134
-1152
-1122
-1027
-862
-635
-375
-125
84
244
357
406
376
295
228
212
210
165
56
-83
-203
-271
-270
-215
-157
-136
-151
-189
-271
-441
-686
-926
-1108
-1268
-1460
-1673
-1836
-1915
-1920
-1859
-1728
-1555
-1405
-1294
-1167
-972
-739
-539
-398
-297
-239
-254
-327
-377
-342
-258
-200
-179
-108
94
422
801
1189
1604
2087
2623
3154
3620
3989
4247
4396
4461
4465
4408
4256
3988
3629
3232
2837
2460
2097
1742
1389
1066
823
664
509
253
-97
-446
-727
-998
-1338
-1717
-2029
-2225
-2373
-2523
-2655
-2721
-2730
-2730
-2705
-2599
-2399
-2173
-2000
-1882
-1755
-1558
-1297
-1035
-846
-755
-712
-641
-502
-319
-127
65
267
486
719
963
1205
1417
1579
1705
1830
1947
2002
1932
1717
1387
1022
727
565
499
417
261
73
-63
-135
-208
-331
-488
-646
-800
-959
-1108
-1224
-1317
-1402
-1477
-1524
-1533
-1513
-1458
-1340
-1140
-871
-569
-277
-29
154
291
409
514
558
516
418
322
235
105
-95
-314
-489
-595
-660
-687
-647
-531
-375
-244
-173
-153
-153
-156
-172
-249
-409
-620
-805
-915
-962
-983
-980
-930
-824
-677
-504
-305
-85
138
350
538
676
729
676
541
364
171
-20
-180
-254
-214
-77
127
387
713
1108
1551
2010
2450
2835
3141
3362
3510
3592
3592
3492
3299
3042
2735
2385
2006
1638
1312
1031
774
528
295
80
-117
-293
-419
-480
-494
-524
-637
-848
-1120
-1401
-1666
-1907
-2107
-2241
-2294
-2286
-2240
-2151
-2010
-1838
-1694
-1604
-1521
-1389
-1208
-1032
-906
-815
-726
-628
-544
-486
-431
-352
-238
-80
124
349
562
743
904
1074
1243
1367
1412
1392
1336
1232
1043
776
498
275
105
-60
-231
-359
-416
-429
-439
-439
-397
-338
-323
-380
-461
-511
-537
-574
-630
-674
-688
-687
-687
-691
-689
-680
-644
-554
-398
-207
-22
150
306
417
436
354
226
111
22
-81
-224
-380
-490
-511
-453
-366
-304
-279
-258
-199
-107
-24
13
0
-46
-119
-213
-315
-397
-452
-493
-526
-527
-484
-404
-311
-209
-77
79
219
312
371
420
455
450
390
293
175
37
-108
-222
-290
-323
-334
-299
-188
-17
156
316
501
746
1017
1263
1474
1679
1882
2049
2155
2207
2207
2144
2026
1902
1813
1741
1628
1452
1267
1137
1072
1015
920
793
669
554
411
205
-53
-323
-589
-863
-1151
-1421
-1636
-1788
-1894
-1975
-2037
-2082
-2113
-2118
-2075
-1979
-1849
-1721
-1612
-1512
-1401
-1275
-1158
-1085
-1060
-1036
-946
-757
-504
-244
-9
201
382
516
600
669
756
854
927
962
991
1047
1118
1157
1126
1028
898
775
687
646
635
601
505
350
185
39
-107
-293
-506
-692
-807
-854
-862
-844
-801
-741
-680
-614
-515
-377
-219
-61
89
230
335
387
400
414
455
512
552
552
507
424
321
222
147
88
30
-34
-87
-122
-143
-168
-198
-223
-247
-284
-339
-403
-465
-526
-592
-660
-719
-775
-835
-901
-956
-990
-1003
-1001
-978
-934
-879
-823
-760
-673
-577
-506
-483
-489
-491
-471
-431
-367
-253
-90
82
217
300
372
480
639
829
1032
1242
1457
1660
1836
1982
2114
2250
2413
2593
2745
2807
2762
2653
2536
2415
2255
2033
1780
1529
1285
1048
833
661
510
320
62
-221
-468
-660
-828
-1009
-1197
-1363
-1506
-1658
-1842
-2037
-2189
-2261
-2257
-2199
-2104
-1989
-1877
-1782
-1690
-1574
-1419
-1245
-1082
-948
-831
-711
-562
-382
-200
-52
44
118
207
335
499
688
875
1019
1083
1077
1045
1023
1001
955
876
775
672
581
513
457
385
283
176
108
76
29
-68
-186
-260
-275
-267
-278
-304
-326
-345
-375
-414
-437
-434
-422
-411
-383
-308
-189
-56
54
129
167
163
127
92
80
73
29
-42
-75
-29
49
63
-19
-130
-186
-182
-187
-240
-307
-334
-325
-326
-376
-459
-545
-621
-686
-730
-744
-732
-716
-717
-734
-753
-753
-716
-641
-552
-484
-464
-475
-493
-503
-508
-498
-450
-357
-240
-138
-67
-30
-22
-13
34
151
329
517
673
792
902
1011
1107
1180
1241
1314
1413
1536
1672
1807
1914
1971
1970
1937
1911
1908
1904
1876
1826
1775
1723
1639
1496
1310
1113
924
737
545
342
122
-116
-351
-554
-704
-817
-916
-1011
-1102
-1198
-1297
-1365
-1367
-1313
-1255
-1233
-1228
-1218
-1209
-1224
-1256
-1267
-1227
-1144
-1044
-938
-824
-714
-623
-552
-490
-426
-347
-243
-119
6
108
179
234
276
299
301
295
296
300
300
295
287
269
232
191
156
119
75
38
61
150
251
293
266
218
188
170
138
84
30
4
21
68
110
117
89
49
7
-42
-95
-127
-115
-81
-64
-79
-114
-160
-228
-320
-429
-533
-608
-641
-627
-582
-545
-544
-573
-611
-627
-605
-545
-465
-392
-346
-325
-317
-321
-334
-336
-304
-233
-160
-126
-163
-253
-353
-422
-440
-415
-361
-277
-155
-9
126
218
254
232
173
127
151
253
393
518
630
762
908
1020
1072
1101
1159
1244
1318
1360
1390
1423
1449
1449
1426
1408
1402
1385
1335
1247
1136
1016
892
755
607
466
348
248
140
6
-142
-278
-388
-474
-542
-595
-641
-695
-770
-868
-976
-1075
-1144
-1174
-1165
-1127
-1065
-973
-860
-748
-661
-613
-590
-571
-540
-488
-409
-305
-202
-117
-55
-4
52
107
158
208
267
327
369
382
383
395
426
455
471
470
464
451
418
368
311
256
193
110
22
-41
-62
-60
-84
-154
-250
-339
-403
-456
-503
-535
-533
-502
-465
-448
-454
-465
-463
-442
-410
-380
-358
-338
-309
-262
-199
-134
-86
-60
-49
-30
12
85
165
210
202
165
124
89
35
-43
-115
-148
-137
-108
-79
-51
-15
17
40
50
52
41
7
-44
-95
-130
-146
-152
-151
-149
-148
-154
-161
-166
-163
-152
-135
-116
-98
-93
-102
-115
-119
-103
-69
-23
26
71
106
128
141
152
165
172
168
156
143
143
168
223
297
376
456
536
605
650
664
662
654
644
625
603
585
568
543
508
476
447
411
362
306
254
207
163
119
79
31
-34
-103
-154
-179
-192
-215
-259
-316
-370
-398
-387
-353
-321
-312
-317
-326
-342
-363
-376
-355
-307
-264
-248
-247
-237
-209
-187
-184
-195
-204
-205
-201
-192
-170
-126
-64
-5
32
37
15
-14
-28
-4
68
174
285
359
367
306
201
88
-12
-95
-155
-176
-150
-100
-66
-73
-107
-135
-144
-154
-183
-212
-211
-164
-94
-40
-20
-29
-53
-90
-138
-179
-193
-189
-201
-252
-321
-364
-368
-350
-337
-324
-291
-231
-160
-97
-66
-83
-150
-245
-327
-365
-356
-312
-248
-173
-112
-84
-85
-86
-72
-55
-48
-49
-44
-28
4
64
168
283
354
354
316
289
293
311
343
403
481
535
541
530
559
648
748
796
761
670
570
503
482
485
485
466
440
425
436
463
481
466
410
329
251
202
191
217
260
288
264
176
56
-46
-112
-163
-223
-279
-304
-305
-308
-331
-351
-352
-339
-332
-329
-316
-284
-240
-199
-155
-111
-82
-75
-73
-55
-9
53
106
138
144
118
61
-15
-92
-153
-188
-190
-160
-112
-70
-52
-54
-57
-54
-58
-81
-119
-149
-157
-144
-125
-110
-114
-149
-208
-268
-307
-320
-327
-332
-322
-278
-208
-141
-105
-111
-139
-165
-164
-124
-48
45
123
166
163
126
75
21
-25
-65
-91
-100
-99
-88
-58
-1
65
105
83
-2
-108
-192
-231
-234
-220
-195
-160
-128
-119
-147
-198
-238
-243
-212
-162
-108
-66
-45
-40
-31
-8
22
35
19
-14
-41
-44
-13
46
115
179
231
272
299
307
303
299
303
306
297
285
285
308
346
380
398
391
368
345
329
308
265
199
134
104
126
187
267
347
412
455
455
408
324
235
174
149
151
159
159
144
117
82
45
7
-27
-50
-54
-41
-16
22
71
118
140
122
70
6
-38
-52
-43
-38
-62
-115
-172
-206
-222
-245
-287
-333
-359
-352
-323
-285
-245
-212
-193
-193
-201
-208
-215
-230
-257
-289
-308
-302
-271
-228
-189
-171
-177
-199
-223
-238
-240
-232
-208
-171
-125
-77
-35
-5
-5
-53
-133
-207
-229
-193
-128
-72
-41
-25
-6
20
46
54
36
9
-3
18
63
99
99
62
15
-14
-12
12
44
81
119
155
172
156
109
54
9
-21
-40
-46
-32
-2
28
40
33
18
8
0
-23
-57
-72
-39
20
60
56
39
60
128
209
258
261
235
205
199
232
296
358
383
369
352
363
412
472
507
499
443
362
285
250
275
340
400
422
408
382
353
312
256
192
138
97
65
36
13
-5
-21
-38
-59
-86
-123
-173
-226
-266
-286
-278
-251
-207
-154
-108
-91
-116
-185
-288
-409
-511
-558
-532
-450
-355
-271
-202
-145
-110
-112
-144
-179
-194
-186
-162
-136
-116
-107
-110
-128
-156
-176
-181
-169
-167
-187
-211
-209
-176
-139
-122
-117
-118
-128
-152
-176
-178
-162
-160
-183
-219
-236
-219
-172
-111
-54
-19
-14
-27
-46
-60
-70
-69
-57
-41
-32
-25
-1
40
86
124
154
187
224
252
256
225
167
106
77
94
137
172
186
189
192
197
192
178
157
125
82
38
12
24
70
139
212
273
323
361
390
425
475
528
546
505
426
368
371
427
487
521
533
522
475
393
305
246
213
179
141
130
155
190
192
149
92
47
19
-2
-20
-38
-63
-102
-145
-189
-255
-360
-486
-588
-627
-605
-545
-476
-419
-403
-448
-528
-589
-596
-555
-503
-465
-432
-398
-369
-359
-360
-344
-303
-254
-220
-200
-179
-165
-175
-220
-282
-333
-346
-303
-207
-74
58
166
242
280
269
200
99
21
-1
23
62
96
125
152
176
187
167
109
19
-70
-140
-181
-198
-190
-161
-129
-111
-106
-96
-81
-68
-63
-61
-68
-101
-163
-231
-265
-254
-214
-167
-120
-73
-38
-30
-48
-72
-78
-65
-46
-42
-60
-88
-109
-103
-67
-18
22
43
51
56
58
51
39
30
22
6
-16
-19
8
50
86
116
172
262
353
408
424
428
438
443
431
393
337
273
224
217
254
316
380
439
495
531
519
463
398
363
362
371
364
339
312
299
305
321
320
281
205
114
38
-3
-14
-7
-1
0
-3
-3
-1
-1
-13
-48
-118
-213
-308
-371
-384
-348
-274
-182
-101
-60
-77
-144
-237
-327
-395
-437
-455
-452
-423
-363
-279
-197
-150
-146
-166
-183
-185
-172
-143
-105
-67
-49
-62
-99
-139
-166
-179
-180
-175
-169
-162
-147
-120
-82
-55
-53
-84
-131
-181
-222
-249
-255
-243
-222
-207
-197
-182
-159
-132
-116
-111
-120
-138
-163
-191
-211
-219
-213
-181
-118
-41
14
20
-19
-74
-123
-160
-182
-182
-155
-109
-60
-15
13
21
11
-4
-8
7
40
91
148
196
223
238
250
252
234
200
181
203
268
354
437
504
542
544
507
439
358
293
276
315
379
431
457
473
501
548
598
645
682
706
711
681
605
487
365
280
241
212
156
75
14
13
71
149
196
182
112
19
-59
-108
-145
-185
-227
-250
-242
-212
-176
-150
-137
-138
-149
-168
-192
-226
-264
-303
-327
-339
-348
-358
-369
-371
-363
-348
-326
-291
-252
-227
-219
-216
-196
-161
-137
-137
-152
-164
-178
-205
-232
-236
-214
-196
-205
-225
-234
-222
-203
-190
-178
-163
-151
-150
-160
-160
-145
-124
-117
-124
-139
-145
-144
-145
-157
-187
-228
-266
-278
-253
-197
-125
-57
-11
-4
-34
-86
-137
-172
-187
-185
-164
-122
-69
-27
-8
-7
-10
-14
-31
-67
-119
-166
-182
-164
-134
-108
-90
-65
-28
18
62
100
135
165
189
208
224
233
233
237
258
291
314
306
275
244
229
240
277
342
420
486
525
544
552
549
525
486
450
435
436
450
482
530
565
555
494
412
336
263
178
94
39
34
66
108
149
187
200
166
85
-9
-80
-119
-135
-134
-119
-98
-81
-75
-81
-107
-165
-250
-332
-376
-382
-371
-356
-329
-288
-253
-237
-233
-218
-192
-185
-216
-269
-307
-315
-306
-291
-271
-239
-190
-132
-77
-44
-46
-80
-121
-144
-144
-142
-154
-181
-202
-196
-160
-103
-48
-21
-37
-89
-139
-149
-117
-81
-75
-99
-126
-141
-143
-137
-117
-82
-42
-15
0
8
9
-13
-60
-112
-145
-156
-158
-152
-120
-57
20
75
91
82
64
44
25
17
38
87
147
206
253
277
268
231
188
165
165
176
189
207
225
244
264
291
324
351
360
351
340
336
334
336
343
353
357
350
324
289
253
229
222
224
208
164
110
74
74
99
120
125
113
92
72
63
66
76
73
44
0
-37
-49
-34
0
41
78
97
87
53
14
-14
-27
-29
-24
-16
-19
-46
-100
-151
-170
-157
-131
-110
-92
-67
-37
-12
4
9
-5
-41
-89
-126
-138
-132
-125
-120
-118
-119
-141
-181
-219
-229
-202
-159
-124
-108
-116
-146
-184
-213
-218
-207
-212
-242
-278
-282
-235
-147
-50
27
64
52
3
-63
-126
-179
-222
-255
-266
-250
-214
-162
-103
-48
-12
-8
-32
-60
-73
-73
-78
-96
-114
-120
-104
-73
-46
-35
-38
-39
-28
2
46
92
122
118
71
1
-64
-99
-95
-63
-14
43
101
159
211
249
268
272
260
233
195
162
156
175
199
209
210
215
230
250
276
310
351
378
376
344
300
252
202
146
94
68
79
115
146
145
116
78
57
58
82
115
138
125
71
1
-48
-56
-45
-39
-41
-30
12
73
127
159
169
171
161
131
80
27
-15
-46
-70
-78
-57
-9
38
51
28
-12
-46
-67
-73
-67
-59
-67
-103
-164
-222
-256
-257
-231
-196
-164
-135
-105
-73
-61
-91
-163
-245
-305
-331
-332
-310
-265
-198
-134
-92
-70
-53
-29
-5
8
7
4
2
5
8
14
29
45
58
65
77
102
139
178
206
213
201
184
173
176
180
170
144
110
74
38
5
-17
-21
-11
3
21
49
77
87
64
16
-33
-65
-78
-82
-84
-86
-81
-60
-29
-3
0
-17
-36
-43
-36
-20
1
21
36
47
55
62
61
55
57
78
106
116
92
57
43
53
70
76
76
81
92
95
84
70
71
91
115
122
90
25
-48
-102
-132
-143
-143
-124
-88
-54
-40
-50
-70
-92
-120
-153
-174
-171
-149
-122
-106
-97
-95
-94
-91
-87
-93
-115
-141
-144
-98
-17
64
113
120
90
34
-31
-87
-115
-108
-77
-29
27
86
140
184
215
222
202
164
120
84
58
45
48
66
95
124
151
169
167
132
74
27
16
37
68
85
91
88
77
52
22
-4
-23
-37
-43
-26
17
78
135
181
211
228
220
183
127
69
20
-13
-28
-14
21
51
53
30
13
29
76
127
150
135
90
34
-19
-56
-72
-64
-40
-23
-35
-77
-126
-160
-171
-168
-157
-132
-91
-53
-51
-93
-157
-209
-224
-203
-161
-119
-90
-74
-70
-83
-117
-158
-183
-173
-143
-115
-101
-92
-72
-40
-8
12
17
13
14
30
55
76
77
63
47
41
42
38
26
-1
-47
-117
-191
-233
-226
-188
-152
-126
-91
-31
42
93
101
70
20
-30
-71
-101
-120
-129
-123
-95
-50
-4
17
2
-45
-104
-159
-189
-190
-169
-136
-93
-32
50
134
186
187
158
133
140
176
222
262
287
294
277
242
201
162
125
91
67
67
92
127
149
155
146
132
123
130
158
197
224
222
195
165
145
126
94
47
-5
-48
-74
-84
-92
-112
-149
-189
-209
-199
-164
-105
-29
48
94
89
50
14
0
3
7
17
42
79
108
116
109
100
88
70
43
14
-8
-22
-28
-17
3
19
19
12
22
50
73
74
56
50
62
77
82
81
86
93
87
62
32
0
-37
-82
-127
-152
-155
-151
-157
-179
-210
-229
-221
-180
-121
-73
-55
-68
-90
-97
-87
-74
-74
-83
-90
-92
-91
-84
-65
-35
-19
-38
-88
-141
-175
-187
-191
-184
-152
-99
-44
-11
1
8
26
51
72
80
71
47
16
-21
-62
-95
-109
-93
-54
-6
44
88
113
109
80
38
7
-10
-16
-17
-8
18
68
128
174
197
191
161
113
56
4
-33
-48
-46
-25
14
55
79
75
57
50
60
85
114
142
163
162
127
61
-15
-77
-104
-93
-52
4
64
110
128
115
77
29
-13
-42
-53
-52
-42
-33
-31
-40
-58
-75
-83
-80
-79
-93
-119
-133
-119
-84
-52
-34
-28
-31
-51
-86
-110
-93
-32
40
87
103
104
100
83
51
19
9
25
53
79
91
86
62
29
2
-4
7
27
47
55
46
22
13
40
93
136
143
121
95
71
39
-5
-39
-39
-5
42
77
78
44
-12
-66
-106
-133
-147
-141
-109
-64
-31
-21
-15
7
47
82
98
97
81
50
7
-29
-41
-30
-22
-34
-53
-62
-60
-61
-75
-90
-91
-76
-56
-36
-15
12
42
60
56
25
-29
-88
-131
-146
-136
-111
-81
-53
-27
-12
-9
-19
-34
-51
-71
-92
-110
-118
-113
-98
-68
-28
16
45
60
76
102
136
163
161
132
86
44
23
31
58
84
93
82
70
66
73
76
69
54
39
32
38
52
61
53
26
-5
-21
-18
2
34
75
113
119
84
17
-45
-80
-92
-95
-100
-96
-82
-65
-55
-46
-24
13
56
81
75
35
-27
-95
-151
-185
-193
-178
-143
-93
-33
17
46
49
38
25
13
-3
-27
-48
-57
-52
-38
-15
19
58
81
76
43
0
-39
-69
-78
-53
0
53
86
98
101
94
69
28
-8
-18
-8
11
21
23
27
35
39
27
-5
-44
-71
-64
-26
25
57
50
12
-30
-49
-47
-40
-37
-27
10
72
133
167
174
161
134
91
37
-6
-25
-23
-10
6
28
55
74
73
50
17
-19
-51
-75
-88
-94
-95
-93
-86
-73
-61
-53
-42
-19
9
31
40
39
