
-106
-51
-96
-105
-160
-169
-228
-221
-246
-304
-304
-361
-289
-334
-360
-401
-352
-365
-394
-380
-417
-392
-420
-424
-433
-392
-384
-402
-425
-417
-298
-325
-335
-257
-369
-290
-310
-353
-253
-401
-396
-341
-313
-353
-259
-376
-371
-337
-444
-301
-333
-332
-384
-327
-395
-317
-460
-423
-368
-472
-296
-357
-292
-264
-305
-322
-297
-248
-335
-301
-237
-315
-301
-233
-278
-204
-257
-200
-175
-146
-68
-147
-109
-71
-152
-144
-49
-74
-65
-98
-81
-12
45
46
23
12
111
54
83
158
101
180
133
229
308
365
402
370
315
431
357
368
450
416
453
322
497
489
531
515
443
571
498
543
561
498
624
571
542
551
558
533
463
487
523
486
443
512
486
525
504
513
575
469
491
503
454
391
341
288
343
314
282
277
266
251
181
232
159
151
123
69
99
7
72
23
36
38
-8
48
-15
11
-29
-30
-134
-40
-45
-32
-65
-86
-68
-127
-124
-228
-154
-147
-254
-186
-188
-246
-239
-187
-233
-191
-221
-247
-339
-339
-340
-387
-407
-480
-412
-473
-470
-471
-536
-521
-518
-499
-546
-520
-499
-506
-554
-479
-462
-588
-543
-581
-516
-469
-527
-422
-413
-419
-413
-390
-413
-363
-406
-472
-429
-356
-404
-436
-397
-450
-365
-368
-368
-311
-314
-232
-152
-172
-80
-80
-65
-23
122
18
65
50
62
142
9
127
105
107
208
173
212
222
222
195
291
257
139
299
213
207
256
180
331
198
276
315
356
264
271
380
214
344
219
255
201
195
271
310
271
212
318
265
319
331
418
327
358
401
372
428
384
395
332
361
252
269
338
259
327
204
300
305
270
331
312
315
373
288
375
405
340
365
344
311
351
314
228
255
291
274
219
280
174
265
137
160
158
85
103
126
82
-24
-21
14
-19
-48
-107
-37
-5
-57
-23
-88
-64
-67
-31
-28
-39
-16
-106
-22
-30
-28
-34
-79
-88
-109
-128
-109
-57
-209
-115
-102
-110
-73
-69
-21
-39
-91
-100
-59
-201
-117
-189
-225
-190
-246
-240
-355
-325
-403
-400
-463
-479
-447
-507
-507
-542
-571
-505
-496
-541
-455
-483
-422
-379
-358
-401
-442
-482
-520
-497
-534
-422
-438
-439
-322
-383
-317
-295
-269
-261
-302
-224
-228
-102
-164
-125
-30
-157
-205
-125
-207
-134
-185
-168
-107
-52
-64
-31
-6
53
25
4
46
52
76
162
238
150
270
195
207
214
188
240
178
194
299
335
391
330
400
436
353
431
383
375
399
420
405
378
409
393
446
429
466
438
428
484
458
456
423
503
478
502
539
545
503
569
571
557
482
461
512
354
354
376
413
336
276
373
296
219
302
300
383
222
209
284
203
230
123
137
55
42
61
64
-76
-19
54
-84
62
-86
-88
-79
-86
-76
-81
-5
-98
-153
-97
-146
-162
-263
-331
-279
-375
-319
-271
-229
-337
-308
-312
-339
-357
-396
-346
-369
-370
-423
-384
-372
-433
-326
-428
-418
-414
-421
-472
-517
-398
-446
-395
-318
-298
-179
-176
-234
-204
-131
-248
-224
-261
-312
-291
-308
-387
-313
-344
-379
-363
-421
-399
-441
-341
-372
-366
-339
-368
-327
-365
-325
-268
-291
-374
-364
-277
-315
-251
-300
-245
-303
-250
-288
-258
-302
-215
-224
-194
-106
-239
-56
-124
-93
-30
-149
-45
-26
4
6
92
35
66
173
37
213
177
153
211
198
222
304
291
361
354
348
313
332
303
335
297
323
292
324
417
302
438
416
349
407
432
397
403
397
335
349
363
334
423
346
404
400
382
385
386
413
364
480
385
508
520
519
528
504
572
530
535
434
471
456
388
335
343
317
269
264
203
315
254
250
280
247
221
230
188
216
142
143
51
82
45
11
50
-25
-4
-20
-27
-80
-32
-124
-140
-130
-184
-184
-159
-160
-181
-225
-257
-285
-305
-328
-295
-314
-317
-288
-355
-349
-334
-338
-378
-457
-425
-470
-402
-527
-486
-524
-566
-519
-552
-458
-584
-486
-491
-517
-533
-502
-459
-447
-478
-438
-398
-507
-439
-478
-514
-489
-553
-459
-415
-469
-437
-440
-457
-490
-425
-505
-445
-437
-403
-422
-404
-352
-402
-260
-250
-186
-138
-109
-17
-15
9
-7
-43
17
-2
-15
-58
15
9
106
111
55
123
152
233
277
250
263
308
377
305
447
326
317
403
313
453
354
449
442
510
534
482
560
507
543
543
525
532
551
612
474
595
584
553
576
549
544
516
524
436
472
411
379
395
342
377
368
326
316
346
322
284
420
384
358
362
330
310
272
336
225
282
293
246
206
157
212
81
90
127
108
59
81
65
72
1
-56
-15
-137
-94
-63
-109
-203
-196
-96
-273
-101
-158
-213
-115
-165
-95
-217
-81
-143
-136
-164
-159
-198
-206
-144
-228
-163
-271
-234
-226
-235
-260
-272
-235
-287
-290
-337
-306
-301
-363
-408
-352
-378
-429
-401
-408
-356
-419
-523
-476
-547
-514
-597
-531
-606
-514
-561
-541
-451
-462
-394
-464
-208
-325
-244
-280
-259
-190
-259
-245
-281
-323
-361
-266
-301
-238
-236
-265
-188
-183
-207
-203
-159
-174
-262
-143
-282
-230
-156
-222
-132
-186
-179
-142
-39
-29
2
-12
-1
105
74
70
95
76
141
130
134
213
222
218
263
280
279
312
312
345
304
381
289
406
448
495
464
445
534
419
537
457
394
502
342
366
419
382
332
376
404
397
395
367
366
262
401
256
371
330
351
450
336
472
360
503
380
376
411
309
408
366
333
353
334
346
355
422
350
398
331
350
317
263
376
198
401
231
168
184
95
123
-27
31
-55
-68
-1
-71
-140
-119
-145
-208
-169
-269
-227
-283
-360
-267
-398
-307
-396
-366
-334
-333
-299
-321
-342
-324
-369
-396
-333
-293
-342
-316
-273
-316
-257
-275
-317
-290
-309
-312
-292
-318
-348
-276
-246
-219
-276
-216
-214
-150
-92
-103
-126
-146
-196
-207
-200
-304
-296
-310
-308
-344
-387
-319
-408
-306
-321
-409
-308
-370
-365
-291
-276
-290
-288
-312
-252
-257
-253
-216
-318
-318
-238
-294
-320
-246
-312
-317
-210
-279
-213
-329
-206
-271
-210
-273
-254
-171
-158
-104
-104
-50
-60
1
-17
111
-23
29
3
99
125
43
108
64
185
238
281
314
326
382
368
359
442
334
382
398
337
484
379
462
367
402
403
370
371
322
467
362
412
427
440
501
399
431
454
417
390
445
407
438
495
470
561
526
541
627
591
506
517
503
486
437
316
411
304
401
343
313
438
247
375
306
311
285
275
256
167
239
132
168
136
162
203
114
211
90
103
-2
-3
-7
-137
-35
-98
-98
-65
-99
-136
-150
-189
-134
-193
-193
-202
-299
-187
-237
-230
-217
-281
-170
-282
-232
-171
-290
-273
-346
-313
-376
-382
-419
-466
-446
-489
-442
-570
-451
-562
-578
-497
-507
-478
-567
-456
-542
-404
-477
-439
-401
-456
-330
-449
-355
-452
-422
-351
-409
-318
-329
-274
-346
-408
-273
-341
-364
-358
-354
-297
-285
-328
-296
-214
-219
-187
-133
-120
-97
-97
-191
-96
-145
-229
-158
-157
-163
-145
-83
-120
-48
-41
-97
-42
-55
8
56
-20
98
127
96
143
131
167
202
245
228
330
358
303
444
360
426
361
372
378
349
373
316
540
430
510
553
546
505
475
471
424
493
329
374
427
379
440
439
387
407
482
473
488
469
456
385
443
355
391
346
319
372
344
359
314
342
301
336
257
274
199
219
244
211
226
260
227
210
240
226
156
76
163
110
153
150
109
81
150
100
68
71
27
97
16
28
-55
-56
-98
-111
-175
-203
-208
-202
-190
-194
-235
-292
-282
-337
-342
-403
-428
-441
-378
-391
-395
-402
-438
-489
-515
-498
-501
-460
-561
-484
-481
-498
-470
-480
-469
-491
-496
-550
-522
-475
-409
-398
-398
-360
-320
-408
-387
-397
-418
-415
-460
-362
-356
-307
-329
-262
-337
-219
-284
-311
-285
-315
-235
-234
-202
-226
-173
-147
-198
-188
-151
-249
-177
-230
-258
-105
-101
-87
-76
-26
-21
-67
-50
-135
37
-52
-25
0
-15
-52
30
88
-13
151
58
75
171
249
276
349
331
373
459
405
513
478
448
456
525
546
543
599
572
662
603
637
607
553
614
569
528
552
509
504
500
451
495
518
460
365
498
544
396
492
447
392
339
348
351
288
342
212
293
235
265
291
271
239
127
145
149
138
147
133
110
122
197
183
89
112
50
100
3
10
44
-15
-21
-87
-29
-97
-116
-95
-144
-108
-113
-147
-130
-126
-181
-157
-207
-228
-262
-309
-214
-273
-221
-282
-234
-220
-279
-256
-313
-270
-416
-342
-431
-385
-391
-434
-371
-416
-373
-429
-425
-451
-459
-333
-281
-309
-289
-242
-269
-290
-208
-342
-360
-347
-311
-321
-281
-363
-342
-380
-347
-338
-381
-346
-354
-267
-281
-273
-279
-212
-255
-241
-194
-228
-204
-237
-236
-234
-133
-196
-157
-154
-111
-81
-109
-45
-68
49
34
50
78
26
64
-41
99
2
40
164
122
206
172
194
159
272
109
168
276
108
283
269
273
315
395
296
378
309
298
351
311
239
328
312
260
344
382
298
304
283
193
362
249
300
266
360
297
386
328
285
336
231
280
227
274
321
262
210
282
243
247
277
245
300
289
235
279
303
293
222
321
294
309
314
233
319
283
274
255
188
253
169
118
101
139
108
98
181
172
209
168
184
65
86
-46
-65
-184
-104
-165
-167
-72
-214
-159
-175
-226
-222
-136
-188
-122
-144
-141
-37
-169
-211
-158
-295
-157
-269
-261
-279
-350
-320
-323
-344
-424
-374
-461
-379
-394
-317
-310
-354
-312
-384
-305
-288
-379
-374
-418
-452
-466
-505
-534
-545
-461
-463
-468
-413
-539
-436
-526
-440
-471
-514
-458
-491
-395
-473
-408
-409
-420
-362
-328
-261
-309
-208
-201
-210
-131
-138
-176
-143
-110
-188
-113
-122
-55
-78
-69
1
-17
-6
-85
-7
-23
-2
1
111
52
131
252
160
344
317
383
341
375
360
321
341
363
364
438
410
435
518
460
536
416
492
444
504
542
495
574
499
519
552
493
488
466
509
368
407
375
404
291
321
310
291
299
333
280
262
260
283
248
299
271
350
331
311
358
323
307
165
261
168
217
112
181
214
205
195
146
241
178
240
201
253
157
204
136
114
26
-48
-18
-52
33
-70
76
48
61
74
84
43
49
30
-93
30
-53
-34
-25
-23
-126
-88
-189
-120
-188
-317
-224
-366
-308
-393
-277
-311
-322
-336
-387
-400
-527
-478
-536
-565
-595
-629
-589
-643
-665
-736
-626
-726
-669
-697
-667
-591
-622
-561
-547
-544
-611
-593
-579
-593
-517
-519
-458
-477
-526
-484
-495
-443
-572
-506
-420
-481
-357
-487
-382
-324
-401
-314
-314
-332
-308
-197
-225
-243
-179
-212
-102
-141
-91
2
56
16
109
79
72
170
65
153
99
101
155
147
204
261
301
289
442
363
421
503
343
475
423
494
442
497
481
462
507
485
562
553
572
533
493
563
501
564
530
490
526
401
440
406
438
415
457
511
470
506
578
564
534
580
512
585
555
554
478
560
475
472
464
467
434
399
464
394
390
334
400
405
333
373
358
304
292
249
260
183
227
234
219
220
131
202
91
130
66
-65
-7
-64
-37
-38
-75
-100
-106
-117
-62
-129
-97
-170
-198
-234
-229
-249
-334
-211
-368
-304
-372
-433
-373
-357
-456
-412
-408
-399
-472
-417
-469
-474
-470
-505
-488
-528
-515
-599
-516
-577
-520
-508
-567
-496
-545
-486
-493
-431
-455
-449
-440
-493
-451
-504
-492
-488
-502
-560
-496
-440
-426
-427
-326
-356
-290
-253
-249
-244
-288
-291
-310
-249
-282
-266
-183
-148
-168
-87
-111
-59
-23
-57
-22
-24
-20
-55
22
6
15
7
49
127
159
156
275
230
214
237
219
224
166
237
298
218
323
237
269
287
238
256
215
271
278
315
224
371
362
302
307
191
250
190
171
209
120
254
187
225
191
173
140
172
239
206
252
147
240
265
259
177
186
283
210
318
273
356
401
401
410
472
432
325
433
357
461
461
394
520
436
467
456
384
421
282
328
299
281
270
161
241
174
259
199
175
168
142
205
111
128
149
106
151
58
33
11
16
-47
-137
-59
-142
-158
-145
-144
-184
-166
-212
-232
-198
-272
-204
-250
-275
-328
-316
-317
-369
-400
-434
-434
-505
-497
-550
-544
-582
-586
-570
-580
-519
-548
-504
-604
-533
-536
-638
-560
-620
-567
-626
-624
-598
-601
-588
-563
-512
-529
-438
-455
-399
-457
-370
-417
-467
-351
-402
-338
-307
-222
-174
-242
-168
-191
-124
-154
-144
-109
-106
-46
-42
44
76
129
159
140
104
173
83
128
136
102
112
61
107
144
130
136
216
250
263
293
389
350
399
403
371
369
301
321
256
229
262
254
301
303
258
221
325
327
294
326
313
378
362
468
361
461
318
359
354
256
356
204
302
286
326
370
313
300
285
260
174
227
270
248
243
318
347
312
330
325
230
262
278
233
258
261
298
335
279
321
326
286
370
360
290
330
366
319
247
292
236
197
91
38
120
9
58
22
70
-33
19
71
10
22
-70
-30
-117
-76
-77
-23
-140
-124
-214
-249
-256
-397
-366
-399
-404
-402
-300
-309
-324
-348
-287
-352
-312
-338
-298
-278
-373
-345
-387
-409
-397
-465
-460
-454
-398
-442
-363
-278
-326
-336
-312
-300
-243
-327
-271
-233
-334
-154
-239
-272
-223
-200
-237
-212
-251
-235
-253
-308
-255
-288
-281
-233
-228
-241
-289
-300
-253
-280
-284
-361
-295
-260
-270
-168
-180
-249
-241
-272
-193
-242
-260
-124
-184
-104
-97
-88
-74
-149
-91
-101
-47
-39
-26
63
19
38
27
146
124
152
169
195
220
235
323
369
364
381
380
446
377
307
360
337
427
415
381
448
507
474
509
468
464
473
416
465
447
492
459
523
498
569
505
453
465
349
462
337
425
302
296
425
298
319
309
256
195
223
238
213
266
259
270
282
243
204
235
241
160
184
173
115
145
219
160
173
92
133
101
53
43
-13
27
-26
-42
-11
72
-78
-64
-136
-157
-246
-181
-132
-214
-253
-242
-196
-239
-282
-355
-266
-335
-338
-320
-340
-347
-335
-441
-369
-478
-512
-465
-455
-504
-375
-345
-381
-323
-315
-213
-285
-317
-367
-295
-364
-373
-293
-403
-445
-485
-348
-413
-405
-381
-378
-366
-337
-318
-328
-252
-278
-263
-242
-302
-196
-210
-203
-169
-160
-188
-136
-170
-189
-63
-117
-139
-160
-77
-110
-67
-99
-89
-100
-74
-84
-118
-68
-131
-71
-144
-136
-60
-89
-41
-47
-94
-77
-58
-79
10
-51
-45
-41
21
33
24
104
14
163
172
170
206
162
232
260
237
290
340
413
416
478
472
430
532
425
531
500
530
429
452
453
456
476
453
537
411
544
535
449
531
426
469
472
548
557
571
586
543
603
484
611
515
452
481
419
441
446
418
312
292
276
324
193
171
133
112
45
52
91
-20
79
44
60
1
32
68
-54
54
-33
-52
-31
-9
-75
-138
-65
-198
-149
-215
-213
-195
-225
-207
-243
-163
-170
-293
-165
-202
-306
-320
-375
-408
-353
-402
-375
-409
-419
-415
-405
-431
-438
-372
-486
-459
-421
-384
-441
-428
-401
-453
-474
-470
-449
-462
-455
-580
-505
-496
-485
-487
-407
-376
-404
-456
-427
-295
-404
-442
-391
-409
-303
-347
-349
-263
-288
-269
-286
-165
-149
-200
-169
-196
-199
-144
-166
-150
-168
-77
-68
-80
-46
6
-85
-98
-64
-136
-61
-36
-31
38
16
41
136
172
206
219
248
283
251
349
298
357
370
329
401
324
409
382
423
416
435
435
462
388
504
396
464
474
437
482
526
458
487
539
531
503
592
492
424
461
370
416
376
439
357
357
288
367
315
277
260
281
255
190
240
189
242
259
241
204
125
162
231
91
56
82
79
43
125
90
121
110
113
125
81
146
99
177
151
212
192
213
170
115
96
178
33
122
92
-14
84
-86
36
-183
-20
-120
-89
-82
-143
-144
-260
-157
-405
-305
-351
-311
-384
-356
-311
-331
-345
-371
-305
-454
-389
-455
-424
-443
-430
-428
-449
-519
-467
-471
-483
-515
-486
-501
-570
-489
-429
-476
-472
-364
-469
-362
-395
-390
-318
-349
-312
-308
-292
-315
-265
-349
-340
-351
-322
-225
-326
-301
-213
-257
-128
-135
-100
-16
-16
278
315
505
587
762
843
960
1055
1085
1032
841
685
542
283
49
-262
-583
-664
-945
-1101
-1192
-1254
-1372
-1500
-1506
-1480
-1485
-1468
-1446
-1322
-1285
-1152
-1024
-929
-778
-584
-503
-278
-87
59
200
411
562
715
805
856
970
955
962
958
843
763
748
762
707
679
733
865
1022
1116
1353
1605
1839
2068
2208
2297
2376
2406
2369
2131
2045
1872
1705
1380
1156
974
687
379
109
9
-180
-304
-437
-588
-601
-677
-839
-906
-1028
-1019
-1122
-1199
-1148
-1141
-1090
-1072
-877
-781
-608
-480
-328
-100
105
229
327
382
413
412
360
355
223
116
-6
-21
-198
-336
-451
-572
-515
-583
-530
-482
-479
-331
-312
-279
-285
-316
-310
-352
-323
-367
-418
-449
-433
-508
-358
-244
-214
-63
58
179
281
359
514
510
523
519
647
610
549
532
564
515
435
457
450
547
526
394
191
249
21
-115
-497
-678
-792
-1074
-1276
-1530
-1541
-1869
-2010
-2234
-2316
-2288
-2398
-2424
-2308
-2092
-1990
-1784
-1552
-1368
-1159
-935
-732
-575
-372
-228
-172
-123
-2
100
49
109
158
291
273
445
454
582
740
680
816
797
893
855
796
672
653
478
369
364
358
355
454
520
773
1155
1406
1785
1928
2250
2486
2606
2677
2709
2603
2338
2133
1862
1622
1368
1011
812
494
343
195
58
16
-45
-167
-322
-300
-306
-499
-690
-790
-938
-1102
-1175
-1262
-1247
-1307
-1283
-1134
-939
-623
-507
-226
-77
149
325
399
573
616
526
388
376
341
174
10
68
-48
-90
-157
-75
23
38
100
52
124
103
103
129
-22
6
-156
-261
-344
-379
-412
-454
-425
-449
-117
100
509
720
904
1295
1487
1694
1802
1861
1760
1649
1407
1188
1000
585
238
-87
-333
-543
-911
-1012
-1190
-1349
-1504
-1723
-1764
-1884
-2017
-2245
-2328
-2420
-2495
-2622
-2603
-2643
-2537
-2407
-2243
-2056
-1803
-1528
-1281
-1065
-856
-578
-377
-276
-248
-80
-53
-73
-159
-108
-189
-198
-268
-237
-207
-157
-154
-56
185
358
660
852
1145
1495
1731
2089
2254
2505
2590
2619
2672
2634
2600
2390
2312
2099
2005
1755
1595
1370
1146
1003
580
310
-69
-228
-633
-1042
-1290
-1559
-1639
-1936
-1995
-1977
-1902
-1935
-1760
-1461
-1240
-926
-718
-397
-96
152
323
533
680
745
720
780
692
581
476
318
304
207
164
270
251
348
481
442
507
537
580
413
359
317
125
12
-120
-265
-281
-394
-430
-447
-317
-223
-189
-9
146
422
638
831
1117
1312
1496
1516
1567
1738
1686
1591
1519
1473
1376
1308
1136
939
833
694
602
427
204
55
-274
-513
-860
-1130
-1363
-1696
-1972
-2246
-2302
-2402
-2521
-2454
-2354
-2294
-2110
-1915
-1751
-1426
-1393
-1236
-1038
-966
-778
-760
-716
-661
-603
-571
-521
-490
-460
-319
-409
-342
-363
-317
-294
-462
-468
-653
-590
-601
-456
-356
-165
26
347
787
1305
1746
2166
2459
2712
2920
3128
3296
3106
2964
2726
2581
2491
2092
1668
1388
932
466
-108
-333
-798
-1132
-1585
-1940
-2109
-2312
-2355
-2567
-2607
-2646
-2606
-2492
-2357
-2113
-2056
-1833
-1660
-1393
-1056
-722
-481
-171
82
208
425
706
953
968
989
1049
1066
1208
1174
1111
1165
1013
949
927
899
835
743
431
308
259
103
117
-80
-243
-384
-470
-505
-583
-557
-643
-682
-559
-257
57
226
548
895
1310
1483
1834
2260
2322
2313
2152
2281
2184
2081
1761
1465
1389
1143
901
596
507
369
86
-269
-345
-395
-634
-975
-1176
-1327
-1515
-1799
-1965
-2027
-2203
-2199
-2215
-2093
-1975
-1856
-1750
-1618
-1523
-1306
-1097
-1134
-1056
-1079
-1016
-1058
-1125
-1203
-1253
-1409
-1643
-1667
-1661
-1379
-1121
-709
-352
126
722
1580
2476
3176
3787
4288
4608
4772
5054
5138
4873
4381
3820
3646
3286
2656
2041
1438
1014
458
-196
-681
-998
-1525
-2104
-2597
-3025
-3218
-3552
-3918
-4156
-4318
-4384
-4383
-4095
-3812
-3542
-3210
-2701
-2126
-1444
-917
-304
362
672
995
1333
1680
1877
1875
1657
1534
1466
1406
1296
970
815
681
481
520
440
498
515
293
96
92
12
-153
-378
-831
-1123
-1478
-1649
-1697
-1904
-1951
-1959
-1748
-1549
-1196
-771
-404
185
554
916
1333
1784
2110
2304
2310
2357
2455
2425
2371
2240
2000
1827
1721
1541
1440
1331
1188
1056
714
610
454
149
-347
-789
-1111
-1441
-1857
-2217
-2400
-2544
-2800
-2784
-2729
-2435
-2319
-2159
-1992
-1718
-1382
-1248
-1035
-988
-830
-827
-814
-761
-778
-851
-939
-990
-1120
-1183
-1163
-1192
-1260
-1093
-634
-26
505
927
1528
2285
3079
3928
4566
5160
5496
5709
5818
5987
5904
5536
5027
4553
4371
3923
3546
2939
2438
1947
1214
439
-155
-669
-1499
-2333
-3119
-3581
-4000
-4468
-4849
-4995
-5037
-5008
-4747
-4439
-3740
-3390
-3008
-2442
-1917
-1286
-953
-375
-42
216
433
521
901
985
998
873
919
1042
1202
1225
1270
1312
1267
1206
1118
1017
841
620
151
-241
-600
-961
-1339
-1712
-2101
-2426
-2650
-2733
-2752
-2651
-2543
-2362
-2075
-1733
-1262
-912
-555
-112
230
485
873
1307
1813
2008
1977
2201
2475
2658
2652
2547
2600
2591
2461
2307
2141
2114
1736
1239
888
514
89
-488
-1053
-1496
-1867
-2336
-2659
-2893
-3035
-3094
-3278
-3237
-3064
-2829
-2702
-2715
-2507
-2342
-2069
-1987
-1810
-1736
-1557
-1448
-1390
-1190
-1182
-1041
-1133
-1171
-1293
-1271
-1189
-958
-489
-23
296
878
1812
2758
3764
4503
5317
5956
6250
6580
6933
7225
6771
6076
5623
5591
5252
4293
3446
2931
2408
1498
589
29
-423
-1174
-2270
-2991
-3243
-3595
-4175
-4597
-4879
-4987
-5009
-5024
-4563
-4248
-3962
-3706
-2990
-2210
-1433
-830
-332
348
778
1347
1732
2181
2410
2298
2288
2297
2405
2265
2005
1738
1576
1548
1270
1231
1115
1016
680
170
-22
-171
-411
-926
-1432
-1831
-2183
-2458
-2669
-2699
-2914
-3002
-2960
-2537
-2263
-1944
-1429
-1049
-618
-197
344
917
1289
1462
1629
1950
2080
2150
2073
2057
2039
1659
1523
1409
1426
1239
852
688
517
372
197
-165
-628
-1069
-1472
-1810
-2189
-2640
-3061
-3345
-3641
-3681
-3818
-3681
-3541
-3497
-3407
-3272
-3013
-2804
-2490
-2434
-2262
-2264
-1975
-1760
-1722
-1670
-1837
-1816
-2048
-1891
-1550
-1091
-585
-361
252
1196
2345
3428
4355
5191
5859
6304
6785
7273
7309
6950
6315
5841
5589
5137
4332
3531
2853
2202
1614
908
514
44
-543
-1235
-1851
-2176
-2538
-3093
-3589
-4019
-4336
-4444
-4527
-4299
-4075
-3916
-3674
-3121
-2362
-1655
-995
-364
232
760
1222
1623
2077
2251
2243
2004
2031
2099
2022
1861
1615
1389
1425
1446
1495
1647
1598
1638
1664
1518
1425
1336
940
524
-112
-677
-1019
-1465
-1915
-2262
-2523
-2566
-2512
-2357
-2052
-1662
-1099
-726
-301
197
647
1027
1124
1378
1393
1406
1380
1275
1211
1124
947
794
861
865
1015
1009
1007
1020
970
840
748
381
-40
-618
-987
-1465
-2059
-2565
-2861
-3188
-3507
-3575
-3512
-3297
-3162
-3086
-2972
-2723
-2552
-2500
-2560
-2546
-2660
-2802
-2926
-3112
-3207
-3435
-3511
-3383
-3076
-2457
-1862
-1281
-601
342
1472
2667
3906
4831
5663
6225
6696
7155
7347
6991
6374
5867
5553
5078
4265
3465
2842
2258
1520
801
352
-21
-669
-1339
-2085
-2465
-2918
-3524
-4192
-4735
-5059
-5519
-5684
-5615
-5368
-5221
-4902
-4347
-3735
-2731
-1981
-1134
-452
218
739
1225
1716
1992
2081
1995
1872
1754
1819
1648
1608
1476
1479
1512
1695
1977
2176
2276
2267
2261
2232
2151
1955
1540
980
454
-187
-718
-1149
-1618
-2009
-2165
-2183
-2082
-1751
-1201
-758
-292
101
565
1101
1459
1668
1763
1783
1618
1523
1467
1406
1153
910
928
1134
1298
1316
1407
1590
1629
1597
1536
1349
1215
651
147
-257
-705
-1248
-1737
-2222
-2619
-2841
-3136
-2993
-2969
-2883
-2820
-2695
-2519
-2384
-2249
-2273
-2404
-2548
-2670
-2843
-3107
-3502
-3750
-3666
-3285
-2840
-2338
-1817
-881
109
1198
2491
3633
4777
5428
6008
6596
7250
7413
6947
6478
6092
5925
5174
4246
3690
3047
2289
1321
700
393
14
-644
-1310
-1622
-1927
-2347
-2915
-3351
-3863
-4436
-5039
-5279
-5358
-5401
-5471
-5282
-4838
-4251
-3545
-2769
-1927
-1222
-564
55
688
1067
1185
1266
1226
1020
836
503
357
184
16
-83
-79
155
497
764
968
1224
1543
1725
1683
1629
1323
1022
459
-9
-557
-1108
-1689
-2097
-2324
-2409
-2280
-2076
-1732
-1269
-752
-282
225
650
905
1047
1078
914
840
572
342
66
-155
-307
-216
-63
59
339
702
1049
1285
1585
1883
1920
1740
1460
1293
886
466
-130
-618
-1013
-1415
-1744
-1940
-1975
-1932
-1808
-1919
-1692
-1553
-1377
-1309
-1463
-1621
-1879
-2092
-2608
-2940
-3190
-3087
-2860
-2619
-2297
-1630
-556
518
1849
2990
4202
5186
5956
6793
7471
7793
7566
7213
6997
6694
6139
5285
4543
3837
2998
2104
1299
882
338
-253
-792
-1152
-1413
-1732
-2108
-2533
-2960
-3376
-3946
-4287
-4541
-4725
-5030
-5140
-4914
-4588
-3987
-3525
-2700
-1960
-1289
-447
318
965
1396
1485
1487
1571
1331
1044
620
227
-103
-552
-679
-688
-534
-400
-206
158
528
900
1289
1459
1451
1345
1078
861
537
-7
-536
-1125
-1517
-1717
-1902
-1940
-1861
-1697
-1470
-1003
-448
21
348
441
605
689
600
297
-125
-585
-1036
-1395
-1687
-1768
-1814
-1817
-1753
-1552
-1086
-563
-180
0
161
327
426
437
100
-226
-656
-1097
-1476
-1860
-2031
-2086
-2382
-2524
-2453
-2280
-2014
-1967
-1963
-1891
-1858
-1982
-1820
-1671
-1439
-1369
-1525
-1142
-557
85
828
1551
2320
2978
3706
4684
5576
6116
6195
6312
6665
6967
6664
6124
5734
5085
4314
3348
2643
2091
1184
298
-503
-790
-945
-1128
-1464
-1506
-1686
-1702
-1686
-1682
-1537
-1863
-2169
-2455
-2503
-2503
-2515
-2540
-2494
-2335
-1936
-1367
-848
-256
169
620
947
1276
1585
1740
1604
1228
797
527
173
-208
-589
-925
-1159
-1236
-1144
-681
-338
-138
171
502
989
1309
1523
1375
1224
980
680
457
45
-338
-700
-1016
-1134
-1196
-1005
-859
-747
-609
-516
-188
-80
40
-54
-228
-488
-642
-835
-1179
-1421
-1749
-1980
-2050
-1964
-1747
-1538
-1415
-1221
-885
-540
-251
-207
-195
-150
-204
-396
-683
-906
-1319
-1825
-2255
-2574
-2782
-2934
-3014
-3218
-3218
-3238
-3285
-2824
-2271
-1783
-1542
-1277
-609
48
652
1293
1874
2416
2847
3110
3723
4333
4618
4508
4380
4786
5215
5100
4736
4478
4311
3939
3246
2627
2142
1445
595
-217
-821
-1039
-1466
-1967
-2229
-2318
-2180
-2130
-1934
-1736
-1567
-1544
-1413
-1248
-1011
-789
-828
-766
-832
-656
-529
-241
-38
64
161
357
572
727
951
926
799
654
370
244
96
-33
-293
-537
-637
-572
-541
-430
-293
-198
-16
176
471
776
881
992
1102
1170
1281
1280
1419
1366
1210
989
976
884
794
643
379
230
0
-122
-347
-590
-835
-1054
-1340
-1464
-1498
-1564
-1600
-1718
-1604
-1448
-1295
-1166
-1043
-909
-715
-518
-456
-356
-348
-411
-498
-630
-653
-758
-995
-1269
-1541
-1739
-2018
-2314
-2486
-2837
-3078
-3033
-2854
-2391
-2080
-1771
-1136
-442
553
1469
2350
3107
3607
3988
4344
4918
4985
4715
4444
4290
4171
3768
3376
3012
2684
2100
1331
1032
754
306
-420
-1028
-1380
-1652
-1880
-2103
-2169
-2242
-2226
-2067
-1867
-1342
-1218
-1043
-756
-669
-238
-32
154
254
228
251
288
228
142
129
6
-58
-252
-115
-201
-289
-422
-604
-816
-1054
-1198
-1544
-1668
-1865
-1975
-2113
-2102
-1747
-1646
-1311
-1085
-648
-172
89
532
844
1149
1337
1566
1669
1703
1644
1672
1587
1487
1330
1144
972
809
774
466
343
114
63
-175
-546
-709
-1055
-1274
-1768
-1873
-2105
-2110
-2297
-2241
-1999
-1905
-1603
-1535
-1018
-741
-393
-217
-16
257
284
259
175
96
-141
-554
-772
-1112
-1508
-1974
-2076
-1864
-1620
-1413
-1264
-646
-13
890
1797
2677
3406
3834
4309
4621
5134
5185
4920
4487
4294
4360
3893
3384
2885
2666
1991
1308
908
631
288
-489
-1124
-1641
-1766
-2201
-2605
-2875
-3176
-3032
-3194
-2965
-2598
-2193
-1844
-1470
-796
-112
631
1280
1827
2224
2577
2992
3201
3156
3072
2692
2358
1927
1585
1205
753
145
-431
-823
-1161
-1437
-1837
-2070
-2414
-2629
-2791
-2875
-2796
-2949
-2979
-3059
-2964
-2685
-2395
-2070
-1777
-1370
-1005
-462
116
489
862
1098
1336
1596
1650
1736
1620
1383
1039
868
471
213
-153
-581
-933
-1359
-1639
-1830
-2013
-2184
-2440
-2565
-2478
-2455
-2376
-2452
-2413
-2313
-2244
-2143
-1976
-1803
-1680
-1630
-1563
-1343
-1108
-867
-826
-925
-924
-984
-991
-864
-579
-305
-89
17
446
1028
1658
2273
2870
3512
3981
4336
4700
5290
5425
5252
4927
4850
5093
4784
4202
3680
3284
2671
1919
1159
616
6
-839
-1541
-2173
-2383
-2759
-3216
-3525
-3739
-3635
-3485
-3407
-3094
-2872
-2579
-2061
-1569
-979
-286
323
892
1376
2001
2751
3383
3720
4103
4338
4403
4673
4512
4418
4044
3496
3015
2401
2005
1282
632
-136
-812
-1437
-1898
-2258
-2632
-2984
-3437
-3411
-3404
-3294
-3082
-2892
-2558
-2317
-1862
-1375
-862
-411
-92
259
618
986
1161
1304
1347
1317
1257
1187
1062
951
709
394
29
-348
-666
-1079
-1499
-1889
-2217
-2590
-2852
-2951
-2909
-3155
-3219
-3258
-3199
-2864
-2832
-2754
-2628
-2347
-2306
-2120
-2042
-1860
-1681
-1878
-1856
-1829
-1624
-1479
-1067
-726
-595
-209
438
1187
1833
2560
3183
3768
4159
4251
4750
5012
4874
4517
4130
4177
4107
3641
3126
2735
2393
1679
975
559
69
-634
-1420
-2179
-2350
-2617
-3217
-3501
-3680
-3702
-3783
-3641
-3492
-3050
-2968
-2842
-2345
-1940
-1382
-1087
-534
-151
336
951
1427
1976
2373
2649
3003
3402
3607
3875
3935
3872
3873
3698
3309
3057
2613
2069
1503
747
191
-359
-774
-1216
-1779
-2090
-2359
-2409
-2357
-2358
-2134
-1948
-1631
-1236
-797
-412
-20
273
446
707
1024
1219
1272
1231
1217
1185
1177
1062
947
944
653
360
129
-149
-375
-724
-1163
-1610
-1871
-2084
-2377
-2434
-2767
-2822
-2702
-2685
-2531
-2512
-2394
-2203
-2062
-2042
-1944
-1867
-1784
-1865
-1820
-1700
-1237
-879
-534
-144
360
1195
1855
2645
3482
4161
4689
4959
5257
5574
5737
5336
4758
4435
4270
3975
3218
2640
2238
1771
1137
468
136
-310
-1084
-1767
-2454
-2757
-3186
-3733
-4187
-4544
-4700
-4681
-4476
-4136
-3763
-3493
-3143
-2443
-1763
-1138
-813
-394
82
392
926
1218
1403
1517
1698
1722
1896
1953
2159
2119
1983
2031
2079
2190
1982
1875
1654
1351
981
623
112
-298
-645
-1276
-1757
-2075
-2285
-2396
-2514
-2426
-2266
-1965
-1561
-1150
-746
-355
-68
289
463
652
700
659
503
430
439
254
160
62
119
-29
-180
-269
-371
-513
-881
-1195
-1403
-1723
-1964
-2223
-2438
-2595
-2838
-2934
-2920
-2817
-2790
-2781
-2689
-2450
-2221
-2123
-1986
-1911
-1844
-1900
-1731
-1303
-887
-336
-130
491
1248
2034
3041
3890
4649
5233
5777
5984
6441
6602
6381
6049
5390
5322
5015
4440
3944
3361
2899
2196
1612
1132
751
-4
-705
-1374
-1804
-2254
-2829
-3203
-3707
-4030
-4182
-4227
-3963
-3746
-3533
-3294
-2824
-2248
-1620
-983
-414
21
389
989
1488
2020
2107
2262
2467
2516
2558
2615
2603
2464
2285
2090
1892
1761
1552
1187
871
449
111
-351
-633
-943
-1338
-1699
-1969
-1924
-2001
-2146
-2011
-1847
-1590
-1296
-1007
-731
-435
-210
-66
194
229
300
118
13
110
108
-65
-235
-254
-300
-457
-589
-703
-778
-973
-1347
-1598
-1846
-2019
-2334
-2668
-2879
-3088
-3249
-3253
-3279
-3226
-3254
-3320
-3197
-3083
-3012
-3037
-3013
-3032
-3003
-2864
-2490
-1954
-1507
-1159
-516
304
1259
2213
3163
4080
4780
5398
5725
6256
6478
6233
5816
5368
5223
4862
4210
3508
3130
2537
1929
1248
959
661
-15
-581
-1132
-1293
-1736
-2221
-2677
-3046
-3413
-3640
-3827
-3771
-3454
-3466
-3242
-2840
-2270
-1600
-1144
-538
-117
419
892
1389
1724
1924
2146
2215
2301
2237
2415
2371
2239
2148
2065
2117
2011
1862
1585
1409
1286
1071
706
412
57
-338
-688
-1055
-1188
-1332
-1530
-1520
-1450
-1234
-941
-572
-132
53
507
844
1135
1362
1422
1425
1326
1126
1062
925
691
399
248
-132
-219
-332
-471
-724
-982
-1098
-1298
-1424
-1639
-1900
-2226
-2447
-2649
-2835
-2960
-3141
-3195
-3274
-3335
-3365
-3269
-3113
-3098
-3048
-3071
-3010
-2649
-2265
-1787
-1320
-894
-151
562
1307
2223
3184
3911
4475
4981
5486
5993
6107
5903
5457
5276
5067
4550
3833
3319
2794
2157
1337
615
308
-460
-1158
-1871
-2344
-2524
-3110
-3594
-3945
-4133
-4240
-4352
-4319
-3937
-3651
-3449
-3010
-2470
-1697
-1211
-787
-267
193
607
1145
1400
1557
1759
1752
1797
1708
1733
1663
1430
1171
1124
1013
850
655
360
128
-75
-307
-436
-691
-924
-1138
-1444
-1568
-1619
-1597
-1567
-1488
-1331
-1040
-592
-59
342
602
992
1260
1509
1625
1684
1615
1428
1261
1013
1017
783
635
290
92
45
-143
-85
-403
-560
-785
-993
-1111
-1285
-1450
-1721
-1879
-2092
-2142
-2207
-2336
-2321
-2518
-2490
-2430
-2452
-2236
-2284
-2267
-2402
-2477
-1932
-1504
-1120
-881
-444
276
1129
2020
2838
3764
4317
4864
5305
5900
6374
6247
5998
5506
5546
5365
4794
4262
3726
3179
2436
1744
1196
774
-134
-871
-1626
-2013
-2303
-2853
-3313
-3722
-3977
-4093
-4065
-4070
-3592
-3437
-3213
-2842
-2222
-1366
-912
-468
8
430
926
1412
1676
1931
2009
2024
2053
1995
2073
1954
1539
1277
1044
868
556
245
-188
-532
-835
-1076
-1294
-1468
-1679
-2148
-2239
-2454
-2410
-2368
-2509
-2494
-2433
-2096
-1658
-1158
-870
-534
-210
182
571
746
1028
988
867
702
675
692
474
238
-75
-299
-398
-475
-582
-741
-958
-1148
-1402
-1513
-1606
-1868
-2307
-2666
-2755
-2909
-3054
-3147
-3261
-3315
-3336
-3293
-3287
-3192
-3137
-2758
-2228
-1734
-997
-461
409
1230
2125
3080
3956
4738
5190
5588
5952
6313
6298
6024
5661
5460
5250
4639
4136
3646
3169
2573
1947
1324
965
329
-282
-809
-1405
-1664
-2218
-2769
-3045
-3299
-3481
-3743
-3783
-3530
-3377
-3091
-2630
-2085
-1361
-776
-199
483
1091
1485
1968
2266
2509
2775
2698
2814
2671
2656
2610
2298
2196
2046
1887
1664
1462
1227
1019
656
249
14
-433
-695
-1217
-1673
-1886
-2115
-2287
-2455
-2563
-2439
-2111
-1974
-1556
-1202
-754
-368
-58
333
659
846
934
856
768
747
469
261
-68
-289
-468
-868
-957
-972
-1090
-1130
-1300
-1295
-1314
-1462
-1598
-1744
-1930
-2238
-2498
-2905
-3076
-3272
-3586
-3877
-4101
-4042
-4137
-4079
-3971
-3748
-3219
-2554
-1906
-1312
-637
274
1134
2049
2922
3825
4480
4999
5292
5653
6070
5911
5640
5177
5054
4918
4362
4021
3518
3081
2468
1789
1327
893
221
-566
-1209
-1926
-2242
-2795
-3259
-3803
-4142
-4239
-4433
-4283
-4012
-3709
-3381
-2949
-2286
-1459
-805
-122
416
814
1464
1889
2163
2457
2545
2706
2693
2696
2798
2732
2591
2405
2309
2124
1916
1697
1277
966
526
168
-310
-623
-1003
-1452
-1744
-2035
-2085
-2244
-2280
-2083
-1833
-1605
-1290
-776
-370
57
323
599
828
868
1025
941
831
618
463
360
176
-60
-321
-458
-571
-604
-675
-674
-781
-907
-1033
-1224
-1118
-1306
-1537
-1765
-1923
-2061
-2210
-2537
-2683
-2842
-2973
-3056
-3296
-3318
-3296
-3175
-2790
-2372
-1761
-1259
-688
102
1090
2076
3083
3966
4683
5363
5776
6360
6646
6496
6224
5716
5605
5288
4624
4171
3555
3054
2356
1746
1316
835
15
-521
-1160
-1576
-1845
-2662
-3104
-3590
-3981
-4295
-4649
-4665
-4561
-4630
-4345
-3825
-3195
-2453
-1931
-1116
-460
161
930
1392
1908
2174
2402
2573
2737
2753
2831
2641
2366
2412
2053
1826
1569
1338
1032
364
45
-399
-745
-1193
-1606
-2089
-2438
-2689
-2857
-2947
-3094
-3021
-3011
-2917
-2457
-2079
-1772
-1404
-1078
-640
-400
-82
259
357
401
413
512
417
336
207
100
-44
-272
-335
-463
-474
-680
-913
-954
-1176
-1395
-1602
-1944
-2100
-2351
-2641
-2809
-2904
-3058
-3163
-3335
-3393
-3410
-3622
-3544
-3474
-2908
-2529
-1984
-1443
-690
263
1198
2234
3237
4305
5112
5875
6388
6962
7378
7279
6949
6583
6463
6035
5380
4728
4179
3638
2963
2257
1880
1400
649
160
-468
-786
-1100
-1745
-2178
-2669
-3095
-3408
-3784
-3909
-3936
-4049
-3800
-3336
-2934
-2201
-1661
-910
-183
366
1224
1801
2324
2626
2881
3046
3253
3190
3222
3030
2830
2741
2375
2391
2043
1856
1536
1190
841
423
83
-375
-740
-1324
-1656
-2001
-2281
-2472
-2811
-2834
-2830
-2622
-2538
-2245
-1943
-1672
-1237
-969
-741
-518
-385
-363
-453
-484
-527
-582
-747
-908
-975
-980
-1093
-1090
-1093
-1090
-1139
-1146
-1324
-1380
-1391
-1653
-1849
-2327
-2496
-2787
-3062
-3484
-3757
-3935
-4185
-4496
-4670
-4757
-4658
-4141
-3753
-3237
-2723
-1967
-959
21
1092
2237
3185
4012
4710
5294
6125
6389
6462
6234
6048
6192
5756
5168
4658
4228
3564
2887
2184
1895
1345
552
23
-604
-758
-1187
-1780
-2202
-2648
-2854
-3130
-3471
-3488
-3507
-3606
-3467
-3095
-2587
-1955
-1607
-821
-168
393
1205
1698
2205
2592
2878
3045
3208
3222
3392
3144
2863
2814
2651
2464
2209
2057
1861
1617
1221
946
567
346
-47
-576
-879
-1145
-1372
-1591
-1801
-1871
-1840
-1697
-1419
-1148
-878
-561
-348
-81
114
275
255
275
205
125
160
-119
-262
-498
-541
-774
-843
-894
-912
-926
-977
-908
-912
-921
-1095
-1159
-1410
-1638
-1896
-2262
-2590
-2913
-3256
-3553
-3795
-4050
-4329
-4357
-4452
-4247
-3695
-3215
-2617
-2206
-1278
-361
760
1807
2652
3644
4278
4903
5509
6141
6246
6242
5939
5840
5857
5309
4857
4239
3810
3204
2493
1975
1613
999
156
-422
-1012
-1182
-1780
-2320
-2721
-3251
-3330
-3724
-3847
-3818
-3866
-3913
-3641
-3266
-2637
-2113
-1661
-1069
-552
20
616
1183
1529
1856
1981
2235
2367
2479
2658
2451
2365
2190
2063
2034
1848
1652
1301
911
626
237
-192
-557
-1022
-1574
-1851
-2093
-2234
-2398
-2446
-2333
-2161
-1897
-1531
-1224
-899
-609
-397
-97
87
132
277
38
-6
-16
-206
-356
-488
-592
-749
-790
-892
-685
-744
-689
-761
-775
-667
-837
-914
-1113
-1402
-1675
-2033
-2290
-2509
-2895
-3173
-3520
-3623
-3796
-3870
-4048
-3954
-3572
-3114
-2538
-2088
-1363
-547
476
1526
2544
3501
4293
4918
5477
6153
6659
6666
6571
6155
6276
6079
5453
4987
4454
3938
3272
2592
2149
1728
884
275
-499
-785
-1066
-1689
-2034
-2517
-2754
-2937
-3138
-3227
-3041
-3191
-2982
-2502
-2176
-1443
-1114
-456
95
509
1189
1659
1962
2190
2432
2544
2609
2653
2814
2788
2541
2477
2281
2257
2107
1777
1415
1035
606
252
-221
-642
-944
-1612
-1967
-2358
-2480
-2536
-2806
-2734
-2620
-2442
-2125
-1686
-1503
-1192
-991
-826
-544
-522
-368
-528
-652
-734
-716
-887
-1044
-1139
-1181
-1103
-1190
-1006
-858
-737
-738
-730
-807
-768
-879
-1199
-1378
-1803
-2117
-2500
-2969
-3146
-3607
-3903
-4128
-4335
-4434
-4645
-4651
-4239
-3839
-3411
-2855
-2297
-1350
-542
511
1706
2591
3396
4043
4673
5405
5958
6002
6051
5752
5833
5697
5083
4768
4228
3669
3022
2272
1824
1440
632
30
-631
-1020
-1165
-1819
-2188
-2554
-2820
-2920
-3286
-3260
-3069
-3199
-3080
-2686
-2266
-1449
-1085
-417
250
757
1526
1940
2459
2796
3150
3309
3453
3543
3777
3807
3510
3564
3301
3346
3192
2988
2730
2379
2076
1642
1215
754
437
-240
-779
-1209
-1454
-1664
-2042
-2228
-2140
-2007
-1995
-1582
-1344
-1028
-705
-514
-294
-71
-26
-21
-292
-437
-370
-694
-907
-1123
-1203
-1274
-1389
-1307
-1105
-972
-780
-723
-676
-505
-594
-705
-959
-1394
-1591
-2083
-2440
-2812
-3211
-3610
-3874
-4100
-4249
-4368
-4648
-4206
-3916
-3377
-2842
-2365
-1506
-738
234
1248
2178
3016
3657
4076
4704
5337
5414
5454
5110
5129
5195
4638
4297
3799
3293
2711
1971
1526
1141
484
-190
-983
-1624
-1790
-2363
-2790
-3224
-3572
-3708
-3925
-3972
-3740
-3700
-3708
-3269
-2893
-2263
-1668
-1135
-492
3
705
1301
1660
2017
2306
2439
2578
2599
2868
3042
2866
2855
2774
2795
2872
2770
2576
2439
2154
1860
1510
1066
729
213
-323
-739
-1060
-1261
-1525
-1709
-1711
-1559
-1499
-1157
-979
-702
-300
-261
11
75
175
133
-257
-392
-606
-795
-1086
-1272
-1396
-1426
-1493
-1452
-1143
-1019
-738
-602
-495
-254
-256
-183
-443
-698
-1070
-1331
-1755
-2106
-2441
-3024
-3276
-3607
-3712
-3907
-4112
-3586
-3283
-2707
-2311
-1671
-744
48
1005
1974
2986
3702
4397
4740
5430
5903
5968
5893
5624
5802
5693
5064
4662
4309
3804
3133
2423
1836
1544
663
128
-660
-1219
-1576
-2293
-2651
-3137
-3341
-3731
-3978
-3990
-3845
-3846
-3748
-3252
-2956
-2236
-1777
-1149
-532
-153
597
1021
1464
1666
2015
2227
2328
2305
2522
2562
2464
2405
2264
2231
2199
2108
1940
1802
1518
1400
961
593
344
-203
-755
-1137
-1398
-1736
-2000
-2109
-2204
-2082
-1979
-1648
-1444
-1176
-852
-657
-449
-274
-244
-160
-453
-629
-750
-1037
-1267
-1615
-1738
-1901
-2015
-2050
-1939
-1760
-1594
-1430
-1353
-1083
-943
-969
-1101
-1259
-1479
-1874
-2206
-2476
-2817
-3295
-3564
-3827
-4041
-4227
-4237
-3763
-3389
-2805
-2368
-1562
-576
264
1347
2325
3333
3967
4621
4954
5621
5972
5869
5780
5538
5741
5498
4917
4552
4158
3685
3110
2359
2046
1528
870
330
-358
-816
-1141
-1811
-2198
-2578
-2804
-3013
-3303
-3292
-3131
-3168
-3030
-2560
-2265
-1659
-1229
-523
-72
405
1164
1601
1957
2236
2548
2652
2818
2728
2987
2885
2777
2687
2590
2591
2478
2461
2186
2032
1790
1666
1310
1065
819
317
-102
-377
-604
-900
-1210
-1286
-1321
-1353
-1184
-1041
-805
-602
-409
-278
-95
-63
64
-8
-296
-457
-634
-978
-1257
-1542
-1771
-1882
-2057
-2042
-1920
-1789
-1597
-1466
-1455
-1183
-1078
-1126
-1234
-1403
-1659
-2023
-2398
-2659
-3038
-3540
-3862
-4266
-4416
-4624
-4534
-4126
-3828
-3224
-2753
-2092
-1057
-191
718
1690
2670
3393
4017
4451
5075
5446
5399
5230
4977
5215
4936
4458
4030
3548
3223
2549
1883
1426
960
205
-401
-1066
-1506
-1899
-2543
-2908
-3265
-3526
-3642
-3912
-3890
-3745
-3807
-3419
-3117
-2716
-2039
-1650
-951
-468
98
753
1327
1566
1935
2233
2376
2569
2441
2708
2508
2451
2433
2358
2387
2178
2103
1923
1889
1617
1421
1213
992
753
194
-43
-333
-502
-761
-1024
-1070
-1018
-959
-864
-512
-521
-112
-72
134
319
380
518
337
237
-3
-56
-395
-590
-823
-1045
-1131
-1383
-1222
-1249
-1132
-933
-897
-648
-518
-337
-316
-407
-635
-878
-1251
-1568
-1797
-2242
-2620
-3042
-3307
-3626
-3832
-3696
-3305
-2894
-2518
-2085
-1174
-295
664
1531
2470
3312
4025
4497
4933
5598
5643
5642
5248
5277
5341
4816
4378
3909
3584
2962
2477
1798
1464
761
121
-392
-1094
-1394
-1971
-2493
-2882
-3236
-3532
-3794
-4021
-3934
-3947
-3914
-3545
-3254
-2807
-2292
-1878
-1097
-768
-178
408
834
1203
1449
1777
1925
1954
1885
1996
1780
1702
1756
1572
1633
1563
1380
1344
1119
980
694
469
349
39
-309
-684
-852
-1041
-1277
-1477
-1536
-1507
-1438
-1340
-1177
-967
-822
-550
-546
-276
-196
-249
-280
-439
-546
-723
-968
-1223
-1460
-1653
-1786
-2009
-1878
-1966
-1730
-1562
-1521
-1249
-1038
-925
-958
-1000
-1188
-1328
-1636
-1937
-2148
-2637
-2892
-3293
-3565
-3875
-3946
-3556
-3167
-2588
-2157
-1453
-571
493
1495
2523
3438
4222
4873
5282
5924
6398
6278
6084
5757
5870
5729
5120
4712
4176
3825
3210
2667
2231
1842
1096
610
-70
-551
-885
-1578
-1945
-2441
-2713
-2911
-3183
-3249
-3161
-3374
-3167
-2815
-2458
-1870
-1538
-842
-257
214
911
1498
1739
2030
2326
2484
2623
2528
2661
2650
2421
2377
2258
2178
2006
1871
1709
1513
1386
1181
926
665
551
125
-249
-524
-706
-892
-1132
-1280
-1396
-1371
-1281
-1197
-1174
-1020
-725
-679
-553
-503
-299
-384
-458
-637
-802
-978
-1294
-1428
-1773
-1881
-2095
-2249
-2194
-2220
-2087
-1955
-1920
-1614
-1426
-1421
-1457
-1570
-1759
-1922
-2351
-2594
-2896
-3290
-3584
-3933
-4195
-4423
-4552
-4232
-3844
-3384
-2897
-2314
-1383
-587
556
1538
2413
3297
3886
4449
5006
5632
5628
5579
5211
5381
5279
4709
4428
3751
3423
2771
2167
1773
1392
725
298
-444
-844
-1100
-1786
-2087
-2660
-2966
-3131
-3399
-3565
-3435
-3482
-3319
-2951
-2592
-1990
-1538
-946
-297
78
772
1261
1597
1959
2188
2507
2596
2633
2623
2773
2600
2529
2400
2218
2254
1976
1881
1664
1474
1337
1028
838
717
272
98
-190
-382
-471
-709
-785
-874
-785
-763
-465
-454
-275
50
47
235
259
281
242
128
-36
-210
-376
-564
-717
-965
-1020
-1238
-1328
-1290
-1297
-1194
-1144
-1161
-1014
-918
-874
-1009
-1196
-1291
-1583
-1766
-2104
-2424
-2798
-2995
-3390
-3559
-3837
-3925
-3408
-3168
-2632
-2242
-1563
-742
252
1203
2092
3016
3667
4336
4785
5420
5679
5727
5477
5187
5372
4924
4399
3888
3277
2823
2187
1547
1176
609
26
-519
-1195
-1501
-1784
-2395
-2770
-3123
-3341
-3487
-3730
-3784
-3765
-3822
-3588
-3274
-2915
-2468
-2043
-1352
-937
-368
253
823
1130
1538
1901
2163
2321
2180
2396
2244
2080
2048
1851
1708
1459
1337
1181
1001
804
638
333
125
76
-296
-549
-789
-875
-963
-1275
-1250
-1307
-1263
-1161
-1056
-982
-888
-579
-510
-302
-320
-76
-67
-170
-208
-283
-453
-709
-869
-1134
-1165
-1349
-1407
-1467
-1410
-1286
-1266
-1100
-1034
-843
-877
-982
-1023
-1161
-1392
-1737
-1915
-2309
-2547
-2848
-3134
-3328
-3482
-3642
-3426
-3016
-2578
-2048
-1612
-803
73
1072
2004
2962
3922
4546
5086
5640
6281
6509
6451
6064
5950
5907
5410
4841
4294
3798
3195
2525
1883
1564
971
298
-322
-976
-1216
-1684
-2145
-2598
-2971
-3129
-3366
-3591
-3530
-3430
-3395
-3222
-2800
-2415
-1823
-1210
-602
-120
388
1173
1500
1897
2276
2556
2677
2722
2722
2934
2746
2578
2440
2223
2163
1867
1671
1458
1097
879
656
363
205
-129
-455
-685
-895
-978
-1194
-1289
-1353
-1259
-1294
-1100
-957
-901
-695
-742
-515
-442
-387
-434
-533
-716
-835
-975
-1209
-1339
-1611
-1752
-1927
-2003
-1965
-2023
-1990
-1998
-1935
-1796
-1688
-1642
-1653
-1803
-1909
-2095
-2315
-2474
-2713
-2966
-3292
-3392
-3573
-3731
-3978
-3974
-3573
-3295
-2809
-2365
-1753
-837
34
1010
1995
2918
3688
4306
4852
5425
5881
5882
5719
5390
5476
5140
4509
4059
3477
3037
2323
1699
1347
963
230
-361
-963
-1307
-1522
-2060
-2427
-2777
-3060
-3164
-3398
-3442
-3294
-3414
-3189
-2885
-2377
-1792
-1335
-669
-138
485
1114
1688
2124
2537
2832
3026
3173
3074
3277
3144
2827
2704
2472
2259
2089
1856
1659
1386
1013
908
724
505
347
-19
-244
-470
-500
-657
-862
-938
-916
-827
-785
-522
-442
-224
-129
73
231
294
423
327
258
91
63
-132
-350
-511
-738
-868
-1117
-1190
-1254
-1291
-1311
-1324
-1325
-1291
-1206
-1314
-1252
-1520
-1706
-1866
-2159
-2240
-2561
-2852
-3081
-3248
-3376
-3602
-3757
-3806
-3483
-3103
-2508
-2066
-1456
-562
187
1334
2236
3181
3858
4474
5013
5569
5936
5882
5757
5140
5205
4769
4167
3717
3123
2695
1981
1309
912
643
-79
-639
-1316
-1654
-1802
-2385
-2826
-3270
-3586
-3861
-4202
-4253
-4090
-4156
-4078
-3628
-3140
-2425
-1874
-1191
-534
-65
699
1277
1828
1982
2311
2432
2486
2548
2517
2498
2187
2123
1821
1697
1640
1375
1257
856
721
525
317
58
-96
-408
-766
-876
-1031
-1018
-1206
-1251
-1213
-1156
-938
-696
-462
-211
-48
91
359
569
599
578
439
354
186
12
-183
-505
-659
-968
-1117
-1111
-1208
-1122
-1178
-1146
-1063
-1111
-1027
-1033
-1116
-1323
-1462
-1569
-1652
-1880
-2153
-2449
-2575
-2788
-2898
-3058
-3121
-3331
-3110
-2697
-2250
-1570
-1198
-439
373
1388
2440
3342
4213
4897
5385
5845
6343
6472
6361
5884
5438
5407
4928
4380
3781
3240
2702
2100
1562
1279
728
82
-469
-1126
-1245
-1787
-2275
-2784
-3297
-3567
-3736
-3958
-3939
-3745
-3832
-3364
-2968
-2390
-1688
-1117
-405
6
670
1294
1821
2145
2214
2305
2483
2544
2385
2423
2203
1901
1747
1492
1439
1338
959
745
475
299
179
-214
-447
-676
-1066
-1284
-1478
-1608
-1699
-1887
-1876
-1760
-1643
-1358
-1124
-907
-726
-493
-264
-77
21
-16
-15
-212
-365
-496
-709
-979
-1277
-1478
-1689
-1725
-1740
-1762
-1757
-1795
-1698
-1752
-1674
-1592
-1748
-1882
-2054
-2032
-2228
-2306
-2574
-2711
-2863
-3051
-3182
-3312
-3213
-3516
-3309
-2857
-2344
-1751
-1388
-643
283
1264
2210
3194
4089
4747
5307
5618
6206
6409
6237
5726
5359
5394
4931
4339
3752
3225
2760
2153
1570
1265
731
164
-298
-919
-1139
-1443
-2103
-2428
-2912
-3201
-3362
-3548
-3577
-3481
-3415
-2988
-2466
-1935
-1173
-649
220
703
1289
2061
2561
2747
2882
2952
3077
3059
2823
2814
2524
2246
2139
1878
1838
1697
1469
1274
1056
827
705
502
157
-132
-493
-709
-950
-1113
-1343
-1522
-1506
-1459
-1219
-1023
-645
-461
-204
74
392
593
565
702
572
491
292
141
-183
-425
-766
-1010
-1155
-1398
-1376
-1529
-1410
-1427
-1517
-1392
-1503
-1539
-1617
-1788
-1936
-2034
-2256
-2463
-2644
-2936
-3104
-3313
-3474
-3662
-3749
-3789
-3761
-3728
-3280
-2883
-2226
-1683
-1146
-155
630
1648
2537
3444
4086
4607
4885
5400
5656
5628
5274
4739
4760
4429
3872
3340
2953
2507
2014
1302
926
554
-103
-619
-1317
-1760
-2007
-2611
-3068
-3503
-3938
-4048
-4324
-4327
-3965
-3861
-3461
-2935
-2410
-1569
-902
-227
317
887
1460
1973
2204
2384
2520
2628
2644
2456
2407
2480
2269
2088
1966
1826
1950
1684
1330
1055
814
682
376
-64
-354
-605
-913
-1194
-1286
-1360
-1352
-1459
-1339
-1156
-869
-489
-225
67
342
594
727
833
824
756
499
286
84
-5
-213
-477
-613
-685
-773
-702
-610
-603
-533
-599
-683
-731
-741
-925
-1140
-1418
-1611
-1748
-1884
-2000
-2194
-2442
-2450
-2545
-2604
-2545
-2500
-2506
-2607
-2628
-2044
-1492
-955
-580
-119
699
1455
2419
3246
4092
4666
5002
5358
5883
6162
5937
5446
4938
4964
4676
4032
3567
3127
2618
1841
1257
1040
616
-218
-882
-1583
-1971
-2259
-2866
-3323
-3858
-4058
-4246
-4285
-4041
-3701
-3563
-3248
-2618
-2064
-1226
-775
-107
360
665
1237
1659
1811
1944
2063
2034
2092
1902
2075
2055
1720
1599
1473
1374
1217
805
429
230
-158
-432
-924
-1297
-1468
-1884
-2152
-2287
-2331
-2297
-2322
-2266
-1974
-1729
-1428
-925
-785
-457
-310
-112
209
104
115
48
-91
-357
-329
-454
-477
-647
-873
-817
-735
-666
-701
-839
-969
-1019
-1130
-1165
-1339
-1479
-1748
-1971
-2030
-2038
-2095
-2207
-2358
-2355
-2366
-2357
-2197
-2262
-2265
-2229
-2342
-2199
-1686
-1318
-852
-634
-149
777
1460
2367
3273
3956
4593
5077
5474
5950
6151
6017
5638
5181
5198
5020
4433
3971
3381
2906
2322
1791
1480
963
160
-416
-1066
-1352
-1657
-2255
-2640
-3164
-3395
-3340
-3362
-3190
-2846
-2677
-2335
-1770
-1185
-359
56
540
992
1224
1872
2186
2433
2471
2536
2590
2771
2564
2682
2627
2285
2192
1850
1890
1624
1205
807
320
-4
-351
-725
-1166
-1343
-1842
-2014
-2103
-2134
-2041
-2188
-2096
-1941
-1515
-1225
-795
-662
-506
-223
-54
136
69
96
59
-48
-134
-170
-136
-264
-494
-647
-602
-672
-708
-849
-1001
-1160
-1360
-1591
-1711
-1870
-2124
-2359
-2686
-2544
-2609
-2702
-2784
-2835
-2868
-2788
-2701
-2692
-2757
-2744
-2635
-2673
-2752
-2521
-2063
-1669
-1252
-1017
-296
490
1269
2085
2893
3747
4397
4838
5073
5629
5742
5504
5066
4638
4669
4321
3675
3228
2778
2299
1723
1181
794
245
-425
-980
-1604
-1902
-2210
-2731
-3142
-3455
-3567
-3496
-3467
-3237
-2865
-2738
-2260
-1718
-1030
-496
-34
466
812
1286
1853
2235
2352
2511
2718
2831
2904
2880
3050
2809
2507
2428
2134
1939
1505
1163
723
286
-57
-350
-732
-1036
-1206
-1467
-1623
-1774
-1669
-1609
-1659
-1557
-1357
-1073
-685
-427
-244
-31
186
326
545
610
607
590
585
583
662
662
532
348
203
24
21
-105
-390
-598
-984
-1135
-1386
-1447
-1658
-1824
-2104
-2136
-2169
-2129
-2168
-2328
-2224
-2270
-2235
-2265
-2130
-2193
-2173
-2330
-2420
-2393
-2267
-1850
-1547
-1063
-714
15
746
1560
2364
3144
3930
4341
4784
5114
5589
5535
5260
4825
4403
4511
4061
3408
2887
2444
2003
1415
913
539
3
-697
-1306
-1814
-1998
-2477
-2908
-3467
-3718
-3820
-3892
-3784
-3659
-3259
-3144
-2706
-2234
-1498
-948
-556
-52
428
980
1499
1833
2025
2274
2349
2378
2350
2277
2270
2035
1647
1412
1181
933
511
146
-268
-550
-828
-1085
-1313
-1518
-1608
-1872
-1970
-1948
-1913
-1848
-2003
-1894
-1655
-1482
-1099
-971
-612
-259
-27
392
601
832
963
960
933
973
1078
957
655
440
354
209
-15
-279
-530
-672
-961
-1163
-1323
-1436
-1587
-1773
-1972
-1933
-1904
-2025
-1997
-2044
-2018
-1999
-1906
-1821
-1833
-1865
-1872
-1854
-1777
-1774
-1775
-1517
-1101
-593
-66
432
1118
1719
2582
3449
4224
4763
5130
5421
5678
5924
5828
5561
5058
4893
4803
4276
3836
3404
2997
2391
1660
1297
881
167
-427
-1090
-1551
-1816
-2324
-2797
-3167
-3505
-3570
-3624
-3435
-3067
-2982
-2668
-2129
-1562
-950
-415
84
590
893
1297
1843
2066
2084
2191
2273
2303
2080
1901
1764
1454
1203
912
579
375
-16
-247
-595
-857
-1026
-1325
-1586
-1704
-1906
-2203
-2443
-2563
-2476
-2519
-2517
-2266
-2066
-1629
-1294
-888
-482
-172
225
506
756
840
956
860
884
720
549
417
93
-198
-418
-659
-835
-1023
-1283
-1483
-1686
-1806
-1951
-2083
-2206
-2405
-2397
-2543
-2591
-2525
-2551
-2563
-2621
-2584
-2419
-2320
-2320
-2289
-2162
-1927
-1822
-1825
-1757
-1341
-827
-391
-59
420
1039
1645
2499
3312
4012
4393
4862
5110
5430
5695
5717
5371
4894
4943
4828
4436
3929
3374
2983
2423
1808
1270
776
156
-490
-1133
-1737
-1844
-2431
-2808
-3221
-3427
-3273
-3142
-3005
-2536
-2100
-1856
-1143
-642
40
442
909
1323
1564
2047
2293
2464
2467
2454
2442
2393
2156
2152
2082
1722
1579
1341
1168
971
663
402
100
-353
-650
-1001
-1391
-1568
-1984
-2201
-2386
-2445
-2302
-2249
-2048
-1700
-1318
-826
-369
95
435
799
1239
1347
1445
1381
1419
1234
1011
823
562
319
82
-130
-385
-560
-784
-1022
-1132
-1323
-1491
-1841
-2087
-2220
-2372
-2552
-2824
-2881
-2952
-2910
-2959
-2982
-2929
-2751
-2601
-2432
-2393
-2194
-1888
-1877
-1783
-1876
-1812
-1703
-1312
-1077
-705
-396
-1
664
1307
2202
2922
3537
3992
4369
4687
5225
5342
5096
4791
4559
4690
4205
3700
3194
2754
2198
1477
841
426
-175
-1003
-1587
-2137
-2323
-2638
-3027
-3279
-3345
-3269
-3052
-2751
-2409
-2079
-1816
-1297
-909
-460
-61
96
508
644
882
1249
1410
1470
1543
1493
1548
1604
1630
1712
1521
1401
1170
1012
743
425
24
-365
-781
-1134
-1364
-1638
-1815
-2072
-2221
-2201
-2077
-1938
-1689
-1459
-1051
-629
-199
257
734
1057
1430
1659
1798
1900
1866
1816
1792
1630
1379
1283
1036
902
694
576
287
80
-103
-278
-521
-867
-1212
-1519
-1708
-2065
-2128
-2388
-2505
-2480
-2396
-2265
-2155
-1967
-1748
-1490
-1385
-1172
-1031
-839
-833
-890
-947
-1013
-1165
-1200
-1096
-855
-597
-445
20
702
1358
2227
2943
3647
4246
4655
5048
5398
5600
5454
4991
4694
4630
4271
3725
3169
2635
2155
1484
806
411
-285
-861
-1478
-1895
-2107
-2377
-2687
-2914
-2993
-2945
-2693
-2715
-2457
-2265
-2149
-1864
-1592
-1224
-965
-766
-484
-244
-63
395
604
752
723
906
1057
1117
1098
1119
925
640
477
126
-39
-376
-777
-1248
-1576
-1871
-2013
-2252
-2231
-2382
-2426
-2276
-2160
-1915
-1542
-1337
-1019
-768
-439
-38
303
505
650
754
818
951
1031
1075
928
803
713
650
635
543
198
58
-185
-209
-578
-865
-1163
-1530
-1814
-2131
-2289
-2441
-2438
-2607
-2613
-2393
-2166
-1975
-1659
-1517
-1189
-943
-805
-625
-533
-470
-538
-623
-738
-766
-895
-1111
-1229
-899
-564
-214
129
672
1360
2090
2919
3668
4451
4984
5204
5457
5779
5910
5732
5152
4837
4776
4427
3839
3392
2993
2598
1899
1224
1096
680
132
-346
-902
-1117
-1354
-1679
-1927
-2183
-2240
-2217
-2255
-2054
-1826
-1763
-1598
-1335
-1074
-586
-352
29
323
359
830
1087
1118
1209
1249
1306
1257
1045
1103
905
673
309
22
-153
-364
-690
-993
-1221
-1541
-1637
-1848
-1798
-1819
-1866
-1839
-1793
-1464
-1323
-1151
-986
-770
-512
-317
17
196
273
362
606
624
765
743
730
734
633
523
369
297
28
-298
-570
-776
-1172
-1455
-1881
-2111
-2347
-2657
-2795
-2814
-2851
-2835
-2819
-2707
-2421
-2276
-2187
-1908
-1777
-1568
-1482
-1445
-1321
-1256
-1247
-1253
-1235
-1313
-1283
-1397
-1357
-1545
-1318
-1032
-637
-244
-129
449
1014
1737
2402
3021
3445
3898
4223
4396
4863
4878
4767
4471
4394
4560
4411
3994
3575
3233
2743
2228
1660
1223
734
3
-493
-1117
-1274
-1534
-1938
-2194
-2426
-2366
-2307
-2190
-1945
-1736
-1858
-1498
-1201
-811
-499
-359
72
267
346
829
1082
1200
1341
1354
1568
1643
1688
1752
1527
1319
1139
939
799
488
227
-92
-284
-518
-652
-854
-946
-846
-939
-919
-878
-505
-338
-350
-232
-64
179
365
395
585
696
627
819
909
920
1014
845
769
767
733
594
416
74
-115
-423
-765
-999
-1328
-1653
-1941
-2071
-2142
-2177
-2143
-2020
-2009
-1924
-1756
-1555
-1387
-1302
-1276
-1163
-1044
-1072
-1003
-977
-977
-968
-1051
-1050
-1004
-924
-1063
-1075
-1234
-1296
-1106
-965
-736
-688
-453
-193
433
970
1651
2171
2667
3067
3395
4073
4448
4698
4477
4364
4492
4485
4090
3685
3192
2514
1943
1203
758
215
-562
-1183
-1708
-2081
-2308
-2660
-2830
-2999
-3178
-3105
-3074
-2831
-2632
-2639
-2617
-2346
-1985
-1703
-1504
-1307
-854
-634
-224
219
509
823
1034
1261
1525
1706
1779
1799
1507
1336
1110
804
467
112
-308
-599
-884
-1027
-991
-1181
-1024
-1139
-1060
-895
-638
-356
-389
-197
-150
65
249
378
465
378
464
565
718
782
836
836
821
920
842
864
790
601
483
137
-65
-238
-370
-675
-935
-1029
-1069
-1066
-1071
-973
-1002
-982
-957
-856
-658
-524
-445
-527
-431
-310
-140
-67
-48
-13
-17
62
10
37
-69
-346
-500
-683
-912
-1200
-1279
-1279
-1186
-1064
-956
-444
72
681
1375
2125
2920
3595
4062
4628
5238
5417
5359
5052
4935
4952
4449
3847
3310
2797
2236
1463
796
402
-256
-988
-1465
-1906
-2129
-2458
-2848
-3129
-3288
-3403
-3418
-3433
-3333
-3287
-3214
-2900
-2659
-2161
-1835
-1431
-977
-563
-154
448
925
1030
1340
1428
1601
1473
1308
1256
960
511
167
-73
-410
-655
-1100
-1243
-1428
-1488
-1599
-1726
-1622
-1552
-1498
-1401
-1180
-970
-806
-817
-628
-464
-411
-284
-273
-201
-131
-7
-3
101
169
250
398
314
457
354
382
336
118
74
-208
-310
-547
-697
-792
-948
-1025
-1165
-1035
-1096
-916
-948
-782
-599
-522
-334
-270
-36
3
143
196
258
308
394
245
170
59
-113
-271
-554
-688
-936
-1214
-1380
-1654
-1807
-1820
-1645
-1368
-990
-701
-270
342
943
1729
2474
3176
3680
4284
4685
5059
5357
5361
5190
4817
4785
4660
4231
3646
3122
2688
2048
1291
671
144
-642
-1206
-1781
-2042
-2219
-2590
-2785
-2845
-2783
-2626
-2549
-2308
-1883
-1712
-1439
-1077
-734
-423
-231
91
422
568
918
1225
1370
1394
1386
1373
1282
1071
927
703
256
-18
-482
-685
-879
-1280
-1485
-1645
-1696
-1539
-1463
-1328
-976
-888
-670
-475
-277
-96
-56
-155
-81
-213
-261
-185
-291
-307
-353
-485
-354
-247
-159
-51
-70
33
119
123
89
-41
-213
-465
-641
-798
-893
-1102
-1244
-1273
-1263
-1156
-920
-803
-657
-435
-275
-43
81
192
161
113
69
-84
-238
-381
-664
-813
-1130
-1308
-1359
-1492
-1628
-1668
-1793
-1764
-1820
-1820
-1849
-1943
-2044
-2004
-1729
-1462
-1142
-955
-583
-117
568
1308
1924
2596
3150
3631
4140
4690
5137
5233
4906
4838
4872
4614
4127
3514
2915
2221
1524
785
309
-136
-786
-1146
-1520
-1604
-1636
-1654
-1606
-1592
-1472
-1290
-1167
-932
-776
-1015
-836
-791
-769
-672
-575
-446
-413
-303
12
309
349
478
510
622
622
481
444
182
90
-175
-316
-365
-463
-518
-542
-518
-327
-152
29
322
642
674
877
1069
1237
1253
1036
914
715
633
361
250
-35
-166
-393
-412
-377
-446
-367
-472
-352
-341
-321
-204
-293
-323
-443
-526
-468
-427
-505
-542
-477
-433
-222
-204
53
225
355
375
515
594
536
390
121
-14
-307
-443
-801
-1051
-1253
-1346
-1545
-1669
-1777
-1889
-1870
-1922
-1861
-1944
-1862
-1921
-1992
-2112
-2201
-2290
-2637
-2671
-2517
-2328
-2148
-1871
-1427
-823
-38
780
1719
2512
3174
3681
4219
4852
5014
4909
4583
4443
4428
3890
3363
2797
2351
1772
1129
656
442
152
-286
-506
-614
-573
-731
-903
-1161
-1437
-1622
-1994
-2319
-2440
-2718
-2980
-3018
-3024
-2797
-2648
-2328
-2016
-1670
-1203
-557
-306
-36
278
409
680
484
624
521
375
249
184
226
318
449
480
697
912
1272
1448
1643
1857
1969
1865
1848
1682
1453
1123
678
297
-89
-406
-610
-913
-1157
-1212
-1085
-919
-788
-677
-442
-292
-84
100
272
396
560
466
626
778
843
930
938
1060
1028
1200
1374
1427
1436
1349
1368
1378
1247
1064
803
540
182
-68
-361
-624
-941
-1296
-1424
-1472
-1509
-1558
-1689
-1668
-1663
-1714
-1769
-1770
-1800
-1958
-2067
-2174
-2294
-2352
-2540
-2637
-2903
-2902
-2697
-2350
-1915
-1619
-1009
-323
569
1376
2270
3070
3721
4159
4586
5172
5405
5446
5102
4851
4849
4390
3958
3432
3067
2578
2041
1547
1150
762
147
-390
-998
-1455
-1930
-2519
-3140
-3660
-4047
-4453
-4684
-4641
-4691
-4681
-4571
-4222
-3694
-3311
-2874
-2408
-1915
-1552
-972
-459
-133
151
266
560
741
874
1084
1089
1077
1257
1301
1395
1559
1599
1605
1514
1516
1518
1342
1229
898
528
156
-125
-384
-797
-1073
-1343
-1530
-1666
-1630
-1482
-1443
-1205
-1146
-801
-538
-239
23
149
386
526
669
892
985
975
1089
1095
1183
1381
1413
1511
1559
1532
1648
1712
1663
1654
1502
1262
1102
779
536
218
-160
-529
-780
-1010
-1045
-1248
-1391
-1433
-1505
-1536
-1590
-1642
-1606
-1751
-1909
-1875
-2001
-2034
-2161
-2295
-2391
-2517
-2468
-2415
-2518
-2370
-2109
-1585
-1094
-717
1
739
1510
2323
3213
4079
4720
5233
5662
6105
6334
6335
6120
5851
5778
5431
4955
4382
3811
3287
2533
1748
1123
415
-322
-1034
-1842
-2312
-2921
-3543
-3988
-4406
-4752
-4820
-5012
-4877
-4711
-4625
-4285
-3891
-3365
-2863
-2345
-1813
-1304
-910
-290
163
548
783
966
1199
1352
1438
1570
1561
1459
1386
1454
1489
1479
1341
1228
1182
1070
935
734
573
304
-16
-406
-654
-894
-1187
-1548
-1789
-1875
-2017
-1929
-1984
-1886
-1738
-1588
-1352
-1096
-928
-739
-511
-354
-59
10
261
446
486
599
710
951
989
998
1041
1199
1156
1169
1133
1068
1121
930
752
605
409
113
-252
-539
-844
-1131
-1432
-1692
-1879
-2001
-2007
-2158
-2228
-2215
-2235
-2115
-2262
-2097
-2094
-2077
-2043
-2114
-1922
-2008
-1912
-1870
-1741
-1621
-1518
-1380
-1195
-857
-725
-309
255
717
1332
1879
2682
3358
4075
4737
5308
5877
6223
6448
6563
6612
6360
5991
5505
5107
4674
3911
3313
2614
1872
1100
401
-277
-837
-1494
-2154
-2577
-3062
-3375
-3680
-3876
-4067
-4043
-4152
-3929
-3719
-3420
-3085
-2876
-2402
-1975
-1563
-1126
-688
-327
-58
255
793
983
1210
1430
1662
1823
1907
2048
2157
2110
2067
2100
1936
1874
1671
1384
1129
778
436
112
-199
-557
-860
-1170
-1425
-1600
-1769
-1930
-1953
-1930
-1923
-1859
-1585
-1445
-1374
-1299
-1087
-949
-717
-598
-459
-294
-109
121
311
572
731
824
801
910
989
994
870
676
570
388
186
21
-176
-360
-652
-810
-1088
-1064
-1276
-1449
-1644
-1821
-1897
-2007
-2174
-2273
-2251
-2463
-2508
-2668
-2613
-2618
-2667
-2704
-2603
-2396
-2297
-2028
-1892
-1547
-1324
-1066
-741
-390
-113
43
250
454
661
839
962
1071
1232
1581
1821
2155
2508
2800
3187
3595
4012
4424
4713
4958
4992
5033
5043
4885
4595
4116
3734
3233
2717
2017
1519
825
208
-504
-1041
-1416
-1892
-2273
-2728
-2893
-3007
-3147
-3185
-3196
-3196
-3062
-2866
-2660
-2242
-2017
-1800
-1398
-1061
-648
-217
134
563
874
1304
1728
2061
2384
2549
2730
2785
2784
2765
2753
2578
2326
1945
1680
1405
1122
706
332
9
-399
-544
-806
-878
-1017
-1220
-1280
-1249
-1244
-1269
-1262
-1227
-1235
-1182
-1082
-1098
-940
-943
-947
-814
-564
-461
-354
-287
-141
110
271
472
684
757
777
889
865
927
918
711
586
364
271
174
-102
-378
-660
-925
-1146
-1384
-1667
-1874
-2203
-2534
-2622
-2821
-2894
-2909
-2954
-2900
-2695
-2443
-2286
-1959
-1773
-1442
-1120
-886
-509
-276
-80
27
246
419
470
480
498
497
545
537
527
638
558
556
619
617
600
627
753
891
1071
1163
1378
1690
1988
2343
2614
2871
3004
3138
3203
3273
3261
3030
2672
2430
2234
1935
1452
999
586
124
-352
-836
-1150
-1642
-1965
-2312
-2589
-2659
-2785
-2718
-2786
-2527
-2457
-2081
-1872
-1551
-1192
-945
-572
-353
62
243
514
722
973
1182
1340
1554
1670
1759
1783
1956
1936
1829
1719
1623
1395
1154
858
568
236
-126
-446
-816
-1053
-1208
-1525
-1590
-1747
-1720
-1731
-1774
-1621
-1467
-1339
-1323
-1087
-933
-662
-522
-362
-267
106
280
441
738
857
1112
1281
1465
1626
1744
1691
1773
1723
1593
1516
1329
1144
862
643
405
175
-85
-326
-511
-606
-815
-897
-944
-1074
-1108
-1271
-1238
-1298
-1276
-1221
-1140
-1034
-835
-670
-528
-317
-195
16
59
177
240
261
347
214
201
75
5
-149
-169
-298
-323
-426
-540
-504
-621
-577
-629
-611
-700
-619
-620
-557
-658
-503
-315
-149
166
343
638
974
1360
1761
2123
2377
2573
2732
2871
2947
2787
2543
2250
1947
1702
1250
743
319
-110
-513
-990
-1345
-1619
-1910
-2121
-2364
-2505
-2515
-2439
-2462
-2328
-2211
-2052
-1862
-1707
-1409
-1296
-1089
-934
-795
-454
-330
-110
30
105
333
531
593
762
818
849
825
809
692
605
420
232
105
-124
-210
-315
-469
-580
-645
-649
-624
-615
-572
-444
-437
-375
-288
-221
-136
-148
-90
-78
58
147
152
290
381
480
557
717
898
1069
1158
1257
1466
1567
1707
1772
1876
1822
1858
1788
1790
1695
1515
1460
1225
1220
1019
974
787
626
466
266
138
-29
-127
-418
-424
-715
-642
-836
-836
-867
-895
-952
-1090
-877
-1088
-995
-980
-969
-947
-930
-810
-747
-652
-538
-549
-443
-423
-300
-261
-246
-197
-270
-225
-224
-138
-109
-132
-54
-61
0
56
83
2
57
-26
-111
-145
-207
-160
-193
-144
-88
97
288
564
908
1126
1468
1571
1740
1826
1849
1782
1552
1420
1181
966
542
238
-97
-409
-787
-1119
-1326
-1531
-1675
-1893
-1986
-2009
-2033
-2008
-2009
-2058
-2056
-2058
-1993
-2025
-2005
-2041
-1953
-1839
-1747
-1500
-1328
-1018
-888
-590
-277
-11
215
366
562
652
684
671
638
588
438
425
182
232
137
112
81
79
70
122
263
236
408
422
574
589
694
725
782
741
756
781
831
906
968
1081
1204
1370
1456
1511
1633
1712
1843
1913
1909
2019
1904
1850
1707
1583
1419
1243
1083
861
706
482
342
199
110
34
-55
-205
-127
-145
-160
-214
-410
-451
-570
-686
-777
-887
-985
-1033
-989
-1008
-1009
-1008
-847
-865
-762
-602
-565
-371
-348
-302
-251
-122
-177
-191
-264
-331
-289
-327
-248
-336
-332
-335
-315
-240
-220
-297
-181
-228
-166
-283
-376
-289
-452
-553
-648
-840
-918
-964
-903
-791
-724
-633
-414
-165
289
504
902
1148
1281
1584
1603
1906
1743
1732
1520
1479
1407
1171
1053
717
582
322
79
-192
-406
-691
-1001
-1258
-1415
-1606
-1823
-2042
-2115
-2178
-2206
-2268
-2271
-2165
-2176
-1930
-1748
-1478
-1121
-860
-604
-357
-56
185
522
659
767
896
973
1093
1161
1114
1139
1166
1084
1056
1029
1030
1011
896
787
773
688
550
441
316
151
62
-59
-190
-247
-312
-458
-381
-495
-429
-416
-339
-202
-142
46
42
289
398
427
552
658
820
867
883
924
990
1061
1125
1139
1174
1266
1241
1342
1284
1220
1177
1049
1025
890
762
501
304
42
-238
-450
-739
-888
-1205
-1320
-1504
-1629
-1624
-1710
-1751
-1743
-1618
-1609
-1464
-1372
-1275
-1164
-1108
-948
-844
-772
-690
-614
-453
-445
-320
-221
-144
64
143
337
542
621
705
769
889
902
921
852
786
734
516
448
221
180
32
-128
-159
-300
-353
-469
-401
-614
-592
-659
-623
-563
-654
-757
-791
-618
-575
-441
-370
-115
124
550
914
1372
1776
2241
2606
2867
3327
3460
3469
3261
3239
3072
2689
2255
1765
1244
722
151
-451
-968
-1391
-1889
-2236
-2550
-2706
-2815
-2992
-3087
-3112
-3056
-3010
-2842
-2685
-2539
-2398
-2153
-1898
-1672
-1419
-1146
-855
-562
-263
97
437
709
903
1161
1373
1574
1618
1730
1663
1668
1511
1400
1302
1073
859
551
410
207
-70
-209
-297
-496
-646
-590
-622
-656
-583
-548
-546
-480
-467
-351
-344
-310
-186
-174
-36
71
242
297
468
565
791
898
957
1148
1064
1137
1097
1115
1009
788
616
525
352
72
-42
-257
-479
-680
-791
-932
-1019
-1198
-1342
-1362
-1328
-1273
-1248
-1208
-1057
-968
-772
-563
-347
-143
10
266
472
686
849
1123
1245
1322
1429
1552
1534
1517
1486
1288
1231
1004
937
836
694
578
491
380
252
213
196
126
96
-23
-97
-50
-144
-117
-221
-182
-217
-151
-153
-85
96
131
248
329
491
603
631
646
659
632
614
611
448
245
96
-94
-163
-424
-624
-752
-916
-1047
-1122
-1187
-1276
-1371
-1398
-1603
-1586
-1591
-1706
-1713
-1730
-1645
-1408
-1235
-1004
-741
-470
-21
491
866
1268
1768
2067
2384
2558
2825
2794
2779
2499
2230
2028
1654
1110
665
152
-310
-724
-1289
-1510
-1873
-2172
-2501
-2691
-2761
-2854
-3058
-3080
-3095
-3058
-2989
-2913
-2748
-2585
-2424
-2283
-1852
-1550
-1158
-878
-426
-2
338
717
1097
1498
1680
1993
2190
2356
2496
2392
2429
2253
2172
1996
1815
1657
1321
1192
909
757
523
299
222
19
-86
-239
-316
-511
-632
-739
-853
-941
-929
-912
-982
-827
-894
-720
-571
-446
-237
-45
172
426
780
945
1181
1297
1403
1561
1604
1662
1582
1624
1589
1465
1403
1361
1334
1226
1149
1049
903
876
657
572
303
108
-89
-269
-417
-704
-831
-1055
-1052
-1159
-1164
-1146
-1127
-1015
-860
-656
-507
-311
-178
9
110
265
378
459
563
541
539
628
615
712
743
761
826
817
911
900
870
836
779
727
554
450
235
119
-95
-300
-469
-642
-767
-907
-982
-983
-1019
-983
-975
-909
-865
-823
-825
-740
-734
-744
-802
-798
-827
-818
-777
-797
-768
-702
-600
-562
-447
-348
-264
-165
-70
-78
-5
3
-23
-97
-137
-218
-247
-348
-434
-360
-432
-307
-363
-303
-272
-166
-127
-184
-143
-183
-239
-304
-369
-521
-659
-919
-1034
-1127
-1227
-1296
-1435
-1465
-1416
-1341
-1347
-1299
-1203
-1193
-1108
-1018
-911
-836
-816
-735
-703
-652
-587
-458
-180
74
281
622
1055
1500
1944
2242
2615
2948
3220
3267
3385
3430
3307
3104
2750
2640
2341
1985
1566
1277
912
593
302
-66
-218
-450
-674
-861
-895
-871
-988
-1049
-1035
-932
-932
-925
-785
-724
-729
-658
-501
-327
-173
-44
226
410
680
804
1092
1360
1448
1466
1464
1657
1613
1545
1420
1267
1173
1060
787
697
621
406
318
259
209
103
35
-63
-172
-332
-509
-616
-715
-846
-979
-966
-1061
-1102
-1185
-1206
-1144
-1046
-1003
-955
-792
-640
-480
-385
-155
14
217
259
421
468
566
629
567
663
584
630
618
663
581
506
447
279
202
-23
-183
-371
-606
-803
-1065
-1233
-1445
-1619
-1791
-1938
-2001
-2030
-2065
-2150
-2048
-1894
-1838
-1671
-1429
-1288
-981
-721
-561
-274
-127
110
211
397
458
602
750
713
837
861
922
986
1058
1029
1076
1051
1097
1022
930
920
753
798
499
400
279
150
25
-241
-376
-416
-596
-700
-805
-832
-812
-963
-927
-1027
-963
-951
-950
-791
-796
-652
-474
-282
-156
-22
148
350
599
646
823
949
1128
1167
1116
1329
1162
1154
1076
1053
1026
933
928
728
693
575
518
391
367
176
126
82
-51
-14
-173
-352
-402
-514
-550
-595
-651
-643
-652
-584
-562
-415
-364
-122
-51
171
344
618
746
937
1126
1143
1281
1291
1315
1366
1382
1293
1237
1203
1021
954
820
636
651
347
374
253
127
89
-108
-213
-329
-453
-596
-625
-662
-748
-715
-744
-721
-665
-677
-603
-508
-509
-425
-405
-301
-252
-190
-223
-247
-152
-139
-189
-210
-242
-183
-283
-336
-428
-406
-550
-649
-619
-802
-678
-823
-770
-700
-676
-680
-653
-516
-513
-328
-341
-178
-136
-181
-27
-18
114
115
66
173
225
258
258
267
260
216
103
60
152
37
-48
-176
-201
-333
-464
-573
-643
-718
-804
-862
-861
-772
-815
-772
-730
-595
-477
-463
-331
-279
-131
-103
29
35
55
202
105
158
178
95
54
24
19
-54
-68
-35
-148
-66
-274
-250
-176
-232
-130
-189
-154
-56
117
222
448
539
750
918
986
1229
1251
1261
1236
1303
1283
1264
1199
1141
1129
965
931
864
757
589
518
505
429
348
246
227
171
180
121
108
167
137
42
-11
165
188
156
195
223
298
332
368
532
545
420
425
425
388
347
254
236
295
251
209
330
277
288
204
189
306
319
303
286
279
304
207
114
126
2
-107
-181
-246
-298
-418
-562
-511
-601
-700
-756
-746
-751
-855
-914
-933
-939
-985
-1071
-1120
-1162
-1115
-1138
-1090
-995
-979
-899
-785
-720
-581
-445
-507
-302
-250
-214
-138
-112
-124
-153
-177
-285
-217
-260
-353
-340
-320
-427
-487
-530
-645
-641
-719
-654
-626
-613
-495
-572
-420
-439
-299
-346
-265
-178
-170
-72
5
133
133
144
266
415
447
558
528
631
685
618
603
518
518
480
368
271
251
200
94
16
-59
-104
-88
-114
-116
-139
-132
-116
-126
-195
-199
-113
-102
-79
-90
58
73
94
160
189
246
313
346
377
454
455
483
577
606
631
602
595
673
645
557
568
499
512
447
406
431
306
385
334
339
433
443
430
420
466
443
413
464
362
383
348
309
292
269
281
230
312
287
266
234
202
178
161
43
0
-64
-160
-146
-136
-151
-230
-260
-230
-227
-244
-266
-260
-169
-172
-74
-35
42
136
120
167
159
157
187
167
236
160
190
108
124
82
39
32
32
25
-14
-63
-94
-97
-140
-158
-200
-239
-286
-182
-374
-302
-413
-434
-535
-534
-507
-629
-590
-621
-508
-569
-524
-545
-460
-429
-461
-293
-240
-248
-299
-258
-242
-164
-172
-163
-162
-108
-84
-81
-77
-42
-90
-94
-100
-117
-137
-163
-243
-263
-393
-413
-452
-585
-524
-609
-696
-658
-681
-736
-748
-735
-627
-567
-609
-450
-343
-385
-369
-251
-259
-231
-145
-48
3
181
193
240
410
377
555
568
637
738
756
784
752
794
786
725
658
621
593
487
400
318
295
223
135
197
151
30
105
108
127
78
115
174
229
289
353
439
467
473
430
564
583
641
697
679
701
684
752
771
775
595
643
564
591
613
506
381
394
201
100
86
-133
-196
-280
-366
-404
-432
-477
-447
-518
-523
-495
-470
-474
-418
-373
-309
-255
-250
-260
-119
-138
-59
-60
-25
39
151
180
142
315
291
414
370
394
391
374
408
330
374
317
191
200
16
-36
-133
-194
-233
-336
-383
-472
-493
-517
-517
-493
-521
-431
-441
-389
-334
-338
-282
-269
-228
-197
-172
-106
-104
-17
-65
77
22
47
272
240
305
323
477
468
553
554
544
463
277
98
-35
-225
-553
-793
-987
-1171
-1299
-1518
-1636
-1584
-1766
-1771
-1817
-1683
-1818
-1703
-1695
-1732
-1569
-1537
-1407
-1410
-1324
-1264
-1088
-1048
-909
-696
-501
-216
-50
228
544
916
1081
1357
1539
1583
1764
1679
1680
1691
1433
1344
1180
1029
954
834
668
581
546
408
391
364
450
367
375
346
401
441
347
349
386
449
358
404
450
569
639
542
713
762
852
898
977
1036
1013
994
1004
909
696
649
465
387
283
144
44
83
-7
-56
25
23
81
-6
33
50
145
22
-33
-33
-74
-55
-132
-151
-202
-165
-238
-212
-177
-110
-97
-97
12
65
84
119
61
47
21
-65
-115
-232
-275
-410
-405
-499
-475
-534
-527
-444
-453
-357
-228
-174
-77
-47
9
31
95
70
-9
-46
-71
-153
-204
-136
-207
-162
-246
-178
-253
-218
-171
-263
-158
-222
-180
-343
-363
-376
-532
-553
-667
-653
-686
-641
-679
-635
-523
-480
-419
-348
-196
-117
8
38
174
213
241
144
175
179
86
58
18
6
-100
-48
-86
-51
-68
-132
-42
-69
-143
-152
-203
-265
-355
-493
-557
-664
-830
-891
-920
-1033
-923
-835
-747
-564
-362
-232
-61
156
300
454
519
585
614
622
567
558
515
366
380
361
340
426
522
511
693
697
763
883
829
882
728
658
550
501
360
165
26
-70
-50
-161
-128
-150
-89
-19
79
203
280
363
431
404
433
415
350
214
137
58
-109
-96
-173
-111
-103
-61
115
153
319
396
502
521
548
512
479
458
347
297
145
168
94
-35
-104
-101
-134
-111
-92
-70
67
95
166
213
270
176
170
30
-62
-149
-321
-423
-481
-555
-610
-567
-635
-506
-435
-415
-325
-128
-43
-11
179
155
199
152
84
126
56
94
-2
9
26
-13
30
61
152
142
194
231
236
322
259
245
134
88
-109
-133
-325
-444
-664
-749
-781
-789
-780
-855
-762
-770
-687
-630
-577
-542
-518
-531
-474
-431
-454
-495
-503
-475
-491
-479
-451
-395
-349
-264
-184
-138
-12
84
98
122
187
190
221
177
101
123
53
-7
-30
-90
-116
-169
-150
-113
-10
40
90
63
103
142
116
123
95
73
7
42
-15
13
52
46
35
125
180
380
429
506
540
631
610
593
665
574
620
477
413
438
346
365
277
334
315
344
419
355
518
387
487
519
509
440
415
366
316
160
98
4
-69
-94
-221
-197
-187
-208
-100
-34
-65
27
157
90
133
158
110
68
11
-40
-49
-66
-171
-146
-228
-162
-204
-135
-121
-79
17
-26
103
109
125
165
106
69
72
32
-14
-68
-85
-133
-138
-103
-83
-40
-8
38
175
125
241
291
235
316
142
117
22
-40
-34
-165
-258
-154
-172
-202
-131
-169
-160
-81
-183
-39
-86
-71
-12
-84
-67
-136
-224
-218
-299
-350
-402
-457
-463
-445
-419
-319
-315
-375
-265
-195
-254
-225
-207
-345
-235
-483
-464
-528
-705
-705
-793
-746
-749
-764
-748
-693
-539
-562
-432
-371
-337
-280
-323
-237
-224
-184
-174
-184
-72
-24
53
63
26
150
191
210
265
395
361
362
439
377
343
297
276
267
233
215
239
225
151
205
215
240
245
348
377
421
441
447
538
531
489
470
512
479
567
489
531
504
527
563
572
574
594
652
631
729
656
702
578
633
546
466
390
280
234
155
105
75
57
70
10
-10
-9
47
50
110
30
47
97
53
132
66
60
2
119
3
41
14
50
65
73
-22
-1
-24
-21
-44
39
-79
-73
-9
-65
22
-112
-123
-146
-72
-206
-142
-199
-144
-211
-217
-171
-341
-215
-255
-225
-337
-218
-284
-237
-199
-286
-237
-279
-290
-364
-240
-302
-347
-335
-407
-341
-335
-294
-286
-199
-272
-234
-139
-254
-138
-171
-215
-146
-145
-228
-209
-255
-216
-305
-336
-367
-368
-354
-458
-471
-498
-544
-461
-557
-478
-489
-492
-434
-492
-440
-513
-432
-474
-441
-413
-406
-351
-356
-243
-381
-191
-252
-160
-72
-177
15
-51
-1
42
161
121
205
150
241
264
266
255
231
292
284
297
353
278
342
348
335
371
297
342
417
505
482
529
505
622
593
639
646
591
647
578
580
583
605
525
576
590
547
579
577
550
551
532
522
469
464
426
462
364
370
348
371
318
304
393
231
344
288
334
348
234
354
321
293
348
273
265
235
180
183
137
65
22
39
-55
-49
-35
-165
-123
-128
-148
-205
-251
-174
-169
-251
-212
-274
-250
-259
-250
-310
-244
-286
-217
-173
-206
-128
-169
-175
-151
-169
-217
-263
-226
-311
-315
-356
-403
-408
-372
-266
-392
-362
-465
-456
-510
-486
-562
-558
-586
-632
-599
-599
-586
-609
-580
-577
-562
-537
-501
-468
-422
-392
-324
-255
-317
-178
-254
-245
-188
-235
-213
-246
-216
-314
-271
-239
-319
-287
-253
-218
-210
-205
-225
-49
-226
-170
-206
-215
-150
-109
-99
-56
63
27
80
144
163
60
123
74
171
144
194
190
220
225
283
358
248
340
285
275
358
300
281
295
253
269
249
264
291
292
267
285
346
301
321
282
299
256
238
307
196
291
250
265
243
238
302
248
398
292
336
402
376
432
374
384
425
426
338
381
427
471
415
351
359
300
318
321
288
340
325
317
324
296
339
271
213
223
161
204
133
119
170
147
87
117
184
127
128
176
185
158
167
147
195
136
139
98
77
23
19
-88
-58
-113
-159
-167
-226
-210
-279
-233
-290
-263
-261
-268
-285
-306
-342
-364
-443
-427
-451
-501
-435
-505
-467
-510
-446
-478
-376
-414
-466
-323
-402
-318
-276
-261
-280
-268
-237
-288
-226
-318
-287
-273
-287
-257
-342
-395
-423
-404
-405
-385
-391
-386
-421
-374
-346
-352
-377
-408
-421
-443
-386
-418
-403
-409
-435
-366
-286
-302
-235
-213
-91
-97
-131
-19
-91
-25
-45
-72
-36
-59
-11
-70
-49
-80
-45
-75
-28
-58
-87
-93
-95
-39
1
-6
-23
109
47
182
135
72
181
127
157
216
186
197
303
183
333
406
357
404
434
518
492
479
474
520
495
474
523
419
438
412
415
401
382
349
314
349
303
424
358
452
461
527
513
514
519
514
475
425
457
457
515
456
465
471
421
458
399
375
351
312
367
331
377
389
324
303
339
296
249
166
142
116
35
100
6
-2
-99
-56
-47
-66
-5
-62
-72
-69
-73
-12
-111
-148
-112
-160
-140
-183
-153
-275
-202
-280
-275
-291
-415
-287
-436
-352
-410
-402
-434
-487
-392
-533
-438
-557
-449
-523
-543
-503
-559
-566
-531
-473
-561
-376
-360
-279
-223
-279
-226
-204
-284
-296
-324
-347
-404
-397
-397
-420
-408
-407
-456
-397
-396
-435
-362
-421
-370
-413
-358
-376
-389
-374
-354
-355
-351
-336
-357
-397
-364
-386
-310
-310
-256
-242
-225
-145
-134
-92
-60
-89
-62
-17
-71
-41
-55
7
0
138
117
80
156
165
194
162
173
160
181
196
256
261
201
282
286
301
237
329
328
290
387
365
461
440
445
504
500
560
488
530
551
544
554
517
631
583
529
579
552
576
567
566
526
585
550
485
522
488
491
480
537
427
398
384
328
325
291
340
272
263
275
255
172
221
191
156
202
184
100
247
145
172
125
61
118
84
147
113
205
157
249
158
162
210
194
67
14
56
15
-12
-78
-96
-161
-146
-171
-161
-167
-184
-202
-226
-261
-232
-266
-266
-296
-354
-280
-392
-378
-374
-363
-461
-476
-531
-512
-476
-550
-541
-554
-522
-554
-424
-516
-439
-468
-481
-482
-488
-517
-569
-533
-563
-561
-553
-563
-569
-472
-496
-456
-468
-417
-384
-386
-422
-344
-441
-426
-363
-393
-377
-339
-315
-295
-292
-355
-292
-233
-289
-245
-173
-195
-142
-101
-146
-39
-129
-55
-41
-161
-105
-177
-94
-149
-120
-15
-57
-1
8
125
55
148
60
134
260
210
309
360
382
364
415
407
446
439
470
452
435
458
461
474
463
498
451
505
500
558
594
580
622
592
611
591
605
586
600
653
599
649
672
563
617
631
500
517
585
471
524
510
428
467
358
405
404
290
332
238
249
107
270
125
41
129
15
25
35
92
16
18
-48
-22
-12
-105
-50
-57
-146
-152
-179
-148
-196
-99
-212
-175
-88
-107
-38
-185
-53
-71
-115
-171
-134
-176
-188
-190
-214
-229
-203
-255
-220
-244
-223
-226
-259
-239
-303
-271
-312
-214
-241
-278
-272
-374
-266
-340
-344
-349
-328
-324
-352
-315
-421
-392
-387
-475
-449
-492
-480
-434
-448
-469
-539
-489
-477
-439
-451
-428
-384
-384
-466
-362
-365
-391
-443
-375
-413
-385
-285
-271
-247
-203
-243
-162
-105
-132
-21
-127
-5
26
-33
28
51
57
-6
45
32
76
-7
58
49
105
83
91
152
134
112
98
122
101
141
45
119
142
97
92
100
197
147
184
231
226
228
227
185
206
175
291
221
224
262
265
329
266
263
291
270
294
316
340
342
346
254
332
384
304
347
308
430
404
439
488
436
498
392
496
507
529
539
507
551
491
508
531
553
470
467
478
465
452
414
302
360
288
288
332
319
303
359
303
179
188
120
122
83
-25
-28
-54
-129
-99
-99
-186
-234
-193
-236
-261
-215
-245
-247
-284
-297
-291
-358
-336
-379
-323
-282
-320
-351
-309
-312
-324
-343
-338
-334
-278
-278
-253
-240
-270
-239
-261
-262
-242
-292
-268
-270
-273
-339
-327
-359
-319
-291
-245
-251
-196
-218
-177
-192
-234
-198
-289
-258
-353
-152
-318
-372
-334
-413
-321
-479
-418
-416
-443
-454
-404
-321
-435
-306
-351
-275
-329
-314
-363
-370
-342
-425
-363
-371
-394
-287
-358
-235
-301
-237
-281
-214
-145
-206
-121
-127
-47
-62
-43
27
-24
21
63
31
171
61
179
89
231
166
235
324
257
484
353
455
451
467
537
417
549
516
560
539
540
607
502
606
494
497
463
487
541
432
521
498
454
420
496
455
434
440
443
411
396
369
378
275
360
366
338
318
318
444
454
392
455
402
390
447
348
293
282
279
236
231
212
204
200
190
230
171
190
199
60
138
39
-22
61
-22
20
-76
-9
-125
-166
-146
-138
-173
-249
-99
-197
-211
-212
-150
-247
-211
-204
-255
-102
-248
-246
-245
-248
-235
-255
-215
-236
-175
-216
-176
-176
-265
-319
-277
-355
-357
-294
-315
-304
-273
-255
-249
-352
-363
-407
-400
-435
-446
-445
-448
-419
-398
-343
-454
-396
-372
-387
-405
-441
-447
-386
-429
-434
-372
-413
-360
-331
-243
-297
-350
-254
-306
-248
-259
-351
-255
-287
-271
-169
-207
-202
-118
-73
-146
-31
-123
-57
-68
-49
-6
-27
35
-8
104
134
149
175
256
227
148
282
179
226
228
144
227
124
217
281
212
295
279
261
239
263
224
271
260
253
268
262
362
285
431
266
363
418
348
423
348
451
396
422
428
423
382
394
380
401
366
387
365
316
335
310
412
417
430
520
381
492
474
408
353
333
302
261
323
279
366
321
412
396
361
320
310
229
213
198
86
140
33
44
88
-3
29
-17
-52
-16
-152
-126
-167
-203
-251
-223
-227
-187
-148
-152
-212
-164
-251
-299
-284
-345
-363
-462
-400
-431
-390
-418
-414
-433
-425
-388
-463
-429
-443
-419
-429
-424
-421
-487
-367
-356
-398
-430
-368
-359
-394
-311
-408
-333
-343
-356
-282
-266
-324
-296
-273
-297
-298
-292
-235
-285
-261
-268
-281
-212
-279
-241
-323
-265
-241
-241
-234
-238
-168
-245
-158
-169
-148
-180
-199
-237
-263
-328
-291
-295
-229
-216
-268
-99
-192
-77
-139
-141
-55
-119
-124
-92
-53
-51
-44
-19
102
104
143
193
138
98
86
90
156
53
208
212
181
350
278
423
411
395
492
450
456
458
484
472
482
518
500
515
544
579
557
586
490
518
518
522
518
451
477
507
541
465
553
432
538
433
464
419
433
462
395
423
423
386
449
454
419
402
353
369
345
309
269
261
227
232
153
171
170
89
131
101
75
47
-1
42
-12
-9
-64
-49
-6
20
-22
34
-9
-164
-71
-180
-175
-245
-270
-252
-245
-233
-258
-231
-223
-231
-291
-227
-346
-361
-345
-433
-440
-450
-456
-496
-422
-438
-449
-454
-412
-420
-482
-455
-432
-464
-466
-500
-449
-365
-381
-354
-371
-342
-349
-356
-271
-278
-367
-341
-325
-370
-374
-312
-380
-374
-479
-405
-379
-525
-422
-432
-358
-329
-308
-295
-324
-242
-271
-268
-289
-324
-300
-239
-249
-192
-232
-216
-80
-155
-140
-159
-45
-63
-38
-32
-17
45
-5
41
23
105
41
91
87
65
117
112
90
102
94
15
98
-11
162
125
88
177
206
271
310
335
254
334
371
296
373
379
391
414
360
458
441
391
396
423
398
464
547
488
522
510
576
535
584
518
577
466
488
555
487
496
445
423
387
427
422
451
443
457
426
409
384
401
379
317
334
392
268
302
307
266
217
207
265
206
220
160
118
122
127
78
108
20
10
40
-8
-65
-95
-28
-150
-132
-123
-193
-130
-178
-198
-215
-297
-269
-286
-359
-318
-313
-337
-259
-267
-253
-243
-245
-231
-247
-210
-338
-300
-279
-311
-246
-335
-344
-376
-348
-295
-311
-267
-274
-232
-298
-258
-355
-306
-382
-396
-354
-374
-313
-426
-384
-362
-345
-392
-422
-339
-384
-331
-407
-437
-443
-473
-449
-441
-368
-469
-446
-396
-433
-434
-443
-370
-374
-389
-411
-345
-334
-311
-318
-334
-288
-294
-323
-346
-307
-292
-306
-328
-219
-216
-169
-149
-144
-65
-111
-34
25
21
33
106
120
191
272
213
277
337
391
394
407
410
446
495
461
546
529
476
560
569
558
620
486
549
519
480
583
477
512
420
469
412
394
527
332
424
363
387
330
328
334
397
401
382
447
388
478
446
429
390
414
376
348
330
315
353
353
367
355
335
350
365
347
291
374
263
254
297
255
293
215
218
219
253
157
127
183
121
112
160
147
195
117
49
103
26
48
1
-38
-47
-133
-126
-188
-181
-292
-313
-348
-436
-431
-472
-468
-480
-476
-522
-568
-575
-570
-511
-587
-551
-559
-580
-535
-632
-585
-628
-623
-608
-584
-619
-621
-562
-539
-554
-534
-473
-479
-436
-458
-416
-427
-375
-323
-338
-342
-330
-280
-296
-239
-329
-296
-289
-295
-333
-330
-136
-228
-152
-98
-68
-48
-75
-56
-88
-12
-132
7
-48
2
-20
-51
35
82
148
32
116
148
119
85
79
7
-18
131
44
125
122
140
195
163
147
147
211
191
290
246
326
282
312
356
347
306
401
362
336
391
403
361
382
299
311
338
338
309
273
336
273
320
270
284
227
311
303
321
379
320
422
403
419
384
430
303
220
320
289
394
313
283
310
279
258
255
254
175
227
252
260
253
213
219
177
131
185
206
195
203
218
173
241
120
110
131
46
80
-22
1
-10
63
-23
20
6
4
-16
-50
-12
-97
-95
-177
-111
-229
-212
-139
-236
-169
-298
-192
-244
-208
-270
-290
-248
-466
-350
-519
-433
-485
-464
-513
-524
-541
-580
-495
-557
-453
-460
-481
-519
-417
-408
-432
-398
-468
-392
-425
-466
-473
-406
-410
-483
-444
-427
-427
-422
-414
-441
-405
-400
-315
-354
-222
-267
-231
-212
-250
-182
-243
-143
-239
-190
-97
-209
-147
-91
-46
-27
-23
56
56
107
139
38
89
125
84
136
115
69
114
145
171
146
172
222
199
244
308
259
301
258
245
267
326
324
283
359
341
370
308
298
252
217
265
174
201
265
288
357
351
399
388
471
484
488
517
481
573
474
536
458
518
469
474
498
447
477
398
439
387
383
363
390
371
397
396
358
368
289
268
290
220
242
182
207
181
187
163
134
110
35
115
17
74
40
22
40
-22
-47
-45
-46
-137
-127
-111
-165
-141
-149
-93
-155
-197
-238
-171
-213
-200
-136
-140
-216
-223
-194
-318
-270
-333
-329
-370
-288
-277
-188
-184
-235
-158
-253
-218
-286
-276
-293
-329
-324
-351
-352
-370
-298
-249
-266
-282
-187
-228
-297
-330
-282
-332
-430
-328
-333
-440
-390
-335
-380
-335
-402
-371
-391
-390
-362
-352
-414
-380
-375
-436
-263
-389
-332
-275
-309
-258
-258
-265
-236
-198
-265
-231
-154
-149
-54
-34
-43
-38
-74
-54
-54
-22
-26
81
-16
90
67
103
4
8
1
-49
69
-57
134
112
178
143
209
194
180
254
203
325
226
289
319
366
332
345
384
414
366
366
451
364
449
378
478
440
490
492
466
521
466
473
478
469
481
469
505
461
473
433
449
425
433
441
436
446
398
410
377
454
378
362
387
367
288
270
206
129
159
100
35
73
19
60
76
90
100
-14
59
2
3
6
-71
-34
-53
36
-52
23
5
1
-36
-63
-105
-89
-97
-115
-49
-119
12
-108
-104
-110
-205
-183
-255
-291
-285
-307
-400
-382
-443
-419
-406
-483
-400
-379
-372
-429
-298
-353
-337
-358
-436
-378
-506
-424
-392
-458
-371
-431
-356
-412
-358
-377
-347
-286
-411
-206
-331
-278
-196
-179
-203
-134
-150
-239
-169
-174
-207
-243
-234
-251
-290
-240
-157
-226
-235
-257
-263
-246
-246
-233
-165
-188
-158
-275
-266
-235
-283
-184
-206
-205
-251
-168
-164
-111
-192
-111
-188
-105
-95
-51
24
-26
34
18
63
55
55
138
53
133
149
128
217
257
342
356
409
427
514
538
557
574
575
617
564
601
567
544
490
430
527
494
492
555
468
477
516
488
528
472
390
349
409
436
371
359
300
233
330
184
197
220
186
186
182
200
229
150
251
97
138
95
78
89
-30
102
37
112
23
127
65
108
115
139
93
96
101
71
138
95
119
101
226
95
207
116
67
116
45
125
7
91
7
13
-3
-29
-79
-42
-45
-148
-82
-160
-93
-137
-200
-219
-220
-232
-269
-285
-296
-296
-350
-414
-376
-440
-371
-461
-407
-421
-495
-370
-481
-465
-487
-548
-523
-553
-479
-588
-566
-581
-600
-602
-510
-649
-603
-515
-552
-426
-510
-443
-496
-350
-432
-384
-319
-413
-265
-289
-259
-207
-122
-102
-148
-54
-140
-40
-13
-59
49
-20
82
14
-27
46
71
-23
-36
13
4
41
53
12
66
58
60
63
35
-8
13
-30
-15
14
-75
-70
-60
-40
-12
1
33
101
67
118
169
135
172
213
186
238
231
260
199
254
221
235
254
195
305
257
310
238
326
286
330
405
359
460
446
525
514
557
514
568
600
504
585
516
604
580
564
661
643
615
647
622
529
553
446
488
419
353
315
310
258
263
239
185
228
152
217
217
243
255
197
196
76
102
58
84
58
-38
25
-3
-7
-60
-92
-103
-196
-141
-214
-199
-253
-240
-242
-305
-323
-348
-257
-354
-337
-358
-375
-347
-419
-386
-442
-364
-366
-354
-404
-426
-430
-367
-407
-309
-316
-361
-279
-373
-327
-350
-364
-410
-453
-355
-403
-397
-389
-387
-434
-520
-457
-468
-416
-520
-404
-411
-347
-310
-396
-394
-416
-419
-429
-456
-398
-347
-401
-324
-335
-279
-287
-187
-164
-131
-49
-78
13
-12
57
98
72
104
143
114
133
204
126
178
132
115
149
80
71
97
121
213
123
240
326
220
226
162
147
187
144
163
158
196
137
302
238
278
288
285
331
289
359
320
304
249
324
279
314
332
318
348
295
361
310
379
325
339
367
296
394
320
353
324
318
305
313
386
310
329
286
359
300
328
261
255
272
152
296
175
261
186
206
211
164
257
178
276
165
209
209
179
125
215
79
106
193
107
145
94
72
55
85
6
74
17
16
77
23
38
10
60
-79
25
-95
-86
-24
-194
-87
-177
-167
-254
-225
-212
-290
-145
-337
-240
-269
-298
-204
-180
-237
-246
-259
-341
-310
-389
-440
-508
-469
-461
-461
-482
-478
-437
-546
-500
-493
-529
-521
-581
-573
-526
-560
-567
-445
-526
-411
-456
-453
-346
-374
-360
-351
-373
-314
-323
-290
-378
-315
-318
-317
-277
-259
-210
-196
-155
-152
-138
-146
-132
-125
-203
-91
-68
-96
-69
-12
-45
-63
-69
-68
-23
1
109
69
194
207
257
249
326
347
336
282
308
303
343
305
329
417
297
397
407
470
418
395
384
353
409
404
336
255
266
307
307
208
224
227
258
282
252
277
267
230
243
284
278
283
300
381
399
382
336
304
281
342
405
428
344
407
387
496
431
467
473
339
403
318
401
291
326
236
206
213
185
184
161
170
182
177
149
198
106
126
71
43
15
30
74
-54
36
-21
-54
-126
-165
-148
-165
-162
-265
-227
-233
-267
-196
-335
-282
-401
-334
-372
-417
-413
-442
-360
-413
-307
-441
-356
-464
-443
-447
-441
-435
-480
-476
-475
-421
-369
-376
-335
-348
-329
-216
-271
-285
-262
-320
-255
-287
-289
-315
-304
-328
-262
-286
-376
-308
-276
-249
-272
-219
-253
-165
-223
-162
-196
-150
-179
-180
-128
-232
-179
-207
-150
-220
-147
-190
-146
-97
-137
-124
-215
-135
-163
-140
-97
-80
-74
-44
131
42
114
145
69
96
68
141
81
103
125
105
174
162
205
166
213
323
224
334
315
365
397
404
395
369
420
353
439
349
362
353
389
457
399
348
320
265
288
283
290
283
339
336
394
394
337
349
341
362
290
323
308
323
272
307
297
314
378
328
376
332
412
393
333
393
383
350
332
377
271
309
267
180
249
155
148
145
97
110
114
143
46
70
109
164
79
100
71
24
31
-63
-39
-143
-141
-217
-164
-278
-199
-270
-285
-234
-244
-231
-243
-246
-341
-252
-344
-314
-369
-347
-347
-363
-317
-359
-288
-362
-335
-302
-305
-297
-356
-361
-372
-407
-414
-348
-430
-376
-426
-428
-430
-559
-481
-510
-455
-526
-433
-425
-448
-415
-501
-393
-487
-415
-426
-424
-412
-362
-405
-416
-371
-403
-286
-427
-298
-241
-312
-248
-260
-231
-147
-145
-140
-139
-117
-109
2
-28
-50
21
-23
28
78
140
71
93
105
83
117
171
77
78
230
170
183
140
292
231
268
216
230
166
141
137
138
105
110
108
202
204
204
261
207
245
254
261
330
333
360
405
409
425
477
442
562
514
564
560
502
583
561
567
465
510
493
466
459
539
373
462
478
500
426
392
354
300
393
352
377
391
333
350
353
260
276
249
115
157
73
167
203
137
140
221
97
78
62
37
19
-17
41
-67
17
-8
9
18
-19
-77
1
-16
22
1
-33
-56
-109
-126
-162
-191
-272
-265
-274
-295
-259
-337
-395
-324
-445
-387
-338
-452
-372
-367
-420
-396
-408
-429
-491
-522
-498
-476
-493
-527
-563
-492
-546
-487
-486
-476
-387
-471
-433
-461
-462
-487
-500
-370
-523
-394
-436
-342
-330
-335
-189
-344
-351
-344
-185
-322
-311
-244
-283
-241
-351
-307
-215
-300
-260
-283
-109
-202
-145
-88
-134
-51
-156
-31
-62
-22
-65
-82
-60
7
-24
-15
-10
59
60
-8
62
55
134
84
12
61
134
65
131
112
164
260
183
362
372
399
391
434
399
385
434
454
433
390
512
420
504
481
492
438
428
517
571
571
642
554
614
609
513
557
587
575
540
514
529
547
410
494
412
443
400
407
485
484
447
404
450
317
266
257
235
284
235
217
253
175
129
131
158
47
69
73
2
12
-8
30
-46
-33
-3
-59
-77
-105
-8
-33
-31
-8
-40
-14
-115
-95
-207
-90
-151
-194
-71
-192
-45
-158
-70
-95
-143
-193
-169
-194
-150
-237
-344
-257
-427
-397
-412
-439
-444
-513
-466
-506
-519
-594
-500
-602
-601
-543
-548
-524
-568
-358
-594
-455
-556
-603
-528
-588
-480
-594
-455
-451
-413
-399
-410
-300
-320
-387
-400
-278
-379
-322
-333
-268
-248
-300
-236
-223
-153
-147
-132
-106
-170
-65
-146
-135
-102
-136
-74
-183
-107
-90
-130
-86
-36
-86
-75
15
111
69
140
166
215
220
198
208
195
189
208
215
267
286
308
304
302
397
290
408
393
389
435
497
369
388
355
355
370
249
369
434
419
322
417
368
296
434
350
338
338
307
326
335
297
314
298
281
282
298
287
387
225
328
305
337
414
287
348
234
300
176
251
147
150
206
92
161
132
110
88
168
99
151
103
149
129
157
49
67
93
-3
47
18
125
7
-34
-15
2
11
-46
-81
-94
-93
-100
-79
-140
-133
-110
-170
-99
-99
-161
-93
-87
-94
-38
-101
-4
-30
-85
1
-70
-150
-210
-224
-252
-253
-274
-300
-275
-293
-255
-265
-286
-362
-263
-321
-265
-270
-324
-247
-298
-285
-328
-386
-396
-398
-435
-385
-472
-540
-469
-492
-477
-437
-442
-489
-439
-394
-434
-403
-420
-398
-381
-421
-388
-328
-359
-261
-164
-193
-90
-102
-101
-27
-68
-72
-94
-107
-72
-116
-33
-40
-107
-68
-28
0
-68
-16
28
-3
65
74
57
112
131
108
159
101
127
216
96
153
197
280
287
245
314
314
339
254
333
353
266
311
300
257
336
288
303
325
347
369
364
374
455
401
413
433
431
425
397
420
351
453
369
423
419
428
454
423
431
473
411
363
401
329
397
293
432
407
374
392
314
397
277
337
308
272
294
245
307
273
252
207
198
148
174
140
143
27
30
25
8
71
23
43
-44
42
-14
-81
-60
-120
-107
-164
-164
-225
-225
-276
-376
-343
-385
-401
-436
-367
-367
-330
-441
-372
-340
-379
-361
-377
-329
-401
-355
-386
-382
-406
-340
-376
-266
-375
-386
-354
-421
-328
-420
-388
-442
-428
-410
-368
-367
-415
-376
-392
-361
-388
-379
-406
-403
-408
-424
-463
-413
-382
-419
-338
-336
-335
-326
-320
-261
-269
-291
-274
-271
-223
-309
-224
-191
-234
-198
-131
-136
-110
-70
-92
-72
-86
-85
-91
-36
37
8
86
47
190
121
155
199
87
62
-15
74
38
63
64
56
126
225
295
330
295
380
412
475
370
437
415
419
391
418
456
381
446
378
452
456
502
480
471
610
554
651
666
630
708
630
603
569
621
519
562
415
482
483
407
569
448
500
401
439
425
472
340
340
406
277
334
303
319
280
313
231
325
273
226
141
100
138
1
-80
-18
-80
-10
-61
-58
-43
-72
-89
-155
-74
-172
-208
-252
-161
-234
-265
-163
-231
-212
-212
-193
-249
-226
-324
-248
-355
-338
-393
-366
-421
-414
-470
-496
-467
-432
-475
-458
-406
-472
-446
-433
-449
-407
-387
-351
-326
-316
-276
-284
-225
-324
-334
-335
-361
-390
-412
-480
-428
-529
-457
-453
-459
-423
-369
-385
-408
-315
-439
-299
-407
-348
-318
-352
-284
-330
-266
-375
-251
-259
-295
-223
-263
-175
-231
-172
-193
-181
-206
-137
-110
-137
-39
-90
39
-38
7
73
57
94
97
2
74
129
138
213
73
175
258
228
290
347
287
379
301
320
291
309
231
252
293
302
324
206
316
336
372
331
361
407
357
382
391
493
450
458
435
334
462
366
379
391
436
299
369
365
387
376
404
478
411
510
463
524
543
498
474
497
450
387
455
336
360
273
242
291
225
244
175
252
148
148
134
77
183
145
131
63
62
111
23
11
-30
-38
-99
-58
-126
-159
-169
-239
-119
-176
-137
-166
-142
-138
-202
-166
-239
-295
-316
-297
-279
-285
-244
-279
-289
-273
-185
-289
-257
-210
-264
-188
-274
-242
-306
-305
-330
-258
-224
-345
-285
-347
-329
-383
-392
-327
-358
-353
-342
-344
-307
-417
-377
-360
-453
-470
-412
-419
-405
-383
-420
-379
-374
-428
-330
-393
-382
-339
-390
-297
-329
-224
-224
-223
-179
-157
-163
-259
-142
-192
-129
-153
-179
-152
-188
-145
-212
-39
-154
-70
-27
-55
-45
-68
-83
-95
-70
-92
0
30
70
153
150
130
280
191
310
252
231
354
243
404
318
357
390
345
306
222
309
319
328
411
404
399
402
442
436
503
397
440
465
445
515
476
474
351
401
340
356
370
340
372
403
346
437
404
374
331
380
458
331
392
370
390
366
394
352
305
349
290
286
238
253
203
212
204
183
211
244
126
153
9
-4
82
-68
-32
-33
25
9
80
32
83
108
39
37
