
16
17
13
13
16
23
26
25
22
18
15
13
15
21
27
26
24
23
24
20
12
5
0
-1
-1
-1
5
12
17
20
21
24
27
29
27
25
24
25
24
19
13
6
2
4
6
6
7
10
15
18
17
14
13
15
14
7
-2
-5
-1
5
11
17
22
25
26
25
26
30
29
22
13
11
10
8
1
-1
5
13
17
20
26
32
32
23
12
7
6
4
1
1
8
15
17
17
19
22
22
17
13
13
22
29
27
22
18
13
8
5
7
16
26
29
30
29
29
26
22
19
16
9
4
1
0
2
8
18
28
31
31
30
29
25
17
10
5
3
2
3
6
9
13
14
15
14
13
13
15
16
14
11
7
3
-1
-3
-2
2
6
11
14
18
20
22
25
25
22
16
7
0
-5
-7
-3
3
12
22
29
33
31
28
23
18
14
10
7
6
4
5
9
13
18
22
25
23
17
13
12
16
17
15
14
15
16
15
13
16
22
26
27
30
33
32
26
21
17
15
12
13
16
18
18
21
28
34
33
29
24
19
12
4
1
1
1
-1
1
7
12
15
17
22
25
22
16
11
11
15
16
14
14
14
14
14
15
17
22
25
25
24
22
20
15
9
2
-1
0
2
3
9
20
30
34
33
29
26
21
16
15
17
18
17
16
17
18
17
16
17
18
17
17
17
18
17
17
19
23
23
19
10
6
5
7
10
13
17
17
14
9
3
1
-3
-6
-3
1
5
6
9
16
26
31
32
29
25
19
12
9
9
11
11
11
10
11
11
12
10
7
4
3
4
5
6
9
13
17
16
12
8
7
5
4
4
10
14
12
4
0
3
7
8
4
4
8
15
20
23
26
24
24
23
18
16
13
14
18
20
17
13
12
15
17
15
13
14
14
14
14
14
14
14
13
14
14
12
8
5
4
3
5
4
4
5
5
4
5
7
9
14
17
15
13
13
16
19
21
24
26
24
18
13
13
13
14
15
14
15
14
14
14
15
14
14
14
14
15
13
14
14
14
12
7
4
3
5
7
9
14
15
15
14
13
14
15
13
12
13
16
15
13
12
13
14
14
17
21
26
26
23
21
19
15
7
2
-1
0
0
3
9
19
29
33
31
28
24
20
16
14
16
17
16
15
16
17
16
16
16
16
16
15
16
17
17
15
18
21
23
18
9
3
4
6
9
12
15
16
12
7
4
0
-4
-4
-4
1
3
5
8
15
24
30
31
28
23
18
11
8
8
9
11
10
11
9
10
10
9
6
3
1
2
5
6
9
13
16
15
11
7
6
4
2
3
8
13
11
3
0
2
6
6
3
3
7
14
20
22
23
23
23
20
17
13
11
13
16
18
16
11
11
14
15
13
13
13
14
14
13
12
14
13
12
13
14
11
7
4
2
3
4
3
3
4
4
3
3
5
10
14
15
14
13
12
15
17
18
24
23
21
16
12
12
12
13
14
14
13
13
13
13
13
13
13
13
13
13
13
13
13
13
11
7
3
1
3
6
9
13
15
14
13
12
13
14
13
11
13
13
14
12
12
13
14
13
14
19
24
24
22
19
18
13
8
1
-1
1
1
2
7
17
26
30
29
25
21
18
14
13
13
15
14
15
15
15
14
14
15
15
15
15
14
15
15
16
17
19
20
15
9
7
9
14
18
20
20
19
16
12
10
12
14
15
12
12
13
15
15
16
20
23
24
22
22
25
25
20
15
17
23
25
25
22
21
23
21
18
15
14
15
18
23
24
21
19
20
22
19
13
9
11
15
14
12
11
12
14
12
13
11
8
5
2
3
4
5
6
9
14
16
13
13
13
15
19
21
26
28
28
25
22
20
20
18
14
11
12
15
15
12
11
14
15
14
14
20
28
32
28
22
15
10
7
3
0
-1
-4
-7
-8
-7
-5
-2
2
6
10
12
13
12
9
3
0
2
3
4
1
-1
-5
-10
-12
-12
-3
5
14
23
32
37
35
29
26
25
26
25
23
23
23
22
18
13
12
16
22
27
33
35
34
32
26
21
19
20
21
21
20
19
16
12
9
10
11
12
12
11
9
6
3
1
3
6
13
19
23
21
11
0
-10
-14
-15
-13
-8
-3
-1
3
8
15
21
25
28
34
37
37
32
29
26
22
18
15
17
19
22
24
26
25
26
29
36
39
36
28
19
12
7
3
1
3
8
13
20
25
25
18
11
3
-1
-3
-2
5
15
21
21
17
12
9
6
2
1
5
11
14
11
5
0
0
3
7
11
16
22
25
25
24
22
23
24
23
20
16
11
5
-1
-3
0
6
14
22
27
27
22
15
9
5
4
7
8
7
6
7
7
7
6
6
8
9
9
9
5
-1
-5
-7
-2
3
10
17
25
28
29
29
31
29
25
22
23
25
23
19
15
13
11
13
19
30
38
38
35
31
29
25
22
23
24
24
23
24
25
24
22
24
27
30
35
38
35
25
12
4
-1
-3
0
7
19
26
29
27
24
20
15
12
12
15
9
-1
-10
-15
-17
-16
-15
-10
0
9
13
10
0
-12
-18
-19
-14
-7
1
10
15
17
15
12
9
6
7
13
17
18
15
11
5
1
2
10
27
42
48
47
39
30
19
10
5
6
15
22
27
23
16
7
5
8
16
26
36
40
38
30
24
21
23
28
33
38
43
44
38
30
23
23
28
35
39
41
38
32
21
9
2
1
3
5
4
1
-8
-22
-36
-47
-50
-42
-28
-9
5
11
6
-6
-19
-30
-38
-42
-42
-43
-47
-55
-65
-69
-66
-53
-29
1
30
52
66
76
81
83
86
93
103
107
98
79
52
15
-27
-61
-74
-68
-53
-40
-19
9
43
70
95
121
146
167
176
169
144
103
55
11
-26
-57
-80
-89
-88
-85
-85
-84
-75
-57
-28
13
60
101
123
127
118
98
66
23
-17
-52
-85
-123
-160
-186
-196
-196
-187
-159
-110
-50
4
47
80
102
112
113
111
106
91
66
34
5
-26
-59
-91
-104
-96
-77
-58
-36
-7
25
50
63
74
90
107
118
117
107
87
58
21
-14
-44
-65
-78
-79
-69
-56
-46
-38
-26
-1
35
73
103
121
122
106
79
46
16
-13
-38
-57
-67
-71
-72
-73
-73
-67
-50
-26
1
28
52
71
79
75
66
56
47
33
14
-8
-29
-49
-69
-87
-101
-104
-92
-69
-38
-10
11
27
39
51
59
65
73
78
79
71
54
34
12
-2
-12
-20
-25
-26
-24
-24
-28
-31
-26
-13
4
16
27
35
39
35
28
20
13
7
4
5
9
9
3
-3
-9
-10
-14
-17
-16
-8
1
5
4
1
1
4
5
4
10
17
20
16
9
8
9
7
5
4
4
5
1
-4
-11
-16
-17
-14
-5
1
7
11
13
8
-2
-8
-8
-4
1
2
6
10
14
14
13
10
12
12
11
6
-1
-8
-14
-17
-19
-18
-14
-4
4
10
13
15
14
14
18
25
34
40
40
35
28
18
7
-2
-5
-6
-5
-3
0
2
4
5
5
7
11
21
35
41
38
31
27
29
29
27
27
29
29
20
3
-11
-17
-18
-20
-14
-2
10
13
10
6
3
4
7
14
24
31
32
29
22
16
17
22
28
33
32
29
23
17
6
-5
-10
-6
-1
4
8
10
12
12
11
16
24
35
43
48
54
53
46
36
27
25
27
26
26
24
18
7
-5
-14
-16
-11
-2
13
26
31
27
21
18
17
19
27
38
47
45
39
34
26
14
1
-8
-6
-5
-10
-19
-26
-31
-35
-37
-32
-22
-9
1
10
16
20
22
23
25
30
38
46
53
52
48
42
36
25
14
5
-1
-7
-15
-22
-26
-25
-21
-17
-7
7
23
37
44
50
54
58
66
78
94
104
105
98
84
66
44
23
2
-14
-27
-35
-36
-31
-22
-13
-4
1
0
-4
-9
-18
-32
-48
-59
-59
-52
-43
-40
-36
-31
-27
-26
-29
-32
-31
-32
-36
-46
-62
-79
-99
-119
-132
-131
-114
-83
-43
-7
19
35
46
52
53
49
45
48
52
50
40
32
29
28
21
9
-1
-6
-9
-6
14
65
148
251
358
443
480
453
368
247
110
-36
-180
-301
-369
-370
-322
-260
-198
-121
-15
106
211
276
304
307
293
261
212
156
95
26
-46
-111
-169
-225
-284
-338
-367
-362
-326
-267
-194
-107
-19
64
135
188
223
247
265
271
246
174
70
-48
-159
-261
-348
-408
-425
-399
-346
-274
-186
-89
5
85
152
214
270
305
311
293
264
230
187
132
61
-26
-114
-196
-261
-307
-335
-336
-303
-232
-133
-22
89
193
290
373
426
439
412
362
305
249
182
96
-9
-117
-210
-284
-340
-375
-381
-346
-273
-182
-87
5
92
174
246
304
345
357
329
260
157
31
-118
-281
-433
-541
-598
-610
-580
-498
-367
-220
-98
-8
79
173
249
279
274
264
247
200
119
46
14
10
-12
-76
-168
-258
-327
-359
-334
-219
9
366
813
1246
1521
1540
1312
938
524
108
-318
-736
-1061
-1185
-1097
-904
-736
-608
-413
-69
361
713
884
921
922
921
865
705
461
188
-61
-266
-439
-609
-784
-922
-954
-865
-710
-555
-397
-194
55
287
450
561
662
750
776
725
621
483
276
-29
-381
-682
-865
-941
-954
-926
-845
-693
-471
-205
56
264
411
533
672
812
881
833
701
561
439
290
77
-169
-380
-530
-645
-740
-788
-749
-621
-433
-205
41
280
482
645
779
874
906
849
702
487
222
-65
-342
-579
-752
-847
-852
-775
-642
-484
-317
-148
21
172
282
342
360
352
325
268
169
36
-99
-214
-307
-390
-457
-494
-482
-423
-331
-243
-198
-213
-259
-298
-309
-301
-284
-244
-182
-121
-91
-93
-80
26
280
698
1259
1919
2578
3032
3021
2398
1298
85
-930
-1701
-2342
-2855
-3032
-2661
-1793
-767
68
615
1047
1534
2007
2220
2045
1651
1333
1177
1000
621
85
-421
-808
-1131
-1447
-1736
-1945
-2023
-1888
-1485
-902
-337
100
485
918
1335
1590
1656
1634
1564
1378
1036
617
192
-277
-845
-1426
-1840
-1987
-1927
-1773
-1577
-1312
-912
-346
298
824
1099
1216
1395
1682
1852
1686
1253
825
548
297
-102
-633
-1131
-1467
-1636
-1682
-1628
-1488
-1276
-978
-558
-22
546
1029
1384
1646
1858
1971
1893
1566
1042
445
-113
-587
-989
-1340
-1617
-1753
-1678
-1390
-992
-621
-330
-63
271
656
975
1131
1158
1168
1211
1215
1057
714
273
-158
-532
-865
-1173
-1431
-1579
-1571
-1395
-1100
-757
-416
-87
233
508
681
720
661
568
481
387
249
52
-182
-418
-642
-851
-1030
-1147
-1191
-1179
-1140
-1082
-985
-820
-514
43
903
1960
3033
4027
4895
5377
4981
3437
1168
-943
-2383
-3411
-4480
-5416
-5491
-4326
-2464
-865
59
711
1652
2854
3708
3698
2979
2232
1974
2038
1807
957
-172
-996
-1374
-1701
-2313
-3014
-3321
-3039
-2424
-1809
-1241
-558
304
1193
1901
2364
2674
2923
3048
2862
2293
1529
834
213
-609
-1764
-2910
-3488
-3323
-2833
-2519
-2398
-2022
-1057
270
1341
1744
1678
1729
2217
2800
2828
2104
1177
714
716
541
-267
-1401
-2169
-2309
-2190
-2252
-2458
-2422
-1916
-1098
-249
517
1249
1942
2465
2713
2731
2621
2365
1833
989
24
-783
-1309
-1666
-2011
-2332
-2450
-2221
-1688
-1074
-590
-258
72
533
1057
1446
1589
1565
1515
1459
1298
943
418
-184
-759
-1244
-1617
-1877
-1994
-1897
-1569
-1102
-638
-248
78
332
445
397
278
212
220
221
142
-5
-153
-236
-237
-220
-318
-620
-1048
-1414
-1573
-1481
-1086
-289
939
2458
4036
5408
6188
5866
4209
1730
-566
-2100
-3223
-4539
-5820
-6037
-4592
-2229
-356
424
801
1712
3099
3967
3597
2390
1427
1307
1611
1521
758
-204
-804
-1038
-1369
-2076
-2913
-3385
-3263
-2757
-2211
-1732
-1116
-147
1075
2151
2768
3006
3164
3283
3071
2359
1428
679
60
-868
-2239
-3517
-4020
-3683
-3091
-2773
-2638
-2159
-1010
528
1786
2317
2312
2375
2812
3211
2905
1824
678
157
127
-146
-1034
-2076
-2570
-2391
-2037
-1928
-1928
-1615
-841
119
926
1499
1968
2399
2705
2755
2525
2081
1487
759
-93
-1013
-1868
-2481
-2723
-2608
-2272
-1826
-1258
-517
299
940
1215
1178
1044
921
725
365
-61
-354
-449
-511
-690
-914
-983
-857
-739
-796
-939
-946
-746
-469
-248
-108
-27
-22
-69
-119
-192
-401
-759
-1070
-1135
-955
-631
-92
842
2182
3717
5225
6480
7026
6279
4125
1240
-1454
-3576
-5259
-6521
-6994
-6368
-4774
-2636
-396
1538
2863
3640
4255
4835
4919
4036
2513
1270
759
499
-173
-1221
-2062
-2407
-2566
-2936
-3474
-3799
-3656
-3093
-2313
-1457
-552
452
1573
2691
3540
3904
3823
3547
3231
2748
1876
621
-727
-1917
-2932
-3833
-4501
-4684
-4300
-3560
-2711
-1792
-702
552
1762
2687
3226
3469
3594
3669
3529
2901
1773
558
-277
-739
-1279
-2171
-3108
-3562
-3415
-3039
-2764
-2488
-1880
-821
487
1748
2774
3507
3945
4097
3955
3489
2676
1551
233
-1110
-2295
-3180
-3703
-3882
-3755
-3328
-2585
-1595
-539
366
1002
1402
1671
1865
1951
1853
1540
1101
696
404
121
-328
-959
-1575
-1987
-2214
-2375
-2438
-2239
-1737
-1127
-605
-150
343
811
1037
921
609
317
116
-57
-247
-432
-584
-681
-672
-463
39
891
2118
3669
5286
6458
6617
5503
3358
782
-1639
-3557
-4894
-5696
-5967
-5564
-4310
-2292
-56
1680
2637
3181
3774
4328
4278
3359
2040
1063
652
383
-203
-1082
-1877
-2333
-2540
-2738
-3008
-3184
-3033
-2510
-1815
-1190
-631
86
1068
2098
2852
3269
3545
3765
3706
3106
2015
739
-517
-1809
-3188
-4422
-5086
-4949
-4185
-3208
-2305
-1425
-321
1093
2511
3409
3556
3283
3141
3269
3230
2585
1487
511
-55
-543
-1395
-2532
-3414
-3654
-3388
-2976
-2513
-1794
-674
676
1910
2829
3466
3864
3910
3431
2452
1244
91
-934
-1881
-2697
-3167
-3153
-2769
-2258
-1741
-1155
-440
283
788
951
846
669
561
520
457
296
58
-161
-308
-463
-772
-1276
-1782
-1995
-1787
-1321
-876
-543
-182
330
870
1149
1015
589
100
-366
-883
-1469
-1944
-2099
-1915
-1510
-848
307
2056
4107
6034
7630
8685
8558
6485
2658
-1426
-4236
-5694
-6908
-8380
-9097
-7750
-4508
-1038
1174
2133
2920
4298
5863
6482
5479
3422
1689
1128
1215
749
-665
-2188
-2874
-2839
-2975
-3681
-4376
-4339
-3629
-2883
-2426
-1898
-815
748
2216
3147
3651
4134
4725
5072
4723
3634
2191
731
-816
-2693
-4724
-6178
-6403
-5579
-4602
-4069
-3562
-2179
199
2525
3646
3563
3354
3854
4719
4953
4115
2767
1758
1284
768
-402
-2131
-3654
-4330
-4262
-4064
-4048
-3854
-2957
-1345
467
2015
3248
4298
5108
5414
5025
3990
2516
826
-895
-2475
-3730
-4483
-4618
-4168
-3336
-2394
-1515
-719
21
628
906
738
268
-153
-242
-6
333
560
602
504
367
279
230
69
-354
-945
-1408
-1513
-1329
-1087
-926
-855
-891
-1033
-1167
-1151
-1041
-1033
-1131
-1054
-602
70
761
1673
3251
5569
8085
9983
10501
9048
5546
935
-3149
-5749
-7458
-9386
-11308
-11499
-8734
-4001
274
2587
3543
4708
6643
8298
8217
6192
3582
1957
1542
1192
-95
-1965
-3273
-3570
-3549
-4022
-4890
-5384
-5057
-4219
-3435
-2817
-1928
-319
1838
3749
4736
4959
5146
5581
5674
4761
3064
1396
60
-1464
-3579
-5753
-6991
-6927
-6124
-5344
-4735
-3808
-2052
405
2723
4011
4220
4232
4854
5793
5982
4928
3373
2370
1961
1181
-671
-3122
-5054
-5876
-5932
-5833
-5686
-5081
-3675
-1605
666
2754
4526
5969
6977
7321
6802
5419
3401
1086
-1239
-3390
-5192
-6401
-6771
-6272
-5146
-3755
-2330
-932
381
1448
2102
2335
2254
1928
1402
849
543
534
528
222
-258
-522
-457
-418
-734
-1244
-1519
-1413
-1206
-1200
-1380
-1519
-1460
-1235
-985
-830
-748
-574
-210
204
459
649
1203
2438
4266
6432
8736
10695
11191
9101
4603
-531
-4412
-6721
-8579
-10695
-12066
-10916
-6852
-1702
2043
3583
4326
5985
8374
9526
8015
4739
1995
995
800
-142
-1996
-3493
-3674
-3041
-2838
-3556
-4500
-4710
-4003
-3033
-2456
-2177
-1468
168
2310
3962
4604
4706
4987
5391
5146
3860
2097
613
-641
-2321
-4545
-6434
-6980
-6159
-4908
-4093
-3653
-2781
-877
1651
3586
4064
3542
3366
4184
5107
4782
3149
1547
996
961
232
-1373
-2819
-3271
-3058
-2999
-3259
-3290
-2700
-1688
-649
323
1395
2626
3804
4548
4573
3895
2821
1654
408
-1057
-2614
-3767
-4107
-3756
-3180
-2654
-2059
-1240
-326
356
589
403
-8
-395
-560
-476
-289
-117
124
586
1194
1650
1741
1555
1296
973
429
-368
-1194
-1765
-2013
-2103
-2215
-2348
-2307
-1933
-1315
-776
-544
-499
-315
157
776
1446
2363
3859
6035
8560
10639
11095
8950
4435
-691
-4491
-6711
-8753
-11412
-13232
-11950
-7454
-2342
844
2235
3871
6699
9271
9538
7282
4282
2341
1611
928
-558
-2373
-3352
-3081
-2453
-2672
-3893
-5083
-5232
-4409
-3480
-3004
-2636
-1621
327
2663
4451
5173
5136
5048
5154
4979
3985
2333
646
-859
-2562
-4604
-6270
-6641
-5736
-4597
-4073
-3843
-2859
-642
2037
3834
4098
3491
3264
3914
4649
4329
2849
1305
662
613
111
-1158
-2368
-2675
-2295
-2062
-2269
-2412
-2079
-1536
-1213
-986
-372
711
1795
2495
2946
3406
3703
3370
2268
794
-552
-1620
-2529
-3313
-3804
-3824
-3361
-2566
-1663
-864
-284
80
241
144
-214
-594
-620
-151
536
1061
1354
1629
1966
2140
1909
1324
606
-180
-1107
-2106
-2889
-3259
-3333
-3291
-3045
-2385
-1400
-515
-16
271
670
1210
1758
2512
4018
6514
9409
11541
11876
9987
6202
1583
-2527
-5444
-7662
-9969
-11953
-11969
-9076
-4532
-668
1635
3579
6343
9157
10109
8522
5708
3376
1939
678
-952
-2664
-3774
-3910
-3321
-2741
-2830
-3520
-3979
-3535
-2568
-2070
-2268
-2176
-846
1339
3084
3762
3955
4389
4877
4721
3769
2568
1528
407
-1209
-3205
-4920
-5713
-5472
-4650
-3916
-3573
-3203
-2059
-22
1990
2884
2667
2462
3122
4170
4438
3556
2316
1590
1297
729
-374
-1469
-1930
-1766
-1500
-1541
-1880
-2309
-2662
-2793
-2533
-1841
-928
-42
836
1903
3101
3957
4031
3368
2373
1301
106
-1261
-2614
-3678
-4300
-4413
-3982
-3113
-2113
-1237
-501
162
625
689
426
194
224
425
635
880
1240
1602
1749
1613
1283
794
116
-671
-1373
-1906
-2361
-2805
-3108
-3100
-2784
-2280
-1667
-1016
-454
28
774
2248
4531
7199
9737
11762
12704
11676
8183
3014
-2096
-5973
-8856
-11425
-13276
-13019
-10029
-5561
-1608
1113
3523
6481
9327
10504
9356
6818
4318
2437
823
-954
-2782
-4158
-4621
-4118
-3170
-2629
-2912
-3465
-3334
-2406
-1644
-1797
-2235
-1675
117
2016
3068
3630
4527
5615
5878
4867
3246
1752
221
-1884
-4340
-6149
-6582
-5886
-4856
-4013
-3298
-2331
-856
930
2381
2916
2649
2350
2613
3183
3333
2803
2093
1750
1660
1255
276
-905
-1746
-2089
-2168
-2217
-2224
-2081
-1793
-1475
-1177
-802
-236
486
1195
1763
2202
2569
2813
2735
2170
1161
-14
-1035
-1767
-2316
-2830
-3267
-3395
-3056
-2378
-1651
-1051
-575
-219
-58
-61
-5
275
627
768
706
791
1263
1876
2138
1836
1184
464
-300
-1237
-2291
-3125
-3435
-3256
-2866
-2433
-1862
-1058
-212
334
448
349
402
892
2000
3818
6257
8927
11076
11712
10052
6218
1489
-2539
-5322
-7618
-10079
-11905
-11498
-8477
-4437
-1299
723
2957
6170
9272
10399
8980
6262
3862
2207
583
-1567
-3795
-5117
-5086
-4222
-3450
-3243
-3291
-2960
-2039
-1046
-697
-1048
-1319
-750
515
1656
2273
2793
3648
4475
4547
3792
2832
1975
729
-1415
-4041
-6060
-6773
-6388
-5549
-4662
-3679
-2312
-422
1643
3110
3443
2993
2711
3058
3474
3152
2115
1182
881
859
461
-377
-1162
-1562
-1744
-1950
-2088
-1971
-1730
-1694
-1838
-1690
-938
103
838
1131
1404
1998
2683
2938
2532
1658
624
-377
-1254
-1988
-2651
-3280
-3694
-3607
-2988
-2135
-1336
-620
54
557
754
769
843
968
918
665
518
713
1065
1207
1020
667
273
-226
-871
-1518
-1969
-2172
-2193
-2087
-1866
-1586
-1323
-1071
-737
-277
186
520
851
1568
3004
5137
7623
9892
11096
10232
6932
2216
-2063
-4916
-7028
-9411
-11536
-11613
-8846
-4664
-1234
827
2645
5215
7957
9369
8631
6365
3889
2017
572
-1050
-2957
-4498
-4956
-4369
-3519
-3101
-3063
-2835
-2090
-1173
-744
-1003
-1370
-1048
74
1307
2041
2487
3201
4098
4439
3870
2897
2064
1096
-632
-3017
-5119
-6153
-6160
-5640
-4932
-4067
-2913
-1294
719
2539
3372
3130
2673
2808
3264
3129
2163
1156
850
1024
924
286
-480
-966
-1220
-1474
-1741
-1891
-1918
-1961
-2030
-1922
-1453
-694
93
726
1245
1755
2248
2578
2589
2193
1399
361
-652
-1435
-2030
-2605
-3155
-3436
-3265
-2748
-2120
-1467
-763
-73
446
753
940
1053
1045
973
1019
1196
1219
833
235
-100
-6
149
-96
-769
-1498
-1985
-2249
-2420
-2462
-2224
-1694
-1077
-581
-246
-28
104
279
866
2273
4553
7277
9751
11208
10881
8376
4300
169
-2843
-5013
-7426
-10122
-11531
-10190
-6644
-2972
-492
1408
3939
7001
9112
9067
7172
4764
2828
1303
-373
-2317
-3913
-4462
-3989
-3274
-3036
-3215
-3167
-2496
-1535
-931
-896
-974
-587
324
1291
1929
2375
2970
3636
3865
3385
2517
1678
748
-700
-2628
-4326
-5114
-4960
-4351
-3726
-3180
-2520
-1442
121
1673
2412
2129
1622
1819
2566
2804
2051
1114
979
1468
1565
872
57
-214
-160
-388
-964
-1457
-1691
-1941
-2347
-2595
-2340
-1665
-905
-194
577
1457
2313
2966
3288
3131
2398
1216
-67
-1152
-2014
-2760
-3387
-3750
-3721
-3280
-2497
-1537
-647
-13
400
764
1114
1280
1137
839
652
647
658
556
417
363
352
193
-245
-893
-1534
-1980
-2212
-2346
-2452
-2414
-2062
-1428
-785
-362
-91
281
920
1837
3055
4691
6776
8998
10548
10341
7716
3235
-1392
-4661
-6620
-8438
-10470
-11344
-9543
-5556
-1583
974
2889
5507
8458
9892
8789
6182
3804
2242
860
-889
-2750
-4107
-4596
-4230
-3357
-2607
-2448
-2644
-2458
-1649
-922
-985
-1461
-1250
31
1537
2329
2516
2870
3601
4072
3723
2757
1705
646
-767
-2607
-4311
-5140
-4882
-4042
-3334
-2991
-2551
-1396
424
2037
2596
2217
1860
2177
2761
2733
1945
1180
1122
1497
1504
869
101
-278
-373
-599
-1042
-1449
-1745
-2136
-2635
-2822
-2332
-1372
-476
174
871
1803
2676
3051
2875
2410
1790
899
-285
-1492
-2414
-3000
-3372
-3548
-3405
-2887
-2122
-1306
-583
-36
311
536
760
1019
1190
1154
955
757
665
669
739
848
860
521
-282
-1308
-2120
-2517
-2659
-2742
-2680
-2280
-1624
-1077
-876
-890
-806
-392
494
1974
4030
6421
8783
10665
11331
9887
6096
1039
-3556
-6840
-9284
-11403
-12528
-11466
-8214
-4298
-1176
1203
3831
6947
9450
10054
8632
6223
3909
1967
54
-2043
-3990
-5147
-5119
-4158
-3061
-2565
-2689
-2741
-2152
-1241
-878
-1315
-1715
-1116
354
1701
2374
2838
3673
4613
4898
4285
3171
1805
-41
-2421
-4696
-6001
-6097
-5482
-4728
-3977
-3002
-1568
272
2057
3143
3229
2736
2412
2518
2565
2061
1275
953
1300
1626
1181
109
-748
-928
-844
-1098
-1671
-2068
-2072
-1939
-1874
-1702
-1200
-462
268
938
1618
2215
2544
2592
2459
2075
1228
-33
-1294
-2180
-2694
-3034
-3234
-3174
-2823
-2277
-1606
-845
-124
380
646
825
1011
1106
1000
768
610
636
804
1002
1105
1000
633
68
-550
-1134
-1662
-2091
-2293
-2180
-1852
-1523
-1284
-1028
-690
-447
-455
-372
545
2693
5604
8401
10538
11730
11359
8720
4177
-566
-3994
-6299
-8646
-11056
-11922
-10021
-6248
-2641
-107
2120
4832
7519
8965
8630
6989
4834
2691
779
-880
-2363
-3618
-4332
-4227
-3522
-2831
-2514
-2333
-1906
-1302
-986
-1160
-1432
-1236
-476
447
1204
1911
2794
3679
4094
3881
3349
2715
1671
-156
-2482
-4429
-5345
-5311
-4801
-4136
-3339
-2297
-903
749
2176
2758
2422
1875
1826
2119
2025
1358
800
948
1467
1571
1059
433
74
-209
-716
-1346
-1789
-1997
-2165
-2338
-2304
-1901
-1224
-467
282
1010
1659
2147
2435
2485
2190
1480
497
-451
-1173
-1746
-2304
-2765
-2891
-2617
-2171
-1818
-1564
-1215
-689
-141
247
492
757
1105
1396
1443
1243
982
833
780
670
387
-48
-563
-1108
-1649
-2119
-2431
-2536
-2450
-2237
-1975
-1718
-1487
-1260
-972
-477
482
2132
4440
7067
9564
11454
12042
10489
6560
1304
-3526
-6991
-9527
-11694
-12833
-11664
-8138
-3865
-423
2184
4849
7655
9553
9677
8283
6195
3892
1488
-793
-2621
-3909
-4735
-4979
-4445
-3400
-2562
-2321
-2274
-1866
-1260
-1112
-1520
-1695
-935
453
1586
2211
2895
4012
5027
5146
4338
3198
1965
210
-2290
-4837
-6373
-6522
-5818
-4970
-4190
-3197
-1638
473
2528
3645
3469
2679
2308
2535
2512
1617
428
32
606
1212
1020
241
-346
-425
-384
-692
-1365
-2053
-2413
-2344
-1975
-1522
-1086
-570
187
1162
2072
2589
2612
2296
1831
1250
469
-501
-1455
-2153
-2527
-2667
-2638
-2420
-2035
-1624
-1280
-905
-382
169
473
480
469
681
971
1032
868
804
1030
1295
1233
806
273
-194
-687
-1311
-1971
-2474
-2721
-2719
-2443
-1882
-1154
-503
-134
-71
-125
80
989
2864
5545
8465
10873
11990
11149
8170
3738
-862
-4697
-7736
-10223
-11726
-11317
-8811
-5302
-2134
429
3039
5949
8364
9268
8505
6763
4728
2602
384
-1711
-3305
-4154
-4271
-3869
-3253
-2730
-2409
-2108
-1610
-1042
-829
-1133
-1488
-1246
-326
714
1445
2095
3074
4177
4693
4293
3412
2532
1405
-563
-3235
-5503
-6307
-5682
-4585
-3805
-3259
-2312
-605
1478
3073
3571
3147
2574
2410
2436
2050
1177
484
558
1117
1331
838
102
-284
-330
-504
-1067
-1775
-2225
-2239
-1947
-1590
-1294
-948
-296
736
1824
2504
2661
2575
2437
2041
1148
-34
-999
-1550
-1955
-2447
-2822
-2742
-2261
-1794
-1601
-1515
-1241
-741
-212
207
559
928
1302
1611
1831
1954
1928
1670
1188
580
-60
-710
-1340
-1857
-2190
-2387
-2528
-2591
-2468
-2148
-1747
-1348
-909
-416
78
675
1750
3619
6146
8787
10914
11863
10873
7549
2602
-2344
-6110
-8843
-11134
-12554
-11834
-8639
-4397
-863
1700
4264
7189
9440
9818
8399
6275
4216
2147
-166
-2458
-4160
-4984
-5001
-4391
-3409
-2473
-1939
-1706
-1379
-929
-861
-1436
-2014
-1657
-313
1106
1957
2633
3732
4912
5216
4383
3136
2024
619
-1694
-4538
-6700
-7352
-6690
-5445
-4136
-2862
-1448
332
2365
3965
4375
3659
2741
2326
2093
1359
264
-284
156
939
1171
750
230
-46
-268
-665
-1166
-1613
-1999
-2284
-2239
-1720
-961
-357
53
606
1465
2273
2544
2232
1682
1107
403
-492
-1310
-1750
-1856
-1922
-2028
-1968
-1646
-1337
-1363
-1656
-1807
-1546
-991
-437
10
460
1004
1559
1964
2146
2116
1882
1431
788
43
-707
-1408
-2028
-2517
-2813
-2881
-2723
-2366
-1878
-1356
-886
-492
-169
122
521
1312
2783
4973
7589
10063
11581
11203
8380
3643
-1472
-5553
-8351
-10416
-11785
-11584
-9207
-5425
-1799
940
3353
6075
8635
9863
9221
7276
4935
2619
313
-1903
-3711
-4811
-5122
-4738
-3906
-3025
-2420
-2048
-1601
-1015
-684
-914
-1363
-1308
-478
654
1563
2312
3271
4388
5091
4951
4104
2879
1270
-945
-3611
-5960
-7150
-6975
-5971
-4825
-3717
-2288
-246
2078
3858
4491
4117
3396
2805
2274
1513
571
-74
-38
479
840
643
109
-249
-280
-325
-739
-1441
-2017
-2151
-1828
-1229
-594
-99
282
755
1392
1888
1871
1416
988
768
396
-432
-1362
-1774
-1617
-1441
-1579
-1720
-1499
-1132
-1113
-1468
-1698
-1495
-1094
-834
-621
-127
662
1403
1857
2118
2306
2271
1788
929
23
-712
-1311
-1846
-2258
-2468
-2509
-2454
-2292
-1991
-1598
-1196
-816
-458
-130
249
936
2194
4061
6357
8787
10753
11176
9069
4604
-643
-4965
-7926
-10154
-11853
-12164
-10265
-6661
-2843
237
2866
5676
8433
10068
9786
7870
5338
2967
819
-1338
-3377
-4757
-5083
-4562
-3800
-3229
-2817
-2280
-1493
-724
-444
-874
-1601
-1828
-1118
170
1334
2159
3000
4064
4950
5103
4467
3367
1877
-239
-2928
-5469
-6983
-7163
-6388
-5221
-3951
-2524
-756
1342
3312
4440
4381
3582
2826
2362
1745
686
-330
-562
-12
533
486
103
-48
64
-30
-577
-1295
-1809
-2021
-1959
-1571
-899
-242
181
547
1136
1792
2030
1703
1191
825
437
-264
-1126
-1694
-1813
-1745
-1691
-1560
-1273
-1040
-1113
-1396
-1556
-1436
-1176
-936
-657
-192
440
1055
1498
1750
1848
1784
1524
1097
565
-49
-755
-1492
-2103
-2463
-2576
-2513
-2292
-1906
-1428
-987
-663
-469
-379
-257
246
1499
3536
6018
8540
10656
11539
10101
6087
903
-3352
-5924
-7903
-10291
-12167
-11584
-8152
-3774
-473
1758
4268
7389
9726
9893
8140
5794
3638
1471
-923
-3105
-4484
-4967
-4813
-4178
-3174
-2160
-1533
-1235
-906
-561
-686
-1426
-2089
-1835
-717
477
1335
2255
3597
4873
5260
4648
3656
2573
892
-1789
-4792
-6796
-7186
-6521
-5659
-4770
-3432
-1422
901
2910
4103
4312
3774
3019
2416
1833
941
-97
-609
-263
398
578
211
-83
37
166
-202
-967
-1624
-1920
-1980
-1904
-1598
-1042
-410
178
797
1480
2032
2226
2067
1700
1133
298
-668
-1423
-1766
-1827
-1812
-1734
-1506
-1230
-1157
-1365
-1605
-1589
-1317
-1006
-750
-387
257
1080
1787
2183
2312
2281
2060
1545
744
-194
-1094
-1850
-2410
-2750
-2875
-2806
-2537
-2080
-1542
-1065
-686
-334
14
294
594
1281
2731
4981
7665
10129
11427
10533
7143
2366
-1951
-4921
-7290
-9946
-12161
-12094
-9119
-4830
-1301
1106
3546
6623
9362
10359
9317
7079
4544
2056
-340
-2519
-4242
-5254
-5341
-4529
-3279
-2255
-1755
-1473
-1014
-525
-568
-1309
-2103
-2109
-1196
10
1011
1999
3318
4673
5336
5052
4269
3279
1676
-961
-4090
-6462
-7337
-7039
-6267
-5274
-3894
-2021
193
2392
4031
4561
3975
2997
2361
1979
1234
76
-691
-466
273
581
245
-101
-13
169
-78
-711
-1287
-1617
-1844
-1980
-1781
-1174
-479
-6
369
962
1735
2274
2302
1940
1397
681
-195
-971
-1372
-1499
-1673
-1915
-1919
-1602
-1354
-1506
-1816
-1796
-1396
-997
-765
-398
337
1187
1738
1948
2079
2212
2125
1648
869
-24
-918
-1702
-2237
-2507
-2654
-2744
-2618
-2122
-1399
-771
-388
-185
-144
-315
-521
-228
1041
3251
5928
8572
10724
11683
10601
7230
2498
-2099
-5759
-8748
-11336
-12763
-11833
-8527
-4409
-1060
1526
4429
7882
10577
11083
9419
6782
4111
1506
-1108
-3394
-4914
-5543
-5368
-4497
-3241
-2163
-1561
-1128
-506
-12
-301
-1288
-2005
-1743
-850
-45
699
1985
3830
5344
5739
5192
4332
3205
1266
-1649
-4754
-6930
-7694
-7372
-6524
-5391
-3880
-1856
557
2844
4267
4434
3749
3093
2865
2530
1452
8
-649
-40
894
912
12
-712
-622
-305
-582
-1380
-2002
-2142
-2058
-1885
-1408
-587
219
780
1323
2039
2597
2546
1956
1294
712
-28
-962
-1696
-1949
-1948
-2033
-2124
-1929
-1498
-1190
-1151
-1142
-962
-737
-656
-656
-504
-121
391
922
1421
1824
2048
2058
1841
1354
593
-321
-1192
-1921
-2528
-3027
-3313
-3236
-2730
-1913
-1064
-454
-129
89
345
620
919
1508
2756
4796
7361
9806
11127
10258
6925
2262
-1932
-4860
-7230
-9757
-11660
-11364
-8570
-4826
-1767
590
3284
6572
9319
10232
9138
6894
4408
2073
-106
-2155
-3941
-5138
-5382
-4646
-3432
-2426
-1889
-1515
-997
-540
-599
-1190
-1724
-1629
-932
-41
888
2058
3489
4709
5190
4923
4275
3336
1743
-735
-3604
-5901
-7008
-7040
-6487
-5629
-4359
-2502
-192
2039
3537
3981
3671
3256
3081
2845
2083
920
100
98
484
441
-182
-747
-793
-683
-1008
-1692
-2126
-2057
-1805
-1606
-1227
-458
407
965
1294
1724
2201
2304
1880
1264
732
162
-590
-1300
-1661
-1757
-1898
-2097
-2058
-1688
-1297
-1159
-1157
-1039
-817
-659
-536
-242
247
711
1019
1311
1699
2002
1958
1572
1068
524
-204
-1159
-2097
-2720
-2976
-3004
-2859
-2482
-1879
-1194
-559
-7
420
612
588
679
1359
2874
5088
7656
10039
11328
10465
7155
2511
-1699
-4693
-7178
-9890
-12046
-11939
-9071
-4984
-1576
879
3488
6771
9671
10680
9443
6918
4252
1881
-332
-2492
-4333
-5375
-5322
-4352
-3046
-1987
-1380
-1064
-848
-761
-987
-1560
-2155
-2245
-1544
-275
1090
2341
3572
4718
5373
5242
4517
3468
1873
-644
-3717
-6189
-7215
-7042
-6428
-5630
-4317
-2307
52
2188
3641
4161
3859
3267
2913
2707
2125
1083
255
218
640
711
201
-386
-653
-813
-1233
-1843
-2284
-2388
-2232
-1851
-1173
-266
617
1287
1779
2204
2524
2568
2214
1499
591
-321
-1105
-1708
-2113
-2304
-2276
-2075
-1791
-1524
-1329
-1166
-925
-542
-121
117
73
-90
-102
149
556
976
1346
1642
1785
1675
1268
623
-136
-890
-1552
-2079
-2428
-2554
-2436
-2136
-1760
-1379
-1006
-637
-289
-5
193
368
766
1779
3707
6435
9306
11278
11346
9087
5080
676
-3009
-5936
-8737
-11323
-12409
-10848
-7226
-3440
-624
1871
5098
8644
10809
10498
8306
5615
3173
874
-1452
-3555
-4993
-5480
-4963
-3671
-2193
-1205
-918
-911
-751
-625
-1058
-2029
-2740
-2450
-1278
102
1342
2624
4007
5065
5383
5049
4335
3100
952
-1977
-4810
-6632
-7226
-6978
-6295
-5259
-3749
-1709
622
2624
3632
3576
3150
3076
3240
2911
1838
733
401
705
813
309
-359
-648
-689
-1016
-1740
-2410
-2645
-2549
-2343
-1886
-897
454
1572
2128
2420
2831
3185
2964
2065
955
58
-671
-1421
-2103
-2497
-2619
-2621
-2459
-1970
-1267
-707
-448
-287
-65
81
-4
-163
-145
17
139
270
625
1143
1439
1296
955
710
431
-212
-1182
-2023
-2417
-2520
-2619
-2654
-2302
-1487
-566
54
316
414
431
259
-33
2
894
2785
5344
8017
10121
10777
9257
5725
1452
-2200
-5002
-7680
-10393
-11941
-10964
-7724
-4033
-1251
1059
4090
7758
10402
10553
8496
5772
3467
1452
-808
-3202
-4978
-5544
-4985
-3861
-2721
-1832
-1194
-682
-289
-248
-790
-1732
-2421
-2291
-1398
-249
851
2037
3424
4688
5360
5322
4742
3577
1563
-1198
-3969
-5925
-6835
-6988
-6628
-5723
-4211
-2213
0
2025
3349
3716
3500
3385
3515
3293
2295
1027
360
397
435
15
-524
-747
-831
-1201
-1800
-2215
-2347
-2443
-2469
-1972
-769
628
1583
2069
2497
2974
3158
2789
2038
1178
246
-805
-1817
-2543
-2922
-3054
-2954
-2535
-1846
-1119
-523
-22
439
748
733
414
7
-284
-391
-317
-74
271
611
908
1205
1474
1505
1074
212
-762
-1535
-2060
-2480
-2844
-2978
-2693
-2031
-1262
-636
-189
214
638
967
1083
1140
1614
2996
5354
8144
10345
10894
9247
5810
1760
-1826
-4786
-7613
-10297
-11769
-10922
-8033
-4621
-1770
895
4175
7662
9845
9806
8214
6340
4597
2513
-127
-2724
-4472
-5107
-4867
-4080
-3063
-2197
-1715
-1436
-1024
-555
-533
-1192
-1983
-2079
-1279
-144
804
1688
2880
4242
5169
5301
4822
3917
2303
-280
-3338
-5796
-6992
-7184
-6974
-6490
-5355
-3314
-697
1741
3300
3809
3741
3754
3979
3872
2963
1601
645
427
387
-101
-906
-1424
-1473
-1482
-1830
-2354
-2640
-2533
-2124
-1447
-477
612
1500
2069
2520
3006
3325
3130
2366
1309
213
-851
-1836
-2586
-2999
-3161
-3161
-2880
-2159
-1149
-247
311
646
905
963
615
-42
-629
-872
-791
-522
-124
357
821
1178
1398
1422
1104
406
-469
-1253
-1899
-2527
-3110
-3363
-3043
-2236
-1282
-461
165
635
936
996
821
610
742
1606
3377
5862
8449
10168
10046
7754
4051
334
-2577
-5074
-7875
-10589
-11649
-10020
-6569
-3192
-706
1767
5113
8545
10244
9451
7230
5032
3131
912
-1754
-4073
-5254
-5278
-4610
-3603
-2487
-1573
-1056
-767
-485
-419
-927
-1802
-2277
-1908
-1052
-195
764
2170
3815
5023
5492
5517
5223
4088
1622
-1713
-4714
-6560
-7363
-7624
-7452
-6515
-4593
-1960
710
2723
3760
4059
4180
4417
4460
3776
2400
1052
390
267
9
-656
-1284
-1419
-1271
-1405
-1949
-2469
-2590
-2347
-1865
-1048
144
1386
2299
2924
3524
4015
3947
3123
1890
667
-484
-1657
-2732
-3469
-3821
-3827
-3379
-2379
-1107
-69
536
936
1303
1419
1016
207
-594
-1088
-1255
-1178
-909
-480
108
860
1649
2136
2001
1273
315
-590
-1463
-2403
-3248
-3641
-3382
-2619
-1681
-794
0
732
1316
1540
1237
515
-206
-368
449
2334
5008
7854
10035
10703
9365
6278
2453
-1005
-3782
-6396
-9153
-11203
-11127
-8573
-4853
-1565
1041
3867
7248
10054
10780
9148
6267
3400
957
-1321
-3535
-5269
-5937
-5351
-3938
-2445
-1424
-915
-621
-363
-324
-811
-1789
-2727
-2987
-2363
-1184
120
1470
3029
4735
6144
6768
6392
4980
2528
-721
-4046
-6566
-7886
-8257
-8018
-7138
-5405
-2877
-13
2550
4298
5088
5240
5205
4990
4131
2454
639
-391
-527
-503
-816
-1134
-1008
-692
-802
-1419
-2032
-2291
-2329
-2252
-1826
-877
342
1489
2552
3621
4410
4459
3732
2639
1422
-65
-1838
-3412
-4261
-4407
-4206
-3730
-2731
-1220
301
1344
1858
2020
1815
1135
108
-877
-1539
-1869
-1920
-1632
-922
124
1245
2128
2510
2300
1648
835
-39
-1104
-2413
-3611
-4147
-3817
-2961
-2031
-1108
10
1315
2357
2625
2034
949
-152
-932
-1126
-454
1250
3829
6752
9242
10400
9527
6634
2643
-1244
-4545
-7569
-10360
-11952
-11197
-8266
-4672
-1600
1249
4681
8296
10502
10286
8309
5952
3776
1437
-1207
-3568
-4964
-5301
-4877
-3945
-2744
-1715
-1191
-989
-687
-365
-615
-1646
-2734
-2931
-2127
-984
59
1294
3038
4941
6273
6677
6229
4897
2445
-955
-4449
-7100
-8589
-9103
-8729
-7346
-5031
-2238
524
2941
4750
5701
5838
5540
5015
3965
2138
89
-1149
-1229
-907
-1023
-1470
-1556
-1136
-829
-1112
-1748
-2265
-2548
-2657
-2373
-1370
233
1883
3179
4130
4793
4956
4365
3064
1320
-629
-2555
-4120
-5001
-5152
-4728
-3813
-2416
-745
765
1776
2260
2313
1918
1062
-30
-967
-1499
-1639
-1489
-1093
-471
298
1062
1649
1904
1746
1203
368
-649
-1706
-2599
-3141
-3263
-2990
-2345
-1360
-194
887
1663
2020
1892
1281
381
-471
-1040
-1257
-981
112
2233
5128
8129
10383
11017
9407
5777
1377
-2429
-5367
-8083
-10678
-11982
-10766
-7387
-3594
-684
1627
4314
7410
9702
9962
8185
5507
3055
1075
-841
-2878
-4583
-5315
-4939
-3947
-2998
-2405
-2016
-1473
-690
-116
-378
-1483
-2553
-2635
-1695
-480
562
1755
3443
5212
6254
6271
5524
4114
1768
-1502
-4946
-7539
-8747
-8682
-7703
-6098
-4035
-1597
1078
3568
5241
5749
5401
4787
4054
2882
1205
-351
-1038
-822
-369
-241
-384
-483
-553
-908
-1647
-2455
-2955
-3020
-2668
-1812
-425
1200
2621
3689
4569
5221
5174
4051
2124
100
-1590
-2984
-4130
-4799
-4783
-4201
-3307
-2186
-856
450
1372
1798
1888
1751
1302
544
-238
-728
-905
-948
-922
-728
-340
85
385
522
490
238
-247
-848
-1398
-1789
-1947
-1802
-1367
-803
-297
132
573
993
1180
982
500
-33
-503
-940
-1299
-1327
-698
763
2998
5756
8514
10398
10423
8198
4420
432
-2890
-5668
-8300
-10406
-10920
-9309
-6336
-3340
-882
1565
4587
7742
9748
9665
7797
5343
3216
1329
-886
-3439
-5479
-6123
-5381
-4069
-2944
-2131
-1364
-547
54
86
-503
-1335
-1866
-1819
-1361
-756
78
1434
3251
4915
5792
5759
4989
3449
950
-2252
-5300
-7321
-8071
-7837
-6922
-5395
-3282
-769
1785
3903
5146
5381
4933
4300
3641
2701
1319
-123
-980
-1047
-793
-810
-1171
-1499
-1562
-1560
-1771
-2114
-2259
-2029
-1493
-698
404
1708
2860
3577
3911
4024
3799
2963
1540
-51
-1428
-2562
-3563
-4347
-4670
-4402
-3596
-2366
-910
419
1289
1680
1852
1943
1770
1156
279
-494
-997
-1324
-1483
-1322
-833
-326
-82
-5
176
420
368
-141
-791
-1171
-1260
-1320
-1427
-1347
-908
-289
190
407
470
473
403
231
-37
-413
-845
-1040
-501
1102
3617
6487
9003
10412
10036
7689
4103
554
-2238
-4702
-7528
-10284
-11417
-9910
-6571
-3189
-565
2042
5386
8745
10466
9771
7478
4917
2617
290
-2269
-4678
-6253
-6530
-5538
-3816
-2153
-1053
-398
214
750
673
-322
-1716
-2616
-2653
-2130
-1326
-68
1820
3931
5529
6258
6273
5616
3902
901
-2764
-5877
-7628
-8113
-7833
-7000
-5494
-3277
-601
2098
4288
5475
5556
5052
4593
4135
3013
1044
-857
-1582
-1192
-809
-1143
-1699
-1686
-1200
-990
-1336
-1758
-1810
-1596
-1317
-794
208
1467
2513
3235
3844
4298
4155
3157
1642
120
-1274
-2694
-4061
-4996
-5223
-4770
-3772
-2320
-649
833
1859
2524
2959
2982
2321
1139
1
-743
-1267
-1812
-2211
-2100
-1481
-751
-198
248
695
978
850
354
-212
-632
-928
-1175
-1321
-1267
-1003
-604
-127
410
939
1283
1252
790
32
-787
-1444
-1711
-1285
111
2494
5480
8386
10376
10649
8829
5411
1593
-1692
-4546
-7524
-10334
-11612
-10348
-7145
-3616
-671
2071
5132
8014
9539
9133
7334
5076
2815
478
-1972
-4163
-5506
-5644
-4719
-3283
-1959
-1081
-571
-183
87
-84
-901
-1984
-2587
-2359
-1674
-987
-102
1543
3873
5917
6777
6475
5523
3949
1351
-2126
-5415
-7440
-8065
-7841
-7083
-5635
-3401
-707
1935
4100
5459
5853
5480
4774
3888
2575
818
-743
-1395
-1244
-1072
-1304
-1556
-1363
-908
-694
-817
-988
-1121
-1388
-1667
-1445
-463
854
1942
2754
3564
4284
4410
3671
2357
885
-655
-2324
-3934
-5078
-5498
-5189
-4240
-2768
-1019
637
1947
2871
3404
3410
2736
1489
77
-1069
-1771
-2099
-2163
-1998
-1630
-1136
-564
99
771
1176
1039
460
-127
-418
-540
-763
-1031
-1005
-533
100
494
539
425
336
246
7
-463
-1067
-1567
-1721
-1404
-593
766
2781
5422
8242
10312
10586
8582
4896
925
-2219
-4635
-7195
-10023
-11741
-10758
-7262
-3292
-552
1382
4028
7523
10025
9832
7392
4620
2662
1049
-1002
-3288
-4938
-5468
-5045
-4000
-2662
-1527
-1024
-990
-846
-469
-482
-1356
-2519
-2857
-1950
-389
1162
2668
4314
5838
6677
6575
5643
3878
1111
-2402
-5677
-7656
-8078
-7530
-6644
-5459
-3594
-916
2077
4499
5705
5747
5216
4597
3805
2485
710
-846
-1548
-1458
-1165
-1062
-1052
-917
-704
-605
-683
-906
-1289
-1779
-2051
-1715
-747
457
1549
2525
3488
4274
4522
4016
2827
1154
-773
-2678
-4261
-5317
-5720
-5335
-4116
-2335
-531
916
2052
3038
3686
3554
2508
1013
-276
-1108
-1688
-2208
-2534
-2405
-1811
-1020
-296
277
693
875
782
553
403
349
195
-154
-488
-534
-319
-142
-171
-265
-235
-156
-253
-558
-832
-845
-642
-453
-403
-324
130
1224
3023
5397
7947
9863
10095
8083
4472
787
-1937
-4073
-6626
-9536
-11252
-10338
-7209
-3722
-1101
1210
4284
7797
10021
9749
7607
5152
3105
1016
-1506
-3923
-5352
-5540
-4922
-3980
-2978
-2144
-1602
-1129
-449
133
-133
-1360
-2516
-2460
-1236
174
1272
2526
4299
5978
6632
6075
4744
2781
-26
-3379
-6219
-7685
-7909
-7527
-6715
-5150
-2744
54
2647
4627
5729
5860
5282
4440
3427
1979
158
-1284
-1626
-1092
-584
-594
-780
-692
-437
-417
-728
-1165
-1606
-2009
-2123
-1603
-481
782
1818
2686
3521
4101
4018
3177
1873
397
-1163
-2710
-3952
-4582
-4569
-4088
-3236
-1987
-434
1071
2098
2470
2362
2049
1638
1038
193
-739
-1474
-1861
-1976
-1955
-1788
-1348
-640
102
593
781
865
1026
1168
1013
438
-320
-885
-1113
-1186
-1305
-1397
-1213
-682
-34
416
563
490
294
-5
-399
-832
-1167
-1127
-305
1603
4454
7527
9794
10362
8898
5845
2241
-974
-3683
-6443
-9395
-11476
-11220
-8419
-4581
-1389
1004
3650
6935
9640
10202
8505
5876
3483
1302
-1183
-3774
-5565
-5975
-5317
-4280
-3231
-2201
-1232
-427
160
435
158
-728
-1702
-1970
-1277
-109
1017
2137
3464
4754
5443
5286
4447
2971
671
-2273
-5002
-6643
-7118
-6957
-6463
-5375
-3412
-788
1888
4029
5277
5571
5180
4512
3660
2342
503
-1201
-1911
-1568
-1019
-969
-1203
-1098
-594
-221
-330
-735
-1144
-1518
-1808
-1725
-1067
-67
883
1736
2686
3634
4097
3732
2714
1440
99
-1306
-2661
-3683
-4163
-4091
-3576
-2746
-1727
-619
520
1607
2442
2795
2576
1897
972
41
-705
-1225
-1643
-2030
-2201
-1872
-1077
-237
290
574
878
1219
1344
1103
629
126
-335
-775
-1188
-1532
-1730
-1647
-1202
-550
-12
270
459
707
846
581
-94
-854
-1371
-1480
-1024
220
2313
4962
7578
9384
9555
7657
4180
365
-2871
-5650
-8412
-10666
-11102
-9141
-5832
-2720
-169
2589
5859
8650
9678
8748
6738
4481
2161
-276
-2635
-4524
-5665
-5900
-5180
-3725
-2114
-896
-131
498
1080
1212
517
-752
-1813
-2078
-1596
-757
223
1384
2682
3831
4524
4641
4129
2836
693
-1932
-4296
-5800
-6400
-6392
-5898
-4701
-2626
46
2602
4331
4967
4802
4340
3791
2880
1311
-613
-2025
-2316
-1775
-1206
-973
-730
-123
581
794
343
-414
-1124
-1739
-2219
-2297
-1753
-767
297
1324
2411
3455
4047
3894
3099
1919
465
-1180
-2705
-3719
-4121
-4106
-3772
-2995
-1738
-279
1026
2036
2719
2909
2438
1473
431
-454
-1249
-1954
-2302
-2090
-1535
-984
-468
227
1059
1623
1641
1278
847
400
-192
-886
-1459
-1795
-1963
-1974
-1693
-1078
-343
255
687
1055
1294
1169
599
-167
-825
-1319
-1727
-1862
-1221
549
3223
6107
8436
9543
8902
6438
2901
-518
-3244
-5728
-8389
-10446
-10430
-7982
-4499
-1567
744
3386
6460
8679
8896
7441
5510
3686
1671
-745
-3117
-4813
-5571
-5386
-4331
-2744
-1282
-368
238
948
1528
1235
-137
-1768
-2635
-2538
-1981
-1255
-117
1584
3425
4802
5494
5558
4842
3052
324
-2599
-4937
-6417
-7115
-7029
-6062
-4314
-2085
351
2733
4579
5336
4959
4041
3165
2258
945
-625
-1704
-1821
-1327
-871
-580
-135
484
791
429
-367
-1135
-1757
-2358
-2777
-2560
-1562
-223
958
1963
3025
4025
4461
4025
2908
1455
-188
-1901
-3338
-4145
-4341
-4175
-3680
-2671
-1207
253
1314
2005
2485
2618
2129
1108
18
-798
-1346
-1718
-1827
-1574
-1060
-485
77
605
978
1060
906
691
445
52
-484
-920
-1070
-1047
-1066
-1107
-949
-525
-78
114
43
-70
-71
-7
-17
-193
-532
-945
-1210
-1002
-63
1636
3917
6427
8532
9306
8014
4903
1278
-1600
-3684
-5866
-8431
-10215
-9750
-7062
-3772
-1304
555
2926
5993
8464
8976
7547
5361
3368
1543
-525
-2771
-4594
-5439
-5185
-4109
-2719
-1522
-720
-86
611
1069
673
-632
-1994
-2480
-2046
-1326
-612
470
2177
4032
5289
5691
5389
4318
2217
-694
-3522
-5460
-6457
-6892
-6838
-5971
-4150
-1701
846
3043
4508
4993
4663
4055
3480
2654
1263
-302
-1178
-1104
-773
-882
-1195
-1003
-281
168
-208
-1045
-1665
-1942
-2133
-2179
-1715
-715
390
1359
2418
3654
4542
4471
3536
2348
1188
-192
-1894
-3444
-4295
-4437
-4202
-3690
-2709
-1266
267
1494
2291
2663
2566
2020
1246
496
-213
-974
-1674
-1998
-1790
-1263
-724
-248
254
749
1033
986
698
318
-116
-607
-1065
-1373
-1517
-1546
-1402
-969
-319
242
508
625
862
1151
1099
508
-319
-954
-1330
-1611
-1662
-980
760
3277
5888
7902
8708
7825
5302
1978
-1124
-3748
-6330
-8849
-10255
-9521
-6985
-4045
-1540
952
3988
7009
8745
8628
7238
5400
3378
1109
-1241
-3298
-4802
-5570
-5360
-4144
-2475
-1125
-295
453
1296
1630
802
-845
-2176
-2508
-2195
-1808
-1214
132
2187
4135
5254
5508
5144
4059
2007
-754
-3426
-5371
-6518
-7011
-6752
-5551
-3542
-1173
1149
3174
4622
5209
4970
4287
3422
2243
628
-1002
-1930
-1923
-1477
-1160
-989
-659
-164
128
-19
-453
-941
-1444
-1926
-2109
-1699
-781
266
1254
2302
3408
4153
4102
3318
2226
1022
-442
-2151
-3649
-4467
-4602
-4321
-3649
-2423
-778
780
1886
2600
3014
2919
2138
962
-65
-759
-1342
-1888
-2108
-1788
-1155
-583
-149
288
713
921
825
546
203
-174
-529
-756
-864
-973
-1063
-931
-520
-97
54
30
139
430
621
498
175
-150
-528
-1142
-1897
-2312
-1861
-344
2034
4829
7458
9232
9493
7983
5122
1783
-1373
-4305
-7195
-9665
-10685
-9528
-6709
-3625
-1163
1072
3867
6974
9023
8936
7089
4758
2701
668
-1728
-4134
-5685
-5857
-4863
-3334
-1867
-778
-29
620
1193
1237
302
-1293
-2504
-2608
-1940
-1278
-697
451
2434
4522
5758
5929
5394
4223
2111
-840
-3788
-5884
-6981
-7335
-6940
-5549
-3275
-689
1680
3610
4917
5334
4888
4013
3022
1746
54
-1528
-2219
-1989
-1578
-1432
-1170
-382
526
788
296
-381
-895
-1421
-1993
-2153
-1558
-520
450
1340
2464
3708
4457
4277
3312
1924
289
-1472
-3047
-4107
-4594
-4620
-4154
-3071
-1482
185
1509
2341
2726
2705
2301
1597
716
-254
-1222
-2013
-2427
-2397
-2032
-1477
-806
-79
575
1015
1206
1192
980
555
23
-397
-588
-677
-834
-1014
-1025
-831
-606
-460
-283
17
290
320
132
-70
-260
-659
-1369
-2062
-2151
-1238
668
3242
6032
8481
9884
9558
7324
3875
408
-2379
-4803
-7423
-9809
-10605
-9028
-5931
-2911
-559
1856
4932
7935
9427
8814
6849
4639
2572
373
-2074
-4292
-5584
-5633
-4692
-3313
-1975
-896
-37
650
960
517
-707
-2055
-2650
-2275
-1523
-921
-184
1299
3417
5261
6096
5986
5246
3765
1285
-1840
-4688
-6555
-7394
-7435
-6740
-5255
-3040
-313
2530
4806
5824
5504
4558
3687
2794
1338
-615
-2184
-2639
-2187
-1539
-1001
-398
291
698
565
95
-426
-1044
-1882
-2602
-2585
-1681
-437
617
1600
2885
4266
4956
4480
3176
1683
209
-1387
-3036
-4329
-4926
-4813
-4098
-2861
-1315
153
1269
2076
2674
2900
2516
1625
639
-185
-923
-1621
-2029
-1906
-1439
-1020
-703
-176
643
1319
1401
1006
620
435
202
-252
-697
-851
-789
-755
-748
-577
-271
-106
-162
-148
159
540
599
252
-252
-712
-1128
-1471
-1531
-1051
113
2004
4536
7298
9476
10182
8980
6202
2734
-593
-3546
-6382
-9093
-10873
-10670
-8369
-5114
-2225
77
2517
5481
8206
9431
8649
6518
4108
1945
-157
-2435
-4556
-5757
-5605
-4446
-3057
-1952
-1115
-333
380
709
322
-757
-2005
-2682
-2400
-1419
-259
912
2319
3980
5391
5979
5646
4618
2905
338
-2833
-5722
-7458
-7882
-7415
-6369
-4647
-2137
829
3502
5160
5560
5036
4178
3291
2177
607
-1083
-2094
-2016
-1334
-845
-715
-454
202
774
633
-201
-1144
-1785
-2166
-2360
-2162
-1406
-288
897
2143
3542
4782
5201
4477
3000
1397
-111
-1693
-3344
-4640
-5122
-4738
-3795
-2603
-1263
177
1539
2548
3033
3000
2521
1659
553
-523
-1304
-1753
-1996
-2061
-1817
-1198
-400
289
712
876
834
661
478
343
135
-286
-805
-1102
-1019
-749
-583
-566
-502
-233
211
664
951
946
634
135
-392
-877
-1322
-1679
-1806
-1503
-555
1220
3783
6684
9120
10268
9648
7307
3891
411
-2406
-4693
-7081
-9496
-10703
-9526
-6394
-3024
-432
2018
5167
8306
9725
8814
6738
4832
3108
830
-1994
-4437
-5739
-5904
-5239
-3947
-2370
-1100
-457
-143
198
309
-308
-1470
-2249
-1993
-1018
-26
864
2086
3739
5212
5832
5528
4601
3062
635
-2508
-5471
-7277
-7677
-7118
-6036
-4455
-2280
289
2730
4507
5321
5212
4499
3518
2361
952
-542
-1596
-1808
-1401
-968
-772
-567
-146
256
290
-43
-508
-1035
-1688
-2259
-2299
-1651
-650
352
1437
2799
4145
4771
4336
3217
1995
772
-705
-2424
-3902
-4657
-4627
-4024
-2986
-1603
-124
1119
2016
2664
3041
2895
2086
905
-169
-911
-1438
-1865
-2102
-2005
-1567
-917
-208
412
786
856
734
602
498
305
-72
-544
-935
-1166
-1274
-1273
-1086
-655
-104
328
493
457
372
306
216
15
-339
-800
-1242
-1506
-1511
-1284
-831
17
1545
3846
6538
8748
9463
8158
5240
1848
-1074
-3529
-6106
-8795
-10477
-9949
-7332
-4077
-1458
624
3095
6197
8859
9666
8250
5561
2886
748
-1176
-3199
-4972
-5768
-5293
-3996
-2589
-1467
-633
16
493
709
502
-191
-1102
-1645
-1408
-558
426
1352
2415
3680
4775
5246
4914
3776
1786
-904
-3638
-5594
-6458
-6534
-6131
-5164
-3489
-1324
866
2740
4107
4762
4605
3900
3032
2043
705
-837
-1885
-1920
-1301
-827
-738
-559
41
655
650
-16
-844
-1463
-1893
-2161
-2062
-1449
-478
632
1864
3155
4112
4274
3678
2792
1841
545
-1264
-3096
-4199
-4361
-3991
-3422
-2528
-1142
458
1753
2495
2783
2689
2134
1157
83
-749
-1294
-1678
-1886
-1742
-1191
-441
244
752
1098
1247
1122
728
173
-413
-918
-1217
-1215
-981
-734
-611
-492
-166
347
755
825
642
474
415
320
62
-261
-469
-563
-700
-949
-1182
-1194
-840
8
1508
3676
6138
8068
8545
7132
4303
1194
-1295
-3229
-5293
-7584
-9052
-8515
-6095
-3177
-852
1124
3513
6144
7848
7787
6329
4421
2545
583
-1523
-3417
-4638
-4995
-4565
-3563
-2330
-1249
-481
121
708
1075
867
128
-572
-714
-398
-87
105
599
1703
3061
3991
4215
3914
3149
1620
-771
-3415
-5378
-6211
-6145
-5563
-4562
-3073
-1136
1035
3074
4482
4864
4334
3475
2685
1754
334
-1280
-2278
-2273
-1734
-1311
-1046
-580
97
494
264
-385
-1044
-1568
-1978
-2103
-1676
-737
341
1295
2213
3194
3967
4092
3447
2308
970
-475
-1939
-3168
-3907
-4120
-3880
-3168
-1980
-574
640
1469
2026
2389
2376
1830
970
225
-227
-552
-898
-1135
-1062
-719
-334
-69
68
103
48
-62
-183
-345
-583
-794
-784
-532
-248
-113
-47
133
387
502
389
187
28
-123
-317
-447
-384
-214
-177
-384
-714
-1029
-1328
-1639
-1783
-1379
-90
2075
4677
7007
8394
8450
7143
4805
2052
-516
-2755
-5000
-7361
-9090
-9057
-7046
-4159
-1599
629
3249
6169
8122
8105
6587
4784
3160
1245
-1207
-3567
-4998
-5296
-4786
-3784
-2495
-1217
-180
679
1459
1851
1351
32
-1269
-1757
-1477
-1011
-571
218
1617
3261
4497
4992
4732
3618
1497
-1320
-3937
-5548
-6088
-6012
-5539
-4436
-2541
-182
2051
3754
4775
5064
4677
3810
2608
1067
-648
-1936
-2232
-1731
-1256
-1224
-1161
-523
380
727
265
-451
-895
-1126
-1359
-1440
-1099
-438
242
942
1891
2965
3603
3418
2633
1690
668
-616
-2061
-3177
-3586
-3388
-2898
-2219
-1275
-142
880
1548
1873
1971
1843
1441
849
261
-219
-640
-1048
-1357
-1443
-1288
-969
-586
-243
-56
-69
-171
-198
-116
-42
-61
-107
-91
-36
-23
-55
-63
-30
-8
-25
-42
-25
-5
-11
-26
-16
-4
-52
-212
-514
-967
-1537
-2095
-2414
-2223
-1301
404
2709
5246
7532
8978
8970
7237
4216
843
-2227
-5051
-7803
-9933
-10384
-8770
-5935
-3018
-259
2787
6026
8387
8878
7644
5671
3673
1648
-566
-2750
-4417
-5187
-4920
-3737
-2108
-692
152
650
1170
1549
1182
-108
-1605
-2331
-2043
-1321
-691
-9
1169
2807
4268
4932
4646
3575
1860
-344
-2641
-4481
-5527
-5796
-5434
-4507
-3060
-1236
754
2643
4050
4580
4185
3296
2372
1417
179
-1218
-2191
-2355
-1963
-1494
-1045
-454
173
460
306
39
-96
-299
-795
-1338
-1447
-1016
-370
262
988
1845
2503
2607
2239
1751
1237
446
-711
-1866
-2559
-2741
-2676
-2453
-1880
-886
218
1037
1503
1796
1942
1746
1135
351
-325
-862
-1373
-1793
-1904
-1622
-1130
-653
-246
144
513
776
867
775
517
161
-139
-238
-170
-138
-269
-427
-369
-74
187
183
2
-88
1
100
67
-27
-61
-103
-347
-826
-1355
-1742
-1937
-1928
-1574
-646
972
3184
5681
7947
9291
9058
7044
3727
8
-3399
-6309
-8732
-10295
-10277
-8390
-5376
-2452
-116
2176
4953
7613
8809
7937
5804
3679
2010
380
-1512
-3303
-4392
-4547
-3942
-2888
-1748
-862
-329
90
563
806
399
-524
-1245
-1262
-819
-417
-52
702
1957
3226
3980
4109
3699
2633
779
-1538
-3598
-4892
-5426
-5408
-4864
-3704
-1990
22
2000
3553
4286
4090
3356
2596
1857
772
-692
-1879
-2114
-1559
-1005
-854
-706
-123
636
952
671
173
-280
-814
-1456
-1843
-1668
-1124
-570
35
953
2060
2810
2898
2544
2031
1286
165
-1103
-2072
-2557
-2680
-2523
-2023
-1205
-276
568
1244
1668
1719
1415
941
419
-232
-1049
-1796
-2121
-1915
-1385
-777
-176
441
1043
1517
1727
1601
1186
643
118
-336
-741
-1079
-1267
-1246
-1032
-694
-334
-50
125
262
408
497
444
288
134
-28
-308
-715
-1075
-1250
-1309
-1382
-1460
-1395
-1044
-310
875
2524
4508
6517
8025
8316
6891
4043
866
-1696
-3734
-5944
-8256
-9453
-8481
-5828
-3058
-1033
832
3335
6052
7629
7370
5956
4471
3170
1541
-642
-2805
-4187
-4577
-4269
-3566
-2606
-1571
-684
35
704
1176
999
38
-1078
-1517
-1170
-669
-408
29
1191
2809
3965
4120
3549
2699
1524
-229
-2328
-4067
-4946
-5057
-4726
-4003
-2729
-941
973
2532
3449
3684
3359
2663
1735
651
-479
-1378
-1732
-1506
-1019
-585
-192
330
893
1114
785
119
-530
-1066
-1557
-1908
-1875
-1429
-839
-276
442
1492
2573
3090
2830
2194
1641
1134
329
-796
-1804
-2276
-2224
-1925
-1527
-1001
-353
264
681
816
670
300
-177
-628
-977
-1174
-1127
-770
-202
353
769
1095
1355
1414
1143
629
104
-308
-643
-928
-1111
-1152
-1084
-916
-623
-263
-18
-13
-136
-179
-93
-14
-40
-81
19
239
374
228
-168
-578
-788
-831
-948
-1284
-1650
-1658
-1092
-64
1218
2745
4580
6454
7631
7369
5584
2989
480
-1637
-3709
-5987
-7912
-8448
-7174
-4846
-2603
-743
1363
4079
6641
7809
7206
5618
3983
2473
740
-1275
-3132
-4337
-4696
-4257
-3213
-1928
-804
42
778
1410
1535
815
-430
-1416
-1707
-1534
-1232
-694
380
1859
3180
3928
4121
3846
2935
1256
-868
-2804
-4150
-4927
-5213
-4878
-3784
-2115
-302
1275
2415
3012
3078
2784
2311
1626
615
-497
-1156
-1062
-592
-328
-310
-76
551
1083
980
317
-441
-1084
-1726
-2300
-2464
-2087
-1471
-855
-26
1251
2628
3427
3447
3120
2757
2114
896
-586
-1680
-2163
-2361
-2510
-2414
-1849
-1033
-400
-97
62
213
254
85
-198
-397
-398
-186
210
691
1074
1218
1144
973
758
441
-18
-547
-1006
-1317
-1494
-1550
-1428
-1086
-603
-168
98
257
407
522
502
361
221
123
-26
-242
-377
-339
-292
-434
-669
-710
-520
-426
-685
-1131
-1419
-1469
-1451
-1352
-828
433
2330
4460
6429
7893
8377
7409
4992
1797
-1341
-4081
-6555
-8654
-9689
-8986
-6752
-3994
-1477
949
3769
6706
8639
8708
7215
5191
3264
1290
-970
-3200
-4734
-5185
-4663
-3525
-2163
-952
-119
407
805
953
471
-695
-1905
-2344
-1837
-892
31
990
2232
3626
4703
5089
4701
3565
1744
-506
-2681
-4339
-5364
-5836
-5744
-4949
-3455
-1545
346
1869
2842
3247
3211
2928
2504
1894
1095
343
-19
73
296
310
142
25
-29
-277
-832
-1459
-1907
-2220
-2504
-2554
-2040
-1024
39
891
1714
2674
3478
3692
3311
2701
2060
1242
165
-938
-1779
-2316
-2638
-2712
-2464
-1980
-1442
-928
-421
28
328
516
720
954
1091
1091
1093
1181
1221
1056
728
390
56
-376
-895
-1336
-1592
-1712
-1736
-1561
-1112
-540
-106
118
308
595
836
798
493
203
139
182
66
-237
-470
-429
-227
-139
-279
-541
-792
-994
-1141
-1208
-1202
-1176
-1123
-948
-592
-92
559
1566
3136
5106
6857
7687
7252
5665
3338
792
-1558
-3623
-5569
-7315
-8226
-7586
-5491
-2936
-798
1024
3121
5427
7032
7199
6173
4741
3285
1625
-373
-2387
-3898
-4598
-4516
-3919
-3156
-2446
-1717
-776
285
1015
1038
508
-17
-103
208
553
668
684
1007
1859
2906
3485
3218
2309
1124
-274
-1965
-3681
-4864
-5241
-5057
-4599
-3776
-2371
-523
1292
2682
3555
3957
3906
3418
2570
1500
429
-402
-896
-1179
-1409
-1529
-1390
-1060
-822
-829
-972
-1129
-1337
-1577
-1610
-1204
-476
256
894
1620
2505
3281
3597
3349
2673
1746
702
-322
-1238
-2050
-2753
-3178
-3114
-2576
-1835
-1144
-517
135
780
1260
1492
1521
1415
1219
999
853
793
697
454
125
-130
-264
-400
-667
-1015
-1271
-1325
-1222
-1068
-911
-723
-472
-162
180
521
795
918
855
681
508
352
125
-217
-545
-657
-528
-350
-295
-328
-323
-295
-374
-569
-703
-666
-593
-669
-833
-831
-537
-48
580
1514
2930
4654
6123
6734
6199
4660
2558
355
-1720
-3691
-5531
-6860
-7110
-6101
-4289
-2352
-550
1322
3375
5211
6197
6048
5018
3563
1946
230
-1490
-2955
-3850
-3995
-3443
-2456
-1392
-534
48
458
752
780
359
-419
-1138
-1420
-1252
-875
-387
383
1532
2770
3592
3703
3163
2153
773
-888
-2599
-4008
-4820
-4928
-4405
-3441
-2222
-834
682
2142
3181
3536
3326
2907
2446
1785
813
-215
-879
-1088
-1137
-1281
-1431
-1365
-1091
-844
-774
-815
-871
-952
-1042
-988
-660
-152
329
747
1251
1892
2452
2663
2490
2077
1518
801
-38
-863
-1559
-2084
-2389
-2381
-2067
-1611
-1157
-646
41
816
1400
1613
1555
1428
1309
1153
926
661
392
125
-130
-371
-614
-870
-1104
-1266
-1329
-1296
-1172
-984
-775
-540
-219
201
591
799
843
881
942
852
489
12
-313
-430
-497
-606
-646
-534
-375
-317
-343
-328
-279
-329
-506
-645
-604
-447
-339
-329
-335
-277
-146
93
558
1361
2489
3755
4819
5281
4887
3700
2067
303
-1500
-3329
-4957
-5935
-5950
-5104
-3794
-2350
-819
905
2795
4530
5617
5733
4993
3819
2552
1202
-347
-1959
-3214
-3766
-3627
-3085
-2397
-1638
-823
-48
476
582
286
-193
-602
-813
-821
-611
-116
669
1600
2451
3027
3204
2886
2033
735
-786
-2264
-3471
-4265
-4566
-4323
-3512
-2199
-588
1001
2287
3114
3449
3317
2785
1938
899
-155
-993
-1437
-1516
-1415
-1235
-905
-407
35
128
-139
-512
-809
-1064
-1306
-1368
-1069
-453
299
1118
1995
2769
3146
2989
2449
1720
826
-254
-1380
-2290
-2829
-2993
-2804
-2253
-1427
-516
317
1042
1653
2048
2106
1838
1397
914
420
-89
-554
-864
-974
-928
-813
-685
-548
-372
-152
41
111
44
-46
-43
14
-27
-225
-434
-477
-368
-257
-233
-243
-222
-176
-114
-13
99
108
-39
-216
-247
-128
-30
-77
-219
-353
-431
-456
-435
-432
-552
-795
-968
-879
-554
-151
357
1240
2615
4141
5204
5437
4884
3782
2319
642
-1107
-2833
-4440
-5626
-5927
-5158
-3711
-2176
-688
1065
3137
4933
5711
5351
4361
3235
2048
691
-758
-2027
-2875
-3204
-3038
-2513
-1857
-1264
-758
-263
199
448
327
-109
-593
-847
-774
-463
-10
594
1387
2250
2880
3011
2596
1778
694
-576
-1905
-3049
-3774
-3988
-3756
-3169
-2256
-1050
291
1483
2284
2665
2764
2660
2253
1473
506
-282
-699
-860
-969
-1051
-1004
-823
-648
-594
-655
-761
-857
-879
-766
-519
-206
144
591
1158
1708
2019
1999
1767
1478
1141
644
-62
-847
-1493
-1857
-1933
-1787
-1475
-1044
-553
-76
342
649
784
730
575
451
383
268
47
-162
-198
-87
2
5
53
220
344
210
-145
-464
-610
-682
-779
-818
-701
-510
-386
-285
-43
321
551
493
295
201
247
279
208
88
-25
-151
-299
-415
-467
-502
-579
-671
-705
-657
-568
-477
-404
-351
-286
-155
49
257
443
768
1472
2573
3720
4420
4404
3751
2693
1426
47
-1395
-2854
-4174
-5008
-4980
-4056
-2662
-1296
-30
1417
3087
4484
5006
4554
3575
2522
1492
380
-803
-1857
-2546
-2742
-2489
-2014
-1575
-1230
-810
-227
287
387
42
-403
-632
-629
-505
-226
338
1138
1914
2441
2665
2594
2157
1262
-11
-1391
-2571
-3380
-3808
-3879
-3564
-2811
-1665
-321
956
1958
2594
2869
2824
2485
1876
1056
178
-564
-1057
-1328
-1446
-1421
-1217
-874
-535
-320
-243
-234
-236
-225
-174
-61
117
348
631
960
1276
1495
1568
1492
1257
815
157
-587
-1200
-1552
-1689
-1728
-1690
-1470
-1006
-393
196
660
986
1162
1141
958
755
626
497
246
-96
-340
-363
-250
-168
-169
-181
-152
-114
-131
-227
-363
-462
-455
-350
-247
-219
-213
-107
99
258
253
146
83
104
127
76
-51
-218
-388
-523
-598
-638
-671
-651
-494
-206
75
237
305
338
295
79
-267
-566
-707
-723
-628
-282
488
1647
2922
3960
4483
4343
3570
2391
1092
-211
-1599
-3055
-4233
-4669
-4230
-3250
-2141
-985
382
1928
3253
3928
3900
3484
2953
2275
1285
35
-1156
-1958
-2299
-2333
-2210
-1963
-1553
-998
-412
28
174
13
-269
-417
-339
-157
3
233
716
1418
2024
2243
2084
1725
1203
393
-710
-1850
-2710
-3168
-3292
-3141
-2691
-1917
-897
197
1154
1809
2115
2144
1971
1584
961
232
-357
-673
-784
-814
-781
-662
-515
-440
-433
-419
-403
-469
-609
-665
-504
-182
164
511
936
1422
1802
1908
1720
1327
824
263
-326
-904
-1428
-1801
-1921
-1744
-1350
-856
-326
224
739
1119
1288
1259
1089
826
506
173
-139
-409
-610
-691
-621
-438
-236
-68
75
208
282
214
-5
-277
-472
-556
-582
-595
-548
-365
-69
220
396
463
484
463
345
119
-118
-256
-293
-320
-385
-419
-331
-142
3
10
-65
-99
-77
-104
-229
-356
-355
-243
-154
-158
-193
-160
-49
116
378
845
1562
2429
3206
3617
3490
2865
1966
1003
-9
-1167
-2423
-3452
-3873
-3586
-2849
-1998
-1114
-41
1285
2612
3516
3789
3575
3121
2488
1569
381
-815
-1731
-2265
-2488
-2477
-2256
-1869
-1402
-917
-441
-46
153
130
18
-11
104
302
544
846
1186
1466
1593
1541
1308
838
86
-864
-1786
-2461
-2825
-2935
-2832
-2460
-1758
-777
296
1230
1860
2140
2132
1931
1578
1056
400
-230
-641
-790
-821
-850
-824
-632
-321
-93
-84
-228
-376
-450
-457
-399
-253
-10
336
796
1324
1755
1914
1768
1430
991
434
-266
-1011
-1639
-2044
-2180
-2018
-1561
-918
-241
394
990
1492
1746
1663
1331
912
459
-47
-545
-872
-940
-837
-704
-570
-375
-115
112
208
152
-8
-215
-397
-486
-454
-337
-188
-28
136
273
338
314
216
55
-170
-421
-617
-699
-662
-548
-384
-180
35
210
296
289
231
156
63
-80
-257
-389
-403
-322
-234
-177
-105
20
130
141
88
114
331
728
1254
1880
2531
3010
3099
2735
2043
1185
240
-761
-1741
-2546
-3017
-3043
-2629
-1889
-988
-33
941
1881
2625
2984
2895
2454
1806
1038
191
-643
-1347
-1844
-2119
-2169
-1977
-1580
-1082
-612
-242
5
108
60
-73
-161
-139
-43
67
234
537
941
1276
1381
1231
876
341
-352
-1093
-1719
-2136
-2338
-2327
-2065
-1552
-871
-135
569
1159
1539
1660
1587
1415
1138
707
193
-217
-406
-449
-472
-495
-450
-345
-269
-276
-335
-402
-448
-424
-274
-15
251
452
639
880
1134
1278
1245
1064
788
443
59
-316
-652
-950
-1171
-1227
-1070
-782
-495
-261
-22
261
525
660
632
519
422
365
301
181
23
-108
-186
-238
-307
-395
-475
-526
-542
-508
-433
-342
-244
-116
54
211
271
223
136
70
4
-108
-246
-332
-312
-205
-72
29
84
118
157
181
133
-7
-162
-238
-230
-204
-200
-184
-128
-49
31
132
246
320
326
316
353
402
369
232
68
-68
-202
-362
-490
-483
-287
87
606
1227
1854
2367
2653
2647
2316
1691
875
-9
-883
-1694
-2329
-2625
-2504
-2064
-1479
-819
-52
791
1524
1938
1987
1782
1431
951
356
-254
-754
-1099
-1308
-1368
-1219
-877
-490
-207
-46
46
52
-96
-372
-617
-697
-628
-480
-236
164
667
1097
1331
1383
1289
983
398
-370
-1086
-1579
-1842
-1934
-1848
-1529
-996
-356
263
773
1115
1270
1260
1120
856
481
83
-183
-241
-164
-83
-29
48
155
207
133
-45
-261
-487
-699
-821
-771
-550
-247
67
397
751
1066
1242
1236
1084
858
584
264
-95
-442
-713
-871
-937
-944
-896
-762
-526
-242
9
179
288
380
465
509
484
408
330
280
228
124
-44
-240
-426
-598
-760
-896
-949
-886
-707
-451
-175
61
239
382
509
579
530
353
120
-98
-280
-432
-540
-570
-510
-364
-157
63
233
322
351
355
337
278
188
96
13
-69
-144
-184
-176
-134
-70
12
87
113
82
41
35
56
89
156
319
614
1026
1509
1978
2290
2299
1966
1390
707
-15
-770
-1531
-2186
-2582
-2618
-2310
-1765
-1097
-354
465
1288
1947
2274
2249
1979
1566
1024
357
-354
-968
-1402
-1659
-1775
-1758
-1602
-1315
-937
-528
-163
81
183
208
247
328
411
462
517
625
767
863
855
743
524
164
-335
-875
-1314
-1595
-1743
-1780
-1658
-1321
-792
-164
463
1002
1378
1563
1590
1499
1269
874
391
-34
-329
-545
-730
-828
-772
-615
-482
-396
-286
-137
-37
-32
-32
76
261
404
476
558
700
825
822
671
428
137
-198
-555
-869
-1076
-1161
-1139
-1011
-756
-387
29
393
651
819
942
1013
983
844
652
455
246
9
-219
-388
-502
-599
-664
-645
-540
-426
-363
-307
-182
12
199
311
340
314
260
202
151
73
-73
-278
-456
-544
-542
-491
-395
-248
-73
92
232
355
436
432
352
267
217
157
33
-120
-207
-188
-129
-97
-86
-41
51
145
203
227
235
223
189
137
82
16
-64
-144
-199
-228
-257
-296
-311
-260
-150
-40
12
1
-25
-31
-34
-67
-126
-137
-15
262
647
1088
1558
2004
2269
2181
1705
990
232
-503
-1271
-2069
-2727
-3005
-2809
-2250
-1523
-727
138
1064
1925
2524
2728
2547
2095
1482
766
-8
-752
-1354
-1745
-1918
-1890
-1684
-1332
-917
-510
-152
129
286
288
191
115
132
231
391
633
953
1237
1340
1234
1001
675
176
-527
-1284
-1858
-2145
-2204
-2087
-1750
-1150
-364
451
1163
1681
1933
1898
1654
1306
872
323
-276
-732
-904
-854
-768
-710
-600
-386
-177
-133
-266
-421
-464
-405
-326
-230
-39
290
697
1062
1310
1411
1366
1167
824
359
-187
-742
-1201
-1470
-1531
-1442
-1251
-968
-582
-131
303
645
851
898
809
660
543
471
380
230
87
40
83
120
82
-15
-129
-250
-365
-412
-359
-262
-202
-167
-61
152
395
562
627
621
570
472
334
168
-19
-196
-322
-380
-403
-428
-436
-389
-304
-242
-233
-228
-177
-78
23
86
98
71
36
27
43
49
33
17
14
-7
-88
-218
-344
-426
-462
-469
-463
-463
-470
-461
-405
-311
-218
-130
-24
95
171
169
115
57
-14
-112
-186
-133
94
443
855
1320
1834
2301
2537
2392
1852
1050
179
-631
-1364
-2055
-2641
-2908
-2651
-1896
-932
-42
738
1558
2426
3069
3174
2733
2026
1300
555
-303
-1189
-1864
-2180
-2189
-1988
-1608
-1083
-552
-159
88
272
401
406
295
190
188
248
321
455
696
941
1012
876
648
368
-89
-801
-1580
-2125
-2319
-2279
-2115
-1760
-1121
-273
581
1282
1777
2038
2032
1785
1394
920
352
-265
-772
-1021
-1055
-1039
-1028
-916
-645
-360
-243
-285
-318
-254
-169
-122
-33
189
489
742
923
1105
1266
1269
1035
660
277
-110
-563
-1035
-1374
-1488
-1418
-1217
-872
-392
116
527
820
1029
1132
1072
880
675
513
343
131
-47
-113
-118
-169
-257
-285
-240
-244
-367
-519
-564
-498
-413
-343
-219
5
271
504
675
780
790
681
492
280
56
-191
-425
-577
-636
-663
-692
-662
-510
-279
-80
39
131
242
346
396
409
435
476
473
386
244
92
-55
-192
-310
-399
-473
-544
-595
-586
-506
-379
-225
-42
157
319
407
451
500
534
485
327
138
5
-66
-131
-211
-257
-234
-168
-98
-30
43
95
91
46
16
29
53
46
23
35
101
179
212
186
139
108
83
30
-51
-115
-113
-64
-29
-37
-57
-48
-24
-15
-27
-30
-19
-7
-11
-17
-11
0
0
-7
-5
2
4
-2
-5
-1
4
2
-3
-2
-1
-23
-79
-137
-136
-57
47
111
126
138
170
194
195
203
235
249
208
144
118
120
87
-4
-95
-139
-169
-228
-290
-286
-210
-110
-14
98
228
330
359
325
276
232
174
78
-47
-171
-258
-294
-292
-272
-231
-161
-77
-19
-11
-30
-42
-50
-79
-127
-168
-180
-172
-146
-93
-31
0
-14
-48
-69
-88
-126
-178
-211
-205
-178
-155
-137
-113
-80
-33
20
57
75
88
108
107
56
-22
-68
-67
-71
-127
-205
-248
-250
-241
-209
-108
84
347
663
1026
1371
1564
1499
1208
819
419
6
-451
-918
-1287
-1448
-1369
-1111
-770
-397
21
487
926
1214
1289
1196
1012
775
477
122
-242
-548
-734
-782
-722
-617
-509
-393
-265
-165
-142
-198
-276
-309
-288
-237
-171
-74
85
305
550
754
867
860
713
425
44
-339
-640
-852
-1016
-1131
-1130
-956
-643
-294
6
244
442
596
674
650
527
349
180
71
27
-2
-56
-114
-128
-94
-70
-115
-221
-331
-404
-433
-417
-347
-220
-51
148
371
594
763
822
757
605
407
183
-53
-276
-442
-519
-504
-423
-316
-200
-73
71
205
285
291
252
209
181
160
143
129
114
101
109
145
170
135
34
-83
-174
-246
-310
-341
-310
-236
-155
-77
22
133
207
213
177
145
127
91
18
-73
-140
-157
-134
-113
-130
-174
-202
-182
-133
-101
-101
-103
-74
-15
39
69
81
101
130
148
135
103
74
55
16
-57
-144
-203
-221
-215
-193
-149
-77
10
92
167
234
281
298
293
274
229
149
54
-18
-63
-97
-124
-122
-90
-53
-26
4
43
55
13
-57
-90
-72
-41
-26
-10
33
94
142
172
195
206
183
121
43
-23
-75
-117
-142
-138
-111
-86
-77
-73
-51
-9
34
52
41
9
-28
-57
-68
-59
-43
-30
-30
-35
-28
-17
-12
-17
-28
-47
-78
-113
-135
-139
-131
-114
-76
-28
12
24
29
56
104
138
138
114
93
71
37
-3
-26
-28
-34
-59
-84
-82
-57
-36
-36
-45
-39
-25
-19
-22
-21
-15
-10
-11
-12
-7
5
40
131
301
527
754
922
983
911
703
396
47
-302
-646
-964
-1183
-1220
-1061
-791
-496
-189
178
599
961
1134
1090
922
728
518
241
-119
-478
-724
-808
-770
-679
-571
-442
-284
-117
19
98
117
88
23
-51
-88
-50
65
209
340
442
518
554
518
386
159
-120
-395
-617
-772
-857
-852
-721
-460
-127
183
424
606
744
813
760
578
322
71
-113
-220
-278
-322
-348
-314
-205
-64
24
25
-32
-90
-123
-131
-116
-78
-17
75
207
368
509
575
544
434
269
62
-170
-391
-564
-673
-702
-640
-495
-302
-101
87
248
358
390
347
268
184
96
-10
-114
-168
-153
-105
-78
-70
-49
-7
8
-39
-126
-194
-220
-222
-208
-154
-42
100
229
324
389
416
390
306
185
50
-83
-201
-280
-312
-307
-273
-207
-105
11
108
169
204
227
239
233
195
130
54
-10
-44
-51
-43
-34
-28
-23
-22
-23
-21
-14
-13
-28
-58
-90
-96
-59
3
55
79
93
122
160
167
121
42
-27
-70
-94
-115
-127
-119
-89
-47
-6
32
61
73
58
11
-50
-108
-146
-153
-142
-113
-73
-16
61
145
210
238
237
217
174
97
1
-69
-96
-100
-110
-120
-109
-80
-55
-37
-12
21
41
41
46
72
100
103
98
113
145
158
129
81
41
16
-12
-46
-81
-101
-107
-107
-111
-118
-108
-76
-30
8
34
64
105
149
181
200
198
169
118
56
-6
-77
-159
-236
-277
-281
-267
-245
-204
-137
-50
37
117
180
221
233
228
218
196
147
73
1
-52
-95
-137
-170
-173
-149
-118
-97
-80
-45
9
56
79
78
71
62
55
44
29
8
-15
-27
-17
-2
3
-5
-9
-2
6
3
-4
-3
4
5
2
4
26
59
88
98
85
64
42
19
-18
-72
-119
-134
-115
-85
-56
-20
25
63
76
59
35
11
-11
-33
-47
-47
-34
-12
17
46
64
59
42
21
-2
-38
-84
-117
-121
-99
-67
-31
16
71
116
138
132
109
76
32
-13
-53
-76
-84
-80
-66
-40
-9
17
30
29
22
15
13
15
19
22
32
52
75
89
95
98
102
87
50
4
-32
-50
-63
-85
-104
-103
-77
-38
-3
20
38
56
66
66
53
38
23
12
4
4
17
34
43
39
29
21
5
-20
-51
-72
-81
-86
-92
-93
-76
-39
4
42
68
83
90
88
76
51
12
-29
-59
-71
-73
-73
-72
-57
-26
12
42
62
72
72
59
39
18
-3
-21
-37
-42
-35
-18
4
27
48
61
66
65
61
50
32
10
-7
-17
-23
-28
-34
-33
-27
-20
-16
-15
-15
-10
-1
8
15
21
26
32
30
19
0
-18
-30
-36
-36
-31
-22
-14
-7
7
24
34
31
15
1
-12
-27
-47
-61
-59
-44
-28
-14
0
17
29
32
25
13
2
-3
-4
0
3
6
16
33
46
43
22
-4
-23
-38
-56
-73
-76
-60
-30
3
32
60
87
108
117
108
85
56
27
4
-13
-28
-37
-37
-26
-8
8
15
17
17
17
12
0
-12
-15
-12
-6
0
10
28
46
55
54
44
30
13
-5
-22
-37
-49
-54
-48
-33
-20
-13
-12
-5
6
14
14
6
3
5
5
-2
-9
-11
-7
-2
-2
-5
-11
-14
-14
-11
-12
-19
-26
-23
-12
-3
-1
-4
1
13
25
26
23
21
20
18
13
7
1
-3
-4
-1
2
4
9
17
25
29
27
23
19
18
17
10
0
-5
5
20
30
31
29
33
38
39
30
22
18
14
9
8
11
14
18
24
33
39
35
25
16
7
-7
-25
-37
-35
-27
-20
-14
-2
18
36
42
38
32
28
26
20
6
-8
-17
-15
-7
-2
-5
-9
-7
-1
4
4
2
4
13
24
34
38
38
40
48
53
44
26
10
3
0
-9
-15
-12
2
18
27
29
31
34
37
39
40
38
38
42
51
57
55
52
53
54
48
31
11
0
0
3
-3
-12
-10
6
23
32
33
36
41
44
39
28
17
9
5
3
-1
-8
-14
-15
-12
-9
-12
-17
-20
-21
-21
-24
-26
-23
-16
-6
1
8
17
28
36
39
35
25
12
0
-12
-27
-41
-49
-43
-29
-11
3
19
41
65
77
71
56
39
27
12
-3
-14
-18
-12
-2
7
15
23
27
26
20
15
15
12
7
1
2
12
24
33
36
36
32
24
12
1
-13
-28
-41
-43
-36
-25
-18
-12
2
18
27
27
19
10
4
0
-6
-19
-33
-40
-35
-28
-28
-35
-37
-33
-26
-27
-31
-28
-17
-6
-1
-2
3
11
20
22
19
14
8
4
1
-1
-2
-1
0
7
14
19
22
28
35
36
33
31
33
35
32
27
21
18
19
24
27
28
26
25
30
37
41
38
33
34
40
43
37
28
22
24
25
22
10
-1
-4
2
11
12
10
9
12
17
16
10
4
1
1
3
1
0
1
10
19
21
16
7
4
2
-6
-16
-24
-23
-20
-19
-18
-11
2
21
32
37
35
33
32
30
25
20
17
16
19
24
25
19
9
0
0
-1
-6
-13
-12
0
17
30
35
37
44
52
53
47
35
28
25
22
13
3
-1
6
16
18
15
14
21
30
36
37
35
36
35
35
31
23
11
3
0
-1
-5
-7
-8
-3
-1
1
2
3
1
-2
-3
2
9
13
13
14
19
25
27
25
23
18
8
-4
-13
-18
-23
-27
-30
-25
-12
2
14
24
34
43
47
45
38
31
26
21
14
5
-2
-5
-4
-4
-4
-5
-3
0
0
-3
-2
4
18
33
44
56
68
77
81
77
66
48
32
18
8
-2
-7
-9
-8
2
16
32
47
56
60
61
58
54
50
40
27
14
0
-10
-17
-18
-18
-17
-16
-9
1
12
20
26
33
40
43
41
34
27
17
4
-7
-19
-28
-33
-37
-35
-31
-28
-23
-17
-5
6
12
14
17
23
27
26
18
8
2
3
4
0
-8
-14
-13
-8
-3
2
9
17
25
30
32
32
29
27
26
28
31
33
33
33
32
30
26
23
23
26
28
28
30
37
48
52
49
40
36
39
42
37
26
17
13
10
3
-6
-12
-11
-7
-4
-2
3
11
21
31
40
47
53
57
55
43
23
2
-14
-24
-34
-46
-52
-48
-35
-22
-14
-7
2
18
31
34
28
21
21
28
28
16
-1
-12
-14
-14
-17
-25
-27
-22
-13
-2
5
12
23
35
46
50
46
44
40
33
22
12
7
4
1
-2
3
15
29
35
39
45
54
63
64
61
52
42
32
25
21
18
12
7
5
9
10
8
3
0
2
4
4
5
8
14
24
31
33
28
21
16
12
6
-5
-15
-19
-18
-14
-8
-3
0
6
13
20
26
27
26
26
26
23
18
13
8
4
0
-3
-2
-1
4
8
12
16
22
27
32
33
30
25
20
16
8
0
-4
-2
-1
-2
-3
-2
5
14
20
26
32
39
45
52
57
57
52
41
26
9
-5
-17
-29
-35
-39
-36
-29
-18
-4
14
31
43
47
49
50
50
44
31
18
9
3
-3
-9
-14
-14
-10
-6
-3
1
7
16
25
34
43
49
54
57
55
49
39
26
12
-1
-13
-19
-23
-22
-22
-19
-11
2
18
32
41
46
45
47
49
50
44
33
21
9
-2
-14
-24
-29
-30
-26
-18
-5
10
25
38
51
59
62
60
57
50
42
30
15
3
-9
-21
-32
-38
-37
-27
-14
-2
11
25
41
56
65
66
64
61
53
37
17
0
-12
-23
-35
-38
-36
-31
-23
-10
9
25
35
43
51
61
64
57
43
32
19
8
-4
-13
-17
-21
-25
-30
-26
-15
-2
11
21
33
45
55
60
61
59
56
49
38
24
12
-3
-15
-22
-25
-26
-30
-30
-27
-19
-8
6
20
35
45
56
67
77
78
69
58
47
33
12
-12
-29
-41
-48
-52
-54
-46
-32
-13
7
23
38
50
60
66
65
56
43
25
6
-14
-33
-50
-61
-65
-62
-53
-40
-26
-8
13
35
51
59
60
59
51
36
16
-3
-19
-30
-45
-61
-73
-74
-63
-48
-33
-16
1
16
30
42
50
52
47
39
28
19
8
-6
-19
-26
-27
-26
-23
-18
-8
3
12
19
27
37
42
39
34
30
23
16
9
4
-2
-9
-14
-11
-6
-2
0
9
21
33
40
43
47
51
50
44
35
25
14
5
-4
-12
-18
-22
-23
-21
-15
-8
0
12
24
34
39
39
39
41
42
40
31
19
8
1
-7
-15
-23
-27
-25
-20
-15
-5
5
17
27
36
47
57
62
59
53
43
32
18
2
-14
-28
-40
-45
-41
-33
-24
-13
3
24
44
58
63
66
65
59
46
31
11
-9
-27
-39
-46
-49
-48
-43
-30
-17
-4
11
27
45
59
66
67
65
57
47
33
14
-8
-27
-38
-46
-56
-67
-68
-54
-32
-12
3
17
34
49
57
59
59
58
49
33
13
-8
-24
-36
-43
-47
-47
-44
-34
-19
-1
15
28
40
46
50
51
48
39
26
12
1
-9
-23
-37
-44
-44
-40
-35
-25
-8
10
22
32
41
52
60
61
56
48
37
26
15
3
-11
-27
-38
-42
-40
-37
-30
-18
-4
11
26
42
56
65
67
66
62
51
33
14
0
-15
-30
-41
-45
-43
-36
-23
-7
9
24
38
52
65
68
68
64
58
48
33
18
4
-9
-22
-32
-40
-46
-45
-38
-21
-4
12
29
48
63
71
73
70
63
54
41
22
2
-16
-30
-42
-53
-61
-59
-49
-34
-17
3
28
51
68
77
80
81
77
66
47
24
-1
-24
-43
-59
-70
-79
-75
-60
-39
-17
2
22
45
63
75
78
77
71
59
36
11
-11
-26
-41
-55
-64
-61
-51
-41
-31
-18
4
25
41
48
57
66
70
65
51
37
20
0
-21
-41
-52
-57
-57
-55
-49
-36
-21
-5
12
27
41
50
53
53
50
44
34
21
6
-5
-16
-24
-32
-39
-40
-37
-28
-17
-4
12
29
45
58
69
76
76
68
55
38
17
-7
-32
-52
-67
-78
-82
-76
-58
-33
-9
17
39
57
71
83
89
86
72
54
38
19
-6
-30
-48
-60
-69
-76
-77
-68
-50
-26
2
30
56
78
91
99
94
81
63
44
21
-5
-34
-57
-70
-76
-75
-67
-53
-35
-14
9
36
61
80
88
87
84
76
58
31
2
-27
-48
-69
-86
-95
-93
-79
-63
-44
-19
9
38
60
75
86
97
97
88
67
40
11
-20
-48
-69
-80
-87
-90
-85
-71
-47
-22
2
25
47
63
74
81
80
70
53
33
12
-10
-31
-52
-70
-79
-79
-69
-55
-39
-23
-3
20
40
54
63
71
75
70
55
36
14
-5
-25
-39
-47
-50
-53
-55
-51
-38
-20
0
20
37
52
60
65
65
63
53
34
15
-3
-19
-33
-49
-59
-60
-56
-49
-40
-27
-9
8
26
38
49
56
59
58
53
41
27
11
-4
-23
-42
-58
-67
-68
-60
-44
-24
0
27
51
70
83
88
86
80
69
51
25
-3
-26
-42
-52
-58
-61
-57
-51
-40
-24
-4
16
35
52
67
76
74
65
53
40
25
5
-15
-34
-47
-56
-61
-59
-49
-32
-14
3
19
35
46
52
55
56
54
46
31
15
1
-14
-27
-37
-40
-38
-37
-35
-29
-19
-7
4
16
24
32
33
34
34
30
22
12
2
-5
-13
-20
-26
-27
-29
-29
-26
-17
-6
3
11
19
29
40
48
50
48
44
38
31
23
13
7
-1
-10
-17
-20
-19
-18
-14
-5
9
21
31
39
47
53
53
47
41
34
26
16
5
-6
-14
-17
-18
-15
-12
-3
8
18
26
34
40
45
46
46
47
45
38
25
12
3
-4
-10
-15
-18
-16
-10
-4
3
10
20
31
40
44
46
45
44
40
34
24
10
-2
-11
-15
-15
-14
-13
-9
-4
3
13
20
27
33
38
41
41
37
34
30
25
18
11
6
0
-8
-12
-14
-12
-8
-2
6
13
20
28
34
40
39
34
30
29
28
26
21
13
4
-4
-7
-7
-5
-6
-8
-6
-1
9
17
24
31
37
41
43
41
37
30
22
14
7
0
-7
-11
-14
-13
-9
-5
-1
2
5
13
25
35
42
45
44
43
39
33
25
15
5
-4
-10
-15
-18
-20
-23
-22
-18
-8
4
12
18
23
31
39
45
45
41
35
27
15
6
-3
-12
-19
-24
-25
-22
-17
-7
6
21
35
47
56
59
58
52
46
41
33
20
6
-5
-10
-12
-13
-12
-10
-6
-1
5
12
21
31
41
50
56
58
55
50
44
34
20
4
-8
-16
-23
-28
-28
-23
-12
-2
8
22
34
47
52
56
60
61
55
43
27
14
3
-7
-19
-30
-34
-32
-26
-18
-10
-1
14
30
41
46
49
52
55
54
48
39
28
16
4
-7
-17
-25
-31
-32
-27
-19
-13
-3
10
23
36
44
50
55
57
54
45
34
24
13
-1
-12
-17
-18
-20
-22
-22
-13
2
17
28
39
50
57
60
58
56
47
33
15
-1
-13
-22
-32
-38
-38
-31
-24
-15
-5
9
25
40
52
61
64
61
53
45
35
21
4
-12
-24
-33
-38
-41
-38
-31
-19
-5
13
31
49
62
70
71
67
58
50
42
29
9
-11
-26
-36
-40
-43
-40
-31
-18
-3
11
27
45
63
74
77
73
64
53
38
21
1
-18
-37
-52
-61
-61
-52
-41
-29
-16
0
19
34
45
52
56
58
54
47
37
25
11
-2
-16
-28
-40
-43
-39
-30
-19
-6
11
31
45
49
49
49
47
39
23
7
-6
-13
-21
-27
-32
-33
-28
-21
-18
-14
-8
2
10
19
27
36
41
39
32
25
20
12
-1
-15
-27
-33
-35
-33
-30
-24
-17
-8
2
12
22
30
35
37
37
33
28
22
16
10
4
-5
-13
-17
-19
-18
-15
-9
-2
9
19
29
38
49
56
58
54
45
36
26
14
2
-5
-9
-14
-15
-16
-15
-12
-4
7
18
26
32
39
46
50
49
43
37
29
19
6
-4
-15
-20
-23
-25
-23
-17
-6
7
19
29
38
46
51
48
42
38
31
23
12
4
0
-4
-10
-15
-15
-9
-1
9
18
28
35
40
43
46
47
43
37
28
20
11
1
-7
-13
-16
-18
-15
-8
2
10
16
21
27
36
43
46
41
37
32
26
18
8
-2
-7
-9
-9
-9
-10
-9
-4
1
7
15
25
35
42
45
45
46
44
39
31
21
10
-2
-8
-13
-14
-14
-11
-4
4
13
21
31
37
42
43
40
37
33
27
22
19
13
6
1
-4
-8
-9
-7
-5
-2
3
11
24
35
43
48
55
57
53
42
30
20
11
0
-8
-10
-6
-4
-5
-7
-6
0
6
10
12
13
15
22
30
35
35
30
24
17
10
0
-9
-16
-21
-23
-22
-17
-10
2
17
30
39
44
48
52
53
50
43
34
28
22
13
5
1
-4
-9
-14
-16
-10
-2
11
23
34
42
46
50
52
51
44
36
27
16
5
-5
-12
-13
-14
-15
-13
-7
-2
2
8
19
34
42
49
55
61
62
56
44
31
18
5
-7
-17
-24
-26
-24
-16
-7
5
17
30
38
45
48
50
48
41
32
23
14
8
4
-1
-8
-12
-12
-11
-12
-13
-8
5
18
29
38
45
50
52
52
47
41
31
21
13
6
-4
-10
-11
-6
-1
1
2
7
15
25
33
36
37
37
36
35
33
28
20
9
2
-3
-7
-10
-14
-14
-9
-4
0
5
10
20
29
32
31
30
29
28
22
