
4
4
5
4
4
5
5
4
5
5
5
4
5
4
5
4
4
5
5
5
4
5
6
4
4
4
4
4
4
5
5
4
4
5
6
5
4
5
5
5
4
4
6
5
4
4
5
5
4
3
6
6
6
9
12
10
5
1
4
7
7
3
3
4
6
5
2
4
4
1
-2
-2
1
4
5
4
4
4
5
4
4
4
5
4
4
5
6
5
4
5
5
5
4
5
9
14
16
14
14
12
14
14
14
14
14
14
14
13
15
14
14
15
20
25
26
24
23
24
25
24
25
25
24
25
24
25
23
20
16
13
13
14
15
14
14
11
9
6
4
2
4
5
6
4
3
4
5
4
3
5
5
5
3
5
4
4
4
4
5
4
3
5
4
4
5
4
5
5
4
4
4
5
3
5
5
5
3
5
6
4
4
5
5
5
3
4
6
5
3
5
6
5
5
4
5
4
5
5
5
4
5
4
5
5
4
4
5
5
5
4
5
4
4
6
5
4
4
4
5
6
4
5
4
4
5
5
5
4
4
4
4
5
4
4
5
4
4
5
5
4
4
4
5
5
4
5
5
4
4
5
6
5
4
5
5
4
4
4
5
4
4
5
5
4
4
4
5
5
4
5
5
4
4
5
5
4
4
5
5
4
4
4
5
5
4
4
5
4
5
4
5
5
4
5
5
4
4
5
5
5
4
4
5
4
4
5
5
5
3
5
10
13
15
15
14
14
13
13
14
14
15
14
13
8
4
3
6
12
13
10
5
3
5
11
15
16
13
12
13
15
15
13
14
14
14
13
13
13
14
14
13
14
13
14
13
14
14
14
13
14
14
14
13
14
13
13
13
13
14
14
13
14
14
14
14
13
14
14
14
14
14
14
13
13
14
14
13
13
14
13
14
14
13
15
14
13
12
14
14
14
12
12
14
17
18
21
24
27
24
21
21
25
25
23
22
24
26
24
22
22
23
17
12
10
14
16
13
11
12
14
14
13
13
14
14
13
13
14
14
14
13
14
15
13
14
13
14
13
13
13
14
14
13
13
14
14
13
13
14
14
13
14
14
14
14
13
14
13
13
13
13
14
14
14
14
13
13
14
14
13
14
13
13
14
13
14
14
14
14
14
14
14
14
13
13
14
13
13
14
13
13
14
14
13
13
13
14
14
13
13
13
13
13
14
14
14
13
13
13
14
13
14
14
13
14
13
15
17
21
24
26
25
23
23
23
23
23
23
24
23
23
24
24
23
23
24
24
23
24
23
23
23
23
23
23
23
24
23
23
23
24
23
24
23
24
25
24
26
28
31
29
26
24
24
25
24
24
24
25
25
24
24
25
25
24
24
26
24
18
14
13
15
15
15
15
15
15
15
14
15
15
16
14
15
16
15
15
15
16
15
15
15
14
15
15
15
15
15
15
15
15
15
15
15
15
15
15
15
15
15
15
15
15
15
15
16
16
16
15
15
15
16
15
15
14
16
15
14
15
15
14
15
15
15
15
16
21
25
26
25
25
24
25
24
25
25
25
25
24
24
25
24
25
25
24
24
25
26
24
23
23
22
16
14
14
15
16
15
14
15
15
15
15
15
15
15
14
15
15
15
14
15
16
14
13
14
16
15
14
15
16
16
14
15
16
16
14
14
16
15
9
5
7
14
17
16
14
14
15
16
15
14
14
16
16
15
17
20
25
27
25
25
24
25
25
24
25
25
25
24
25
24
24
24
25
24
25
24
24
25
25
24
24
25
24
24
25
24
24
24
25
24
25
24
25
25
25
24
25
25
24
25
24
24
25
24
25
25
25
24
25
25
24
24
25
28
30
30
26
20
17
21
26
28
27
25
24
25
26
26
26
25
26
26
26
26
25
26
26
27
26
26
24
23
20
17
17
21
28
29
26
24
24
26
27
26
25
26
26
26
26
26
26
26
25
26
26
25
26
26
26
24
21
18
15
14
18
23
26
26
24
24
25
26
25
25
26
26
25
25
26
26
26
24
23
20
16
13
12
18
19
17
18
23
28
27
24
23
25
27
26
24
26
26
26
26
25
26
26
26
26
26
26
26
26
26
26
25
26
27
26
25
24
23
23
24
22
18
13
12
15
21
25
26
24
23
23
24
23
22
23
24
24
24
23
24
23
23
23
24
24
24
23
23
24
23
24
23
23
24
23
24
24
23
23
23
24
24
25
25
29
31
30
26
25
24
24
21
17
15
15
18
15
13
14
16
16
15
14
15
17
14
14
15
16
16
14
15
18
21
22
25
26
25
23
25
24
25
24
24
26
25
24
24
25
24
24
19
17
14
14
16
16
15
14
15
17
16
14
15
17
16
15
17
23
27
26
23
23
25
26
25
25
25
25
26
24
25
25
21
15
12
13
16
16
14
14
15
16
15
14
15
17
16
14
15
16
15
11
7
4
4
4
6
5
4
3
5
5
6
6
10
16
18
16
13
14
16
16
14
15
15
16
15
14
16
16
15
14
16
15
15
14
14
16
15
15
15
15
15
15
15
15
15
14
16
15
16
15
15
15
15
15
15
16
15
15
15
15
15
15
15
16
16
15
14
15
15
15
15
15
15
14
15
16
14
15
15
16
15
15
15
15
16
15
15
15
15
15
15
16
15
14
15
15
15
14
15
15
14
14
15
16
15
15
15
16
15
16
14
15
15
14
15
15
15
15
15
16
15
15
15
16
15
15
15
16
15
15
15
15
14
14
15
15
15
15
15
15
15
15
15
15
16
14
14
15
15
14
15
16
16
15
15
16
15
14
15
15
15
15
15
17
15
14
15
15
15
14
15
16
16
12
6
4
4
5
5
5
4
4
5
4
4
4
5
5
5
8
13
17
17
15
14
15
16
15
14
15
15
15
15
15
15
15
14
15
15
15
11
7
4
6
7
8
7
5
3
4
5
5
4
4
4
5
4
4
4
5
5
4
5
5
4
4
4
5
5
5
4
5
5
4
5
4
4
4
4
4
4
5
5
5
4
4
5
5
5
5
4
4
4
4
5
5
8
14
17
16
14
13
15
17
14
14
16
16
16
13
15
16
15
14
14
16
16
14
14
16
14
9
5
7
14
17
17
15
13
14
15
15
15
14
15
16
14
14
15
15
15
15
14
15
15
15
16
15
16
15
14
15
16
15
15
15
15
15
15
16
15
15
15
16
16
14
15
16
15
15
16
16
16
14
14
15
16
15
19
23
24
21
15
12
14
16
17
16
14
14
16
16
14
11
7
3
3
4
6
6
4
3
5
6
4
5
5
6
5
4
5
6
4
4
5
5
5
5
4
6
10
14
17
17
15
14
15
16
15
15
15
16
14
14
15
15
15
13
17
22
26
26
25
25
25
23
24
25
25
23
23
23
19
13
12
14
16
15
14
15
15
16
15
14
15
15
15
15
15
16
15
15
15
16
15
15
16
15
15
15
15
15
14
15
15
15
15
15
16
15
15
15
15
15
15
15
16
15
14
15
14
16
15
15
15
15
14
15
14
15
15
15
15
14
16
15
15
15
16
15
14
15
16
16
15
14
15
15
15
15
15
15
15
15
14
15
15
15
15
15
14
15
15
14
15
15
15
15
15
16
16
15
15
15
14
14
15
15
15
16
15
15
15
15
15
15
16
15
15
14
16
16
17
16
16
16
16
15
16
15
15
14
15
15
15
15
15
15
15
15
16
15
15
15
15
15
15
15
15
16
15
15
15
15
15
15
14
15
15
15
15
16
15
15
16
15
15
15
16
14
15
14
15
15
15
16
15
15
15
15
15
15
16
15
15
15
15
15
15
15
15
15
14
15
15
15
16
15
15
15
16
15
15
15
15
15
15
15
15
15
15
16
15
16
15
14
15
15
14
15
15
15
14
15
15
15
14
15
15
15
14
16
15
15
15
15
15
16
15
16
14
12
7
3
3
5
6
5
3
4
5
5
4
4
4
5
5
4
5
5
4
4
5
5
4
3
4
5
5
5
5
4
5
4
4
5
5
5
4
5
4
4
5
5
4
4
3
2
-1
-2
0
4
6
4
4
4
4
6
5
4
4
5
5
4
5
9
13
14
11
5
3
5
9
14
15
13
6
3
3
7
10
8
6
8
18
33
49
63
77
89
98
105
111
122
133
135
113
63
16
12
53
83
34
-86
-188
-186
-106
-55
-102
-194
-235
-203
-159
-161
-183
-171
-133
-121
-153
-183
-153
-75
-13
-9
-50
-95
-117
-103
-54
-2
4
-63
-150
-178
-118
-16
65
110
150
200
252
297
325
333
343
400
526
629
568
332
124
168
417
570
398
28
-206
-151
20
51
-87
-231
-270
-277
-346
-425
-392
-248
-144
-190
-317
-372
-310
-208
-122
-36
49
46
-80
-194
-96
197
413
343
102
-15
101
277
325
266
228
217
149
39
20
125
203
107
-90
-203
-180
-144
-182
-235
-230
-218
-286
-395
-411
-291
-154
-124
-187
-236
-210
-130
-34
64
143
159
106
57
105
243
367
380
302
225
206
224
244
266
293
287
208
81
-11
-13
44
88
73
3
-86
-157
-184
-162
-126
-121
-156
-206
-246
-268
-267
-227
-156
-98
-96
-138
-157
-107
-9
67
84
73
86
134
182
198
187
159
111
45
-6
0
46
58
-24
-175
-315
-386
-390
-362
-341
-377
-505
-695
-852
-893
-827
-750
-747
-843
-1009
-1193
-1343
-1409
-1356
-1161
-817
-341
214
783
1308
1738
2015
2131
2217
2512
3141
3884
4246
3862
2903
2060
1954
2513
2947
2503
1264
84
-351
-234
-286
-814
-1439
-1765
-1958
-2389
-2913
-2961
-2387
-1812
-1873
-2410
-2698
-2377
-1771
-1284
-911
-531
-317
-462
-639
-235
778
1639
1684
1191
993
1409
1963
2157
2068
2007
1931
1593
1117
943
1159
1271
833
40
-557
-780
-906
-1136
-1338
-1416
-1579
-2024
-2513
-2592
-2184
-1698
-1513
-1592
-1651
-1536
-1263
-837
-270
266
515
467
423
679
1177
1586
1692
1594
1512
1534
1611
1700
1820
1933
1904
1633
1204
829
657
647
645
513
182
-307
-784
-1031
-976
-814
-856
-1208
-1678
-1967
-1936
-1662
-1329
-1115
-1116
-1276
-1389
-1245
-822
-287
130
302
239
85
51
274
664
948
913
609
263
63
29
66
62
-89
-447
-969
-1485
-1836
-2015
-2174
-2428
-2692
-2708
-2262
-1366
-245
783
1446
1635
1481
1354
1673
2616
3924
4949
5015
3980
2600
2118
3107
4650
5032
3510
1214
-47
253
973
868
-32
-882
-1386
-2006
-2893
-3341
-2750
-1719
-1510
-2499
-3676
-3890
-3111
-2150
-1512
-1103
-941
-1341
-2098
-2132
-687
1356
2190
1263
39
186
1562
2675
2745
2386
2271
2132
1565
1082
1452
2329
2456
1330
-115
-785
-707
-613
-750
-842
-949
-1564
-2672
-3402
-3019
-1908
-1157
-1330
-2025
-2530
-2477
-1878
-940
-51
327
73
-346
-291
404
1315
1923
2079
1956
1766
1646
1713
2035
2499
2779
2568
1871
1075
661
815
1253
1426
954
-53
-1048
-1449
-1151
-654
-637
-1310
-2205
-2672
-2507
-2050
-1714
-1617
-1688
-1869
-2068
-2024
-1498
-626
81
211
-160
-556
-529
29
837
1388
1262
487
-358
-599
-105
571
743
233
-607
-1348
-1834
-2103
-2199
-2169
-2113
-2057
-1779
-959
407
1800
2521
2288
1528
1077
1606
3175
5062
6051
5234
3023
1246
1700
4134
6062
5160
1891
-860
-999
573
1401
567
-680
-1224
-1671
-2941
-4247
-3874
-1828
-350
-1228
-3525
-4823
-4133
-2541
-1296
-533
-190
-815
-2435
-3400
-1895
1384
3420
2369
-118
-967
601
2617
3299
2982
2757
2554
1730
788
1011
2390
3189
2137
123
-1052
-946
-589
-671
-795
-675
-989
-2285
-3704
-3741
-2222
-705
-655
-1847
-2900
-2929
-2140
-1091
-101
532
412
-374
-919
-315
1187
2326
2276
1523
1116
1404
1948
2400
2857
3265
3090
2044
800
443
1200
2082
1996
859
-495
-1305
-1469
-1303
-1103
-1065
-1379
-2101
-2938
-3341
-3001
-2201
-1620
-1707
-2287
-2746
-2572
-1751
-726
-83
-135
-672
-1077
-835
-8
811
1079
774
294
0
-9
183
405
400
-77
-995
-1962
-2509
-2466
-1977
-1249
-338
773
1949
2799
2860
2020
875
513
1716
4146
6334
6619
4504
1421
-58
1544
4718
5942
3300
-1037
-2959
-1125
1580
1818
-251
-2035
-2565
-3288
-4769
-5003
-2523
465
328
-3086
-6025
-5606
-2982
-872
80
706
543
-1602
-4432
-4350
-195
4178
4150
211
-2672
-1378
2001
3779
3395
2785
2558
1494
-355
-705
1607
4179
3769
611
-1956
-1877
-483
140
-27
2
-197
-1828
-4238
-4939
-2826
29
779
-927
-3024
-3736
-2961
-1332
628
2048
1744
-303
-2165
-1734
808
3158
3528
2360
1232
955
1347
2215
3495
4515
4147
2193
92
-406
862
2336
2435
988
-962
-2286
-2511
-1876
-1081
-891
-1603
-2801
-3734
-3945
-3460
-2560
-1680
-1403
-2112
-3359
-3906
-2875
-837
586
358
-955
-1896
-1609
-414
819
1436
1197
253
-816
-1234
-748
-43
-114
-1177
-2456
-3037
-2610
-1309
753
3251
5140
5063
2749
-150
-1088
1193
5463
8904
9174
5927
1043
-2278
-1450
3151
7581
7407
2405
-2583
-2757
1093
3758
2181
-1331
-3296
-3943
-5443
-6939
-5143
-292
2311
-1071
-7013
-8967
-5444
-814
1363
1843
1832
-118
-4521
-7322
-4163
2651
5726
1941
-3412
-3670
939
4905
5211
3789
2761
1361
-955
-1709
1295
5503
5837
1329
-3381
-4042
-1753
-261
-488
-500
25
-1228
-4934
-7623
-5699
-589
2530
896
-3031
-5147
-4159
-1580
954
2649
2751
849
-1727
-2378
6
3529
5301
4494
2716
1777
1983
2626
3231
3743
3901
3197
1594
-16
-491
399
1579
1621
90
-2087
-3532
-3590
-2656
-1696
-1556
-2486
-3945
-4895
-4612
-3343
-2094
-1724
-2295
-3185
-3605
-3050
-1631
-134
505
48
-788
-1070
-517
467
1324
1628
1091
-216
-1619
-2247
-1899
-1238
-936
-854
-280
1221
3303
4952
4993
2972
47
-1285
848
5567
9417
9182
4896
164
-783
2962
7642
8102
3187
-2603
-3905
-608
2391
1624
-1046
-2168
-2026
-3323
-5664
-5244
-966
2610
912
-4299
-7257
-5687
-2535
-563
902
2522
2009
-2169
-6312
-4900
1599
6158
3836
-1961
-4175
-983
3146
4333
3512
3007
2347
110
-2101
-1037
2971
5362
3095
-1293
-3238
-2017
-626
-737
-879
-99
-356
-3275
-6468
-5928
-1636
1887
1174
-2215
-4370
-3799
-1856
209
2217
3380
2222
-825
-2585
-528
3819
6430
5445
2807
1269
1364
2019
2748
3780
4538
3655
925
-1776
-2313
-627
1304
1546
-217
-2885
-4949
-5303
-3852
-1808
-996
-2253
-4504
-5766
-5082
-3233
-1655
-1100
-1481
-2406
-3319
-3363
-1902
498
2130
1721
-138
-1560
-1324
51
1143
1045
-198
-1946
-3196
-2794
-168
3838
7168
7927
5693
1799
-1308
-1315
2401
7781
11053
9531
3997
-1601
-3100
544
6137
8602
5413
-745
-4369
-2778
1262
3110
1428
-1604
-4212
-6562
-8095
-6463
-1270
3159
1924
-3999
-8382
-7144
-2375
1758
4038
5050
3798
-705
-5431
-5097
836
6148
5028
-781
-4448
-2452
2337
5496
5816
4309
1428
-2233
-4082
-1584
3596
6170
3186
-2325
-5157
-4006
-1786
-794
-368
265
-384
-3540
-6916
-6672
-2464
1676
2075
-720
-3567
-4479
-3381
-670
2820
4870
3365
-579
-2774
-487
4257
7123
6347
3809
1887
1129
1219
2330
4207
5104
3324
-317
-2885
-2559
-522
754
199
-1511
-3434
-4965
-5311
-3835
-1427
-422
-2153
-5080
-6348
-4948
-2474
-894
-674
-1307
-2435
-3568
-3548
-1597
1194
2533
1372
-951
-2279
-1740
-94
1334
1523
138
-2100
-3436
-2236
1490
5830
8315
7550
3982
-248
-2265
-203
5145
10444
12108
8944
3016
-1705
-1966
2212
6923
7290
2315
-3544
-4886
-1314
2518
2706
-64
-3103
-5606
-7780
-7966
-4202
1392
3300
-810
-6627
-8269
-4940
-314
2959
4905
5080
1870
-3638
-6318
-2521
4499
7591
3997
-1802
-3882
-1228
2787
5107
5069
2953
-704
-3863
-3492
929
5530
5612
957
-3990
-5352
-3582
-1460
-226
536
375
-1967
-5623
-7115
-4317
370
2529
754
-2381
-3941
-3328
-1283
1600
4215
4522
1730
-1646
-1832
1836
5980
7032
4900
2184
908
1139
2157
3416
4152
3311
727
-2095
-3214
-2202
-459
327
-446
-2308
-4340
-5453
-4785
-2623
-745
-1001
-3287
-5427
-5406
-3363
-1130
-226
-768
-1964
-2910
-2892
-1634
322
1785
1863
701
-772
-1612
-1360
-242
788
583
-1056
-2705
-2302
881
5224
7796
6630
2414
-1685
-2216
1782
7795
11662
10750
5830
478
-1383
1577
6523
8355
4517
-1934
-5294
-3470
110
1362
286
-785
-1780
-4487
-7883
-7671
-2310
3289
3020
-2709
-7548
-7066
-2962
915
3303
4413
3064
-1524
-6110
-5583
357
5659
4906
-156
-3297
-1620
2044
4119
4399
4134
2855
-228
-3066
-2244
2053
5171
3406
-1465
-4713
-4351
-2318
-777
108
409
-946
-4124
-6573
-5461
-1509
1425
826
-1924
-3763
-3308
-1273
1195
3225
3843
2485
189
-729
1061
4332
6416
5756
3157
818
422
1943
3862
4450
3085
570
-1702
-2780
-2486
-1234
51
119
-1701
-4489
-6112
-5204
-2671
-839
-1150
-2990
-4704
-5156
-4199
-2321
-465
172
-951
-2847
-3633
-2398
-127
1458
1597
726
-440
-1395
-1616
-761
570
975
-209
-1691
-1183
2223
6799
9386
7934
3231
-1477
-2731
594
6321
10452
10032
5324
-179
-2150
1004
6215
8055
4082
-2287
-5370
-3513
-334
477
-596
-1240
-1804
-4341
-7757
-7629
-2383
3115
2810
-2992
-8010
-7470
-2570
2592
5548
5677
2662
-2409
-5652
-3454
2593
6334
3983
-1366
-3683
-1088
3025
5038
4638
3073
677
-2107
-3153
-725
3301
4684
1777
-2569
-4750
-4291
-2927
-1552
-137
270
-1873
-5634
-7437
-5076
-610
1970
1081
-1564
-3510
-3479
-1285
2283
5132
5050
2157
-686
-736
1912
4970
6476
5905
3657
838
-688
394
3053
4445
2916
-270
-2656
-3261
-2765
-1878
-847
-423
-1750
-4590
-6666
-5900
-2949
-616
-768
-2672
-4382
-4817
-4014
-2321
-335
741
-68
-2080
-3219
-2198
53
1590
1566
563
-641
-1747
-2427
-2114
-852
350
678
772
2064
4699
6768
6139
2961
-50
27
3691
8553
11175
9521
4455
-496
-1419
2523
7477
7980
2773
-3299
-4602
-1322
1229
-179
-2967
-3528
-2880
-4346
-7126
-6548
-1410
2885
1057
-4859
-8203
-6085
-1551
1900
3959
4780
2701
-2448
-6303
-4140
2428
6417
3852
-1588
-3614
-740
3402
5417
5056
3241
329
-2597
-3064
24
3921
4460
883
-3331
-4738
-3443
-1747
-889
-622
-1029
-2712
-4989
-5691
-3657
-506
1064
161
-1851
-3158
-2800
-669
2417
4571
4101
1531
-450
268
3061
5609
6338
5233
3048
879
139
1519
3683
4115
1886
-1199
-2781
-2559
-1924
-1716
-1600
-1554
-2460
-4519
-6102
-5392
-2871
-1044
-1544
-3387
-4505
-4149
-3065
-1946
-844
-52
-334
-1652
-2518
-1506
793
2227
1546
-299
-1524
-1536
-1081
-884
-901
-762
-190
1211
3778
6733
7903
5605
1085
-1795
-58
5309
10128
10715
6678
818
-2893
-1864
2969
7104
6094
334
-4749
-4567
-628
1766
369
-2063
-2930
-3667
-6262
-8394
-5910
292
3805
545
-5819
-8432
-5224
181
3961
5196
3952
111
-4421
-5384
-829
5285
6891
2887
-1907
-2910
-453
2387
4061
4712
3832
721
-2919
-3563
-206
3652
3841
297
-3439
-4667
-3747
-2188
-685
243
-506
-3154
-5668
-5489
-2577
450
1282
-31
-1951
-3086
-2533
9
3365
5039
3634
825
-257
1426
4034
5481
5472
4538
2725
440
-578
1026
3785
4407
1672
-2022
-3628
-2847
-1625
-1254
-1444
-1901
-3092
-4887
-5765
-4514
-2100
-790
-1509
-3050
-3882
-3719
-2963
-1686
-51
886
57
-1899
-2867
-1641
611
1793
1179
-322
-1690
-2600
-2845
-2021
-214
1726
3159
4353
5572
5935
4281
1308
-187
1993
6780
10455
9934
5416
239
-1615
1338
6362
8266
4305
-2431
-5804
-3370
970
1958
-872
-3903
-5043
-5652
-6629
-5939
-2165
1756
1420
-3063
-6852
-6328
-2700
954
3442
4626
3333
-787
-4402
-3015
2977
7537
5858
128
-3425
-1898
2064
4644
4754
3210
626
-2165
-3149
-921
2741
4032
1350
-2860
-5064
-4340
-2361
-792
-118
-565
-2400
-4816
-5793
-4112
-959
1247
1248
-419
-2531
-3823
-2933
605
4832
6253
3509
-507
-1488
1558
5512
6960
5522
3110
1297
483
752
1970
3095
2628
323
-2267
-3458
-3104
-2228
-1618
-1484
-2076
-3560
-5181
-5502
-4038
-2109
-1457
-2293
-3322
-3472
-2888
-2141
-1324
-394
173
-137
-925
-1144
-422
442
542
-121
-990
-1822
-2599
-2854
-1802
704
3787
6175
6896
5488
2350
-760
-1326
1859
7088
10723
10047
5427
147
-1818
1114
6213
8190
4322
-2117
-5020
-2367
1623
2042
-962
-3813
-5128
-6500
-8010
-6789
-1839
2588
1516
-4078
-8096
-6576
-1453
3092
5078
4400
1049
-3683
-5916
-2542
4038
7393
4319
-1385
-3672
-1064
2947
4905
4371
2341
-504
-3029
-3216
-408
2883
3223
182
-3353
-4706
-3850
-2197
-647
220
-570
-3187
-5644
-5405
-2515
273
876
4
-711
-1155
-1858
-1834
511
4286
6056
3911
251
-833
1742
5249
6584
5185
2587
479
-199
672
2214
2871
1710
-596
-2510
-3176
-2855
-2159
-1546
-1537
-2570
-4261
-5295
-4661
-2844
-1420
-1472
-2611
-3511
-3174
-1709
-171
353
-317
-1283
-1452
-639
335
653
326
-146
-647
-1495
-2630
-3224
-2463
-485
1827
3804
5235
5660
4294
1355
-986
-77
4361
9326
10973
7955
2500
-1341
-637
4073
8664
8543
3196
-2712
-4034
-844
2004
980
-2457
-5086
-6391
-7564
-7746
-4789
166
2312
-919
-6008
-7528
-4519
-332
2504
4052
4080
1254
-3329
-4969
-670
5886
7797
3208
-2579
-3702
-45
4156
5745
4627
1803
-1701
-3939
-2778
1219
4180
2845
-1692
-5359
-5669
-3558
-1202
157
-11
-2005
-4914
-6343
-4653
-1117
1325
1270
-240
-1690
-2463
-2058
258
3902
6224
4964
1253
-1198
-26
3543
6459
6805
4742
1719
-454
-472
1381
3123
2827
553
-1911
-3077
-2948
-2309
-1696
-1422
-1897
-3225
-4651
-5020
-3951
-2289
-1309
-1620
-2789
-3770
-3615
-2116
-44
1265
929
-641
-1985
-1860
-361
1213
1556
351
-1697
-3461
-3919
-2518
494
3947
6287
6466
4505
1455
-984
-1108
1773
6414
9910
9575
5235
-89
-2172
893
6501
9285
6052
-718
-5064
-3695
731
2981
949
-3158
-6458
-8005
-7632
-4758
-192
2506
183
-5471
-8935
-6895
-1505
3011
4890
4591
2198
-2005
-5155
-3466
2597
7326
5893
129
-3723
-2161
2591
6221
6563
3945
-216
-3688
-3941
-526
3444
3955
358
-4137
-6203
-5351
-3074
-785
421
-582
-3785
-6874
-6916
-3585
327
1928
903
-1089
-2514
-2583
-823
2483
5515
5971
3506
464
-371
1628
4712
6557
5924
3235
311
-756
606
2693
3122
1292
-1255
-2858
-3312
-3189
-2620
-1678
-1301
-2540
-4786
-5899
-4635
-2235
-948
-1512
-2803
-3534
-3339
-2310
-632
944
1185
-211
-1769
-1654
148
1805
1789
369
-1226
-2322
-2892
-2646
-901
2409
6011
7864
6593
2716
-1294
-2417
642
6109
10166
9791
5077
-732
-3459
-1047
4507
8280
6560
582
-4414
-4453
-719
2333
1923
-1168
-4957
-8303
-10053
-8430
-3385
1384
1297
-3766
-8719
-8655
-3716
2089
5337
5085
1823
-2860
-5715
-3647
2497
7507
6880
1703
-2783
-2892
582
4550
6635
5741
1870
-3046
-5378
-2970
1954
4485
2052
-3197
-7071
-7305
-4572
-1002
1164
375
-3046
-6473
-6949
-4077
-340
1649
1399
-61
-1742
-2756
-1855
1417
5207
6458
4173
740
-593
1081
4064
6161
6160
3969
725
-1319
-450
2341
3862
2148
-1289
-3457
-3401
-2579
-2263
-2161
-1911
-2326
-4019
-5739
-5526
-3327
-1276
-1148
-2518
-3749
-3865
-2891
-1189
598
1349
399
-1280
-1745
-326
1454
1699
310
-1280
-2005
-1853
-828
1582
5144
7886
7501
3954
84
-782
2329
7397
11033
10662
6120
166
-2898
-628
4776
7867
5195
-1038
-5391
-5035
-2086
-93
21
-570
-1684
-4250
-7362
-7792
-3979
924
2020
-1649
-6079
-7006
-4063
83
3013
3785
2329
-502
-2511
-1583
1911
5129
5677
3806
1433
27
48
1512
3761
5044
3713
268
-2655
-2853
-706
1472
1707
-288
-3315
-5527
-5485
-3311
-929
-521
-2402
-4730
-5447
-4159
-2013
-277
472
203
-722
-1432
-941
878
2920
3858
3451
2581
2157
2371
2989
3796
4399
4109
2657
923
270
942
1656
1136
-399
-1746
-2315
-2506
-2663
-2567
-2233
-2429
-3626
-4912
-4824
-3243
-1703
-1569
-2516
-3208
-2957
-2131
-1264
-507
-4
-58
-579
-825
-196
873
1265
419
-1088
-2228
-2402
-1517
446
3360
6338
7672
6046
2116
-1392
-1656
1881
6980
10279
9578
5224
120
-1876
1013
6152
8153
4231
-2378
-5683
-3597
182
1252
-574
-2731
-4327
-6360
-8109
-6713
-1658
2780
1960
-3332
-7641
-7014
-2477
2367
4911
4270
879
-2957
-3681
126
5385
7361
4835
994
-743
-17
1694
3518
4980
4809
2113
-1526
-3003
-1215
1578
2438
737
-2053
-4382
-5387
-4571
-2264
-310
-818
-3668
-6224
-6119
-3701
-1129
159
237
-440
-1552
-2199
-1058
1931
4754
5185
3265
1212
981
2540
4482
5468
4866
2858
613
-214
946
2607
2601
506
-1910
-2867
-2454
-1942
-1941
-2075
-2193
-2814
-4058
-4934
-4367
-2662
-1344
-1536
-2871
-3985
-3773
-2174
-149
952
409
-1143
-2128
-1497
214
1452
1212
-160
-1599
-2326
-2019
-435
2498
5975
8103
7096
3119
-1181
-2449
622
6040
9967
9535
4879
-875
-3597
-1226
4080
7191
4640
-1615
-5935
-4944
-832
1792
1078
-1411
-4087
-6828
-8833
-7767
-3020
1724
1742
-3047
-7683
-7722
-3463
1660
4842
4970
2020
-2319
-4359
-1419
4537
8171
6490
1900
-1074
-625
1792
4191
5419
4598
1504
-2091
-3242
-1028
2082
2873
700
-2533
-4821
-5394
-4282
-2099
-402
-879
-3436
-5862
-6048
-4062
-1561
188
855
305
-1281
-2485
-1334
2251
5552
5724
3027
488
465
2524
4705
5690
5186
3300
750
-804
-17
2247
3329
1595
-1713
-3987
-4049
-2819
-1698
-1300
-1736
-3064
-4836
-5823
-5014
-2873
-1086
-965
-2336
-3878
-4249
-2939
-571
1365
1520
-102
-1935
-2208
-642
1318
1930
681
-1459
-2962
-2714
-424
3337
7165
9132
7807
3601
-841
-2199
900
6503
10618
10196
5391
-493
-3232
-851
4401
7433
4812
-1595
-6236
-5564
-1434
1660
1558
-644
-3558
-6846
-9259
-8111
-2851
2330
2158
-3441
-8820
-8814
-3738
2255
5720
5564
2207
-2349
-4421
-1408
4687
8430
6651
1696
-1724
-1476
1193
4206
6033
5336
1750
-2551
-3974
-1339
2480
3635
1254
-2478
-5132
-5723
-4333
-1820
-22
-678
-3430
-5808
-5819
-3873
-1662
-101
749
582
-800
-2156
-1423
1722
4892
5470
3480
1264
786
2093
4060
5502
5446
3482
596
-1071
-229
1940
2885
1419
-1261
-3221
-3715
-3212
-2338
-1562
-1526
-2717
-4578
-5610
-4811
-2787
-1149
-978
-2081
-3418
-3899
-2948
-909
961
1328
18
-1684
-2181
-1087
490
1098
264
-1260
-2272
-1924
60
3362
6807
8386
6546
2095
-1574
-1083
3722
9435
11999
9790
4364
-820
-2375
767
5821
7730
3876
-2758
-6443
-4830
-946
1096
452
-1386
-3844
-7005
-8998
-6882
-1171
2985
1169
-4879
-9066
-7571
-2040
3262
5349
3574
-732
-4369
-3843
1196
6662
7870
4478
340
-1167
-18
2145
4290
5579
4560
886
-2857
-3191
102
3357
3106
-370
-4065
-5652
-4922
-2870
-852
-337
-2034
-4773
-6189
-5060
-2468
-351
413
90
-859
-1850
-1759
286
3420
5298
4477
2080
593
1304
3396
5199
5570
4222
1673
-690
-1223
434
2552
2752
439
-2589
-4098
-3555
-2148
-1239
-1331
-2291
-3747
-5006
-5141
-3788
-1801
-687
-1231
-2784
-3911
-3616
-1990
-10
1103
643
-1001
-2442
-2337
-728
807
648
-1156
-2867
-2708
-289
3463
7082
8947
7735
3678
-534
-1280
2691
8616
11883
9938
4192
-1262
-2642
792
5824
7516
3676
-2641
-6064
-4511
-854
1092
552
-1200
-3777
-7207
-9386
-7213
-1232
3322
1984
-3713
-8186
-7964
-4104
578
4004
4634
1758
-2529
-3779
171
5969
8161
5332
1045
-974
-338
1500
3671
5339
4744
1132
-2984
-3774
-593
3043
3451
461
-3339
-5616
-5594
-3614
-1001
119
-1553
-4755
-6631
-5729
-3232
-1054
131
477
-153
-1589
-2305
-594
2954
5465
4904
2409
808
1456
3354
4902
5374
4658
2796
461
-846
-108
1807
2747
1442
-1293
-3586
-4263
-3460
-2093
-1194
-1510
-3054
-4867
-5568
-4515
-2453
-929
-974
-2326
-3733
-3996
-2829
-927
624
1050
263
-1097
-1982
-1664
-458
440
96
-1156
-1979
-1194
1413
4977
7740
7719
4296
-372
-2377
540
6496
10862
10259
5284
-169
-1932
1205
6216
8015
4163
-2339
-5970
-4573
-1151
436
-280
-1626
-3419
-6539
-9466
-8563
-3100
2313
2475
-2371
-7114
-7614
-4049
911
4729
5469
2342
-2543
-4652
-1402
4460
7567
5799
1937
-330
-86
1483
3371
4840
4569
1816
-1743
-3041
-1041
1947
2862
948
-2225
-4758
-5579
-4428
-2052
-327
-930
-3451
-5592
-5591
-3841
-1812
-307
506
224
-1235
-2419
-1263
2173
5051
4806
2239
460
1187
3237
4639
4827
4252
3022
1163
-341
-167
1509
2755
1926
-584
-2995
-4010
-3580
-2374
-1256
-1124
-2414
-4398
-5502
-4758
-2834
-1330
-1221
-2157
-3140
-3459
-2928
-1710
-269
628
349
-901
-2038
-2064
-1109
-299
-519
-1438
-1850
-734
2021
5508
8018
7808
4561
387
-1287
1378
6704
10668
10148
5407
-38
-1964
1129
6257
8114
4148
-2507
-6182
-4711
-1193
402
-445
-1955
-3642
-6254
-8687
-7941
-3346
1286
1556
-2420
-6425
-6931
-3882
648
4374
5209
2204
-2554
-4567
-1325
4451
7499
5715
1792
-540
-174
1758
3961
5352
4648
1524
-1982
-2870
-491
2503
3020
583
-2803
-5011
-5199
-3665
-1513
-396
-1430
-3908
-5703
-5388
-3502
-1492
-134
450
-5
-1459
-2489
-1150
2486
5579
5400
2535
232
707
3072
4990
5265
4209
2460
560
-591
-130
1539
2660
1820
-585
-2896
-3847
-3356
-2116
-1061
-1076
-2508
-4581
-5731
-4966
-2889
-1177
-1046
-2280
-3623
-3910
-2860
-1128
244
480
-441
-1753
-2410
-1898
-711
43
-335
-1426
-1994
-934
1958
5700
8374
8093
4607
222
-1497
1292
6805
10897
10387
5569
53
-1878
1246
6368
8177
4217
-2335
-5901
-4437
-964
755
167
-1320
-3443
-6504
-8649
-6877
-1539
2601
1488
-3467
-7325
-7136
-3806
454
3925
4860
2054
-2698
-4793
-1513
4367
7421
5556
1580
-772
-416
1628
4151
5845
5056
1447
-2493
-3366
-635
2649
3199
662
-2846
-5203
-5511
-3879
-1367
81
-1007
-3905
-6112
-5873
-3754
-1466
2
499
-125
-1687
-2719
-1345
2286
5408
5411
2769
409
455
2412
4419
5240
4681
3029
955
-413
-221
1144
2256
1943
203
-2060
-3746
-4051
-2904
-1269
-661
-1854
-4002
-5355
-4874
-3083
-1427
-987
-1780
-2974
-3578
-3079
-1687
-156
653
285
-957
-2110
-2222
-1230
-130
-75
-1172
-2203
-1572
1344
5491
8517
8262
4595
92
-1602
1266
6939
11486
11790
7682
2015
-1119
657
5602
8671
6093
-523
-5643
-5712
-2476
63
365
-539
-2247
-5420
-8857
-9045
-4497
1133
2529
-1246
-5996
-7383
-4782
-274
3806
5442
3313
-1377
-4467
-2545
2961
7009
6470
2966
69
-566
570
2665
4816
5322
2914
-1022
-3089
-1540
1681
3204
1737
-1376
-4168
-5461
-4828
-2653
-517
-370
-2573
-5273
-6255
-5019
-2673
-465
832
666
-942
-2592
-2221
646
3921
4996
3498
1432
800
1804
3379
4557
4836
3942
2058
196
-417
427
1620
1842
729
-1094
-2730
-3499
-3119
-1922
-936
-1229
-2849
-4579
-4985
-3780
-2010
-1022
-1326
-2426
-3403
-3513
-2502
-806
532
522
-841
-2391
-2848
-2085
-1128
-909
-1188
-798
1198
4513
7509
8147
5631
1567
-845
634
5301
9994
11458
8553
3084
-1058
-627
3728
7192
5296
-970
-5922
-5622
-2065
113
-581
-2158
-3452
-5560
-8382
-8873
-4976
417
2124
-1184
-5760
-7527
-5828
-2214
1821
4554
3818
-362
-3981
-2632
3034
7564
7024
3096
91
-145
1256
3109
5042
5885
3932
-264
-3256
-2354
1060
3183
2051
-1100
-4089
-5719
-5525
-3522
-1031
-385
-2489
-5354
-6197
-4565
-2312
-910
-250
-52
-729
-2016
-2139
223
3699
5359
4068
1654
604
1568
3459
4979
5325
4168
1945
34
-274
852
1936
1805
560
-1052
-2516
-3471
-3416
-2295
-1134
-1313
-2987
-4741
-5064
-3853
-2242
-1330
-1408
-2137
-2955
-3248
-2634
-1306
-7
514
31
-1058
-1975
-2017
-1128
-119
-43
-1026
-1821
-788
2474
6427
8531
7167
3116
-654
-1054
2647
7996
11059
9398
4056
-956
-1640
2462
7288
7670
2501
-3896
-6300
-3965
-517
830
81
-1597
-4207
-7464
-8813
-5759
-64
3011
545
-4719
-7811
-6699
-2824
1619
4816
4847
1087
-3563
-4336
166
5899
7821
5227
1438
-571
-314
1582
4311
6094
4729
412
-3345
-3183
254
3190
2966
150
-3166
-5459
-5898
-4143
-1231
360
-1044
-4226
-6249
-5603
-3293
-1036
371
671
-398
-2226
-2838
-726
2943
5164
4423
2251
1096
1639
2855
3849
4439
4285
2858
632
-745
-226
1253
1832
833
-881
-2291
-3114
-3309
-2696
-1585
-1110
-2144
-4028
-5034
-4221
-2406
-1150
-1163
-1930
-2588
-2698
-2243
-1341
-305
267
-141
-1328
-2348
-2365
-1525
-792
-872
-1395
-1171
777
4223
7492
8336
5753
1376
-1296
255
5191
9814
10550
6725
1104
-2027
-149
4956
8137
5594
-964
-5848
-5509
-2009
268
-164
-1646
-3158
-5501
-8283
-8600
-4716
494
2158
-958
-5371
-7237
-5782
-2290
1801
4607
3867
-345
-3982
-2681
2883
7354
6899
3154
255
-91
1011
2545
4331
5310
3733
-55
-2863
-2103
1025
3006
1988
-940
-3791
-5405
-5249
-3301
-863
-170
-2069
-4745
-5693
-4446
-2465
-907
163
548
-371
-2081
-2445
-54
3534
5210
3863
1495
661
1785
3441
4344
4244
3347
1904
523
59
744
1681
1680
439
-1308
-2654
-3198
-2977
-2247
-1549
-1618
-2724
-4142
-4657
-3765
-2209
-1226
-1396
-2295
-3058
-3064
-2248
-1033
-120
-65
-837
-1762
-2070
-1588
-877
-669
-1171
-1863
-1811
-205
2997
6549
8213
6374
1959
-1604
-1068
3598
8942
10868
7901
2257
-1787
-1069
3640
7731
6678
722
-5055
-6080
-2987
-11
357
-873
-2417
-4879
-8251
-9637
-6313
-356
2616
-116
-5328
-8015
-6601
-2849
1263
4290
4389
830
-3441
-3615
1336
6792
7704
4218
470
-751
100
1891
4250
5967
4754
404
-3515
-3236
570
3575
2883
-417
-3652
-5423
-5496
-3823
-1240
46
-1528
-4659
-6385
-5442
-3183
-1288
-113
379
-279
-1849
-2474
-554
2813
4721
3861
1879
1050
1774
2965
3860
4356
4129
2739
767
-252
426
1695
1864
599
-1013
-2045
-2550
-2780
-2537
-1800
-1423
-2323
-4053
-4979
-4137
-2381
-1328
-1558
-2345
-2816
-2724
-2160
-1214
-247
36
-692
-1768
-2113
-1416
-455
-204
-903
-1931
-2268
-1007
2075
5965
8567
8044
4524
486
-872
1880
7110
11110
10741
5966
278
-1787
1400
6610
8354
4251
-2383
-5977
-4539
-1117
464
-332
-1844
-3641
-6432
-9013
-8208
-3234
1856
2200
-2217
-6786
-7659
-4932
-780
2990
4742
2973
-1363
-4015
-1506
4279
7789
6228
2257
-87
125
1437
3022
4712
5198
2944
-963
-3056
-1507
1592
2841
1250
-1639
-4102
-5294
-4725
-2545
-422
-529
-2999
-5447
-5666
-3936
-1988
-690
100
157
-955
-2313
-1879
915
3909
4624
3190
1819
1850
2641
3290
3905
4536
4201
2214
-165
-794
633
2085
1694
-193
-1967
-2821
-3048
-2878
-2213
-1484
-1695
-3099
-4519
-4598
-3371
-2066
-1612
-1928
-2500
-2961
-2943
-2063
-562
456
47
-1381
-2347
-1888
-572
219
-272
-1600
-2681
-2587
-880
2292
5982
8437
7973
4517
376
-1109
1694
7051
11029
10533
5668
-265
-3024
-639
4598
7577
4955
-1304
-5774
-5279
-1837
482
243
-1259
-3224
-6033
-8576
-7853
-3032
1926
2125
-2417
-6900
-7437
-4447
-413
3039
4714
3128
-1308
-4677
-2971
2847
7397
6926
3021
-223
-775
731
3075
5112
5226
2495
-1356
-2983
-1122
1872
2804
986
-1879
-4043
-4833
-4148
-2387
-881
-1140
-3134
-5106
-5462
-4254
-2496
-838
359
433
-894
-2364
-1928
834
3868
4804
3491
1780
1248
1962
3256
4596
5296
4413
1915
-487
-728
1192
2978
2536
149
-2239
-3293
-3164
-2509
-1692
-1128
-1528
-3067
-4695
-4963
-3586
-1766
-943
-1529
-2844
-3808
-3600
-2115
-198
789
148
-1372
-2249
-1724
-462
300
-31
-1111
-2205
-2640
-1833
560
4142
7441
8534
6488
2441
-866
-985
2421
7312
10596
10011
5642
341
-1807
1110
6329
8310
4285
-2500
-6159
-4519
-768
1084
401
-1297
-3566
-6608
-8612
-6707
-1361
2606
1224
-3855
-7506
-6937
-3458
583
3830
4872
2299
-2530
-4966
-1815
4306
7590
5690
1677
-536
-266
1113
2876
4600
4732
2089
-1593
-2875
-789
1880
2146
133
-2056
-3311
-3892
-3773
-2560
-1003
-885
-2755
-4921
-5405
-4063
-2124
-513
428
266
-1055
-2209
-1353
1535
4197
4575
3067
1640
1479
2322
3573
4747
4987
3498
995
-372
558
2335
2578
871
-1097
-2022
-2304
-2650
-2696
-1961
-1279
-1965
-3765
-4844
-4078
-2422
-1549
-1915
-2733
-3277
-3348
-2789
-1511
-142
216
-722
-1876
-1999
-1083
-162
5
-494
-1248
-1995
-2403
-1832
243
3541
6737
7990
6182
2210
-1012
-581
3768
9115
11644
9557
4178
-1020
-2539
669
5732
7603
3790
-2670
-6127
-4341
-383
1618
775
-1400
-4119
-7223
-8931
-6760
-1492
2193
718
-4142
-7523
-6898
-3515
463
3691
4669
2042
-2709
-5011
-1860
4156
7425
5620
1586
-804
-555
1141
3249
4930
4717
1844
-1844
-3190
-1306
1395
2156
663
-1619
-3556
-4697
-4469
-2681
-674
-536
-2646
-4996
-5434
-3866
-1731
-162
521
175
-1039
-1974
-1141
1463
3938
4446
3106
1559
1107
1878
3290
4511
4579
3086
1006
77
883
2061
1925
447
-1033
-1703
-1990
-2367
-2479
-1998
-1598
-2223
-3600
-4387
-3854
-2750
-2204
-2394
-2756
-2954
-3004
-2700
-1741
-542
-139
-943
-2029
-2158
-1186
-41
448
181
-605
-1655
-2441
-2149
-346
2473
5206
6789
6525
4347
1295
-576
458
4167
8195
9676
7303
2454
-1342
-877
3591
7668
6676
760
-4844
-5471
-1945
1188
1259
-650
-2861
-5325
-7698
-7751
-4101
603
1863
-1303
-5290
-6460
-4671
-1674
1527
4014
3744
-140
-4430
-4261
959
6270
6902
3453
76
-782
193
1819
3729
4963
3794
233
-2859
-2709
71
2360
2135
-41
-2616
-4527
-5031
-3678
-1329
-114
-1316
-3760
-5152
-4593
-2957
-1234
260
1054
372
-1472
-2483
-970
2226
4469
4240
2500
1128
971
1779
3095
4341
4559
3172
1041
-118
374
1426
1634
825
-282
-1312
-2326
-3007
-2731
-1692
-1143
-1975
-3521
-4345
-3929
-3036
-2533
-2509
-2660
-2859
-2990
-2664
-1701
-682
-459
-1061
-1599
-1405
-781
-373
-239
-55
31
-528
-1637
-2174
-1053
1604
4601
6636
6881
5086
1958
-522
-111
3626
8298
10272
7693
2297
-1688
-942
3792
7828
6691
736
-4975
-5946
-2736
540
1189
-215
-2413
-5282
-8090
-8278
-4353
901
2621
-551
-5012
-6667
-4920
-1586
1875
4289
3790
-209
-4495
-4315
971
6529
7448
3984
181
-1182
-399
1394
3608
5123
4156
596
-2780
-2961
-137
2613
2752
398
-2687
-4864
-5168
-3424
-795
479
-960
-3914
-5677
-4826
-2428
-419
365
238
-457
-1506
-2111
-1117
1538
4170
4811
3193
983
127
1265
3534
5338
5361
3448
916
-367
329
1889
2543
1619
-162
-1787
-2786
-3037
-2512
-1611
-1250
-2052
-3526
-4481
-4254
-3243
-2283
-1905
-2203
-2953
-3583
-3389
-2178
-651
167
-84
-850
-1342
-1232
-647
141
761
691
-363
-1932
-2869
-2245
-129
2543
4758
5888
5617
3935
1525
-98
579
3706
7495
9181
7074
2276
-1574
-1082
3437
7477
6412
481
-5062
-5485
-1523
2027
1934
-807
-3657
-5681
-6937
-6547
-3660
83
1334
-1124
-4776
-6334
-4982
-1975
1354
3682
3142
-788
-4971
-4720
688
6378
7115
3042
-1230
-2178
-154
2681
4786
5131
2937
-882
-3325
-2130
1326
3347
2033
-1086
-3453
-4108
-3530
-2306
-1014
-620
-1735
-3572
-4576
-4101
-2752
-1230
215
1040
328
-1729
-3026
-1465
2349
5295
4999
2268
-42
4
2038
4390
5560
4875
2678
332
-563
409
1964
2412
1318
-422
-1850
-2693
-2941
-2499
-1637
-1257
-2074
-3639
-4651
-4282
-2926
-1683
-1384
-2079
-3119
-3592
-2973
-1583
-333
114
-165
-650
-925
-821
-291
500
1018
694
-478
-1775
-2338
-1810
-399
1496
3515
5198
5851
4902
2640
511
356
2925
6886
9429
8277
3774
-792
-1541
2312
6987
7347
2308
-3615
-5118
-1952
1313
1089
-1533
-3528
-4263
-5130
-6027
-5006
-1818
613
-340
-3532
-5568
-4813
-2301
476
2618
2928
460
-3160
-4062
-498
4344
5716
2911
-354
-866
824
2454
3197
3390
2715
668
-1591
-1900
82
2091
1937
-103
-2212
-3300
-3394
-2617
-1168
-104
-773
-2982
-4755
-4458
-2538
-641
301
350
-362
-1649
-2427
-1218
1883
4569
4559
2178
9
107
2166
4366
5249
4516
2709
819
-81
486
1861
2677
2031
186
-1814
-2996
-2968
-2038
-1069
-1010
-2152
-3767
-4671
-4281
-3084
-2095
-1934
-2444
-3012
-3118
-2627
-1734
-794
-178
-121
-542
-972
-872
-128
744
1036
490
-527
-1407
-1754
-1495
-829
-79
618
1593
3267
5222
5990
4428
1438
-259
1416
5660
9192
8984
4861
-107
-1862
1127
5986
7661
3951
-1928
-4756
-3072
-207
445
-739
-1613
-2201
-4153
-6880
-7187
-3703
486
1333
-1372
-4376
-5169
-3820
-1239
1862
3888
2725
-1264
-4220
-2739
1833
4917
4157
1540
2
32
572
1426
2880
3859
2629
-428
-2508
-1637
890
2209
1214
-819
-2332
-2910
-2749
-2005
-1154
-1067
-2009
-3088
-3321
-2777
-2088
-1288
-133
727
185
-1383
-1836
195
3215
4422
3039
1003
396
1331
2701
3812
4415
3960
2127
-42
-761
416
1891
1876
331
-1424
-2463
-2849
-2797
-2246
-1491
-1423
-2523
-3987
-4451
-3535
-2192
-1513
-1663
-2122
-2485
-2612
-2319
-1462
-405
97
-284
-984
-1144
-575
146
413
187
-200
-544
-870
-1175
-1317
-1164
-625
513
2462
4865
6453
5833
3038
116
-303
2656
7100
9721
8325
3656
-839
-1460
2381
6966
7335
2390
-3626
-5603
-3030
200
947
-168
-1335
-2770
-5347
-7458
-6132
-1566
1996
1108
-2823
-5680
-5405
-2988
81
2900
4004
1889
-2239
-4300
-1697
3225
5724
4073
814
-997
-804
407
2036
3562
3680
1571
-1330
-2377
-781
1489
2137
926
-854
-2231
-2981
-2871
-1727
-302
0
-1312
-3116
-3905
-3258
-1763
-144
906
610
-1092
-2636
-1933
1120
4026
4312
2257
280
70
1281
2798
3993
4400
3407
1220
-562
-435
1146
2257
1762
265
-1186
-2276
-2938
-2718
-1521
-473
-973
-2887
-4501
-4472
-3173
-1876
-1257
-1200
-1570
-2351
-3063
-2838
-1438
180
730
-52
-1212
-1604
-890
390
1371
1432
529
-745
-1567
-1551
-1057
-706
-660
-476
374
2012
3997
5425
5308
3414
1019
388
2823
7038
9768
8460
3736
-736
-1251
2370
6151
5660
751
-4076
-4644
-1645
859
684
-666
-1471
-2552
-4985
-6934
-5452
-1066
1985
804
-2863
-5295
-4999
-2931
-165
2429
3109
540
-3456
-4713
-1469
3184
4887
2925
144
-1028
-602
572
2190
3619
3384
970
-1733
-2181
-163
2055
2461
1136
-692
-2189
-2958
-2541
-984
455
244
-1615
-3427
-3658
-2397
-789
261
415
-381
-1636
-2117
-876
1405
2848
2434
1058
242
498
1382
2486
3508
3739
2536
505
-661
-22
1443
1998
1064
-519
-1750
-2295
-2179
-1478
-649
-580
-1712
-3308
-4070
-3467
-2150
-1104
-801
-1217
-2137
-3058
-3166
-2036
-365
494
-59
-1225
-1764
-1298
-341
535
1077
1031
188
-1042
-1663
-1176
-301
-181
-980
-1688
-1205
741
3536
5943
6483
4428
954
-1163
241
4575
8714
9443
6001
844
-1984
-120
4618
7419
5119
-389
-4247
-3967
-1464
240
509
200
-965
-3795
-6816
-6760
-2789
1578
2238
-912
-4495
-5785
-4625
-1945
1275
3228
1847
-2371
-5509
-4087
767
4497
4264
1441
-970
-1599
-775
981
2986
3796
2317
-420
-1881
-825
1367
2519
1936
405
-1211
-2396
-2548
-1332
371
857
-545
-2569
-3432
-2736
-1479
-565
-126
-148
-825
-1850
-2070
-643
1672
3055
2525
913
-155
191
1611
3119
3740
3011
1383
81
73
1108
1987
1841
815
-433
-1452
-1989
-1772
-873
-99
-455
-2001
-3586
-3957
-2948
-1485
-642
-878
-1945
-3080
-3364
-2377
-722
330
33
-1102
-1893
-1681
-741
312
1052
1189
518
-696
-1559
-1309
-249
452
30
-1074
-1781
-1378
227
2730
5324
6541
5168
1792
-965
-484
3358
7857
9594
7101
2069
-1665
-975
3558
7489
6472
859
-4427
-5148
-2028
983
1564
506
-1053
-3320
-5975
-6733
-3912
473
2283
-7
-3780
-5687
-4943
-2713
-72
1989
1895
-1001
-4446
-4836
-1364
2735
3880
1968
-350
-1140
-560
656
2242
3569
3334
1179
-1146
-1394
553
2570
2779
1334
-428
-1632
-2120
-1784
-681
347
149
-1372
-2932
-3302
-2543
-1509
-693
-190
-333
-1332
-2338
-1867
326
2520
2848
1418
-9
-112
904
2144
3014
3195
2471
1164
257
473
1372
1844
1356
317
-665
-1316
-1506
-1149
-563
-499
-1355
-2539
-3025
-2464
-1494
-975
-1212
-1907
-2542
-2698
-2257
-1513
-972
-908
-1159
-1389
-1401
-1143
-606
88
577
507
-79
-698
-835
-380
285
528
-68
-1269
-2197
-1939
-273
2180
4404
5478
4858
2709
228
-745
999
4745
7945
7945
4276
-427
-2194
684
5464
7143
3527
-2242
-5001
-3085
470
2062
1235
-352
-2015
-4168
-6010
-5456
-2164
1025
1016
-1965
-4936
-5661
-4270
-1839
779
2327
1231
-2256
-5039
-3987
314
3953
4029
1460
-811
-1139
106
1983
3676
4119
2548
-87
-1396
-83
2399
3444
2140
-195
-1868
-2296
-1726
-625
248
-20
-1551
-3216
-3735
-3021
-1946
-1108
-517
-325
-918
-1954
-2124
-604
1634
2696
1893
417
-147
582
1850
2837
3179
2796
1862
971
816
1419
2018
1896
1126
253
-431
-935
-1091
-642
60
21
-1243
-2836
-3313
-2341
-1085
-801
-1537
-2415
-2793
-2675
-2263
-1648
-1055
-879
-1224
-1640
-1569
-929
-105
493
684
455
-38
-408
-229
487
1112
887
-303
-1685
-2253
-1683
-508
672
1899
3409
4634
4324
2103
-431
-822
1850
5890
8298
7110
2950
-1134
-1737
1840
6208
6654
2138
-3160
-4321
-1179
2027
2114
132
-1430
-2403
-4017
-5572
-4735
-1391
1185
139
-3418
-5991
-5725
-3453
-689
1454
1675
-860
-4501
-5572
-2317
2550
4657
2809
-284
-1659
-854
974
2869
4094
3694
1517
-795
-1147
622
2570
2937
1733
6
-1477
-2280
-1971
-629
622
490
-1050
-2743
-3474
-3105
-1999
-546
519
185
-1615
-3263
-2830
-326
2143
2668
1445
99
-229
424
1563
2766
3483
3155
1980
1027
1118
1846
2175
1764
1135
668
134
-585
-978
-602
52
-23
-1094
-2361
-2925
-2672
-2121
-1757
-1790
-2237
-2852
-3111
-2646
-1747
-1149
-1227
-1626
-1743
-1382
-788
-220
266
640
787
660
458
476
781
1084
980
320
-635
-1408
-1632
-1220
-270
1053
2507
3660
3951
3053
1316
-116
119
2513
5867
7680
6039
1690
-1882
-1349
2914
6573
5547
511
-3698
-3439
-103
2134
1382
-645
-1991
-2932
-4266
-4932
-3371
-549
513
-1440
-4228
-5112
-3893
-2152
-730
364
415
-1438
-3958
-4174
-1044
2655
3447
1283
-876
-956
408
1810
2899
3560
2981
938
-859
-377
1967
3533
2656
423
-1121
-1376
-1045
-568
57
351
-481
-2259
-3644
-3608
-2443
-1083
-135
48
-845
-2388
-3041
-1573
1184
2895
2303
512
-547
-173
1049
2432
3522
3667
2434
609
-120
967
2639
3109
2016
480
-461
-750
-708
-401
46
80
-751
-2078
-2973
-2932
-2274
-1647
-1485
-1917
-2779
-3489
-3316
-2148
-853
-493
-1193
-2036
-2071
-1194
-15
824
1035
696
167
-37
403
1265
1876
1675
714
-387
-994
-968
-699
-646
-867
-937
-311
1196
3109
4367
3932
1773
-618
-1038
1493
5404
7489
5706
1407
-1479
-42
4512
7687
6134
1133
-2842
-2931
-486
1317
1258
394
-553
-2205
-4516
-5548
-3729
-500
868
-918
-3880
-5415
-4874
-3076
-773
1194
1294
-1227
-4386
-4785
-1527
2372
3403
1451
-715
-1046
100
1511
2681
3333
2825
1129
-340
-64
1607
2826
2480
1189
9
-779
-1199
-920
50
645
-238
-2138
-3363
-2986
-1730
-755
-389
-475
-1073
-2051
-2475
-1406
694
2129
1809
392
-583
-238
1155
2702
3460
2893
1375
148
283
1547
2648
2622
1680
625
-81
-442
-495
-253
13
-162
-927
-1880
-2456
-2439
-2047
-1675
-1645
-2058
-2678
-3019
-2726
-1941
-1200
-894
-928
-951
-804
-589
-364
-13
480
819
712
338
254
703
1245
1258
691
73
-185
-246
-516
-1076
-1625
-1847
-1562
-607
1067
2981
4047
3350
1166
-928
-1159
1070
4659
7383
7222
3903
-331
-1965
640
5053
6624
3268
-2038
-4419
-2391
1062
2493
1499
-362
-2362
-4560
-5848
-4460
-898
1531
286
-3363
-6021
-5964
-3966
-1309
1112
1926
-143
-3882
-5513
-2705
2210
4626
2864
-447
-2018
-1180
798
2838
4239
4011
1796
-739
-1058
1278
3887
4274
2425
184
-1072
-1242
-665
303
916
323
-1304
-2638
-2665
-1770
-978
-676
-674
-1065
-2014
-2805
-2161
8
1922
1772
-118
-1631
-1233
616
2411
3176
2846
1786
616
183
968
2386
3149
2540
1073
-216
-759
-593
40
759
874
-186
-2050
-3393
-3147
-1666
-424
-559
-1891
-3281
-3726
-3037
-1780
-794
-654
-1284
-2008
-2115
-1445
-422
445
899
895
503
33
-3
640
1528
1859
1271
201
-564
-604
-130
256
8
-955
-2089
-2544
-1802
-30
2106
3769
4107
2640
-28
-2012
-1353
2137
6282
8042
5918
1338
-2104
-1413
2892
6610
5657
537
-3824
-3421
451
3208
2543
200
-1559
-2843
-4374
-4935
-2910
390
1446
-1096
-4648
-5984
-4661
-2273
-42
1310
611
-2480
-5533
-5040
-740
3464
3894
1149
-1334
-1530
-126
1630
3269
4192
3366
970
-850
-153
2354
4078
3500
1439
-433
-1246
-998
-21
945
890
-477
-2168
-2945
-2664
-2061
-1521
-922
-574
-1230
-2695
-3350
-1952
525
1788
895
-784
-1384
-494
1016
2274
2845
2451
1222
134
339
1771
3032
2955
1817
691
124
-22
161
701
1129
574
-1108
-2759
-3023
-1890
-739
-811
-1985
-3148
-3437
-2898
-2100
-1495
-1240
-1318
-1575
-1686
-1351
-600
199
662
670
363
30
40
614
1473
1886
1350
252
-432
-183
505
729
167
-780
-1620
-2232
-2630
-2612
-1913
-585
956
2206
2724
2187
727
-647
-410
2126
5666
7510
5776
1443
-1980
-1339
3012
7065
6825
2420
-1965
-2598
-42
2208
2134
806
-296
-1576
-3715
-5287
-4129
-857
1038
-681
-4271
-6309
-5555
-3310
-1043
566
706
-1273
-4068
-4675
-1766
2218
3655
1877
-534
-1161
-2
1700
3203
4051
3493
1483
-318
26
2253
3969
3459
1491
-86
-610
-670
-628
-252
234
-91
-1575
-3201
-3648
-2774
-1537
-796
-776
-1429
-2503
-3195
-2536
-585
1217
1436
188
-1054
-1064
136
1667
2675
2741
1990
1082
821
1426
2263
2521
2045
1337
835
544
329
214
225
124
-388
-1244
-1979
-2178
-1880
-1511
-1500
-1964
-2633
-3019
-2771
-1995
-1242
-1020
-1315
-1621
-1468
-865
-191
234
372
355
286
237
311
595
1011
1300
1184
624
-79
-479
-351
65
225
-267
-1307
-2356
-2877
-2744
-2270
-1806
-1293
-299
1321
2864
3159
1787
-155
-771
978
4254
6828
6687
3689
108
-819
2126
6352
7501
4002
-933
-2747
-599
2182
2493
725
-1009
-2177
-3629
-4970
-4443
-1869
186
-632
-3482
-5515
-5261
-3494
-1394
381
884
-866
-3883
-5042
-2431
1873
3880
2297
-327
-1078
234
1983
3173
3786
3568
2164
376
-103
1256
2949
3177
1798
12
-1221
-1653
-1189
26
990
407
-1669
-3544
-3732
-2570
-1434
-960
-845
-1024
-1838
-2876
-2788
-985
1147
1650
328
-1106
-1164
-17
1278
2119
2426
2108
1258
590
880
1912
2602
2322
1542
958
576
139
-76
361
1024
804
-637
-2212
-2592
-1739
-811
-752
-1458
-2264
-2717
-2681
-2153
-1338
-754
-842
-1424
-1825
-1572
-835
-120
251
267
39
-272
-365
52
877
1516
1391
569
-241
-390
75
528
426
-220
-984
-1456
-1539
-1445
-1515
-1907
-2383
-2405
-1549
128
2061
3428
3501
2130
148
-834
453
3685
6794
7397
4816
999
-745
1380
5567
7663
5208
202
-2908
-2039
624
1757
715
-798
-1836
-3084
-4613
-4801
-2658
-11
279
-2193
-4964
-5674
-4177
-1695
574
1474
26
-3072
-4963
-3278
820
3583
2907
435
-906
-247
1212
2419
3241
3410
2332
424
-581
473
2492
3255
1967
-73
-1219
-1129
-521
-71
-37
-529
-1483
-2420
-2727
-2274
-1509
-953
-868
-1322
-2163
-2768
-2339
-836
658
959
102
-744
-644
257
1251
1891
2074
1765
1139
767
1109
1885
2357
2231
1844
1456
919
273
67
587
1138
746
-505
-1480
-1423
-831
-659
-1148
-1804
-2213
-2367
-2330
-2067
-1668
-1377
-1302
-1320
-1341
-1410
-1433
-1128
-457
136
192
-146
-263
173
834
1150
910
401
81
186
572
835
683
208
-239
-460
-567
-717
-900
-1064
-1306
-1712
-2075
-1932
-991
591
2265
3325
3209
1895
233
-375
1013
3892
6337
6323
3525
96
-799
2012
6019
7086
3741
-1012
-2920
-1124
1361
1675
206
-1011
-1567
-2665
-4317
-4619
-2555
-53
100
-2280
-4727
-5171
-3784
-1829
-185
458
-638
-3026
-4420
-2804
845
3230
2448
-23
-1414
-749
916
2369
3160
3011
1780
259
-87
1175
2680
2838
1666
402
-218
-441
-488
-151
390
265
-928
-2269
-2518
-1660
-814
-731
-1144
-1552
-1915
-2216
-2007
-1014
135
435
-256
-987
-824
197
1321
1907
1794
1207
647
710
1546
2527
2749
2000
1007
610
910
1342
1404
1056
487
-177
-830
-1258
-1299
-1082
-992
-1302
-1906
-2423
-2531
-2222
-1766
-1519
-1661
-2055
-2291
-1999
-1207
-376
11
-100
-332
-301
33
473
851
1091
1125
935
678
620
834
1099
1135
879
491
148
-47
-62
19
-37
-446
-1133
-1700
-1793
-1493
-1214
-1173
-1016
-145
1479
2970
3195
1927
257
-238
1215
3930
6122
6045
3418
195
-656
1932
5419
5859
2274
-1979
-2958
-588
1742
1587
-125
-1349
-1909
-2889
-4073
-3902
-2055
-457
-967
-3054
-4657
-4649
-3502
-2020
-691
-190
-1191
-3049
-3689
-1809
1228
2726
1721
-122
-745
136
1470
2501
3096
3007
1980
640
301
1420
2858
3164
2146
747
-236
-645
-512
74
558
177
-1061
-2181
-2368
-1873
-1406
-1150
-941
-1039
-1830
-2788
-2661
-1085
621
906
-202
-1243
-1101
1
1166
1802
1793
1276
691
646
1305
2055
2144
1584
1072
1026
1150
1021
722
578
547
238
-476
-1211
-1516
-1357
-1077
-1024
-1341
-1923
-2405
-2367
-1765
-1125
-1060
-1570
-2007
-1804
-1065
-342
10
63
39
34
81
282
706
1221
1508
1354
901
559
616
944
1135
949
530
176
15
-29
-33
-45
-162
-512
-1035
-1493
-1739
-1849
-1890
-1697
-1054
-50
943
1638
1992
1987
1550
918
886
2185
4391
5743
4643
1607
-662
240
3676
6195
5011
1065
-1958
-1711
478
1656
795
-696
-1549
-2204
-3339
-4133
-3290
-1313
-348
-1553
-3691
-4760
-4143
-2593
-963
113
-103
-1750
-3387
-2973
-357
2124
2275
559
-751
-418
801
1806
2460
2904
2682
1510
317
465
1927
3086
2626
996
-339
-601
-177
251
377
112
-623
-1643
-2364
-2292
-1572
-859
-693
-1135
-1853
-2346
-2150
-1178
16
564
99
-816
-1226
-687
427
1400
1747
1407
721
278
558
1458
2304
2464
1953
1271
835
733
915
1279
1492
1076
-24
-1131
-1410
-802
-135
-262
-1197
-2190
-2515
-2081
-1386
-1012
-1180
-1634
-1904
-1726
-1234
-759
-488
-377
-329
-302
-226
72
657
1267
1461
1096
566
436
842
1349
1442
1052
536
237
185
215
205
112
-107
-460
-840
-1078
-1137
-1168
-1332
-1626
-1923
-2119
-2147
-1833
-913
616
2185
2879
2200
701
-273
402
2670
5189
6169
4710
1766
-228
676
3836
6172
5074
1250
-1894
-1925
180
1604
1039
-454
-1561
-2335
-3246
-3740
-2911
-1271
-607
-1840
-3842
-4779
-4049
-2435
-930
-142
-468
-1833
-3143
-2878
-772
1553
2214
1100
-215
-368
578
1744
2537
2791
2431
1612
983
1205
2115
2756
2415
1312
205
-374
-329
176
699
590
-446
-1843
-2611
-2376
-1697
-1283
-1266
-1449
-1823
-2383
-2657
-2039
-716
250
59
-888
-1452
-997
142
1212
1700
1473
763
190
432
1520
2628
2842
2099
1149
664
679
900
1154
1322
1133
380
-657
-1317
-1218
-661
-310
-568
-1297
-2028
-2334
-2070
-1459
-975
-996
-1450
-1829
-1657
-948
-191
141
27
-168
-120
182
547
857
1116
1299
1275
980
616
539
897
1385
1477
939
106
-402
-284
150
312
-70
-733
-1204
-1268
-1097
-998
-1136
-1458
-1808
-2038
-2067
-1872
-1457
-837
-44
819
1545
1884
1721
1272
1121
1861
3471
4978
5052
3309
1055
351
1946
4273
4851
2860
24
-1265
-458
876
1079
83
-1098
-1899
-2552
-3141
-3183
-2449
-1650
-1740
-2744
-3729
-3863
-3101
-1904
-816
-387
-958
-2054
-2434
-1296
643
1795
1454
481
128
704
1638
2414
2877
2877
2270
1399
1047
1579
2391
2537
1774
714
34
-142
-88
-56
-180
-583
-1276
-2007
-2402
-2319
-1958
-1651
-1605
-1833
-2183
-2370
-2115
-1421
-679
-349
-504
-742
-588
44
803
1251
1250
1041
998
1286
1728
2015
2012
1847
1698
1584
1413
1179
989
902
805
518
-1
-563
-886
-858
-675
-709
-1145
-1757
-2105
-1972
-1572
-1287
-1272
-1378
-1392
-1261
-1059
-846
-610
-331
-46
175
289
351
496
791
1123
1280
1174
957
854
930
1042
1012
789
475
223
123
129
81
-160
-578
-1001
-1252
-1303
-1272
-1304
-1436
-1600
-1709
-1753
-1781
-1783
-1640
-1228
-585
128
786
1376
1846
2050
1969
1947
2474
3596
4632
4701
3639
2311
1856
2578
3605
3735
2599
976
-65
-197
45
20
-386
-946
-1586
-2360
-3045
-3160
-2588
-1909
-1842
-2441
-3069
-3157
-2688
-1965
-1241
-725
-648
-975
-1176
-692
377
1301
1534
1254
993
1016
1278
1711
2205
2415
2023
1264
828
1058
1512
1510
948
256
-230
-530
-711
-711
-608
-738
-1263
-1872
-2114
-1957
-1733
-1645
-1603
-1530
-1509
-1520
-1332
-828
-273
-9
-8
32
235
462
665
991
1438
1673
1449
1036
965
1378
1859
1951
1629
1186
841
638
565
587
542
241
-289
-755
-891
-751
-642
-802
-1188
-1571
-1741
-1650
-1411
-1198
-1123
-1169
-1227
-1185
-996
-672
-294
13
138
104
83
245
591
922
1017
845
608
548
718
927
952
758
496
314
217
120
-10
-152
-284
-437
-647
-913
-1175
-1322
-1268
-1071
-937
-1038
-1308
-1490
-1409
-1150
-929
-835
-755
-508
20
784
1570
2076
2150
1980
1971
2383
3088
3684
3803
3349
2592
2046
2099
2584
2812
2227
1043
60
-219
-68
-93
-501
-1035
-1484
-1902
-2292
-2417
-2137
-1747
-1700
-2044
-2389
-2403
-2123
-1720
-1239
-755
-529
-719
-985
-763
3
701
791
480
411
818
1315
1509
1471
1465
1498
1387
1161
1076
1206
1291
1071
628
243
50
-56
-217
-459
-738
-1000
-1196
-1287
-1318
-1366
-1428
-1420
-1327
-1262
-1285
-1251
-959
-472
-108
-76
-217
-190
122
518
753
804
801
821
866
955
1110
1266
1294
1151
946
812
765
756
746
682
457
44
-381
-557
-456
-351
-530
-975
-1415
-1619
-1560
-1369
-1209
-1183
-1257
-1279
-1135
-897
-717
-593
-378
-43
221
263
222
363
722
1064
1172
1059
873
740
728
850
977
887
509
78
-90
34
141
-50
-474
-833
-938
-876
-856
-970
-1148
-1276
-1303
-1259
-1178
-1067
-948
-880
-897
-943
-893
-672
-305
129
561
947
1265
1547
1833
2096
2242
2281
2405
2772
3186
3198
2621
1884
1636
1984
2304
1939
981
148
-73
49
-66
-567
-1092
-1367
-1551
-1879
-2206
-2198
-1868
-1640
-1800
-2126
-2202
-1928
-1536
-1211
-939
-709
-599
-590
-459
-62
436
742
817
871
1030
1204
1300
1376
1490
1543
1426
1224
1120
1115
1026
749
396
112
-92
-290
-499
-707
-942
-1207
-1413
-1470
-1445
-1477
-1562
-1553
-1396
-1215
-1125
-1049
-855
-583
-396
-322
-204
62
365
552
638
739
872
934
900
893
1009
1163
1193
1066
892
756
636
514
429
397
313
66
-288
-543
-593
-547
-590
-759
-936
-1019
-1026
-1016
-994
-925
-810
-691
-601
-522
-408
-226
-5
176
242
214
226
389
667
892
912
736
527
444
510
605
573
366
76
-152
-254
-280
-330
-447
-614
-793
-945
-1045
-1071
-1034
-978
-965
-1022
-1106
-1126
-1017
-802
-589
-469
-437
-406
-295
-92
161
418
654
877
1110
1379
1685
1989
2202
2254
2183
2161
2338
2643
2764
2454
1837
1344
1282
1493
1516
1067
328
-280
-528
-556
-636
-874
-1167
-1411
-1627
-1843
-1960
-1855
-1576
-1355
-1347
-1463
-1497
-1339
-1024
-637
-299
-156
-253
-385
-244
226
702
836
646
454
490
689
877
976
977
846
586
337
266
352
390
231
-54
-293
-420
-503
-606
-699
-742
-765
-849
-1001
-1115
-1070
-867
-649
-570
-638
-713
-649
-436
-183
-4
79
100
104
128
210
355
504
575
546
498
517
603
687
739
783
822
791
643
453
358
398
461
399
185
-82
-274
-323
-258
-195
-261
-465
-662
-698
-592
-498
-508
-545
-508
-432
-415
-436
-367
-172
7
22
-95
-174
-106
53
178
200
114
-26
-140
-145
-46
46
12
-140
-279
-297
-220
-159
-190
-295
-417
-513
-557
-517
-399
-289
-305
-454
-593
-554
-338
-122
-85
-218
-339
-289
-87
119
222
277
428
757
1171
1492
1600
1543
1493
1597
1883
2223
2407
2283
1887
1461
1289
1421
1585
1437
901
275
-88
-134
-126
-285
-578
-846
-1065
-1322
-1574
-1645
-1471
-1274
-1311
-1549
-1705
-1599
-1318
-1037
-827
-697
-697
-803
-807
-492
59
472
486
254
145
337
693
980
1072
972
759
581
581
747
865
742
416
106
-39
-67
-102
-188
-313
-475
-674
-860
-958
-965
-937
-912
-891
-888
-931
-979
-904
-658
-367
-227
-281
-359
-275
-13
295
508
580
548
501
531
667
831
917
900
848
818
802
776
768
799
798
660
393
158
97
172
191
32
-259
-515
-635
-635
-607
-630
-714
-810
-850
-816
-751
-695
-630
-515
-380
-304
-300
-260
-90
147
276
232
137
148
278
409
447
393
294
193
133
147
188
154
6
-174
-273
-293
-321
-397
-474
-521
-573
-656
-708
-647
-509
-425
-468
-571
-605
-518
-350
-183
-70
-22
-4
43
144
269
356
408
488
633
789
860
840
834
947
1177
1403
1515
1491
1389
1282
1223
1238
1305
1337
1228
958
641
434
383
383
295
69
-231
-508
-693
-766
-757
-734
-774
-901
-1057
-1152
-1117
-968
-788
-675
-665
-700
-674
-534
-321
-125
-1
65
108
153
212
293
386
464
490
456
390
339
330
349
342
260
111
-38
-131
-169
-208
-303
-450
-604
-704
-724
-698
-687
-731
-805
-843
-806
-715
-609
-503
-399
-300
-209
-106
43
226
393
499
552
592
656
750
853
919
899
788
650
570
562
556
477
319
145
12
-70
-134
-209
-306
-419
-534
-630
-687
-690
-659
-636
-660
-721
-755
-700
-567
-433
-370
-372
-357
-265
-108
36
97
87
74
108
178
233
247
233
211
182
138
79
15
-43
-96
-159
-249
-372
-495
-568
-573
-551
-564
-618
-676
-696
-682
-639
-543
-352
-59
291
625
871
987
1003
1054
1308
1803
2332
2553
2282
1731
1370
1513
1977
2233
1914
1186
555
343
424
451
257
-71
-414
-763
-1110
-1327
-1285
-1076
-985
-1189
-1563
-1794
-1693
-1328
-933
-719
-760
-956
-1074
-890
-405
113
348
242
48
63
349
722
966
1004
892
726
609
630
779
911
846
555
203
-6
-26
19
-30
-226
-510
-772
-927
-959
-921
-888
-903
-970
-1057
-1113
-1067
-885
-635
-456
-433
-490
-464
-271
14
255
378
407
418
484
637
827
947
925
808
724
733
777
763
681
578
473
343
183
48
-11
-32
-96
-232
-384
-486
-514
-485
-428
-379
-372
-400
-416
-369
-261
-144
-72
-58
-86
-113
-80
40
200
299
286
208
160
182
237
269
261
222
159
81
11
-20
-13
-6
-54
-170
-322
-441
-484
-456
-414
-415
-477
-567
-638
-645
-568
-434
-315
-288
-339
-372
-296
-133
13
71
79
102
150
194
242
322
414
444
383
309
321
406
467
451
407
393
394
363
316
307
336
339
286
234
251
321
370
358
308
271
274
315
367
388
352
290
264
294
321
292
226
181
173
169
145
106
65
22
-20
-42
-43
-60
-114
-182
-225
-245
-274
-308
-321
-313
-327
-385
-439
-438
-395
-371
-386
-404
-386
-336
-287
-252
-224
-199
-174
-152
-134
-118
-100
-71
-24
22
41
26
8
14
46
85
105
99
76
58
51
50
35
-4
-44
-48
-4
51
71
50
24
21
33
35
31
47
80
89
48
-10
-20
32
88
90
38
-13
-23
12
61
88
79
42
7
0
14
16
-14
-57
-82
-90
-118
-179
-234
-231
-182
-166
-238
-356
-422
-385
-300
-249
-263
-299
-312
-291
-237
-144
-10
145
285
394
497
601
685
724
756
873
1117
1391
1487
1282
890
607
657
966
1197
1048
529
-49
-349
-294
-83
6
-172
-566
-985
-1212
-1149
-894
-678
-675
-861
-1075
-1170
-1074
-788
-405
-124
-127
-365
-538
-383
49
454
588
461
258
166
281
563
825
843
580
258
150
290
472
492
317
47
-211
-367
-377
-292
-258
-382
-613
-794
-831
-754
-646
-569
-552
-599
-654
-634
-497
-293
-108
14
76
91
95
161
340
570
709
681
578
560
671
793
788
645
479
398
411
431
360
176
-48
-205
-256
-270
-336
-464
-570
-600
-600
-637
-695
-690
-597
-497
-475
-505
-486
-368
-205
-78
-24
-17
-3
65
200
352
433
414
353
339
388
438
431
370
307
268
237
191
120
50
2
-43
-121
-240
-349
-398
-395
-403
-457
-530
-566
-553
-519
-488
-455
-399
-320
-234
-158
-86
8
150
330
504
639
750
881
1042
1172
1205
1153
1121
1199
1349
1421
1290
1001
736
641
682
681
505
189
-111
-286
-361
-423
-518
-622
-715
-815
-924
-993
-964
-864
-780
-769
-794
-781
-712
-598
-440
-249
-95
-54
-94
-71
99
336
487
506
483
508
567
608
622
628
608
524
393
290
250
229
154
17
-134
-259
-354
-429
-490
-544
-604
-677
-750
-795
-794
-749
-679
-614
-581
-569
-538
-454
-326
-194
-88
-11
50
107
172
252
331
388
411
419
428
438
433
413
391
370
337
275
203
155
153
171
152
76
-17
-61
-39
-6
-28
-113
-198
-231
-213
-178
-151
-142
-160
-202
-237
-221
-142
-45
13
25
27
52
95
140
177
211
233
225
192
163
168
188
176
104
-2
-83
-102
-76
-65
-113
-211
-306
-350
-346
-332
-336
-354
-362
-355
-344
-335
-316
-274
-214
-157
-117
-97
-77
-39
22
82
115
120
133
183
254
300
297
269
266
297
329
330
303
277
266
258
246
234
220
202
174
146
127
118
108
93
80
76
84
100
118
132
134
121
107
105
124
147
160
150
128
114
123
147
163
152
113
72
51
53
57
42
10
-27
-61
-97
-131
-150
-149
-150
-177
-219
-249
-248
-229
-211
-203
-202
-205
-204
-190
-162
-142
-139
-141
-119
-79
-57
-72
-97
-87
-41
2
13
-4
-23
-24
-7
14
31
36
30
20
18
20
20
16
13
13
10
-1
-18
-25
-12
13
26
11
-16
-26
-6
22
37
36
37
47
52
47
48
66
94
114
106
81
54
37
31
27
16
-5
-26
-41
-57
-86
-125
-148
-141
-116
-98
-103
-120
-131
-117
-77
-34
-15
-35
-69
-76
-36
24
56
42
1
-25
-19
2
15
12
5
2
1
-9
-17
-7
32
82
121
142
157
185
235
304
386
458
499
495
467
453
481
539
570
535
443
350
295
274
251
197
113
13
-84
-160
-207
-232
-260
-303
-365
-430
-477
-487
-454
-401
-368
-385
-434
-452
-396
-283
-175
-124
-128
-146
-125
-49
50
132
164
158
149
169
219
277
320
338
333
319
308
315
334
347
335
297
243
184
132
95
79
65
15
-88
-205
-270
-260
-230
-250
-339
-435
-467
-427
-357
-307
-290
-300
-322
-332
-314
-257
-187
-144
-141
-162
-167
-143
-97
-47
-9
4
-19
-65
-94
-78
-33
-16
-60
-144
-213
-230
-210
-191
-207
-270
-362
-450
-501
-508
-502
-506
-522
-539
-550
-549
-505
-384
-176
113
478
899
1289
1506
1499
1427
1566
2045
2670
3022
2796
2084
1364
1158
1574
2132
2144
1374
305
-331
-305
-42
-53
-404
-845
-1238
-1642
-1995
-2035
-1685
-1291
-1273
-1633
-1984
-2006
-1716
-1278
-826
-524
-565
-901
-1100
-751
24
649
733
467
296
428
743
1080
1345
1423
1226
886
713
844
1046
1002
697
380
206
87
-86
-260
-345
-404
-573
-845
-1064
-1107
-1013
-894
-826
-847
-947
-1024
-934
-659
-369
-251
-290
-304
-156
111
386
598
734
783
770
773
856
982
1059
1050
992
920
824
701
591
525
462
326
116
-95
-231
-293
-348
-455
-614
-783
-905
-946
-915
-862
-842
-867
-888
-850
-744
-613
-493
-378
-262
-162
-94
-26
94
266
425
522
570
618
669
709
742
786
821
796
693
569
488
450
405
319
204
85
-20
-99
-152
-192
-253
-347
-456
-547
-591
-574
-509
-449
-445
-478
-465
-354
-198
-96
-70
-48
20
103
156
191
253
331
377
374
357
360
371
372
368
359
326
266
212
194
193
153
71
-11
-61
-91
-127
-164
-181
-191
-218
-264
-304
-314
-293
-256
-216
-183
-162
-149
-132
-109
-69
3
106
195
220
184
166
233
357
452
467
445
435
429
398
364
360
368
322
205
95
57
54
6
-94
-183
-228
-269
-328
-370
-365
-353
-381
-422
-416
-371
-357
-388
-392
-320
-215
-161
-168
-171
-128
-57
1
26
30
33
59
117
181
209
198
182
197
228
232
189
118
53
14
6
14
4
-39
-94
-123
-130
-137
-152
-147
-120
-106
-137
-170
-140
-56
8
12
1
37
113
172
196
207
221
223
213
226
271
307
293
257
252
267
237
149
74
80
124
116
28
-64
-87
-54
-36
-69
-128
-173
-186
-172
-144
-118
-112
-131
-147
-130
-75
-25
-8
-12
0
47
97
118
116
120
145
164
157
132
109
96
88
79
70
60
40
4
-35
-67
-86
-95
-96
-90
-91
-113
-148
-173
-172
-152
-129
-113
-112
-127
-145
-141
-102
-49
-28
-53
-92
-97
-63
-19
9
11
-8
-38
-54
-33
17
55
50
24
11
22
37
44
47
41
21
-5
-13
4
18
11
-3
-2
9
11
2
-4
3
7
-7
-33
-52
-58
-50
-39
-33
-47
-73
-87
-69
-33
-10
-19
-45
-58
-49
-30
-21
-26
-29
-24
-16
-11
-2
19
44
52
38
22
25
49
78
105
135
167
197
220
249
297
361
424
460
454
417
384
389
432
468
443
347
231
159
152
168
143
50
-73
-175
-235
-269
-289
-303
-324
-376
-463
-547
-579
-551
-495
-456
-454
-476
-490
-455
-355
-232
-152
-148
-174
-160
-84
13
91
136
158
157
140
134
163
215
246
229
195
187
213
241
244
227
208
192
169
135
94
62
42
26
-7
-71
-153
-214
-220
-185
-169
-212
-284
-316
-280
-217
-183
-188
-199
-190
-163
-128
-92
-50
-18
-12
-31
-51
-39
4
44
44
-8
-80
-130
-144
-136
-135
-154
-189
-234
-273
-295
-299
-299
-319
-357
-394
-416
-427
-444
-460
-459
-434
-391
-342
-280
-179
-36
138
327
550
835
1153
1399
1476
1405
1360
1528
1902
2218
2155
1659
1073
863
1133
1479
1389
791
108
-236
-258
-271
-434
-629
-753
-914
-1222
-1533
-1570
-1307
-1019
-966
-1120
-1276
-1299
-1177
-916
-550
-252
-222
-432
-563
-334
157
540
581
417
315
385
544
698
812
842
736
544
418
440
492
414
211
27
-70
-169
-346
-527
-597
-577
-599
-726
-878
-951
-918
-823
-713
-634
-613
-623
-578
-419
-202
-46
-1
10
90
251
418
526
569
590
618
658
692
700
681
658
651
640
572
434
289
207
188
152
43
-104
-222
-288
-326
-364
-404
-451
-515
-575
-598
-576
-536
-496
-450
-401
-370
-360
-321
-212
-70
28
66
110
196
289
347
383
431
474
475
443
429
446
460
444
406
368
323
260
182
111
54
7
-43
-96
-147
-187
-209
-231
-273
-314
-315
-263
-213
-215
-256
-280
-247
-175
-101
-43
-13
-9
0
36
90
116
106
105
140
179
184
173
185
206
190
138
101
106
117
97
66
58
55
20
-41
-80
-82
-86
-117
-143
-128
-86
-63
-68
-77
-82
-100
-131
-147
-121
-82
-66
-70
-52
2
55
68
57
74
131
192
213
205
205
217
211
174
144
156
192
196
140
61
19
25
43
43
28
11
-8
-42
-89
-129
-151
-163
-178
-195
-204
-201
-187
-165
-138
-117
-117
-139
-158
-144
-92
-32
-3
-9
-17
6
53
82
71
44
43
78
114
116
93
84
108
133
119
63
8
-6
11
26
19
5
3
11
14
3
-20
-44
-62
-64
-50
-32
-25
-30
-26
-1
35
56
53
38
27
26
28
28
30
45
69
86
80
56
27
5
-16
-28
-26
-12
-2
-10
-31
-51
-62
-64
-66
-74
-86
-93
-81
-59
-44
-45
-47
-38
-26
-23
-24
-13
17
47
63
71
78
78
68
64
78
95
87
53
28
47
93
122
110
79
62
64
65
56
42
38
38
34
26
23
26
27
24
17
11
-6
-27
-40
-27
5
27
21
-11
-35
-37
-30
-40
-76
-111
-115
-89
-73
-92
-129
-147
-135
-123
-134
-159
-167
-141
-109
-91
-89
-84
-71
-65
-76
-89
-87
-64
-35
-13
-5
-13
-31
-49
-52
-45
-48
-73
-102
-104
-81
-60
-64
-85
-101
-108
-118
-134
-144
-137
-118
-99
-86
-72
-52
-23
8
33
56
83
120
162
203
244
287
329
362
385
412
453
510
566
606
623
620
603
581
567
570
577
554
473
346
220
146
128
123
77
-22
-143
-242
-300
-324
-342
-366
-405
-458
-508
-529
-498
-430
-375
-370
-395
-401
-362
-295
-232
-171
-105
-54
-45
-57
-34
43
124
149
119
91
96
121
146
158
156
131
81
30
0
-16
-37
-70
-100
-126
-157
-192
-210
-204
-193
-206
-237
-252
-234
-188
-139
-97
-72
-67
-74
-66
-24
37
87
105
101
91
92
109
138
162
161
126
80
59
70
91
92
73
45
18
-5
-22
-30
-26
-27
-45
-79
-105
-109
-96
-78
-71
-77
-95
-111
-109
-85
-50
-27
-26
-31
-29
-16
-4
5
21
39
51
51
48
58
80
93
87
69
56
52
52
48
40
33
31
29
27
23
24
30
39
43
43
43
55
75
88
85
77
75
79
80
77
77
79
80
80
83
86
80
59
38
32
37
37
20
-1
-11
-9
-6
-14
-32
-50
-57
-54
-53
-63
-80
-90
-92
-89
-90
-91
-82
-65
-53
-48
-42
-27
-10
-4
-8
-12
-11
-6
-5
-6
-7
-5
-4
-5
-5
-3
-3
-8
-19
-26
-24
-15
-8
-3
4
14
17
14
12
20
33
40
34
26
25
34
42
41
34
33
39
46
46
45
47
59
71
75
73
65
56
52
50
55
58
52
42
34
31
30
26
17
7
-3
-12
-20
-20
-17
-12
-9
-13
-20
-25
-26
-27
-28
-31
-32
-26
-15
-4
0
3
3
3
4
7
15
25
30
30
30
29
30
33
33
24
3
-23
-40
-38
-29
-25
-30
-40
-51
-63
-73
-77
-75
-72
-72
-75
-75
-71
-66
-62
-59
-53
-50
-52
-53
-43
-24
-4
10
15
21
27
27
22
20
26
36
40
38
39
45
52
50
40
30
23
20
20
19
16
15
14
17
18
14
7
3
4
6
5
3
8
13
18
17
12
6
2
0
1
0
-4
-2
8
22
29
28
22
18
18
18
18
19
20
22
26
26
24
19
12
0
-14
-18
-12
2
11
9
1
-3
0
3
0
-4
-2
5
14
14
14
17
26
35
38
32
24
21
28
40
53
58
58
51
46
41
39
36
33
30
28
29
31
37
46
54
50
34
14
2
0
3
2
-2
-5
-4
-4
-10
-19
-23
-24
-26
-32
-30
-18
-1
5
-2
-14
-22
-28
-38
-45
-45
-34
-24
-23
-25
-25
-23
-21
-27
-38
-50
-55
-52
-41
-32
-30
-33
-37
-48
-67
-90
-108
-112
-105
-97
-102
-109
-111
-101
-91
-87
-97
-109
-107
-87
-53
-21
5
32
61
91
108
116
130
164
208
239
257
283
339
423
489
490
422
341
322
387
481
509
433
295
193
175
202
191
99
-29
-122
-155
-168
-200
-230
-221
-196
-221
-311
-395
-384
-285
-188
-164
-198
-231
-224
-175
-96
-15
19
-22
-93
-109
-46
35
63
38
10
5
-2
-26
-48
-56
-67
-97
-126
-128
-116
-128
-159
-170
-149
-135
-160
-193
-181
-124
-70
-42
-26
-1
23
41
66
114
162
181
184
204
247
281
282
259
236
218
201
189
185
175
150
121
105
94
66
19
-29
-55
-73
-100
-133
-160
-167
-165
-163
-165
-175
-191
-199
-185
-155
-125
-111
-98
-75
-45
-24
-21
-26
-26
-18
-13
-6
11
42
78
97
93
77
64
57
52
48
41
38
41
53
63
60
43
17
-2
-8
-13
-22
-30
-25
-6
14
23
20
14
12
13
13
13
19
36
59
79
86
85
79
73
64
53
44
42
41
38
32
27
25
21
12
-11
-39
-71
-92
-93
-73
-51
-43
-56
-74
-79
-69
-52
-42
-40
-39
-32
-12
11
35
52
57
52
44
43
52
62
67
66
71
82
88
77
54
34
23
19
19
21
31
49
63
61
41
16
6
10
13
4
-11
-12
4
19
21
4
-13
-23
-30
-36
-39
-40
-42
-45
-48
-49
-47
-47
-48
-51
-59
-71
-73
-60
-44
-38
-45
-52
-51
-46
-40
-35
-29
-23
-13
-2
8
11
8
8
18
29
29
14
-2
-5
6
19
23
17
12
10
12
11
6
-3
-5
1
10
15
13
9
8
11
13
10
9
13
22
26
24
18
15
17
16
13
10
10
11
14
19
24
25
21
11
4
-3
-6
-4
-2
-5
-13
-17
-13
-7
-6
-8
-9
-6
-2
0
2
8
11
9
5
5
9
15
20
20
18
13
14
21
28
32
31
28
27
27
30
35
39
37
30
28
32
39
45
47
45
39
30
20
17
16
17
12
4
-4
-8
-13
-18
-24
-24
-21
-18
-19
-25
-31
-31
-27
-24
-25
-31
-34
-30
-27
-27
-32
-33
-25
-16
-13
-12
-9
-4
0
0
1
1
0
-1
1
7
11
11
9
8
13
18
19
17
12
9
9
16
20
21
15
10
12
18
22
21
21
27
37
42
39
34
30
28
28
25
20
15
8
4
4
5
5
4
2
0
0
2
8
14
11
4
1
7
19
25
21
12
2
-5
-3
5
12
12
9
8
14
21
22
20
20
21
26
31
34
29
22
20
26
36
38
34
27
21
19
19
18
21
21
21
23
26
25
19
15
21
32
40
39
35
32
30
32
33
30
24
13
5
6
12
18
18
18
23
32
34
30
25
23
26
27
25
23
20
16
7
-3
-8
-7
-4
-2
3
8
11
8
2
-4
-5
-4
-3
0
2
4
3
2
0
-3
-5
0
8
13
13
7
3
2
4
4
1
-2
-3
-1
1
3
0
-3
-3
1
4
1
-2
-4
-2
2
5
4
3
4
5
7
9
14
16
17
17
22
30
32
25
15
14
21
29
27
16
3
-5
-4
-1
-1
-4
-2
4
11
16
16
15
13
7
0
2
10
22
26
25
18
10
5
6
14
24
26
26
27
31
30
24
20
23
31
37
33
28
25
24
22
18
15
17
22
22
16
7
3
4
8
13
21
30
35
32
26
22
20
18
18
22
29
31
25
16
9
11
13
14
13
15
22
29
32
27
19
12
13
17
18
16
14
18
22
26
27
29
32
34
35
34
33
31
28
28
31
33
32
27
24
22
18
9
-2
-5
3
16
23
21
18
15
11
8
7
10
19
21
16
8
3
4
7
12
19
23
22
14
11
11
14
14
13
12
12
8
2
-4
-6
-5
-5
-4
0
6
8
3
-5
-10
-9
-11
-14
-14
-5
5
9
6
2
4
8
14
16
12
5
-1
-5
-2
2
7
10
13
14
13
12
13
16
20
24
24
23
21
19
19
21
21
22
21
21
20
17
13
9
10
13
19
26
29
26
18
11
7
6
2
0
0
3
9
12
15
18
22
25
22
17
8
4
5
10
15
15
11
5
1
3
9
13
13
8
3
3
3
4
1
-2
-2
-4
-4
-5
-6
-5
-5
0
6
10
9
5
0
-1
2
3
5
5
4
4
4
7
12
17
20
20
18
16
19
28
40
46
44
37
31
25
23
23
24
26
28
29
30
29
29
30
34
38
38
33
29
32
38
42
38
31
24
22
23
24
25
25
25
23
23
20
21
22
22
19
12
9
10
13
13
13
14
17
20
16
7
-1
-2
0
4
9
11
10
7
4
1
1
4
7
12
15
18
20
26
30
32
28
24
21
20
15
8
4
9
18
26
26
21
15
10
7
6
8
14
23
28
29
27
28
31
30
23
12
8
9
11
9
8
9
9
6
1
-6
-9
-9
-7
1
9
16
18
15
12
10
5
4
5
4
1
-1
1
6
5
1
-4
-3
0
0
-1
-2
2
8
14
18
19
22
26
26
25
23
24
25
25
25
25
25
25
25
21
18
15
13
15
17
17
17
21
27
32
33
30
27
25
25
24
19
12
7
3
-1
-8
-12
-12
-7
1
8
13
18
24
30
30
26
18
16
20
24
25
23
18
14
7
0
-6
-6
-4
-3
0
2
3
3
4
2
1
-2
-2
3
11
17
19
21
25
28
26
21
13
5
-1
-3
-2
2
5
9
14
17
17
13
12
14
15
13
13
13
18
22
23
20
14
4
-2
-2
6
16
21
19
16
16
17
18
17
15
16
19
17
16
18
21
25
27
26
24
22
16
13
11
14
18
22
26
30
30
28
23
19
19
21
22
22
24
28
33
35
34
32
32
34
34
31
27
25
26
29
32
30
28
26
29
33
37
37
34
29
27
26
28
27
29
30
29
22
12
7
7
11
10
9
8
10
11
9
8
9
13
16
18
20
22
20
20
24
29
27
19
13
13
15
15
11
11
13
16
16
14
14
13
7
-1
-5
-1
4
5
4
4
5
5
5
4
5
5
3
2
-2
-6
-10
-9
-5
-2
-5
-8
-10
-7
-5
-4
-4
-3
-5
-4
-2
-1
-3
-6
-9
-8
-4
-4
-5
-5
1
7
10
9
7
6
5
3
1
2
8
13
14
13
11
11
13
13
12
12
13
13
12
12
14
13
13
15
19
21
17
11
9
13
15
17
21
31
37
39
33
31
34
36
33
29
29
32
34
30
22
21
27
35
36
32
26
24
24
26
26
24
23
23
19
14
13
14
15
16
17
20
23
26
25
24
24
26
25
24
24
26
30
32
30
27
26
24
23
21
15
13
13
16
15
16
14
16
15
16
19
23
27
26
25
25
25
26
25
25
24
22
18
15
18
25
33
35
29
22
17
17
18
16
11
8
8
8
5
2
1
3
3
1
-2
-3
-2
2
5
5
3
2
2
0
-2
-1
2
4
2
-2
-1
3
10
11
8
3
-2
-5
-4
-2
3
8
12
13
13
11
12
12
13
13
14
19
25
29
28
26
24
23
24
26
25
26
24
29
31
33
32
31
32
31
29
26
25
26
29
34
37
38
35
31
27
27
26
24
20
20
23
26
25
20
16
14
14
15
14
15
15
15
16
16
19
22
26
29
32
30
30
27
21
16
13
9
6
4
4
5
6
6
8
13
17
17
14
15
15
16
14
14
14
12
6
2
0
1
-1
-1
5
13
16
12
5
2
3
4
5
4
3
3
2
0
-2
-1
2
4
4
1
-2
-4
-2
2
2
0
-4
-4
1
7
12
14
13
12
9
4
5
12
20
26
26
23
22
20
15
12
12
13
11
6
1
2
6
7
5
4
4
6
5
4
8
12
15
15
13
13
14
14
13
13
13
13
14
13
13
14
18
22
25
25
24
24
25
27
29
31
28
26
24
24
25
25
24
25
28
32
32
31
27
25
25
26
27
26
26
27
30
33
32
25
19
15
13
14
11
5
4
9
16
19
17
16
17
18
17
17
20
25
29
32
33
31
27
24
24
22
18
14
12
13
12
6
2
-1
-1
-1
1
8
15
16
15
17
22
26
24
22
25
29
26
16
8
8
9
9
9
14
20
18
13
8
7
9
9
8
7
4
0
1
2
3
-1
-3
-2
5
10
13
13
13
12
16
20
24
23
21
21
23
23
22
21
22
26
29
28
26
24
23
24
23
18
14
13
16
15
15
14
15
16
15
15
14
16
15
15
15
13
9
4
3
4
5
4
1
-1
-1
1
3
5
4
4
4
4
7
9
12
10
5
1
3
6
6
4
3
4
6
5
3
2
3
0
-5
-7
-5
-2
-2
-1
1
5
10
16
21
24
22
18
18
23
28
27
25
27
30
27
20
15
17
21
21
19
18
20
20
19
17
15
12
9
8
9
13
16
17
20
20
20
18
18
20
20
19
18
20
22
21
18
20
26
29
27
24
24
26
26
25
24
24
24
21
18
14
12
14
20
26
28
26
25
25
24
25
24
24
25
24
24
25
25
24
24
25
25
24
24
25
25
25
27
31
32
31
27
24
24
23
18
13
12
16
18
17
13
9
7
4
3
5
6
8
11
15
14
10
7
8
11
9
3
2
5
8
6
2
4
7
6
4
3
6
4
4
5
6
6
6
7
13
17
12
3
-1
-1
0
0
1
5
7
6
6
10
16
17
14
13
15
15
15
12
13
11
7
3
2
5
5
3
0
-2
-2
-3
-2
-2
-2
-2
1
7
13
17
21
25
24
17
12
10
12
14
11
12
13
14
13
11
15
19
23
25
24
23
23
21
20
16
13
13
17
23
25
24
22
25
29
31
28
26
24
25
27
26
25
26
26
26
26
26
26
26
26
26
26
26
25
26
26
26
26
26
26
26
26
27
26
25
25
26
26
26
25
26
26
28
30
31
29
28
25
24
26
29
32
29
24
19
19
22
26
27
26
24
23
19
10
0
-5
-1
5
9
12
