
378
413
368
405
439
473
570
384
518
498
472
475
463
402
444
433
378
425
375
344
268
363
237
304
293
229
263
278
286
275
233
183
224
205
151
186
212
193
242
200
218
266
232
317
253
244
288
281
328
292
283
265
291
359
298
332
256
267
312
286
235
256
275
238
307
238
226
188
248
131
172
86
103
127
75
138
73
94
63
87
-48
11
24
-102
-95
-110
-151
-162
-224
-200
-219
-375
-261
-249
-298
-336
-315
-360
-333
-387
-448
-337
-520
-453
-423
-587
-438
-502
-484
-440
-531
-553
-528
-488
-523
-508
-557
-471
-507
-425
-423
-520
-428
-382
-454
-403
-354
-284
-303
-279
-227
-167
-287
-168
-144
-215
-129
-159
-72
-201
-84
-198
-142
-212
-155
-65
-152
-133
-117
-131
-153
-190
-205
-130
-142
-195
-145
-167
-158
-135
-154
-159
-177
-22
-136
-67
-43
-79
-76
-110
-54
-24
-10
34
108
147
75
154
135
218
234
261
205
283
292
237
282
266
316
192
349
320
395
369
393
428
445
470
401
513
392
447
413
508
472
498
548
460
568
440
481
494
561
493
558
600
525
580
536
578
526
485
436
435
373
376
438
408
389
424
360
379
478
357
278
357
285
298
229
238
237
107
175
135
83
90
-4
93
16
17
-74
-108
-179
-146
-177
-147
-146
-191
-125
-191
-88
-195
-143
-249
-210
-239
-212
-298
-288
-305
-314
-354
-291
-284
-348
-356
-363
-332
-455
-351
-425
-358
-391
-391
-338
-445
-361
-456
-444
-447
-533
-422
-492
-472
-458
-570
-493
-479
-507
-489
-478
-428
-470
-441
-428
-505
-464
-450
-489
-455
-362
-328
-377
-266
-271
-235
-233
-284
-143
-178
-162
-110
-161
-132
-191
-104
-178
-206
-127
-153
-160
-137
-46
-101
-80
-165
-54
-56
-74
-7
36
13
85
62
104
174
96
142
171
174
116
222
251
319
225
350
336
345
336
305
459
277
335
266
287
332
279
241
331
265
299
345
299
387
319
352
285
406
322
303
401
353
395
325
424
370
445
435
364
402
328
447
350
366
355
421
382
405
417
352
404
300
299
323
266
175
308
230
289
237
159
244
183
178
185
168
91
128
75
16
28
31
83
72
171
131
102
210
45
50
23
8
-2
13
-16
-34
14
-104
-72
-159
-161
-143
-237
-253
-334
-278
-384
-388
-350
-509
-415
-423
-425
-374
-445
-419
-441
-378
-521
-438
-322
-531
-389
-459
-446
-451
-445
-423
-436
-453
-426
-387
-424
-379
-433
-387
-363
-366
-382
-350
-309
-308
-323
-309
-307
-269
-333
-269
-293
-284
-240
-197
-280
-250
-232
-264
-330
-421
-292
-361
-339
-362
-266
-255
-267
-205
-218
-134
-191
-173
-117
-118
-104
-83
-12
-77
46
-5
73
38
42
130
115
171
103
218
131
155
241
219
176
222
172
156
203
144
265
237
243
294
301
294
282
252
154
196
232
208
270
260
390
424
411
397
474
448
398
451
452
352
454
375
396
422
349
529
388
452
439
470
541
497
436
473
429
444
433
434
492
454
435
471
402
368
312
251
216
225
187
143
174
134
223
172
190
145
146
72
90
43
-14
23
17
-28
-51
-5
-55
-8
57
-15
49
-17
10
-40
-43
-127
-100
-89
-153
-65
-177
-131
-175
-168
-175
-239
-293
-307
-339
-346
-320
-391
-363
-312
-383
-417
-401
-427
-446
-430
-442
-570
-467
-487
-454
-441
-517
-433
-537
-506
-434
-487
-477
-497
-472
-434
-411
-357
-376
-405
-379
-382
-318
-338
-329
-314
-308
-317
-272
-253
-321
-387
-360
-312
-454
-327
-353
-353
-381
-347
-329
-318
-221
-258
-283
-194
-157
-119
-173
-176
-160
-219
-155
-140
-151
-137
-143
-27
-61
-14
-56
85
46
87
134
71
111
60
63
127
229
136
233
266
319
290
342
299
325
265
397
442
334
459
454
420
464
504
443
514
423
452
493
519
554
543
488
480
534
503
569
602
566
540
602
534
613
557
539
535
488
504
542
515
462
517
476
522
461
443
427
402
354
325
248
339
229
310
357
282
282
192
272
182
128
15
51
-6
-26
27
-1
-47
3
-27
-106
-43
-82
-69
-146
-60
-184
-120
-156
-201
-194
-216
-244
-232
-245
-241
-125
-243
-238
-226
-266
-289
-280
-319
-310
-313
-390
-250
-307
-438
-398
-421
-305
-390
-375
-392
-440
-393
-416
-343
-443
-418
-475
-452
-422
-492
-369
-399
-447
-397
-414
-470
-333
-428
-425
-421
-365
-303
-348
-292
-271
-258
-289
-248
-162
-235
-213
-170
-203
-111
-68
-215
-105
-192
-197
-151
-193
-138
-180
-173
-159
-137
-173
-137
-113
-116
-180
-127
-103
-4
-32
-47
30
92
22
68
5
18
61
57
47
75
146
179
227
245
122
274
136
185
265
190
250
267
269
287
324
277
320
347
241
301
270
302
301
258
266
293
258
281
328
319
343
397
372
367
383
318
395
375
370
384
358
366
400
396
361
397
440
370
423
435
384
386
370
284
289
234
178
238
208
213
209
240
208
239
255
244
189
192
233
248
316
198
232
216
70
153
60
4
-63
7
-56
-25
-39
-78
9
-147
-149
-167
-154
-195
-202
-166
-220
-186
-239
-249
-278
-297
-316
-278
-370
-356
-264
-273
-330
-246
-274
-324
-306
-339
-366
-344
-475
-426
-386
-434
-418
-360
-405
-400
-418
-438
-413
-475
-474
-393
-404
-458
-442
-457
-451
-440
-438
-469
-376
-363
-414
-394
-371
-359
-344
-434
-431
-441
-480
-469
-390
-386
-362
-305
-304
-225
-238
-189
-200
-118
-79
-123
-94
41
-24
66
-1
-68
46
36
47
33
66
36
32
9
125
22
100
188
186
250
166
309
258
244
291
253
290
238
305
267
284
342
318
336
329
421
396
431
459
449
480
468
508
539
541
547
516
554
507
494
523
407
458
413
372
432
442
423
450
428
450
410
416
432
415
395
393
406
438
372
384
396
437
345
371
405
374
281
284
277
229
306
188
241
143
126
269
176
172
163
125
55
60
7
-22
-63
-115
-111
-115
-132
-218
-164
-138
-187
-244
-198
-212
-228
-341
-264
-322
-347
-363
-349
-351
-350
-234
-366
-265
-319
-299
-304
-344
-302
-304
-289
-233
-269
-312
-252
-279
-275
-325
-340
-352
-443
-338
-391
-415
-328
-401
-383
-398
-412
-406
-432
-443
-438
-473
-447
-499
-473
-474
-487
-464
-467
-530
-398
-527
-422
-408
-365
-292
-397
-285
-358
-310
-297
-185
-176
-151
-132
-85
34
12
61
19
43
10
50
70
25
66
-15
97
5
63
66
108
72
120
191
85
150
82
88
52
110
102
31
70
119
91
231
212
220
191
285
219
271
338
324
370
321
346
467
464
512
571
496
599
497
618
652
564
585
539
573
528
556
638
573
549
572
488
494
506
381
395
288
265
321
299
328
250
269
256
207
196
285
164
192
209
160
189
185
253
180
147
141
95
157
58
55
71
-36
39
7
-31
-66
-56
-47
-50
-85
-66
-70
-157
-95
-177
-172
-202
-183
-154
-205
-140
-202
-152
-260
-220
-278
-289
-292
-309
-267
-291
-219
-196
-201
-314
-272
-306
-301
-364
-366
-400
-450
-429
-330
-394
-425
-374
-406
-358
-332
-368
-351
-362
-404
-317
-385
-425
-416
-467
-396
-429
-444
-377
-406
-462
-468
-404
-388
-397
-361
-342
-269
-318
-273
-255
-333
-336
-305
-326
-398
-362
-414
-332
-359
-275
-290
-336
-249
-250
-250
-139
-136
-132
-51
-20
75
38
78
52
117
123
142
192
207
229
247
311
273
308
300
264
354
327
382
373
363
463
399
337
419
361
396
459
458
491
521
481
481
465
444
464
411
474
426
455
530
475
513
548
565
528
525
546
478
505
450
448
414
358
368
323
328
355
355
344
283
262
195
179
212
76
113
67
73
47
5
50
21
-17
21
4
27
-34
-2
-58
-42
49
-71
-31
-55
-3
-18
-17
-41
28
-55
-112
-61
-114
-183
-139
-174
-219
-163
-257
-105
-172
-154
-127
-200
-101
-135
-112
-185
-133
-148
-132
-171
-133
-170
-196
-255
-268
-278
-312
-313
-294
-296
-290
-297
-219
-294
-366
-283
-419
-326
-318
-267
-369
-309
-309
-247
-231
-230
-297
-289
-227
-295
-255
-341
-319
-327
-291
-265
-300
-199
-238
-225
-167
-222
-145
-239
-159
-190
-195
-187
-213
-293
-237
-240
-240
-261
-233
-179
-229
-223
-230
-209
-177
-189
-189
-128
-137
-187
-176
-115
-181
-117
-114
-90
4
-7
64
121
146
200
184
219
227
278
255
145
231
191
247
223
211
348
288
315
344
284
322
336
370
391
382
422
332
332
321
326
337
340
342
316
363
407
398
367
414
393
366
403
367
385
368
434
445
451
391
482
451
362
468
346
350
331
312
402
310
373
403
303
369
332
306
253
248
291
210
213
212
92
125
126
95
102
45
49
10
67
-49
-30
-23
-109
-118
-157
-156
-132
-159
-190
-171
-207
-281
-234
-340
-319
-320
-376
-359
-454
-352
-325
-409
-388
-421
-393
-377
-414
-350
-408
-376
-449
-382
-411
-430
-480
-498
-497
-484
-432
-521
-548
-456
-480
-440
-496
-488
-474
-518
-497
-503
-390
-483
-470
-408
-472
-424
-471
-424
-445
-374
-402
-346
-301
-287
-204
-231
-193
-175
-136
-171
-168
-98
-78
-145
-68
-49
31
65
72
34
92
42
63
30
29
120
57
68
117
33
68
122
115
54
151
115
106
143
94
106
141
85
175
168
184
270
274
312
324
349
370
420
333
441
436
436
480
423
454
474
398
483
379
360
414
426
432
414
481
454
537
442
516
501
493
488
513
486
492
459
462
454
318
467
384
360
367
353
419
375
307
263
203
239
261
191
229
177
239
223
247
222
190
180
100
112
207
110
139
122
46
118
97
107
94
11
-37
-39
-47
-97
-83
-94
-118
-59
-202
-124
-243
-228
-279
-321
-289
-269
-229
-340
-306
-260
-365
-311
-304
-365
-282
-381
-286
-413
-369
-455
-487
-489
-504
-436
-546
-404
-478
-363
-362
-411
-384
-386
-311
-407
-355
-478
-363
-393
-451
-381
-440
-433
-381
-405
-465
-454
-525
-436
-465
-466
-418
-442
-416
-427
-445
-433
-459
-423
-377
-367
-355
-337
-351
-351
-261
-295
-370
-227
-194
-178
-156
-149
-54
-14
24
-6
79
95
127
196
217
277
264
187
188
229
212
133
119
87
53
148
154
185
254
281
289
335
379
424
508
387
459
370
405
389
369
417
519
423
408
514
523
556
516
584
488
578
480
430
513
397
416
428
328
483
421
476
326
463
413
381
399
349
378
314
335
296
386
354
297
402
273
351
333
251
234
178
269
129
201
74
135
139
128
111
37
19
81
97
124
141
106
71
139
59
64
-38
-104
-118
-209
-154
-231
-239
-236
-186
-192
-184
-230
-289
-272
-326
-260
-280
-345
-367
-352
-293
-467
-420
-459
-533
-465
-459
-457
-455
-440
-391
-378
-387
-364
-362
-389
-313
-291
-199
-260
-180
-141
-210
-158
-186
-168
-236
-250
-165
-193
-205
-200
-252
-227
-266
-243
-308
-274
-245
-286
-272
-255
-229
-336
-421
-357
-435
-412
-422
-372
-311
-431
-357
-346
-318
-324
-381
-375
-328
-250
-285
-268
-284
-222
-172
-112
-105
-59
-17
-48
85
66
70
67
58
132
164
162
211
225
219
210
249
248
283
323
320
356
355
420
395
359
370
290
276
296
216
222
264
359
391
376
403
481
441
508
439
448
411
379
409
460
450
459
491
499
496
451
473
529
544
482
394
419
455
403
441
388
386
272
299
263
229
205
143
170
130
94
125
82
140
99
94
167
134
203
167
224
119
98
120
62
58
-45
-19
-16
-23
1
4
-56
-80
-52
0
-65
-78
21
-68
-51
-28
-37
-46
-146
-100
-149
-112
-193
-206
-169
-259
-252
-175
-246
-211
-235
-157
-236
-314
-288
-385
-378
-438
-417
-441
-497
-502
-500
-554
-546
-559
-616
-626
-540
-597
-541
-520
-526
-465
-520
-388
-418
-354
-462
-388
-429
-420
-349
-456
-373
-352
-306
-322
-251
-276
-216
-220
-125
-204
-140
-165
-205
-170
-235
-129
-211
-96
-131
-46
-67
-56
-94
-123
-122
-203
-118
-113
-120
-87
-94
-48
-13
-14
-23
-15
71
109
72
52
78
71
147
132
40
68
157
132
183
151
184
231
221
220
209
263
256
283
323
301
278
278
303
310
315
361
304
351
393
427
470
460
464
399
459
418
475
443
473
503
460
511
459
453
433
439
373
371
422
396
396
381
413
373
402
409
398
479
350
346
406
310
292
262
289
268
297
232
174
158
119
114
54
102
34
37
68
40
74
-31
29
-6
-12
48
18
14
-37
-83
28
-71
-101
-122
-172
-127
-154
-165
-118
-136
-223
-172
-85
-81
-193
-103
-222
-200
-255
-307
-356
-367
-396
-400
-367
-457
-402
-421
-459
-467
-472
-443
-519
-478
-488
-512
-455
-553
-547
-528
-556
-546
-542
-552
-505
-491
-522
-506
-505
-448
-406
-460
-383
-322
-335
-362
-357
-423
-387
-415
-371
-392
-329
-323
-311
-259
-292
-205
-288
-138
-229
-180
-120
-125
-63
-121
-10
-58
-68
-19
-32
41
51
46
138
98
124
169
234
200
259
239
286
257
282
317
330
389
338
436
392
508
497
484
459
447
469
417
485
345
353
405
403
433
511
511
557
515
546
536
579
462
509
508
433
477
481
457
477
440
356
458
406
421
360
367
374
317
293
289
277
201
254
242
181
201
177
217
122
190
180
162
202
146
271
169
224
195
107
159
144
218
95
100
60
32
-34
51
-44
-54
-135
-99
-118
-162
-58
-232
-168
-188
-192
-279
-223
-326
-352
-308
-451
-408
-390
-458
-472
-528
-521
-509
-507
-481
-493
-441
-514
-446
-445
-445
-500
-444
-416
-435
-342
-397
-321
-350
-291
-330
-366
-447
-480
-507
-550
-508
-561
-481
-491
-472
-500
-493
-416
-470
-533
-504
-467
-484
-488
-382
-389
-349
-257
-243
-215
-219
-157
-177
-210
-151
-140
-195
-138
-149
-84
-50
-107
38
-43
32
56
85
80
101
213
35
187
135
224
311
223
274
353
371
390
349
352
457
429
387
433
398
406
470
487
519
478
467
482
531
495
459
501
475
541
555
597
553
590
590
521
509
531
508
496
463
408
480
368
479
368
407
339
373
402
332
307
200
221
250
264
259
305
306
318
326
240
307
248
258
189
147
162
135
33
70
28
73
66
44
83
79
110
49
81
15
16
12
-52
-25
-62
-117
-116
-120
-120
-130
-66
-176
-57
-129
-72
-82
-214
-82
-204
-208
-252
-234
-272
-289
-365
-368
-450
-408
-372
-445
-328
-379
-353
-354
-295
-410
-343
-337
-444
-389
-446
-444
-425
-458
-418
-415
-421
-391
-348
-332
-314
-268
-245
-217
-279
-209
-243
-300
-198
-244
-195
-304
-268
-224
-291
-288
-290
-293
-341
-341
-317
-259
-274
-311
-320
-278
-293
-344
-260
-325
-271
-236
-255
-170
-176
-80
-141
-139
-82
-143
-59
-126
4
54
17
98
105
132
143
213
108
166
179
152
193
150
119
217
226
271
197
318
238
235
254
245
384
198
228
271
253
134
228
230
154
234
182
235
276
331
316
296
333
390
354
381
458
404
456
459
507
458
440
482
379
456
442
349
484
399
450
447
417
393
377
357
303
318
246
278
268
257
237
178
198
117
114
117
73
128
111
36
130
78
41
-28
68
24
123
33
152
182
19
149
73
110
15
49
66
54
100
-19
20
-3
9
73
-19
31
-1
-71
-51
-106
-133
-188
-213
-253
-212
-139
-208
-269
-275
-361
-322
-323
-388
-419
-359
-330
-378
-343
-431
-371
-490
-472
-472
-513
-501
-515
-492
-467
-535
-654
-581
-592
-603
-593
-607
-651
-592
-545
-516
-493
-480
-407
-408
-318
-311
-274
-389
-334
-291
-332
-249
-288
-353
-340
-232
-246
-272
-207
-255
-252
-255
-283
-179
-248
-145
-161
-109
-47
-13
-60
-16
5
-46
-3
-40
127
70
168
111
243
214
193
256
165
180
139
221
107
250
209
210
270
319
269
356
346
338
379
311
331
314
341
257
290
371
304
302
370
397
396
404
465
521
528
431
530
493
476
546
430
426
484
462
418
428
414
380
443
397
462
404
418
374
409
374
301
358
318
336
295
355
319
301
268
334
280
302
351
193
304
226
360
276
275
296
319
240
139
168
130
83
28
69
-53
-14
22
59
-35
-114
-106
-154
-176
-164
-256
-249
-238
-310
-339
-401
-410
-467
-518
-439
-457
-491
-430
-505
-523
-489
-480
-484
-437
-493
-492
-449
-492
-435
-466
-530
-512
-468
-473
-416
-363
-466
-437
-413
-419
-459
-490
-551
-502
-540
-455
-489
-442
-417
-380
-392
-333
-311
-363
-345
-403
-382
-442
-391
-349
-293
-322
-197
-223
-233
-142
-192
-164
-185
-168
-193
-162
-105
-127
-57
-133
-61
-47
-6
10
22
34
17
116
125
101
165
203
232
225
159
300
275
239
233
319
257
308
351
306
321
291
348
263
383
362
390
417
419
532
408
490
497
494
476
508
449
491
504
351
384
400
393
449
455
397
536
437
416
511
455
479
466
505
462
474
512
435
493
483
360
434
420
250
330
305
327
399
269
282
256
293
177
210
120
57
93
70
52
120
123
42
98
32
12
-12
-23
-66
-91
-185
-147
-99
-69
-147
-116
-182
-183
-214
-229
-237
-306
-291
-350
-399
-446
-358
-395
-391
-414
-352
-410
-360
-379
-401
-408
-439
-446
-500
-401
-479
-457
-456
-468
-437
-437
-516
-491
-482
-559
-511
-499
-509
-424
-444
-436
-407
-460
-421
-396
-385
-360
-401
-413
-315
-393
-410
-290
-379
-426
-294
-327
-284
-230
-255
-202
-206
-162
-83
-119
-114
-69
-86
-25
-39
8
-22
-8
5
2
27
-51
-12
58
23
44
-3
28
35
71
98
2
134
42
178
165
134
131
123
146
116
137
124
174
144
155
215
208
197
190
193
323
274
289
312
321
378
399
379
385
296
383
372
459
544
500
464
516
533
487
602
495
472
516
487
509
464
516
357
413
348
361
408
351
442
358
445
358
338
276
268
212
256
242
161
228
247
262
290
225
287
195
212
174
179
234
59
166
101
84
11
72
-43
-85
-78
-98
-58
-128
-64
-122
-102
-121
-83
-123
-98
-145
-219
-220
-190
-250
-282
-308
-352
-289
-390
-341
-410
-334
-390
-350
-370
-330
-325
-405
-336
-384
-347
-427
-449
-417
-517
-534
-489
-490
-507
-509
-502
-428
-501
-435
-423
-511
-455
-514
-543
-497
-534
-565
-538
-502
-489
-506
-475
-426
-464
-340
-413
-371
-358
-311
-222
-216
-204
-213
-94
-209
-141
-94
-81
-130
-131
-12
-27
-66
40
-87
-1
-1
-2
38
65
66
96
90
116
116
107
75
86
150
68
118
146
155
165
128
127
86
74
141
113
192
166
211
330
331
305
387
339
382
310
333
311
351
339
302
340
285
320
366
293
407
418
395
446
399
446
438
485
428
458
405
412
437
411
368
365
381
359
479
399
433
381
356
378
313
437
309
381
309
313
354
342
272
268
292
196
335
272
382
334
326
324
345
427
281
273
259
137
171
152
119
108
-7
82
-13
-14
-59
-158
-163
-202
-134
-249
-202
-175
-139
-169
-115
-86
-172
-189
-201
-277
-273
-345
-335
-330
-431
-277
-343
-314
-372
-408
-413
-440
-377
-407
-400
-380
-476
-432
-382
-400
-445
-417
-325
-409
-398
-435
-435
-430
-445
-465
-453
-446
-471
-423
-506
-398
-450
-454
-422
-428
-393
-383
-430
-406
-468
-457
-421
-439
-349
-330
-414
-250
-224
-250
-274
-275
-211
-233
-159
-143
-105
-18
-94
16
-70
-7
-20
9
76
30
118
65
151
107
93
89
153
143
192
161
150
215
174
131
157
148
166
181
117
172
215
240
238
335
264
328
251
287
349
331
413
408
404
462
387
403
413
412
314
366
348
309
411
319
408
362
368
415
400
386
379
441
485
455
475
507
547
571
542
464
587
471
507
465
393
401
314
386
331
342
319
396
394
378
385
361
418
292
280
258
169
233
208
207
181
56
126
83
38
-83
1
-58
-128
-45
-130
-143
-146
-194
-210
-275
-303
-255
-342
-353
-467
-375
-507
-387
-450
-446
-352
-411
-413
-459
-470
-479
-492
-511
-435
-508
-525
-553
-533
-591
-581
-511
-540
-558
-527
-505
-499
-467
-464
-456
-479
-443
-329
-387
-331
-287
-316
-326
-421
-336
-337
-321
-439
-315
-372
-341
-363
-325
-284
-326
-221
-346
-253
-281
-236
-287
-262
-226
-263
-280
-221
-185
-319
-188
-226
-193
-148
-135
-143
-78
-48
-8
-27
64
15
111
49
74
167
21
144
77
110
125
214
220
145
262
151
254
216
256
311
302
402
367
427
324
496
461
413
459
430
511
429
453
494
442
532
519
533
618
572
633
650
614
566
639
503
578
557
428
531
527
549
537
561
436
539
472
481
444
433
420
401
374
340
436
389
349
332
325
310
267
260
233
229
182
177
182
117
93
59
24
16
41
33
7
82
-17
-66
73
-60
2
-20
-13
-66
-5
-67
-70
-130
-146
-202
-167
-225
-238
-281
-325
-276
-364
-355
-400
-325
-377
-412
-430
-398
-450
-411
-467
-509
-547
-552
-571
-642
-566
-619
-578
-616
-522
-541
-542
-551
-534
-545
-513
-515
-519
-475
-525
-435
-438
-461
-490
-438
-431
-423
-325
-309
-273
-116
22
214
336
484
655
835
850
1029
1139
1107
981
706
499
340
-47
-454
-662
-950
-1032
-1160
-1331
-1319
-1447
-1529
-1643
-1648
-1603
-1637
-1717
-1710
-1706
-1452
-1559
-1440
-1325
-1191
-946
-828
-523
-397
-104
-76
77
283
362
354
197
200
308
592
648
752
936
1267
1708
1866
2324
2811
2979
3104
3085
3452
3468
3137
2818
2619
2637
2197
1722
1446
1355
986
524
117
-8
-285
-711
-960
-1192
-1198
-1422
-1568
-1599
-1636
-1773
-1730
-1545
-1441
-1461
-1306
-921
-691
-663
-493
-129
130
147
258
502
745
672
575
694
815
732
563
454
485
454
223
189
95
52
-100
-201
-185
-264
-298
-340
-323
-290
-279
-276
-232
-133
-81
-88
-2
191
118
227
285
461
439
435
501
560
599
599
659
699
678
580
600
536
649
643
672
672
746
801
732
765
734
683
605
478
340
164
-34
-291
-685
-958
-1215
-1409
-1574
-1780
-1952
-2091
-2102
-2320
-2307
-2362
-2438
-2472
-2504
-2419
-2321
-2202
-2141
-1986
-1906
-1598
-1445
-1236
-993
-816
-632
-491
-355
-136
-56
18
194
288
430
572
688
750
844
862
853
797
760
604
505
293
264
59
-208
-443
-613
-583
-482
-245
-131
95
331
722
1175
1675
2053
2292
2472
2702
2850
2888
2842
2510
2432
2216
2111
1879
1633
1548
1274
1004
704
524
342
-37
-272
-579
-743
-959
-1231
-1454
-1610
-1723
-1821
-1680
-1631
-1416
-1347
-1135
-726
-415
-144
64
246
480
521
515
581
491
318
115
25
-11
-179
-250
-230
-106
3
28
148
299
424
346
377
355
289
111
53
54
7
-94
-122
-112
50
199
402
645
928
1165
1421
1623
1865
1981
1917
2063
1940
1815
1697
1475
1306
1064
790
489
316
134
-87
-325
-484
-589
-672
-988
-1194
-1246
-1498
-1696
-1897
-2063
-2118
-2272
-2482
-2440
-2492
-2458
-2482
-2446
-2367
-2295
-2153
-2096
-1947
-1859
-1784
-1819
-1778
-1635
-1671
-1693
-1894
-1878
-1861
-2072
-2159
-2236
-2349
-2117
-1923
-1514
-990
-483
-12
585
1435
2328
2980
3646
4159
4582
4842
4787
4923
4883
4512
4052
3787
3648
3396
2726
2276
1904
1452
817
182
-114
-469
-1167
-1819
-2068
-2296
-2592
-3165
-3373
-3355
-3376
-3412
-3191
-2678
-2478
-2147
-1703
-1138
-511
-156
202
692
973
1071
1172
1191
1195
883
589
529
352
139
-57
-13
28
-93
-77
163
301
341
368
342
501
500
437
427
446
164
68
-19
-48
-34
-143
30
164
381
554
766
1125
1276
1437
1687
1769
2039
1995
1976
1885
1829
1639
1452
1318
1241
1213
1041
970
1024
1081
1040
925
867
740
715
485
149
-216
-495
-855
-1190
-1428
-1776
-2017
-2343
-2284
-2436
-2427
-2387
-2285
-2141
-2027
-1850
-1792
-1654
-1672
-1789
-1782
-1984
-1950
-2095
-2269
-2218
-2332
-2346
-2384
-2254
-2314
-2237
-2214
-2224
-1936
-1573
-936
-468
-181
333
1075
1793
2474
3124
3805
4281
4414
4555
5013
5282
4879
4377
4285
4519
4310
3661
3273
3089
2499
1596
865
511
71
-967
-1810
-2241
-2453
-2945
-3638
-3935
-3913
-4147
-4217
-4023
-3614
-3280
-3175
-2697
-2199
-1810
-1521
-1130
-841
-716
-680
-487
-163
-216
-360
-316
46
245
224
447
847
1151
1205
1318
1551
1632
1425
1167
1054
725
381
-17
-252
-386
-779
-997
-1152
-980
-956
-933
-801
-561
-400
-287
-98
84
259
137
202
346
504
643
731
1088
1317
1668
1908
2209
2553
2672
2772
2779
2715
2587
2328
1969
1603
1288
860
566
209
-124
-467
-811
-934
-1074
-1340
-1644
-1684
-1697
-1805
-1960
-2036
-1994
-2052
-2256
-2309
-2330
-2213
-2370
-2401
-2383
-2237
-2112
-2128
-2029
-2008
-1860
-1901
-1983
-2044
-2222
-2399
-2137
-1635
-1176
-775
-231
718
1590
2503
3409
4434
5259
5668
5849
6164
6656
6534
6033
5589
5552
5452
4651
4020
3733
3389
2586
1551
924
474
-247
-1340
-2119
-2616
-3146
-3915
-4484
-4718
-5003
-5313
-5357
-5169
-4871
-4697
-4372
-3709
-3176
-2574
-1960
-1303
-840
-569
-170
216
548
552
497
630
822
764
784
1068
1182
1383
1325
1485
1712
1625
1512
1394
1160
717
370
95
-172
-633
-1057
-1304
-1535
-1578
-1625
-1527
-1445
-1324
-1173
-788
-500
-208
-45
29
264
269
357
479
498
475
423
509
779
773
831
936
1014
1051
990
1067
1013
862
599
306
203
49
-165
-418
-737
-1006
-1051
-1198
-1304
-1383
-1553
-1596
-1596
-1706
-1689
-1682
-1971
-2095
-2206
-2338
-2372
-2645
-2760
-2817
-2888
-2961
-2945
-2879
-2822
-2687
-2635
-2052
-1365
-851
-402
234
1120
2046
2878
3830
4859
5569
6014
6420
6917
7323
7151
6724
6629
6561
6279
5564
5040
4652
3922
3023
2173
1671
1144
372
-557
-1052
-1448
-2019
-2728
-3300
-3659
-4142
-4457
-4593
-4587
-4464
-4488
-4151
-3786
-3467
-2916
-2357
-1791
-1409
-1117
-563
-282
-191
-147
-83
71
-47
-42
95
295
387
376
572
843
993
1132
1384
1490
1603
1558
1586
1692
1326
949
706
281
-48
-479
-783
-1010
-1232
-1415
-1428
-1161
-1003
-843
-754
-447
-173
-93
-64
-69
-159
-298
-476
-663
-879
-863
-931
-915
-850
-794
-499
-229
-29
15
251
415
576
483
275
248
-27
-289
-629
-857
-1079
-1355
-1548
-1766
-1661
-1610
-1645
-1658
-1685
-1660
-1626
-1938
-2133
-2336
-2727
-3025
-3445
-3774
-3997
-4283
-4433
-4335
-3697
-3031
-2258
-1546
-498
738
1764
2878
4003
5022
5663
6133
6436
6988
7075
6814
6500
6329
6311
5807
5282
4948
4568
4051
3292
2733
2266
1747
1046
220
-305
-726
-1423
-2219
-2801
-3284
-3699
-4132
-4316
-4264
-4228
-4096
-3770
-3360
-2767
-2235
-1773
-1233
-961
-568
-261
-79
-9
-127
-289
-296
-272
-315
-184
-207
-120
51
411
753
941
1337
1599
1871
1887
2071
2248
2159
1913
1577
1435
1076
873
483
128
30
-201
-258
-163
-46
108
80
288
453
501
551
426
284
-72
-333
-664
-945
-1308
-1550
-1644
-1692
-1584
-1408
-1099
-840
-552
-287
52
391
596
575
469
263
-7
-353
-555
-938
-1336
-1680
-1887
-1784
-2032
-1847
-1861
-1844
-1792
-1731
-1636
-1816
-2073
-2399
-2680
-3120
-3587
-3969
-4199
-4179
-4055
-3586
-3099
-2385
-1566
-664
534
1690
2839
3708
4464
4994
5526
5807
5818
5671
5541
5513
5268
4857
4499
4265
3870
3412
2873
2443
2133
1497
896
469
161
-287
-1111
-1671
-1991
-2398
-2896
-3368
-3615
-3688
-3839
-3863
-3723
-3473
-3086
-2733
-2445
-2009
-1441
-1034
-752
-535
-206
-88
-39
-102
-236
-202
-218
-392
-447
-333
-254
-158
-49
285
550
779
987
1250
1540
1804
1947
2016
2022
1827
1708
1477
1366
1047
797
543
382
346
441
477
586
650
774
936
1031
988
765
579
228
-107
-511
-788
-1251
-1616
-1836
-1895
-1891
-1763
-1465
-1210
-841
-434
-45
309
520
528
476
432
246
-96
-376
-657
-1002
-1368
-1518
-1671
-1618
-1600
-1603
-1472
-1405
-1396
-1343
-1486
-1685
-2073
-2437
-2542
-2513
-2474
-2398
-2117
-1781
-1265
-475
457
1375
2223
2936
3609
4346
5000
5357
5376
5357
5378
5322
4960
4603
4223
3831
3284
2695
2271
1906
1469
941
565
385
163
-170
-645
-931
-1132
-1506
-1880
-2235
-2422
-2756
-2948
-3087
-3076
-3009
-2882
-2792
-2598
-2216
-1968
-1636
-1424
-1206
-1069
-977
-853
-854
-1015
-1054
-1176
-1397
-1599
-1757
-1756
-1872
-1827
-1538
-1369
-1140
-821
-364
-76
170
447
635
805
903
930
898
905
831
644
651
635
653
641
635
857
951
917
989
1003
925
794
536
253
-12
-383
-696
-1038
-1362
-1545
-1766
-1705
-1683
-1587
-1335
-1004
-730
-417
-243
-28
159
131
96
-111
-177
-353
-534
-744
-994
-1007
-1157
-1220
-1232
-1277
-1165
-1265
-1323
-1261
-1352
-1547
-1478
-1221
-985
-836
-677
-168
516
1002
1560
2302
3045
3534
3712
4143
4776
4947
4820
4691
4896
4950
4546
4155
3997
3804
3204
2621
2267
2072
1473
792
281
119
-99
-682
-937
-1098
-1192
-1405
-1499
-1382
-1311
-1333
-1431
-1255
-1072
-1008
-1064
-1096
-1084
-1015
-1093
-1050
-910
-918
-879
-781
-576
-502
-544
-581
-643
-766
-897
-1072
-1344
-1615
-1772
-1875
-1898
-1956
-1812
-1633
-1420
-1151
-898
-467
-125
68
285
554
843
906
906
964
978
988
867
809
829
775
656
632
535
443
454
206
-15
-446
-691
-1033
-1442
-1821
-2175
-2426
-2711
-2845
-2879
-2723
-2506
-2369
-2097
-1733
-1364
-1171
-1029
-828
-821
-819
-914
-953
-1080
-1298
-1462
-1527
-1632
-1674
-1681
-1656
-1655
-1746
-1643
-1610
-1636
-1609
-1471
-1016
-759
-539
-88
455
1063
1528
2134
2798
3316
3614
4024
4524
4755
4784
4682
4860
4778
4449
4071
3793
3542
2978
2397
1972
1616
1176
613
190
74
-155
-441
-607
-584
-563
-538
-457
-245
-48
51
258
417
625
690
636
692
709
670
558
555
541
452
288
186
171
14
-185
-284
-417
-524
-647
-902
-1160
-1441
-1543
-1868
-2044
-2076
-2044
-1978
-1879
-1483
-1199
-734
-415
2
187
581
793
1079
1172
1161
1288
1071
1184
987
1004
901
700
711
552
581
526
334
218
17
-223
-479
-751
-1057
-1456
-1928
-2256
-2356
-2577
-2646
-2680
-2535
-2331
-2246
-1959
-1681
-1304
-1193
-977
-907
-713
-634
-682
-793
-979
-1099
-1410
-1547
-1810
-2033
-2297
-2627
-2843
-3004
-2883
-2622
-2335
-2012
-1615
-894
-202
519
1316
2059
2644
3104
3462
3815
4197
4256
4109
4073
4180
4213
3842
3638
3448
3053
2621
2085
1731
1261
551
-142
-730
-1053
-1444
-2082
-2532
-2614
-2745
-2876
-2791
-2392
-1921
-1687
-1261
-645
84
637
1035
1232
1642
1986
2043
2039
1956
1956
1716
1463
1285
1153
966
636
365
180
111
-201
-596
-913
-1053
-1415
-1649
-1779
-1931
-1948
-1988
-1843
-1727
-1547
-1232
-990
-658
-252
144
547
864
1239
1543
1694
2001
2122
2239
2136
2128
1946
1772
1699
1453
1239
941
618
364
58
-230
-580
-838
-1113
-1416
-1486
-1664
-1697
-1880
-1780
-1753
-1645
-1591
-1478
-1290
-1247
-1149
-1139
-924
-772
-806
-781
-761
-771
-754
-1013
-1129
-1268
-1603
-1901
-2101
-2230
-2248
-2178
-2020
-1767
-1435
-758
-153
605
1303
2086
2703
3177
3605
3998
4478
4469
4320
4126
4332
4233
3799
3485
3227
2881
2396
1897
1475
1156
412
-366
-955
-1318
-1780
-2557
-2992
-3211
-3463
-3597
-3633
-3408
-3097
-2876
-2470
-1871
-1279
-677
-156
361
952
1355
1661
1906
2091
2191
2110
2040
1914
1773
1562
1241
835
613
333
-33
-398
-875
-1074
-1370
-1759
-2105
-2249
-2388
-2525
-2619
-2642
-2365
-2283
-2084
-1797
-1316
-963
-636
-93
219
644
918
1089
1307
1588
1601
1555
1502
1466
1261
1026
882
672
384
63
-182
-362
-625
-916
-1187
-1353
-1550
-1686
-1835
-1866
-1722
-1720
-1653
-1615
-1286
-1125
-1002
-794
-685
-519
-394
-200
-232
-101
-65
-172
-302
-423
-568
-748
-1055
-1389
-1564
-1516
-1371
-1272
-1169
-782
-214
426
1155
1798
2637
3217
3735
4041
4538
4858
4807
4609
4524
4731
4551
4171
3829
3618
3175
2757
2130
1887
1472
608
0
-618
-949
-1612
-2307
-2703
-2987
-3381
-3590
-3598
-3409
-3217
-3044
-2578
-2088
-1461
-895
-335
287
892
1282
1705
2058
2353
2587
2596
2709
2609
2547
2409
2100
1820
1506
1204
727
337
-184
-587
-1050
-1515
-1870
-2254
-2561
-2758
-2903
-2915
-2769
-2701
-2562
-2225
-1790
-1495
-1196
-775
-424
6
172
447
723
869
958
1003
1002
888
890
491
324
84
-192
-592
-908
-1223
-1592
-1848
-2190
-2386
-2543
-2641
-2780
-2883
-2790
-2637
-2613
-2529
-2306
-1964
-1783
-1668
-1423
-1245
-971
-848
-694
-708
-590
-658
-783
-831
-882
-1067
-1324
-1399
-1132
-979
-857
-583
-232
323
911
1565
2244
2874
3301
3781
3976
4492
4649
4455
4429
4277
4428
4113
3765
3471
3125
2719
2255
1786
1478
1040
382
-191
-527
-654
-1334
-1846
-2041
-2186
-2484
-2670
-2696
-2593
-2469
-2340
-2038
-1579
-1059
-645
-291
322
834
1227
1669
2112
2409
2626
2779
2964
3064
3094
2957
2700
2364
2191
1870
1377
969
548
151
-280
-667
-974
-1142
-1389
-1581
-1763
-1842
-1809
-1731
-1602
-1370
-1137
-794
-511
-138
150
493
760
1057
1227
1404
1566
1666
1655
1581
1449
1152
936
517
251
-258
-687
-1175
-1529
-1841
-2197
-2557
-2732
-2822
-2914
-2901
-2858
-2772
-2715
-2624
-2449
-2300
-2222
-2072
-2010
-1885
-1687
-1571
-1404
-1266
-1228
-1246
-1309
-1290
-1337
-1537
-1716
-1704
-1424
-1351
-998
-777
-256
148
827
1420
2081
2660
3018
3317
3608
4113
4062
4075
3785
3961
3838
3500
3128
2763
2358
1790
1174
647
254
-379
-1031
-1635
-1753
-2078
-2593
-2918
-3019
-3008
-3212
-3238
-3104
-2861
-2777
-2559
-2149
-1685
-1265
-909
-413
119
679
1053
1493
1887
2299
2425
2659
2845
2875
2952
2735
2626
2426
2114
1852
1497
921
731
144
-118
-577
-872
-1094
-1365
-1498
-1667
-1562
-1679
-1514
-1452
-1193
-852
-615
-273
225
535
858
1103
1490
1830
1861
1911
1999
1971
1920
1808
1477
1369
1049
592
228
-141
-478
-935
-1392
-1531
-1945
-2078
-2253
-2370
-2322
-2280
-2166
-2173
-1912
-1846
-1627
-1600
-1336
-1205
-1126
-1017
-920
-756
-697
-665
-801
-837
-900
-949
-1183
-1079
-855
-671
-554
-182
358
784
1505
2049
2796
3327
3711
3973
4310
4585
4386
4165
3995
4134
3900
3435
3063
2817
2389
1737
1015
527
22
-791
-1576
-2063
-2357
-2850
-3567
-3823
-3852
-3963
-4088
-4112
-3883
-3634
-3372
-3169
-2789
-2218
-1766
-1457
-953
-288
212
511
1043
1559
1874
2171
2338
2534
2744
2731
2577
2413
2232
1968
1573
1224
741
289
-45
-523
-1028
-1190
-1533
-1795
-1992
-2065
-2006
-2014
-2026
-1857
-1599
-1278
-1129
-686
-402
-62
247
539
898
1207
1429
1526
1801
1822
1890
1741
1537
1270
1052
675
287
-106
-655
-1018
-1497
-1803
-2166
-2292
-2539
-2728
-2558
-2580
-2538
-2504
-2281
-2058
-1960
-1866
-1615
-1355
-1249
-1149
-947
-771
-536
-513
-704
-504
-550
-648
-750
-658
-345
-250
-4
246
799
1304
1968
2487
3105
3778
4082
4476
4720
5177
5030
4952
4852
4966
4854
4449
4261
3864
3441
2890
2169
1522
1036
188
-605
-1392
-1683
-2263
-2966
-3395
-3564
-3727
-3863
-3874
-3756
-3535
-3407
-3145
-2813
-2343
-1967
-1677
-1241
-676
-216
174
659
1131
1521
1798
2187
2389
2661
2759
2858
2767
2548
2440
2063
1791
1272
883
417
-91
-535
-894
-1243
-1563
-1769
-1980
-1909
-1948
-1921
-1745
-1491
-1244
-1113
-892
-462
-173
-23
172
549
803
984
1014
1148
1266
1285
1095
922
836
544
244
-179
-416
-886
-1444
-1772
-2113
-2494
-2757
-3083
-3167
-3229
-3161
-3231
-3138
-3001
-2908
-2630
-2496
-2221
-2108
-1866
-1706
-1574
-1498
-1351
-1344
-1363
-1344
-1230
-1278
-1026
-661
-413
-38
178
906
1358
2005
2468
3126
3513
3808
3921
4215
4590
4398
4158
4030
4326
4182
4008
3551
3530
3227
2798
2169
1631
1259
419
-295
-1090
-1283
-1903
-2626
-3002
-3146
-3284
-3490
-3495
-3244
-3045
-3021
-2762
-2438
-1928
-1669
-1356
-1044
-457
-116
204
550
1068
1304
1608
1931
2295
2610
2579
2796
2702
2795
2685
2513
2292
1956
1593
1208
801
358
111
-292
-565
-920
-1062
-1084
-1113
-1114
-1087
-764
-685
-466
-245
51
360
483
665
829
1255
1349
1334
1520
1653
1738
1668
1541
1465
1321
1042
706
305
-45
-522
-1037
-1472
-1798
-2257
-2611
-2855
-3091
-3155
-3218
-3201
-3203
-3109
-2978
-2786
-2749
-2488
-2402
-2232
-1978
-1863
-1564
-1599
-1399
-1393
-1366
-1379
-1357
-1374
-1049
-727
-541
-63
171
878
1259
1879
2477
3046
3365
3605
3842
4024
4381
4077
4050
3949
4246
4133
3728
3650
3342
2858
2404
1659
1151
605
-362
-1066
-1713
-1982
-2614
-3244
-3487
-3533
-3789
-3934
-3818
-3718
-3585
-3615
-3382
-3039
-2651
-2351
-2140
-1813
-1174
-850
-523
-23
443
761
998
1439
1759
1989
2127
2047
1999
1965
1822
1532
1223
872
476
204
-91
-346
-601
-836
-993
-1084
-977
-947
-763
-798
-536
-292
-68
170
301
621
725
825
1010
1247
1338
1428
1420
1547
1649
1650
1619
1625
1499
1222
1018
729
350
-104
-605
-991
-1300
-1713
-1962
-2180
-2280
-2357
-2345
-2269
-2206
-2120
-2067
-1999
-1836
-1904
-1813
-1656
-1700
-1723
-1673
-1500
-1487
-1420
-1472
-1251
-988
-544
-141
393
781
1438
2070
2696
3387
3860
4316
4574
4702
4787
5030
4719
4443
4124
4122
4084
3785
3559
3254
3052
2659
1977
1432
977
193
-572
-1375
-1665
-2248
-3028
-3444
-3693
-3772
-3961
-3965
-3759
-3480
-3208
-2996
-2650
-2127
-1728
-1605
-1338
-988
-580
-435
-250
36
314
446
675
867
1035
1233
1256
1391
1440
1430
1218
993
774
477
1
-380
-918
-1198
-1626
-1791
-2093
-2261
-2082
-2086
-1916
-1716
-1338
-984
-614
-338
132
426
727
920
1120
1228
1285
1082
1078
1096
1004
839
695
662
539
377
330
173
-83
-363
-725
-977
-1241
-1544
-1812
-2109
-2294
-2420
-2642
-2697
-2652
-2550
-2535
-2444
-2287
-2028
-1879
-1733
-1663
-1534
-1551
-1567
-1556
-1512
-1539
-1526
-1134
-781
-285
229
868
1673
2458
3235
3997
4588
5044
5244
5403
5680
5562
5234
4843
4816
4716
4327
4045
3761
3572
3179
2688
2231
1804
1188
334
-295
-952
-1440
-2183
-2894
-3182
-3336
-3584
-3609
-3438
-3271
-2960
-2830
-2404
-2036
-1717
-1473
-1293
-895
-672
-490
-160
92
333
573
906
1155
1457
1687
1846
1926
1954
2070
1846
1674
1289
1003
589
197
-247
-839
-1055
-1466
-1701
-1956
-1966
-1994
-1992
-1804
-1684
-1296
-1071
-771
-514
-119
112
265
523
618
875
842
905
918
1023
954
806
761
687
655
547
319
115
-177
-471
-664
-1131
-1402
-1804
-2096
-2294
-2391
-2486
-2778
-2780
-2729
-2604
-2663
-2605
-2373
-2331
-2272
-2279
-2082
-1996
-2095
-2200
-2286
-2195
-2203
-2142
-1805
-1333
-858
-447
217
1094
1880
2584
3217
3905
4505
4698
4779
5077
5044
4811
4420
4325
4506
4162
3804
3708
3545
3327
2847
2319
1920
1414
535
-215
-974
-1373
-2236
-3039
-3383
-3647
-3794
-3923
-3812
-3500
-3313
-3097
-2603
-2200
-1851
-1590
-1365
-1043
-676
-594
-407
-138
168
269
486
920
1200
1523
1784
1984
2188
2300
2209
2190
1865
1519
1191
748
215
-203
-641
-1004
-1176
-1475
-1581
-1547
-1433
-1273
-1072
-738
-336
-131
196
560
824
981
1004
1110
1183
1153
1160
1163
1206
1114
1065
1102
1043
1050
848
724
630
376
68
-163
-506
-827
-1154
-1445
-1567
-1711
-1878
-2026
-2019
-2004
-1904
-1855
-1796
-1722
-1673
-1651
-1638
-1601
-1692
-1736
-1840
-2036
-2053
-2161
-2073
-1806
-1555
-1076
-624
17
752
1600
2338
3035
3747
4151
4505
4509
4794
4736
4509
4075
3980
4043
3614
3328
3054
2978
2642
2221
1655
1323
817
51
-612
-1117
-1618
-2349
-3109
-3384
-3500
-3835
-3898
-3827
-3473
-3351
-3059
-2809
-2324
-2059
-1838
-1647
-1380
-974
-959
-755
-564
-309
-298
-197
60
299
418
509
726
819
951
906
826
716
438
268
-64
-350
-762
-1083
-1377
-1492
-1755
-1901
-1862
-1779
-1578
-1286
-833
-414
-178
205
625
896
1149
1149
1268
1261
1154
1072
1000
920
831
602
516
516
432
375
213
81
-27
-224
-416
-649
-892
-1145
-1358
-1433
-1549
-1565
-1691
-1581
-1607
-1442
-1322
-1307
-1072
-1029
-874
-911
-819
-863
-916
-1044
-1203
-1260
-1119
-872
-662
-213
281
992
1712
2520
3333
4035
4569
5033
5334
5498
5616
5252
4945
4578
4542
4133
3751
3358
3098
2875
2517
2165
1742
1444
738
237
-373
-738
-1207
-2024
-2482
-2746
-2996
-3209
-3191
-3076
-2849
-2590
-2294
-1852
-1417
-1059
-884
-660
-348
-79
-42
123
122
216
108
6
109
-4
163
134
123
165
298
268
122
-8
-136
-336
-644
-1087
-1273
-1638
-1974
-2247
-2436
-2478
-2519
-2455
-2299
-1960
-1598
-1321
-881
-388
-79
346
534
685
759
702
564
497
332
157
-38
-146
-257
-308
-422
-408
-494
-666
-751
-966
-1022
-1324
-1412
-1720
-1891
-1995
-2118
-2149
-2270
-2222
-2180
-1916
-1906
-1642
-1517
-1384
-1139
-1130
-1121
-1031
-1071
-1297
-1320
-1452
-1335
-1200
-970
-505
-152
576
1238
2076
3032
3679
4395
4826
5091
5468
5597
5362
5044
4624
4569
4333
3857
3608
3274
3097
2734
2336
2004
1798
1134
568
90
-320
-679
-1538
-2039
-2310
-2571
-2876
-2925
-2783
-2487
-2469
-2047
-1549
-1052
-594
-520
-56
229
604
681
742
920
943
920
869
1058
979
1157
1035
1045
1125
1073
1112
864
729
486
354
-29
-367
-707
-1009
-1409
-1702
-1876
-2037
-1973
-2030
-1949
-1577
-1319
-999
-708
-358
39
265
431
541
620
453
292
208
110
-72
-236
-321
-383
-354
-450
-587
-598
-795
-847
-1031
-1361
-1438
-1659
-1869
-1992
-2235
-2232
-2256
-2312
-2154
-2132
-1892
-1784
-1617
-1472
-1389
-1294
-1318
-1340
-1373
-1376
-1665
-1726
-1560
-1310
-1033
-748
-300
432
1121
1946
2785
3590
4226
4585
4807
5113
5267
5006
4541
4092
4003
3615
3078
2663
2352
1970
1526
1168
900
613
18
-475
-1012
-1348
-1740
-2417
-2910
-3185
-3426
-3643
-3697
-3520
-3242
-3062
-2710
-2157
-1596
-1065
-594
-245
227
603
914
1110
1148
1349
1280
1194
1213
1052
1061
872
851
809
824
878
756
599
445
433
141
-119
-354
-587
-955
-1217
-1410
-1596
-1650
-1739
-1742
-1485
-1108
-782
-495
-75
334
782
933
1168
1368
1301
1307
1024
813
630
402
173
-37
-163
-229
-298
-394
-429
-527
-626
-695
-837
-853
-1125
-1259
-1461
-1596
-1602
-1844
-1885
-1816
-1754
-1681
-1593
-1386
-1108
-961
-842
-815
-733
-652
-811
-941
-990
-863
-628
-467
-156
307
979
1574
2361
3249
3922
4505
4976
5254
5608
5719
5423
4975
4635
4426
4015
3338
2820
2449
1967
1476
921
548
169
-388
-956
-1465
-1741
-2151
-2788
-3266
-3490
-3603
-3808
-3730
-3762
-3441
-3303
-2984
-2496
-2022
-1359
-1111
-614
-291
218
514
734
830
1092
1075
1031
1050
1095
1019
863
746
603
597
357
182
-123
-264
-402
-756
-963
-1181
-1347
-1576
-1722
-1803
-1873
-1857
-1840
-1785
-1538
-1156
-971
-742
-480
-93
43
240
260
338
315
247
206
-36
-71
-241
-488
-652
-598
-677
-807
-914
-1010
-1037
-1190
-1380
-1476
-1600
-1841
-1868
-2048
-2025
-1982
-2094
-2074
-1949
-1788
-1674
-1488
-1307
-1197
-1150
-1017
-954
-844
-953
-1018
-912
-627
-291
-24
299
943
1598
2343
3171
3899
4714
5264
5535
5896
6336
6166
5952
5533
5271
5102
4405
3902
3470
2979
2421
1857
1408
1118
605
-8
-474
-802
-1091
-1639
-2059
-2331
-2609
-2905
-3170
-3077
-2878
-2890
-2647
-2249
-1734
-1225
-810
-434
36
397
770
1098
1177
1397
1451
1382
1409
1300
1317
1108
902
793
613
520
379
101
-104
-129
-353
-605
-719
-954
-1165
-1447
-1689
-1752
-1878
-1974
-1989
-1873
-1666
-1431
-1056
-739
-316
-102
176
557
690
787
631
497
328
136
-98
-410
-699
-942
-1191
-1289
-1321
-1512
-1630
-1772
-1825
-2046
-2146
-2239
-2430
-2575
-2743
-2734
-2842
-2891
-3038
-2896
-2805
-2748
-2549
-2397
-2118
-1917
-1880
-1630
-1505
-1417
-1408
-1373
-1121
-690
-492
-265
260
802
1474
2191
3075
3843
4441
4935
5350
5717
6003
5798
5510
5279
5168
4835
4287
3890
3428
2881
2322
1754
1322
871
164
-415
-855
-1245
-1721
-2177
-2581
-2758
-2919
-3160
-3128
-2946
-2759
-2739
-2400
-1997
-1545
-1132
-790
-334
-30
371
766
1056
1204
1399
1593
1672
1771
1776
1826
1699
1567
1431
1340
1248
927
641
443
213
32
-365
-462
-616
-852
-1089
-1152
-1160
-1153
-1176
-1175
-867
-707
-467
-238
31
358
579
725
848
957
920
811
580
458
340
132
-87
-336
-436
-526
-680
-849
-971
-1038
-1263
-1415
-1591
-1809
-1985
-2357
-2441
-2666
-2717
-2792
-2841
-2741
-2646
-2447
-2483
-2247
-2032
-1906
-1829
-1747
-1602
-1563
-1609
-1765
-1641
-1359
-1135
-846
-456
203
822
1641
2509
3381
4085
4603
4932
5325
5699
5551
5283
4953
4802
4548
4063
3571
3195
2804
2236
1660
1290
845
283
-314
-938
-1285
-1707
-2274
-2707
-3044
-3302
-3557
-3626
-3545
-3339
-3255
-3012
-2631
-2159
-1718
-1186
-836
-476
49
295
609
731
968
1067
1128
1135
1182
1208
1151
1040
868
813
728
462
191
58
-109
-291
-620
-806
-1008
-1139
-1408
-1534
-1589
-1625
-1573
-1565
-1349
-1076
-731
-423
-66
254
664
907
1077
1218
1251
1222
993
846
606
489
179
-65
-348
-392
-505
-698
-813
-935
-949
-1156
-1359
-1474
-1596
-1792
-2073
-2141
-2256
-2310
-2372
-2389
-2203
-2159
-2056
-1891
-1608
-1497
-1345
-1170
-1005
-805
-774
-808
-834
-590
-305
-63
57
566
1128
1721
2486
3313
4136
4724
5184
5565
5985
6278
6122
5670
5413
5336
5011
4388
3911
3497
2940
2356
1737
1358
915
258
-324
-871
-1171
-1590
-2112
-2623
-2858
-3075
-3306
-3302
-3243
-2977
-2946
-2641
-2283
-1818
-1343
-1069
-689
-446
83
376
559
658
847
908
899
888
847
860
782
539
467
359
261
32
-375
-473
-674
-932
-1235
-1352
-1542
-1652
-1994
-2079
-1988
-2025
-1910
-1877
-1580
-1284
-844
-624
-273
33
342
549
639
746
690
627
252
289
30
-158
-507
-796
-831
-902
-1048
-1144
-1253
-1342
-1446
-1670
-1811
-1930
-2166
-2334
-2604
-2705
-2572
-2797
-2749
-2761
-2588
-2498
-2423
-2168
-1935
-1779
-1705
-1544
-1363
-1234
-1293
-1316
-1194
-838
-501
-266
-6
630
1216
1970
2782
3564
4344
4800
5168
5660
6021
6100
5843
5525
5482
5316
4846
4336
3936
3483
2998
2390
1982
1656
1133
607
-39
-374
-624
-1135
-1714
-2053
-2296
-2534
-2623
-2606
-2464
-2367
-2112
-1838
-1435
-957
-681
-303
-68
314
755
1013
1185
1364
1454
1491
1510
1405
1494
1385
1224
1095
986
875
596
368
93
63
-222
-590
-790
-1008
-1156
-1388
-1549
-1602
-1644
-1598
-1510
-1441
-1035
-844
-496
-314
-17
419
601
701
871
870
753
611
387
273
-23
-345
-564
-855
-918
-1032
-1239
-1391
-1602
-1571
-1804
-1998
-2152
-2327
-2493
-2752
-2905
-3038
-3080
-3172
-3100
-3051
-2887
-2740
-2636
-2366
-2160
-2030
-1845
-1699
-1553
-1430
-1571
-1567
-1466
-1250
-998
-772
-459
41
654
1329
2208
2922
3725
4207
4580
5018
5400
5584
5308
4993
4950
4786
4331
3824
3381
2980
2435
1881
1436
1074
609
43
-471
-834
-1020
-1574
-2071
-2349
-2670
-2745
-2924
-2878
-2717
-2676
-2571
-2201
-1840
-1394
-999
-693
-320
55
437
740
920
1062
1248
1142
1273
1284
1277
1250
1156
1042
1006
873
720
503
265
240
-16
-191
-499
-587
-747
-959
-1049
-1175
-1065
-1047
-962
-813
-486
-173
-2
323
612
923
1129
1219
1313
1316
1195
990
858
619
431
160
-144
-251
-314
-479
-676
-845
-939
-1058
-1250
-1384
-1532
-1733
-1893
-2086
-2151
-2189
-2356
-2363
-2403
-2309
-2117
-2199
-1978
-1770
-1680
-1577
-1479
-1347
-1287
-1353
-1390
-1331
-1054
-713
-588
-247
251
894
1521
2278
3071
3880
4408
4749
5283
5651
5751
5451
5123
4958
4715
4238
3719
3351
2868
2321
1798
1257
965
493
-186
-719
-1056
-1352
-1767
-2207
-2582
-2854
-3103
-3254
-3219
-3106
-3082
-2933
-2643
-2246
-1803
-1408
-1010
-712
-371
-5
275
496
561
701
659
643
623
633
602
379
253
158
114
76
-228
-363
-447
-637
-763
-992
-1118
-1213
-1429
-1687
-1725
-1730
-1670
-1727
-1548
-1316
-1001
-663
-404
58
387
787
1004
1179
1276
1168
1077
833
674
469
136
-174
-415
-514
-688
-906
-1029
-1209
-1144
-1357
-1459
-1559
-1645
-1748
-1927
-2176
-2221
-2169
-2396
-2352
-2317
-2188
-2086
-2027
-1721
-1544
-1410
-1252
-1068
-915
-874
-802
-878
-832
-555
-301
-113
193
574
1193
1850
2568
3346
4085
4657
5061
5474
5916
6107
5903
5655
5379
5424
5022
4468
3988
3689
3118
2532
2025
1597
1259
544
3
-457
-555
-998
-1570
-1903
-2188
-2323
-2535
-2528
-2414
-2389
-2351
-2113
-1727
-1541
-1081
-816
-618
-220
86
413
650
777
877
958
963
1038
980
939
817
622
493
304
188
47
-310
-459
-554
-866
-1035
-1237
-1342
-1439
-1793
-1780
-1699
-1691
-1667
-1604
-1367
-1094
-871
-631
-354
-184
84
177
199
274
145
5
-116
-302
-348
-615
-806
-866
-967
-1093
-1210
-1328
-1534
-1595
-1860
-1977
-2135
-2306
-2417
-2617
-2656
-2698
-2714
-2692
-2634
-2549
-2372
-2318
-2079
-1969
-1837
-1792
-1633
-1546
-1478
-1453
-1618
-1451
-1320
-1028
-797
-507
-130
420
1008
1701
2609
3351
3954
4465
4873
5353
5620
5623
5298
5085
4947
4718
4220
3828
3392
2959
2426
1999
1692
1299
797
293
-107
-389
-659
-1116
-1555
-1891
-2045
-2290
-2377
-2322
-2271
-2224
-2153
-1685
-1429
-976
-606
-264
162
425
884
1009
1276
1333
1389
1346
1395
1432
1350
1362
1021
1112
839
819
701
505
367
296
168
-25
-237
-257
-455
-654
-758
-909
-807
-961
-962
-958
-712
-541
-260
47
281
611
876
971
1075
1098
1028
891
655
493
271
22
-330
-494
-773
-979
-1063
-1253
-1366
-1538
-1690
-1825
-1922
-2087
-2220
-2384
-2438
-2475
-2609
-2699
-2551
-2533
-2587
-2470
-2299
-2171
-2071
-1923
-1819
-1632
-1561
-1553
-1559
-1560
-1514
-1314
-1104
-845
-513
-208
391
1052
1794
2563
3118
3686
4041
4448
4798
5046
4867
4567
4486
4384
4153
3552
3259
2882
2427
1934
1417
1103
647
59
-514
-871
-1129
-1622
-2084
-2437
-2609
-2786
-2923
-2918
-2907
-2780
-2674
-2392
-2106
-1728
-1373
-1052
-711
-432
-81
208
470
590
705
871
872
1041
929
943
996
783
659
627
493
340
134
-39
-199
-332
-522
-596
-737
-876
-996
-1076
-922
-856
-782
-724
-443
-274
17
218
456
641
790
996
952
1046
959
787
692
526
397
174
103
-18
-110
-333
-318
-449
-635
-811
-890
-1110
-1306
-1551
-1608
-1772
-1867
-1868
-1904
-1926
-1809
-1694
-1534
-1455
-1324
-1143
-1108
-1024
-942
-728
-887
-873
-942
-1021
-970
-701
-489
-232
44
523
1118
1766
2480
3177
3786
4232
4727
5122
5423
5383
5137
4894
4629
4586
4054
3593
3140
2827
2247
1844
1476
1057
679
75
-266
-620
-914
-1325
-1866
-2257
-2541
-2775
-2930
-2991
-2922
-2916
-2804
-2598
-2183
-1825
-1580
-1155
-906
-545
-177
94
307
390
414
555
578
556
522
425
254
181
42
-56
-86
-206
-349
-480
-534
-760
-971
-1058
-1174
-1361
-1590
-1616
-1621
-1595
-1603
-1497
-1303
-1093
-735
-526
-273
60
344
549
628
637
652
626
362
240
85
-113
-285
-513
-613
-795
-921
-1093
-1209
-1328
-1449
-1561
-1792
-1851
-1907
-2030
-2139
-2122
-2216
-2120
-2117
-1972
-1988
-1814
-1661
-1477
-1305
-1232
-966
-909
-881
-848
-779
-860
-908
-938
-676
-430
-181
132
542
1236
1891
2586
3259
3849
4368
4754
5070
5505
5526
5285
5082
4988
4891
4517
4040
3805
3489
3009
2654
2201
1900
1369
917
404
-53
-398
-877
-1317
-1703
-1906
-2016
-2263
-2215
-2169
-2136
-1984
-1733
-1490
-1276
-879
-639
-398
-208
13
420
460
561
733
849
915
949
1000
971
988
765
772
629
542
292
69
-84
-371
-507
-786
-930
-1073
-1201
-1377
-1426
-1375
-1420
-1311
-1136
-940
-695
-559
-276
-82
201
220
271
370
273
309
163
37
-144
-219
-314
-490
-669
-730
-838
-968
-1128
-1315
-1466
-1598
-1811
-2054
-2158
-2206
-2292
-2423
-2453
-2450
-2369
-2228
-2130
-1993
-1907
-1699
-1728
-1576
-1433
-1468
-1379
-1434
-1446
-1578
-1641
-1653
-1496
-1350
-1107
-843
-357
227
790
1533
2275
2975
3509
4046
4379
4764
4937
4821
4586
4482
4307
4037
3631
3306
2973
2643
2221
1818
1468
1052
614
160
-265
-508
-962
-1447
-1795
-2137
-2298
-2464
-2526
-2492
-2331
-2380
-2094
-1719
-1532
-1128
-894
-577
-215
-1
362
674
823
912
1097
1092
1251
1249
1217
1194
1056
1045
899
862
767
560
456
284
75
-127
-343
-516
-670
-913
-1038
-1020
-1081
-981
-911
-759
-479
-255
-27
301
583
711
888
948
1094
1047
969
881
752
685
555
373
224
59
-19
-216
-333
-541
-787
-893
-1117
-1395
-1667
-1758
-1948
-2068
-2097
-2116
-2007
-1991
-1919
-1757
-1630
-1498
-1449
-1315
-1166
-1105
-1048
-1050
-1007
-987
-993
-1125
-1202
-1185
-1037
-743
-490
-203
219
806
1269
1970
2547
3221
3666
3960
4140
4477
4714
4607
4360
4162
4124
3912
3533
3168
2993
2602
2094
1586
1221
812
314
-337
-816
-1161
-1559
-2115
-2410
-2641
-2756
-2923
-3024
-2862
-2756
-2691
-2514
-2242
-2078
-1775
-1556
-1308
-1072
-862
-545
-311
-174
11
158
345
498
569
660
774
733
681
543
486
415
78
-127
-251
-455
-695
-955
-992
-1110
-1304
-1400
-1356
-1243
-1081
-1023
-888
-561
-360
-104
74
248
380
430
536
542
535
495
427
297
314
262
172
39
-8
-190
-303
-431
-627
-854
-1015
-1168
-1383
-1517
-1636
-1589
-1667
-1638
-1558
-1419
-1236
-1221
-1049
-923
-783
-670
-631
-572
-572
-539
-600
-566
-728
-745
-894
-814
-540
-308
13
215
756
1243
1807
2462
3093
3645
4083
4464
4632
4989
5086
4905
4642
4506
4502
4178
3853
3564
3268
2941
2460
2007
1690
1187
666
128
-420
-792
-1224
-1659
-2056
-2307
-2458
-2601
-2573
-2606
-2440
-2334
-2120
-1951
-1727
-1408
-1145
-965
-792
-561
-303
-88
-49
186
263
413
518
483
621
702
686
588
501
487
342
152
-157
-396
-590
-927
-1157
-1342
-1531
-1698
-1872
-1877
-1797
-1695
-1634
-1436
-1236
-1067
-752
-629
-420
-139
-103
63
178
180
249
233
168
130
91
-58
-148
-281
-442
-649
-841
-984
-1304
-1435
-1636
-1828
-1964
-2141
-2143
-2122
-2162
-2165
-2027
-1893
-1771
-1774
-1614
-1459
-1381
-1243
-1246
-1149
-1030
-1010
-1024
-936
-937
-942
-893
-946
-742
-503
-324
32
332
699
1236
1632
2225
2760
3334
3734
4008
4413
4733
4871
4885
4763
4830
4802
4654
4429
4194
3907
3464
3076
2533
2157
1575
941
327
-224
-656
-1012
-1464
-1754
-1906
-2050
-2167
-2062
-1982
-1905
-1952
-1881
-1681
-1521
-1256
-1149
-1053
-813
-546
-306
22
170
497
787
950
1176
1389
1452
1409
1358
1226
1240
1089
839
554
250
4
-241
-573
-807
-942
-1081
-1204
-1297
-1175
-1133
-981
-916
-783
-611
-507
-231
-135
-110
-21
155
124
121
143
160
235
112
-14
70
-97
-164
-402
-504
-702
-946
-1124
-1304
-1520
-1704
-1970
-2035
-2032
-2101
-2090
-2024
-1897
-1823
-1693
-1589
-1445
-1372
-1343
-1221
-1153
-1027
-1046
-1127
-1013
-1048
-1109
-1107
-1062
-1139
-1104
-1022
-785
-458
-317
-54
333
818
1313
1821
2377
2807
3070
3355
3742
4021
4092
3979
3919
4123
4046
3764
3588
3355
3073
2552
2027
1627
1154
524
-127
-564
-949
-1289
-1635
-2167
-2217
-2382
-2537
-2522
-2505
-2356
-2368
-2182
-1994
-1774
-1711
-1411
-1257
-1065
-864
-524
-155
4
302
504
794
925
1154
1263
1368
1383
1328
1206
1127
965
674
390
115
-97
-328
-495
-755
-850
-901
-997
-1042
-936
-892
-684
-626
-377
-169
24
162
319
511
534
771
762
843
884
884
979
827
720
689
613
466
173
90
-119
-401
-588
-822
-845
-1070
-1276
-1308
-1385
-1295
-1405
-1355
-1338
-1301
-1148
-1143
-1002
-990
-842
-870
-733
-702
-660
-549
-475
-394
-420
-389
-390
-387
-493
-488
-414
-278
-203
-25
153
413
762
1147
1721
2114
2605
2915
3260
3632
4062
4231
4189
4199
4292
4221
3943
3601
3210
2776
2106
1648
1101
519
-28
-543
-1147
-1425
-1717
-2078
-2378
-2481
-2660
-2770
-2831
-2820
-2805
-2894
-2835
-2780
-2540
-2405
-2161
-2005
-1669
-1422
-999
-657
-299
-59
191
515
723
894
978
1009
901
827
667
440
244
-131
-402
-594
-797
-967
-1260
-1288
-1327
-1409
-1359
-1324
-1167
-1100
-979
-821
-710
-498
-304
-186
-25
212
301
429
474
576
727
725
680
741
697
627
555
364
220
-73
-242
-438
-707
-786
-956
-1095
-1211
-1188
-1196
-1170
-1152
-1101
-943
-928
-834
-758
-673
-631
-533
-513
-423
-358
-241
-157
-35
-14
50
83
55
49
-38
-132
-206
-97
-53
82
245
432
786
1232
1794
2412
2836
3273
3612
4110
4508
4707
4786
4665
4720
4673
4459
4072
3677
3301
2674
2078
1542
1093
612
27
-481
-864
-1214
-1475
-1868
-2141
-2359
-2518
-2534
-2668
-2580
-2637
-2530
-2396
-2298
-1999
-1822
-1513
-1241
-923
-600
-253
24
343
515
689
893
1073
1090
1041
955
750
585
323
107
-254
-519
-874
-1068
-1329
-1598
-1590
-1723
-1750
-1864
-1709
-1618
-1516
-1421
-1292
-1101
-932
-698
-579
-324
-359
-95
-20
150
289
250
432
256
330
330
328
249
89
-87
-278
-372
-629
-830
-1048
-1246
-1424
-1532
-1592
-1647
-1640
-1694
-1654
-1649
-1496
-1476
-1198
-1162
-1108
-871
-682
-538
-445
-335
-296
-181
-89
-13
-84
-58
-202
-252
-376
-602
-720
-855
-822
-711
-603
-367
-52
312
859
1348
1987
2648
3101
3520
4026
4558
4744
4703
4740
4847
4690
4326
3865
3605
3152
2565
2073
1512
1115
611
-24
-423
-772
-1004
-1391
-1740
-1897
-2067
-2279
-2308
-2330
-2194
-2224
-2151
-1808
-1665
-1352
-1091
-769
-566
-287
67
386
624
823
1083
1195
1435
1447
1349
1289
1159
942
568
339
144
-292
-616
-820
-971
-1197
-1273
-1269
-1238
-1187
-1183
-895
-754
-620
-530
-352
-194
3
98
132
185
366
424
439
547
616
637
637
609
660
624
438
407
262
109
-44
-272
-473
-755
-997
-1136
-1351
-1527
-1585
-1564
-1602
-1535
-1469
-1391
-1188
-1081
-922
-790
-585
-401
-314
-244
-272
-161
-208
-305
-360
-540
-577
-824
-966
-1056
-1220
-1511
-1782
-1858
-1802
-1540
-1469
-1275
-903
-479
109
723
1427
2061
2610
2937
3449
3871
4191
4222
4009
4063
3979
3797
3423
3126
2810
2333
1770
1295
928
427
-168
-842
-1142
-1367
-1754
-2191
-2389
-2490
-2642
-2679
-2675
-2475
-2503
-2305
-2117
-1822
-1611
-1276
-1026
-741
-541
-78
377
450
643
778
966
1029
960
840
751
753
449
126
7
-223
-363
-740
-884
-903
-992
-1078
-1138
-944
-895
-791
-581
-374
-147
-70
75
374
568
623
729
780
943
932
1059
1035
1090
1137
1085
1181
1139
1184
1068
979
846
596
517
283
45
-201
-468
-591
-742
-771
-871
-741
-845
-736
-631
-439
-202
-245
-36
92
274
389
487
439
435
308
217
98
-90
-314
-533
-820
-971
-1136
-1382
-1546
-1915
-1918
-1852
-1686
-1464
-1308
-894
-437
131
733
1266
1949
2359
2687
3136
3496
3814
3730
3614
3621
3684
3541
3201
2924
2673
2313
1668
1316
836
416
-209
-872
-1282
-1654
-1953
-2393
-2717
-2766
-2842
-2871
-2806
-2698
-2472
-2353
-2143
-1881
-1631
-1335
-1101
-954
-711
-507
-341
-187
-177
-116
-62
-47
-168
-176
-242
-335
-420
-639
-660
-848
-944
-1151
-1254
-1363
-1356
-1350
-1405
-1245
-1164
-1005
-867
-695
-424
-280
-51
101
267
438
593
743
759
879
923
944
974
926
967
915
840
825
749
676
552
424
295
224
62
-149
-242
-461
-479
-607
-710
-659
-624
-505
-459
-336
-116
-25
116
279
366
474
536
482
473
416
216
161
-65
-178
-316
-504
-628
-805
-802
-1025
-1088
-1121
-1247
-1312
-1226
-973
-896
-612
-364
-26
453
973
1487
1954
2578
2963
3338
3810
4112
4389
4280
4264
4352
4247
3957
3586
3268
2875
2400
1719
1224
695
53
-502
-940
-1303
-1503
-1759
-1963
-1892
-1857
-1809
-1748
-1573
-1435
-1356
-1173
-1128
-999
-930
-885
-850
-898
-784
-726
-593
-562
-456
-415
-393
-277
-360
-323
-412
-566
-727
-910
-942
-1036
-1196
-1476
-1459
-1450
-1475
-1341
-1212
-920
-719
-577
-366
-21
194
251
419
471
578
599
628
587
448
401
228
266
104
54
52
-65
-97
-135
-51
-99
-245
-309
-441
-443
-548
-603
-669
-698
-750
-713
-762
-578
-483
-459
-313
-279
-56
-58
39
10
-67
-81
-234
-325
-435
-560
-652
-817
-980
-1036
-1181
-1190
-1365
-1420
-1478
-1539
-1526
-1641
-1723
-1771
-1719
-1434
-1229
-1071
-724
-466
53
651
1213
1800
2401
2771
3257
3721
4116
4351
4277
4244
4279
4252
3999
3778
3347
3022
2480
1979
1586
1160
731
185
-68
-295
-398
-588
-705
-725
-709
-768
-800
-693
-801
-831
-932
-939
-941
-939
-984
-1082
-1064
-1026
-826
-776
-676
-493
-412
-262
-177
-117
-59
-139
-304
-372
-461
-465
-593
-650
-625
-573
-432
-240
-118
169
398
560
737
930
1089
1126
1195
1072
1008
818
591
443
202
-32
-216
-392
-461
-482
-487
-535
-483
-351
-355
-352
-318
-242
-329
-374
-377
-379
-513
-595
-629
-725
-649
-640
-637
-532
-471
-392
-182
-163
-137
-147
-221
-210
-333
-442
-600
-783
-889
-1086
-1343
-1375
-1610
-1701
-1869
-1842
-1896
-1957
-2007
-2066
-1989
-2194
-2270
-2296
-2155
-1932
-1872
-1715
-1452
-1128
-707
-273
305
997
1519
2020
2554
3085
3651
3835
3876
4080
4238
4161
3990
3702
3429
3025
2491
1994
1542
1211
731
278
-36
-143
-232
-438
-539
-655
-757
-819
-958
-1028
-1243
-1375
-1548
-1691
-1683
-1762
-1795
-1843
-1884
-1678
-1439
-1272
-1027
-895
-568
-391
-102
-25
80
186
196
271
174
335
303
376
337
464
662
763
1023
1146
1396
1483
1626
1709
1781
1788
1609
1526
1353
1130
937
717
486
367
154
15
-61
-32
-53
-8
40
82
155
262
213
182
124
179
115
21
-27
40
91
75
126
185
307
332
367
334
337
389
378
308
142
-31
-59
-322
-594
-812
-1066
-1256
-1448
-1591
-1766
-1729
-1830
-1959
-1948
-2061
-2044
-2141
-2215
-2284
-2410
-2557
-2674
-2596
-2515
-2383
-2259
-1950
-1528
-1027
-427
282
1013
1638
2132
2809
3317
3745
3950
3899
4004
3975
3832
3528
3241
2886
2504
1979
1709
1246
948
630
165
116
-198
-329
-555
-875
-1138
-1340
-1564
-1916
-2181
-2558
-2692
-2920
-3080
-3119
-3160
-2973
-2845
-2798
-2390
-1988
-1636
-1317
-1024
-704
-363
-167
-14
241
273
344
321
394
546
659
670
815
934
1192
1275
1477
1669
1676
1772
1720
1745
1635
1512
1204
1016
754
573
261
103
-97
-261
-350
-363
-366
-342
-300
-271
-161
-58
55
160
254
197
254
187
359
389
431
451
465
556
598
755
817
856
856
868
925
934
827
779
616
392
246
-29
-260
-522
-823
-994
-1222
-1332
-1480
-1573
-1701
-1739
-1750
-1830
-1968
-2087
-2126
-2229
-2392
-2442
-2425
-2183
-2094
-1905
-1499
-1189
-593
-54
649
1288
1972
2454
3005
3627
4061
4348
4439
4494
4552
4549
4313
4054
3714
3366
2891
2484
2130
1763
1422
913
549
282
74
-348
-655
-1048
-1389
-1689
-2021
-2370
-2651
-2894
-3166
-3291
-3417
-3308
-3204
-3072
-2870
-2572
-2102
-1800
-1357
-1110
-849
-537
-356
-170
-95
23
29
126
80
138
222
263
337
340
529
603
764
899
897
936
1050
927
882
736
499
250
48
-153
-377
-632
-843
-939
-1062
-1011
-1080
-974
-944
-902
-809
-643
-536
-503
-412
-503
-403
-327
-333
-221
-312
-215
-76
6
137
277
415
438
588
612
691
717
653
555
437
265
31
-165
-387
-607
-783
-958
-1144
-1310
-1359
-1565
-1602
-1729
-1823
-1719
-1797
-1798
-1803
-1824
-1850
-1991
-1969
-2020
-1905
-1740
-1563
-1245
-818
-376
137
830
1451
2142
2807
3337
3950
4334
4713
4889
5088
5203
5069
5032
4765
4575
4211
3826
3332
2986
2581
2200
1840
1361
1051
655
302
-145
-561
-987
-1390
-1839
-2129
-2410
-2675
-2821
-2978
-3029
-2975
-2794
-2528
-2365
-2074
-1722
-1406
-1051
-732
-507
-267
-83
-18
236
249
340
376
320
455
478
558
567
580
625
756
764
900
946
884
908
845
833
581
449
90
-137
-296
-615
-742
-1049
-1031
-1222
-1176
-1168
-1137
-1055
-1043
-936
-935
-882
-810
-795
-744
-785
-747
-641
-584
-426
-399
-266
-207
-45
100
149
276
333
336
375
300
207
59
-173
-407
-585
-791
-929
-1244
-1395
-1533
-1686
-1804
-1945
-1954
-2054
-2026
-2035
-2044
-1995
-2015
-2092
-2085
-2141
-2222
-2211
-2374
-2311
-2324
-2222
-1953
-1758
-1335
-900
-332
374
1095
1803
2582
3285
3829
4409
4842
5185
5390
5425
5409
5320
5110
4931
4500
4111
3769
3312
2889
2435
1976
1470
1091
584
199
-348
-730
-1164
-1546
-1950
-2296
-2453
-2791
-2833
-2921
-2982
-2838
-2700
-2516
-2265
-1979
-1683
-1272
-1063
-690
-387
-118
209
301
530
682
765
769
913
892
975
1057
1083
1227
1319
1471
1588
1601
1642
1661
1552
1431
1263
1016
748
470
199
-80
-316
-509
-784
-916
-953
-1084
-1063
-1023
-1045
-924
-840
-736
-645
-581
-503
-477
-404
-273
-326
-274
-216
-95
-57
50
125
147
261
302
304
312
276
85
10
-138
-392
-629
-926
-1080
-1303
-1497
-1676
-1844
-1855
-1963
-2060
-2010
-2235
-2148
-2163
-2194
-2229
-2195
-2367
-2422
-2471
-2617
-2653
-2805
-2809
-2812
-2684
-2532
-2187
-1876
-1418
-902
-297
426
1198
1984
2727
3383
4007
4577
4961
5294
5475
5542
5493
5379
5142
4870
4499
4081
3626
3078
2614
2056
1611
945
555
4
-525
-969
-1524
-1939
-2380
-2792
-3079
-3335
-3512
-3642
-3632
-3669
-3572
-3303
-3130
-2739
-2504
-2114
-1710
-1298
-959
-590
-264
-12
262
515
743
865
1111
1164
1391
1499
1669
1720
1870
1918
2004
2166
2069
2093
1962
1897
1627
1510
1150
888
638
189
77
-281
-457
-668
-744
-822
-843
-768
-755
-614
-580
-456
-348
-336
-220
-175
-5
-64
18
56
81
167
139
197
231
247
281
373
357
359
354
320
217
101
-56
-140
-309
-572
-704
-940
-1061
-1180
-1318
-1445
-1505
-1579
-1637
-1647
-1660
-1764
-1871
-1884
-2032
-2142
-2206
-2324
-2396
-2400
-2458
-2392
-2359
-2217
-2088
-2008
-1746
-1501
-1026
-527
-7
558
1157
1849
2504
3212
3821
4396
4835
5125
5521
5692
5795
5629
5471
5227
4788
4499
3999
3434
2869
2236
1675
1057
387
-239
-849
-1541
-2026
-2577
-3096
-3430
-3910
-4139
-4436
-4591
-4639
-4669
-4508
-4340
-4190
-3850
-3505
-3150
-2807
-2384
-2019
-1539
-1182
-794
-375
-37
401
563
899
1043
1306
1466
1553
1736
1800
2003
1900
1980
1856
1818
1734
1355
1304
1006
752
493
155
-142
-376
-615
-893
-955
-1048
-990
-1037
-914
-874
-821
-634
-648
-500
-433
-355
-188
-84
90
128
228
271
334
432
414
560
508
551
641
685
763
733
784
689
662
568
450
345
159
5
-113
-216
-460
-539
-742
-832
-958
-1150
-1154
-1304
-1417
-1489
-1548
-1620
-1696
-1797
-1773
-1701
-1730
-1650
-1438
-1356
-1186
-903
-791
-537
-334
-39
264
521
904
1359
1780
2166
2710
3250
3788
4287
4860
5239
5521
5663
5784
5857
5652
5333
4951
4544
4018
3579
2954
2290
1684
1002
251
-401
-1050
-1612
-2372
-2948
-3350
-3728
-4131
-4406
-4595
-4717
-4745
-4690
-4623
-4484
-4268
-4001
-3601
-3318
-2859
-2462
-1985
-1622
-1116
-671
-325
101
391
660
933
1138
1278
1477
1444
1579
1552
1565
1593
1537
1492
1333
1192
1063
789
537
285
-14
-331
-624
-945
-1160
-1255
-1588
-1639
-1757
-1768
-1726
-1872
-1747
-1646
-1623
-1469
-1327
-1150
-1025
-912
-723
-522
-425
-208
-46
40
228
315
496
619
659
738
738
895
939
957
1043
993
900
853
695
636
509
252
71
-140
-286
-513
-777
-953
-1113
-1247
-1364
-1381
-1437
-1390
-1427
-1361
-1311
-1169
-973
-833
-676
-422
-189
10
211
402
599
681
833
999
1036
1169
1349
1363
1569
1622
1774
1786
1917
2074
2165
2306
2389
2533
2675
2748
2883
3033
3121
3256
3231
3214
3205
3124
2979
2572
2298
2033
1601
1155
697
283
-105
-588
-1023
-1292
-1703
-2041
-2422
-2606
-2726
-2919
-2942
-2944
-2925
-2849
-2716
-2587
-2391
-2281
-2048
-1748
-1600
-1301
-992
-717
-374
-216
146
408
721
944
1097
1245
1397
1474
1385
1415
1278
1175
947
732
546
225
-51
-360
-626
-870
-1083
-1191
-1342
-1528
-1567
-1659
-1833
-1788
-1956
-1900
-1907
-1964
-1866
-1810
-1678
-1614
-1383
-1207
-944
-745
-480
-184
70
325
570
782
966
1095
1206
1213
1235
1270
1179
1115
1052
930
839
670
538
385
161
11
-231
-334
-570
-747
-947
-1078
-1215
-1302
-1339
-1454
-1370
-1308
-1323
-1161
-1050
-838
-696
-570
-361
-186
-77
19
196
208
273
275
276
240
264
216
129
68
-30
4
-137
-43
63
349
550
821
1193
1600
2108
2541
3037
3371
3685
3821
3980
4068
4003
3755
3396
3170
2899
2512
2058
1653
1267
834
431
-21
-317
-736
-1168
-1488
-1881
-2141
-2428
-2774
-2903
-3041
-3084
-2972
-2869
-2629
-2410
-2067
-1688
-1254
-888
-509
-114
238
527
829
1081
1273
1379
1371
1426
1446
1379
1250
1181
1143
945
896
642
628
423
185
63
-244
-423
-697
-880
-1086
-1348
-1542
-1747
-1962
-2006
-2103
-2119
-2127
-1924
-1836
-1647
-1365
-1148
-814
-668
-332
-181
3
236
368
610
762
803
969
1079
1198
1275
1383
1457
1414
1391
1405
1370
1326
1264
1144
990
850
631
483
271
-27
-279
-545
-707
-888
-1094
-1254
-1424
-1489
-1501
-1528
-1365
-1279
-1198
-1064
-1001
-889
-760
-740
-696
-624
-569
-534
-484
-353
-349
-329
-354
-360
-369
-323
-269
-246
-154
-154
-30
19
53
61
82
74
19
121
44
11
27
-9
43
-17
24
-16
103
272
452
636
828
1093
1349
1683
1923
2264
2360
2432
2488
2544
2599
2315
2018
1786
1692
1369
1113
891
615
474
96
-76
-289
-573
-737
-1139
-1291
-1414
-1616
-1801
-1926
-1958
-2104
-1996
-1979
-1863
-1699
-1533
-1288
-1118
-698
-520
-211
-90
18
260
383
462
495
455
410
542
468
412
427
348
317
365
409
488
532
541
493
497
436
409
280
192
141
9
85
-57
9
8
44
159
93
263
386
514
673
674
718
872
929
993
1007
1014
1063
1078
1055
1100
1128
980
1030
956
908
926
760
579
429
262
93
-17
-252
-381
-590
-816
-939
-1021
-1189
-1321
-1425
-1461
-1537
-1623
-1654
-1761
-1777
-1832
-1781
-1773
-1611
-1509
-1439
-1269
-1174
-973
-803
-679
-617
-502
-388
-299
-327
-223
-298
-382
-420
-451
-546
-639
-671
-759
-772
-870
-855
-917
-998
-1042
-980
-984
-1033
-1063
-1082
-1005
-896
-636
-469
-258
23
478
1065
1476
1947
2429
2772
3011
3189
3404
3480
3316
2965
2810
2667
2373
1956
1423
1243
791
440
70
-201
-417
-762
-1113
-1292
-1359
-1502
-1788
-1987
-1893
-2086
-2178
-2079
-2068
-1898
-1852
-1649
-1264
-1041
-672
-342
19
415
717
1064
1269
1479
1537
1584
1681
1686
1517
1405
1344
1156
1002
886
855
707
583
532
500
538
359
365
289
157
109
3
-99
-228
-276
-392
-353
-386
-232
-130
-100
63
180
282
551
598
759
851
939
991
1057
1095
1017
1097
982
1033
916
972
966
854
877
899
952
884
865
874
732
625
487
276
100
-206
-490
-856
-1009
-1292
-1552
-1631
-1854
-1885
-1966
-2012
-1958
-1853
-1803
-1802
-1674
-1619
-1497
-1448
-1340
-1276
-1229
-1160
-1093
-963
-927
-807
-715
-599
-439
-232
-108
4
153
268
322
448
444
476
336
253
97
10
-128
-323
-388
-537
-534
-596
-578
-596
-610
-656
-633
-669
-702
-702
-717
-884
-806
-951
-985
-1083
-1118
-1233
-1284
-1223
-1197
-1093
-986
-833
-663
-424
-315
-130
41
298
634
902
1132
1455
1820
2149
2515
2853
3145
3422
3435
3533
3667
3776
3443
3057
2891
2781
2488
1883
1404
1019
589
0
-641
-929
-1340
-1848
-2330
-2573
-2446
-2672
-2788
-2750
-2538
-2280
-2147
-1781
-1450
-1227
-947
-612
-269
0
298
530
799
1042
1190
1446
1676
1859
1841
1930
2163
2285
2269
2067
2071
1967
1648
1447
1180
1026
615
219
-25
-206
-352
-626
-745
-859
-918
-1003
-918
-910
-863
-886
-790
-686
-624
-501
-408
-330
-275
-177
-101
180
155
202
398
468
528
567
524
539
496
445
381
247
260
62
-172
-303
-452
-653
-786
-977
-1009
-1178
-1282
-1320
-1369
-1305
-1360
-1375
-1254
-1216
-1140
-948
-1035
-907
-924
-949
-885
-840
-858
-847
-867
-763
-638
-664
-471
-432
-328
-342
-205
-125
-111
-96
-172
-144
-154
-187
-172
-154
-181
-103
-4
188
341
541
683
776
1000
1082
1258
1310
1306
1239
1208
1170
1130
979
808
772
571
540
377
395
221
87
24
-80
-107
-197
-313
-471
-427
-483
-380
-470
-360
-178
-141
-46
77
246
449
474
541
630
724
784
740
609
626
594
485
466
281
297
206
143
-13
46
-153
-141
-347
-548
-666
-812
-1012
-1289
-1447
-1815
-1888
-2126
-2281
-2449
-2477
-2509
-2496
-2383
-2037
-1547
-1097
-727
-179
468
1181
1796
2337
2872
3275
3527
3788
4010
4159
4166
3877
3659
3641
3563
3159
2737
2451
1980
1503
937
558
147
-451
-1065
-1631
-1884
-2182
-2543
-2891
-2982
-3002
-3033
-2951
-2689
-2441
-2313
-2130
-1751
-1398
-1044
-832
-432
-159
-28
280
475
754
673
677
784
954
1003
788
840
772
758
599
523
537
372
122
-2
-74
-200
-346
-576
-638
-766
-936
-912
-864
-855
-833
-831
-605
-448
-194
-52
184
286
410
513
710
743
689
698
590
726
721
637
561
544
539
569
518
563
590
542
408
413
324
248
38
-81
-249
-570
-653
-917
-914
-1233
-1377
-1396
-1390
-1388
-1471
-1298
-1203
-1137
-1055
-925
-783
-637
-490
-559
-469
-302
-296
-205
-243
-136
-181
-96
33
84
198
269
266
381
500
432
476
439
432
293
256
231
213
173
159
122
230
267
343
431
493
609
687
871
1005
1072
1137
1170
1187
1151
1159
1120
1094
1038
894
791
807
802
616
526
462
507
453
403
357
306
235
190
60
-72
-121
-349
-470
-661
-600
-706
-841
-775
-776
-687
-560
-477
-293
-138
-43
178
203
298
323
421
395
426
307
225
172
58
-38
-142
-131
-262
-250
-266
-268
-221
-364
-404
-468
-502
-634
-790
-770
-931
-1004
-1137
-1048
-1096
-1096
-1016
-891
-748
-605
-425
-200
-43
107
305
444
636
608
648
647
714
727
659
689
639
585
585
502
425
429
354
195
184
102
-31
-153
-402
-518
-675
-816
-946
-1097
-1073
-1089
-1108
-1042
-987
-917
-807
-673
-663
-615
-494
-528
-493
-496
-382
-354
-352
-343
-248
-193
-122
-81
-13
92
120
226
299
296
365
358
333
294
273
239
232
68
24
-57
-154
-203
-231
-163
-262
-225
-282
-181
-176
-174
-163
-135
-136
-71
-52
-109
-112
-118
-77
-75
-29
43
196
286
543
757
985
1176
1452
1537
1726
1888
1966
1956
1970
2000
2054
1888
1745
1618
1603
1600
1307
1237
1054
1007
861
545
380
219
21
-230
-491
-582
-736
-890
-1084
-1164
-1227
-1201
-1105
-1103
-905
-916
-715
-533
-390
-270
-146
52
50
223
243
333
369
214
262
186
202
130
-47
-48
-116
-76
-238
-227
-231
-315
-355
-397
-384
-463
-503
-582
-565
-659
-653
-588
-746
-597
-688
-585
-533
-629
-543
-496
-441
-373
-319
-277
-122
-67
66
162
296
291
372
345
331
373
356
352
314
380
397
435
407
434
446
457
378
387
342
276
125
14
-67
-254
-428
-540
-668
-809
-895
-1052
-1070
-1149
-1161
-1095
-1077
-1052
-1059
-1084
-1040
-938
-977
-1026
-860
-869
-745
-673
-668
-478
-419
-313
-111
-8
209
365
482
638
753
878
776
855
894
942
857
817
826
755
736
620
517
518
457
393
329
268
170
76
27
-123
-183
-302
-273
-339
-328
-338
-296
-229
-264
-133
-69
63
104
206
317
445
553
559
507
528
551
414
283
180
45
-76
-121
-320
-441
-558
-760
-606
-486
-437
-424
-229
72
347
515
774
1159
1310
1205
1291
1544
1640
1410
1145
1079
1308
1189
787
809
841
709
388
187
183
99
-304
-679
-766
-884
-1066
-1344
-1432
-1465
-1499
-1500
-1329
-1075
-1037
-880
-596
-287
-140
73
427
571
527
542
696
866
743
469
516
659
573
410
490
611
562
397
447
537
515
299
162
74
-51
-322
-496
-601
-726
-1003
-1028
-965
-1037
-1075
-1045
-861
-915
-797
-768
-491
-414
-473
-360
-255
-71
-151
-148
-37
117
108
45
186
343
254
221
271
390
485
445
426
452
346
283
156
115
-9
-199
-250
-366
-435
-532
-650
-723
-766
-835
-795
-788
-807
-837
-827
-843
-738
-806
-758
-710
-617
-494
-357
-195
-129
16
-18
132
248
440
540
523
592
705
801
629
724
756
702
656
688
737
730
750
599
569
482
408
343
228
176
91
61
57
2
84
67
174
193
267
360
505
597
663
768
789
924
942
967
936
864
821
800
730
710
614
493
474
441
385
322
220
84
-12
-76
-172
-393
-498
-567
-709
-713
-836
-809
-766
-785
-735
-633
-513
-316
-236
-194
-25
40
91
179
273
183
213
179
253
271
250
246
292
288
326
346
407
430
328
318
243
205
-18
-52
-163
-287
-417
-463
-590
-507
-544
-502
-522
-405
-340
-331
-211
-256
-308
-413
-337
-399
-460
-459
-507
-549
-494
-466
-460
-441
-338
-372
-400
-299
-367
-360
-442
-585
-599
-712
-722
-851
-891
-966
-1035
-1002
-931
-904
-903
-848
-711
-576
-553
-514
-463
-377
-432
-355
-254
-199
-120
-93
-29
88
170
342
436
550
707
770
883
973
995
946
940
975
1012
905
914
857
831
775
681
817
798
704
662
713
664
633
575
507
475
371
258
285
148
191
107
-15
48
-65
34
2
118
84
218
240
311
394
355
469
476
448
395
452
335
369
260
190
177
189
120
123
50
12
-41
-116
-132
-258
-300
-266
-364
-430
-410
-446
-433
-394
-359
-320
-228
-141
-130
-23
95
135
99
183
338
393
439
374
461
536
500
484
397
433
375
403
322
346
218
281
161
75
183
94
103
-77
-2
-35
-82
-139
-144
-219
-165
-162
-239
-334
-339
-362
-399
-609
-600
-632
-646
-647
-767
-703
-666
-657
-666
-554
-571
-561
-580
-535
-464
-401
-441
-414
-397
-343
-427
-444
-464
-547
-443
-517
-475
-446
-438
-373
-359
-310
-323
-356
-254
-345
-361
-434
-353
-457
-507
-491
-490
-502
-421
-371
-384
-291
-237
-193
-103
-55
-140
-89
-87
-104
-54
-23
26
75
79
148
282
265
281
384
471
480
541
612
579
648
549
548
521
443
402
362
432
382
406
417
539
506
549
528
595
690
629
628
648
692
600
539
518
555
595
478
486
524
622
531
541
557
546
620
508
575
529
458
446
378
353
239
188
76
13
-46
-98
-55
-40
-129
-185
-138
-71
-140
-184
-139
-205
-266
-332
-315
-304
-399
-450
-409
-467
-423
-386
-356
-250
-228
-250
-114
-37
-74
-40
-21
-52
-49
-59
-36
24
51
64
25
76
128
95
48
90
184
107
140
131
151
157
13
102
15
62
-9
-87
-54
-102
-147
-162
-172
-149
-241
-248
-102
-192
-162
-208
-188
-274
-225
-298
-352
-301
-333
-345
-372
-414
-432
-474
-563
-538
-610
-569
-577
-581
-587
-614
-620
-709
-687
-707
-785
-744
-729
-743
-747
-682
-733
-617
-585
-468
-458
-404
-332
-262
-179
-189
-55
-61
14
60
88
180
186
247
277
377
387
420
453
464
423
478
360
281
354
344
320
256
334
248
309
330
346
346
413
433
544
544
528
620
565
509
481
489
473
394
409
355
351
272
220
279
284
240
259
327
185
229
151
61
83
-40
-32
-146
-17
-104
-12
-35
20
55
89
198
200
299
236
388
308
338
337
298
282
281
224
232
240
337
284
308
300
371
451
394
468
472
407
372
326
298
191
75
143
-11
62
-29
-46
81
84
241
223
243
313
339
298
333
337
287
348
333
281
285
203
208
126
81
81
32
-34
-74
-124
-151
-272
-295
-416
-364
-507
-526
-530
-673
-718
-793
-744
-917
-777
-859
-840
-780
-812
-746
-706
-711
-664
-678
-763
-706
-683
-800
-757
-678
-683
-596
-603
-517
-489
-475
-464
-410
-508
-454
-467
-516
-489
-524
-476
-506
-467
-460
-389
-309
-342
-319
-272
-232
-256
-304
-290
-187
-204
-300
-197
-117
-10
28
106
138
293
394
323
430
453
518
508
403
385
445
386
418
330
382
309
383
347
392
398
383
398
338
423
362
405
304
374
328
346
322
325
366
260
268
334
359
315
299
357
406
369
388
398
445
430
427
455
438
354
312
250
243
192
150
148
166
172
174
258
233
238
174
220
202
185
229
138
143
183
190
291
268
254
372
343
332
412
354
451
444
355
395
379
452
431
331
353
334
302
259
185
201
43
-19
-63
-146
-48
-197
-237
-191
-239
-251
-250
-259
-348
-361
-357
-339
-286
-303
-318
-322
-283
-347
-283
-327
-304
-412
-296
-349
-385
-399
-479
-455
-559
-488
-558
-618
-674
-645
-623
-716
-744
-746
-786
-770
-729
-740
-712
-618
-689
-577
-530
-547
-515
-527
-472
-463
-441
-390
-391
-309
-317
-243
-279
-295
-232
-219
-178
-230
-250
-215
-128
-115
-127
-104
-123
-74
-147
-109
-121
-117
-190
-156
-116
-90
-55
-128
-41
-15
-9
-10
-8
87
52
40
135
216
230
307
352
395
483
505
493
565
465
563
578
579
632
588
584
606
571
486
576
514
587
495
542
545
626
553
639
610
578
632
572
692
571
595
582
537
521
545
498
555
506
508
483
476
437
489
396
381
346
245
285
240
275
108
182
182
250
136
113
156
129
65
42
28
-73
24
-17
-3
3
-61
-29
13
-65
-52
-73
-49
-135
-85
-159
-106
-197
-119
-118
-154
-238
-295
-248
-350
-355
-442
-455
-489
-539
-503
-559
-570
-614
-578
-579
-492
-624
-563
-627
-619
-605
-557
-520
-511
-344
-405
-360
-389
-355
-346
-427
-302
-303
-410
-361
-356
-314
-279
-243
-171
-235
-195
-133
-95
-48
-83
-3
-113
-20
7
-57
-83
-110
-39
-163
-45
-41
-66
4
-107
9
-20
-18
86
24
34
0
22
181
97
154
141
123
200
174
247
231
146
243
177
111
186
144
78
149
91
67
66
38
-9
-35
0
-63
-142
-131
-160
-119
-91
-119
-161
-151
-157
-136
-142
-206
-112
-167
-106
-97
-117
-32
-77
-22
7
-18
54
84
154
140
177
140
205
173
162
217
236
279
221
337
360
403
422
429
509
509
443
533
564
501
575
508
506
502
538
480
443
479
436
493
472
513
463
521
455
434
469
465
440
374
369
305
286
245
244
196
171
84
113
113
89
61
53
89
42
71
91
46
23
-67
-89
-161
-186
-238
-260
-220
-318
-355
-310
-409
-330
-385
-393
-460
-534
-488
-498
-454
-528
-497
-471
-601
-439
-480
-504
-474
-534
-393
-393
-302
-275
-249
-255
-205
-256
-175
-204
-220
-203
-228
-206
-146
-203
-168
-204
-152
-96
-127
-62
-158
-115
-125
-130
-138
-184
-271
-258
-171
-262
-281
-307
-287
-243
-249
-257
-235
-228
-194
-209
-178
-198
-175
-236
-205
-232
-201
-227
-153
-192
-160
-144
-98
-53
-118
12
-64
-15
-79
-72
-54
-45
-104
-71
-36
-54
25
-26
50
6
68
119
58
135
62
186
132
108
167
165
205
259
216
331
333
330
331
348
410
465
485
481
522
529
517
530
476
505
491
447
426
331
377
310
326
218
228
234
320
325
302
311
305
278
248
233
249
214
214
257
237
280
256
274
222
317
266
335
242
258
311
293
352
299
319
288
343
311
263
299
166
211
148
166
113
96
93
40
123
-48
-20
-50
-134
-91
-142
-120
-167
-159
10
-163
-119
-136
-136
-281
-209
-244
-318
-287
-380
-244
-197
-238
-319
-257
-218
-327
-218
-351
-346
-355
-439
-344
-443
-415
-470
-426
-463
-433
-409
-441
-431
-444
-409
-417
-440
-462
-396
-437
-379
-395
-383
-330
-368
-315
-345
-362
-337
-350
-409
-344
-391
-357
-391
-360
-337
-355
-274
-287
-263
-270
-274
-303
-311
-261
-263
-266
-218
-312
-288
-203
-270
-219
-251
-220
-183
-143
-57
-53
39
25
191
138
214
225
221
246
251
289
243
332
292
377
408
351
435
419
422
503
534
495
523
555
573
579
595
660
629
625
657
659
626
671
624
590
641
564
551
560
527
568
547
656
578
527
570
564
585
525
465
354
365
390
294
346
302
314
275
204
215
196
177
98
153
56
93
27
-48
-105
-70
-151
-150
-146
-179
-29
-113
-124
-69
-118
-169
-91
-118
-64
-137
-103
-128
-106
-113
-201
-145
-274
-289
-331
-249
-335
-347
-360
-365
-330
-308
-348
-287
-233
-256
-273
-254
-266
-253
-289
-330
-236
-273
-279
-246
-240
-251
-357
-313
-300
-325
-274
-244
-259
-302
-275
-279
-343
-338
-395
-397
-314
-404
-363
-321
-354
-281
-418
-319
-366
-363
-427
-404
-453
-453
-473
-460
-361
-373
-395
-359
-321
-297
-249
-299
-200
-276
-204
-93
-83
23
33
32
57
5
17
58
-39
-34
-29
-141
-72
-115
-135
-148
-44
-17
91
153
198
393
296
324
287
281
275
236
212
252
247
309
313
384
315
339
285
351
318
233
213
226
248
105
234
163
240
200
224
294
396
410
374
608
571
660
646
739
707
550
615
479
419
318
265
317
244
251
263
189
143
137
156
81
126
-3
52
73
91
6
55
41
55
157
96
193
193
249
280
245
316
313
207
198
196
151
63
77
74
-1
9
-21
32
-50
-66
-45
-109
-125
-132
-48
-165
-69
-160
-136
-135
-113
-95
-175
-94
-114
-129
-105
-98
-158
-141
-230
-217
-287
-359
-447
-417
-485
-510
-404
-544
-465
-488
-434
-421
-404
-307
-367
-305
-364
-352
-307
-310
-352
-364
-337
-407
-258
-347
-303
-360
-346
-345
-386
-258
-379
-376
-456
-387
-427
-411
-371
-508
-401
-436
-451
-397
-461
-396
-338
-277
-252
-207
-192
-141
-5
-94
-30
-66
22
-22
91
57
90
156
63
120
84
92
112
147
132
154
162
251
205
227
236
233
270
182
215
183
305
332
224
314
309
423
430
403
457
455
496
496
381
406
414
338
392
386
383
398
476
465
475
479
434
415
360
383
290
355
376
357
331
331
345
253
300
140
179
103
128
97
87
123
59
158
102
87
160
98
108
138
102
54
37
78
86
108
73
115
103
184
228
165
267
191
208
191
136
129
95
101
46
33
-47
-71
-16
-103
-55
-81
-94
-41
-70
-15
-103
-94
-113
-160
-165
-209
-267
-269
-311
-287
-267
-391
-333
-306
-370
-287
-294
-274
-359
-237
-243
-292
-312
-372
-328
-378
-436
-339
-359
-283
-270
-275
-263
-296
-221
-437
-369
-363
-421
-478
-455
-442
-447
-436
-430
-384
-401
-388
-350
-254
-330
-258
-277
-240
-245
-396
-285
-384
-319
-366
-379
-308
-306
-334
-254
-227
-249
-82
-102
-68
-106
-115
-76
-69
-128
-70
-169
-20
-4
31
171
101
158
163
213
217
299
240
283
273
267
236
263
185
221
235
268
371
313
390
420
429
381
412
433
386
485
425
422
492
458
429
454
515
483
482
447
458
402
444
439
490
457
506
489
459
503
468
400
391
376
386
312
308
314
266
286
189
244
169
162
188
142
157
148
102
41
175
108
117
155
128
135
182
163
180
213
188
120
166
120
46
38
17
83
72
57
10
67
-77
-68
-78
-195
-244
-306
-329
-359
-316
-350
-323
-396
-361
-340
-338
-276
-254
-220
-215
-214
-180
-178
-309
-258
-339
-404
-437
-375
-326
-423
-278
-358
-317
-342
-392
-277
-354
-412
-401
-415
-419
-355
-473
-360
-379
-357
-356
-382
-387
-357
-414
-417
-408
-390
-362
-422
-414
-398
-405
-387
-401
-430
-402
-425
-324
-358
-283
-270
-297
-223
-233
-167
-134
-183
-148
-199
-182
-116
-78
-71
-99
-41
-80
19
-19
40
53
-6
88
60
129
110
161
210
214
174
250
153
249
282
305
354
314
413
348
400
444
459
373
418
492
512
495
507
517
463
466
463
507
394
469
448
505
473
490
485
457
480
504
545
486
572
528
541
519
448
513
335
443
354
299
306
250
284
231
294
198
290
295
336
299
276
256
194
183
128
93
125
116
199
148
146
134
122
117
125
109
26
38
-14
5
-83
-72
-93
-149
-130
-125
-170
-149
-168
-211
-207
-297
-275
-310
-338
-353
-397
-397
-402
-403
-441
-434
-392
-399
-386
-355
-474
-405
-442
-421
-441
-455
-475
-487
-474
-559
-544
-521
-524
-581
-521
-631
-568
-554
-567
-519
-520
-499
-486
-392
-377
-352
-380
-375
-367
-431
-386
-384
-375
-300
-278
-200
-186
-141
-111
-169
-125
-130
-227
-190
-203
-244
-154
-184
-154
-139
-132
-39
-24
-24
-33
-35
28
-45
73
71
-20
42
62
94
119
106
148
116
124
115
117
186
155
242
223
221
360
327
285
403
333
374
387
377
361
410
362
422
475
339
470
380
416
372
439
431
420
416
421
522
477
424
472
482
438
493
381
444
448
403
405
382
372
405
433
403
426
378
352
375
334
305
275
324
275
260
334
247
369
261
229
221
232
203
205
251
132
167
86
130
61
82
82
43
26
-81
-26
-85
-158
-123
-214
-190
-139
-223
-187
-220
-221
-253
-256
-230
-281
-227
-256
-173
-259
-228
-332
-267
-330
-321
-301
-423
-291
-346
-310
-336
-328
-293
-324
-284
-291
-310
-349
-275
-360
-301
-359
-340
-316
-404
-303
-344
-361
-340
-312
-322
-337
-443
-394
-418
-360
-451
-468
-372
-376
-327
-352
-252
-321
-290
-267
-225
-217
-249
-212
-220
-206
-164
-143
-124
-123
-93
-83
-37
-116
-105
-84
-157
-61
-97
-133
-171
-75
-67
-44
-41
-53
-21
-69
-10
-13
-19
-29
7
57
32
64
172
140
204
160
211
255
250
116
155
190
132
227
146
267
199
178
197
156
175
176
238
203
289
300
322
346
351
328
335
288
378
360
278
314
355
340
349
366
329
412
416
392
362
476
444
462
503
505
528
548
570
529
552
567
460
501
452
423
437
378
430
348
397
362
293
314
342
237
309
249
228
242
106
121
36
54
-16
-42
-12
-165
-77
-136
-115
-133
-198
-178
-194
-129
-256
-152
-229
-234
-200
-286
-270
-237
-307
-260
-292
-359
-296
-356
-316
-301
-288
-335
-136
-329
-141
-259
-233
-262
-387
-294
-417
-416
-440
-324
-330
-297
-332
-351
-424
-483
-478
-558
-487
-507
-554
-453
-437
-477
-435
-419
-393
-470
-409
-400
-429
-394
-435
-441
-373
-382
-389
-312
-414
-290
-333
-272
-328
-312
-320
-345
-244
-263
-231
-227
-209
-124
-22
-78
-81
-58
-42
-71
-30
-16
-3
77
30
107
151
167
112
218
211
261
266
330
352
251
320
224
282
296
230
261
240
309
287
289
316
310
273
374
285
314
328
310
363
338
403
335
362
351
434
284
351
409
315
423
384
455
459
413
475
389
490
480
421
436
413
433
384
380
291
338
260
298
266
232
261
312
255
273
323
310
335
334
288
262
225
131
220
162
131
98
95
151
51
116
86
123
36
60
137
58
61
4
21
-32
-43
-3
-57
-78
-93
-62
-89
-88
-116
-154
-129
-184
-208
-231
-180
-271
-235
-275
-267
-261
-291
-286
-261
-297
-305
-321
-332
-332
-413
-418
-377
-421
-356
-343
-370
-423
-395
-456
-428
-497
-532
-472
-565
-426
-535
-480
-494
-527
-448
-470
-458
-421
-427
-413
-327
-364
-307
-222
-328
-220
-221
-274
-248
-248
-275
-336
-211
-273
-246
-293
-228
-231
-252
-242
-316
-222
-316
-181
-202
-179
-143
-126
-123
-140
-89
-134
-58
-117
-68
14
27
-2
-20
61
15
52
24
118
173
220
173
274
337
322
452
364
385
457
403
413
414
376
397
326
336
454
396
433
403
488
425
468
529
430
523
492
472
467
437
387
450
423
364
472
364
489
458
477
461
398
441
437
449
388
395
413
399
396
447
367
285
393
390
325
284
261
273
256
261
186
214
191
205
150
138
105
14
78
26
91
-13
-36
-37
-77
-140
-108
-62
-231
-165
-169
-183
-175
-169
-131
-120
-107
-180
-85
-156
-178
-217
-213
-303
-309
-232
-305
-271
-239
-305
-334
-320
-397
-395
-396
-448
-453
-440
-495
-444
-475
-507
-421
-417
-422
-455
-413
-487
-449
-528
-450
-424
-463
-413
-436
-396
-475
-441
-403
-433
-460
-319
-384
-321
-360
-311
-364
-290
-333
-272
-200
-274
-177
-304
-144
-331
-196
-259
-284
-243
-263
-163
-163
-61
-162
-100
-151
-67
-130
-83
-50
-67
23
71
141
130
66
199
186
237
196
273
327
262
383
368
393
347
356
334
351
410
265
328
258
322
294
256
341
316
434
402
468
422
405
426
383
390
303
320
409
340
354
326
417
332
323
410
341
378
296
428
406
420
396
365
398
329
426
358
361
361
308
438
302
334
352
344
332
321
320
338
328
305
417
319
319
311
289
218
221
212
161
114
155
90
161
63
115
-2
55
35
52
-37
-177
-95
-234
-28
-177
-136
-201
-251
-230
-278
-283
-404
-458
-449
-427
-398
-437
-432
-398
-428
-368
-419
-400
-370
-412
-339
-376
-377
-416
-415
-374
-494
-398
-440
-465
-494
-403
-522
-460
-467
-513
-441
-466
-412
-397
-364
-360
-310
-411
-340
-444
-370
-408
-480
-420
-358
-400
-319
-358
-360
-285
-295
-247
-267
-284
-226
-192
-276
-187
-143
-155
-178
-87
-40
-95
-14
-44
-83
-40
-112
-68
-111
-82
-131
-10
-117
-16
49
-29
168
47
127
96
180
97
183
152
94
216
186
236
239
239
272
364
346
357
336
357
392
395
355
430
446
319
444
393
339
389
388
437
437
407
458
465
436
443
445
485
482
469
422
393
352
334
351
354
354
428
281
332
338
209
291
199
214
165
231
212
238
303
216
293
182
202
209
158
130
143
115
159
223
126
140
133
85
126
70
17
22
9
86
156
134
104
112
67
32
52
58
-20
-9
7
-14
-32
-108
-75
-151
-188
-268
-256
-263
-282
-302
-243
-246
-293
-231
-174
-226
-182
-180
-247
-183
-233
-261
-236
-282
-280
-352
-365
-394
-376
-346
-415
-338
-378
-306
-373
-394
-375
-396
-384
-460
-442
-426
-387
-428
-380
-431
-359
-313
-315
-229
-292
-241
-218
-252
-259
-327
-250
-290
-301
-292
-232
-284
-249
-298
-314
-274
-347
-246
-255
-263
-287
-176
-188
-225
-249
-245
-211
-248
-207
-191
-185
-252
-187
-176
-193
-184
-152
-84
-122
-66
-81
-57
-35
-20
45
26
136
151
172
225
244
229
280
203
238
274
317
405
355
398
376
423
420
400
491
413
434
536
593
555
579
602
561
546
572
525
548
570
587
481
495
458
465
439
373
362
384
352
368
404
340
383
384
363
347
405
290
443
300
347
354
402
425
458
503
397
454
477
417
313
290
256
258
303
199
205
186
184
181
181
116
79
24
41
28
-34
-39
-104
-59
-127
-133
-53
-117
-165
-202
-209
-220
-336
-299
-378
-397
-445
-413
-413
-474
-486
-522
-534
-537
-573
-632
-646
-575
-620
-552
-600
-614
-602
-617
-659
-643
-663
-677
-685
-738
-641
-638
-625
-606
-661
-566
-605
-552
-510
-539
-490
-553
-508
-387
-445
-394
-372
-404
-350
-308
-351
-474
-363
-383
-365
-341
-301
-243
-258
-188
-141
-142
-125
-110
-25
-77
-75
32
-30
46
-11
107
91
126
194
154
185
158
212
193
257
288
229
270
278
353
314
323
347
288
298
301
378
341
345
358
387
427
420
446
461
468
455
464
430
432
365
462
427
443
502
463
493
471
427
405
380
353
344
409
434
388
463
521
495
489
513
502
471
473
332
427
413
365
316
382
405
301
353
316
337
335
318
319
316
206
231
215
245
207
221
207
147
195
36
19
16
-123
-99
-190
-109
-194
-153
-180
-188
-141
-197
-124
-280
-190
-266
-275
-308
-416
-376
-444
-332
-431
-410
-416
-444
-236
-385
-297
-276
-322
-277
-325
-296
-411
-312
-489
-487
-486
-525
-431
-557
-463
-403
-399
-457
-446
-442
-503
-492
-495
-516
-504
-528
-447
-402
-467
-372
-454
-371
-424
-448
-377
-418
-351
-301
-310
-405
-288
-320
-273
-269
-250
-266
-216
-105
-101
-80
-113
-113
-22
-84
-72
-47
-9
-11
11
76
17
91
106
146
85
101
108
164
107
173
181
147
232
225
215
266
361
231
269
299
272
332
289
233
291
389
329
350
402
397
371
447
409
441
499
454
520
489
397
451
439
431
509
467
498
556
589
603
547
544
507
553
485
466
376
334
339
293
258
307
215
307
294
208
218
205
143
132
214
80
169
137
103
142
117
171
97
165
130
152
129
123
164
48
123
68
87
-54
-9
25
-57
4
-106
-41
-29
-111
-117
-76
-176
-150
-113
-108
-191
-197
-143
-224
-242
-283
-291
-362
-368
-500
-380
-458
-475
-441
-499
-517
-502
-514
-510
-483
-568
-509
-559
-527
-576
-453
-514
-481
-478
-497
-443
-414
-488
-489
-465
-571
-448
-469
-362
-442
-382
-394
-353
-314
-389
-300
-329
-222
-283
-225
-197
-189
-112
-150
-147
-138
-78
-121
-116
-168
-107
-138
-82
-107
-97
-39
-75
-16
-24
30
33
18
16
99
40
123
84
111
86
101
173
10
47
68
-18
6
95
83
132
148
193
206
122
172
191
158
246
253
271
251
300
276
312
375
294
414
382
418
392
412
346
405
318
350
360
384
448
433
498
409
546
341
399
397
374
474
431
518
543
544
589
549
586
479
475
497
404
455
414
497
424
420
346
369
364
269
293
273
246
232
