
175
84
179
127
144
175
202
116
238
338
283
362
224
266
239
231
260
271
215
162
206
252
269
153
190
179
192
176
208
272
251
314
316
330
371
454
354
429
494
479
416
428
421
464
406
305
325
412
318
343
362
337
432
371
500
422
427
379
380
328
289
317
214
172
96
137
49
85
22
-21
65
31
28
42
-57
-94
-138
-116
-165
-155
-175
-164
-153
-258
-290
-254
-292
-326
-315
-293
-273
-301
-186
-260
-237
-242
-209
-198
-150
-132
-140
-126
-184
-109
-130
-98
-127
-132
-123
-134
-133
-91
-144
-208
-184
-216
-230
-221
-218
-288
-284
-268
-317
-271
-392
-361
-349
-401
-413
-368
-488
-423
-452
-446
-400
-443
-472
-493
-431
-459
-417
-511
-464
-480
-431
-493
-455
-469
-516
-445
-411
-445
-450
-393
-393
-337
-288
-354
-312
-310
-269
-163
-176
-134
-98
-31
111
137
57
186
103
64
48
63
-33
-76
6
-47
107
47
164
269
329
458
509
639
596
696
576
620
501
486
485
422
383
311
463
307
389
344
350
385
339
426
370
462
376
494
436
519
475
415
534
370
502
338
363
361
293
332
289
334
278
406
302
346
376
361
332
299
341
378
357
263
371
292
256
293
237
255
164
212
211
161
146
163
157
109
144
178
175
253
152
171
162
93
173
38
11
-36
-105
-87
-162
-180
-230
-150
-242
-176
-137
-239
-178
-271
-274
-280
-357
-329
-352
-259
-342
-291
-246
-311
-296
-341
-316
-390
-304
-352
-354
-410
-415
-384
-402
-339
-468
-364
-406
-426
-360
-436
-383
-458
-454
-569
-465
-539
-530
-525
-603
-448
-523
-401
-458
-445
-381
-399
-319
-378
-237
-361
-276
-325
-385
-324
-315
-279
-192
-229
-210
-64
-141
-52
-95
-112
-67
-71
-68
-66
-5
-118
-36
-98
-64
-41
-138
3
-89
38
12
14
86
46
121
76
185
224
207
286
242
352
310
346
298
307
337
358
401
280
323
325
312
220
273
258
310
361
336
456
388
533
529
566
546
474
516
484
528
426
419
397
414
406
358
421
435
334
350
383
437
383
467
419
406
482
417
545
378
454
352
279
280
247
256
178
293
121
122
175
158
169
170
161
156
136
145
120
88
53
-77
-19
-96
-1
-57
19
-27
-90
-26
-121
-84
-203
-131
-207
-259
-251
-316
-279
-358
-255
-393
-329
-330
-302
-176
-285
-213
-310
-247
-267
-248
-341
-294
-335
-347
-274
-374
-376
-464
-410
-500
-410
-400
-444
-420
-373
-424
-438
-392
-571
-532
-588
-520
-564
-551
-591
-554
-561
-554
-554
-427
-541
-538
-490
-537
-447
-478
-385
-438
-440
-373
-385
-301
-278
-281
-236
-257
-190
-192
-161
-141
-88
-128
-79
-129
-162
-129
-119
-23
-2
51
104
180
134
193
220
187
214
147
163
204
131
199
158
166
193
181
236
280
331
380
409
447
478
478
503
437
404
353
351
283
316
317
214
327
313
336
346
307
351
461
430
465
519
595
593
678
625
619
614
559
518
436
473
453
405
435
286
326
347
284
395
303
363
314
408
391
368
427
384
406
475
369
483
368
285
327
235
280
224
198
152
208
129
17
94
-34
-78
-133
-122
-160
-139
-183
-112
-147
-248
-122
-185
-221
-219
-195
-244
-241
-280
-284
-221
-283
-224
-228
-251
-231
-240
-279
-243
-248
-286
-268
-257
-254
-304
-237
-241
-380
-359
-397
-455
-395
-494
-476
-498
-550
-374
-469
-406
-451
-471
-466
-443
-430
-446
-358
-428
-366
-363
-301
-371
-323
-380
-435
-343
-382
-360
-348
-354
-343
-281
-245
-239
-224
-292
-199
-287
-284
-271
-320
-276
-302
-247
-298
-225
-262
-275
-180
-227
-218
-166
-186
-139
-130
-126
-54
-89
44
27
-66
102
3
97
76
41
24
69
107
72
167
75
210
229
280
258
420
408
452
502
433
526
494
426
408
411
377
325
432
423
445
418
367
396
458
463
454
358
453
383
411
430
326
400
345
397
334
454
348
468
413
486
477
417
480
375
425
385
407
409
424
484
473
472
458
447
464
414
412
352
462
338
302
358
243
259
194
176
136
187
62
-29
31
-123
-75
-140
-188
-166
-123
-127
-140
-88
-136
-172
-262
-240
-277
-288
-274
-327
-219
-234
-197
-242
-263
-286
-312
-349
-291
-321
-400
-279
-339
-295
-315
-377
-438
-460
-477
-400
-474
-487
-396
-463
-417
-383
-310
-382
-384
-345
-346
-372
-305
-309
-454
-444
-461
-476
-603
-545
-587
-686
-538
-572
-535
-523
-419
-483
-348
-420
-405
-283
-424
-310
-371
-281
-304
-249
-268
-163
-189
-210
-197
-213
-91
-111
-61
-105
-19
-90
-36
-23
53
119
143
180
99
164
190
265
211
300
331
442
431
452
438
448
482
412
477
422
375
410
418
403
298
357
394
444
458
421
535
520
487
485
531
472
411
447
437
450
468
297
405
368
370
277
302
320
191
343
313
324
305
366
283
309
282
297
242
224
292
265
324
317
353
264
320
274
256
249
261
220
260
235
281
309
230
266
259
132
140
110
43
48
1
-11
-60
-25
-51
-42
-125
-78
-168
-182
-185
-155
-169
-285
-276
-213
-303
-301
-397
-339
-365
-402
-337
-408
-398
-463
-408
-502
-521
-551
-594
-580
-557
-582
-512
-462
-417
-383
-410
-389
-303
-343
-333
-344
-416
-321
-379
-453
-339
-378
-387
-301
-385
-268
-294
-236
-237
-226
-216
-262
-248
-306
-257
-215
-247
-300
-298
-266
-226
-324
-305
-261
-284
-258
-317
-258
-164
-268
-176
-249
-134
-161
-81
-37
-87
-12
-84
-96
-15
-40
-46
-63
-89
0
-15
-70
-36
-17
-1
-25
45
110
111
125
55
81
150
180
101
195
254
225
308
377
422
377
480
526
512
467
604
519
548
530
560
622
539
694
563
711
654
722
695
682
674
559
598
541
602
497
457
442
396
387
296
213
291
197
251
233
294
279
311
204
184
158
92
141
29
119
36
98
-7
90
10
13
50
-51
78
80
93
34
43
60
70
38
-27
61
74
64
51
31
56
-12
72
3
-50
-10
-52
-9
-12
-49
-30
-183
-175
-242
-241
-256
-343
-272
-309
-290
-360
-342
-329
-376
-345
-344
-270
-324
-336
-304
-357
-340
-352
-363
-411
-432
-400
-356
-394
-393
-349
-413
-322
-353
-376
-412
-406
-451
-458
-368
-455
-450
-461
-515
-428
-456
-432
-347
-420
-405
-335
-313
-294
-329
-306
-223
-290
-199
-333
-400
-325
-360
-273
-415
-235
-384
-320
-236
-252
-133
-202
-148
-54
-36
9
89
89
76
155
131
198
210
158
259
157
193
240
286
231
258
218
217
192
200
120
154
104
162
160
214
233
262
364
267
422
321
365
383
318
326
293
308
325
296
325
359
363
367
408
408
441
459
475
488
470
444
386
415
392
417
336
403
450
346
439
361
459
385
390
394
374
305
322
297
268
346
220
276
241
228
261
156
139
186
53
121
169
145
147
191
141
193
144
206
145
110
183
83
113
14
46
62
18
-71
-41
-132
-214
-213
-188
-179
-189
-173
-177
-274
-208
-230
-277
-371
-451
-511
-575
-582
-654
-665
-697
-698
-671
-593
-554
-491
-448
-337
-432
-311
-312
-375
-310
-463
-309
-409
-398
-447
-398
-414
-466
-379
-407
-353
-398
-327
-341
-235
-287
-288
-194
-267
-216
-254
-240
-251
-302
-263
-395
-337
-318
-353
-329
-293
-186
-226
-90
-117
-89
-92
-110
-106
-115
-83
-123
-50
-25
-41
33
-38
39
62
-11
-31
10
7
-61
64
-23
23
121
59
118
147
202
264
240
278
366
329
312
306
336
262
363
278
325
287
338
368
307
368
322
433
428
431
467
466
538
520
607
541
460
506
430
507
406
322
429
364
388
384
442
404
373
410
369
475
389
400
320
317
296
326
332
226
192
177
185
86
137
107
110
167
163
153
194
234
182
176
222
107
99
48
19
48
-88
-7
-81
-136
-30
-142
-45
-166
-1
-126
-94
-97
-185
-56
-250
-177
-255
-339
-273
-291
-323
-323
-323
-317
-238
-269
-221
-180
-224
-273
-254
-175
-146
-55
-173
-163
-133
-144
-164
-266
-212
-343
-255
-308
-322
-379
-358
-318
-478
-422
-485
-446
-486
-485
-480
-493
-417
-496
-483
-393
-412
-413
-465
-389
-441
-352
-421
-412
-296
-334
-343
-283
-272
-344
-299
-332
-257
-193
-232
-247
-95
-137
-85
-145
-160
-114
-177
-162
-127
-222
-212
-175
-232
-269
-250
-151
-142
-8
-60
19
4
-3
9
-14
13
-85
24
7
-26
61
70
129
228
288
388
508
540
520
575
577
544
406
337
341
362
267
275
352
324
409
408
511
509
603
634
610
579
582
658
690
696
729
667
687
644
691
576
528
555
553
569
512
628
516
524
492
508
503
496
397
462
462
406
444
310
381
252
271
207
298
256
192
258
189
133
59
116
-57
17
-9
-80
-46
14
-42
-68
-1
-95
-81
-121
-168
-113
-179
-170
-206
-269
-231
-318
-231
-360
-292
-335
-390
-379
-376
-476
-407
-452
-409
-369
-526
-421
-460
-376
-442
-388
-429
-529
-366
-521
-465
-513
-535
-506
-627
-565
-599
-603
-663
-689
-617
-713
-654
-602
-646
-653
-589
-691
-627
-583
-649
-485
-473
-463
-452
-416
-497
-454
-412
-447
-386
-440
-359
-329
-307
-305
-316
-244
-315
-248
-179
-161
-170
-136
-86
-48
3
-24
32
41
84
145
128
84
144
158
219
230
287
360
324
373
341
379
317
360
300
313
421
320
457
440
517
468
515
513
481
558
466
423
396
351
390
393
408
464
385
498
425
562
533
442
467
418
561
505
559
520
584
516
485
473
507
512
462
463
417
443
404
431
355
369
393
326
308
373
339
266
362
273
362
285
274
311
403
318
328
430
333
417
366
345
324
425
347
337
216
155
95
60
-112
-121
-169
-312
-186
-327
-305
-414
-407
-411
-428
-472
-487
-477
-365
-458
-406
-374
-508
-388
-420
-431
-498
-485
-476
-581
-545
-551
-565
-601
-540
-572
-655
-576
-642
-521
-627
-637
-600
-504
-513
-521
-445
-472
-548
-576
-601
-528
-583
-511
-542
-515
-395
-419
-407
-273
-277
-214
-200
-220
-59
-93
-26
-114
-23
-58
-4
18
-8
30
15
89
-42
82
17
82
120
36
86
75
35
0
-3
16
-104
-45
-84
-120
25
-66
-40
-44
-10
-71
1
27
51
112
4
154
119
160
152
172
201
144
249
133
267
189
187
205
222
309
241
272
289
260
246
164
240
144
135
167
242
303
327
322
299
306
266
289
345
271
324
385
368
415
505
563
565
553
603
643
622
619
610
606
542
592
495
541
509
462
513
455
518
546
520
596
625
595
671
551
560
457
424
370
260
147
57
25
-92
-106
-179
-152
-103
-168
-199
-192
-164
-189
-205
-187
-210
-241
-264
-218
-387
-437
-537
-402
-569
-550
-530
-511
-520
-580
-441
-528
-380
-491
-374
-360
-281
-376
-302
-239
-456
-298
-490
-393
-397
-326
-325
-335
-304
-383
-405
-534
-482
-449
-545
-475
-510
-456
-469
-512
-572
-538
-618
-641
-535
-592
-424
-418
-427
-412
-278
-251
-231
-248
-178
-95
-73
-60
-39
-9
77
94
139
143
252
356
342
476
426
512
424
466
391
370
375
214
173
23
55
-13
-87
-126
-245
-206
-249
-332
-273
-382
-291
-333
-236
-164
-245
-157
-165
-165
-115
-59
-5
-3
51
93
88
192
184
224
293
324
359
391
480
485
481
391
489
412
480
451
364
454
422
378
357
432
369
494
478
485
560
486
655
629
645
540
637
632
597
603
487
476
469
361
334
384
322
191
241
113
124
137
92
81
111
75
106
209
109
116
22
13
31
17
-47
-25
47
2
63
183
174
264
273
345
454
518
440
354
335
257
137
1
-101
-267
-443
-403
-564
-633
-618
-640
-768
-746
-767
-786
-755
-845
-773
-766
-756
-751
-678
-606
-623
-536
-459
-420
-312
-317
-215
-94
25
1
103
154
175
248
179
188
-52
-7
-157
-406
-484
-603
-718
-787
-747
-841
-733
-774
-605
-609
-512
-586
-495
-459
-432
-433
-384
-267
-360
-270
-309
-244
-245
-260
-231
-274
-213
-290
-335
-275
-357
-412
-467
-475
-462
-471
-385
-401
-260
-302
-265
-212
-171
-98
-127
-59
-16
108
92
303
422
482
668
824
976
1134
1329
1452
1470
1516
1505
1489
1372
1205
1100
897
759
581
460
319
259
152
-52
-120
-196
-236
-342
-286
-350
-364
-343
-375
-306
-373
-172
-188
10
145
276
473
509
699
712
857
855
867
867
873
883
718
745
599
463
461
382
326
289
297
203
277
190
229
281
201
189
222
223
215
252
271
104
213
139
137
208
234
227
270
312
275
368
230
232
92
-16
-46
-254
-261
-418
-609
-632
-773
-891
-993
-994
-1033
-1049
-1012
-994
-956
-903
-888
-889
-813
-876
-763
-770
-859
-840
-843
-856
-867
-919
-798
-826
-741
-587
-425
-266
-157
53
170
303
351
383
389
326
258
102
78
-45
-181
-287
-441
-436
-549
-637
-567
-658
-610
-609
-587
-549
-456
-422
-359
-259
-309
-258
-139
2
10
118
212
343
489
595
690
784
827
852
894
780
767
651
513
369
212
250
166
11
40
32
9
13
50
164
82
160
146
283
217
319
337
289
416
430
527
417
430
382
368
334
290
226
149
110
-15
-44
-96
-175
-232
-372
-361
-379
-429
-506
-465
-426
-479
-449
-422
-346
-357
-369
-364
-259
-232
-254
-180
-173
-92
104
305
411
580
838
1010
1308
1571
1719
1972
1975
1987
2005
1971
1859
1600
1371
1198
1073
724
573
294
158
-87
-303
-430
-526
-702
-980
-1015
-1150
-1094
-1171
-1196
-1104
-1060
-932
-711
-618
-427
-360
-144
-79
-23
213
187
299
258
223
158
221
214
119
67
-67
-23
-170
-190
-320
-378
-448
-520
-493
-654
-707
-707
-768
-874
-776
-839
-770
-707
-675
-512
-398
-276
-77
-31
161
225
315
339
339
288
377
214
125
49
-198
-267
-561
-708
-882
-1040
-1140
-1184
-1167
-1120
-1106
-1007
-1010
-937
-902
-997
-1010
-1008
-1035
-1042
-1100
-1008
-1029
-851
-896
-765
-789
-671
-662
-618
-605
-668
-562
-642
-438
-566
-633
-634
-537
-262
-206
97
291
756
1130
1452
1956
2266
2653
2718
2933
2963
3025
2944
2734
2549
2391
2289
1975
1801
1701
1459
1289
987
950
778
515
296
127
-45
-199
-335
-582
-705
-830
-958
-975
-797
-853
-742
-599
-527
-220
-20
148
157
185
246
264
239
225
212
182
139
85
33
-27
42
-40
45
6
42
122
249
295
296
259
261
256
287
240
247
334
292
422
414
599
590
670
674
639
665
520
496
401
173
13
-222
-427
-610
-872
-942
-1175
-1308
-1407
-1576
-1626
-1793
-1683
-1760
-1645
-1719
-1675
-1583
-1563
-1465
-1474
-1351
-1405
-1311
-1304
-1285
-1326
-1350
-1237
-1386
-1355
-1332
-1368
-1441
-1440
-1154
-910
-601
-447
-208
257
738
1289
1697
2228
2561
2709
2904
3026
3133
2990
2529
2286
2191
1984
1613
1213
943
806
406
28
-142
-334
-576
-988
-1202
-1344
-1461
-1718
-1874
-2001
-2059
-2108
-2116
-1908
-1849
-1670
-1376
-1032
-630
-276
14
339
583
733
853
1070
1028
1006
883
706
746
567
539
380
308
323
431
407
486
672
682
698
620
641
697
613
509
488
469
431
510
481
562
666
700
928
1042
1198
1278
1425
1408
1304
1336
1222
1184
846
677
515
273
-66
-224
-321
-473
-608
-685
-732
-653
-626
-661
-734
-726
-874
-980
-1055
-1186
-1326
-1567
-1724
-1918
-2018
-2139
-2223
-2314
-2331
-2301
-2260
-2227
-2112
-2005
-1995
-1992
-1884
-1767
-1287
-944
-708
-157
271
1006
1663
2308
2985
3634
3986
4240
4501
4707
4755
4484
4142
3941
3822
3321
2854
2301
1920
1395
834
351
-71
-447
-880
-1346
-1712
-1866
-2190
-2578
-2846
-2979
-3014
-2994
-2897
-2724
-2541
-2355
-1894
-1524
-1112
-794
-397
-109
65
397
540
661
737
749
655
791
825
853
740
609
608
441
341
171
-55
-115
-312
-467
-589
-611
-685
-834
-794
-844
-786
-762
-614
-520
-345
-163
-26
230
217
337
335
406
357
180
140
134
61
-98
-90
-230
-224
-390
-292
-378
-429
-433
-479
-569
-616
-728
-785
-927
-970
-1029
-1091
-1135
-1196
-1070
-1143
-1055
-1096
-1178
-1265
-1119
-1142
-1282
-1272
-1333
-1354
-1372
-1431
-1571
-1517
-1588
-1618
-1496
-1481
-1405
-1262
-909
-486
-29
273
773
1396
2040
2622
3276
3921
4427
4756
4880
5309
5499
5418
5059
4834
4779
4450
3806
3247
2810
2260
1605
809
399
46
-554
-1328
-1647
-1809
-2053
-2388
-2590
-2543
-2527
-2468
-2396
-2030
-1811
-1590
-1272
-995
-641
-246
-21
279
533
704
880
1197
1278
1181
1269
1238
1206
933
824
615
337
-16
-283
-489
-771
-950
-1113
-1167
-1164
-1169
-1111
-943
-794
-774
-709
-563
-471
-424
-563
-488
-474
-494
-434
-590
-549
-607
-692
-656
-687
-608
-671
-727
-785
-804
-734
-1006
-1142
-1254
-1471
-1558
-1749
-1888
-1951
-1926
-1854
-1905
-1813
-1721
-1421
-1363
-1223
-1103
-1004
-843
-811
-776
-778
-797
-881
-975
-1197
-1236
-1232
-1354
-1332
-1423
-1345
-1393
-1270
-895
-472
-95
155
608
1088
1706
2219
2741
3277
3654
3819
4008
4306
4421
4177
3907
3797
3803
3550
3105
2767
2432
2046
1507
945
630
120
-404
-1009
-1385
-1490
-1950
-2259
-2538
-2546
-2569
-2320
-2117
-1969
-1645
-1371
-929
-708
-238
82
424
518
650
993
1108
1250
1175
1133
1202
1297
1260
1279
1256
1227
1097
1079
971
964
696
672
510
246
22
-83
-222
-494
-439
-569
-461
-468
-287
-85
-62
215
496
741
903
1028
1122
1163
1123
925
745
568
321
76
-199
-390
-488
-718
-824
-954
-938
-1065
-1123
-1217
-1332
-1504
-1640
-1735
-1970
-2167
-2243
-2227
-2274
-2382
-2374
-2245
-2152
-2119
-1997
-1797
-1607
-1564
-1591
-1413
-1438
-1510
-1689
-1675
-1761
-1725
-1510
-1196
-900
-627
-170
417
1085
1739
2415
3008
3424
3644
3934
4181
4172
3821
3347
3171
3171
2687
2371
1988
1579
1285
943
579
214
-216
-773
-1205
-1578
-1770
-2144
-2474
-2793
-2981
-3011
-2997
-2770
-2645
-2540
-2218
-1875
-1457
-919
-500
-101
234
614
1122
1508
1707
2094
2112
2294
2381
2366
2489
2305
2168
1987
1749
1588
1301
1040
700
430
136
-165
-375
-611
-758
-986
-1055
-1147
-1211
-1140
-1123
-1066
-883
-638
-365
-238
24
219
386
514
468
532
582
515
495
355
420
321
167
-3
-88
-268
-497
-696
-879
-1039
-1306
-1454
-1624
-1662
-1860
-1888
-2023
-1985
-2042
-1956
-1939
-1821
-1721
-1731
-1606
-1476
-1487
-1444
-1407
-1387
-1273
-1262
-1179
-1015
-829
-470
7
384
844
1350
1918
2516
3102
3770
4138
4497
4573
4702
4939
4818
4539
4248
4106
4005
3665
3286
2954
2605
2123
1656
1155
678
187
-571
-1171
-1647
-2091
-2580
-3077
-3379
-3618
-3683
-3562
-3334
-3152
-2926
-2611
-2154
-1775
-1286
-908
-612
-387
-100
279
517
717
965
1123
1326
1628
1741
1974
2041
2015
1945
1852
1703
1417
975
591
160
-343
-823
-1355
-1735
-2057
-2387
-2505
-2633
-2618
-2605
-2399
-2206
-1926
-1584
-1250
-942
-782
-403
-243
7
6
6
86
57
179
115
168
114
101
88
-44
-33
-206
-368
-654
-861
-1113
-1397
-1707
-1963
-2226
-2373
-2431
-2412
-2413
-2317
-2087
-1908
-1782
-1617
-1372
-1333
-1258
-1184
-1111
-1041
-1042
-972
-976
-996
-912
-857
-813
-725
-395
3
552
886
1345
1860
2441
2979
3589
4274
4716
4930
4925
5246
5491
5342
4919
4616
4552
4216
3777
3383
3068
2576
1880
1239
869
470
-231
-868
-1390
-1704
-2085
-2416
-2573
-2687
-2768
-2726
-2572
-2274
-2043
-1879
-1581
-1333
-1049
-615
-178
98
269
579
973
1318
1415
1631
1790
1991
1976
1966
1995
1864
1722
1192
1059
757
441
-46
-439
-717
-1120
-1351
-1719
-1679
-1920
-2029
-2019
-1973
-1770
-1755
-1584
-1531
-1203
-1010
-774
-464
-273
62
232
533
608
868
905
922
904
847
955
721
590
283
73
-228
-587
-1018
-1400
-1756
-2166
-2366
-2583
-2707
-2788
-2787
-2615
-2615
-2441
-2239
-1982
-1903
-1875
-1749
-1611
-1531
-1633
-1569
-1551
-1568
-1558
-1488
-1351
-1281
-1107
-1038
-898
-840
-886
-648
-508
-187
-94
181
627
1105
1568
2063
2791
3177
3530
3798
4263
4709
4653
4578
4495
4601
4362
3979
3575
3283
2780
2106
1547
1015
458
-137
-697
-1259
-1509
-1745
-2075
-2231
-2409
-2479
-2361
-2283
-2245
-2118
-2002
-1906
-1633
-1515
-1227
-925
-753
-517
-42
263
613
868
1163
1409
1598
1849
1850
1921
1706
1566
1238
975
652
309
-99
-357
-609
-825
-877
-1004
-889
-960
-855
-660
-454
-169
-35
199
333
591
817
967
1081
1204
1203
1190
1336
1310
1307
1199
1127
1020
952
871
626
385
-38
-284
-573
-869
-1285
-1601
-1955
-2111
-2154
-2354
-2317
-2219
-2116
-1965
-1772
-1573
-1214
-1072
-1021
-873
-772
-713
-712
-861
-964
-1059
-1146
-1232
-1276
-1323
-1395
-1416
-1554
-1710
-1570
-1365
-1153
-1072
-892
-403
39
617
1203
1826
2360
2830
3169
3709
4137
4285
4265
4082
4235
4253
4033
3704
3314
2850
2316
1776
1316
705
84
-502
-1120
-1454
-1715
-2173
-2467
-2796
-3066
-2998
-3063
-2949
-2956
-2924
-2634
-2600
-2288
-1963
-1619
-1263
-1064
-636
-103
179
412
612
697
911
952
992
1017
909
672
407
138
20
-307
-671
-761
-1107
-1174
-1220
-1238
-1243
-1347
-1217
-1044
-918
-709
-442
-282
65
189
584
885
1141
1397
1512
1725
1773
1770
1782
1689
1481
1285
1015
830
581
344
23
-336
-648
-903
-1098
-1198
-1433
-1617
-1685
-1693
-1705
-1774
-1646
-1517
-1469
-1361
-1098
-821
-590
-377
-362
-195
-16
-70
-18
-4
-66
-182
-231
-373
-427
-558
-815
-1007
-1081
-949
-837
-533
-489
-131
282
959
1661
2231
2972
3430
3826
4251
4772
5025
4887
4656
4662
4631
4282
3928
3552
3077
2487
1886
1407
976
397
-208
-893
-1235
-1487
-2019
-2434
-2774
-3079
-3286
-3479
-3411
-3291
-3390
-3110
-2815
-2565
-2042
-1587
-1124
-767
-339
277
624
913
1063
1247
1448
1531
1374
1326
1158
879
553
154
42
-329
-751
-1070
-1276
-1622
-1760
-1900
-2099
-2148
-2225
-2125
-2069
-1985
-1749
-1585
-1251
-984
-540
-150
201
527
708
1025
1189
1315
1306
1407
1308
1139
980
720
558
203
-178
-419
-712
-1092
-1403
-1653
-1878
-2113
-2418
-2479
-2566
-2567
-2440
-2360
-2101
-1979
-1765
-1435
-1279
-1057
-747
-638
-510
-400
-311
-167
-42
-123
-215
-181
-213
-270
-408
-621
-666
-597
-403
-274
-126
146
573
1152
1788
2494
3162
3883
4153
4559
5132
5330
5335
5022
4988
5051
4703
4273
3837
3402
2870
2224
1541
1143
514
-81
-784
-1303
-1404
-2033
-2444
-2669
-2906
-2985
-3092
-2935
-2832
-2783
-2519
-2177
-1890
-1369
-881
-506
-112
223
960
1414
1732
1940
2162
2335
2434
2400
2181
2088
1693
1153
663
354
-67
-686
-1191
-1562
-1893
-2134
-2397
-2485
-2475
-2535
-2273
-2152
-1868
-1527
-1284
-1005
-701
-346
1
281
487
785
1010
1116
1288
1249
1328
1413
1280
1217
1083
937
587
341
-46
-283
-708
-1101
-1443
-1797
-2053
-2401
-2643
-2743
-2868
-2761
-2768
-2530
-2375
-2238
-1918
-1793
-1601
-1408
-1338
-1246
-1141
-1197
-1091
-1020
-1067
-1019
-1076
-1090
-1047
-1208
-1234
-1106
-955
-783
-588
-307
28
468
1073
1674
2390
2880
3303
3619
4061
4436
4488
4337
4213
4334
4088
3798
3478
3196
2629
2137
1518
1098
659
4
-484
-1124
-1277
-1653
-2180
-2489
-2691
-2818
-3005
-3054
-2937
-2923
-2810
-2560
-2315
-1970
-1370
-969
-575
-122
544
1143
1386
1838
2044
2293
2509
2520
2367
2320
2107
1741
1324
930
675
230
-195
-537
-750
-986
-1264
-1406
-1514
-1572
-1472
-1446
-1276
-1044
-825
-529
-223
89
424
724
1008
1285
1481
1686
1836
1921
1977
1978
2060
1894
1728
1530
1250
999
712
379
-46
-396
-890
-1190
-1620
-1795
-2087
-2419
-2513
-2571
-2477
-2419
-2283
-2102
-1909
-1804
-1539
-1249
-1046
-906
-943
-834
-696
-647
-540
-612
-789
-694
-803
-880
-1039
-1130
-974
-925
-730
-544
-121
309
774
1289
1880
2552
2925
3252
3463
3855
4082
3901
3676
3717
3702
3296
2996
2726
2423
1933
1361
849
472
-77
-739
-1453
-1742
-2060
-2609
-2987
-3338
-3324
-3473
-3549
-3513
-3332
-3292
-3026
-2792
-2544
-2122
-1707
-1290
-962
-561
-22
460
798
1147
1420
1740
1898
1833
1902
1906
1706
1439
969
853
444
6
-345
-732
-993
-1349
-1512
-1685
-1708
-1797
-1651
-1688
-1461
-1289
-1052
-756
-543
-209
72
416
592
881
1081
1332
1466
1550
1717
1728
1768
1665
1548
1390
1228
877
534
318
11
-354
-791
-923
-1218
-1429
-1639
-1838
-1884
-1923
-1710
-1661
-1564
-1332
-1103
-942
-800
-629
-458
-422
-427
-380
-370
-323
-385
-459
-559
-508
-682
-751
-527
-392
-136
109
350
752
1252
1823
2440
2941
3291
3577
4011
4450
4463
4426
4215
4355
4365
4140
3949
3630
3234
2755
2365
1809
1302
520
-32
-696
-1288
-1501
-2173
-2550
-2949
-3228
-3180
-3203
-3131
-3160
-3088
-2800
-2443
-2275
-1921
-1605
-1290
-1002
-663
-177
172
411
748
948
1277
1658
1642
1730
1719
1671
1621
1310
1046
718
271
-39
-471
-808
-1216
-1452
-1778
-2001
-2208
-2152
-2160
-2133
-2018
-1881
-1656
-1426
-1109
-833
-568
-250
-18
132
512
641
740
651
710
713
710
574
462
377
138
110
-141
-377
-536
-932
-1348
-1623
-1859
-2088
-2281
-2484
-2485
-2453
-2471
-2304
-2210
-2060
-1892
-1736
-1485
-1371
-1147
-1110
-1073
-970
-832
-771
-739
-737
-718
-684
-716
-495
-335
-107
97
348
746
1086
1656
2290
2804
3333
3684
3937
4499
4779
4866
4692
4565
4724
4580
4211
3985
3617
3275
2845
2157
1761
1258
550
-55
-751
-1042
-1390
-2004
-2192
-2483
-2528
-2708
-2782
-2504
-2553
-2590
-2216
-2123
-1961
-1512
-1420
-960
-721
-365
225
488
880
1224
1510
1772
2101
2204
2340
2220
2156
1878
1602
1472
948
546
162
-235
-495
-805
-1137
-1131
-1364
-1372
-1361
-1252
-1111
-1004
-917
-649
-456
-299
-30
111
341
425
592
659
756
751
774
709
823
747
661
600
416
356
139
-75
-469
-701
-1061
-1354
-1685
-2045
-2213
-2484
-2560
-2695
-2763
-2648
-2512
-2388
-2297
-2083
-1841
-1826
-1740
-1706
-1680
-1694
-1768
-1743
-1715
-1739
-1735
-1759
-1618
-1297
-968
-595
-380
188
555
1198
1768
2211
2812
3198
3482
3579
4009
4081
4101
3806
3738
3877
3599
3503
3183
2934
2641
2280
1769
1383
884
315
-319
-937
-1227
-1851
-2367
-2773
-2946
-3130
-3177
-3145
-3062
-2932
-2766
-2358
-2261
-1893
-1628
-1311
-994
-752
-272
44
366
649
903
1142
1473
1618
1642
1822
1837
1830
1679
1624
1478
1237
943
638
355
-56
-283
-683
-802
-1054
-1083
-1184
-1120
-992
-948
-742
-520
-228
56
414
587
815
946
1194
1262
1304
1278
1245
1123
1135
1053
943
791
686
588
356
195
6
-207
-539
-747
-1156
-1332
-1582
-1803
-1856
-1976
-2048
-2054
-2032
-1907
-1760
-1722
-1684
-1532
-1407
-1315
-1321
-1220
-1183
-1188
-1212
-1138
-1039
-1159
-760
-635
-212
157
532
1061
1501
2108
2602
3254
3541
3932
3929
4242
4409
4147
4019
3667
3741
3397
3068
2853
2548
2183
1795
1362
934
478
-161
-642
-1278
-1557
-2032
-2629
-2998
-3310
-3427
-3512
-3515
-3385
-3398
-3334
-2921
-2681
-2509
-2218
-2008
-1762
-1521
-1217
-815
-686
-332
-191
56
425
671
952
992
1044
1132
1223
1051
1036
738
428
253
-102
-345
-560
-864
-959
-1174
-1204
-1141
-1110
-1021
-954
-718
-572
-292
-98
91
175
420
598
682
739
708
813
714
664
593
592
509
381
283
378
369
209
46
-123
-344
-503
-767
-1084
-1272
-1497
-1532
-1576
-1504
-1588
-1534
-1499
-1349
-1268
-1181
-1122
-1232
-1186
-1326
-1277
-1338
-1406
-1482
-1621
-1585
-1265
-978
-596
-238
232
849
1507
2332
3017
3681
4273
4608
4781
5072
5323
5090
4563
4241
4242
3901
3601
3265
2928
2593
2326
1932
1680
1327
755
295
-254
-495
-908
-1459
-2012
-2300
-2556
-2810
-2830
-2815
-2893
-2712
-2356
-2204
-1771
-1324
-1097
-857
-733
-423
-71
-126
-47
60
124
310
335
364
508
561
629
692
669
904
683
472
447
248
45
-220
-545
-811
-1034
-1192
-1295
-1410
-1425
-1527
-1335
-1137
-970
-606
-376
-192
-1
231
431
557
416
285
203
95
-14
-170
-237
-508
-672
-774
-815
-863
-904
-1080
-1143
-1205
-1294
-1366
-1589
-1742
-1884
-2033
-2001
-1986
-1988
-1877
-1856
-1745
-1760
-1659
-1589
-1685
-1732
-1694
-1723
-1665
-1723
-1850
-1815
-1780
-1472
-1137
-772
-499
151
717
1461
2262
2949
3659
4054
4513
4750
5210
5246
4987
4532
4382
4338
3852
3450
3033
2745
2358
1944
1673
1391
918
416
-210
-551
-740
-1389
-1799
-2320
-2574
-2746
-2903
-2755
-2602
-2693
-2297
-1958
-1657
-1152
-830
-541
-341
-120
294
544
544
683
700
820
887
871
836
891
911
928
892
1007
1034
775
641
571
522
317
-24
-130
-381
-523
-599
-763
-811
-797
-707
-726
-431
-286
-3
113
301
566
523
777
749
735
539
465
352
151
39
-195
-260
-436
-417
-478
-516
-699
-789
-822
-880
-965
-1127
-1245
-1396
-1467
-1574
-1544
-1685
-1629
-1648
-1614
-1491
-1485
-1375
-1453
-1452
-1593
-1557
-1672
-1743
-2028
-2000
-1669
-1523
-1052
-906
-318
313
903
1762
2532
3265
3749
4145
4460
4863
4933
4592
4186
3927
3833
3262
2864
2474
1929
1586
1089
837
540
35
-252
-852
-1147
-1311
-1794
-2157
-2601
-2914
-3118
-3281
-3386
-3241
-3366
-3067
-2687
-2514
-1861
-1483
-1015
-660
-353
202
423
543
649
710
717
685
505
449
380
224
169
35
161
156
-27
-128
-120
-103
-145
-367
-369
-475
-626
-645
-727
-654
-702
-807
-664
-597
-365
-122
78
234
420
640
857
983
931
898
785
569
502
258
165
-26
-217
-375
-441
-367
-515
-552
-681
-603
-717
-849
-854
-985
-1082
-1188
-1225
-1224
-1180
-1155
-1169
-1156
-1095
-942
-983
-1043
-979
-1044
-1010
-1014
-1085
-1151
-1065
-857
-605
-235
86
698
1106
1822
2710
3455
4039
4455
4950
5245
5630
5516
5326
4957
4762
4581
4053
3705
3289
2763
2313
1778
1359
1005
340
-173
-826
-1175
-1494
-2116
-2545
-2908
-3114
-3324
-3495
-3324
-3217
-3211
-2856
-2645
-2298
-1713
-1439
-960
-763
-340
131
351
458
537
581
682
597
456
480
247
224
-22
-96
-87
-158
-518
-619
-730
-843
-981
-1252
-1237
-1414
-1439
-1464
-1556
-1462
-1340
-1324
-1095
-960
-715
-373
-181
4
241
293
391
328
245
195
-6
-138
-300
-400
-461
-710
-890
-854
-989
-940
-1165
-1222
-1156
-1392
-1437
-1608
-1648
-1833
-1966
-2006
-2095
-2036
-1977
-1871
-1852
-1842
-1640
-1496
-1420
-1483
-1339
-1336
-1289
-1431
-1469
-1076
-958
-603
-349
105
730
1352
2191
2843
3654
4336
4861
5147
5744
5967
5810
5577
5210
5280
4805
4359
3890
3444
3014
2567
2001
1586
1097
602
41
-536
-610
-1112
-1624
-1985
-2378
-2498
-2658
-2839
-2778
-2739
-2601
-2274
-1998
-1474
-949
-532
-161
255
732
1074
1329
1492
1577
1592
1763
1635
1530
1415
1237
1216
818
695
660
443
200
-88
-204
-325
-678
-906
-1036
-1260
-1318
-1466
-1546
-1508
-1408
-1333
-1141
-1048
-757
-580
-321
-182
-61
158
164
259
130
149
-27
-66
-332
-514
-600
-848
-999
-1242
-1245
-1357
-1519
-1629
-1757
-1819
-1963
-1956
-2046
-2123
-2238
-2295
-2424
-2509
-2412
-2485
-2452
-2515
-2442
-2254
-2306
-2201
-2105
-1983
-1943
-1935
-1854
-1368
-1111
-567
-355
140
793
1253
2097
2631
3394
3860
4244
4628
5205
5373
5163
4898
4700
4731
4222
3775
3498
2942
2576
2066
1503
1290
616
146
-527
-1095
-1211
-1947
-2366
-2807
-3220
-3294
-3325
-3426
-3222
-3104
-2761
-2175
-2028
-1239
-774
-279
112
382
1024
1302
1438
1535
1663
1732
1939
1676
1629
1681
1490
1471
1071
1148
1083
918
653
384
242
3
-186
-639
-665
-973
-1068
-1226
-1306
-1267
-1172
-1065
-1055
-667
-516
-129
-8
226
517
618
625
670
680
544
507
206
73
-85
-340
-479
-768
-831
-946
-1031
-1000
-1123
-1097
-1136
-1348
-1378
-1497
-1534
-1648
-1776
-1938
-2036
-1998
-2143
-2236
-2315
-2195
-2214
-2204
-2139
-2048
-1927
-2045
-1761
-1449
-1001
-575
-239
401
1057
1868
2575
3400
3915
4459
4739
5153
5562
5441
5239
4807
4824
4538
4114
3705
3311
2921
2535
2045
1602
1256
561
48
-640
-910
-1304
-1991
-2469
-2781
-3097
-3398
-3606
-3584
-3567
-3689
-3286
-2962
-2476
-1988
-1550
-923
-579
-10
544
723
940
1103
1189
1379
1255
1234
1149
952
826
706
564
597
448
298
206
1
61
-199
-373
-546
-784
-838
-889
-1136
-1233
-1438
-1517
-1341
-1458
-1310
-1086
-1032
-631
-406
-107
141
131
346
289
209
216
83
-189
-328
-581
-690
-806
-1055
-1248
-1346
-1371
-1440
-1563
-1657
-1695
-1841
-1796
-1961
-1852
-2049
-2185
-2130
-2305
-2268
-2447
-2516
-2583
-2500
-2588
-2341
-2331
-2196
-2132
-1931
-1342
-953
-322
66
848
1432
2270
3199
3994
4718
5164
5544
5864
6453
6342
6142
5655
5604
5441
4896
4551
4082
3797
3295
2776
2321
2048
1477
888
129
-217
-473
-1224
-1802
-2358
-2622
-2941
-3296
-3330
-3286
-3336
-3013
-2736
-2339
-1673
-1330
-728
-318
173
760
1037
1325
1497
1570
1792
1698
1619
1538
1278
1240
1048
935
930
786
512
333
189
122
-121
-363
-530
-771
-865
-1045
-1187
-1302
-1519
-1465
-1528
-1460
-1223
-1135
-1069
-771
-552
-400
-319
-363
-162
-283
-306
-456
-544
-813
-886
-1062
-1284
-1342
-1634
-1727
-1953
-1955
-1998
-2083
-2230
-2369
-2322
-2256
-2276
-2338
-2333
-2329
-2262
-2436
-2451
-2479
-2619
-2753
-2831
-2922
-2854
-2918
-2968
-2590
-2408
-1750
-1519
-1000
-169
486
1481
2226
3044
3927
4502
4706
5372
5589
5619
5388
5124
5222
4741
4411
3957
3436
3101
2773
2216
1890
1491
1083
830
127
72
-338
-952
-1283
-1698
-1960
-2469
-2634
-2758
-3001
-2986
-2645
-2500
-2177
-1720
-1322
-814
-363
249
741
1094
1411
1543
1702
2016
1937
1897
1683
1628
1669
1428
1432
1313
1241
1103
954
916
804
683
509
373
213
159
-70
-243
-315
-490
-429
-544
-457
-529
-403
-247
-165
86
229
300
405
500
561
607
387
394
92
-117
-239
-502
-602
-821
-1160
-1297
-1461
-1435
-1618
-1754
-1836
-2036
-2074
-2167
-2226
-2479
-2561
-2740
-2730
-2893
-3097
-3130
-3251
-3398
-3481
-3504
-3432
-3615
-3239
-2881
-2466
-1838
-1396
-628
77
960
1825
2678
3461
4142
4582
5059
5544
5455
5428
4907
4883
4641
4027
3647
3192
2697
2310
1903
1467
1232
692
438
-164
-309
-424
-1183
-1522
-2028
-2430
-2658
-3107
-3335
-3422
-3687
-3389
-3205
-2962
-2325
-1953
-1318
-844
-185
537
904
1193
1452
1563
1794
1861
1669
1659
1398
1414
1224
1012
975
884
698
641
400
351
273
20
-139
-308
-494
-526
-790
-794
-1020
-1057
-995
-1077
-888
-869
-664
-492
-279
-79
194
230
313
446
341
278
229
9
-22
-295
-316
-347
-566
-553
-642
-618
-680
-642
-781
-724
-890
-888
-1097
-1290
-1434
-1689
-1801
-2129
-2238
-2529
-2626
-2732
-2904
-2947
-2897
-3031
-3079
-2752
-2497
-1992
-1558
-1175
-420
181
1214
2000
2889
3710
4302
4792
5474
5870
5925
5714
5334
5473
4992
4532
4108
3542
3006
2603
2098
1763
1350
776
555
5
-78
-266
-895
-1201
-1523
-1831
-2098
-2427
-2616
-2879
-3064
-2738
-2659
-2341
-1874
-1622
-951
-577
67
782
1025
1519
1781
1925
2272
2278
2198
2019
1818
1670
1378
1125
990
632
333
290
23
-117
-358
-656
-700
-990
-1190
-1315
-1605
-1737
-1913
-2011
-2007
-1998
-1817
-1751
-1692
-1405
-1260
-958
-846
-735
-532
-444
-376
-308
-357
-424
-531
-686
-703
-764
-867
-1061
-1178
-1160
-1214
-1206
-1312
-1371
-1406
-1506
-1528
-1654
-1812
-1986
-2129
-2266
-2307
-2553
-2670
-2755
-3000
-3048
-3115
-3214
-3184
-3184
-2852
-2535
-1962
-1629
-876
-181
659
1664
2424
3454
4057
4668
5008
5724
5812
5759
5399
5261
5198
4543
4260
3654
3208
2761
2300
1896
1499
1012
690
126
-164
-151
-633
-1017
-1409
-1601
-1875
-2108
-2274
-2367
-2637
-2365
-2181
-2056
-1452
-1195
-599
-291
215
1060
1467
1835
2181
2390
2659
2894
2814
2798
2713
2479
2441
2120
2100
1911
1573
1405
1065
1009
715
380
117
-139
-402
-628
-839
-980
-1152
-1341
-1371
-1424
-1335
-1295
-1284
-1066
-1044
-772
-668
-643
-513
-574
-603
-544
-608
-690
-658
-777
-835
-823
-830
-845
-993
-975
-1028
-983
-980
-1169
-1220
-1366
-1388
-1636
-1816
-2039
-2158
-2362
-2555
-2618
-2829
-2928
-3148
-3224
-3375
-3492
-3586
-3442
-3225
-2917
-2373
-2017
-1186
-602
410
1195
2040
2881
3529
4114
4515
5162
5200
5295
5011
5118
4877
4360
3969
3450
2973
2429
1966
1335
910
274
-86
-732
-1024
-1216
-1803
-2093
-2452
-2598
-2844
-3107
-3223
-3364
-3487
-3250
-3019
-2801
-2276
-1888
-1287
-783
-246
409
835
1314
1630
1884
2270
2391
2418
2496
2338
2306
2261
2085
1976
1817
1545
1466
1218
981
736
466
334
-6
-119
-306
-484
-552
-754
-773
-808
-801
-787
-749
-680
-547
-439
-322
-208
-242
-118
-162
-121
-78
-184
-140
-213
-288
-306
-317
-295
-383
-422
-503
-505
-514
-668
-688
-866
-941
-1022
-1202
-1379
-1539
-1743
-1935
-2102
-2261
-2316
-2532
-2673
-2811
-2892
-2935
-3079
-2890
-2665
-2236
-1816
-1404
-618
66
937
1769
2654
3499
4242
4728
5274
5873
5838
5752
5477
5471
5207
4550
4102
3510
3033
2535
1924
1580
1018
490
181
-434
-690
-928
-1547
-1913
-2243
-2498
-2778
-3096
-3219
-3411
-3572
-3271
-3132
-2959
-2515
-2080
-1518
-1154
-621
207
568
983
1430
1672
2033
2221
2245
2269
2101
2073
2004
1687
1742
1554
1304
1199
987
839
501
179
-14
-389
-644
-892
-1142
-1245
-1360
-1599
-1615
-1623
-1618
-1404
-1485
-1398
-1306
-1122
-1023
-1061
-1099
-1099
-1050
-1100
-1181
-1256
-1211
-1261
-1331
-1250
-1217
-1218
-1277
-1163
-1035
-980
-965
-1026
-984
-1083
-1063
-1236
-1410
-1652
-1777
-1896
-2079
-2185
-2394
-2481
-2619
-2682
-2788
-2731
-2974
-2702
-2479
-2145
-1701
-1448
-569
-1
963
1739
2698
3532
4235
4822
5433
6098
6083
6142
5823
5878
5531
5008
4502
3929
3439
2903
2434
1869
1511
901
573
49
-227
-389
-1027
-1366
-1696
-1838
-2137
-2461
-2642
-2744
-2909
-2705
-2452
-2327
-1777
-1511
-947
-541
27
669
991
1334
1729
1922
2226
2489
2392
2600
2412
2453
2387
2111
2118
1806
1519
1354
1172
860
663
223
205
-218
-453
-547
-963
-993
-1238
-1314
-1317
-1282
-1247
-1142
-1085
-1056
-866
-790
-633
-613
-620
-622
-713
-684
-775
-913
-1031
-1099
-1189
-1137
-1277
-1318
-1263
-1270
-1128
-1195
-1198
-1284
-1405
-1546
-1616
-1711
-1994
-2298
-2415
-2526
-2652
-2868
-2969
-3061
-3264
-3265
-3370
-3310
-3380
-3466
-3178
-2954
-2420
-2144
-1604
-759
-176
764
1540
2467
3242
3821
4302
4994
5374
5377
5349
5085
5258
4743
4283
3897
3302
2931
2377
1864
1410
988
558
115
-479
-536
-1009
-1433
-1788
-2142
-2410
-2661
-2901
-2969
-3076
-3179
-2774
-2774
-2293
-1813
-1451
-863
-549
137
711
1079
1518
1738
1983
2346
2427
2549
2499
2477
2612
2346
2335
2320
2063
1960
1761
1567
1493
1100
837
577
245
137
-132
-397
-414
-717
-711
-740
-708
-610
-584
-486
-372
-265
-118
-78
-192
-179
-285
-332
-457
-535
-622
-704
-698
-693
-733
-780
-705
-662
-669
-579
-603
-672
-771
-883
-921
-1090
-1373
-1529
-1793
-1860
-2032
-2233
-2261
-2387
-2526
-2708
-2843
-2916
-3013
-3139
-2822
-2638
-2112
-1842
-1220
-493
169
1014
1777
2675
3235
4017
4365
5084
5346
5367
5327
5023
5160
4602
4177
3595
3014
2591
2106
1439
1059
517
-61
-277
-996
-984
-1394
-1901
-2195
-2554
-2689
-3008
-3220
-3302
-3503
-3652
-3132
-3236
-2844
-2364
-2085
-1415
-1123
-429
144
508
970
1286
1543
1875
1969
1954
1982
1898
1881
1781
1625
1588
1421
1279
1210
882
800
523
206
74
-303
-451
-681
-954
-1064
-1225
-1312
-1316
-1257
-1176
-1112
-1029
-894
-676
-625
-526
-516
-542
-532
-552
-501
-531
-705
-784
-725
-770
-757
-834
-733
-796
-692
-594
-546
-584
-720
-731
-911
-976
-1178
-1354
-1636
-1794
-1919
-2057
-2128
-2288
-2470
-2485
-2595
-2570
-2513
-2753
-2667
-2350
-2064
-1660
-1269
-689
-32
597
1533
2377
3221
3963
4592
5025
5709
6036
6087
5916
5615
5762
5217
4779
4283
3728
3342
2738
2043
1584
1096
674
217
-368
-455
-814
-1317
-1559
-1965
-2168
-2415
-2721
-2797
-2966
-2980
-2760
-2674
-2263
-1787
-1518
-872
-573
-11
612
928
1300
1474
1775
2106
2190
2182
2223
2218
2224
2031
1834
1946
1752
1420
1154
911
792
495
34
-151
-465
-678
-944
-1169
-1202
-1416
-1400
-1419
-1294
-1256
-1092
-1052
-956
-815
-791
-719
-868
-837
-860
-930
-1048
-1064
-1208
-1300
-1219
-1287
-1138
-1222
-1092
-1097
-1079
-925
-890
-1065
-1181
-1320
-1455
-1630
-1947
-2104
-2395
-2462
-2614
-2651
-2749
-2786
-2824
-2909
-2985
-2862
-2912
-3030
-3139
-3138
-2796
-2496
-2156
-1818
-1313
-663
201
1042
1974
2950
3644
4197
4718
5478
5779
5647
5343
5267
5267
4733
4170
3736
3289
2707
2186
1589
1329
824
354
-186
-541
-620
-1083
-1496
-1786
-2124
-2304
-2480
-2636
-2596
-2696
-2500
-2212
-2125
-1656
-1225
-838
-413
-12
648
1161
1371
1639
2035
2308
2563
2564
2663
2771
2706
2681
2496
2468
2358
1999
1611
1444
1167
874
521
86
-58
-313
-500
-575
-712
-703
-740
-684
-683
-632
-386
-413
-238
-263
-117
-125
-112
-168
-165
-163
-324
-382
-367
-394
-435
-282
-521
-413
-393
-426
-363
-436
-516
-691
-952
-1057
-1231
-1557
-1802
-2014
-2214
-2376
-2448
-2433
-2544
-2558
-2523
-2529
-2498
-2476
-2537
-2471
-2629
-2685
-2606
-2448
-2190
-1916
-1645
-1164
-481
75
1002
1815
2591
3281
3934
4356
4922
5199
5075
4931
4635
4707
4335
3819
3419
2840
2408
1876
1382
1089
444
-42
-400
-1001
-1172
-1481
-2152
-2464
-2883
-3084
-3225
-3471
-3387
-3450
-3468
-3041
-2853
-2434
-1945
-1623
-961
-720
-91
541
791
1146
1411
1706
1966
2168
2120
2265
2082
2131
1962
1720
1653
1280
998
636
513
188
-120
-465
-607
-814
-988
-1018
-1085
-1078
-1088
-1060
-880
-951
-741
-493
-544
-481
-377
-205
-154
-103
-164
18
14
28
142
206
237
262
197
289
325
396
269
91
98
-71
-296
-691
-852
-1087
-1306
-1553
-1601
-1742
-1896
-1836
-1971
-1936
-1949
-1892
-1906
-2003
-2001
-1994
-2003
-2039
-2156
-2022
-1701
-1421
-999
-692
0
679
1366
2126
2914
3798
4411
4680
5272
5709
5662
5559
5125
5124
4803
4260
3853
3356
2876
2421
1914
1398
1038
469
126
-485
-908
-1135
-1620
-1963
-2462
-2671
-2857
-2997
-3117
-3106
-3090
-2931
-2663
-2474
-1916
-1597
-1245
-856
-451
274
689
934
1312
1531
1863
2027
1967
2014
1849
1655
1500
1224
1041
898
494
203
10
-212
-307
-679
-944
-1010
-1169
-1147
-1206
-1369
-1293
-1371
-1359
-1391
-1333
-1174
-1211
-1258
-1033
-955
-838
-786
-704
-518
-453
-259
-191
-26
-40
14
-65
-126
-236
-412
-466
-794
-897
-1129
-1323
-1554
-1725
-1900
-2069
-2065
-2280
-2279
-2369
-2183
-2252
-2187
-2103
-2061
-2009
-2063
-2047
-1963
-1928
-2104
-2079
-2152
-2001
-1719
-1428
-956
-603
-47
663
1330
2242
3012
3722
4214
4692
5093
5489
5627
5429
5187
4935
4921
4533
4061
3737
3298
2858
2389
1995
1635
1128
651
198
-285
-461
-895
-1446
-1749
-2068
-2186
-2440
-2442
-2433
-2353
-2314
-1923
-1575
-1191
-828
-436
104
350
1030
1268
1456
1785
1963
2169
2280
2304
2285
2242
2119
2006
1699
1477
1241
825
537
320
134
-47
-342
-594
-624
-840
-865
-1005
-1076
-1198
-1314
-1310
-1395
-1314
-1282
-1179
-1135
-930
-766
-488
-343
-187
22
120
239
206
298
346
296
55
-48
-108
-203
-458
-714
-853
-1036
-1253
-1486
-1593
-1715
-1924
-2006
-2064
-2074
-2193
-2172
-2226
-2276
-2215
-2267
-2150
-2262
-2262
-2326
-2294
-2374
-2367
-2393
-2411
-2427
-2348
-1849
-1543
-1164
-920
-427
254
928
1609
2262
2911
3227
3699
4097
4476
4506
4391
4127
4117
4140
3706
3536
3120
2705
2280
1908
1392
998
366
-56
-503
-1089
-1199
-1719
-2045
-2454
-2661
-2602
-2650
-2608
-2519
-2433
-2126
-1631
-1536
-1041
-602
-235
71
308
921
1284
1385
1499
1634
1846
1955
1910
1904
1727
1633
1570
1332
1230
989
779
523
396
219
72
-266
-532
-652
-815
-889
-1155
-1197
-1363
-1284
-1237
-1141
-956
-648
-456
-227
195
552
794
919
1130
1246
1372
1336
1241
1271
952
889
632
451
287
16
-212
-401
-506
-735
-797
-1096
-1180
-1470
-1481
-1615
-1836
-1913
-2004
-1885
-1941
-1951
-1934
-1848
-1931
-1759
-1743
-1725
-1559
-1592
-1595
-1519
-1429
-1273
-1358
-1328
-968
-742
-335
-135
276
782
1177
1805
2410
2956
3460
3723
4099
4558
4777
4711
4632
4495
4485
4192
3661
3417
2783
2384
1804
1225
714
41
-434
-986
-1534
-1756
-2134
-2438
-2810
-2772
-2761
-2784
-2656
-2518
-2395
-2259
-1904
-1710
-1439
-1216
-921
-767
-626
-232
46
175
238
374
595
659
721
789
731
766
630
489
387
308
22
-367
-682
-896
-1087
-1452
-1585
-1860
-1994
-2073
-1998
-1811
-1744
-1486
-1205
-825
-519
-150
228
420
646
776
936
1058
1027
901
939
930
850
724
652
635
402
298
91
-56
-131
-446
-576
-833
-1017
-1076
-1284
-1367
-1580
-1524
-1674
-1753
-1684
-1726
-1645
-1630
-1607
-1530
-1307
-1160
-1028
-910
-839
-622
-602
-575
-580
-610
-699
-795
-658
-480
-205
11
310
613
1089
1653
2322
2972
3394
3930
4338
4914
5185
5166
5090
4954
4938
4661
4361
3921
3398
2941
2367
1853
1327
731
209
-290
-781
-974
-1205
-1456
-1586
-1704
-1673
-1637
-1592
-1546
-1476
-1556
-1437
-1362
-1360
-1224
-1120
-934
-851
-580
-238
-32
150
392
606
791
810
772
884
748
566
446
103
5
-310
-640
-918
-1164
-1257
-1529
-1678
-1780
-1806
-1721
-1670
-1528
-1329
-1219
-965
-784
-547
-383
-83
-26
37
148
197
271
202
215
150
197
199
213
91
21
-16
-119
-365
-508
-715
-986
-1196
-1485
-1668
-1970
-2136
-2355
-2464
-2468
-2457
-2451
-2386
-2192
-1910
-1710
-1652
-1397
-1189
-1090
-1081
-971
-1003
-887
-902
-1032
-1033
-1032
-966
-1073
-1144
-1089
-916
-643
-393
-179
219
589
1133
1728
2267
2840
3363
3772
4113
4523
4750
4824
4616
4571
4594
4463
4046
3658
3399
2963
2684
2184
1759
1334
813
393
-14
-195
-464
-845
-1216
-1317
-1280
-1445
-1623
-1586
-1698
-1669
-1555
-1500
-1375
-1271
-1020
-799
-620
-252
75
252
452
665
801
1014
1013
1002
991
892
750
627
407
363
65
-188
-195
-281
-304
-432
-450
-433
-400
-467
-307
-379
-211
-198
-107
30
-9
165
272
305
279
438
471
527
523
550
658
601
587
521
413
331
49
-166
-389
-611
-895
-1163
-1444
-1577
-1686
-1907
-1972
-2037
-1947
-1926
-1907
-1898
-1814
-1656
-1621
-1540
-1466
-1325
-1315
-1248
-1236
-1192
-1080
-1141
-1159
-1192
-1157
-1085
-1105
-1098
-1053
-1182
-1087
-921
-838
-613
-430
-218
73
460
1026
1494
1925
2449
2788
3188
3666
4034
4060
4175
4211
4366
4321
3976
3713
3224
2822
2321
1845
1224
646
134
-453
-1057
-1267
-1606
-2010
-2323
-2486
-2503
-2540
-2477
-2421
-2420
-2366
-2096
-2050
-1862
-1701
-1461
-1365
-1148
-867
-509
-369
-191
48
295
689
790
987
1051
1095
1150
1141
965
815
650
243
88
-56
-160
-383
-503
-504
-585
-563
-473
-308
-238
-120
-50
124
288
499
616
658
702
740
802
730
778
770
690
639
636
553
434
351
373
217
6
-56
-121
-319
-447
-530
-598
-719
-782
-936
-890
-988
-945
-952
-1041
-888
-946
-867
-913
-792
-778
-636
-520
-407
-316
-289
-216
-187
-148
-249
-279
-417
-651
-700
-891
-1090
-1086
-1169
-1100
-984
-742
-313
32
629
1224
1801
2450
3011
3549
4017
4523
4701
4656
4598
4618
4442
4021
3628
2968
2533
1974
1402
867
261
-316
-716
-1218
-1616
-1761
-2143
-2406
-2690
-2809
-2817
-2888
-2915
-2887
-2988
-2873
-2651
-2524
-2240
-2171
-1760
-1539
-1200
-724
-366
-79
218
476
813
1086
1032
1070
1044
974
764
480
185
-100
-395
-673
-808
-967
-1137
-1191
-1288
-1152
-1135
-967
-807
-786
-533
-390
-257
-113
-91
-21
-29
40
72
129
114
74
77
86
108
78
89
-8
-21
12
48
69
-27
-188
-280
-409
-394
-468
-684
-676
-806
-782
-835
-707
-681
-687
-510
-395
-216
-152
91
92
233
291
458
514
328
183
124
7
-192
-304
-603
-707
-918
-977
-1071
-1209
-1160
-1038
-797
-510
-153
229
677
1194
1895
2411
2894
3505
3824
4196
4541
4729
4745
4500
4444
4437
4243
3752
3411
2999
2458
1995
1347
944
274
-214
-754
-1180
-1443
-1794
-2126
-2400
-2399
-2461
-2387
-2390
-2228
-2124
-2031
-1715
-1601
-1321
-1130
-881
-665
-453
-180
-29
227
220
455
527
587
556
376
359
189
41
-296
-511
-665
-863
-1038
-1352
-1383
-1514
-1497
-1511
-1373
-1180
-1042
-887
-781
-555
-445
-331
-288
-270
-322
-271
-285
-372
-430
-433
-427
-483
-429
-267
-231
-160
-148
-45
-19
4
-158
-305
-334
-470
-581
-615
-698
-812
-891
-882
-807
-772
-667
-564
-491
-348
-121
10
74
102
170
183
133
51
-56
-209
-445
-621
-875
-882
-939
-1089
-1115
-1183
-1139
-1141
-1075
-1122
-1102
-1200
-1103
-924
-704
-505
-407
-124
29
592
1090
1586
2055
2498
2993
3388
3792
4078
4343
4192
4181
4263
4160
3744
3346
2973
2360
1940
1363
913
470
41
-342
-565
-676
-804
-944
-1067
-965
-928
-852
-813
-725
-624
-796
-620
-570
-645
-693
-719
-733
-701
-625
-528
-363
-392
-327
-184
-52
45
67
16
-50
-98
-155
-188
-229
-381
-420
-457
-391
-294
-220
-165
-50
126
248
373
512
583
566
581
549
528
466
313
175
120
-72
-228
-271
-370
-463
-551
-547
-604
-546
-580
-571
-578
-487
-564
-549
-423
-509
-427
-491
-375
-274
-238
-158
-48
102
107
332
330
332
384
272
166
-10
-113
-366
-586
-840
-1058
-1144
-1383
-1459
-1635
-1736
-1726
-1807
-1904
-1842
-1823
-1775
-1927
-1938
-1987
-2118
-2059
-2012
-1863
-1706
-1521
-1282
-897
-348
245
809
1384
1916
2522
3033
3533
3837
4008
4051
4172
4115
3950
3600
3164
2840
2278
1845
1428
1157
675
317
111
-68
-140
-276
-474
-603
-822
-862
-1007
-1118
-1375
-1689
-1830
-2147
-2227
-2372
-2336
-2349
-2269
-2073
-1816
-1402
-1227
-1020
-675
-431
-213
-64
8
30
116
96
158
232
263
349
396
524
793
1017
1182
1383
1521
1712
1860
2064
2036
1944
1832
1572
1311
1095
794
486
252
19
-134
-259
-353
-405
-438
-474
-386
-390
-349
-225
-215
-183
-137
-4
29
56
160
232
338
428
456
600
625
654
735
747
731
745
696
589
438
325
149
-101
-313
-581
-746
-984
-1253
-1401
-1461
-1574
-1692
-1784
-1830
-1756
-1910
-1996
-1999
-2021
-2173
-2309
-2256
-2099
-2044
-1918
-1681
-1354
-976
-470
65
756
1374
1862
2435
2875
3504
3767
3966
4009
3999
4015
3867
3610
3268
2938
2476
2098
1525
1241
906
541
205
-144
-233
-579
-829
-1158
-1469
-1729
-2002
-2281
-2640
-2875
-3084
-3203
-3339
-3379
-3284
-3220
-3134
-2915
-2580
-2270
-1952
-1721
-1402
-1066
-713
-582
-399
-246
-144
84
137
354
370
472
547
743
908
1040
1217
1315
1376
1421
1400
1468
1382
1288
1027
887
756
562
360
86
7
-217
-338
-393
-400
-468
-486
-426
-308
-276
-141
-152
-45
86
28
178
95
248
347
375
399
456
617
697
773
835
999
1046
1075
990
1060
937
898
733
524
374
102
3
-214
-392
-491
-601
-730
-703
-810
-795
-875
-898
-1005
-1001
-1140
-1182
-1267
-1536
-1588
-1698
-1715
-1968
-1963
-2030
-2013
-1733
-1536
-1101
-605
-59
580
1222
1998
2607
3161
3630
4048
4425
4653
4705
4699
4610
4421
4308
3886
3568
3249
2829
2457
2039
1616
1241
809
294
-143
-584
-1018
-1523
-2071
-2458
-2842
-3285
-3648
-3911
-4079
-4159
-4053
-3968
-3771
-3506
-3096
-2818
-2531
-2145
-1800
-1367
-1254
-928
-647
-422
-273
-60
-46
164
306
344
525
572
869
965
1059
1152
1333
1337
1225
1238
1073
921
655
447
180
-43
-208
-443
-588
-725
-804
-749
-798
-791
-730
-697
-647
-556
-505
-455
-391
-344
-260
-264
-115
-85
-55
-9
101
163
257
436
466
597
639
766
816
799
797
741
657
558
512
315
226
19
-197
-392
-618
-806
-1041
-1211
-1459
-1608
-1724
-1765
-1885
-1966
-1951
-1988
-1974
-1882
-1848
-1928
-1926
-1906
-1813
-1757
-1706
-1489
-1263
-965
-578
-187
276
971
1531
2222
2864
3492
4063
4601
5124
5482
5673
5753
5719
5668
5547
5202
4760
4336
3778
3212
2661
2017
1468
800
185
-378
-924
-1298
-1847
-2226
-2683
-2916
-3202
-3394
-3492
-3597
-3617
-3584
-3453
-3276
-3053
-2790
-2541
-2193
-1760
-1411
-1048
-767
-397
-97
180
431
587
776
910
960
1065
1180
1225
1308
1155
1145
1184
1225
1137
1030
908
794
691
466
365
86
-105
-324
-500
-676
-783
-946
-1086
-985
-1079
-933
-933
-844
-795
-705
-528
-483
-375
-325
-222
-171
-92
-19
48
27
70
161
171
268
208
231
213
171
169
67
4
-129
-280
-494
-659
-928
-1151
-1268
-1481
-1543
-1699
-1764
-1792
-1836
-1910
-1966
-2018
-2042
-2069
-2024
-2006
-2028
-1972
-2059
-1887
-1929
-1795
-1794
-1629
-1539
-1341
-1191
-1081
-810
-705
-384
-155
228
659
1101
1483
2055
2506
3118
3601
4107
4578
4901
5246
5441
5503
5447
5284
5013
4667
4321
3947
3359
2857
2329
1784
1214
686
105
-466
-917
-1485
-1790
-2142
-2490
-2699
-2926
-3037
-3089
-3093
-3080
-2991
-2878
-2609
-2425
-2246
-1927
-1675
-1344
-1084
-730
-418
-118
232
423
689
1018
1214
1421
1490
1701
1769
1820
1977
1882
1879
1790
1763
1569
1436
1179
1001
761
469
341
40
-189
-329
-513
-578
-649
-636
-734
-695
-625
-598
-477
-518
-393
-470
-348
-290
-265
-206
-157
-150
-105
37
-88
-46
-111
-47
-173
-209
-243
-347
-348
-376
-264
-405
-397
-456
-483
-557
-758
-696
-823
-987
-1098
-1307
-1470
-1666
-1783
-1954
-2157
-2190
-2467
-2413
-2516
-2549
-2586
-2634
-2532
-2436
-2222
-2153
-1885
-1631
-1518
-1195
-932
-638
-441
-139
117
297
462
655
769
897
1078
1325
1609
1903
2194
2577
2965
3272
3663
3872
4140
4249
4313
4382
4220
3992
3660
3364
2986
2482
2029
1575
1087
560
21
-490
-876
-1377
-1748
-2097
-2318
-2618
-2729
-2986
-3034
-3067
-3113
-3035
-2949
-2835
-2618
-2338
-2168
-1777
-1486
-1128
-802
-364
-57
444
758
1029
1287
1555
1796
1981
2114
2116
2225
2082
2053
1903
1768
1661
1406
1291
1053
966
704
587
358
222
64
-133
-135
-286
-264
-468
-403
-490
-534
-516
-535
-516
-512
-474
-434
-368
-278
-178
-78
-67
89
120
283
339
408
466
365
426
434
397
338
378
387
331
238
246
174
32
-179
-273
-400
-574
-781
-998
-1176
-1450
-1591
-1741
-1827
-1958
-2010
-1983
-1990
-1897
-1761
-1616
-1532
-1231
-1006
-723
-581
-395
-123
-26
94
308
324
386
508
559
587
642
652
664
613
579
617
569
629
664
714
826
923
1093
1298
1540
1768
1980
2180
2279
2359
2394
2484
2419
2212
2024
1842
1618
1276
972
507
239
-146
-499
-817
-1192
-1461
-1904
-2035
-2281
-2398
-2533
-2675
-2700
-2732
-2627
-2572
-2459
-2397
-2227
-2011
-1763
-1458
-1259
-1040
-716
-368
-148
107
420
512
767
918
1134
1238
1218
1278
1250
1189
1159
1026
952
781
595
517
291
109
-55
-223
-302
-436
-508
-576
-639
-715
-668
-621
-689
-552
-583
-385
-367
-270
-150
-92
69
183
367
476
622
828
888
912
987
1062
1075
1087
1039
1030
991
918
938
796
702
572
429
411
324
113
110
4
-82
-76
-172
-136
-191
-137
-98
-89
-53
-88
-20
-14
-36
-24
-27
53
40
197
253
262
344
305
400
294
374
255
151
77
-38
-89
-307
-253
-386
-401
-440
-450
-468
-436
-359
-368
-299
-291
-127
-174
-50
17
139
286
414
575
800
963
1120
1350
1556
1727
1662
1729
1649
1606
1428
1336
1095
777
487
184
-64
-445
-754
-1084
-1443
-1553
-1755
-1894
-2022
-1964
-1994
-1966
-1936
-1951
-1845
-1748
-1697
-1557
-1430
-1443
-1298
-1185
-1141
-1025
-924
-836
-746
-629
-613
-381
-399
-249
-221
-198
-115
-198
-189
-281
-313
-424
-494
-568
-691
-709
-705
-725
-755
-706
-681
-551
-416
-329
-130
-94
118
267
324
386
504
493
563
613
783
773
842
943
939
1098
1235
1303
1353
1411
1493
1554
1536
1526
1551
1568
1519
1439
1439
1391
1282
1235
1108
1066
977
863
766
680
629
538
349
293
136
89
-24
-237
-217
-343
-336
-473
-501
-533
-532
-572
-669
-584
-746
-679
-692
-745
-744
-689
-533
-552
-534
-452
-336
-182
-87
19
70
157
237
381
367
402
469
367
433
528
494
524
547
583
653
698
895
962
1061
1237
1267
1435
1478
1514
1529
1471
1398
1262
1212
969
797
524
285
-28
-321
-671
-1020
-1266
-1539
-1740
-1906
-2011
-2127
-2208
-2171
-2191
-2115
-2137
-2054
-2026
-1942
-1916
-1828
-1779
-1699
-1560
-1542
-1428
-1287
-1165
-1008
-866
-794
-680
-536
-387
-275
-234
-130
-94
-91
-93
-53
-54
-66
6
-55
-30
-43
-33
13
-76
41
128
201
292
370
576
548
668
680
757
791
936
939
980
1011
1084
1071
1107
1105
1164
1226
1257
1332
1338
1430
1403
1366
1272
1237
1012
889
688
484
277
66
-56
-180
-233
-358
-436
-442
-466
-525
-451
-444
-373
-382
-416
-326
-268
-300
-310
-243
-275
-263
-280
-305
-283
-271
-304
-207
-175
-84
-28
-43
-51
7
55
36
40
-37
44
-6
73
85
54
109
185
150
243
356
433
472
535
614
612
767
735
680
618
617
498
432
388
251
225
110
158
123
82
146
169
286
289
374
427
368
479
449
484
422
386
322
309
274
186
150
95
64
-67
-41
-124
-198
-242
-340
-434
-588
-649
-787
-877
-956
-1017
-1151
-1147
-1215
-1239
-1205
-1256
-1161
-1090
-977
-884
-776
-753
-535
-490
-447
-403
-411
-330
-350
-226
-274
-203
-165
-135
98
48
191
247
304
434
477
449
494
540
467
534
489
423
420
297
296
253
255
191
196
142
126
93
50
23
5
-26
-74
-98
-140
-97
-203
-313
-361
-329
-388
-395
-463
-465
-498
-417
-405
-373
-389
-341
-414
-376
-349
-336
-388
-473
-435
-535
-582
-591
-654
-757
-689
-755
-778
-786
-787
-776
-825
-728
-705
-521
-344
-114
48
308
637
938
1366
1580
1984
2118
2412
2417
2501
2515
2333
2255
1969
1913
1523
1445
1116
953
713
342
226
-87
-190
-465
-604
-706
-727
-729
-656
-602
-507
-494
-356
-372
-203
-193
-99
29
-3
103
213
264
323
405
339
405
351
393
232
177
1
-17
-140
-208
-233
-296
-320
-372
-282
-202
-153
-148
-7
40
167
266
261
436
478
449
513
540
474
514
377
408
263
207
122
80
5
-89
-164
-282
-275
-358
-363
-511
-432
-573
-552
-565
-633
-607
-623
-582
-585
-489
-535
-392
-380
-365
-212
-182
-148
-106
-136
-98
-161
-239
-379
-518
-652
-744
-948
-1106
-1222
-1469
-1428
-1534
-1546
-1564
-1558
-1516
-1357
-1182
-1156
-900
-881
-577
-444
-283
-73
-64
184
142
360
350
478
461
562
566
580
712
575
716
637
606
621
537
454
435
358
147
91
-123
-182
-319
-390
-410
-428
-400
-366
-217
-49
100
196
333
468
602
758
872
867
942
967
987
983
969
957
889
805
789
736
710
728
644
577
541
530
546
492
407
396
352
322
316
295
228
177
117
204
107
130
210
116
187
198
258
271
297
241
239
157
150
160
109
-39
-34
33
-28
36
60
53
93
96
121
68
102
76
85
105
149
53
61
121
3
13
-15
73
24
-36
-1
-11
-2
-111
-94
-140
-121
-223
-224
-213
-170
-149
-208
-65
-117
-141
-62
-129
-142
-232
-276
-325
-405
-452
-577
-583
-595
-609
-626
-648
-651
-654
-670
-679
-596
-647
-658
-679
-677
-667
-697
-648
-758
-765
-750
-844
-856
-848
-786
-729
-710
-616
-573
-418
-334
-191
-98
67
191
273
443
432
519
498
543
523
484
468
394
342
342
247
160
103
-66
-42
-156
-244
-189
-329
-251
-354
-301
-222
-248
-147
-212
-106
-166
-94
-105
14
28
93
196
253
418
398
482
527
580
652
643
620
633
627
643
609
644
494
571
451
454
416
392
442
367
391
390
467
487
509
562
604
635
701
595
638
733
647
794
701
685
729
655
691
659
669
550
609
418
372
305
97
34
-120
-270
-340
-414
-557
-535
-705
-651
-666
-698
-629
-670
-595
-676
-594
-641
-563
-560
-593
-524
-519
-391
-486
-367
-379
-334
-233
-320
-224
-247
-291
-112
-197
-230
-257
-161
-262
-216
-215
-333
-342
-476
-394
-619
-517
-513
-495
-370
-173
2
239
466
594
858
1116
1350
1433
1515
1590
1573
1541
1359
1234
1075
975
896
640
488
378
206
-38
-219
-299
-418
-554
-568
-603
-637
-642
-685
-705
-745
-763
-771
-867
-888
-921
-1030
-1120
-1313
-1238
-1327
-1336
-1308
-1372
-1334
-1388
-1296
-1307
-1263
-1344
-1289
-1242
-1265
-1066
-929
-851
-617
-493
-349
-40
121
275
419
618
689
761
916
966
974
1027
975
926
872
834
836
701
711
680
591
523
563
491
447
539
476
603
619
605
585
663
680
681
692
645
690
589
541
500
463
339
322
238
225
150
109
-13
-176
-129
-273
-362
-448
-553
-596
-657
-657
-653
-733
-723
-682
-500
-534
-406
-304
-287
-149
0
1
71
240
300
369
365
387
506
547
587
614
620
780
750
856
867
993
957
1009
1122
1083
1033
1038
1005
889
822
681
773
584
506
484
368
238
195
131
-30
-52
-159
-235
-215
-272
-326
-407
-477
-540
-532
-706
-667
-734
-749
-729
-858
-758
-900
-747
-829
-814
-747
-764
-726
-707
-636
-566
-627
-604
-651
-573
-609
-632
-664
-662
-555
-618
-484
-454
-353
-315
-170
-42
-14
127
183
81
141
110
-12
-36
-173
-220
-379
-394
-582
-539
-678
-666
-693
-708
-632
-636
-563
-494
-408
-513
-278
-234
-250
-198
-164
-59
-147
-147
-32
-74
-49
-6
52
-3
159
252
259
379
270
399
347
470
374
319
410
253
338
301
276
321
278
320
296
318
225
254
266
242
278
226
218
310
283
335
371
419
410
461
474
427
547
434
479
494
516
490
531
537
559
637
636
542
620
581
594
598
506
460
463
396
410
352
220
386
276
276
375
368
345
360
261
256
352
269
404
388
513
522
576
646
643
724
689
723
646
570
552
428
382
307
267
269
47
63
2
-16
-93
-107
-183
-200
-211
-275
-257
-267
-377
-424
-442
-601
-648
-676
-781
-894
-978
-1032
-1128
-1159
-1191
-1240
-1190
-1250
-1121
-1108
-1126
-1027
-959
-931
-847
-756
-787
-681
-639
-708
-645
-602
-671
-630
-563
-561
-442
-364
-384
-275
-231
-204
-85
-83
40
15
161
68
140
106
98
71
44
47
7
45
5
101
108
53
-26
25
-9
-51
-61
-113
-216
-286
-355
-355
-470
-553
-533
-623
-551
-582
-556
-486
-536
-484
-427
-345
-376
-275
-254
-280
-220
-194
-169
-174
-122
-73
-73
-38
44
44
78
170
338
375
641
700
926
1146
1264
1458
1504
1618
1686
1656
1716
1776
1676
1606
1549
1462
1353
1412
1292
1362
1203
1188
1211
1080
1109
1030
997
889
904
785
773
634
622
496
325
271
183
68
-66
-65
-297
-281
-396
-545
-652
-692
-703
-845
-834
-858
-851
-821
-844
-783
-815
-787
-779
-667
-643
-659
-572
-581
-530
-459
-405
-354
-299
-293
-222
-145
-255
-148
-133
-58
9
-28
52
49
82
78
125
191
65
160
144
195
179
115
79
40
63
-4
-107
-124
-224
-298
-309
-456
-403
-541
-488
-528
-556
-591
-572
-608
-609
-635
-625
-638
-624
-559
-624
-619
-729
-636
-711
-653
-778
-703
-804
-746
-765
-821
-680
-728
-627
-582
-525
-505
-351
-318
-209
-178
-74
-39
44
87
207
157
148
206
207
236
320
375
398
497
542
650
647
713
773
787
787
802
772
717
667
714
592
590
577
542
409
532
430
443
407
379
440
325
470
415
506
369
462
389
383
413
292
358
307
285
266
260
161
133
111
103
104
53
87
-11
-5
-94
-111
-57
-234
-150
-261
-251
-231
-189
-120
-229
-113
-121
-38
-62
-57
32
-27
79
67
21
113
110
121
135
67
118
67
90
77
29
9
-21
-4
13
-74
-50
-84
-127
-19
-49
-128
-103
-79
-51
-109
-93
-25
-70
-98
-67
-33
-87
-37
50
46
0
123
100
147
209
258
261
213
203
192
294
144
199
202
154
96
47
35
-50
-55
-165
-234
-259
-300
-264
-349
-303
-446
-463
-457
-556
-558
-714
-641
-681
-712
-673
-590
-563
-552
-474
-428
-362
-404
-322
-345
-293
-305
-246
-161
-182
-101
-101
-18
-132
-116
-52
-48
-62
-89
-69
-48
-90
-88
-84
-51
-34
-86
-26
51
1
-11
-60
12
13
-64
-73
-86
-7
-66
-17
-66
-30
-35
-2
-6
64
64
92
34
56
73
24
117
43
122
126
192
157
274
284
336
329
225
371
305
284
308
304
329
269
323
303
370
375
306
409
313
496
323
410
491
430
494
546
586
521
572
596
586
594
601
552
647
559
618
555
546
466
510
492
476
486
362
419
358
360
264
263
264
151
121
158
104
87
-27
-114
-117
-179
-241
-316
-446
-451
-485
-531
-436
-537
-538
-565
-511
-583
-561
-546
-523
-473
-565
-499
-433
-402
-429
-370
-423
-444
-373
-419
-340
-300
-314
-297
-262
-137
-209
-117
-141
-141
-63
-142
-111
-163
-112
-171
-91
-66
-80
-34
-40
37
19
34
7
-12
47
-48
-39
-48
-58
-24
-100
-117
-115
-233
-273
-272
-326
-343
-258
-328
-253
-311
-362
-266
-336
-322
-377
-333
-370
-267
-378
-437
-402
-439
-435
-437
-412
-409
-299
-286
-319
-241
-321
-382
-323
-344
-290
-326
-296
-316
-304
-197
-211
-111
-58
12
10
90
167
240
297
350
415
415
447
445
495
427
518
524
538
507
519
543
543
561
566
621
661
649
720
772
749
758
790
691
746
682
658
581
546
510
420
422
379
348
300
318
294
209
245
219
193
171
158
235
186
166
214
204
129
93
48
68
2
-2
-29
31
13
14
4
104
33
132
116
141
107
166
248
143
213
72
134
68
117
109
229
105
75
116
-15
56
-82
-46
-43
-153
-165
-117
-115
-163
-137
-228
-283
-263
-284
-305
-333
-365
-392
-284
-366
-304
-297
-253
-290
-257
-312
-267
-305
-353
-304
-426
-382
-431
-389
-421
-402
-467
-482
-430
-460
-426
-407
-433
-461
-475
-429
-415
-444
-504
-461
-462
-490
-499
-500
-504
-495
-453
-549
-488
-498
-458
-398
-390
-352
-323
-304
-195
-174
-118
-43
39
103
157
169
174
210
113
122
54
33
107
-41
74
18
8
112
59
149
108
199
166
161
189
207
208
176
100
101
103
63
98
128
33
116
51
139
145
129
266
208
353
345
384
476
447
473
517
545
533
548
500
482
500
405
458
388
438
426
444
410
383
452
362
403
365
370
346
382
309
247
244
142
111
146
163
153
164
126
150
175
186
134
169
75
148
185
104
143
67
49
31
3
-42
-28
-83
-72
-109
-115
-197
-112
-163
-141
-90
-186
-56
-107
-57
-79
-49
-82
-111
-107
-148
-175
-214
-152
-169
-164
-163
-165
-152
-140
-100
-115
-54
-151
-67
-76
-32
-79
-37
-112
-57
-43
-85
-36
-76
-1
-83
-14
-54
1
-20
-17
39
-73
-9
-8
-3
-96
-100
-88
-120
-195
-118
-124
-205
-208
-257
-203
-297
-234
-287
-355
-308
-406
-378
-451
-425
-454
-431
-404
-525
-426
-557
-485
-475
-501
-428
-436
-354
-404
-351
-367
-277
-276
-224
-236
-219
-151
-187
-156
-144
-115
-184
-77
-84
-36
44
-5
93
32
51
40
126
161
136
191
160
271
255
263
199
246
197
205
205
106
199
191
136
151
213
246
234
326
357
347
384
407
448
429
427
410
446
383
384
466
448
434
419
465
456
409
458
394
459
362
396
378
368
380
363
413
343
336
354
297
245
217
197
157
163
175
130
165
133
134
66
112
112
58
-2
-44
-49
-148
-120
-177
-191
-173
-251
-171
-159
-186
-148
-157
-164
-177
-94
-87
12
-45
9
38
29
30
-19
42
-50
-75
-72
-83
-43
-90
-83
-87
-129
-55
-103
-48
-155
-122
-80
-106
-154
-169
-140
-165
-82
-169
-188
-218
-183
-266
-262
-270
-330
-313
-357
-244
-370
-315
-304
-402
-323
-377
-330
-356
-253
-368
-343
-289
-341
-225
-421
-349
-321
-317
-333
-359
-310
-411
-359
-479
-396
-410
-405
-414
-356
-329
-288
-266
-314
-291
-367
-374
-323
-338
-342
-343
-373
-239
-331
-250
-212
-122
-117
-18
-24
10
96
78
98
69
159
187
214
177
274
238
209
216
284
279
360
453
479
517
481
562
525
539
459
510
483
476
477
479
535
440
503
560
524
523
528
500
532
505
470
477
515
539
476
580
603
556
572
574
517
485
487
415
444
438
420
476
475
398
443
476
445
477
366
328
348
318
304
166
188
198
112
140
49
62
-52
-20
-75
-69
-186
-152
-203
-251
-260
-246
-224
-283
-193
-300
-190
-284
-154
-290
-332
-243
-356
-228
-349
-283
-253
-307
-341
-227
-250
-348
-238
-294
-231
-255
-268
-325
-330
-360
-401
-327
-347
-347
-369
-339
-420
-341
-370
-449
-410
-444
-460
-447
-402
-512
-423
-523
-420
-499
-468
-473
-561
-457
-549
-474
-564
-561
-643
-617
-654
-650
-568
-578
-564
-526
-477
-464
-442
-500
-422
-506
-515
-327
-389
-281
-293
-215
-210
-221
-224
-161
-83
-121
-48
-109
8
32
9
83
51
155
141
205
238
312
354
364
470
584
569
596
642
645
653
624
585
682
691
674
774
812
791
925
848
777
851
808
789
840
785
814
702
669
659
675
481
464
480
353
386
381
399
329
403
330
294
323
304
238
247
271
218
259
233
253
254
231
237
219
249
166
132
94
64
10
-30
-34
21
-28
-56
-85
-124
0
-108
-17
-40
-64
-49
46
32
12
39
-63
-101
-110
-183
-202
-201
-279
-223
-230
-280
-245
-265
-317
-241
-230
-275
-234
-116
-209
-215
-246
-222
-263
-286
-377
-380
-448
-440
-456
-465
-496
-487
-452
-462
-380
-430
-394
-414
-461
-488
-441
-530
-545
-546
-485
-540
-498
-522
-575
-465
-527
-451
-435
-458
-512
-377
-506
-456
-454
-546
-432
-542
-410
-508
-314
-421
-330
-324
-397
-264
-331
-285
-390
-340
-331
-284
-180
-201
-130
-90
20
-85
-13
-26
-10
-18
-81
5
-36
-3
-59
77
-70
65
137
24
217
148
254
206
258
268
326
376
354
422
488
483
588
534
633
659
599
614
609
638
520
635
556
672
735
682
762
747
782
766
798
701
710
636
691
646
638
681
530
657
484
603
553
454
470
368
401
375
381
336
311
313
233
243
234
112
137
8
-2
42
-53
20
-78
-40
-63
-63
14
-56
-9
-38
7
-1
9
-7
-26
-27
-90
-75
-167
-113
-184
-109
-96
-224
-96
-171
-123
-68
-145
-107
-133
-121
-140
-194
-153
-188
-148
-233
-275
-209
-198
-214
-203
-172
-220
-161
-259
-274
-322
-321
-292
-368
-348
-396
-404
-357
-237
-281
-354
-275
-277
-319
-270
-317
-355
-381
-406
-391
-399
-410
-355
-475
-383
-452
-458
-458
-520
-388
-480
-441
-487
-357
-435
-398
-410
-515
-450
-512
-451
-438
-472
-473
-473
-405
-392
-341
-431
-420
-250
-351
-244
-232
-244
-129
-156
-80
-85
-42
-16
16
61
63
137
112
221
222
227
296
287
339
360
307
331
363
479
389
407
503
521
542
497
523
560
575
577
638
582
591
574
566
580
567
566
427
511
411
401
455
340
367
330
316
284
303
316
337
316
318
375
283
314
296
282
257
246
183
176
215
167
164
135
111
154
161
123
124
70
156
117
161
210
165
270
260
405
214
289
229
265
256
229
304
228
266
211
272
231
181
162
143
134
53
95
114
65
30
9
65
-56
18
-53
-115
-202
-237
-170
-350
-270
-325
-362
-407
-410
-470
-517
-520
-547
-544
-590
-601
-604
-594
-658
-531
-614
-692
-666
-721
-690
-738
-638
-710
-731
-646
-610
-535
-538
-493
-549
-488
-477
-452
-445
-474
-444
-385
-345
-375
-332
-383
-292
-280
-234
-245
-262
-248
-158
-195
-117
-181
-141
-67
-145
-57
-103
-62
-124
-88
-175
-102
-166
-91
-199
-53
-62
-17
-14
45
116
18
176
135
178
144
193
183
226
326
300
277
285
312
398
305
430
343
437
390
390
433
399
491
422
434
468
399
451
409
448
494
442
462
425
487
431
491
512
525
542
519
483
468
450
415
466
463
451
506
515
545
495
459
470
381
399
463
405
404
414
330
362
279
301
231
167
229
86
159
25
53
-4
-90
-15
-147
-67
-70
-135
-110
-193
-212
-240
-272
-256
-226
-280
-292
-223
-215
-237
-212
-240
-211
-215
-220
-184
-237
-175
-219
-238
-152
-216
-163
-167
-204
-191
-235
-196
-244
-273
-201
-234
-283
-181
-199
-194
-256
-303
-293
-283
-322
-320
-302
-343
-210
-289
-231
-306
-309
-291
-289
-338
-373
-401
-405
-451
-466
-415
-482
-372
-408
-426
-462
-441
-457
-378
-365
-425
-326
-314
-246
-282
-281
-281
-267
-233
-214
-216
-213
-154
-211
-155
-168
-127
-103
-19
14
-21
-18
-16
56
65
93
104
56
114
61
200
155
155
146
191
239
208
285
309
287
352
348
344
316
327
423
340
432
354
465
432
446
386
426
421
442
475
333
460
327
369
305
294
322
274
256
274
379
273
386
371
296
424
304
346
329
320
188
265
220
122
136
153
166
196
236
282
354
294
359
391
306
313
286
242
295
236
229
238
206
142
100
91
128
40
14
-3
49
-56
-68
-31
-73
-45
-99
-92
-191
-131
-276
-273
-268
-355
-326
-320
-187
-219
-118
-198
-140
-145
-160
-134
-175
-121
-197
-158
-174
-183
-182
-181
-178
-191
-253
-225
-140
-193
-182
-166
-135
-239
-190
-188
-197
-209
-314
-294
-276
-366
-336
-348
-292
-334
-348
-355
-282
-413
-337
-358
-374
-394
-407
-423
-447
-364
-406
-391
-367
-364
-324
-289
-229
-262
-193
-276
-220
-218
-242
-193
-192
-179
-192
-175
-149
-108
-53
-78
-23
-74
-9
-37
-9
-23
29
53
29
40
3
135
8
22
-12
48
4
27
72
-42
77
47
65
35
44
95
106
86
101
163
162
125
172
191
243
220
236
329
294
379
352
450
376
464
358
441
342
328
403
261
375
262
316
344
309
277
388
291
338
338
367
403
331
399
345
379
357
416
328
375
434
406
419
300
365
261
320
291
345
371
400
413
416
414
346
327
331
294
269
251
244
210
150
153
86
66
94
-58
-27
-131
-51
-46
-148
-120
-154
-63
-160
-156
-278
-195
-321
-349
-349
-306
-373
-327
-304
-344
-290
-327
-222
-316
-335
-345
-344
-321
-292
-310
-275
-303
-278
-236
-294
-285
-322
-284
-363
-271
-320
-325
-308
-236
-261
-222
-237
-299
-255
-303
-263
-281
-298
-413
-385
-340
-369
-400
-333
-367
-395
-350
-372
-343
-367
-369
-325
-281
-361
-328
-336
-364
-384
-406
-380
-434
-315
-346
-251
-228
-343
-249
-220
-177
-195
-144
-135
-160
-121
-179
-100
-123
-65
-65
61
113
116
186
100
131
219
101
161
112
154
146
122
76
126
164
177
195
325
366
353
426
421
418
366
448
419
421
482
485
518
496
493
504
436
402
480
437
494
469
554
571
572
550
532
553
502
435
460
470
350
310
308
318
284
218
269
343
306
310
317
360
324
323
254
264
226
196
198
125
161
132
163
114
142
163
92
164
117
118
68
86
110
68
91
31
30
-20
86
-22
-13
10
-13
23
-27
-35
-153
-144
-177
-204
-256
-340
-307
-346
-310
-325
-293
-335
-371
-445
-435
-461
-432
-495
-405
-444
-397
-284
-453
-376
-409
-347
-450
-360
-444
-409
-386
-423
-329
-460
-415
-396
-298
-448
-355
-369
-316
-347
-345
-287
-368
-277
-323
-254
-244
-368
-240
-313
-269
-273
-228
-160
-285
-191
-301
-184
-271
-239
-220
-231
-254
-196
-185
-98
-128
-122
-52
-57
8
-50
62
-99
-96
-103
-55
-136
-44
-16
-59
54
51
166
158
174
107
137
191
143
191
192
109
160
142
101
201
153
112
160
138
195
212
246
253
280
245
315
351
302
352
406
457
388
412
393
414
451
415
446
422
469
426
453
482
421
462
361
445
448
369
370
382
392
383
369
327
349
319
304
265
331
261
276
289
211
231
138
122
75
39
118
47
21
-26
55
31
8
74
85
96
63
72
14
88
-16
-6
-84
-68
-49
-33
44
5
-26
36
2
-47
-83
-215
-156
-246
-227
-381
-308
-346
-373
-374
-362
-307
-378
-309
-389
-337
-418
-348
-333
-341
-383
-376
-336
-336
-337
-390
-301
-322
-334
-361
-289
-246
-335
-296
-411
-367
-364
-356
-299
-391
-374
-361
-329
-298
-207
-203
-169
-149
-155
-126
-124
-195
-200
-204
-303
-257
-307
-261
-285
-209
-255
-219
-189
-212
-122
-123
-11
-144
-81
-62
-73
-8
-54
-111
-96
-73
-109
-38
-19
-37
-31
34
84
90
170
92
176
193
189
242
218
182
256
298
194
311
278
298
357
268
334
345
327
387
432
410
405
447
394
389
388
433
387
372
426
375
335
307
337
384
383
321
357
333
362
338
372
334
356
393
334
401
289
382
299
349
324
259
408
382
377
374
405
363
299
364
318
303
242
170
225
120
170
71
113
-22
-103
-16
-124
41
-72
-66
-7
-54
-17
-123
-64
-26
-32
-88
-26
-28
-145
-18
-174
-121
-214
-238
-277
-281
-260
-204
-327
-340
-272
-331
-354
-364
-372
-349
-389
-385
-329
-424
-421
-449
-471
-426
-443
-499
-453
-460
-522
-471
-465
-437
-369
-345
-327
-344
-284
-311
-326
-307
-359
-384
-320
-398
-378
-400
-350
-351
-386
-363
-316
-254
-291
-166
-227
-181
-244
-165
-212
-122
-190
-142
-86
-207
-85
-209
-125
-210
-151
-196
-217
-151
-149
-45
-131
-51
-38
31
51
11
50
-30
35
-2
90
60
45
39
59
205
117
192
111
177
168
132
210
203
260
251
341
324
298
344
393
387
296
324
323
305
340
355
441
423
419
416
438
461
386
482
360
387
405
374
443
336
473
381
351
389
312
341
358
373
382
466
426
514
553
429
541
448
511
432
453
460
500
463
380
407
398
472
389
398
363
302
288
166
212
140
40
96
96
98
15
-31
12
-95
-153
-271
