
-219
-184
-238
-249
-176
-163
-173
-193
-227
-147
-163
-158
-110
-66
-81
-42
28
-48
-23
-38
-114
-19
-33
32
106
85
114
119
175
101
189
161
186
243
192
237
194
312
260
267
207
205
300
304
354
347
397
347
381
435
353
503
364
414
419
458
453
409
420
394
329
358
391
406
446
433
468
451
469
441
440
387
398
285
379
461
416
464
506
425
436
435
399
393
326
324
251
290
199
66
111
74
34
121
138
219
298
347
304
283
253
264
202
122
34
56
1
-91
-21
-152
-99
-192
-77
-202
-177
-201
-226
-199
-263
-178
-304
-309
-291
-243
-247
-299
-261
-358
-292
-416
-364
-466
-468
-497
-499
-456
-558
-375
-496
-350
-481
-352
-412
-431
-327
-508
-405
-482
-326
-467
-466
-524
-524
-574
-583
-622
-634
-609
-616
-619
-575
-572
-574
-573
-507
-525
-538
-459
-475
-383
-426
-367
-476
-335
-325
-326
-244
-195
-108
-196
-83
-146
14
-60
-48
12
-59
9
90
107
108
147
139
62
72
81
54
121
77
217
219
292
275
386
346
381
384
334
429
388
344
399
333
374
421
446
415
474
422
455
476
450
465
468
512
450
541
529
533
543
540
437
498
531
515
432
405
406
375
408
414
419
308
387
373
361
393
284
407
362
322
371
370
338
417
357
383
382
317
372
295
272
119
192
50
34
-9
-7
-47
-68
14
-9
82
37
125
150
261
228
141
152
203
126
174
103
91
54
24
-74
-70
-71
-126
-76
-150
-108
-239
-178
-249
-209
-305
-350
-281
-404
-319
-368
-409
-438
-480
-462
-471
-423
-434
-398
-516
-464
-437
-517
-418
-484
-504
-558
-499
-513
-519
-473
-551
-555
-537
-441
-468
-396
-435
-412
-373
-433
-338
-513
-372
-469
-426
-471
-527
-516
-515
-436
-483
-433
-480
-383
-413
-389
-333
-341
-313
-311
-305
-305
-210
-196
-228
-202
-161
-144
-127
-120
-119
9
-27
60
33
89
24
31
98
121
85
92
140
165
181
222
199
233
251
178
250
177
285
195
246
257
294
371
274
469
431
493
408
565
476
443
479
425
352
337
342
371
374
420
404
415
408
373
530
380
503
496
499
560
555
615
551
563
542
582
601
500
535
575
474
539
445
409
386
362
395
367
353
388
415
355
403
400
319
280
241
221
215
184
30
99
62
74
99
30
5
-74
-5
-106
-36
-89
-119
-97
-125
-108
-100
-125
-159
-222
-169
-162
-135
-175
-298
-234
-282
-305
-281
-372
-362
-375
-409
-455
-454
-449
-557
-484
-562
-536
-490
-478
-511
-571
-429
-427
-348
-366
-333
-361
-350
-390
-373
-433
-440
-407
-392
-424
-470
-379
-520
-438
-463
-433
-431
-494
-394
-411
-420
-509
-418
-486
-486
-444
-447
-392
-451
-375
-478
-391
-349
-330
-312
-222
-236
-246
-142
-232
-167
-148
-153
-47
-90
-22
-113
8
43
87
55
139
88
91
85
139
228
163
267
282
333
294
298
276
308
251
258
243
231
287
350
342
393
407
437
529
501
491
502
544
420
350
269
305
285
289
356
307
480
400
517
454
434
464
442
499
446
477
457
492
584
603
553
632
617
642
624
648
602
602
484
528
538
507
506
441
440
334
333
245
253
209
185
142
217
107
141
152
76
128
88
108
32
3
-106
-48
-28
-78
-61
-83
-94
-107
-128
-94
-123
-191
-164
-245
-206
-280
-249
-301
-263
-383
-411
-376
-375
-397
-350
-415
-425
-362
-442
-399
-477
-506
-520
-537
-535
-514
-498
-599
-533
-600
-642
-568
-662
-593
-605
-525
-590
-483
-558
-521
-459
-503
-447
-581
-416
-513
-457
-456
-475
-434
-467
-374
-433
-388
-387
-361
-363
-423
-319
-358
-315
-334
-267
-257
-230
-225
-203
-141
-226
-151
-132
-111
-53
-153
-32
-70
-47
-11
-65
30
23
41
137
189
145
212
178
263
273
285
279
329
257
241
305
271
305
334
337
329
345
421
382
497
417
445
467
454
496
495
478
376
499
333
466
413
347
435
375
429
397
426
339
390
298
420
406
416
399
408
476
400
501
402
478
368
395
404
387
459
386
456
384
445
350
330
403
369
303
368
371
345
277
374
321
284
251
125
229
120
98
89
136
95
-27
93
-16
12
-18
-52
-45
-94
-144
-155
-138
-182
-231
-244
-246
-279
-281
-302
-289
-402
-277
-369
-284
-401
-446
-313
-435
-365
-347
-278
-368
-182
-215
-154
-128
-143
-71
-101
-100
-167
-60
-192
-166
-179
-273
-348
-292
-412
-340
-457
-411
-462
-378
-343
-410
-374
-397
-381
-498
-414
-546
-428
-521
-485
-464
-445
-495
-377
-449
-452
-362
-407
-395
-291
-394
-348
-338
-328
-281
-293
-234
-227
-243
-230
-253
-289
-222
-337
-277
-280
-232
-178
-213
-169
-91
-146
-60
-40
-37
-18
69
33
128
69
65
91
153
209
218
126
133
147
177
196
182
287
276
252
323
339
329
287
236
246
237
290
238
264
207
303
364
303
416
395
512
434
480
555
489
526
484
531
537
443
514
478
553
462
521
474
488
557
457
520
391
450
450
452
443
429
427
444
504
429
461
467
433
443
343
351
358
303
330
310
345
235
225
209
102
215
134
178
57
103
61
21
-64
-236
-153
-218
-183
-206
-237
-152
-286
-203
-318
-345
-346
-442
-431
-480
-531
-526
-519
-581
-523
-498
-523
-438
-494
-480
-438
-463
-512
-430
-567
-514
-458
-474
-392
-348
-234
-262
-223
-203
-242
-258
-294
-280
-352
-322
-286
-361
-340
-387
-369
-379
-367
-451
-451
-399
-367
-293
-343
-279
-302
-319
-322
-272
-263
-308
-282
-285
-245
-282
-293
-198
-246
-226
-262
-173
-183
-173
-162
-29
-131
-182
-30
-99
-53
-86
-22
-65
-55
3
38
60
84
111
120
174
148
158
119
192
205
206
309
221
363
400
432
475
470
449
500
431
438
427
367
403
347
471
430
420
496
502
582
557
617
546
541
490
576
451
452
392
414
427
355
423
396
355
364
382
370
421
347
397
341
357
321
264
326
282
208
225
272
167
245
233
207
178
34
102
132
42
67
137
87
105
73
138
96
59
137
54
80
23
34
36
2
-5
-136
-40
-174
-139
-128
-173
-121
-211
-184
-227
-231
-249
-218
-178
-304
-225
-210
-220
-242
-250
-296
-397
-409
-454
-346
-545
-452
-415
-493
-381
-402
-371
-390
-387
-446
-454
-427
-409
-428
-437
-478
-451
-454
-491
-507
-410
-480
-477
-437
-407
-359
-372
-333
-283
-284
-301
-309
-253
-392
-351
-323
-375
-339
-465
-304
-353
-241
-283
-225
-79
-180
-34
-71
49
29
8
-2
60
38
33
147
146
119
167
64
126
154
82
66
39
193
166
183
267
290
256
286
221
301
343
233
246
305
288
286
294
304
256
307
278
295
379
309
414
328
354
363
353
329
382
407
352
414
302
410
360
308
211
292
198
264
280
243
242
257
177
270
253
247
248
267
252
216
277
225
292
178
271
206
156
195
225
203
219
248
165
219
240
259
218
188
194
150
271
226
201
275
140
237
215
176
226
188
171
56
159
113
185
131
64
94
103
-12
-46
-69
-133
-213
-219
-266
-314
-246
-399
-368
-462
-444
-399
-410
-423
-402
-396
-458
-460
-471
-482
-545
-563
-532
-569
-486
-473
-492
-499
-455
-413
-486
-501
-522
-573
-568
-546
-596
-602
-561
-482
-376
-288
-235
-170
-86
-90
-77
-83
-92
-150
-228
-252
-303
-267
-415
-318
-265
-272
-331
-289
-307
-234
-337
-282
-241
-274
-225
-229
-185
-167
-121
-141
-123
-112
-74
-102
-2
6
-24
-44
-23
-14
54
123
152
204
276
349
329
393
301
398
345
310
375
384
369
285
377
334
404
308
371
356
306
350
270
221
248
171
185
150
207
179
190
252
250
299
318
359
323
461
408
516
483
459
461
413
507
406
394
445
391
385
355
485
456
428
390
350
344
266
319
330
254
258
272
265
387
291
345
318
302
301
275
229
170
163
32
121
201
93
86
114
91
84
78
-115
-4
-145
-133
-71
-149
-138
-166
-141
-136
-96
-123
-101
-186
-118
-227
-175
-208
-242
-225
-305
-364
-294
-338
-396
-363
-360
-371
-407
-376
-412
-379
-384
-456
-433
-468
-475
-397
-493
-388
-552
-468
-532
-565
-493
-609
-523
-643
-577
-574
-486
-597
-510
-447
-479
-367
-405
-308
-382
-323
-335
-283
-249
-298
-244
-208
-281
-243
-201
-217
-126
-135
-151
-168
-189
-125
-135
-166
-131
-120
-83
-82
-71
-66
-98
-72
-49
-34
-90
55
40
49
6
92
82
59
17
72
69
23
150
-29
95
111
107
197
271
238
269
449
401
478
493
521
497
435
368
374
358
312
330
278
356
387
460
418
576
557
464
532
564
475
546
538
398
522
437
428
400
378
309
376
414
316
355
313
383
416
434
515
406
401
399
415
349
272
319
243
232
256
276
224
245
220
252
117
184
226
66
105
121
114
87
99
107
37
78
61
13
55
60
-8
40
-77
-40
-66
-119
-140
-187
-213
-168
-190
-294
-331
-343
-250
-395
-408
-372
-404
-457
-434
-392
-480
-435
-489
-410
-379
-481
-426
-421
-399
-471
-502
-442
-482
-428
-426
-423
-447
-390
-394
-407
-396
-483
-431
-494
-484
-539
-438
-442
-414
-382
-490
-332
-432
-305
-309
-336
-318
-363
-330
-375
-282
-262
-308
-244
-280
-218
-193
-227
-162
-188
-200
-273
-204
-244
-277
-167
-245
-184
-160
-205
-142
-201
-86
-77
-12
-47
47
24
92
196
85
90
57
56
83
127
134
135
213
195
231
306
326
359
338
410
457
520
415
543
597
517
555
591
461
562
504
516
562
521
597
599
613
577
582
592
561
570
560
518
530
529
488
474
439
448
470
403
377
388
322
345
332
355
264
325
343
253
346
207
189
206
56
123
18
24
57
24
87
-87
54
-3
54
20
-17
-52
-120
14
-77
82
-8
22
35
82
66
69
63
13
58
51
45
22
0
-31
-191
-143
-245
-325
-319
-495
-355
-467
-284
-247
-234
-136
-236
-105
-154
-108
-206
-260
-264
-421
-465
-539
-527
-591
-579
-549
-575
-593
-555
-522
-477
-481
-465
-390
-487
-479
-444
-429
-468
-464
-561
-446
-443
-525
-433
-474
-462
-483
-449
-460
-488
-437
-440
-401
-357
-292
-281
-258
-232
-263
-194
-243
-156
-199
-210
-206
-172
-145
-183
-136
-103
-115
-84
-100
-13
10
-10
8
171
154
107
230
188
244
239
296
291
334
287
349
347
251
399
348
370
393
366
417
429
462
431
430
414
456
420
452
491
411
402
361
308
288
321
362
312
414
433
472
531
476
534
571
505
540
547
522
576
528
532
501
466
476
463
513
364
445
396
484
431
447
418
332
391
312
445
258
365
352
325
245
203
188
137
117
54
101
-48
-46
-26
-48
-66
22
13
-61
-99
-59
-135
-104
-240
-275
-290
-288
-280
-337
-333
-388
-361
-305
-372
-363
-361
-409
-353
-427
-369
-437
-346
-390
-330
-353
-367
-254
-355
-308
-273
-310
-311
-299
-377
-369
-428
-395
-399
-449
-374
-422
-396
-428
-451
-473
-498
-471
-504
-475
-560
-464
-515
-605
-548
-572
-455
-504
-424
-385
-367
-333
-334
-256
-316
-271
-218
-177
-176
-122
-53
-81
-98
-57
-90
-37
-25
-41
9
11
-16
34
71
112
171
73
232
182
202
156
207
182
142
173
144
195
82
58
69
64
79
80
88
187
151
190
195
230
157
218
168
137
137
178
322
190
310
219
354
246
287
293
282
253
313
322
348
409
328
433
354
447
349
368
369
429
351
343
339
305
430
369
496
404
532
419
446
474
346
365
273
258
251
281
157
239
222
223
138
173
226
165
147
162
138
196
187
101
192
83
181
55
81
76
102
83
18
75
-43
58
-153
22
-60
-96
-41
-39
-157
-193
-136
-183
-216
-238
-144
-218
-260
-216
-241
-238
-208
-187
-171
-206
-169
-157
-174
-210
-194
-212
-127
-147
-158
-188
-276
-222
-218
-279
-303
-365
-345
-350
-376
-358
-387
-426
-421
-378
-323
-405
-322
-350
-479
-409
-491
-566
-660
-575
-570
-545
-544
-540
-537
-468
-338
-353
-281
-245
-233
-136
-101
-44
-90
-35
-131
-66
-156
-91
-145
-189
-163
-150
-107
-222
-164
-143
-96
-122
23
-34
-68
-34
-92
114
-9
62
63
114
144
125
167
23
105
69
34
65
1
69
39
72
121
187
134
202
252
162
282
278
310
312
316
376
349
363
447
383
345
319
342
300
352
294
259
328
267
312
270
372
334
355
421
374
412
392
393
392
443
419
444
421
442
396
445
469
439
416
352
425
380
394
321
260
316
234
281
209
193
218
203
213
177
255
220
233
252
309
254
217
244
129
149
99
78
3
-63
-70
-37
-69
-67
-78
-126
-178
-202
-317
-339
-359
-425
-337
-457
-360
-310
-355
-472
-354
-392
-413
-398
-405
-406
-367
-413
-384
-316
-383
-379
-486
-458
-389
-484
-447
-509
-463
-492
-505
-433
-489
-370
-470
-441
-471
-383
-480
-496
-413
-512
-421
-575
-489
-490
-433
-456
-434
-360
-339
-202
-162
-204
-129
-128
-88
-92
-80
-68
-152
-100
-160
-88
-164
-92
-31
-102
0
-54
39
86
85
157
161
202
167
228
152
200
143
194
203
146
278
301
287
395
358
323
386
342
346
347
361
331
325
335
266
263
247
244
236
212
225
222
236
255
256
286
234
277
321
348
329
401
406
393
398
397
431
440
441
338
416
400
418
393
413
409
452
440
430
468
381
481
447
444
454
470
403
408
329
304
226
184
157
191
218
101
177
114
163
172
172
259
198
183
166
99
34
134
19
-75
-18
-63
-19
-87
-61
-63
-30
-68
-90
-21
-50
-35
-45
-84
-96
-61
-154
-175
-190
-334
-309
-345
-316
-376
-435
-465
-449
-476
-497
-411
-564
-508
-479
-534
-534
-459
-472
-490
-541
-514
-566
-548
-517
-588
-577
-664
-623
-559
-594
-596
-556
-556
-548
-473
-510
-461
-444
-364
-354
-326
-269
-312
-295
-274
-245
-327
-323
-336
-276
-327
-315
-275
-207
-316
-227
-182
-198
-156
-170
-81
-119
-86
-30
-5
13
51
169
105
139
155
190
112
99
207
181
269
264
291
256
301
344
319
335
237
369
275
369
403
311
319
295
339
315
348
414
402
326
364
373
188
224
185
215
211
226
313
315
424
321
456
441
420
445
461
534
449
477
393
448
420
415
383
323
360
305
342
254
265
151
205
186
201
170
156
222
100
175
177
72
93
77
19
32
100
133
83
67
79
73
-18
84
-24
-17
-1
48
41
23
49
53
-8
20
13
-70
-35
-106
-122
-39
-90
-78
4
-131
-152
-97
-228
-179
-281
-287
-214
-287
-187
-146
-156
-175
-153
-167
-239
-241
-248
-334
-387
-350
-368
-410
-412
-435
-487
-388
-546
-484
-412
-495
-390
-437
-432
-494
-422
-434
-381
-474
-542
-483
-535
-503
-544
-483
-458
-423
-446
-348
-319
-342
-311
-194
-207
-115
-146
-88
-100
-193
-78
-158
-112
-233
-191
-212
-221
-154
-169
-165
-159
-80
-136
-95
-122
-14
27
-58
70
78
133
22
175
153
189
224
226
322
246
263
197
242
181
246
282
213
366
330
367
408
379
425
425
386
383
455
378
440
459
471
454
522
519
633
515
563
525
441
428
304
271
201
208
181
205
207
266
222
207
194
204
115
102
145
48
158
88
194
90
156
196
189
236
153
239
202
226
234
217
248
190
274
266
282
233
353
345
352
347
364
514
482
462
492
478
378
331
184
109
43
-102
-58
-294
-288
-313
-294
-342
-309
-299
-312
-309
-295
-291
-362
-377
-479
-475
-498
-609
-625
-652
-602
-646
-680
-648
-719
-677
-656
-584
-636
-649
-578
-502
-551
-451
-514
-524
-487
-426
-376
-357
-424
-443
-374
-451
-391
-396
-440
-398
-363
-321
-236
-244
-246
-181
-169
-97
-22
-7
62
80
91
141
116
171
134
201
86
79
168
62
107
105
135
196
154
160
199
210
254
158
99
191
128
255
269
191
223
187
253
170
182
91
118
187
230
268
231
256
204
267
175
129
152
94
93
37
-19
58
-85
3
-78
-29
-35
-17
41
67
-3
69
92
63
212
102
176
193
245
153
192
127
131
20
-46
16
-16
-74
-124
9
-56
-118
-4
-1
59
58
168
190
234
315
307
367
319
315
311
216
272
257
221
210
255
279
384
539
625
790
855
1041
1135
1320
1426
1544
1605
1536
1472
1346
1122
972
846
561
353
216
-16
-94
-324
-542
-579
-728
-894
-951
-1016
-1051
-1024
-1066
-1082
-1126
-1079
-1072
-1000
-979
-910
-685
-607
-522
-498
-369
-360
-267
-238
-291
-360
-392
-504
-578
-698
-809
-845
-986
-909
-971
-912
-848
-744
-640
-568
-412
-350
-237
-193
-31
18
132
280
376
496
549
668
616
676
756
702
640
524
451
366
333
254
174
82
-48
-224
-277
-397
-465
-543
-659
-707
-852
-730
-749
-664
-729
-625
-667
-608
-654
-634
-586
-720
-692
-772
-769
-820
-777
-941
-964
-1060
-1029
-1195
-1153
-1136
-1152
-1139
-1097
-944
-883
-723
-581
-455
-354
-81
228
519
762
1047
1282
1580
1866
2150
2413
2621
2711
2794
2809
2819
2761
2504
2321
2119
1978
1743
1553
1367
1253
965
771
590
426
251
87
-104
-222
-273
-391
-313
-330
-309
-243
-165
-41
4
165
252
318
400
389
484
468
448
353
201
218
-23
-92
-263
-235
-373
-425
-523
-538
-441
-527
-306
-496
-356
-397
-316
-291
-332
-336
-344
-290
-287
-308
-249
-242
-159
-170
-164
-119
-109
-100
-127
-158
-288
-390
-555
-665
-912
-967
-1198
-1282
-1339
-1300
-1423
-1442
-1420
-1426
-1358
-1439
-1340
-1288
-1299
-1263
-1180
-1185
-1105
-1091
-1047
-1013
-983
-938
-892
-872
-966
-946
-961
-1002
-795
-662
-369
-216
70
354
712
1145
1477
1980
2181
2412
2474
2418
2488
2360
2090
1871
1752
1544
1346
1061
844
683
454
127
-86
-235
-392
-583
-709
-687
-687
-802
-888
-872
-791
-777
-732
-615
-572
-484
-354
-142
-28
93
210
297
524
519
642
677
724
612
486
389
209
177
86
-65
-151
-169
-247
-119
-122
-100
-33
33
109
283
325
388
505
551
633
650
859
823
946
1037
1097
1237
1200
1182
1195
1132
1134
1041
959
955
768
654
470
322
154
-45
-251
-374
-514
-625
-846
-948
-930
-955
-1010
-989
-987
-976
-905
-833
-884
-985
-1039
-1131
-1251
-1299
-1400
-1525
-1570
-1645
-1667
-1718
-1611
-1562
-1478
-1264
-1231
-1081
-1053
-895
-900
-811
-783
-647
-417
-236
84
317
641
952
1338
1791
2174
2564
2781
2993
3109
3182
3189
2942
2776
2477
2298
1911
1555
1218
895
633
207
-25
-323
-617
-843
-1090
-1435
-1413
-1566
-1688
-1825
-1953
-1934
-2033
-1936
-1853
-1847
-1697
-1538
-1303
-1092
-890
-592
-334
-186
106
219
439
611
516
612
593
549
459
447
345
217
144
37
69
1
37
23
-42
-31
-47
-22
10
1
-175
-136
-116
-184
-135
-236
-238
-269
-207
-214
-266
-166
-316
-134
-161
-98
6
1
56
96
85
33
0
-63
-166
-222
-362
-505
-518
-602
-659
-685
-668
-740
-662
-558
-621
-509
-582
-535
-506
-531
-693
-759
-793
-951
-901
-982
-897
-870
-850
-681
-629
-364
-62
372
554
819
1069
1452
1865
2108
2440
2709
2901
3062
3150
3219
3276
3043
2858
2754
2652
2512
2339
2037
1802
1552
1169
889
554
171
-229
-575
-888
-1114
-1303
-1643
-1676
-1703
-1734
-1562
-1485
-1341
-1157
-1096
-872
-714
-513
-270
-158
32
-16
210
325
320
357
243
285
257
345
234
333
265
222
168
195
217
134
37
-73
-129
-231
-317
-528
-687
-804
-898
-884
-907
-963
-820
-835
-675
-526
-366
-256
-194
-248
-241
-172
-287
-357
-542
-683
-801
-889
-1110
-1148
-1237
-1410
-1373
-1381
-1342
-1258
-1299
-1358
-1382
-1470
-1497
-1640
-1688
-1773
-1789
-1875
-1925
-1913
-1769
-1710
-1663
-1407
-1321
-1129
-1024
-824
-724
-542
-551
-477
-547
-575
-566
-384
-198
-65
214
472
873
1359
1904
2371
2992
3329
3636
3902
4110
4210
4046
3749
3579
3347
3039
2636
2327
1995
1658
1280
916
684
400
117
-239
-548
-792
-1039
-1307
-1553
-1667
-1742
-1734
-1714
-1563
-1413
-1243
-1050
-738
-494
-142
81
369
648
891
1180
1173
1441
1439
1493
1501
1483
1505
1392
1389
1246
1178
1030
915
815
644
490
389
277
133
28
-95
-248
-330
-361
-517
-432
-538
-508
-490
-510
-360
-346
-190
-152
13
60
74
144
116
96
106
-30
-65
-207
-282
-364
-585
-601
-783
-879
-988
-1054
-1176
-1251
-1372
-1540
-1594
-1708
-1752
-1739
-1915
-1901
-1904
-1895
-1974
-1984
-1997
-2094
-1963
-2127
-2005
-1912
-1915
-1888
-1804
-1647
-1346
-988
-699
-384
88
591
1078
1612
2148
2557
2816
3005
3162
3308
3243
3129
2884
2830
2610
2370
2076
1856
1589
1197
890
545
205
-158
-615
-1015
-1446
-1707
-2064
-2341
-2640
-2801
-2764
-2804
-2549
-2366
-2071
-1770
-1469
-1084
-666
-397
0
166
471
776
943
1121
1252
1399
1499
1565
1623
1716
1741
1836
1824
1739
1703
1586
1486
1230
1055
861
439
276
-73
-276
-489
-724
-887
-962
-932
-795
-692
-523
-260
-38
190
347
463
548
640
537
479
377
292
172
62
-2
-10
-66
10
-4
89
28
2
-76
-148
-330
-553
-705
-970
-1131
-1416
-1478
-1540
-1682
-1706
-1642
-1530
-1536
-1414
-1299
-1254
-1211
-1198
-1121
-1118
-1086
-1205
-1103
-921
-649
-379
2
341
761
1351
1936
2626
3151
3585
3862
4058
4253
4225
4171
3815
3551
3200
2927
2682
2231
1896
1416
1037
661
283
-52
-455
-922
-1352
-1620
-2031
-2318
-2783
-3071
-3245
-3469
-3454
-3368
-3152
-2979
-2664
-2298
-1899
-1440
-1047
-739
-482
-197
64
257
509
552
779
844
942
876
976
1028
960
961
892
965
810
710
512
362
177
-151
-264
-613
-711
-883
-1159
-1236
-1366
-1387
-1361
-1240
-1201
-956
-688
-608
-299
-283
-34
-15
85
143
81
138
-1
-13
-105
-53
-127
-209
-220
-250
-229
-265
-360
-366
-524
-679
-841
-959
-1065
-1216
-1318
-1468
-1528
-1549
-1527
-1545
-1507
-1450
-1435
-1360
-1266
-1260
-1150
-1179
-1146
-1065
-1106
-1015
-898
-616
-292
104
414
834
1397
2000
2649
3314
3837
4269
4575
4738
4948
4988
4724
4457
4184
3904
3582
3169
2907
2520
2262
1737
1369
986
605
15
-445
-919
-1340
-1661
-2251
-2383
-2648
-2755
-2740
-2733
-2428
-2206
-1969
-1570
-1211
-853
-474
-127
163
467
682
945
1112
1267
1365
1234
1353
1309
1310
1266
1142
1029
879
633
476
262
-19
-255
-542
-674
-963
-1035
-1280
-1303
-1370
-1382
-1299
-1305
-1044
-945
-820
-617
-529
-370
-352
-162
-134
-105
-33
-192
-75
-257
-281
-359
-524
-593
-685
-721
-822
-902
-905
-1014
-1085
-1196
-1404
-1500
-1713
-1870
-2028
-2032
-2172
-2214
-2188
-2204
-2029
-2140
-1900
-1873
-1735
-1710
-1661
-1573
-1598
-1521
-1542
-1540
-1637
-1563
-1558
-1442
-1455
-1199
-872
-461
-95
231
793
1334
1934
2487
3152
3655
4014
4283
4632
4873
4851
4541
4375
4309
4067
3726
3378
3064
2640
2193
1646
1265
813
232
-335
-844
-1201
-1518
-1906
-2299
-2464
-2453
-2481
-2399
-2238
-2066
-1889
-1619
-1314
-1172
-834
-479
-275
-146
207
507
777
908
920
1109
1145
1348
1238
1330
1256
1114
1057
824
818
589
350
34
-78
-200
-489
-525
-631
-633
-628
-629
-445
-271
-118
127
194
462
649
940
1057
1037
1153
1090
1110
873
788
649
579
400
125
147
-44
-167
-338
-586
-646
-942
-1014
-1357
-1496
-1769
-1897
-2030
-2190
-2096
-2193
-1950
-1936
-1774
-1663
-1535
-1408
-1409
-1218
-1165
-1162
-1114
-1142
-1149
-1202
-1193
-1119
-1114
-1114
-1108
-1195
-1174
-927
-733
-535
-423
-217
97
463
1024
1497
1871
2206
2597
2986
3374
3566
3641
3567
3535
3611
3587
3400
3148
2924
2554
2072
1696
1298
867
321
-220
-731
-1080
-1340
-1736
-2047
-2271
-2369
-2469
-2474
-2344
-2204
-2247
-2065
-1961
-1847
-1557
-1357
-1261
-1114
-971
-640
-304
-298
1
43
331
412
458
593
622
611
452
321
305
184
-107
-284
-362
-551
-638
-805
-705
-679
-703
-596
-435
-304
-108
180
264
520
768
930
1225
1223
1448
1499
1487
1481
1316
1313
1076
967
736
608
389
228
-3
-243
-415
-651
-952
-1122
-1397
-1707
-1819
-2026
-2018
-2055
-2123
-1887
-1768
-1496
-1369
-1132
-920
-794
-564
-434
-343
-429
-389
-367
-432
-531
-673
-730
-774
-901
-1063
-1127
-1112
-954
-715
-483
-267
141
549
1086
1751
2310
2982
3532
3891
4157
4652
4886
4877
4672
4601
4741
4459
4070
3710
3373
2928
2419
1906
1463
999
328
-268
-825
-1144
-1584
-2118
-2380
-2589
-2839
-2945
-2961
-2867
-2873
-2808
-2580
-2476
-2130
-1835
-1545
-1375
-1046
-665
-285
-113
72
362
387
536
525
557
517
365
308
-47
-61
-265
-498
-853
-1030
-1136
-1269
-1444
-1593
-1405
-1498
-1411
-1344
-1142
-1087
-876
-689
-539
-346
-97
195
247
521
684
812
972
947
1060
1041
951
725
670
502
250
75
-374
-426
-754
-977
-1260
-1434
-1546
-1834
-1799
-1878
-1869
-1878
-1760
-1842
-1675
-1573
-1516
-1321
-1373
-1163
-1086
-1076
-999
-980
-1005
-974
-991
-1046
-951
-1044
-1025
-1176
-1282
-1405
-1228
-1149
-940
-700
-496
-37
386
1047
1680
2426
3043
3507
3894
4549
5050
5210
5136
5102
5303
5238
4874
4687
4255
3759
3230
2644
2183
1626
1067
400
-131
-539
-821
-1336
-1624
-1816
-2026
-2186
-2353
-2189
-2202
-2239
-2167
-1941
-1720
-1391
-1078
-909
-548
-206
308
584
885
1264
1388
1518
1682
1773
1685
1599
1239
937
620
522
113
-391
-711
-909
-1149
-1395
-1452
-1490
-1533
-1635
-1491
-1416
-1233
-1088
-982
-813
-631
-372
-95
64
208
310
301
440
365
375
376
302
90
-48
-63
-171
-346
-660
-804
-1133
-1354
-1576
-1728
-1892
-2091
-2240
-2269
-2240
-2196
-2050
-2052
-1901
-1736
-1639
-1409
-1267
-1184
-1123
-1067
-1008
-1077
-1035
-1147
-1242
-1415
-1543
-1553
-1693
-1796
-1918
-1663
-1475
-1269
-1066
-618
-182
357
986
1658
2435
2931
3325
3604
4243
4467
4449
4355
4460
4539
4315
4128
3909
3672
3199
2620
2117
1676
1048
487
-220
-738
-1003
-1560
-2031
-2419
-2578
-2786
-2886
-2886
-2726
-2612
-2454
-2175
-1963
-1547
-1210
-885
-594
-258
280
614
875
1153
1495
1618
1858
1856
1999
1935
1830
1795
1365
1312
1024
608
175
-53
-369
-583
-892
-1095
-1145
-1395
-1304
-1377
-1266
-1104
-904
-692
-497
-129
352
641
829
1277
1487
1718
1740
1712
1757
1582
1523
1380
1163
924
749
433
223
18
-195
-529
-718
-991
-1111
-1231
-1648
-1714
-1766
-1763
-1851
-1825
-1860
-1766
-1689
-1591
-1510
-1353
-1192
-1196
-1077
-1133
-1004
-1006
-947
-980
-1141
-1057
-1093
-1314
-1502
-1348
-1276
-1175
-1123
-889
-421
28
638
1242
1906
2540
2933
3308
3839
4141
4227
4074
4117
4215
4073
3757
3403
3144
2597
2117
1519
956
392
-240
-818
-1390
-1715
-2082
-2593
-2910
-2993
-3150
-3192
-3270
-3223
-3168
-3193
-2887
-2745
-2532
-2138
-1797
-1344
-1052
-491
-16
456
774
1124
1399
1631
1812
1854
1896
1830
1682
1327
1114
794
538
28
-339
-592
-859
-1116
-1390
-1383
-1609
-1597
-1641
-1531
-1435
-1168
-1042
-812
-567
-382
-13
152
318
546
698
738
813
812
905
852
649
659
670
626
510
360
190
91
-95
-418
-631
-907
-1066
-1309
-1454
-1557
-1585
-1540
-1569
-1347
-1331
-1072
-878
-705
-604
-504
-407
-444
-362
-520
-395
-488
-514
-586
-852
-852
-643
-470
-285
-66
269
742
1152
1788
2378
2942
3461
3860
3997
4494
4706
4709
4436
4286
4392
4180
3833
3647
3337
2955
2538
1949
1447
906
341
-429
-1021
-1427
-1843
-2455
-2923
-3158
-3403
-3510
-3514
-3292
-3314
-3267
-2903
-2640
-2361
-1988
-1585
-1302
-992
-457
-74
209
515
783
1027
1227
1476
1640
1725
1706
1670
1530
1519
1390
1082
686
360
96
-234
-692
-978
-1226
-1594
-1716
-1882
-1870
-1795
-1788
-1618
-1472
-1164
-924
-672
-488
-277
3
110
172
274
327
302
173
70
25
-77
-158
-395
-488
-628
-737
-885
-1114
-1249
-1442
-1565
-1858
-2009
-2126
-2217
-2258
-2341
-2243
-2142
-2009
-1939
-1801
-1729
-1569
-1486
-1462
-1331
-1310
-1218
-1278
-1279
-1210
-1209
-1363
-1229
-836
-603
-225
12
527
1034
1602
2345
2883
3424
3972
4286
4517
4940
5056
5040
4737
4738
4723
4421
4250
3920
3553
3171
2773
2291
1730
1228
693
19
-729
-950
-1568
-2166
-2571
-2869
-3007
-3110
-3126
-3062
-2947
-2627
-2344
-2254
-1765
-1407
-1100
-846
-559
-42
244
578
842
1164
1381
1780
2011
2119
2318
2350
2445
2277
2248
2066
1872
1479
1177
853
458
150
-217
-407
-683
-830
-1014
-1065
-985
-939
-849
-745
-574
-409
-281
-118
-112
20
-27
-94
-72
-291
-207
-316
-474
-484
-553
-534
-549
-594
-597
-683
-843
-1002
-1152
-1322
-1446
-1747
-1955
-2149
-2141
-2174
-2291
-2258
-2224
-2127
-1990
-1844
-1865
-1753
-1772
-1805
-1880
-1957
-1842
-2104
-2172
-2244
-2244
-1938
-1784
-1336
-1022
-459
186
764
1618
2290
3002
3496
3916
4140
4471
4691
4552
4303
4062
4061
3716
3437
3162
2816
2448
2151
1681
1380
992
393
-90
-738
-1056
-1566
-2180
-2730
-3056
-3347
-3554
-3566
-3549
-3315
-3313
-2864
-2609
-2095
-1631
-1396
-964
-727
-247
65
272
497
627
887
1055
1156
1384
1532
1601
1653
1656
1873
1891
1723
1568
1481
1397
1141
896
487
320
103
-188
-309
-496
-509
-583
-547
-350
-151
170
258
484
635
858
1037
1015
961
862
780
648
405
300
178
-17
-185
-325
-303
-376
-480
-636
-704
-828
-960
-1055
-1347
-1467
-1532
-1771
-1667
-1833
-1865
-1891
-1848
-1761
-1846
-1723
-1806
-1859
-1826
-1782
-1804
-1832
-1898
-1919
-1993
-1919
-1503
-1272
-868
-543
30
629
1367
2161
2837
3655
4122
4551
4739
5247
5256
5040
4646
4485
4457
4037
3676
3368
2978
2516
2188
1727
1357
947
305
-269
-772
-1142
-1571
-2364
-2825
-3087
-3479
-3595
-3622
-3488
-3579
-3408
-2994
-2703
-2267
-1890
-1559
-1312
-1048
-631
-396
-237
-145
-71
88
227
334
389
461
587
505
617
650
644
484
218
303
102
-75
-309
-427
-579
-772
-820
-982
-999
-1027
-1092
-945
-797
-574
-337
-214
-55
199
307
382
384
296
344
161
98
-26
-147
-274
-472
-446
-405
-480
-481
-622
-681
-627
-824
-1008
-1185
-1365
-1386
-1554
-1641
-1647
-1610
-1594
-1442
-1304
-1273
-1292
-1265
-1130
-1316
-1247
-1407
-1541
-1511
-1794
-1727
-1567
-1376
-1050
-629
-265
485
988
1890
2730
3424
4267
4773
5180
5615
5971
5872
5747
5359
5265
4987
4495
4203
3650
3148
2781
2225
1836
1458
949
413
-168
-442
-812
-1418
-1914
-2249
-2570
-2785
-3101
-3053
-2975
-3022
-2682
-2474
-2078
-1590
-1269
-826
-549
-209
261
402
582
717
667
739
698
566
432
443
300
313
253
335
364
139
123
21
-36
-214
-423
-553
-638
-849
-968
-1089
-1219
-1276
-1334
-1280
-1236
-1051
-837
-726
-675
-384
-226
-182
-17
-81
-70
-255
-380
-413
-541
-722
-915
-1073
-1157
-1209
-1313
-1405
-1473
-1641
-1605
-1724
-1747
-1821
-1957
-1957
-2060
-1961
-1994
-2040
-2035
-1973
-1950
-1964
-1981
-1909
-1906
-2019
-2027
-2156
-2091
-2123
-2184
-1992
-1581
-1195
-812
-283
329
1063
1890
2761
3543
4270
4817
5179
5690
5880
5789
5580
5271
5217
4796
4469
4062
3606
3166
2728
2212
1783
1365
710
283
-330
-589
-1056
-1664
-2033
-2401
-2600
-2950
-2951
-2985
-2911
-2865
-2503
-2235
-1795
-1290
-1037
-561
-253
245
534
820
962
1137
1119
1175
1217
1140
1197
1012
940
847
806
842
589
585
405
309
308
90
9
-119
-228
-441
-430
-482
-525
-585
-602
-455
-407
-262
-140
7
106
243
347
328
353
338
145
-52
-157
-251
-407
-576
-734
-820
-836
-862
-925
-988
-1032
-1087
-1209
-1407
-1410
-1570
-1644
-1773
-1838
-1725
-1859
-1833
-1862
-1802
-1873
-1794
-1915
-1918
-1915
-1965
-1989
-2162
-2142
-2299
-1978
-1858
-1467
-1142
-704
0
459
1431
2099
2963
3608
4195
4628
5058
5453
5301
5056
4826
4834
4351
3909
3516
3054
2679
2194
1716
1332
859
386
-137
-689
-975
-1377
-2016
-2558
-2870
-3154
-3466
-3634
-3679
-3571
-3585
-3143
-2908
-2462
-1974
-1591
-1167
-806
-321
113
327
559
820
898
1016
1066
934
918
848
814
544
463
527
323
100
-124
-95
-240
-283
-479
-502
-547
-628
-510
-723
-570
-673
-622
-550
-389
-148
-100
89
195
348
319
503
415
480
381
226
148
-27
-108
-327
-487
-652
-816
-881
-925
-935
-1040
-1065
-1126
-1176
-1253
-1228
-1329
-1345
-1466
-1557
-1565
-1558
-1604
-1681
-1598
-1675
-1640
-1672
-1594
-1673
-1678
-1679
-1751
-1458
-1252
-765
-486
8
605
1206
2049
2781
3614
4244
4840
5149
5678
6115
5987
5823
5479
5582
5235
4764
4390
3888
3418
2898
2343
1802
1382
650
128
-590
-854
-1229
-1916
-2290
-2798
-2909
-3226
-3242
-3377
-3355
-3216
-2910
-2727
-2388
-1737
-1411
-1010
-768
-217
301
494
676
777
926
1018
1017
907
846
709
541
424
250
303
79
-119
-313
-375
-591
-804
-976
-1232
-1290
-1431
-1625
-1758
-1701
-1773
-1698
-1662
-1527
-1364
-1225
-969
-838
-650
-478
-400
-325
-270
-314
-405
-575
-724
-843
-1017
-1092
-1244
-1362
-1356
-1489
-1519
-1527
-1443
-1496
-1464
-1535
-1426
-1374
-1435
-1573
-1757
-1858
-1968
-2110
-2211
-2282
-2389
-2424
-2378
-2450
-2456
-2433
-2460
-2416
-1943
-1582
-1084
-690
-79
636
1253
2231
2955
3704
4278
4901
5192
5801
6181
6124
5889
5719
5833
5485
5116
4674
4298
3846
3334
2773
2321
1803
1155
605
-161
-269
-849
-1587
-2000
-2342
-2724
-3165
-3262
-3266
-3264
-3133
-2703
-2385
-1825
-1293
-777
-163
159
720
1079
1340
1497
1559
1571
1651
1679
1614
1597
1515
1587
1395
1369
1345
1168
991
803
784
549
356
81
-128
-344
-563
-686
-984
-1066
-1300
-1318
-1284
-1149
-1049
-978
-813
-526
-294
-256
11
-88
-24
-115
-202
-223
-497
-650
-971
-1118
-1238
-1434
-1615
-1743
-1798
-1881
-1827
-1925
-1876
-1895
-1875
-1941
-1970
-1893
-2072
-2240
-2372
-2552
-2623
-2890
-3007
-3232
-3393
-3324
-3508
-3412
-3565
-3174
-2786
-2433
-1718
-1354
-437
84
1114
1929
2771
3557
4119
4581
4965
5619
5532
5494
5118
5142
5015
4552
4176
3730
3373
2993
2617
2008
1731
1238
730
69
-465
-603
-1415
-1892
-2423
-2888
-3120
-3433
-3588
-3555
-3596
-3285
-2997
-2689
-1939
-1509
-922
-501
62
720
1006
1359
1553
1710
1917
2111
1944
1940
1870
1616
1610
1288
1399
1244
1021
912
795
772
640
505
266
196
-75
-181
-395
-457
-543
-783
-773
-777
-611
-612
-375
-345
-55
103
200
260
379
476
352
383
160
133
-130
-300
-536
-636
-947
-1055
-1108
-1272
-1321
-1277
-1353
-1473
-1433
-1420
-1422
-1580
-1628
-1805
-1855
-2040
-2314
-2463
-2650
-2815
-3050
-3231
-3226
-3166
-3348
-3248
-2733
-2489
-1821
-1447
-729
158
888
1885
2603
3566
4215
4827
5085
5680
5940
5814
5511
5320
5221
4770
4333
3963
3528
3205
2885
2280
1971
1580
1207
607
-5
-228
-823
-1500
-1906
-2325
-2811
-3197
-3471
-3596
-3721
-3649
-3324
-3250
-2767
-2254
-1826
-1237
-780
-166
270
552
875
1002
1164
1253
1309
1075
1156
1049
927
794
699
747
585
496
311
184
63
-132
-322
-453
-625
-832
-1004
-1130
-1178
-1338
-1434
-1376
-1384
-1228
-1058
-949
-755
-586
-292
-259
-173
-81
-39
-118
-132
-215
-394
-539
-676
-753
-874
-932
-1087
-1095
-1115
-1133
-1140
-1293
-1364
-1429
-1449
-1584
-1664
-1705
-1996
-1967
-2190
-2368
-2506
-2703
-2812
-2923
-3135
-3113
-3191
-3117
-2757
-2528
-1866
-1580
-700
-114
800
1865
2688
3673
4374
5096
5454
6312
6380
6497
6197
6098
6155
5444
5181
4637
4066
3586
3120
2589
2274
1678
1353
770
254
272
-518
-958
-1410
-1819
-2197
-2563
-2818
-2990
-3222
-3150
-2800
-2774
-2196
-1854
-1303
-878
-317
366
764
1064
1450
1645
1659
1961
1926
1868
1712
1624
1595
1370
1337
1205
1063
940
834
667
461
375
85
-59
-348
-533
-716
-990
-1078
-1347
-1337
-1438
-1417
-1416
-1407
-1221
-1262
-997
-906
-834
-717
-690
-589
-562
-589
-621
-797
-992
-1067
-1088
-1298
-1414
-1615
-1482
-1615
-1521
-1554
-1747
-1601
-1810
-1787
-1943
-2014
-2240
-2444
-2584
-2794
-2975
-3178
-3324
-3580
-3609
-3818
-3796
-3892
-3623
-3310
-2927
-2407
-1919
-1107
-424
662
1461
2477
3253
3972
4676
5193
5698
5729
5725
5544
5618
5272
4811
4424
3894
3418
2930
2456
2008
1633
1080
700
144
39
-244
-938
-1240
-1609
-1850
-2248
-2640
-2808
-2979
-3237
-3005
-2860
-2688
-2175
-1843
-1207
-799
-95
526
918
1388
1805
2036
2230
2511
2324
2356
2227
2124
1968
1769
1762
1582
1377
1321
1337
1137
1015
772
662
494
188
22
-220
-314
-509
-725
-717
-783
-796
-745
-660
-639
-521
-398
-251
-252
-216
-207
-253
-269
-302
-333
-466
-564
-655
-765
-779
-912
-1044
-1064
-1021
-963
-967
-976
-920
-989
-1064
-1187
-1375
-1593
-1853
-2124
-2355
-2610
-2893
-3071
-3418
-3640
-3738
-3906
-3850
-3410
-3263
-2701
-2275
-1584
-812
-85
1048
1696
2848
3509
4217
4655
5478
5637
5609
5513
5300
5565
4750
4561
4057
3524
3071
2462
1977
1525
996
440
-40
-621
-621
-1237
-1772
-2022
-2464
-2599
-2955
-3168
-3306
-3494
-3464
-3234
-3127
-2705
-2191
-1845
-1311
-867
-242
301
557
1059
1325
1551
1789
1796
1868
1878
1802
1761
1565
1548
1477
1376
1127
1080
947
703
570
285
211
-123
-376
-570
-701
-879
-1092
-1241
-1213
-1214
-1175
-1125
-1113
-937
-808
-770
-649
-603
-508
-570
-600
-529
-555
-689
-733
-774
-838
-778
-832
-819
-888
-841
-753
-661
-643
-632
-699
-736
-853
-995
-1163
-1395
-1566
-1871
-2102
-2322
-2523
-2771
-3011
-3205
-3329
-3476
-3260
-2966
-2766
-2128
-1843
-935
-249
730
1686
2443
3458
4084
4823
5263
5985
6065
6158
5916
6050
6016
5361
5095
4434
4084
3557
2937
2469
2015
1358
909
304
-170
-275
-1098
-1461
-1842
-2102
-2320
-2784
-2882
-2961
-3188
-3006
-2839
-2680
-2118
-1881
-1358
-894
-403
271
625
1014
1308
1634
1783
2090
2094
2173
2238
2106
2210
1976
2085
1867
1732
1471
1441
1203
1012
707
359
299
-209
-373
-752
-954
-1149
-1377
-1606
-1607
-1654
-1726
-1649
-1786
-1518
-1611
-1550
-1455
-1494
-1454
-1577
-1690
-1734
-1777
-2001
-1973
-2113
-2029
-2036
-1955
-1784
-1729
-1568
-1440
-1347
-1193
-1137
-1220
-1200
-1344
-1484
-1853
-2096
-2327
-2705
-2957
-3216
-3489
-3713
-3830
-3963
-4047
-3748
-3519
-2992
-2605
-2052
-1185
-574
583
1506
2416
3194
3960
4399
5122
5674
5721
5830
5561
5922
5606
5075
4867
4155
3739
3290
2636
2180
1763
1141
790
1
-106
-342
-1069
-1387
-1763
-2013
-2326
-2570
-2638
-2734
-3023
-2763
-2618
-2305
-1861
-1545
-1035
-599
87
692
1164
1540
1873
2277
2442
2653
2744
2849
2832
2785
2793
2691
2850
2671
2562
2470
2442
2336
2131
1802
1592
1298
970
559
226
109
-326
-540
-756
-851
-906
-928
-1050
-965
-867
-822
-846
-817
-837
-823
-827
-1119
-1103
-1279
-1552
-1562
-1830
-1864
-1781
-1882
-1809
-1741
-1576
-1369
-1347
-1218
-1056
-1026
-1158
-1229
-1355
-1648
-1880
-2263
-2507
-2931
-3175
-3546
-3732
-3909
-4161
-4306
-4164
-3813
-3500
-2940
-2704
-1720
-1133
-155
990
1788
2717
3394
4050
4555
5251
5303
5340
5067
5266
5217
4693
4457
3965
3516
2978
2454
1814
1495
780
304
-368
-930
-871
-1656
-2093
-2561
-2834
-2903
-3412
-3478
-3473
-3730
-3559
-3360
-3230
-2604
-2370
-1943
-1390
-923
-197
198
436
1015
1165
1381
1762
1731
1942
1935
2058
2091
1995
2239
2261
2165
2181
2171
2035
2063
1771
1584
1345
1085
837
402
184
-171
-316
-571
-655
-655
-746
-662
-586
-493
-403
-284
-367
-254
-321
-397
-598
-784
-813
-1078
-1180
-1430
-1519
-1590
-1520
-1396
-1347
-1203
-936
-832
-815
-513
-429
-425
-499
-693
-826
-1081
-1358
-1640
-2124
-2446
-2699
-3081
-3204
-3442
-3544
-3641
-3301
-2971
-2472
-2131
-1442
-661
-88
1168
1909
2964
3542
4284
4748
5410
5865
5915
5860
5612
5899
5360
5106
4694
4234
3744
3119
2570
2174
1670
1047
587
-336
-386
-853
-1528
-1844
-2423
-2617
-3047
-3282
-3340
-3396
-3728
-3276
-3277
-2991
-2389
-2107
-1527
-1319
-598
-78
218
573
873
1054
1252
1445
1451
1593
1513
1738
1570
1584
1726
1648
1605
1510
1566
1371
1428
1056
953
633
339
60
-374
-524
-817
-1112
-1282
-1368
-1403
-1311
-1357
-1248
-1196
-1057
-1017
-944
-885
-960
-1106
-1229
-1308
-1528
-1632
-1848
-1922
-1967
-2101
-1903
-1922
-1788
-1578
-1390
-1293
-1093
-1001
-870
-817
-1034
-1028
-1393
-1553
-1869
-2223
-2626
-2923
-3107
-3450
-3608
-3879
-3709
-3473
-3225
-2704
-2366
-1475
-881
79
1006
2033
3027
3684
4378
4739
5752
5756
5976
5680
5763
5925
5236
5014
4604
4089
3560
3030
2313
2036
1453
929
399
-194
-167
-745
-1267
-1559
-1856
-2123
-2466
-2720
-2708
-3036
-3057
-2739
-2854
-2311
-1936
-1514
-1024
-651
240
736
1088
1511
1907
2131
2415
2494
2574
2673
2504
2491
2259
2381
2318
2190
2017
2061
1953
1843
1754
1559
1568
1135
979
655
389
64
-243
-524
-834
-946
-1124
-1102
-1180
-1174
-1091
-1000
-990
-900
-841
-850
-976
-1105
-1078
-1357
-1379
-1641
-1832
-1922
-1985
-2118
-2174
-2065
-1927
-1701
-1713
-1424
-1224
-1082
-1045
-1076
-1113
-1308
-1642
-1815
-2203
-2647
-2999
-3310
-3572
-3874
-4083
-4295
-3989
-3800
-3374
-2879
-2437
-1524
-987
136
1055
1997
2866
3570
4147
4704
5403
5430
5481
5182
5380
5205
4623
4342
3895
3441
2893
2249
1698
1349
690
262
-530
-974
-1018
-1820
-2194
-2554
-2852
-3063
-3468
-3603
-3561
-3799
-3568
-3337
-3257
-2694
-2339
-1897
-1420
-880
-148
340
702
1242
1475
1734
2065
2018
2207
2209
2170
2243
2040
2146
2273
2081
2102
2022
1947
2045
1817
1769
1552
1258
1074
737
487
236
-67
-249
-381
-531
-535
-594
-591
-478
-431
-296
-177
-206
-187
-227
-407
-425
-628
-871
-1022
-1166
-1225
-1411
-1468
-1437
-1314
-1310
-1101
-1018
-870
-609
-616
-397
-519
-533
-742
-1002
-1181
-1548
-1827
-2293
-2599
-2885
-3097
-3416
-3563
-3505
-3275
-2895
-2575
-2059
-1282
-664
224
1222
2133
3000
3727
4265
4786
5521
5716
5729
5453
5563
5528
4944
4630
4102
3697
3151
2484
1873
1508
919
379
-217
-883
-857
-1519
-2076
-2336
-2739
-2963
-3286
-3562
-3525
-3859
-3793
-3624
-3584
-3131
-2740
-2282
-1831
-1393
-672
-115
204
642
1059
1256
1577
1663
1734
1891
1794
1881
1768
1682
1794
1650
1481
1519
1381
1288
1170
1008
935
625
425
255
-66
-303
-562
-807
-991
-1139
-1161
-1178
-1188
-1159
-1044
-935
-858
-754
-738
-738
-707
-867
-878
-1041
-1153
-1320
-1458
-1514
-1759
-1719
-1792
-1736
-1653
-1423
-1380
-1170
-1015
-979
-844
-934
-1070
-1265
-1479
-1708
-1938
-2425
-2578
-2919
-3163
-3407
-3625
-3716
-3408
-3289
-2844
-2278
-1813
-863
-325
885
1916
2797
3604
4396
4934
5618
6150
6157
6287
6011
6246
5928
5333
5040
4435
3988
3347
2772
2230
1891
1244
794
202
-134
-262
-1050
-1427
-1826
-2131
-2464
-2797
-2969
-3118
-3379
-3269
-3090
-3015
-2430
-2111
-1731
-1150
-654
114
432
830
1366
1602
1780
2155
2178
2260
2337
2156
2323
2005
2082
2114
1876
1852
1794
1559
1511
1300
1147
1075
648
538
230
-23
-247
-557
-787
-861
-1107
-1059
-1110
-1141
-1002
-1078
-907
-842
-785
-742
-771
-946
-882
-1058
-1246
-1336
-1593
-1685
-1891
-1909
-1968
-1961
-1850
-1741
-1665
-1512
-1357
-1292
-1167
-1233
-1312
-1486
-1656
-1813
-2170
-2544
-2811
-3127
-3376
-3577
-3789
-4011
-4198
-3784
-3544
-3122
-2664
-2122
-1229
-583
671
1506
2466
3194
3986
4525
5118
5745
5603
5636
5243
5555
5052
4543
4194
3603
3076
2526
2027
1571
1205
456
220
-601
-725
-998
-1651
-1993
-2462
-2689
-3001
-3284
-3374
-3452
-3752
-3412
-3212
-2945
-2414
-2121
-1547
-1093
-514
175
658
999
1452
1736
2121
2342
2437
2614
2503
2509
2527
2358
2422
2396
2147
2068
1980
1841
1776
1490
1255
1182
913
727
500
287
36
-246
-305
-473
-569
-521
-519
-515
-317
-329
-159
-66
-47
27
20
-66
14
-251
-424
-520
-837
-844
-1168
-1137
-1183
-1326
-1201
-1119
-1078
-1006
-989
-974
-873
-982
-1174
-1286
-1510
-1657
-1971
-2253
-2450
-2746
-2986
-3228
-3282
-3474
-3628
-3726
-3380
-3067
-2614
-2181
-1645
-729
25
1125
1910
2923
3708
4373
4836
5419
5938
5777
5670
5299
5440
5064
4534
4125
3638
3066
2612
2065
1539
1008
266
23
-784
-1042
-1352
-2054
-2424
-2914
-3168
-3509
-3816
-4015
-4034
-4304
-3970
-3651
-3488
-2838
-2443
-1815
-1423
-787
-91
367
630
1103
1393
1567
1882
1825
1945
1908
1867
1925
1713
1757
1736
1522
1306
1236
1104
848
572
332
128
-144
-454
-560
-801
-1005
-1147
-1285
-1270
-1244
-1103
-1020
-1010
-717
-468
-338
-277
-147
-209
-200
-260
-366
-419
-700
-710
-812
-979
-977
-1003
-1050
-945
-936
-726
-687
-782
-670
-751
-812
-914
-1081
-1198
-1419
-1602
-1762
-1958
-2196
-2292
-2576
-2678
-2843
-2889
-2909
-3044
-2736
-2421
-2027
-1557
-931
-183
512
1571
2497
3368
4164
4866
5364
5748
6327
6250
6155
5752
5795
5651
4935
4549
4097
3565
2976
2435
1837
1520
751
326
-284
-814
-942
-1559
-2189
-2578
-2755
-3186
-3509
-3644
-3588
-3653
-3501
-3119
-2922
-2384
-1856
-1380
-838
-478
186
827
1031
1405
1749
1953
2264
2240
2251
2292
2223
2232
2006
1892
1928
1774
1326
1155
940
800
439
134
-52
-391
-596
-782
-1035
-1232
-1315
-1488
-1489
-1518
-1339
-1184
-1112
-940
-735
-611
-503
-448
-386
-507
-565
-646
-812
-933
-1121
-1087
-1194
-1392
-1310
-1230
-1318
-1250
-1226
-1293
-1337
-1457
-1401
-1680
-1719
-1900
-2214
-2311
-2420
-2626
-2795
-2966
-3078
-3146
-3299
-3287
-3200
-3270
-3287
-3444
-3000
-2630
-2154
-1606
-1292
-331
216
1247
2193
2993
3767
4432
4873
5400
6031
5970
5916
5478
5500
5417
4776
4473
3937
3391
2804
2162
1652
1266
423
51
-591
-1147
-1095
-1786
-2254
-2628
-2911
-3089
-3223
-3389
-3126
-3183
-3041
-2440
-2251
-1565
-1090
-653
-198
113
935
1403
1503
1905
2202
2362
2619
2624
2771
2824
2650
2722
2605
2464
2496
2046
1673
1661
1341
1031
669
331
188
-263
-572
-603
-875
-1058
-1091
-1173
-992
-962
-734
-462
-389
-155
-13
199
201
169
234
195
49
-58
-81
-222
-222
-309
-433
-392
-441
-414
-484
-719
-652
-772
-1022
-1078
-1297
-1468
-1730
-1924
-2070
-2340
-2499
-2531
-2753
-2920
-2888
-2935
-2956
-3063
-3082
-3042
-3027
-2985
-3026
-2683
-2410
-1974
-1539
-1173
-415
310
1182
1833
2724
3446
4100
4460
4944
5388
5356
5287
4943
5099
4751
4343
3864
3260
2743
2258
1619
977
494
-239
-592
-1394
-1801
-2051
-2639
-3100
-3439
-3586
-3672
-3758
-3758
-3437
-3487
-3221
-2697
-2478
-1913
-1590
-1064
-818
-480
210
605
790
1097
1415
1704
2056
2006
2326
2340
2338
2379
2170
2081
2004
1592
1195
930
714
452
-25
-257
-397
-648
-719
-936
-879
-940
-983
-880
-760
-590
-385
-296
-332
-112
13
180
55
119
146
113
73
209
116
124
189
139
249
207
326
208
87
10
-74
-379
-540
-697
-937
-1211
-1322
-1538
-1717
-1883
-1946
-2015
-2140
-2029
-2013
-2020
-2069
-1952
-1963
-1855
-1889
-1999
-2128
-1849
-1605
-1365
-923
-687
144
511
1339
2313
3090
3781
4349
4882
5245
5805
5740
5739
5168
5160
5070
4429
4055
3435
3047
2339
1777
1167
704
-33
-505
-1179
-1693
-1709
-2306
-2745
-3073
-3172
-3235
-3391
-3441
-3143
-3158
-3091
-2619
-2303
-1891
-1584
-1214
-851
-459
2
553
760
1018
1370
1601
1827
1931
1994
2035
1908
1892
1632
1486
1188
892
446
121
-133
-445
-784
-1101
-1069
-1376
-1488
-1673
-1696
-1729
-1805
-1684
-1637
-1514
-1413
-1198
-1217
-1057
-835
-738
-478
-463
-207
-168
26
168
201
200
235
142
60
154
35
44
-194
-371
-453
-701
-936
-1119
-1347
-1544
-1841
-1900
-1933
-2080
-2099
-2157
-2118
-2064
-1983
-1900
-1845
-1874
-1911
-1848
-1854
-1771
-1878
-1852
-2003
-1676
-1234
-908
-496
-217
590
1093
1983
2760
3416
4125
4612
5034
5365
5789
5779
5614
5295
5281
5222
4781
4280
3891
3323
2857
2378
1693
1292
564
-2
-533
-1032
-1260
-1764
-2313
-2616
-2734
-2701
-2675
-2822
-2641
-2534
-2365
-1840
-1710
-1314
-861
-591
-220
180
663
1119
1229
1317
1758
1840
2134
1972
1939
2057
1832
1815
1406
1186
1036
668
251
97
-64
-389
-708
-893
-967
-1172
-1348
-1484
-1740
-1741
-1728
-1709
-1613
-1535
-1402
-1100
-926
-691
-291
-127
24
202
263
449
480
403
482
195
176
116
-109
-242
-391
-613
-623
-769
-971
-1003
-1471
-1554
-1777
-1801
-1900
-2052
-2138
-2223
-2180
-2185
-2161
-2351
-2176
-2320
-2304
-2264
-2228
-2130
-2159
-2183
-2242
-2072
-2072
-1690
-1553
-1074
-806
-182
443
927
1751
2283
3014
3352
4002
4262
4760
4924
4826
4760
4677
4881
4426
4054
3687
3422
2871
2390
1770
1317
641
-18
-459
-1177
-1455
-1916
-2465
-2889
-2902
-2955
-2894
-2880
-2665
-2356
-2325
-1783
-1389
-999
-643
-337
51
358
577
1001
1224
1167
1415
1421
1471
1545
1463
1473
1437
1391
1267
1133
1078
997
661
555
328
66
-172
-643
-735
-1006
-1434
-1588
-1623
-1812
-1718
-1609
-1442
-1083
-864
-355
67
411
804
1195
1382
1507
1591
1747
1631
1525
1446
1248
1005
854
662
468
137
-14
-173
-348
-513
-650
-866
-1039
-1156
-1378
-1511
-1667
-1819
-1917
-2066
-2159
-2173
-2225
-2224
-2190
-2143
-2136
-1818
-1730
-1573
-1593
-1383
-1281
-1293
-1331
-1419
-1324
-1126
-881
-649
-397
-42
476
895
1532
2161
2851
3287
3914
4012
4698
5104
4984
4913
4828
4948
4540
4047
3654
3172
2445
1716
1129
484
-8
-754
-1307
-1897
-2163
-2371
-2860
-2907
-2984
-2879
-2787
-2503
-2342
-2029
-1948
-1791
-1463
-1487
-1300
-1131
-1083
-1020
-842
-495
-210
-203
51
522
821
976
1180
1325
1400
1311
1252
1060
781
522
-33
-464
-752
-1099
-1479
-1886
-2022
-2146
-2213
-2042
-1830
-1727
-1489
-1170
-855
-455
-250
23
311
359
548
654
757
697
612
573
562
512
560
595
452
619
506
405
436
384
313
64
-124
-201
-479
-616
-856
-1007
-1191
-1287
-1295
-1358
-1446
-1330
-1184
-1163
-1029
-829
-705
-675
-631
-579
-427
-492
-528
-677
-745
-708
-824
-921
-1144
-939
-835
-614
-275
-24
502
950
1585
2182
2867
3470
4130
4339
4677
5214
5257
5205
4896
4944
4944
4487
3951
3521
3144
2502
1986
1395
848
356
-79
-525
-931
-971
-1193
-1508
-1697
-1831
-1799
-1863
-2037
-2054
-2201
-2304
-2089
-2196
-2009
-1934
-1725
-1469
-1351
-936
-547
-424
-164
78
187
475
504
535
513
463
227
13
-173
-387
-630
-999
-1198
-1375
-1408
-1540
-1488
-1432
-1316
-1169
-989
-689
-691
-609
-457
-283
-355
-297
-121
-249
-188
-284
-90
-79
-114
26
-50
33
12
106
-175
-89
-206
-399
-473
-774
-725
-1037
-1255
-1299
-1332
-1489
-1540
-1467
-1411
-1388
-1382
-1252
-1266
-1149
-1020
-959
-1007
-826
-800
-736
-817
-750
-714
-788
-757
-756
-706
-770
-677
-689
-770
-726
-736
-832
-719
-638
-442
-147
-17
261
690
1163
1623
2318
2761
3363
3727
4232
4773
4986
5163
5031
5296
5292
4989
4717
4311
3807
3292
2677
2056
1494
660
158
-394
-929
-1042
-1631
-1901
-2119
-2238
-2261
-2292
-2284
-2233
-2173
-2146
-1910
-1847
-1622
-1481
-1339
-1197
-958
-655
-211
-193
115
395
732
1033
997
1161
1248
1201
1218
1031
863
691
439
205
18
-99
-314
-409
-589
-520
-478
-412
-267
-338
-192
-128
107
86
105
179
255
141
178
193
149
81
-151
-113
-183
-255
-247
-335
-518
-470
-643
-644
-732
-914
-915
-1068
-1093
-1167
-1162
-1244
-1242
-1272
-1333
-1289
-1269
-1165
-1323
-1266
-1253
-1140
-1124
-1163
-1061
-1103
-996
-998
-840
-858
-886
-884
-971
-1017
-1152
-1234
-1583
-1684
-1887
-1991
-2152
-2121
-1958
-1725
-1426
-1145
-530
-40
686
1457
2148
2804
3500
3954
4340
4752
4869
4871
4655
4732
4596
4219
3679
3318
2820
2295
1763
1094
692
-17
-434
-914
-1324
-1483
-1803
-2171
-2285
-2298
-2328
-2411
-2441
-2327
-2317
-2243
-2043
-1838
-1661
-1357
-1089
-739
-437
11
445
708
1010
1240
1333
1530
1491
1501
1414
1122
1019
766
593
299
184
-109
-297
-228
-295
-378
-332
-96
-48
127
224
377
528
607
611
578
572
512
428
243
194
139
-66
-81
-65
-88
-72
41
97
177
287
310
363
323
294
256
120
12
-75
-148
-207
-249
-324
-210
-130
-76
5
76
40
149
219
129
167
147
72
-119
-283
-378
-544
-804
-1114
-1304
-1354
-1615
-1682
-1815
-1852
-1796
-1796
-1739
-1602
-1519
-1426
-1368
-1446
-1273
-1130
-920
-850
-692
-292
55
601
1119
1621
2134
2623
3003
3536
4017
4096
4098
4023
4117
4028
3474
3102
2463
1884
1381
624
136
-381
-874
-1251
-1479
-1695
-1595
-1738
-1872
-1846
-1756
-1702
-1733
-1725
-1737
-1782
-1876
-1787
-1811
-1811
-1672
-1629
-1519
-1545
-1227
-928
-1010
-859
-719
-570
-484
-504
-468
-392
-442
-398
-408
-464
-333
-336
-303
-237
-140
104
240
317
494
647
778
891
885
915
801
649
541
390
320
182
-70
-114
-197
-208
-180
-250
-115
-121
-14
46
187
330
369
364
475
579
476
586
575
659
745
870
978
1075
1092
1296
1280
1238
1235
1129
1088
853
708
515
319
109
-184
-445
-533
-771
-838
-1071
-1026
-1057
-1194
-1156
-1156
-1087
-1163
-1201
-1297
-1325
-1446
-1596
-1745
-1975
-1885
-1886
-1766
-1621
-1436
-1081
-613
80
774
1435
2083
2759
3278
3931
4323
4514
4493
4469
4568
4452
4148
3649
3385
2940
2545
2134
1779
1542
1094
775
505
240
95
-259
-746
-993
-1409
-1727
-2062
-2509
-2730
-3130
-3390
-3543
-3658
-3680
-3552
-3402
-3197
-2989
-2648
-2195
-1913
-1670
-1363
-1097
-808
-698
-655
-341
-312
-123
-77
34
195
321
400
508
737
859
955
1150
1134
1207
1158
1079
939
710
503
221
-56
-339
-596
-850
-989
-1119
-1206
-1212
-1257
-1162
-1032
-815
-660
-608
-339
-191
-143
87
240
312
420
557
690
758
860
982
941
924
1011
1028
946
971
910
820
766
591
468
231
98
-99
-405
-694
-833
-971
-1226
-1474
-1531
-1629
-1694
-1755
-1718
-1709
-1770
-1775
-1792
-1767
-1875
-1887
-1907
-1976
-1903
-1912
-1818
-1742
-1702
-1290
-993
-500
-113
370
966
1599
2271
3037
3715
4252
4826
5143
5650
6010
6021
6067
5867
5816
5618
5150
4840
4353
3767
3171
2545
1858
1283
489
-335
-1014
-1619
-2165
-2783
-3269
-3634
-3904
-4160
-4191
-4202
-4265
-4149
-4005
-3740
-3447
-3150
-2838
-2549
-2198
-1740
-1342
-918
-716
-400
46
299
616
795
1063
1259
1405
1538
1545
1812
1804
1743
1671
1765
1638
1318
1145
812
679
331
85
-226
-502
-722
-908
-1042
-1212
-1142
-1219
-1264
-1256
-1094
-1040
-980
-966
-894
-853
-756
-654
-534
-414
-344
-169
-98
9
129
325
411
436
639
765
825
889
845
856
803
679
433
237
38
-221
-501
-733
-939
-1068
-1356
-1643
-1770
-1978
-1987
-2236
-2336
-2399
-2456
-2414
-2466
-2568
-2592
-2599
-2653
-2570
-2509
-2461
-2225
-2231
-2047
-1773
-1400
-967
-728
-190
354
1074
1761
2529
3285
3902
4446
4978
5540
5820
6090
5950
5806
5882
5620
5228
4688
4167
3617
2925
2266
1677
936
200
-409
-1024
-1567
-1981
-2501
-2929
-3212
-3431
-3559
-3714
-3699
-3742
-3567
-3477
-3114
-2869
-2574
-2240
-1898
-1391
-1031
-548
-316
99
361
749
1053
1222
1507
1625
1837
1901
2114
2120
2059
2097
1953
1983
1994
2009
1870
1655
1620
1432
1215
1037
723
377
91
-175
-344
-574
-751
-996
-1166
-1240
-1259
-1196
-1241
-1232
-1177
-1031
-958
-821
-631
-559
-529
-400
-256
-198
-28
-14
133
105
255
244
313
326
275
314
307
347
173
195
30
-82
-287
-457
-559
-809
-956
-1222
-1319
-1443
-1616
-1715
-1859
-2042
-2081
-2148
-2225
-2270
-2348
-2354
-2416
-2383
-2403
-2370
-2242
-2197
-2082
-1955
-1816
-1594
-1468
-1289
-1070
-618
-322
127
568
1038
1642
2237
2878
3466
3960
4326
4679
4890
5072
5010
4863
4596
4252
4037
3599
3314
2690
2146
1656
1181
750
118
-397
-842
-1380
-1812
-2164
-2483
-2746
-3010
-3180
-3351
-3286
-3279
-3252
-3190
-3033
-2857
-2503
-2262
-2066
-1776
-1540
-1205
-905
-594
-350
-91
182
586
913
1126
1383
1550
1741
1865
2092
2161
2126
2203
2145
2134
1975
1860
1608
1368
1145
908
628
466
221
42
-160
-299
-280
-242
-333
-366
-338
-317
-237
-180
-134
-140
-1
-82
6
206
147
166
250
247
322
443
535
445
490
546
561
583
556
539
593
545
483
435
322
280
143
-55
-152
-276
-441
-658
-885
-1124
-1357
-1551
-1815
-2038
-2240
-2477
-2621
-2756
-2794
-2770
-2767
-2602
-2431
-2309
-1990
-1722
-1510
-1198
-936
-705
-499
-225
-99
86
323
534
857
1154
1480
1821
2231
2665
3048
3423
3829
4081
4368
4378
4536
4547
4328
4160
3851
3599
3104
2565
2043
1476
861
255
-345
-918
-1567
-2081
-2615
-2945
-3220
-3523
-3732
-3929
-3925
-3846
-3783
-3734
-3569
-3464
-3212
-2877
-2692
-2342
-2068
-1728
-1473
-1150
-836
-552
-277
15
344
620
976
1180
1381
1557
1737
1856
1866
1881
1812
1779
1616
1423
1207
973
777
547
372
126
100
-79
-319
-314
-446
-409
-459
-438
-438
-403
-352
-311
-201
-331
-141
-126
-222
-172
-35
-54
-9
10
80
247
299
333
459
589
631
778
849
826
894
852
812
799
728
698
493
440
285
148
-10
-252
-406
-636
-835
-1057
-1200
-1366
-1460
-1520
-1612
-1491
-1472
-1385
-1257
-1170
-938
-761
-623
-444
-197
-41
113
278
420
490
634
604
754
819
839
917
917
986
1060
1248
1420
1523
1698
1861
2052
2304
2421
2713
2784
2949
2895
3010
3033
2902
2730
2394
2304
1982
1664
1236
776
400
-76
-576
-1113
-1463
-1867
-2190
-2631
-2868
-2962
-3287
-3278
-3374
-3393
-3324
-3289
-3220
-3009
-2849
-2718
-2393
-2271
-1946
-1668
-1449
-1175
-941
-624
-396
-105
124
357
655
897
1049
1158
1349
1419
1458
1346
1319
1220
1023
770
524
249
38
-328
-555
-737
-942
-1084
-1193
-1239
-1298
-1207
-1238
-1116
-1134
-1011
-901
-855
-739
-686
-552
-407
-224
-108
82
241
316
420
596
657
800
867
900
965
988
1060
1049
1002
1021
999
828
821
695
560
394
296
139
18
-147
-216
-376
-471
-552
-653
-699
-747
-773
-797
-695
-633
-466
-407
-216
-52
53
258
386
502
660
735
783
847
861
841
896
855
800
786
670
651
616
693
571
646
648
625
829
870
944
1127
1316
1514
1713
1925
2097
2265
2204
2385
2326
2221
2191
1980
1927
1677
1544
1293
995
552
275
-81
-459
-824
-1301
-1492
-1836
-2060
-2217
-2352
-2403
-2544
-2462
-2409
-2294
-2114
-1874
-1727
-1539
-1323
-1138
-1037
-762
-594
-514
-427
-292
-140
-90
26
97
224
148
325
317
305
257
220
187
4
-12
-223
-341
-475
-677
-945
-1143
-1235
-1426
-1466
-1555
-1609
-1562
-1411
-1321
-1221
-1063
-936
-745
-645
-578
-484
-401
-310
-287
-133
-99
-15
151
175
347
380
548
499
629
717
722
766
725
754
674
803
659
712
586
610
553
366
408
357
335
260
220
235
160
208
73
40
53
-16
-4
-97
-59
-116
-71
-68
-3
-177
-99
-120
-153
-225
-252
-251
-249
-200
-238
-147
-151
-75
-61
90
131
286
382
364
543
626
803
853
873
931
902
1006
914
957
929
954
945
979
1115
1247
1327
1389
1574
1598
1726
1701
1833
1750
1622
1571
1459
1278
1101
839
652
443
121
-82
-286
-594
-852
-978
-1115
-1237
-1281
-1422
-1482
-1462
-1490
-1407
-1446
-1383
-1353
-1317
-1239
-1110
-1110
-1006
-884
-868
-762
-691
-614
-624
-537
-486
-382
-395
-346
-326
-331
-181
-288
-199
-259
-169
-186
-232
-239
-359
-303
-365
-339
-387
-305
-466
-329
-338
-282
-236
-157
11
44
154
300
445
451
567
646
701
715
779
808
804
757
813
735
727
750
670
743
619
638
641
542
477
385
254
143
126
-76
-265
-329
-434
-619
-665
-777
-933
-873
-973
-1005
-971
-1078
-1065
-1093
-1105
-1130
-1123
-1086
-1087
-1019
-993
-876
-886
-896
-762
-718
-660
-607
-516
-476
-309
-263
-288
-169
-179
-93
-53
-63
21
43
177
368
447
716
942
1090
1446
1694
1994
2275
2476
2642
2802
2856
2875
2795
2597
2563
2333
2060
1742
1430
1167
762
391
57
-258
-649
-939
-1202
-1433
-1620
-1818
-1961
-2068
-1986
-2037
-1954
-1806
-1703
-1478
-1392
-1143
-1044
-820
-595
-509
-294
-192
65
7
177
297
315
400
454
509
537
709
623
675
672
766
684
619
589
523
536
420
401
354
325
335
285
264
260
252
220
224
290
297
265
324
286
319
303
271
293
345
318
298
352
295
267
314
310
258
296
245
309
227
299
316
272
146
75
34
-14
-148
-275
-389
-480
-487
-625
-646
-787
-853
-902
-1022
-1024
-1111
-1171
-1156
-1106
-1105
-1006
-988
-1001
-964
-815
-870
-796
-846
-844
-805
-882
-752
-755
-755
-682
-663
-623
-594
-607
-543
-551
-504
-547
-368
-278
-194
-83
32
202
295
399
485
600
579
666
735
621
658
572
464
419
359
189
152
10
-52
-147
-205
-271
-293
-410
-368
-388
-463
-404
-495
-413
-434
-361
-354
-296
-191
-130
6
126
268
404
517
646
883
1030
1145
1255
1278
1323
1407
1342
1345
1349
1269
1186
1212
1183
1069
1104
944
929
865
762
675
649
572
479
487
346
372
241
150
97
-74
-57
-98
-192
-175
-258
-209
-178
-160
-211
-213
-98
-133
-45
-64
74
86
120
193
175
264
238
325
309
430
356
400
407
355
408
364
322
273
271
320
295
204
225
113
-9
-88
-219
-358
-415
-590
-780
-959
-1008
-1116
-1209
-1270
-1329
-1378
-1434
-1364
-1386
-1391
-1306
-1331
-1305
-1358
-1293
-1370
-1378
-1413
-1476
-1411
-1312
-1028
-750
-458
-210
2
311
627
1032
1424
1675
1793
1927
1924
1969
1880
1614
1397
1140
920
464
199
-154
-514
-990
-1376
-1632
-1816
-1986
-2158
-2066
-2070
-1845
-1765
-1538
-1247
-971
-733
-538
-310
-158
-4
75
177
161
221
243
251
226
179
228
270
233
190
232
87
76
38
103
186
261
302
337
496
491
682
638
766
782
812
996
1109
1251
1340
1458
1498
1522
1548
1511
1544
1484
1449
1406
1257
1145
948
818
631
460
369
215
111
72
78
-58
10
173
246
324
412
591
774
763
835
956
815
810
712
680
554
432
247
91
-53
-279
-425
-688
-885
-1049
-1219
-1278
-1463
-1598
-1643
-1715
-1756
-1752
-1706
-1681
-1632
-1495
-1259
-1166
-976
-857
-637
-403
-242
-31
150
247
288
538
507
569
630
703
683
658
698
662
628
631
583
635
643
578
551
522
504
339
203
81
26
-62
-82
-170
-185
-255
-318
-335
-453
-516
-569
-657
-686
-687
-740
-728
-825
-781
-787
-797
-739
-763
-749
-816
-750
-716
-653
-706
-633
-596
-542
-393
-383
-333
-325
-200
-187
-122
-121
-154
-3
-170
-159
-143
-196
-115
-242
-194
-227
-204
-227
-269
-212
-297
-346
-379
-445
-405
-327
-328
-245
-161
-61
-4
78
182
296
352
474
509
618
718
745
801
810
890
821
894
919
905
894
846
890
821
847
827
748
769
717
707
601
571
566
423
411
349
355
248
210
303
272
245
221
208
106
196
147
111
114
207
137
256
250
287
280
279
378
295
376
294
288
189
179
129
62
81
-6
8
-65
-73
-84
-124
-106
-129
-160
-111
-131
-77
-102
-141
-28
-3
-68
-37
-7
33
108
58
135
52
92
27
65
0
-83
-98
-172
-176
-272
-261
-355
-334
-388
-397
-496
-466
-505
-474
-532
-516
-483
-509
-428
-412
-424
-294
-266
-241
-231
-239
-169
-184
-178
-152
-124
-174
-153
-140
-145
-163
-122
-255
-245
-349
-318
-412
-494
-426
-523
-428
-495
-346
-391
-317
-321
-225
-132
-85
24
73
80
53
82
125
102
181
215
113
188
228
231
246
99
112
82
-3
28
-83
-81
-147
-197
-169
-218
-266
-304
-279
-427
-490
-408
-488
-417
-400
-298
-328
-297
-274
-274
-151
-189
-73
-75
54
140
207
254
225
269
276
366
339
369
376
386
381
434
436
457
510
513
563
602
707
707
737
707
660
674
553
424
423
346
253
224
223
243
185
218
184
247
236
127
149
44
135
90
97
34
12
82
107
52
56
66
-13
132
70
78
91
150
93
65
173
231
175
207
186
109
56
-43
-62
-156
-201
-261
-228
-235
-287
-191
-224
-223
-186
-102
-98
-16
45
26
102
76
48
15
-40
-38
-17
-12
75
128
182
301
358
426
507
492
512
381
369
229
252
128
67
-58
-50
-146
-219
-241
-421
-343
-509
-478
-512
-605
-607
-587
-532
-592
-527
-551
-472
-452
-542
-416
-403
-462
-456
-387
-420
-464
-479
-475
-484
-528
-524
-605
-558
-608
-557
-499
-431
-307
-344
-208
-207
-81
-2
23
97
158
346
350
486
578
542
575
612
647
661
693
681
643
538
607
507
529
396
278
231
99
28
-131
-195
-293
-468
-552
-647
-705
-793
-854
-879
-852
-770
-807
-761
-740
-696
-676
-773
-752
-745
-726
-796
-648
-650
-622
-532
-552
-519
-498
-400
-404
-344
-368
-310
-203
-72
88
299
521
754
1004
1183
1457
1661
1938
2100
2281
2422
2479
2505
2350
2366
2219
2081
2049
1829
1750
1463
1370
1265
1072
1012
898
814
768
685
749
658
563
548
552
495
370
349
205
106
-80
-157
-443
-627
-816
-1025
-1166
-1320
-1452
-1573
-1696
-1768
-1801
-1880
-1872
-1930
-1855
-1701
-1660
-1581
-1429
-1267
-1119
-926
-790
-665
-504
-449
-393
-248
-293
-221
-141
-143
-128
-72
-26
-87
31
49
-5
114
144
256
302
274
331
294
274
231
177
67
84
21
-21
32
-94
-61
-52
-82
-93
-138
-210
-234
-234
-303
-339
-328
-429
-422
-369
-540
-507
-558
-532
-609
-603
-535
-602
-532
-553
-540
-490
-516
-375
-404
-444
-345
-311
-270
-227
-163
-158
-182
-107
-51
38
58
103
143
212
279
324
428
411
580
703
796
847
951
1103
1201
1293
1185
1277
1212
1092
1051
837
806
642
540
440
432
311
359
374
340
352
328
328
266
276
136
136
30
4
32
8
-20
-79
-36
-74
-13
57
-33
34
50
73
75
97
41
119
-2
-15
14
24
-3
82
70
11
79
61
128
171
144
265
252
369
467
419
446
443
473
436
490
392
341
323
348
313
208
247
179
138
134
57
-16
-53
-179
-174
-257
-350
-413
-417
-513
-628
-678
-670
-673
-769
-683
-717
-670
-675
-612
-700
-593
-626
-529
-514
-516
-385
-420
-330
-358
-311
-329
-239
-265
-202
-131
-158
-169
-130
-187
-227
-239
-223
-251
-217
-208
-138
-117
-123
-79
-87
-16
-38
-49
-75
-100
-230
-132
-339
-340
-375
-380
-370
-467
-420
-422
-363
-393
-318
-283
-290
-204
-141
-118
-109
-58
-30
43
55
85
51
119
177
171
147
155
259
162
254
170
196
149
130
269
118
193
116
161
115
106
149
86
39
97
156
94
159
191
220
314
295
370
379
427
393
521
502
503
608
551
605
615
605
649
650
627
551
650
511
504
470
402
383
323
283
300
340
355
393
385
414
373
469
380
424
339
323
270
234
188
183
160
84
90
23
9
-88
-70
-45
-133
-151
-112
-156
-167
-132
-158
-150
-208
-247
-254
-222
-172
-249
-241
-216
-177
-134
-129
-72
-89
-69
-37
-47
-75
-45
-119
-87
-160
-133
-145
-173
-162
-235
-200
-214
-126
-194
-166
-83
-113
-48
-66
-114
-76
-53
-121
-49
-95
-118
-41
-172
-114
-188
-209
-180
-227
-303
-261
-274
-281
-278
-243
-287
-209
-234
-367
-292
-445
-368
-454
-477
-502
-531
-588
-688
-560
-678
-604
-685
-716
-767
-795
-670
-791
-722
-859
-783
-702
-741
-680
-679
-652
-602
-595
-515
-446
-366
-377
-334
-262
-237
-187
-100
-83
20
148
193
333
378
411
385
460
391
458
486
364
502
511
559
550
602
603
591
633
546
598
602
580
578
545
639
593
647
603
678
753
699
807
785
819
718
866
716
716
727
521
676
499
615
519
495
478
492
495
433
531
413
479
436
442
440
416
349
345
282
253
128
171
103
85
127
38
107
83
88
4
15
-4
-77
3
-113
-84
-79
-122
-135
-124
-103
-138
-57
-156
-135
-180
-226
-280
-366
-445
-506
-462
-563
-508
-492
-534
-548
-501
-481
-379
-403
-334
-328
-359
-267
-312
-242
-305
-258
-280
-255
-264
-294
-251
-306
-328
-405
-333
-433
-416
-495
-561
-531
-617
-451
-554
-438
-357
-345
-248
-233
-202
-218
-196
-217
-212
-150
-160
-149
-62
-82
-84
-31
-67
27
30
-10
142
116
106
24
64
59
32
93
20
65
76
-44
79
-52
-71
-68
-96
-73
-95
-95
-71
-51
-26
-94
-103
-126
-220
-238
-168
-201
-215
-174
-185
-184
-187
-138
-195
-229
-171
-99
-192
-116
-74
-176
-141
-210
-194
-181
-185
-106
-77
-34
96
144
247
332
362
473
482
584
542
666
719
739
724
778
843
754
803
813
797
718
839
807
726
786
775
748
754
748
686
696
612
545
562
433
480
462
417
427
380
446
443
428
389
367
297
302
321
279
205
95
84
-24
-4
-73
39
-83
-11
-68
-22
21
-138
-53
-159
-254
-213
-291
-426
-405
-549
-604
-589
-676
-701
-745
-693
-658
-611
-658
-568
-562
-546
-483
-445
-408
-444
-354
-364
-354
-370
-405
-364
-413
-343
-367
-336
-364
-425
-377
-478
-391
-484
-442
-437
-485
-355
-421
-459
-478
-493
-432
-435
-483
-425
-353
-394
-356
-356
-391
-346
-374
-379
-511
-469
-455
-446
-410
-452
-261
-344
-234
-276
-141
-88
-107
-70
-113
-43
-50
24
-55
-24
25
-96
-2
6
17
67
122
130
174
257
319
377
353
451
382
457
384
433
520
408
493
498
582
681
686
751
790
786
819
746
710
702
642
593
595
575
534
590
507
564
526
594
595
584
537
594
565
523
583
500
506
397
382
320
318
203
188
129
106
55
109
141
111
116
61
107
54
53
41
63
51
31
109
111
144
76
38
98
62
126
21
103
63
-24
-3
-48
-107
-99
-124
-130
-62
-137
-151
-109
-135
-82
-54
-41
-55
-61
-31
-14
27
23
-47
-53
-128
-120
-224
-302
-317
-360
-311
-344
-362
-365
-337
-367
-306
-359
-422
-494
-495
-527
-484
-458
-516
-476
-495
-478
-444
-453
-477
-498
-570
-561
-563
-475
-507
-543
-584
-552
-527
-570
-547
-655
-526
-585
-546
-539
-526
-515
-503
-437
-449
-403
-326
-293
-232
-145
-152
-71
-80
12
-1
21
18
3
-9
-47
23
13
7
32
47
97
78
89
121
94
121
178
187
170
161
180
228
258
341
286
384
327
373
472
366
421
267
289
311
316
293
258
302
269
334
347
401
419
519
408
423
484
455
501
428
469
491
577
539
552
570
503
582
554
623
562
547
562
590
611
535
432
484
495
440
548
476
452
395
377
421
272
290
214
136
141
43
0
-43
-90
-90
-78
-150
-159
-204
-223
-263
-376
-369
-427
-428
-423
-503
-404
-409
-425
-470
-459
-446
-438
-428
-406
-409
-362
-386
-402
-371
-357
-356
-367
-251
-300
-195
-240
-205
-185
-195
-178
-198
-188
-122
-88
-79
-7
40
54
69
98
92
97
-15
109
2
-29
-28
-108
-3
-107
-19
-78
-113
-72
-130
-178
-148
-160
-136
-76
-253
-139
-97
-123
-121
-145
-164
-137
-161
-181
-189
-245
-306
-336
-270
-334
-323
-338
-299
-289
-202
-191
-209
-271
-270
-188
-296
-267
-292
-294
-262
-280
-190
-178
-123
-115
-124
-39
-51
2
-28
-73
4
-28
-53
28
16
38
101
96
138
171
166
144
139
52
115
57
58
50
45
34
68
85
87
203
222
322
266
372
297
393
229
335
358
273
385
326
422
368
472
444
333
471
394
405
449
476
436
335
454
436
439
412
390
385
374
451
387
447
370
453
367
350
355
337
345
306
308
230
306
269
280
190
177
154
175
96
134
51
-1
-2
-66
-29
-62
-68
-51
-59
-46
-10
8
-15
20
-28
27
45
5
39
-56
-119
-135
-140
-146
-141
-141
-91
-99
-155
-84
-157
-168
-226
-245
-252
-207
-283
-377
-205
-336
-259
-334
-291
-359
-351
-394
-476
-348
-476
-375
-466
-419
-372
-457
-346
-406
-420
-433
-548
-521
-605
-499
-531
-511
-413
-405
-300
-294
-163
-192
-139
-217
-244
-167
-251
-190
-238
-241
-270
-189
-217
-226
-186
-335
-248
-290
-283
-267
-276
-197
-239
-210
-231
-215
-189
-137
-284
-261
-325
-290
-241
-301
-230
-280
-200
-207
-184
-166
-171
-177
-156
-89
-159
-72
-52
-59
107
153
207
240
214
304
235
190
208
286
232
249
360
281
333
353
337
427
376
448
435
458
533
522
445
404
471
457
410
476
407
436
448
461
521
454
493
376
463
450
505
488
565
637
555
673
598
637
685
618
575
546
508
531
578
471
451
506
438
516
456
544
436
389
430
223
313
216
214
188
175
134
138
119
5
-5
-33
-12
-50
-127
-12
-84
-73
-85
-143
-145
-251
-213
-261
-202
-372
-328
-401
-426
-526
-526
-530
-539
-591
-662
-569
-620
-662
-553
-648
-584
-570
-545
-580
-508
-616
-597
-525
-616
-543
-559
-462
-557
-453
-534
-374
-433
-514
-454
-529
-500
-578
-441
-443
-375
-402
-355
-296
-270
-300
-337
-299
-382
-240
-317
-269
-210
-221
-97
-130
-55
-84
-79
-46
-26
-116
-170
-155
-241
-268
-306
-327
-365
-313
-329
-211
-162
-170
-78
-27
-4
53
215
170
190
270
302
296
166
215
179
148
101
142
120
88
144
128
218
212
326
218
358
424
411
466
434
443
384
429
429
439
476
462
463
497
602
535
575
621
658
747
755
853
857
939
923
920
979
900
872
855
837
835
812
728
696
652
590
552
435
336
266
216
206
171
180
201
236
215
179
199
160
67
50
4
-17
-39
-74
17
-112
-71
-160
-133
-163
-213
-239
-282
-283
-316
-370
-437
-517
-564
-462
-549
-516
-445
-498
-307
-299
-286
-207
-245
-192
-266
-173
-233
-283
-371
-410
-470
-449
-465
-511
-460
-471
-487
-452
-396
-454
-395
-455
-435
-305
-358
-317
-252
-273
-203
-297
-286
-204
-351
-350
-351
-390
-386
-384
-414
-383
-449
-514
-426
-445
-522
-474
-432
-453
-371
-418
-338
-337
-305
-279
-291
-291
-315
-294
-317
-270
-259
-234
-267
-211
-212
-118
-148
-64
-103
-1
55
-19
114
33
81
78
127
231
222
241
304
376
393
311
380
309
232
244
191
177
127
93
135
126
78
149
234
230
232
287
334
363
302
363
408
368
368
416
507
478
531
493
509
459
401
442
405
422
378
451
471
500
547
462
490
501
523
422
531
461
472
494
433
471
421
474
378
474
402
443
387
347
433
383
346
366
340
304
293
260
220
186
177
66
43
-44
35
-112
-10
-141
-126
-89
-100
-76
-140
-103
-138
-67
-165
-59
-191
-197
-197
-199
-221
-215
-238
-257
-218
-272
-241
-226
-309
-309
-309
-398
-406
-392
-479
-488
-496
-453
-519
-444
-461
-402
-426
-505
-440
-488
-436
-474
-460
-398
-429
-377
-396
-378
-360
-381
-393
-383
-382
-356
-355
-274
-230
-164
-191
-187
-142
-198
-234
-290
-296
-374
-352
-319
-388
-284
-347
-330
-233
-275
-121
-134
-70
-16
-10
-3
11
10
-42
-34
-101
-130
-139
-222
-162
-173
-158
-158
-88
-45
-39
64
82
122
149
166
204
231
226
225
259
264
303
226
273
339
273
377
354
363
387
406
431
368
331
392
344
326
378
305
418
377
395
377
309
327
224
289
200
241
301
273
382
346
447
401
310
302
296
279
240
152
227
129
170
214
210
222
200
294
309
417
295
340
362
419
402
359
383
338
346
299
275
209
232
171
122
215
66
44
6
64
-5
-2
-19
-60
-112
-50
-56
-96
-123
-139
-137
-198
-179
-294
-253
-347
-302
-321
-346
-350
-310
-332
-364
-295
-342
-347
-340
-308
-257
-302
-261
-260
-253
-273
-287
-265
-320
-300
-341
-342
-255
-315
-264
-286
-291
-282
-307
-285
-319
-274
-368
-362
-352
-269
-242
-299
-298
-297
-271
-264
-268
-258
-397
-386
-485
-463
-373
-502
-354
-460
-381
-336
-269
-270
-196
-181
-237
-123
-207
-174
-147
-278
-234
-270
-343
-274
-304
-260
-188
-188
-121
-76
-80
12
40
69
167
168
213
192
311
218
246
253
213
277
244
200
222
246
261
298
274
277
328
455
443
484
473
452
602
459
591
484
516
560
525
551
468
493
353
414
331
370
281
305
387
312
361
347
405
441
475
479
496
469
480
362
376
388
323
311
306
288
331
395
379
408
321
307
339
250
286
282
312
217
228
117
77
85
18
47
-48
26
55
80
50
105
4
35
-29
-75
-20
-64
-110
-123
-73
-190
-112
-152
-181
-200
-200
-227
-281
-300
-317
-263
-321
-343
-338
-336
-346
-322
-316
-340
-379
-312
-431
-409
-360
-449
-468
-398
-430
-435
-394
-332
-404
-401
-327
-399
-351
-423
-384
-456
-475
-379
-469
-363
-522
-523
-473
-508
-470
-457
-449
-419
-348
-203
-209
-133
-82
-62
-54
-139
-53
-94
-96
-189
-131
-160
-205
-210
-246
-231
-236
-224
-132
-158
-134
-135
-141
-129
-176
-90
-33
-41
-44
14
-41
27
-7
-81
-80
-79
-105
-80
-63
-104
-68
-117
20
-13
82
-12
162
200
235
427
236
408
362
320
355
323
350
320
394
387
437
526
493
620
570
674
673
736
684
677
773
700
720
694
640
613
603
596
480
420
438
303
404
249
245
209
192
188
126
98
87
85
62
127
96
72
-25
49
-13
31
36
-44
44
-3
43
16
124
22
32
87
97
171
106
127
21
117
66
79
81
15
98
56
49
80
22
-16
-36
-5
-81
-94
-65
-160
-107
-174
-245
-250
-224
-287
-281
-324
-370
-387
-424
-405
-443
-532
-524
-575
-508
-606
-641
-508
-610
-464
-536
-524
-447
-493
-414
-433
-502
-420
-443
-372
-354
-373
-332
-329
-324
-210
-180
-277
-204
-249
-217
-169
-298
-210
-236
-300
-322
-295
-338
-320
-415
-370
-416
-400
-380
-420
-357
-268
-280
-187
-88
-43
32
83
109
188
301
194
276
239
324
316
315
348
326
279
254
270
158
226
180
201
237
242
257
242
349
281
356
434
428
450
420
390
353
359
313
220
231
257
307
356
394
345
442
475
387
538
429
462
500
412
453
279
293
260
120
78
98
3
41
32
33
64
-3
76
61
84
110
130
158
152
232
206
222
292
295
359
264
360
344
343
344
524
468
442
387
350
391
291
301
232
232
259
191
197
168
86
138
44
-22
-51
-79
-91
-96
-191
-173
-143
-240
-145
-298
-279
-345
-339
-366
-435
-439
-486
-535
-558
-511
-535
-456
-557
-496
-585
-616
-545
-603
-575
-600
-453
-505
-442
-414
-385
-348
-363
-324
-390
-308
-371
-346
-405
-302
-389
-427
-361
-466
-266
-266
-319
-307
-262
-334
-266
-288
-364
-281
-440
-313
-346
-231
-248
-290
-183
-246
-148
-344
-189
-265
-213
-194
-223
-180
-164
-124
-7
18
35
159
102
150
143
182
114
127
163
95
44
85
61
27
140
89
85
128
101
171
195
152
188
145
201
153
245
264
223
304
272
324
327
369
387
344
406
410
364
385
374
395
439
414
459
471
459
588
510
568
473
444
442
404
360
379
403
473
389
476
408
425
499
381
471
394
428
380
394
347
294
374
207
269
200
198
229
147
188
83
125
108
64
127
32
68
46
-27
60
21
7
15
45
-20
-54
-24
-89
-18
-31
-21
-100
-34
-77
-9
-88
-145
-64
-184
-175
-99
-140
-109
-148
-121
-91
-179
-135
-152
-155
-194
-291
-251
-338
-439
-415
-518
-498
-619
-575
-651
-755
-640
-759
-602
-686
-612
-635
-639
-566
-632
-542
-604
-538
-542
-503
-478
-391
-428
-447
-371
-441
-399
-425
-366
-391
-337
-327
-287
-273
-387
-304
-284
-316
-294
-196
-203
-171
-57
-13
-5
73
83
94
92
139
80
101
0
2
19
-99
-138
-62
-66
-168
-50
-119
-14
-38
61
61
112
159
170
307
206
370
406
369
454
476
463
409
361
273
238
175
165
149
155
167
159
170
150
227
264
267
302
298
378
358
467
385
427
418
458
481
443
480
561
567
596
610
690
707
720
695
715
751
666
776
688
763
738
727
701
664
683
594
631
484
473
358
381
253
209
141
20
59
-105
-71
-130
-179
-166
-177
-191
-225
-140
-163
-233
-232
-268
-263
-333
-332
-355
-363
-373
-402
-293
-361
-328
-257
-328
-269
-268
-247
-267
-300
-240
-392
-338
-377
-350
-310
-346
-274
-305
-307
-356
-228
-300
-231
-277
-270
-248
-243
-248
-344
-176
-325
-307
-265
-278
-283
-293
-329
-315
-292
-391
-359
-331
-386
-373
-289
-337
-222
-221
-219
-202
-232
-203
-156
-159
-251
-86
-186
-145
-126
-216
-152
-216
-177
-207
-166
-196
-170
-191
-196
-126
-215
-179
-189
-192
-230
-173
-201
-186
-179
-121
-190
-207
-143
-89
-156
-114
-11
-24
23
12
83
100
92
109
116
81
249
124
318
362
339
413
305
338
298
304
364
356
395
384
467
435
446
503
432
441
310
353
346
261
254
159
155
165
152
169
255
257
296
372
363
357
416
390
368
363
381
371
263
370
277
293
189
187
141
116
171
156
318
154
280
276
381
356
374
389
438
472
390
496
401
356
257
211
163
93
88
-36
77
99
24
-2
-8
-18
-92
-71
-108
-109
-109
-171
-128
-223
-263
-295
-422
-400
-483
-508
-600
-571
-578
-565
-553
-559
-580
-605
-538
-479
-498
-497
-412
-361
-362
-242
-293
-255
-257
-276
-201
-148
-91
-188
-107
-147
-124
-168
-240
-187
-279
-314
-342
-288
-305
-286
-270
-388
-344
-433
-415
-490
-445
-387
-396
-343
-323
-265
-288
-218
-173
-250
-162
-221
-150
-85
-129
-124
-174
-191
-198
-263
-261
-205
-147
-138
-132
-172
-122
-79
-22
18
-23
85
82
119
208
140
206
196
228
228
295
224
314
292
288
443
310
354
333
345
299
347
219
258
306
201
363
394
349
388
487
480
461
456
450
460
415
486
498
462
494
477
424
465
467
431
467
354
347
369
288
288
236
297
289
328
251
351
344
250
319
178
224
214
178
247
185
260
274
316
219
252
204
208
237
165
204
187
208
88
140
76
79
-15
-40
43
5
-20
-57
-48
-17
-83
-40
-151
-69
-142
-196
-155
-294
-214
-375
-319
-396
-271
-389
-311
-332
-334
-222
-375
-199
-269
-269
-350
-323
-321
-328
-300
-329
-224
-293
-262
-227
-246
-265
-333
-302
-413
-347
-339
-374
-282
-365
-266
-287
-339
-362
-355
-370
-371
-342
-448
-405
-384
-375
-425
-344
-355
-316
-271
-335
-266
-267
-214
-262
-202
-205
-207
-207
-181
-112
-240
-112
-171
-197
-205
-273
-272
-358
-226
-373
-185
-167
-191
-45
-102
-6
46
86
-2
27
39
-19
-28
-132
-4
-10
24
-6
10
110
68
190
209
167
209
220
190
244
201
251
226
242
292
290
294
309
297
327
411
411
477
434
514
420
547
509
488
576
503
550
556
525
509
530
464
485
507
536
498
500
445
411
417
449
395
373
468
362
383
330
319
240
327
242
315
288
262
307
259
263
258
266
210
236
165
203
129
182
43
120
4
-67
70
1
16
-32
26
-7
-17
-11
-80
-34
-60
-100
-112
-126
-171
-170
-127
-177
-187
-175
-134
-178
-156
-179
-290
-184
-325
-315
-266
-413
-339
-431
-400
-419
-403
-523
-500
-525
-548
-414
-466
-372
-404
-351
-323
-372
-379
-399
-553
-559
-625
-524
-531
-502
-337
-413
-329
-404
-330
-392
-391
-423
-444
-454
-517
-447
-535
-454
-561
-449
-456
-405
-347
-353
-325
-427
-271
-355
-386
-322
-292
-187
-218
-170
-69
16
-23
37
145
108
222
151
82
158
84
98
160
168
