
376
398
269
339
257
467
384
453
383
470
457
335
434
326
376
402
420
411
420
482
466
518
484
469
538
465
485
455
373
496
451
408
460
474
392
465
437
415
359
370
434
422
358
291
338
242
248
176
159
165
86
89
-25
43
-7
-89
-155
-161
-219
-224
-177
-277
-234
-363
-313
-380
-381
-332
-335
-383
-319
-368
-439
-443
-514
-429
-492
-490
-593
-482
-549
-527
-573
-592
-657
-586
-586
-718
-575
-703
-641
-717
-756
-758
-797
-724
-682
-532
-695
-472
-515
-426
-447
-409
-374
-436
-336
-418
-364
-270
-296
-306
-209
-227
-221
-243
-313
-281
-290
-307
-231
-144
-187
-108
-36
-56
11
48
-8
28
-64
-16
28
15
-22
-20
65
21
-13
14
75
-40
-34
3
-23
114
67
134
51
128
167
192
156
173
185
179
239
212
199
262
240
244
304
293
362
242
347
393
315
378
298
356
332
394
418
418
363
428
452
482
490
477
426
491
414
422
475
424
462
464
448
526
488
465
516
412
472
343
392
314
339
380
258
264
264
317
240
290
277
163
289
186
266
219
246
271
198
281
214
264
197
201
141
180
215
128
141
66
47
67
0
32
35
51
64
45
111
90
51
-9
-14
-87
-111
-164
-195
-221
-301
-246
-301
-292
-317
-363
-360
-330
-284
-386
-400
-390
-484
-482
-545
-546
-559
-646
-638
-628
-611
-640
-564
-601
-495
-537
-606
-585
-549
-580
-660
-630
-666
-592
-620
-637
-606
-585
-586
-521
-438
-398
-407
-343
-323
-287
-320
-314
-289
-320
-258
-326
-291
-278
-182
-218
-176
-185
-55
-130
-141
-43
-131
-2
-89
-25
-16
-19
37
-24
3
17
47
117
49
138
62
78
38
71
129
104
146
189
211
269
302
286
273
349
295
286
385
323
355
375
327
360
412
396
382
430
343
376
425
399
335
354
295
422
395
409
415
348
348
359
470
340
388
422
429
411
462
415
367
344
397
412
409
454
435
499
435
472
431
413
343
412
429
347
386
468
371
398
347
305
322
256
219
242
207
198
360
282
237
269
213
265
271
190
131
94
88
52
35
-23
19
-103
-73
-103
-47
-185
-117
-145
-249
-178
-268
-221
-309
-326
-363
-354
-476
-518
-442
-529
-537
-535
-492
-528
-555
-548
-477
-499
-598
-490
-440
-578
-511
-411
-533
-502
-502
-511
-488
-441
-548
-548
-500
-500
-457
-479
-450
-474
-430
-458
-316
-390
-359
-284
-340
-296
-237
-318
-289
-356
-311
-278
-311
-269
-225
-292
-305
-240
-271
-305
-300
-234
-248
-216
-137
-101
-97
-53
-69
50
29
30
36
129
111
173
259
165
231
314
313
263
348
293
312
331
253
309
193
187
143
138
138
118
221
147
240
202
219
247
231
214
237
288
331
331
370
355
442
397
403
388
309
302
291
361
300
371
313
389
407
420
448
388
434
360
396
376
389
371
348
440
341
374
326
276
289
229
263
256
231
244
251
249
202
223
202
199
180
144
247
169
168
115
214
99
149
144
47
88
-30
101
-25
-76
-65
-70
-102
-39
-84
-64
-137
-144
-176
-130
-183
-159
-165
-114
-150
-169
-119
-204
-183
-209
-120
-187
-114
-196
-219
-235
-271
-231
-238
-278
-300
-392
-465
-414
-444
-491
-555
-576
-597
-432
-528
-494
-492
-531
-455
-608
-444
-531
-513
-481
-518
-493
-536
-535
-580
-454
-474
-430
-433
-409
-376
-351
-370
-323
-281
-371
-285
-330
-200
-260
-171
-258
-266
-210
-234
-193
-175
-135
-122
-47
-33
21
28
-38
53
-10
-43
-33
-23
-75
64
-49
48
49
21
149
101
199
226
289
315
349
310
438
390
399
455
444
428
430
422
399
465
392
390
373
416
359
367
393
398
411
445
405
431
512
471
517
456
466
492
469
451
432
450
391
405
466
565
541
481
489
420
397
506
402
329
305
367
417
357
419
307
359
332
296
266
204
203
192
153
92
126
55
14
24
2
-103
-149
-82
-194
-153
-200
-178
-94
-141
-126
-170
-88
-198
-101
-217
-163
-259
-278
-287
-293
-228
-359
-291
-339
-333
-335
-311
-358
-373
-295
-397
-374
-392
-440
-426
-438
-433
-395
-380
-325
-404
-405
-430
-460
-401
-372
-372
-362
-415
-422
-331
-413
-318
-310
-361
-284
-270
-313
-227
-232
-182
-217
-250
-235
-203
-154
-189
-176
-176
-140
-205
-77
-103
-161
-116
-171
-116
-288
-162
-214
-134
-55
-185
-34
-138
-59
-129
-76
-120
-83
-32
-27
40
32
69
176
41
113
77
50
128
18
9
98
13
76
131
145
244
282
351
400
502
435
576
455
448
444
378
359
367
394
299
427
324
372
404
366
416
249
272
252
281
218
283
222
252
300
215
300
144
163
137
109
67
79
80
6
65
40
72
33
100
104
166
118
128
93
80
139
209
210
231
245
137
286
188
326
173
314
326
285
360
328
358
339
305
253
261
183
216
162
46
46
50
-45
2
59
-30
-26
5
-44
-54
-113
-68
-91
3
-91
-51
-15
-129
-46
-177
-167
-162
-147
-189
-154
-195
-182
-233
-267
-244
-244
-287
-270
-296
-297
-309
-333
-278
-327
-297
-265
-270
-311
-295
-221
-187
-291
-329
-404
-340
-297
-418
-456
-427
-432
-412
-372
-385
-289
-357
-249
-291
-293
-319
-248
-335
-249
-279
-325
-219
-241
-233
-292
-323
-204
-245
-269
-317
-373
-230
-363
-276
-310
-305
-316
-318
-222
-179
-113
-219
-113
-156
-88
-24
-20
-74
37
87
66
184
28
102
131
76
95
91
183
182
193
220
256
183
211
207
170
227
173
225
183
263
310
347
431
372
432
440
378
485
336
320
333
395
338
369
402
398
407
371
416
341
374
245
322
306
263
310
351
363
424
395
340
368
334
264
237
136
161
138
46
105
86
161
151
249
210
240
210
219
145
160
194
95
158
151
170
106
212
126
169
87
203
150
80
175
85
131
6
66
-4
9
-41
-89
37
-128
-95
-145
-144
-248
-218
-179
-210
-176
-240
-108
-202
-124
-85
-134
-118
-101
-24
-131
-56
-160
-140
-265
-264
-243
-191
-255
-305
-160
-265
-231
-213
-261
-218
-269
-329
-311
-322
-344
-311
-457
-325
-432
-532
-477
-412
-329
-396
-316
-290
-287
-381
-297
-326
-403
-341
-467
-329
-316
-328
-353
-255
-206
-290
-312
-281
-201
-243
-221
-201
-197
-247
-202
-240
-140
-259
-184
-116
-127
-49
-175
-66
-101
8
-87
-15
-31
-97
51
38
21
14
89
29
66
87
136
204
145
178
157
201
167
112
207
118
155
123
184
304
230
344
197
314
323
319
374
347
446
352
442
409
444
419
354
417
419
520
504
522
470
447
418
376
329
321
318
356
309
325
298
405
340
341
391
331
304
308
322
238
351
233
303
236
256
303
262
251
236
230
213
138
199
192
209
215
177
155
162
107
104
32
67
0
51
52
-3
104
-11
-67
-15
-69
-101
-211
-198
-355
-388
-355
-396
-371
-408
-464
-454
-368
-499
-345
-451
-417
-546
-526
-458
-489
-496
-498
-419
-405
-389
-373
-409
-440
-470
-483
-435
-405
-334
-325
-305
-286
-224
-267
-247
-201
-195
-204
-217
-262
-251
-263
-290
-341
-327
-332
-393
-301
-276
-323
-304
-289
-303
-242
-263
-176
-186
-196
-162
-171
-89
-66
-132
-19
-49
-52
12
40
-34
24
17
7
12
28
27
57
67
77
132
67
48
117
231
215
320
255
294
327
278
317
270
127
192
198
114
143
165
206
179
243
311
353
379
450
482
422
501
513
405
448
391
419
429
460
358
417
441
394
341
363
417
428
372
415
464
498
457
385
380
317
234
237
283
287
245
181
220
304
298
375
368
301
347
402
367
222
292
158
107
99
97
136
135
108
102
157
127
114
26
0
-100
-32
-58
-71
-15
-98
-5
-16
-38
-15
-128
-94
-129
-133
-80
-229
-211
-228
-321
-294
-291
-280
-322
-319
-328
-316
-326
-359
-417
-493
-428
-578
-483
-490
-490
-487
-491
-504
-382
-433
-479
-467
-505
-490
-509
-488
-481
-448
-490
-422
-435
-483
-441
-472
-486
-433
-470
-484
-436
-477
-456
-447
-444
-443
-451
-278
-382
-308
-281
-222
-170
-290
-222
-229
-278
-275
-139
-254
-278
-243
-200
-133
-169
-152
-123
-26
-20
38
102
82
146
45
245
157
200
194
242
205
197
262
288
304
243
348
289
403
353
324
399
452
516
465
486
465
476
467
424
491
406
372
494
435
467
422
460
494
443
522
446
475
437
364
428
368
409
362
345
459
396
410
431
400
389
437
355
374
411
313
313
244
243
255
196
297
267
287
236
332
297
206
256
296
349
290
253
298
302
214
211
194
63
164
79
50
23
8
-34
-15
-43
-86
-56
-107
-11
-179
-199
-132
-151
-281
-266
-307
-319
-311
-331
-300
-307
-355
-352
-264
-409
-408
-408
-432
-432
-505
-490
-464
-414
-435
-456
-475
-480
-581
-555
-606
-622
-621
-694
-579
-612
-586
-570
-548
-576
-493
-442
-573
-443
-476
-471
-469
-542
-408
-541
-334
-461
-335
-315
-324
-218
-265
-242
-289
-197
-206
-133
-126
-18
-97
-86
-139
-91
20
-140
-63
-96
-29
-44
-60
9
-27
-10
20
25
48
78
26
29
56
86
23
76
46
78
85
76
43
9
93
78
125
106
230
189
249
212
244
304
308
316
328
367
371
359
360
381
428
456
438
494
544
546
608
625
612
608
625
658
668
653
647
678
610
615
554
558
458
537
431
434
450
366
436
375
419
357
369
284
337
298
249
251
149
158
63
154
8
-4
88
-102
20
-66
-95
-109
-53
-175
-146
-81
-136
-74
-108
-129
-44
-118
-154
-64
-143
-100
-147
-176
-183
-91
-167
-90
-212
-205
-152
-215
-150
-209
-118
-202
-155
-238
-241
-300
-300
-377
-463
-375
-478
-421
-470
-441
-503
-483
-438
-517
-403
-385
-394
-385
-388
-392
-426
-404
-407
-457
-468
-428
-471
-393
-447
-414
-296
-363
-306
-269
-260
-311
-227
-274
-249
-227
-273
-202
-168
-167
-189
-151
-130
-71
-60
-133
-51
-91
-39
-58
-45
-39
-41
68
-36
83
24
83
100
24
39
71
-3
4
91
-2
103
94
94
186
160
103
164
210
209
181
176
151
174
184
198
250
210
249
274
359
306
302
388
356
317
312
356
350
354
388
388
366
411
354
391
383
329
371
390
289
277
262
307
311
282
331
306
280
240
280
293
276
239
273
274
250
219
237
180
252
210
208
200
200
205
169
159
166
109
195
207
175
167
178
175
159
179
88
126
40
73
10
30
-55
-137
-27
-139
-65
-124
-129
-159
-129
-156
-182
-205
-179
-185
-233
-232
-150
-237
-172
-222
-256
-214
-330
-231
-341
-286
-299
-316
-285
-241
-220
-269
-141
-249
-195
-190
-322
-176
-325
-224
-262
-341
-298
-392
-310
-365
-327
-391
-307
-356
-309
-346
-359
-295
-343
-277
-280
-284
-345
-286
-268
-296
-329
-325
-367
-293
-239
-226
-293
-150
-257
-212
-147
-138
-225
-169
-97
-166
-42
-138
-44
-129
5
-86
-40
-25
-57
32
-37
59
23
13
59
71
122
15
52
-38
37
45
13
100
46
91
70
107
60
114
143
131
185
218
233
260
308
329
291
208
251
184
237
114
240
231
215
284
191
295
244
280
238
223
296
238
376
268
358
354
214
340
263
351
278
353
292
371
324
307
357
325
325
232
312
254
257
245
320
266
275
253
329
337
338
302
311
304
274
244
223
303
197
256
231
274
182
239
157
68
66
56
0
-48
25
20
-9
-32
-82
9
-58
-15
-75
-65
-49
-27
-8
-118
-77
-82
-92
-85
-109
-103
-69
-118
-153
-201
-217
-260
-225
-294
-199
-237
-155
-216
-252
-197
-278
-240
-352
-276
-356
-335
-374
-337
-301
-468
-374
-356
-433
-377
-415
-539
-531
-487
-523
-463
-485
-507
-481
-482
-398
-444
-468
-486
-476
-398
-482
-430
-331
-404
-349
-407
-347
-374
-439
-404
-340
-374
-361
-356
-295
-201
-213
-169
-178
-139
-138
-90
-43
-77
-58
-75
-129
-32
-33
-17
25
-47
-6
98
78
145
78
66
113
117
142
116
229
183
247
249
286
330
272
297
286
325
366
316
358
346
400
456
508
489
466
575
499
570
488
494
463
476
489
463
552
468
523
520
575
460
567
536
508
485
473
537
422
473
441
449
471
379
355
356
316
308
368
346
273
354
292
376
343
305
312
349
293
297
283
201
229
144
111
76
107
19
30
-39
-112
-40
-168
-94
-214
-242
-216
-322
-170
-217
-229
-213
-209
-199
-264
-163
-199
-212
-284
-325
-260
-417
-307
-418
-278
-316
-354
-216
-306
-287
-353
-317
-420
-404
-346
-412
-392
-420
-481
-458
-410
-537
-548
-493
-566
-501
-540
-432
-443
-453
-365
-359
-239
-278
-236
-270
-170
-224
-222
-315
-413
-421
-363
-431
-425
-477
-487
-393
-444
-351
-275
-233
-257
-180
-161
-167
-29
-117
23
2
-59
-3
-69
2
-14
2
-58
-56
-127
5
-42
-75
-1
-5
64
109
217
247
230
305
282
263
189
270
170
99
148
94
233
104
155
163
195
232
156
167
126
138
197
293
298
412
448
514
464
520
527
449
554
412
445
382
404
316
344
388
319
393
277
393
411
409
375
384
312
318
410
305
278
233
261
230
246
219
101
214
250
259
307
282
269
286
275
346
304
242
265
205
210
142
155
134
34
55
66
53
28
11
-20
90
57
81
138
92
151
150
179
165
140
47
31
-108
-219
-289
-322
-399
-418
-473
-304
-320
-333
-306
-228
-190
-259
-130
-194
-156
-281
-270
-368
-397
-406
-446
-451
-557
-464
-522
-544
-541
-497
-386
-394
-245
-213
-235
-179
-200
-226
-165
-212
-247
-226
-320
-309
-244
-331
-331
-283
-455
-407
-377
-373
-335
-346
-377
-368
-273
-333
-359
-333
-412
-362
-379
-368
-382
-343
-355
-351
-278
-304
-262
-212
-79
-14
105
104
151
231
232
203
174
164
95
134
32
67
31
-63
18
33
32
58
121
159
153
183
169
233
281
280
330
387
380
414
295
405
413
369
484
437
469
513
735
808
949
953
974
1119
1219
1352
1264
1234
1116
1092
945
717
479
218
-2
-260
-499
-710
-832
-1091
-1263
-1380
-1401
-1443
-1440
-1487
-1461
-1251
-1300
-1164
-1161
-1066
-960
-922
-702
-741
-512
-491
-391
-309
-160
176
477
762
882
1225
1553
1918
2225
2521
2800
2906
2805
2910
3009
2831
2520
2153
1963
1721
1388
1017
752
500
103
-213
-360
-537
-760
-1063
-1299
-1363
-1503
-1724
-1799
-1819
-1943
-1951
-1866
-1714
-1673
-1595
-1368
-1155
-931
-786
-611
-363
-82
-26
136
240
373
292
128
127
5
-32
-279
-252
-359
-476
-535
-713
-718
-749
-794
-909
-851
-875
-826
-748
-758
-777
-816
-743
-740
-694
-649
-692
-680
-587
-371
-260
-65
110
333
417
668
872
1143
1311
1298
1483
1663
1712
1700
1708
1633
1534
1298
1045
968
727
331
98
-145
-228
-504
-751
-824
-1023
-1174
-1290
-1434
-1499
-1768
-1980
-1996
-2089
-2110
-2132
-2123
-2049
-1938
-1833
-1633
-1483
-1302
-1105
-993
-723
-675
-513
-296
-125
-211
-87
22
41
23
-66
35
-48
9
148
504
801
955
1333
1741
2312
2838
3315
3747
3972
4014
4141
4317
4299
3993
3482
3321
3132
2741
2258
1914
1628
1264
785
357
186
-93
-507
-1061
-1287
-1288
-1624
-1921
-2159
-2200
-2299
-2430
-2266
-2109
-1881
-1755
-1481
-1029
-758
-349
-86
92
342
425
619
803
929
751
608
564
467
313
44
-5
-150
-194
-390
-268
-254
-199
-330
-460
-570
-511
-445
-826
-842
-1048
-1094
-1289
-1237
-1278
-1259
-1339
-1172
-950
-784
-508
-361
-51
228
398
684
929
1187
1149
1209
1355
1414
1321
1019
954
739
548
178
93
-83
-294
-543
-791
-841
-1008
-1105
-1305
-1438
-1662
-1824
-1865
-1992
-2115
-2307
-2432
-2414
-2473
-2481
-2419
-2386
-2300
-2247
-2124
-1985
-1851
-1824
-1841
-1670
-1710
-1657
-1709
-1833
-1756
-1875
-1864
-1796
-1522
-1114
-618
-251
332
1051
1852
2776
3606
4421
4964
5498
5838
6135
6274
6091
5597
5178
4948
4579
3951
3115
2660
2151
1581
895
433
276
-282
-783
-1272
-1448
-1730
-2121
-2521
-2864
-2910
-3200
-3202
-3237
-3051
-2877
-2576
-2169
-1653
-1034
-489
173
555
1055
1411
1818
1950
2027
1816
1709
1715
1464
1335
965
879
781
604
472
592
584
580
546
435
646
561
459
171
-87
-317
-724
-955
-1341
-1544
-1829
-1925
-1897
-1712
-1504
-1250
-959
-519
-42
267
801
1169
1427
1613
1777
1998
1953
1775
1586
1489
1395
1061
913
826
629
413
337
306
293
103
-62
-234
-429
-756
-1129
-1345
-1816
-2242
-2726
-2980
-3212
-3494
-3678
-3762
-3703
-3781
-3611
-3466
-3326
-3213
-3139
-2971
-2926
-2920
-2919
-2874
-3063
-3129
-3166
-3223
-3161
-3016
-2577
-1906
-1274
-644
176
1249
2406
3504
4446
5231
5921
6419
6662
6876
6863
6489
5935
5515
5077
4547
3685
2945
2389
1783
1134
453
-24
-433
-1061
-1590
-2099
-2414
-2777
-3399
-3761
-4077
-4273
-4441
-4493
-4397
-4106
-3722
-3261
-2570
-1894
-1083
-385
351
953
1460
1925
2199
2354
2335
2134
1884
1807
1579
1316
1074
937
917
779
854
876
1011
1146
1078
1208
1305
1210
956
645
323
-209
-561
-1063
-1383
-1686
-1910
-1907
-1841
-1584
-1355
-860
-380
198
624
1045
1548
1875
2076
2249
2288
2313
2289
2167
1980
1901
1763
1744
1664
1698
1686
1740
1754
1750
1616
1493
1267
856
495
-80
-502
-1073
-1758
-2227
-2736
-3044
-3354
-3732
-3748
-3710
-3633
-3615
-3575
-3392
-3158
-3129
-3135
-3128
-3155
-3310
-3445
-3634
-3828
-3906
-3956
-3680
-3123
-2617
-2121
-1399
-364
829
2083
3252
4406
5407
6102
6633
7256
7717
7517
6963
6487
6221
5872
4869
3840
3233
2588
1824
986
359
-7
-461
-1331
-1934
-2294
-2552
-3178
-3868
-4286
-4740
-5046
-5325
-5408
-5445
-5433
-5157
-4672
-3912
-3250
-2458
-1669
-827
-110
547
1223
1692
1942
1820
1621
1758
1632
1159
700
432
390
302
258
355
587
835
970
1190
1398
1761
1811
1425
978
588
244
-366
-956
-1721
-2150
-2592
-2617
-2476
-2377
-2002
-1673
-839
1
707
1354
1979
2451
2529
2743
2786
2833
2330
1959
1718
1609
1454
1211
1052
1029
1205
1244
1496
1463
1629
1486
1331
961
623
208
-405
-974
-1854
-2361
-2844
-3122
-3488
-3738
-3707
-3631
-3378
-3152
-2876
-2655
-2527
-2509
-2518
-2621
-2902
-3235
-3574
-3681
-3429
-3232
-2921
-2500
-1754
-720
564
1887
3196
4315
5291
6260
7095
7896
8160
7889
7615
7457
7193
6305
5371
4572
3797
2872
1738
949
394
-169
-999
-1549
-1874
-1931
-2275
-2821
-3076
-3315
-3691
-3875
-4185
-4396
-4589
-4739
-4609
-4460
-4089
-3680
-3113
-2481
-1840
-1053
-140
662
1276
1579
1843
2181
2112
1890
1391
904
382
-237
-722
-944
-1242
-1216
-1157
-1085
-694
-146
284
652
804
936
1128
868
811
395
-24
-488
-818
-1070
-1230
-1369
-1313
-1088
-817
-375
88
645
1070
1379
1539
1637
1588
1340
804
421
-73
-704
-1142
-1429
-1707
-1928
-1912
-1768
-1440
-1195
-879
-453
27
185
264
242
192
-2
-500
-935
-1357
-1775
-2325
-2651
-2947
-3067
-3279
-3386
-3385
-3305
-3170
-3100
-2908
-2546
-1835
-1500
-1316
-968
-211
645
1340
2097
2678
3339
3820
4368
5158
5712
5790
5779
6114
6725
6671
6104
5702
5471
5063
3928
3005
2452
1770
603
-598
-1217
-1484
-2065
-2672
-2940
-2831
-2673
-2577
-2233
-1831
-1592
-1454
-1103
-981
-713
-674
-720
-616
-796
-783
-592
-348
-244
-284
63
448
904
1009
1081
1095
959
831
341
111
-336
-957
-1452
-1836
-2041
-2182
-2180
-2175
-1989
-1621
-1133
-487
-67
489
890
1192
1534
1848
1888
1753
1574
1358
1166
831
691
364
119
-64
-201
-166
-166
-261
-364
-474
-560
-707
-927
-1215
-1591
-2063
-2379
-2632
-2792
-2980
-3049
-3006
-2758
-2598
-2321
-1869
-1456
-1197
-1126
-828
-680
-721
-902
-1226
-1428
-1839
-2277
-2801
-3281
-3614
-3738
-3438
-3020
-2584
-2111
-1444
-300
896
2247
3340
4329
4914
5206
5707
6138
6054
5271
4400
4006
4064
3511
2656
2040
1770
1442
804
354
123
-177
-627
-1358
-1712
-1674
-2061
-2529
-2871
-3115
-3060
-2964
-2747
-2320
-2156
-1577
-768
9
646
1400
2225
2829
3124
3376
3682
3865
3736
3237
2683
2379
2051
1648
1019
588
382
51
-182
-299
-520
-665
-851
-1091
-1264
-1440
-1541
-1783
-2266
-2377
-2332
-2353
-2193
-2123
-1709
-1249
-569
-64
556
1098
1645
2200
2526
2834
3035
2998
2856
2699
2442
2186
1738
1185
692
376
-79
-421
-889
-1361
-1773
-2078
-2278
-2561
-2813
-3159
-3164
-3205
-3171
-3260
-3240
-2955
-2788
-2782
-2705
-2284
-1995
-1969
-1907
-1742
-1536
-1336
-1425
-1617
-1780
-1769
-1256
-944
-473
-354
-23
728
1606
2526
3168
3880
4424
4759
5010
5480
5717
5369
4705
4435
4562
4230
3533
2855
2415
1920
1031
46
-606
-1268
-2289
-3188
-3909
-4018
-4528
-5047
-5223
-5225
-4996
-4853
-4360
-3772
-3257
-2917
-2216
-1550
-646
-40
453
1109
1656
2353
2951
3351
3875
4111
4180
4334
4357
4340
4094
3630
3173
2568
1927
1313
637
-88
-879
-1586
-2223
-2715
-3032
-3349
-3658
-3855
-3862
-3739
-3514
-3260
-2876
-2650
-2210
-1551
-1036
-450
12
509
976
1400
1739
2066
2253
2318
2300
2328
2232
2143
1894
1542
1230
841
327
-38
-549
-1078
-1624
-2100
-2353
-2687
-2948
-3066
-3165
-3194
-3164
-3065
-2832
-2833
-2860
-2681
-2541
-2418
-2494
-2556
-2508
-2450
-2437
-1950
-1307
-551
-53
507
1617
2896
4000
4823
5665
6279
6774
6895
7081
7182
6745
5928
5248
5052
4559
3761
3022
2445
1950
1391
649
386
39
-719
-1474
-2222
-2427
-2861
-3608
-4262
-4617
-4740
-4993
-5045
-4722
-4338
-4046
-3597
-3074
-2116
-1345
-725
-115
342
1002
1650
2162
2449
2621
2705
3013
3243
3282
3431
3405
3478
3503
3418
3440
3246
2926
2441
1931
1508
904
275
-599
-1603
-2205
-2883
-3372
-3781
-4257
-4370
-4359
-4089
-3647
-3027
-2539
-2058
-1468
-912
-170
258
564
591
610
608
685
613
434
155
-72
-127
-172
-133
-328
-365
-624
-881
-1066
-1320
-1606
-2134
-2640
-3143
-3470
-3731
-3930
-4227
-4483
-4543
-4452
-4347
-4249
-4086
-4012
-3811
-3639
-3092
-2443
-1751
-1038
-683
180
1226
2369
3361
4207
5059
5701
6205
6741
7393
7363
6983
6397
6290
6263
5579
4710
3892
3403
2650
1755
952
485
-196
-1073
-1911
-2320
-2374
-2984
-3550
-4023
-4185
-4232
-4418
-4325
-4193
-4062
-3733
-3262
-2725
-1960
-1307
-501
91
622
1343
2017
2587
2799
2856
3031
3382
3475
3385
3051
3044
3035
2720
2581
2531
2468
2307
1862
1629
1583
1434
1235
706
231
-12
-216
-521
-839
-1114
-1265
-1283
-1170
-950
-796
-433
-231
44
200
361
587
643
487
304
197
22
-234
-619
-853
-951
-1153
-1372
-1397
-1278
-1234
-1308
-1475
-1474
-1537
-1631
-1858
-2172
-2469
-2824
-3114
-3423
-3695
-4030
-4307
-4513
-4490
-4606
-4661
-4739
-4347
-3733
-3150
-2508
-1933
-933
103
1190
2279
3296
4177
4871
5313
5880
6492
6460
6294
5940
5910
5812
5150
4530
3833
3201
2519
1735
991
448
-519
-1181
-1795
-2363
-2635
-3334
-3738
-3979
-4372
-4537
-4670
-4621
-4572
-4737
-4325
-3818
-3347
-2672
-2102
-1281
-615
-123
744
1367
1820
2193
2368
2688
2846
2944
2992
2873
2787
2560
2402
2330
2209
1881
1449
1211
934
579
144
-91
-451
-1020
-1361
-1532
-1673
-1785
-1925
-1978
-1747
-1434
-927
-563
-266
233
724
1305
1674
1932
2011
2051
2024
1859
1628
1396
1081
598
250
-82
-224
-476
-806
-910
-1092
-1116
-1180
-1270
-1431
-1571
-1718
-1938
-2177
-2508
-2710
-2997
-3419
-3714
-3840
-3930
-4098
-4286
-4394
-4029
-3311
-2697
-2102
-1625
-681
434
1517
2696
3690
4624
5255
5754
6309
7106
7179
6883
6394
6305
6418
5813
5107
4299
3951
3260
2506
1764
1347
654
-114
-986
-1645
-1829
-2584
-3237
-3839
-4323
-4524
-4845
-4878
-4825
-4898
-4652
-4176
-3652
-2911
-2272
-1642
-867
-361
367
1070
1500
1978
2125
2224
2516
2607
2753
2547
2321
2119
1970
1821
1621
1259
849
666
272
-63
-488
-733
-1109
-1696
-2127
-2465
-2559
-2780
-2950
-3076
-2974
-2679
-2259
-1934
-1564
-1009
-640
-205
201
504
730
776
781
727
663
484
344
90
-181
-239
-430
-462
-569
-707
-711
-743
-742
-824
-950
-1199
-1327
-1609
-1999
-2262
-2452
-2706
-3165
-3555
-3783
-3835
-4001
-4296
-4477
-4334
-3899
-3201
-2578
-2083
-1219
-247
979
2274
3303
4388
5148
5807
6285
6987
7307
7177
6770
6388
6418
5934
5362
4563
4064
3493
2715
1991
1598
1138
506
-211
-903
-1029
-1534
-2014
-2611
-3022
-3450
-3794
-4041
-4150
-4206
-4329
-3979
-3657
-2989
-2359
-1660
-808
-215
692
1509
2150
2743
3146
3515
3740
3869
4008
3997
3902
3605
3416
3210
3039
2803
2407
2005
1553
1080
544
122
-476
-1273
-1871
-2343
-2701
-3169
-3503
-3588
-3560
-3535
-3228
-2568
-2197
-1780
-1333
-786
-236
188
506
699
726
674
634
516
334
-2
-385
-626
-772
-1021
-1093
-1066
-1288
-1421
-1463
-1382
-1419
-1719
-1868
-2092
-2360
-2835
-3113
-3296
-3748
-4201
-4545
-4726
-4858
-5088
-5148
-4712
-4174
-3494
-2963
-2053
-929
263
1391
2596
3812
4696
5369
5930
6669
6938
6889
6553
6284
6382
5726
5035
4320
3639
3137
2206
1367
810
231
-366
-1085
-1670
-1924
-2373
-2864
-3293
-3591
-3757
-4062
-4425
-4285
-4428
-4434
-4111
-3855
-3216
-2692
-2029
-1155
-577
254
1149
1741
2360
2709
3153
3586
3723
3873
3916
3918
3915
3650
3504
3496
3257
2870
2564
2221
1977
1492
956
624
1
-501
-1118
-1632
-1929
-2410
-2692
-2869
-2956
-2809
-2603
-2385
-2028
-1652
-1202
-721
-546
-100
222
442
618
392
470
523
424
158
-47
-55
-33
-156
-220
-143
-110
-186
-177
-142
-220
-311
-616
-948
-1283
-1739
-2221
-2743
-3276
-3784
-4210
-4564
-4894
-4921
-4700
-4263
-3668
-3231
-2430
-1339
-140
1111
2267
3319
4289
5156
5738
6455
6781
6827
6727
6552
6627
6353
5739
5174
4613
3926
3256
2385
1734
929
99
-576
-1317
-1756
-2441
-3140
-3531
-3857
-4122
-4456
-4596
-4610
-4716
-4714
-4520
-4078
-3715
-3328
-2819
-2090
-1479
-766
37
634
1154
1654
2113
2598
2803
2904
3110
3138
3193
3065
3085
3047
2860
2494
2220
2088
1801
1269
828
557
-34
-603
-1199
-1599
-1962
-2432
-2720
-2942
-2953
-2768
-2705
-2490
-2204
-1871
-1393
-1173
-960
-696
-609
-495
-582
-664
-863
-1109
-1339
-1523
-1699
-1809
-1882
-1950
-1800
-1543
-1339
-1113
-891
-711
-491
-473
-441
-590
-973
-1354
-1798
-2283
-2834
-3308
-3813
-4268
-4633
-4486
-4024
-3475
-2992
-2391
-1403
-294
1026
2155
3276
4213
4928
5446
6171
6863
6900
6615
6347
6583
6642
6193
5759
5188
4884
4278
3690
3255
2721
1985
1286
622
33
-246
-1094
-1715
-2471
-2930
-3082
-3408
-3687
-3892
-4062
-4020
-3784
-3470
-2904
-2368
-1987
-1548
-967
5
602
922
1361
1602
2031
2304
2403
2568
2580
2652
2737
2747
2961
3009
2939
2897
2727
2683
2495
2109
1788
1307
765
384
-319
-778
-1231
-1728
-2053
-2380
-2480
-2374
-2271
-2167
-1926
-1696
-1330
-1080
-896
-780
-659
-757
-856
-1077
-1283
-1562
-1914
-2251
-2404
-2511
-2629
-2646
-2620
-2283
-2208
-1852
-1775
-1569
-1171
-1243
-1179
-1441
-1751
-2048
-2541
-3260
-3707
-4333
-4855
-5335
-5603
-5293
-4863
-4215
-3934
-3097
-1980
-818
418
1578
2713
3565
4295
4857
5713
6078
6127
5862
5802
6104
5829
5429
4972
4652
4255
3594
2960
2692
2076
1410
773
115
-139
-768
-1456
-2044
-2596
-2891
-3171
-3474
-3563
-3784
-3822
-3612
-3449
-2950
-2538
-2018
-1437
-1010
-220
566
984
1350
1699
2105
2516
2585
2803
2891
2863
3044
2962
3056
3239
3202
3120
3164
3141
3005
2621
2241
2067
1571
1067
500
116
-208
-567
-840
-1118
-1289
-1245
-1172
-1121
-930
-694
-434
-184
-163
11
-8
-16
-182
-353
-540
-956
-1240
-1588
-1815
-1986
-2190
-2454
-2437
-2304
-2076
-1951
-1782
-1500
-1294
-1038
-948
-1019
-1267
-1498
-1942
-2376
-2829
-3360
-3955
-4508
-4843
-4798
-4525
-4243
-3742
-3202
-2281
-1285
-25
1083
2120
3053
3733
4345
5042
5602
5662
5577
5216
5457
5500
5077
4625
4192
3813
3248
2670
2143
1740
901
312
-245
-621
-951
-1711
-2179
-2818
-3092
-3375
-3647
-3798
-3999
-4231
-4075
-3790
-3528
-2970
-2643
-2020
-1653
-1124
-283
332
779
929
1206
1708
2038
2070
2309
2391
2519
2560
2492
2786
2884
2848
2648
2588
2573
2472
1877
1636
1359
917
579
-106
-303
-745
-1066
-1255
-1504
-1588
-1505
-1420
-1500
-1296
-1084
-751
-778
-666
-478
-342
-339
-348
-440
-557
-798
-969
-1140
-1375
-1419
-1673
-1849
-1767
-1618
-1444
-1401
-1285
-1096
-1011
-843
-847
-978
-1221
-1454
-1935
-2340
-2838
-3254
-3900
-4498
-4712
-4514
-4170
-3852
-3566
-2763
-1751
-774
497
1640
2839
3626
4367
5023
5975
6394
6411
6199
6169
6458
6116
5763
5201
4675
4097
3504
2866
2535
1818
1235
642
-27
-66
-714
-1254
-1795
-2359
-2667
-3009
-3240
-3388
-3703
-3892
-3749
-3513
-3105
-2756
-2276
-1767
-1310
-579
249
796
1175
1476
1814
2283
2365
2646
2609
2635
2845
2713
2760
2833
2786
2614
2487
2374
2313
1918
1546
1252
806
396
-41
-499
-834
-1195
-1372
-1565
-1758
-1622
-1678
-1587
-1511
-1300
-1124
-1113
-1061
-949
-989
-980
-1065
-1238
-1332
-1561
-1713
-1895
-1913
-2033
-2110
-2143
-2150
-1985
-1856
-1719
-1618
-1454
-1389
-1246
-1182
-1373
-1473
-1725
-1910
-2278
-2658
-3011
-3465
-3907
-4420
-4547
-4311
-4078
-3895
-3608
-2865
-1975
-978
-13
1111
2150
2996
3604
4325
5218
5639
5736
5464
5539
5836
5651
5053
4612
4169
3653
3132
2424
2100
1465
776
180
-358
-456
-1014
-1483
-2037
-2371
-2539
-2787
-3045
-3312
-3463
-3682
-3408
-3319
-2918
-2568
-2096
-1676
-1181
-401
320
878
1183
1659
2100
2642
2825
3054
3300
3420
3569
3553
3800
3907
3908
3733
3625
3582
3352
3014
2531
2196
1688
1220
733
218
-24
-459
-618
-875
-923
-819
-831
-687
-747
-484
-367
-400
-569
-486
-535
-712
-922
-1145
-1196
-1487
-1646
-1802
-1896
-1891
-2056
-2068
-1980
-1879
-1673
-1570
-1498
-1465
-1393
-1304
-1380
-1554
-1952
-2120
-2402
-2784
-3167
-3450
-3787
-4195
-4395
-4172
-3753
-3386
-3018
-2568
-1664
-715
327
1285
2190
3123
3740
4218
4939
5489
5558
5385
5170
5482
5366
4899
4425
3941
3502
2884
2135
1586
1059
273
-410
-1199
-1440
-1817
-2470
-2964
-3347
-3633
-3608
-3807
-3818
-3905
-4080
-3852
-3703
-3318
-3039
-2584
-2150
-1840
-1209
-516
77
410
720
1010
1489
1835
1956
2229
2310
2488
2555
2629
2826
2927
2798
2686
2582
2554
2306
1837
1633
1091
822
360
-41
-260
-553
-642
-889
-928
-790
-571
-428
-453
-257
32
169
92
96
117
58
-68
-154
-446
-626
-846
-1065
-1302
-1313
-1459
-1535
-1603
-1532
-1329
-1280
-1186
-1164
-1016
-1005
-942
-1166
-1371
-1583
-1899
-2281
-2816
-3013
-3503
-3795
-4202
-4359
-3991
-3736
-3301
-2966
-2146
-1263
-270
776
1796
2976
3725
4367
4975
5847
6208
6354
6184
6161
6572
6239
5850
5334
4925
4379
3676
2854
2386
1650
815
119
-698
-938
-1554
-2224
-2784
-3224
-3412
-3626
-3844
-3869
-3981
-4058
-3893
-3744
-3302
-3017
-2745
-2273
-1940
-1277
-558
-24
345
652
1139
1652
1875
2203
2402
2610
2827
2838
3048
3216
3186
3016
2872
2720
2627
2114
1756
1385
815
407
-164
-566
-886
-1110
-1373
-1567
-1586
-1445
-1263
-1298
-1263
-1063
-789
-687
-765
-572
-576
-622
-729
-839
-980
-1098
-1394
-1553
-1728
-1763
-1762
-2002
-1959
-1833
-1622
-1561
-1690
-1524
-1304
-1321
-1457
-1639
-1893
-2189
-2545
-2993
-3362
-3850
-4247
-4610
-4999
-4731
-4395
-3982
-3620
-3076
-2072
-1072
19
975
2099
2967
3763
4281
4940
5602
5884
5827
5652
6053
6103
5954
5451
5040
4683
4134
3476
2861
2315
1541
870
44
-254
-736
-1386
-1917
-2582
-2783
-2939
-3215
-3344
-3459
-3691
-3519
-3342
-3072
-2619
-2379
-1861
-1574
-1064
-295
356
625
824
1190
1617
2034
2085
2438
2435
2692
2730
2855
3008
3142
3105
2976
3003
2857
2822
2295
2082
1563
1139
697
274
-47
-464
-662
-900
-949
-955
-809
-806
-674
-549
-366
-187
-95
87
82
83
-11
-89
-237
-379
-553
-716
-897
-1012
-1006
-1076
-1234
-1155
-992
-1002
-970
-927
-880
-760
-730
-869
-1179
-1505
-1826
-2339
-2821
-3309
-3868
-4429
-4902
-5114
-4907
-4712
-4340
-4021
-3386
-2392
-1402
-354
667
1697
2533
3212
3713
4561
5048
5172
5007
5160
5298
5225
4916
4372
4015
3691
3047
2392
1955
1288
650
-71
-682
-924
-1483
-2097
-2626
-3073
-3256
-3522
-3683
-3797
-4051
-4194
-3825
-3614
-3310
-3033
-2683
-2108
-1917
-1226
-515
17
340
581
1014
1379
1675
1754
2056
2080
2291
2362
2585
2927
2864
2829
2723
2727
2737
2432
1978
1745
1299
907
469
52
-271
-552
-807
-1008
-1092
-953
-892
-823
-735
-667
-329
-282
-231
-157
-158
-127
-235
-275
-401
-475
-694
-869
-1021
-1056
-1120
-1260
-1262
-1146
-953
-735
-757
-587
-388
-306
-320
-437
-686
-976
-1308
-1740
-2185
-2684
-3126
-3576
-3990
-3943
-3758
-3404
-3074
-2678
-1778
-872
238
1208
2281
3239
4105
4500
5228
5870
6155
6075
5712
6036
6061
5774
5299
4858
4441
3929
3263
2630
2181
1421
772
41
-480
-740
-1441
-1990
-2606
-2974
-3191
-3564
-3694
-3956
-4196
-4176
-3892
-3705
-3288
-2974
-2468
-2047
-1745
-1009
-345
32
277
482
893
1334
1436
1659
1720
1856
1998
1982
2199
2300
2329
2125
2097
2063
2014
1581
1313
1040
558
162
-364
-576
-1058
-1291
-1515
-1730
-1793
-1695
-1666
-1552
-1424
-1270
-1035
-1033
-886
-760
-756
-729
-752
-841
-915
-1016
-1211
-1349
-1515
-1628
-1675
-1851
-1848
-1664
-1539
-1509
-1326
-1243
-1157
-1043
-1044
-1254
-1388
-1679
-2001
-2381
-2869
-3303
-3650
-4148
-4576
-4536
-4369
-4010
-3591
-3339
-2391
-1585
-587
555
1647
2752
3554
4218
4844
5780
6105
6210
6044
6148
6497
6164
5769
5213
4930
4473
3734
3154
2717
2072
1362
755
137
-134
-734
-1376
-1936
-2375
-2561
-2810
-3097
-3253
-3523
-3489
-3318
-3116
-2747
-2436
-2035
-1601
-1202
-516
191
561
942
1316
1764
2227
2428
2674
2897
2959
3082
3075
3214
3297
3222
2951
2859
2784
2545
2183
1806
1595
1100
677
208
-14
-335
-636
-911
-1066
-1098
-1174
-1125
-1202
-1108
-1018
-979
-935
-881
-830
-747
-880
-850
-981
-1017
-1122
-1226
-1231
-1500
-1551
-1670
-1744
-1854
-1714
-1625
-1699
-1662
-1514
-1411
-1454
-1508
-1667
-1978
-2170
-2542
-2881
-3372
-3752
-4157
-4555
-4730
-4593
-4331
-4073
-3669
-3090
-2139
-1192
-102
985
1986
2964
3604
4290
4996
5501
5624
5430
5515
5752
5494
5097
4548
4159
3673
3030
2382
1962
1273
604
-12
-604
-722
-1351
-1841
-2312
-2784
-2854
-3102
-3235
-3348
-3629
-3694
-3591
-3405
-3150
-2806
-2432
-2023
-1805
-1090
-360
134
467
710
1152
1737
1890
2161
2296
2364
2529
2495
2647
2698
2751
2626
2565
2467
2580
2251
1925
1777
1344
1055
591
307
-86
-355
-600
-787
-935
-963
-827
-876
-780
-744
-479
-393
-376
-193
-216
-168
-106
-137
-149
-258
-457
-560
-653
-806
-799
-953
-1076
-971
-971
-986
-811
-787
-662
-618
-693
-774
-1041
-1252
-1586
-2041
-2433
-2909
-3419
-3802
-4238
-4279
-4020
-3874
-3524
-3202
-2340
-1449
-468
622
1592
2628
3478
4066
4774
5530
5752
5736
5606
5904
5943
5546
5143
4723
4332
3870
3135
2689
2170
1445
849
153
-143
-603
-1185
-1792
-2307
-2701
-2924
-3196
-3391
-3588
-3911
-3786
-3685
-3578
-3177
-2913
-2518
-2223
-1883
-1121
-567
-163
108
413
909
1253
1467
1727
1789
1875
1960
1915
2133
2177
2144
2082
2053
2124
2038
1620
1514
1233
874
558
135
-80
-387
-648
-882
-1087
-1129
-1174
-1179
-1157
-1103
-938
-858
-797
-788
-679
-726
-684
-783
-925
-962
-1146
-1275
-1455
-1533
-1600
-1714
-1887
-1836
-1688
-1635
-1511
-1478
-1312
-1104
-1057
-1090
-1152
-1281
-1555
-1830
-2218
-2591
-2910
-3446
-3795
-4214
-4155
-3965
-3694
-3414
-3038
-2183
-1352
-237
702
1916
2784
3583
4181
4887
5687
5943
6029
5836
6154
6229
5943
5506
5089
4689
4154
3574
3033
2579
1917
1299
631
192
-118
-682
-1244
-1783
-2210
-2415
-2693
-2918
-3141
-3421
-3313
-3138
-2954
-2632
-2324
-1902
-1568
-1234
-486
108
377
650
911
1425
1671
1854
2053
2125
2416
2426
2476
2682
2818
2655
2539
2409
2375
2208
1793
1628
1279
1022
587
242
-42
-425
-631
-903
-994
-1036
-1031
-1083
-1041
-951
-890
-737
-764
-540
-513
-450
-556
-554
-740
-825
-908
-1117
-1243
-1420
-1380
-1585
-1704
-1718
-1607
-1696
-1678
-1589
-1485
-1371
-1353
-1351
-1588
-1781
-2000
-2376
-2742
-3214
-3574
-3968
-4379
-4650
-4591
-4458
-4233
-3832
-3447
-2731
-1893
-865
125
1153
2071
2869
3503
4238
5017
5343
5336
5240
5603
5647
5303
4863
4454
4103
3534
2863
2331
1852
1150
575
-150
-455
-775
-1356
-1873
-2303
-2554
-2635
-2948
-3216
-3270
-3620
-3361
-3285
-3175
-2763
-2589
-2096
-1781
-1364
-559
-83
318
590
982
1549
1896
2097
2311
2475
2611
2730
2679
2938
2957
2737
2653
2577
2535
2265
1862
1621
1315
1000
611
319
38
-175
-406
-598
-700
-737
-673
-708
-645
-613
-350
-274
-247
-189
-75
24
40
9
-108
-122
-190
-358
-407
-551
-619
-677
-870
-830
-706
-817
-790
-842
-782
-683
-770
-794
-1060
-1326
-1470
-1864
-2225
-2572
-3052
-3319
-3691
-3967
-4234
-4150
-3962
-3677
-3245
-2817
-2035
-1254
-157
880
1921
2716
3495
4155
4920
5535
5780
5829
5743
6037
5859
5522
5070
4618
4145
3519
2777
2183
1634
850
226
-476
-934
-1345
-2023
-2527
-2892
-3082
-3267
-3672
-3731
-3870
-3965
-3850
-3773
-3510
-3228
-3017
-2548
-2114
-1627
-934
-552
-99
274
787
1257
1591
1816
2091
2268
2397
2556
2534
2635
2548
2349
2150
1983
1782
1475
1128
879
545
136
-153
-374
-605
-903
-1063
-1204
-1260
-1262
-1194
-1205
-1083
-934
-822
-642
-567
-425
-475
-377
-427
-407
-446
-526
-519
-651
-724
-769
-785
-857
-883
-793
-811
-906
-995
-879
-867
-976
-1025
-1272
-1421
-1631
-1871
-2065
-2475
-2772
-3179
-3527
-3814
-4016
-4133
-3795
-3522
-3120
-2675
-1913
-935
61
1126
2109
3060
3843
4477
5224
5925
6130
6127
6115
6364
6205
5823
5410
4945
4499
3797
3136
2476
1957
1220
636
-31
-344
-705
-1355
-1734
-2054
-2257
-2500
-2715
-2937
-2946
-3090
-2964
-2785
-2618
-2280
-2003
-1603
-1173
-722
-103
292
637
944
1439
1808
2106
2240
2404
2568
2563
2580
2488
2597
2332
2123
1927
1820
1572
1222
834
576
285
-102
-300
-568
-837
-1027
-1222
-1344
-1406
-1454
-1438
-1422
-1305
-1265
-978
-862
-696
-591
-504
-409
-414
-448
-501
-513
-713
-850
-935
-1085
-1148
-1405
-1476
-1502
-1447
-1472
-1478
-1409
-1392
-1383
-1403
-1403
-1634
-1783
-2082
-2358
-2641
-3113
-3418
-3734
-4047
-4366
-4582
-4460
-4067
-3743
-3441
-2819
-2041
-983
-28
1063
2097
2983
3850
4360
5327
5723
5947
5979
5841
6036
5780
5361
4883
4412
3769
3272
2549
1965
1398
790
272
-473
-813
-1189
-1801
-2193
-2477
-2763
-2976
-3208
-3270
-3433
-3679
-3454
-3331
-3155
-2888
-2541
-2003
-1550
-964
-335
194
696
1262
1680
2143
2471
2723
2924
2968
3097
3086
2986
2988
2854
2730
2511
2233
2039
1733
1440
1116
783
382
119
-107
-416
-605
-803
-937
-941
-1013
-927
-905
-773
-602
-475
-340
-291
-67
-72
50
35
-27
10
-118
-268
-358
-446
-608
-757
-903
-888
-925
-930
-895
-919
-877
-767
-856
-831
-991
-1210
-1495
-1669
-1960
-2353
-2701
-3082
-3356
-3659
-3956
-4164
-3986
-3834
-3461
-3061
-2683
-1685
-854
68
1160
2083
3086
3773
4471
5107
5740
6017
5984
5884
5961
5901
5382
4848
4150
3695
2964
2128
1573
972
320
-316
-974
-1506
-1713
-2212
-2549
-2913
-3189
-3335
-3583
-3569
-3704
-3809
-3757
-3572
-3462
-3233
-2864
-2415
-1959
-1651
-997
-392
56
486
869
1393
1819
1990
2219
2364
2494
2510
2395
2391
2184
1989
1714
1459
1195
945
572
263
70
-281
-510
-674
-768
-891
-1094
-1045
-1022
-1095
-855
-742
-573
-413
-271
-59
18
161
211
208
217
103
24
-153
-159
-387
-559
-705
-868
-806
-1005
-949
-992
-1078
-1031
-1104
-1007
-1080
-1123
-1319
-1505
-1713
-1842
-2072
-2426
-2632
-2812
-2910
-3226
-3333
-3430
-3496
-3400
-3035
-2697
-2202
-1648
-1053
-147
781
1829
2854
3705
4523
5240
5969
6687
6963
6869
6648
6725
6510
5969
5316
4666
4096
3304
2528
1891
1298
668
108
-610
-892
-1123
-1578
-1948
-2341
-2529
-2751
-3003
-3203
-3297
-3482
-3383
-3304
-3169
-2774
-2530
-2038
-1691
-1319
-621
17
452
928
1323
1841
2272
2434
2732
2739
2755
2795
2617
2419
2271
1784
1526
1178
795
514
83
-141
-452
-738
-997
-1058
-1302
-1392
-1619
-1605
-1536
-1519
-1293
-1224
-1099
-950
-725
-604
-493
-405
-336
-383
-467
-468
-498
-556
-682
-839
-937
-1057
-1043
-1122
-1258
-1263
-1366
-1387
-1383
-1568
-1557
-1726
-1898
-1986
-2301
-2369
-2598
-2874
-3164
-3391
-3487
-3680
-3867
-4008
-4025
-4075
-3714
-3388
-2828
-2367
-1853
-966
-18
1043
2076
3084
3829
4653
5106
6002
6376
6523
6396
6098
6285
5774
5323
4605
3976
3391
2554
1858
1349
730
162
-454
-977
-1041
-1309
-1713
-1961
-2212
-2367
-2556
-2859
-2876
-2986
-3251
-2987
-2927
-2614
-2270
-1966
-1393
-1021
-372
303
954
1452
1901
2380
2777
3130
3233
3371
3252
3195
3081
2789
2684
2305
2058
1710
1427
1186
918
596
330
117
-177
-227
-399
-445
-581
-628
-602
-642
-528
-426
-388
-362
-157
-12
136
184
166
195
63
-31
-110
-261
-409
-607
-839
-932
-1019
-1173
-1233
-1382
-1397
-1390
-1478
-1538
-1655
-1794
-1885
-2012
-2176
-2362
-2654
-2669
-2993
-3236
-3352
-3420
-3606
-3799
-3894
-3982
-3919
-3744
-3420
-2984
-2438
-1909
-1082
-238
850
1809
2796
3587
4437
5012
5684
6226
6345
6238
5825
5877
5547
4899
4155
3620
2930
2204
1542
946
557
-228
-678
-1253
-1501
-1762
-2147
-2523
-2884
-3084
-3387
-3494
-3662
-3665
-3920
-3755
-3481
-3295
-2847
-2468
-1863
-1527
-1029
-260
488
913
1366
1711
2195
2544
2609
2824
2684
2642
2479
2224
2111
1840
1434
1269
902
609
462
90
68
-203
-415
-462
-558
-563
-738
-803
-789
-714
-609
-434
-323
-165
25
155
313
357
434
447
304
327
160
54
-7
-184
-365
-462
-559
-672
-719
-804
-792
-927
-899
-1028
-1088
-1185
-1351
-1542
-1735
-1923
-1969
-2109
-2376
-2494
-2683
-2729
-2793
-2958
-3113
-3045
-3135
-3053
-2721
-2338
-1821
-1480
-733
43
938
1950
2849
3840
4617
5240
5781
6368
6636
6562
6243
5996
5899
5364
4719
4089
3481
2934
2291
1619
1239
651
87
-381
-868
-1044
-1387
-1848
-2287
-2575
-2721
-2959
-3178
-3270
-3431
-3411
-3150
-2982
-2661
-2327
-1861
-1304
-906
-337
343
775
1128
1515
1834
2276
2358
2509
2440
2245
2186
1944
1693
1445
1224
904
590
260
73
-254
-426
-689
-987
-1026
-1182
-1171
-1309
-1419
-1449
-1369
-1271
-1240
-944
-924
-781
-669
-444
-311
-375
-257
-315
-401
-415
-441
-687
-750
-848
-1082
-1163
-1364
-1435
-1463
-1557
-1550
-1604
-1675
-1741
-1882
-1936
-2024
-2174
-2281
-2321
-2434
-2485
-2585
-2737
-2763
-2902
-2894
-3019
-2977
-2896
-2899
-2743
-2505
-2040
-1481
-1004
-330
406
1253
2233
3121
3989
4701
5168
5624
6134
6428
6384
5989
5754
5650
5259
4577
3976
3439
3009
2288
1605
1180
730
347
-273
-768
-922
-1229
-1685
-1980
-2320
-2444
-2702
-3050
-2945
-3067
-2982
-2744
-2549
-2184
-1636
-1122
-554
-96
444
1172
1574
2026
2282
2544
2948
3071
2987
2964
2854
2829
2616
2218
2165
1929
1641
1311
891
835
515
266
22
-186
-342
-442
-520
-703
-837
-839
-797
-904
-861
-721
-590
-570
-487
-416
-261
-274
-197
-228
-250
-276
-501
-571
-702
-887
-964
-1208
-1358
-1354
-1469
-1556
-1682
-1687
-1799
-1973
-2063
-2102
-2209
-2357
-2502
-2619
-2687
-2807
-2814
-2939
-2970
-2992
-3112
-3086
-3025
-2994
-2984
-3068
-2986
-2514
-2079
-1451
-1129
-596
158
946
1880
2656
3378
4077
4474
4883
5521
5708
5623
5206
4987
4958
4507
3983
3507
2955
2358
1728
1111
792
341
-249
-862
-1303
-1417
-1801
-2298
-2568
-2900
-3204
-3426
-3486
-3360
-3380
-3323
-2993
-2690
-2213
-1668
-1125
-620
-256
334
986
1406
1705
1997
2277
2569
2643
2683
2761
2606
2516
2266
2212
2133
1795
1424
1193
1011
768
467
95
37
-258
-529
-579
-633
-749
-823
-942
-835
-817
-792
-528
-426
-301
-213
-3
206
325
328
378
328
279
290
179
214
62
-135
-267
-347
-340
-478
-674
-816
-971
-1103
-1151
-1276
-1371
-1513
-1746
-1749
-1961
-1936
-1995
-2020
-2199
-2124
-2122
-2027
-1956
-2111
-2040
-2172
-2042
-1980
-1905
-1595
-1210
-842
-490
213
893
1677
2396
3125
3830
4391
4941
5273
5707
5673
5497
5177
5030
4906
4282
3831
3206
2665
2203
1511
935
455
-159
-767
-1307
-1683
-1913
-2415
-2868
-3225
-3450
-3530
-3670
-3584
-3484
-3426
-3184
-2844
-2448
-2011
-1604
-1091
-723
-436
227
770
1041
1193
1467
1766
2052
2021
2214
2117
2031
2000
1709
1581
1392
1025
644
355
66
-155
-592
-828
-1024
-1415
-1512
-1725
-1805
-1812
-1915
-1877
-1817
-1709
-1447
-1179
-1088
-886
-681
-401
-220
-150
-17
9
38
51
98
146
47
-75
-175
-194
-241
-256
-528
-622
-752
-960
-1099
-1308
-1351
-1623
-1770
-1822
-1821
-1861
-1893
-1844
-1987
-1837
-1792
-1618
-1657
-1637
-1553
-1531
-1327
-1274
-1330
-1438
-1175
-929
-625
-188
233
833
1289
2125
2858
3701
4275
4737
5152
5439
5939
6022
5872
5395
5340
5205
4699
4192
3681
3260
2626
1914
1313
935
289
-352
-989
-1497
-1656
-2096
-2388
-2751
-2829
-2902
-2940
-2792
-2600
-2526
-2300
-1934
-1650
-1250
-978
-528
-140
120
526
1027
1404
1633
1843
2151
2386
2383
2453
2427
2261
2172
1838
1654
1374
990
704
291
-4
-367
-753
-1046
-1213
-1529
-1787
-1883
-1925
-1997
-2094
-1991
-1978
-1830
-1667
-1486
-1351
-1272
-1013
-761
-620
-512
-407
-298
-138
-91
-68
-37
-92
-186
-321
-324
-429
-558
-825
-1038
-1073
-1333
-1549
-1730
-1929
-2075
-2197
-2316
-2336
-2414
-2425
-2347
-2252
-2319
-2109
-1992
-1902
-1887
-1981
-1876
-1879
-1935
-1950
-2067
-1911
-1503
-1160
-814
-450
130
784
1457
2294
3132
3770
4196
4547
5006
5357
5398
5253
4865
4841
4661
4287
3714
3295
2825
2166
1654
1061
624
-50
-520
-1060
-1409
-1589
-1857
-2176
-2493
-2592
-2647
-2447
-2441
-2218
-2218
-1946
-1603
-1279
-869
-495
16
273
563
1143
1746
1970
2159
2365
2718
2823
2792
2716
2551
2497
2213
1883
1634
1379
973
601
314
84
-165
-560
-844
-951
-1176
-1308
-1428
-1566
-1670
-1680
-1549
-1582
-1454
-1271
-1075
-757
-650
-276
48
283
425
583
806
872
1056
956
1007
860
755
600
355
170
-111
-379
-633
-773
-1094
-1255
-1590
-1756
-1905
-2000
-2102
-2248
-2206
-2172
-2156
-2135
-2136
-2090
-2037
-1975
-2029
-1960
-1840
-1845
-1754
-1879
-1755
-1696
-1539
-1295
-1005
-611
-326
240
702
1425
2091
2690
3292
3694
4033
4388
4796
4726
4496
4267
4377
4222
3765
3157
2844
2539
1894
1260
633
340
-370
-953
-1522
-1768
-2047
-2430
-2843
-2959
-2914
-2897
-2787
-2735
-2521
-2465
-2105
-1717
-1375
-1042
-688
-268
118
396
756
1199
1350
1464
1556
1732
1852
1804
1681
1610
1537
1316
1119
869
802
467
156
-192
-449
-754
-1072
-1312
-1609
-1831
-2093
-2170
-2208
-2161
-2120
-1843
-1596
-1362
-966
-585
-224
110
417
655
969
1090
1217
1414
1352
1263
1110
1069
899
840
622
569
391
203
-6
-160
-330
-689
-924
-1219
-1296
-1379
-1620
-1735
-1732
-1813
-1863
-1812
-1787
-1682
-1621
-1478
-1396
-1288
-1078
-988
-886
-881
-855
-716
-777
-760
-534
-309
-23
174
440
877
1473
2115
2587
3217
3749
4137
4418
4855
5108
5059
4861
4598
4768
4506
3982
3465
3033
2533
1899
1176
585
43
-588
-1102
-1785
-1781
-2115
-2478
-2629
-2650
-2571
-2467
-2285
-2130
-1892
-1789
-1323
-1050
-869
-623
-485
-150
-172
34
291
466
524
542
623
911
1001
931
1031
869
973
759
541
432
133
-276
-647
-1026
-1319
-1616
-2063
-2134
-2340
-2499
-2452
-2424
-2182
-2097
-1707
-1476
-1129
-735
-416
-91
68
314
368
565
574
725
726
572
661
597
531
472
303
118
19
-72
-291
-485
-733
-897
-1137
-1340
-1550
-1685
-1881
-1990
-2089
-2295
-2207
-2217
-2147
-2099
-1852
-1705
-1497
-1246
-1131
-874
-852
-706
-602
-623
-567
-696
-727
-955
-1064
-790
-558
-322
-154
266
767
1378
1957
2664
3321
3759
4110
4547
5147
5325
5265
4933
4871
4896
4594
4120
3622
3120
2719
1986
1408
1084
538
42
-475
-794
-885
-949
-1250
-1344
-1438
-1390
-1371
-1445
-1278
-1311
-1269
-1284
-1235
-1189
-1020
-876
-783
-722
-373
38
365
463
724
972
1234
1258
1235
1268
1198
984
693
483
235
58
-522
-696
-1008
-1224
-1363
-1535
-1525
-1574
-1478
-1344
-1157
-1072
-872
-593
-399
-266
-74
96
191
311
301
387
364
319
271
386
343
348
285
233
286
151
-74
-305
-437
-660
-943
-1263
-1456
-1718
-2012
-2114
-2278
-2311
-2369
-2361
-2271
-2223
-2068
-1831
-1653
-1597
-1515
-1322
-1219
-1130
-1227
-1106
-1162
-1233
-1287
-1470
-1311
-1454
-1549
-1421
-1201
-761
-493
-292
219
881
1422
2021
2687
3145
3609
3907
4109
4505
4609
4442
4259
4198
4204
3932
3480
3138
2830
2388
1810
1438
1071
554
73
-365
-811
-914
-1272
-1571
-1881
-2117
-2165
-2229
-2243
-2333
-2292
-2312
-2014
-1950
-1734
-1480
-1196
-830
-716
-298
90
347
484
677
940
1172
1222
1290
1257
1331
1244
1124
963
864
639
431
256
154
114
-153
-246
-416
-360
-420
-443
-441
-459
-366
-220
-131
-34
148
273
426
487
739
846
979
910
946
996
894
942
775
663
592
442
223
37
-191
-411
-681
-885
-1106
-1200
-1357
-1496
-1498
-1576
-1483
-1485
-1503
-1464
-1310
-1205
-1270
-1287
-1137
-1181
-1152
-1229
-1189
-1140
-1043
-1115
-1106
-956
-933
-832
-908
-973
-882
-721
-475
-252
-80
176
483
888
1357
1893
2282
2695
2954
3318
3860
4150
4250
4016
4132
4287
4138
3781
3371
3027
2480
1796
1210
728
57
-572
-1284
-1722
-1999
-2358
-2729
-2793
-3028
-3119
-3087
-3066
-2761
-2940
-2790
-2686
-2476
-2280
-2038
-1870
-1724
-1451
-1099
-719
-483
-34
169
510
758
998
1251
1356
1342
1347
1276
1125
1074
716
447
106
-141
-233
-583
-843
-879
-953
-1025
-1083
-953
-837
-713
-608
-462
-366
-104
32
54
206
304
457
415
608
585
693
606
557
578
490
548
486
381
213
102
81
-16
-149
-245
-456
-481
-601
-649
-697
-878
-793
-930
-903
-899
-785
-786
-719
-706
-659
-524
-428
-310
-217
-135
-72
21
50
59
4
-143
-209
-396
-496
-441
-371
-266
-244
91
293
847
1486
1977
2625
3153
3704
4150
4690
5022
5203
5029
4919
4917
4678
4165
3505
2915
2381
1662
996
457
-163
-649
-1383
-1864
-2033
-2258
-2568
-2808
-2984
-3036
-2969
-2936
-2892
-2918
-2880
-2773
-2595
-2334
-2230
-1757
-1610
-1330
-953
-494
-85
163
433
724
1060
1223
1313
1256
1252
1175
984
697
422
183
-153
-698
-927
-1065
-1408
-1528
-1715
-1711
-1733
-1642
-1502
-1378
-1222
-1104
-798
-720
-461
-271
-168
-165
-114
2
51
119
139
40
56
196
141
38
-62
-84
-220
-314
-285
-284
-431
-670
-712
-738
-800
-929
-1032
-1121
-1101
-1166
-1139
-1051
-975
-913
-863
-778
-534
-434
-412
-297
-331
-183
-90
-24
-69
-191
-294
-317
-448
-694
-901
-956
-946
-976
-753
-542
-193
252
718
1401
2121
2795
3348
3661
4175
4653
4961
4945
4803
4853
4695
4435
4033
3471
3032
2427
1890
1250
756
233
-344
-797
-1321
-1502
-1837
-2028
-2177
-2397
-2326
-2359
-2297
-2134
-2118
-2030
-1842
-1587
-1347
-1013
-721
-390
-38
176
650
932
1248
1344
1533
1786
1833
1881
1758
1683
1365
1239
871
533
161
-256
-630
-915
-1113
-1438
-1533
-1589
-1534
-1587
-1351
-1133
-912
-795
-620
-401
-161
-29
-8
102
137
79
174
131
110
223
17
67
90
16
116
71
-39
-14
-78
-138
-256
-431
-628
-772
-838
-1046
-1235
-1296
-1308
-1375
-1407
-1397
-1328
-1260
-1180
-1063
-971
-891
-668
-663
-630
-513
-526
-394
-562
-531
-596
-730
-872
-1095
-1244
-1265
-1543
-1863
-1802
-1716
-1348
-1180
-994
-488
39
715
1341
2037
2749
3195
3402
3831
4225
4259
4140
3838
3791
3626
3238
2825
2415
1981
1418
814
385
33
-515
-1019
-1531
-1666
-1886
-2105
-2235
-2385
-2399
-2304
-2213
-2065
-1957
-1877
-1642
-1294
-1150
-806
-432
-151
125
360
720
1089
1216
1259
1329
1552
1568
1381
1236
1088
947
626
364
86
-239
-574
-741
-971
-1049
-1173
-1217
-1057
-1020
-830
-586
-318
-198
7
97
381
457
604
726
722
709
783
905
933
950
924
930
1006
1174
1084
1026
917
809
752
685
524
451
233
20
-139
-182
-393
-518
-575
-689
-654
-672
-581
-592
-508
-437
-379
-269
-217
-129
-75
-156
-169
-212
-344
-456
-592
-806
-866
-1031
-1229
-1329
-1445
-1534
-1663
-1748
-1782
-1705
-1607
-1367
-1080
-827
-532
-130
375
854
1376
1868
2391
2670
2950
3295
3499
3617
3469
3447
3322
3165
2797
2380
2009
1587
1057
463
71
-443
-942
-1531
-1849
-2036
-2256
-2421
-2491
-2537
-2387
-2295
-2116
-1902
-1855
-1643
-1499
-1308
-1167
-1043
-847
-679
-697
-533
-354
-215
-206
-201
-155
-102
-144
-155
-156
-210
-263
-444
-498
-588
-648
-752
-870
-799
-769
-703
-595
-430
-262
-145
118
282
495
706
683
991
1040
1057
1117
1142
1128
1039
1013
871
786
574
443
361
249
147
57
12
-82
-136
-193
-340
-305
-387
-385
-411
-310
-238
-149
9
125
277
221
431
534
537
620
534
578
527
407
311
183
-48
-109
-330
-555
-702
-857
-933
-1124
-1257
-1410
-1431
-1437
-1389
-1197
-963
-691
-389
21
499
1008
1505
2018
2454
2828
3184
3434
3691
3672
3633
3584
3638
3456
3153
2772
2366
2010
1483
959
420
-45
-603
-1115
-1451
-1718
-1869
-2084
-2194
-2165
-2141
-1980
-1839
-1625
-1562
-1403
-1258
-1047
-902
-909
-746
-645
-710
-587
-528
-433
-399
-480
-360
-349
-267
-300
-295
-231
-302
-425
-498
-582
-639
-811
-1028
-1083
-1106
-1220
-1186
-1154
-1007
-859
-661
-286
-78
276
425
636
821
1035
1018
1100
1043
760
646
407
322
-35
-306
-494
-683
-752
-935
-938
-906
-970
-996
-988
-895
-829
-913
-773
-735
-570
-562
-409
-245
-174
-7
-122
88
123
247
168
85
48
-31
-46
-147
-178
-250
-280
-371
-460
-554
-558
-611
-751
-825
-879
-912
-959
-1025
-1043
-954
-805
-653
-364
-56
344
780
1294
1865
2348
2789
3167
3643
3944
4189
4307
4244
4253
4030
3793
3565
3123
2692
2228
1627
1153
686
164
-276
-725
-1074
-1282
-1424
-1572
-1666
-1750
-1544
-1441
-1306
-1128
-1121
-917
-832
-745
-702
-617
-482
-547
-546
-442
-362
-310
-141
-158
-79
74
-15
116
12
-4
-49
-250
-326
-375
-511
-627
-640
-722
-597
-630
-426
-307
-174
24
193
371
495
682
733
826
876
787
676
629
515
404
172
53
-143
-328
-411
-438
-534
-655
-742
-663
-624
-699
-749
-712
-708
-704
-736
-816
-680
-670
-669
-651
-551
-384
-306
-295
-245
-151
-184
-148
-191
-265
-284
-362
-370
-596
-733
-758
-943
-1106
-1203
-1271
-1298
-1519
-1636
-1669
-1754
-1697
-1913
-1905
-1921
-1783
-1590
-1437
-1217
-883
-545
-160
342
872
1400
1840
2174
2579
2956
3189
3390
3369
3450
3416
3240
3151
2879
2567
2254
1740
1397
985
566
121
-233
-554
-732
-847
-973
-924
-975
-843
-740
-598
-439
-404
-379
-397
-405
-321
-361
-396
-483
-594
-520
-552
-503
-395
-379
-354
-161
-94
-32
24
-4
38
68
109
101
43
88
124
175
206
303
419
441
648
697
798
890
928
1011
1034
986
946
965
804
641
598
351
248
196
20
59
41
-21
-1
-52
-28
-36
-19
-147
-167
-120
-171
-148
-98
-57
-120
-81
-40
77
182
239
273
362
451
477
417
388
342
193
94
-107
-296
-510
-635
-781
-987
-1177
-1345
-1520
-1626
-1692
-1826
-1910
-1976
-2016
-2062
-2163
-2201
-2229
-2232
-2048
-1991
-1799
-1602
-1302
-950
-326
122
718
1280
1685
2386
2686
3164
3322
3383
3528
3430
3337
3035
2674
2249
1891
1221
825
336
-55
-409
-850
-931
-1135
-1103
-1130
-1148
-1185
-1127
-1088
-1082
-1108
-1240
-1325
-1475
-1608
-1712
-1766
-1805
-1891
-1844
-1679
-1500
-1310
-1140
-944
-684
-447
-182
0
115
339
491
502
524
670
693
621
647
710
741
827
951
995
1044
1136
1128
1253
1184
1125
1068
882
768
676
529
211
97
-35
-153
-198
-359
-368
-348
-441
-374
-415
-362
-319
-247
-245
-165
-41
56
115
170
292
353
523
619
746
854
999
1024
1129
1107
1161
1059
949
862
800
701
449
385
176
-57
-191
-425
-616
-746
-822
-929
-1059
-1204
-1280
-1412
-1525
-1736
-1910
-1978
-2210
-2274
-2233
-2100
-1914
-1682
-1490
-1019
-529
59
696
1309
1924
2431
2851
3432
3726
3941
3943
3941
3907
3748
3467
3097
2734
2255
1794
1344
1011
599
292
-37
-234
-426
-665
-818
-971
-1276
-1515
-1720
-1851
-2113
-2357
-2586
-2787
-2924
-3046
-3055
-2992
-2896
-2803
-2513
-2172
-1821
-1499
-1173
-902
-434
-191
32
227
342
509
545
580
559
698
625
641
604
685
764
732
771
822
782
787
716
683
444
262
165
-112
-197
-392
-504
-636
-842
-859
-913
-890
-953
-834
-863
-648
-596
-584
-355
-492
-267
-269
-84
-26
59
297
310
480
535
712
756
891
852
916
1012
918
952
892
895
717
668
468
316
182
-141
-150
-417
-525
-667
-835
-851
-1090
-1156
-1249
-1315
-1397
-1525
-1488
-1607
-1602
-1650
-1683
-1677
-1662
-1678
-1663
-1560
-1351
-1081
-865
-490
-90
308
897
1550
2158
2778
3258
3715
4064
4466
4815
4889
4799
4772
4740
4572
4282
3954
3608
3126
2727
2200
1768
1289
757
75
-479
-871
-1434
-1844
-2475
-2824
-3083
-3343
-3429
-3531
-3509
-3632
-3300
-3202
-2974
-2583
-2364
-2027
-1776
-1474
-1106
-693
-461
-204
54
345
572
767
887
1073
1215
1187
1282
1360
1403
1338
1275
1139
1138
907
793
530
341
110
-207
-373
-673
-826
-1014
-1197
-1290
-1325
-1364
-1319
-1363
-1336
-1290
-1178
-1116
-1076
-1024
-951
-808
-667
-623
-549
-328
-264
-190
-74
48
265
321
377
539
588
659
725
700
686
645
534
471
258
84
-4
-298
-452
-621
-816
-969
-1227
-1325
-1489
-1603
-1725
-1816
-1900
-1973
-1997
-2037
-2039
-2123
-2067
-2148
-2085
-2008
-1971
-1906
-1839
-1700
-1478
-1143
-841
-515
-51
466
1162
1730
2500
3122
3676
4201
4682
5157
5416
5606
5529
5597
5501
5289
4930
4482
3994
3447
2833
2248
1659
893
255
-394
-859
-1262
-1705
-2190
-2449
-2704
-2823
-2881
-2964
-2903
-2998
-2812
-2732
-2475
-2313
-2042
-1633
-1410
-1202
-841
-378
-147
217
375
698
1020
1204
1420
1461
1654
1682
1789
1758
1814
1739
1564
1537
1332
1304
1104
945
740
508
346
57
-138
-477
-670
-893
-1076
-1253
-1281
-1357
-1473
-1359
-1458
-1337
-1233
-1077
-957
-818
-550
-417
-227
-107
31
140
261
392
410
523
475
559
380
349
352
234
177
94
-34
-76
-220
-348
-491
-659
-699
-973
-970
-1152
-1210
-1465
-1473
-1611
-1728
-1762
-1937
-1908
-2071
-2049
-2173
-2124
-2228
-2262
-2258
-2283
-2146
-2138
-1905
-1842
-1679
-1494
-1335
-1093
-916
-632
-484
-210
40
318
598
862
1243
1586
1870
2229
2534
2870
3271
3629
3933
4104
4389
4374
4494
4473
4306
4126
3750
3470
3070
2669
2158
1654
1105
561
-33
-635
-1052
-1606
-1995
-2414
-2704
-2830
-3051
-3125
-3095
-3096
-3056
-2872
-2728
-2486
-2303
-2066
-1865
-1572
-1330
-1054
-738
-443
-89
191
660
982
1237
1545
1775
2093
2313
2458
2551
2614
2564
2496
2476
2205
2037
1632
1357
984
710
456
175
-130
-352
-472
-614
-659
-678
-765
-673
-662
-598
-520
-480
-312
-389
-355
-246
-235
-201
-188
-188
-79
-64
-80
-9
17
61
102
131
226
184
151
135
200
117
54
-21
-32
-150
-235
-307
-526
-594
-761
-984
-1115
-1376
-1589
-1685
-1906
-2104
-2209
-2340
-2389
-2516
-2616
-2546
-2537
-2463
-2390
-2196
-2057
-1793
-1551
-1320
-1141
-848
-558
-284
268
531
1039
1305
1870
2328
2805
3394
3765
4196
4339
4702
4870
4961
4866
4447
4340
3997
3537
2962
2384
1822
1229
430
-291
-751
-1481
-2020
-2704
-3044
-3357
-3660
-3845
-4063
-4102
-4140
-3973
-3887
-3645
-3514
-3239
-2917
-2701
-2291
-2058
-1530
-1173
-886
-340
99
666
954
1259
1619
1986
2256
2358
2466
2543
2501
2387
2259
2143
1948
1626
1380
1141
921
703
495
258
2
-64
-206
-355
-399
-660
-677
-831
-974
-985
-1173
-1139
-1207
-1217
-1127
-1042
-844
-713
-571
-405
-174
-29
150
510
624
777
904
979
1194
1202
1308
1328
1351
1476
1442
1573
1564
1498
1437
1293
1308
1149
927
657
407
98
-232
-540
-863
-1150
-1440
-1631
-1786
-1887
-1966
-1993
-1913
-1880
-1730
-1526
-1250
-999
-689
-439
-182
179
406
724
992
1193
1328
1544
1633
1651
1696
1754
1716
1664
1592
1573
1507
1413
1274
1233
1069
858
740
526
391
154
-67
-393
-553
-832
-950
-1150
-1336
-1438
-1589
-1562
-1672
-1719
-1768
-1797
-1878
-1949
-1987
-1959
-1787
-1719
-1527
-1314
-1072
-748
-362
60
523
956
1352
1636
1916
2195
2364
2451
2346
2225
2260
2006
1643
1406
1134
676
244
-192
-480
-694
-1118
-1399
-1667
-1842
-1944
-2109
-2231
-2352
-2328
-2335
-2393
-2322
-2404
-2384
-2254
-2238
-2087
-1915
-1718
-1441
-1318
-1062
-663
-490
-228
-57
236
471
658
800
1012
1127
1279
1266
1217
1395
1295
1330
1251
1262
1299
1342
1372
1302
1304
1226
1222
1140
1013
954
775
666
499
410
301
169
165
73
79
72
82
136
217
200
347
484
671
770
911
1120
1251
1386
1373
1584
1650
1667
1691
1675
1774
1687
1673
1612
1448
1280
1196
933
759
481
173
-33
-261
-487
-712
-860
-1152
-1195
-1362
-1364
-1397
-1388
-1354
-1377
-1329
-1282
-1244
-1152
-1197
-1141
-1138
-1011
-968
-981
-864
-895
-809
-737
-742
-680
-567
-473
-380
-313
-192
-103
-177
-18
15
-8
74
127
148
122
218
219
155
195
194
215
216
149
119
16
-96
-123
-116
-208
-196
-244
-238
-146
-7
79
249
525
628
767
896
1062
1202
1193
996
952
880
734
439
118
-153
-472
-867
-1226
-1481
-1690
-1881
-2123
-2183
-2076
-2096
-2074
-2064
-1882
-1688
-1578
-1367
-1319
-1070
-945
-840
-702
-486
-480
-418
-243
-211
15
71
281
443
478
654
807
925
1049
1064
1116
1139
1137
1118
1012
986
892
738
634
631
674
517
576
550
685
704
667
830
801
813
820
851
840
832
790
684
762
686
700
748
636
644
591
702
630
732
631
626
600
530
625
492
531
510
444
318
256
176
135
37
-36
-64
-183
-208
-251
-266
-351
-387
-483
-548
-563
-711
-695
-783
-809
-758
-831
-715
-670
-581
-459
-361
-224
-128
57
157
296
399
471
558
424
523
487
437
328
185
115
-52
-166
-242
-305
-483
-534
-586
-624
-617
-650
-571
-616
-716
-730
-743
-716
-748
-761
-798
-706
-622
-580
-504
-466
-420
-354
-323
-253
-184
-174
-127
-84
-116
-113
-172
-159
-288
-388
-518
-534
-658
-761
-798
-857
-938
-1022
-1029
-861
-661
-500
-314
-166
177
594
850
1208
1458
1740
1936
2064
2337
2389
2373
2187
2020
2104
1972
1570
1298
988
755
357
-38
-306
-718
-1008
-1404
-1657
-1645
-1820
-1936
-1980
-1899
-1886
-1790
-1691
-1539
-1446
-1417
-1249
-1007
-809
-779
-608
-342
-165
-23
245
466
656
670
827
1043
1195
1256
1239
1273
1284
1285
1181
1202
1084
987
825
685
655
491
340
245
106
-35
-118
-270
-257
-388
-513
-610
-501
-538
-545
-539
-550
-511
-460
-401
-380
-314
-323
-199
-178
-21
101
130
233
437
474
602
650
849
883
1038
1041
1098
1163
1187
1171
1051
995
886
810
596
589
432
323
240
47
43
-158
-232
-461
-591
-663
-807
-841
-871
-866
-963
-880
-912
-820
-817
-807
-662
-609
-490
-523
-300
-263
-128
-69
49
119
152
214
291
416
477
460
519
605
618
630
676
708
686
619
647
607
610
580
401
318
189
79
-84
-124
-324
-429
-494
-551
-618
-748
-718
-794
-712
-747
-791
-706
-615
-577
-573
-505
-361
-320
-295
-221
-198
-92
-84
-76
-95
-44
-57
-73
-97
-92
-82
-155
-138
-161
-118
-158
-228
-173
-282
-211
-213
-232
-206
-293
-244
-276
-280
-358
-279
-384
-480
-563
-597
-645
-692
-741
-798
-791
-741
-752
-765
-680
-707
-665
-683
-680
-601
-578
-505
-508
-484
-315
-328
-249
-215
-119
-36
60
137
170
192
160
282
245
134
235
219
243
306
291
423
657
823
1057
1243
1488
1743
2012
2186
2450
2686
2735
2765
2766
2844
2817
2529
2264
2152
1946
1640
1184
988
642
332
-28
-386
-487
-841
-1008
-1237
-1315
-1240
-1318
-1343
-1351
-1228
-1228
-1031
-820
-640
-566
-394
-176
70
293
385
740
944
1143
1301
1383
1660
1628
1506
1366
1264
1071
751
496
222
46
-370
-661
-747
-1022
-1283
-1503
-1649
-1620
-1736
-1788
-1889
-1944
-1913
-1928
-1884
-1792
-1692
-1701
-1558
-1331
-1226
-1045
-881
-577
-269
-106
151
436
561
727
791
960
1054
909
913
805
763
605
511
325
141
-68
-297
-469
-610
-885
-1071
-1144
-1341
-1362
-1413
-1430
-1520
-1475
-1541
-1553
-1518
-1371
-1293
-1271
-1134
-941
-789
-533
-357
-118
143
270
633
806
1113
1220
1431
1527
1606
1638
1563
1601
1572
1464
1320
1303
1165
941
856
707
707
532
400
328
318
152
58
-29
-80
-112
-292
-356
-436
-327
-352
-391
-446
-361
-351
-304
-190
-98
35
77
270
330
375
486
514
663
669
652
704
795
850
768
793
745
755
659
627
628
530
463
406
304
318
221
170
77
45
-56
-117
-84
-192
-167
-226
-113
-45
-20
41
20
207
172
287
308
277
417
258
323
388
380
340
350
285
266
255
138
193
103
-3
-49
-142
-196
-246
-329
-471
-493
-620
-582
-691
-821
-826
-839
-834
-877
-787
-807
-820
-825
-767
-755
-688
-585
-602
-459
-462
-396
-367
-348
-284
-302
-215
-328
-351
-401
-386
-494
-517
-545
-669
-544
-517
-463
-499
-504
-489
-495
-407
-420
-459
-455
-416
-397
-430
-317
-353
-192
-230
-115
-71
-72
94
19
143
113
193
243
250
271
375
457
469
544
525
635
660
660
649
681
678
538
635
499
501
422
401
359
314
324
223
146
144
133
68
80
-3
-21
-103
-88
-131
-166
-186
-264
-293
-324
-270
-366
-293
-210
-130
-154
1
169
204
286
264
430
401
530
519
535
501
396
383
301
315
199
74
69
38
22
-82
-85
-155
-293
-226
-190
-113
-138
-61
-15
180
153
270
331
370
465
431
564
526
729
642
691
713
756
800
840
912
897
945
955
1008
1086
1034
1013
960
951
876
780
702
567
505
285
181
70
-132
-173
-300
-480
-633
-690
-814
-848
-956
-1012
-963
-1060
-972
-1075
-882
-905
-867
-760
-738
-573
-576
-454
-385
-299
-256
-169
-143
-117
-81
-85
21
-137
-63
-66
-86
-155
-269
-286
-386
-329
-483
-483
-533
-537
-611
-550
-610
-596
-592
-565
-599
-483
-532
-435
-418
-470
-385
-366
-270
-274
-177
-140
-62
-75
10
57
126
220
215
270
318
388
406
369
300
354
304
235
202
84
77
56
48
-69
-135
-246
-237
-321
-432
-500
-545
-536
-602
-605
-622
-621
-629
-598
-582
-557
-475
-499
-444
-407
-268
-130
-44
62
125
245
301
422
381
515
588
545
661
709
754
684
703
623
667
581
611
537
500
562
512
588
612
616
734
699
812
846
884
905
895
838
845
755
765
719
599
558
435
495
435
448
348
381
266
268
173
169
124
29
-7
-15
-64
-204
-201
-274
-329
-331
-412
-426
-414
-468
-461
-468
-440
-481
-487
-400
-442
-441
-406
-410
-411
-376
-316
-325
-170
-181
-67
22
101
216
376
496
659
774
754
850
900
841
752
640
665
581
442
296
190
99
-52
-182
-405
-548
-661
-857
-1053
-1029
-1152
-1209
-1340
-1320
-1358
-1360
-1400
-1320
-1209
-1173
-1018
-872
-749
-663
-525
-404
-285
-285
-194
-143
24
-20
-21
-12
40
92
-5
128
114
118
35
-63
-116
-90
-217
-285
-350
-336
-397
-425
-426
-485
-483
-528
-453
-356
-318
-253
-157
-140
-17
114
234
264
419
487
679
674
753
731
717
848
793
653
739
656
628
715
548
622
495
445
340
278
215
167
137
9
33
78
27
-3
0
-49
-132
-106
-146
-140
-103
-117
-58
25
105
249
280
393
544
595
672
741
739
791
754
793
859
840
835
774
777
759
703
669
666
546
609
493
476
451
465
421
361
367
216
176
72
42
-107
-122
-191
-226
-216
-257
-245
-247
-207
-300
-181
-161
-88
-121
-133
-217
-259
-291
-335
-422
-510
-567
-617
-636
-702
-652
-708
-706
-651
-633
-553
-625
-455
-468
-522
-443
-489
-415
-551
-512
-570
-636
-529
-604
-562
-583
-542
-516
-411
-384
-316
-223
-166
-196
-188
-12
-56
-14
-49
-1
-3
-87
-70
-47
-163
-188
-219
-207
-262
-233
-148
-245
-226
-267
-223
-187
-186
-286
-212
-183
-253
-202
-282
-275
-259
-218
-174
-161
-129
-72
-22
-58
90
66
106
128
112
130
151
218
115
114
69
145
113
106
119
31
155
148
223
142
164
216
198
256
211
282
284
340
328
252
395
308
414
461
400
502
439
537
523
589
617
676
819
716
941
855
882
917
839
904
836
794
795
781
639
628
602
453
390
330
331
376
289
274
229
182
93
57
22
-87
-44
-176
-101
-185
-134
-240
-229
-256
-317
-264
-353
-300
-299
-295
-219
-261
-279
-236
-241
-278
-187
-169
-190
-95
-132
-19
-76
-35
2
-4
-117
-50
-73
-15
-141
-255
-232
-263
-318
-421
-448
-488
-580
-507
-568
-584
-503
-623
-526
-543
-479
-451
-503
-465
-438
-417
-388
-304
-361
-299
-202
-209
-86
-97
-121
6
29
47
116
5
41
29
10
-22
23
-108
-127
-148
-106
-84
-118
-119
-142
-105
-137
-147
-126
-73
-106
-55
23
-50
37
-70
-36
-103
-126
-144
-211
-145
-242
-179
-84
-92
-19
-35
97
118
113
184
180
294
199
173
188
98
78
51
-32
23
-90
-69
-190
-144
-193
-163
-120
-196
-125
-216
-90
-129
-185
-48
-169
-107
-127
-80
-110
-104
0
-28
111
42
211
283
312
431
470
534
513
717
675
697
745
661
743
728
701
662
639
667
653
653
604
642
573
397
398
395
290
236
150
120
81
41
-28
45
-48
-112
-53
-42
-43
62
-23
-8
70
-3
89
150
104
136
145
133
117
121
15
-29
-157
-218
-256
-354
-344
-445
-445
-524
-443
-427
-537
-457
-511
-460
-500
-518
-510
-487
-437
-427
-329
-365
-318
-238
-281
-209
-184
-156
-113
-50
-28
54
95
75
158
142
216
254
209
237
298
233
198
127
122
130
87
65
-8
78
32
49
-9
-41
22
-107
-58
-147
-153
-146
-166
-182
-259
-145
-206
-224
-233
-179
-199
-176
-79
-124
-101
-90
-178
-171
-256
-276
-298
-303
-370
-419
-389
-396
-418
-468
-444
-434
-465
-482
-506
-517
-466
-474
-511
-499
-486
-435
-358
-258
-178
-125
-30
-38
62
73
71
160
203
275
295
418
389
473
587
613
669
604
621
605
679
648
642
698
663
707
791
681
728
713
635
566
534
558
455
504
381
373
375
315
293
296
348
325
300
333
311
372
378
371
433
433
480
465
444
577
456
505
432
339
400
236
285
225
191
121
122
29
25
18
-78
-50
-88
-161
-135
-178
-249
-219
-313
-374
-389
-413
-475
-384
-464
-397
-441
-415
-401
-431
-400
-396
-278
-391
-310
-361
-279
-313
-286
-249
-383
-253
-271
-302
-201
-257
-277
-283
-266
-332
-321
-301
-459
-457
-449
-435
-435
-472
-371
-376
-377
-242
-331
-216
-234
-278
-246
-245
-256
-288
-251
-256
-244
-320
-285
-183
-205
-211
-193
-160
-173
-181
-184
-154
-104
-188
-172
-189
-143
-192
-149
-110
-165
-66
-83
1
43
-10
-1
15
29
-12
54
108
93
127
65
91
40
26
14
-87
-81
-106
-189
-111
-206
-147
-210
-133
-95
-100
-57
-8
27
-1
118
-50
40
68
72
64
169
221
161
231
191
294
324
289
396
450
413
413
494
483
467
483
503
519
566
571
631
596
526
531
518
543
486
468
539
485
504
585
523
565
489
587
547
567
588
556
591
463
584
530
542
460
401
460
437
392
290
371
307
274
240
201
152
68
11
1
-15
-102
-154
-227
-220
-311
-318
-373
-376
-399
-426
-334
-447
-333
-380
-416
-379
-487
-393
-432
-439
-421
-478
-495
-505
-525
-560
-549
-553
-615
-547
-578
-513
-619
-564
-521
-520
-477
-459
-379
-370
-378
-381
-319
-328
-387
-363
-383
-300
-390
-371
-329
-320
-312
-265
-250
-190
-154
-229
-92
-161
-57
-108
-37
-36
-53
44
-31
18
-30
-43
-19
-35
-89
-70
-7
-53
-15
-71
-109
-57
-172
-112
-178
-159
-276
-187
-192
-183
-150
-244
-208
-251
-105
-178
-87
-70
-33
13
29
95
79
85
148
112
118
153
167
147
146
74
132
151
88
137
167
223
246
305
351
466
415
475
436
414
440
447
384
390
404
363
345
270
371
255
370
331
354
392
313
441
439
449
428
443
457
478
395
486
403
374
387
358
313
210
223
283
261
193
240
242
200
279
239
215
309
278
312
321
361
286
256
279
128
209
55
79
0
-28
123
91
187
152
244
237
249
289
206
163
111
60
-20
-108
-130
-184
-203
-229
-262
-278
-283
-332
-312
-374
-376
-305
-373
-285
-279
-277
-345
-378
-368
-489
-377
-469
-484
-520
-511
-494
-491
-501
-434
-439
-430
-314
-430
-315
-363
-275
-374
-335
-347
-393
-371
-525
-552
-633
-642
-639
-698
-706
-729
-652
-697
-681
-605
-654
-536
-554
-518
-390
-462
-353
-339
-276
-307
-270
-195
-209
-154
-151
-34
-33
55
8
5
70
89
114
157
136
122
197
181
179
211
134
78
179
189
192
227
155
175
214
205
241
316
331
361
433
433
409
428
385
391
390
417
351
334
330
256
406
323
342
449
463
487
596
557
550
556
490
389
402
279
336
259
199
318
231
354
358
455
459
505
538
560
574
497
547
478
539
497
495
472
351
422
311
366
219
313
306
317
333
237
370
267
335
263
330
284
248
223
142
135
115
84
22
-8
-74
-27
-90
-85
-141
-133
-218
-207
-203
-158
-210
-248
-294
-263
-278
-292
-301
-420
-397
-403
-345
-428
-378
-339
-389
-417
-480
-416
-427
-450
-454
-470
-404
-429
-432
-382
-357
-441
-376
-403
-407
-479
-502
-482
-524
-477
-611
-566
-593
-578
-534
-614
-584
-619
-539
-596
-544
-589
-584
-496
-519
-492
-456
-402
-446
-326
-390
-376
-301
-324
-268
-236
-143
-86
-28
8
-20
48
-2
46
44
109
118
119
107
120
42
73
14
-116
-62
-207
-114
-74
-93
-48
-131
-12
26
114
106
78
167
162
260
255
281
269
376
419
444
568
514
586
631
584
678
634
621
631
649
645
618
571
616
583
557
618
536
508
568
475
459
431
401
399
253
308
293
285
259
275
287
263
338
263
320
321
347
388
286
326
267
222
244
198
232
175
154
249
263
232
302
210
256
254
207
193
220
251
166
169
177
179
130
136
75
24
-44
-156
-113
-275
-150
-160
-159
-63
-58
51
75
18
-28
-118
-126
-204
-301
-336
-371
-371
-371
-429
-494
-483
-490
-524
-475
-488
-505
-512
-478
-429
-587
-483
-572
-538
-525
-450
-484
-449
-498
-515
-516
-509
-498
-446
-432
-456
-441
-442
-426
-438
-444
-469
-449
-382
-391
-411
-428
-381
-402
-418
-348
-285
-321
-292
-265
-244
-277
-236
-123
-233
-65
-114
-106
14
-15
-39
22
-5
-55
41
13
94
92
13
81
109
102
58
80
120
126
103
121
78
152
122
100
141
168
123
124
148
158
234
125
87
178
201
228
272
272
273
320
359
363
452
409
428
534
459
485
485
418
448
413
494
366
296
348
257
366
281
412
302
342
296
382
298
280
376
282
335
323
386
328
379
358
332
311
256
322
245
294
220
280
300
257
250
231
271
221
194
202
238
175
262
222
303
162
244
255
137
111
79
67
-38
40
-13
-90
-98
-134
-168
-119
-263
-213
-192
-256
-257
-261
-290
-323
-269
-333
-329
-402
-461
-453
-457
-506
-476
-479
-373
-438
-408
-335
-386
-379
-383
-412
-483
-389
-354
-321
-360
-375
-301
-315
-273
-223
-238
-289
-316
-203
-262
-292
-258
-341
-244
-318
-304
-230
-319
-324
-372
-328
-308
-304
-322
-257
-227
-198
-198
-239
-173
-149
-141
-149
-118
-146
-126
-87
-139
-37
-203
-109
-16
-122
-26
-2
25
21
86
73
111
42
97
76
117
173
110
149
118
123
116
70
81
43
-2
8
28
49
63
90
108
132
181
206
155
140
140
178
83
200
149
172
246
267
297
319
312
314
396
344
427
438
385
450
514
429
430
453
468
472
448
451
450
512
497
440
502
387
458
406
368
481
347
393
348
388
261
318
265
164
251
212
236
161
290
200
224
141
184
220
115
177
174
240
135
121
104
98
78
-19
78
-113
-4
-86
-150
-108
-117
-147
-202
-204
-204
-227
-268
-270
-360
-344
-275
-341
-325
-333
-357
-347
-404
-396
-499
-485
-520
-518
-552
-567
-581
-618
-568
-612
-591
-620
-574
-541
-502
-464
-434
-375
-465
-394
-391
-467
-482
-419
-524
-462
-425
-410
-303
-338
-329
-289
-257
-293
-268
-224
-224
-242
-290
-210
-217
-252
-171
-182
-134
-252
-112
-167
-74
-95
-67
-18
-15
66
92
197
143
221
224
199
197
184
166
236
195
198
246
204
228
223
235
232
276
243
321
236
291
345
309
345
272
319
303
339
379
353
419
337
384
307
310
303
267
306
229
336
238
318
359
306
350
324
284
337
343
355
371
340
349
297
327
283
238
267
318
323
347
248
354
344
334
395
370
329
295
285
313
310
180
268
257
218
263
169
162
133
40
142
-8
91
20
28
79
58
46
79
44
-71
10
-147
-125
-232
-274
-275
-300
-282
-240
-250
-223
-205
-197
-218
-246
-214
-235
-297
-274
-264
-163
-271
-202
-238
-300
-246
-423
-302
-422
-258
-424
-338
-360
-373
-245
-379
-329
-427
-392
-474
-395
-503
-448
-399
-396
-312
-324
-230
-183
-96
-169
-94
-145
-153
-182
-314
-300
-320
-393
-353
-300
-365
-230
-195
-148
-147
-146
-212
-192
-210
-191
-70
-230
-122
-103
-57
-102
-133
-110
-176
-161
-169
-132
-79
-143
-63
-82
24
-75
81
84
42
188
82
251
160
249
141
229
79
68
105
80
136
19
114
26
151
76
70
47
14
61
90
185
271
256
348
317
389
355
371
395
400
461
374
452
416
381
367
341
352
423
397
455
461
427
455
472
405
434
332
339
253
266
213
231
221
186
194
306
312
293
402
335
319
203
281
176
148
169
45
65
5
75
86
8
51
20
-24
6
111
76
27
25
68
92
119
98
157
94
-22
38
-43
53
-67
-124
-120
-205
-177
-220
-159
-164
-182
-116
-175
-74
-69
-74
-29
-103
-76
-110
-122
-159
-191
-214
-257
-232
-330
-232
-327
-349
-350
-392
-411
-442
-409
-411
-428
-455
-369
-438
-462
-426
-415
-343
-395
-306
-372
-263
-275
-348
-315
-474
-421
-445
-436
-460
-357
-492
-405
-396
-384
-320
-234
-267
-261
-236
-148
-126
-198
-224
-191
-189
-204
-215
-145
-175
-142
-38
-46
73
40
23
22
-14
-13
-16
64
50
45
12
7
94
116
240
213
114
265
166
209
90
60
99
-128
-139
-210
17
-164
-100
-31
121
358
192
380
465
484
340
357
410
305
281
216
360
490
378
454
413
459
464
397
363
385
297
274
437
330
349
441
543
607
587
673
711
862
785
812
789
782
760
581
638
527
473
290
314
219
127
129
84
173
137
104
202
133
170
112
103
137
75
45
87
132
25
-16
45
-111
-191
-249
-252
-278
-357
-279
-273
-293
-255
-179
-241
-169
-230
-205
-242
-400
-354
-449
-451
-511
-462
-511
-478
-471
-546
-436
-487
-519
-528
-463
-479
-435
-420
-395
-327
-269
-217
-141
-219
-136
-148
-227
-211
-328
-286
-336
-385
-429
-411
-386
-414
-365
-390
-363
-386
-444
-427
-469
-475
-569
-581
-612
-558
-489
-457
-502
-416
-481
-351
-405
-426
-375
-471
-358
-414
-315
-240
-166
-109
-113
1
82
137
158
160
225
139
174
151
198
237
204
312
318
435
341
341
404
346
455
415
437
447
414
473
462
455
332
421
435
449
453
463
401
440
433
357
502
390
386
381
299
362
332
327
317
266
335
292
337
285
265
379
389
387
356
445
402
478
434
469
483
431
437
356
349
246
285
185
247
130
205
182
229
184
164
96
206
155
96
190
58
34
-10
1
-32
22
-82
-77
-66
-47
21
8
-6
58
-101
-19
-43
-60
-127
-190
-80
-183
-91
-72
15
-75
-6
40
-16
28
-118
-32
-178
-194
-293
-423
-468
-554
-540
-620
-533
-458
-390
-354
-287
-251
-202
-163
-237
-188
-249
-351
-399
-419
-468
-477
-464
-494
-481
-443
-367
-343
-365
-325
-405
-382
-367
-420
-455
-427
-427
-477
-387
-373
-322
-226
-188
-89
-147
-50
-114
-87
-30
-126
-83
-167
-91
-196
-173
-54
-98
-3
40
28
90
165
92
65
90
-39
-69
-167
-184
-161
-159
-147
-116
-128
-50
-20
-49
70
97
58
77
119
109
132
122
118
158
189
217
238
255
344
296
362
399
405
521
483
575
563
529
537
493
504
416
449
371
368
268
358
368
372
383
297
416
379
418
281
365
308
194
270
152
150
186
154
211
202
271
267
323
285
309
277
202
245
270
236
197
277
307
298
247
266
274
209
280
201
140
198
