
-472
-428
-472
-502
-399
-585
-496
-511
-457
-430
-334
-369
-283
-311
-327
-388
-374
-316
-395
-279
-303
-226
-146
-188
-146
-102
-126
-145
-128
-215
-133
-155
-175
-83
-115
-92
-58
-92
-51
-129
-80
-178
-178
-210
-198
-162
-280
-120
-142
-146
-73
0
-67
39
-6
5
79
-4
2
-4
-37
16
16
86
10
15
102
42
48
69
89
93
122
140
205
172
241
224
240
237
225
267
222
240
246
292
274
333
281
411
314
385
400
318
415
256
384
346
424
292
352
376
325
377
300
351
289
415
373
377
337
350
485
378
488
459
505
465
506
511
445
519
416
463
482
432
358
489
391
320
439
301
373
317
273
210
161
147
64
28
-65
-68
-163
-137
-184
-194
-214
-193
-205
-169
-172
-166
-125
-181
-181
-162
-195
-122
-144
-187
-195
-225
-194
-183
-223
-248
-277
-230
-280
-248
-271
-303
-188
-296
-244
-237
-215
-193
-208
-151
-228
-151
-128
-120
-86
-201
-259
-251
-320
-325
-362
-392
-377
-330
-361
-301
-320
-393
-375
-405
-325
-406
-267
-345
-249
-262
-310
-307
-292
-241
-355
-311
-413
-398
-244
-344
-259
-275
-372
-297
-356
-277
-351
-317
-327
-257
-258
-302
-262
-292
-264
-231
-269
-182
-195
-145
-75
-93
-65
-93
-17
-20
50
57
35
116
167
107
145
194
265
300
358
360
396
387
342
421
334
355
353
412
505
517
597
563
549
595
536
560
508
506
476
473
450
414
368
267
237
265
202
211
196
229
307
203
279
230
240
237
297
245
197
224
174
281
154
182
213
162
190
127
200
176
207
219
176
271
221
282
239
265
257
256
291
221
312
193
224
209
204
212
134
112
66
57
58
25
49
79
-21
-16
-31
-97
-118
-114
-209
-163
-212
-211
-193
-179
-179
-196
-219
-242
-305
-328
-402
-410
-365
-515
-463
-555
-427
-532
-552
-511
-542
-462
-544
-426
-525
-468
-426
-442
-421
-402
-425
-446
-414
-338
-368
-356
-315
-431
-318
-393
-401
-411
-470
-388
-472
-480
-468
-480
-476
-415
-394
-401
-341
-301
-165
-249
-311
-231
-285
-293
-255
-225
-170
-92
-105
-124
-24
-65
-47
5
1
-18
-46
-14
30
31
24
97
94
85
189
189
182
177
213
227
165
152
224
195
139
213
201
237
235
239
310
352
298
293
314
287
319
322
360
379
338
387
390
407
430
506
513
504
542
539
542
517
584
525
518
534
528
598
510
452
429
433
429
430
402
473
469
426
439
477
330
433
324
350
371
344
347
271
319
232
298
190
197
147
122
136
138
204
162
140
110
67
69
41
-28
-55
-78
1
-29
-5
-35
-7
23
-57
34
-136
-122
-179
-226
-165
-220
-215
-352
-257
-307
-267
-300
-272
-344
-319
-265
-362
-234
-308
-358
-342
-363
-366
-368
-453
-424
-383
-435
-395
-434
-498
-495
-413
-494
-413
-446
-465
-409
-472
-401
-469
-485
-486
-518
-563
-479
-524
-512
-482
-546
-452
-517
-471
-483
-447
-475
-473
-453
-490
-419
-395
-313
-332
-305
-218
-291
-165
-198
-230
-109
-87
-23
-16
-13
-7
94
83
106
73
41
103
47
112
138
113
149
181
210
178
196
276
271
288
294
369
370
413
394
364
482
308
489
454
444
514
519
487
445
552
428
599
561
525
562
520
546
523
502
347
433
419
442
437
369
404
366
370
287
338
253
304
326
264
333
221
242
203
261
294
280
312
294
310
429
361
342
350
293
290
237
251
259
82
184
173
160
171
151
215
129
217
174
148
143
27
78
-15
4
-47
-100
-137
-180
-130
-212
-141
-237
-203
-224
-172
-198
-268
-263
-351
-346
-359
-320
-369
-364
-375
-414
-360
-437
-411
-398
-428
-439
-386
-431
-302
-422
-370
-385
-455
-360
-477
-400
-490
-404
-439
-395
-432
-414
-333
-469
-361
-401
-392
-355
-379
-350
-364
-426
-378
-289
-382
-350
-369
-359
-302
-402
-302
-305
-314
-330
-274
-323
-337
-244
-257
-202
-234
-180
-170
-101
-149
-61
-90
-165
8
-76
-27
-5
-46
-85
41
-16
21
-89
-5
56
22
82
-12
68
-59
67
39
104
137
117
172
194
227
109
178
140
267
227
286
333
307
272
294
393
370
404
350
389
401
435
411
472
503
512
528
536
522
468
484
410
371
411
385
439
451
421
339
335
379
352
317
385
313
349
308
236
281
172
179
166
216
95
122
205
146
265
126
258
233
139
246
202
245
181
215
209
182
191
183
106
127
85
94
135
95
83
97
55
-17
54
-33
0
-27
-141
-107
-126
-171
-167
-249
-219
-268
-348
-295
-299
-243
-294
-310
-389
-301
-347
-342
-359
-451
-336
-438
-423
-454
-432
-505
-418
-448
-529
-329
-417
-418
-356
-373
-312
-294
-341
-237
-226
-214
-238
-155
-186
-175
-127
-207
-154
-276
-191
-261
-311
-256
-340
-349
-347
-297
-306
-300
-261
-273
-243
-201
-207
-185
-125
-100
-143
-184
-179
-167
-136
-173
-159
-191
-194
-129
-128
-242
-93
-204
-144
-104
-81
-101
-7
-15
-21
50
-11
22
37
115
72
128
88
64
149
119
140
150
120
150
102
208
211
219
374
299
309
396
405
463
450
381
421
443
429
480
482
430
437
445
518
488
453
452
500
485
525
458
464
496
405
512
315
394
364
290
342
248
245
263
355
266
341
289
306
276
384
291
289
245
289
245
191
210
136
259
174
169
154
184
125
154
119
154
171
181
221
179
236
61
97
101
-44
20
-115
-58
-199
-122
-129
-272
-190
-375
-187
-381
-345
-364
-370
-344
-443
-333
-434
-368
-461
-430
-447
-446
-452
-487
-478
-485
-553
-495
-412
-555
-448
-455
-457
-447
-383
-468
-459
-413
-387
-375
-472
-384
-448
-481
-477
-498
-483
-425
-517
-321
-394
-397
-337
-397
-307
-275
-254
-208
-196
-241
-251
-187
-230
-222
-174
-199
-214
-175
-172
-170
-113
-164
-214
-134
-82
-67
-43
-18
13
-7
44
55
45
46
66
73
85
108
85
72
192
200
93
217
265
292
361
363
378
406
339
325
383
349
349
305
357
399
417
378
390
399
379
439
318
375
414
466
397
538
506
525
590
544
513
487
518
416
458
333
377
419
307
398
437
369
375
419
416
441
341
334
382
365
213
229
182
210
184
175
192
164
215
84
223
133
114
156
69
58
83
31
-8
75
-37
39
-41
-15
-52
-36
-51
-75
-151
-198
-173
-208
-211
-204
-196
-294
-261
-264
-256
-284
-271
-260
-312
-240
-259
-250
-262
-319
-381
-361
-333
-364
-368
-406
-402
-374
-371
-411
-377
-374
-337
-374
-397
-402
-319
-404
-367
-323
-394
-403
-350
-440
-407
-406
-426
-420
-412
-449
-503
-449
-577
-473
-459
-415
-424
-368
-402
-344
-377
-337
-348
-293
-272
-349
-244
-318
-319
-268
-288
-272
-237
-228
-186
-159
-138
-72
-71
-175
-110
-157
-86
-56
-52
-87
-24
75
73
108
52
131
137
211
172
152
164
155
211
170
186
265
170
233
271
328
386
347
369
426
389
392
515
402
512
420
433
535
433
541
536
528
545
536
451
444
444
410
464
361
419
451
491
441
459
483
501
530
418
531
464
502
432
519
569
456
598
529
533
538
473
430
398
403
314
322
249
348
271
206
300
230
260
209
286
176
167
66
157
68
29
10
-154
-68
-98
-61
-164
-159
-202
-177
-184
-185
-131
-241
-164
-144
-185
-189
-229
-319
-213
-241
-430
-333
-365
-336
-287
-356
-387
-377
-359
-423
-369
-349
-478
-370
-422
-373
-412
-434
-346
-478
-466
-518
-495
-597
-532
-468
-531
-384
-390
-353
-409
-344
-295
-387
-415
-380
-436
-418
-438
-491
-396
-386
-378
-413
-362
-408
-398
-386
-377
-348
-363
-316
-320
-249
-274
-210
-184
-206
-179
-178
-168
-61
-17
-120
-73
-44
-26
52
21
6
2
-27
21
13
38
15
68
39
70
70
102
101
103
137
120
207
178
228
149
200
218
122
231
160
251
255
260
255
284
345
334
326
213
244
318
295
370
345
368
351
424
407
423
447
413
439
425
475
479
519
398
559
447
391
457
464
348
333
402
296
410
365
480
463
359
468
403
426
351
457
322
392
287
264
306
245
263
219
253
132
229
126
173
155
110
193
44
113
12
149
105
11
88
-61
34
-49
5
-63
19
-59
-116
-141
-148
-133
-219
-113
-292
-204
-177
-254
-284
-283
-269
-330
-221
-302
-357
-361
-320
-358
-341
-350
-381
-438
-416
-409
-419
-369
-514
-441
-413
-448
-432
-355
-395
-441
-424
-504
-359
-494
-485
-440
-528
-449
-498
-468
-557
-485
-463
-471
-408
-428
-432
-405
-412
-529
-356
-475
-425
-437
-349
-362
-307
-295
-313
-209
-328
-267
-226
-164
-192
-152
-34
-61
34
6
2
142
26
60
95
118
98
193
142
212
214
214
243
273
295
260
296
302
295
310
316
303
302
375
408
304
357
283
389
348
390
294
297
413
325
451
399
395
351
440
308
348
254
306
355
310
384
370
405
356
478
422
406
387
375
343
359
434
428
334
336
343
304
366
294
277
234
298
209
250
226
213
205
198
191
206
247
173
237
178
265
223
219
305
226
243
191
167
182
85
130
84
32
73
48
74
-23
38
-11
83
-35
-66
-25
-64
-112
-82
-69
-145
-83
-192
-137
-240
-248
-232
-308
-322
-326
-316
-341
-355
-367
-363
-364
-392
-422
-390
-450
-449
-438
-500
-445
-540
-490
-531
-520
-453
-458
-453
-513
-394
-489
-404
-406
-389
-379
-424
-356
-398
-304
-413
-372
-414
-435
-381
-502
-449
-449
-436
-372
-415
-391
-315
-256
-329
-335
-304
-365
-304
-349
-223
-274
-186
-116
-79
-69
-136
-45
-111
-58
-80
-14
-21
24
76
24
94
-12
108
32
10
33
65
101
1
126
58
205
176
206
318
294
330
360
379
340
379
450
494
488
502
559
568
534
562
609
545
548
541
564
546
545
527
519
544
485
594
494
558
431
401
428
441
477
477
495
476
483
400
450
358
380
315
255
246
189
328
256
314
335
238
327
274
362
258
299
254
187
270
332
327
276
291
251
283
301
181
199
169
163
159
6
84
-39
23
-75
-24
-37
-48
14
-84
-62
-165
-255
-240
-242
-332
-382
-405
-381
-459
-459
-568
-490
-607
-626
-549
-634
-610
-617
-652
-662
-643
-652
-688
-739
-707
-693
-670
-637
-606
-605
-585
-591
-556
-541
-568
-407
-489
-571
-454
-503
-439
-401
-458
-398
-427
-528
-472
-435
-479
-429
-392
-376
-356
-334
-245
-281
-269
-233
-222
-71
-191
-78
-84
-61
-36
-58
-47
-104
-71
-83
-25
24
19
135
88
125
125
182
160
55
136
122
95
159
61
209
183
242
232
204
229
229
252
260
315
278
340
278
371
349
334
362
344
325
365
319
297
405
367
390
370
387
484
442
454
463
367
418
327
434
382
363
454
407
488
403
447
548
524
534
474
563
423
495
480
541
496
460
604
461
599
536
530
460
477
461
340
398
308
315
249
249
155
150
120
81
123
32
98
68
43
34
69
71
63
74
68
-39
-65
-135
-156
-170
-240
-236
-219
-281
-199
-298
-290
-318
-447
-362
-434
-393
-485
-384
-366
-424
-376
-401
-442
-419
-470
-450
-546
-456
-479
-481
-400
-449
-429
-472
-451
-463
-442
-455
-491
-449
-424
-494
-440
-551
-522
-514
-597
-533
-536
-579
-524
-491
-493
-511
-416
-445
-460
-443
-459
-428
-457
-362
-457
-399
-450
-394
-405
-525
-369
-453
-391
-414
-371
-315
-249
-197
-207
-32
-100
-32
56
87
133
110
166
244
253
242
217
272
333
426
390
389
439
365
350
324
364
282
308
303
324
324
440
489
446
523
451
508
400
495
463
437
444
365
454
387
509
428
444
411
380
363
337
442
312
427
311
411
446
446
438
385
383
306
341
299
379
325
324
324
285
299
292
363
359
338
358
363
352
224
300
270
310
152
253
227
212
329
228
191
124
157
33
72
68
-35
-55
-78
-80
-107
-87
-75
-128
-122
-123
-123
-157
-82
-135
-161
-185
-122
-164
-134
-96
-116
-115
-196
-125
-212
-127
-184
-217
-193
-198
-248
-303
-323
-265
-290
-410
-275
-326
-376
-264
-344
-304
-333
-385
-295
-396
-385
-475
-477
-439
-408
-481
-478
-511
-510
-493
-427
-429
-459
-420
-398
-331
-329
-232
-330
-307
-350
-324
-264
-243
-210
-169
-88
-183
-111
-110
-89
-78
-71
-101
-191
-141
-122
-124
-204
-198
-168
-161
-167
-108
-98
-120
-163
-75
-70
-119
-114
0
-40
-83
-53
-34
-12
-29
1
-21
5
85
143
121
68
103
106
139
142
181
178
120
215
154
255
236
273
249
317
351
372
449
387
469
435
543
532
580
551
493
477
499
479
467
462
379
429
429
390
314
398
429
327
325
358
328
375
355
311
442
216
373
337
275
306
212
286
166
167
174
137
142
78
154
154
136
163
243
209
255
256
168
249
107
100
114
55
50
89
-98
-80
-22
-104
-113
-192
-124
-199
-156
-160
-154
-169
-208
-139
-239
-197
-192
-218
-187
-187
-239
-239
-255
-191
-342
-318
-340
-361
-266
-415
-330
-420
-402
-388
-447
-386
-490
-496
-517
-485
-476
-486
-513
-436
-477
-524
-456
-449
-411
-453
-391
-348
-365
-428
-398
-375
-386
-328
-341
-320
-314
-192
-262
-289
-212
-228
-240
-235
-176
-229
-147
-196
-139
-186
-85
-35
-118
-38
-119
-41
-68
-84
-60
-33
-34
-103
21
-15
42
29
4
147
131
162
191
137
184
166
189
177
215
259
197
272
249
284
233
285
177
202
224
141
200
108
212
193
278
330
318
362
336
407
343
360
425
372
339
362
465
438
455
486
483
536
466
540
424
507
417
521
431
438
499
365
418
344
344
344
354
367
352
439
393
460
355
351
272
298
271
270
308
215
292
202
292
135
243
130
145
108
44
129
35
59
53
36
17
-29
37
-77
-61
-128
-150
-181
-191
-250
-253
-247
-339
-326
-312
-247
-366
-348
-406
-321
-451
-321
-417
-442
-373
-440
-339
-481
-456
-421
-415
-523
-437
-511
-501
-466
-503
-492
-435
-481
-370
-368
-346
-365
-440
-351
-352
-409
-473
-399
-431
-404
-443
-406
-395
-377
-445
-365
-359
-441
-433
-495
-426
-444
-421
-439
-377
-390
-413
-346
-309
-353
-379
-270
-297
-256
-296
-213
-111
-87
-90
-16
60
75
29
20
108
58
148
105
222
125
165
190
148
153
48
137
99
142
75
111
197
208
243
250
268
254
228
326
290
255
362
254
262
338
342
337
331
299
270
375
403
359
401
379
399
397
549
530
506
571
482
575
521
603
557
608
521
504
584
534
451
475
501
473
527
512
548
544
573
564
432
429
418
339
341
227
221
164
141
128
144
123
122
154
118
68
101
141
86
161
108
88
134
112
80
0
29
-51
-30
-2
-57
-83
-121
-130
-108
-75
-159
-111
-79
-27
-75
-70
-133
-162
-252
-252
-297
-369
-327
-378
-422
-391
-469
-488
-410
-453
-459
-467
-456
-516
-478
-440
-516
-476
-551
-517
-514
-530
-527
-567
-541
-609
-456
-540
-431
-438
-519
-471
-416
-444
-414
-365
-402
-371
-385
-320
-340
-377
-359
-344
-296
-419
-309
-409
-347
-326
-407
-365
-377
-291
-459
-268
-392
-255
-306
-259
-189
-151
-97
-219
-53
-115
-22
-97
37
-67
-4
131
19
186
170
203
191
277
279
266
319
275
386
363
431
442
388
387
386
415
356
520
504
502
531
553
501
535
445
435
477
427
514
411
503
473
500
498
495
484
447
442
412
386
397
385
489
441
500
476
452
547
534
530
521
454
414
484
443
357
348
357
374
297
297
276
381
319
264
329
135
234
141
175
162
224
110
115
161
209
220
152
166
18
-3
-49
-73
-123
-129
-182
-174
-151
-168
-98
-237
-172
-180
-309
-273
-330
-267
-350
-309
-361
-353
-351
-376
-326
-444
-386
-462
-458
-512
-466
-478
-482
-526
-500
-552
-542
-544
-588
-537
-594
-556
-650
-550
-584
-489
-589
-511
-454
-497
-442
-501
-451
-528
-552
-489
-472
-371
-404
-405
-364
-321
-305
-342
-239
-368
-266
-231
-251
-176
-204
-130
-105
-154
-97
-60
-93
15
-8
45
72
89
107
38
44
-7
25
56
37
85
114
78
132
53
135
108
92
121
132
132
135
167
123
167
95
240
165
150
192
238
310
200
234
302
248
220
282
231
296
223
224
328
230
271
196
199
194
280
262
302
294
212
312
299
348
302
342
296
309
346
302
395
360
349
362
338
304
368
373
429
425
361
477
445
505
508
491
542
438
537
578
448
470
347
271
252
223
227
92
154
213
164
102
141
60
84
114
95
66
-27
50
7
-29
-19
-101
-174
-171
-145
-168
-86
-114
-205
-199
-227
-242
-218
-306
-310
-226
-269
-193
-247
-165
-132
-215
-213
-247
-267
-223
-301
-240
-257
-338
-282
-387
-374
-418
-395
-423
-482
-424
-448
-425
-360
-382
-435
-383
-391
-515
-434
-470
-500
-562
-550
-511
-535
-458
-509
-395
-422
-447
-370
-463
-416
-603
-452
-446
-424
-323
-380
-238
-312
-217
-190
-164
-204
-137
-193
-107
-9
-18
-10
19
66
28
126
124
130
225
91
204
219
108
156
36
190
93
92
75
89
121
124
112
65
171
144
217
228
204
265
294
293
269
344
259
271
348
309
313
314
372
230
300
368
457
406
436
492
486
522
508
603
506
573
581
593
576
546
457
449
482
406
467
419
404
450
538
426
537
592
470
569
478
502
484
282
483
344
398
375
321
396
303
356
171
330
246
207
243
137
124
115
108
16
21
0
-140
-110
-242
-346
-332
-372
-357
-270
-364
-370
-322
-425
-366
-366
-391
-319
-385
-338
-328
-400
-343
-435
-448
-488
-424
-297
-294
-242
-33
-51
109
196
284
404
316
433
386
383
301
161
-75
-121
-339
-553
-730
-863
-927
-1123
-1324
-1327
-1454
-1586
-1645
-1739
-1729
-1814
-1772
-1852
-1795
-1712
-1661
-1563
-1465
-1275
-1225
-955
-850
-737
-580
-443
-206
-195
66
164
283
367
439
453
427
474
487
431
415
407
231
211
174
196
214
224
361
433
544
673
925
1070
1215
1333
1483
1528
1639
1729
1670
1540
1406
1308
1278
1178
963
886
694
524
458
377
212
174
-87
-208
-189
-345
-416
-541
-591
-632
-663
-616
-520
-416
-533
-321
-236
-20
86
152
313
382
506
566
730
785
716
792
744
800
779
612
653
520
564
443
408
431
380
378
334
378
281
322
230
122
263
129
63
123
83
55
32
124
282
451
525
723
956
1167
1262
1455
1604
1565
1398
1249
1265
1020
768
255
93
-180
-435
-819
-1055
-1172
-1372
-1573
-1746
-1709
-1797
-1849
-2001
-1929
-1979
-2023
-2016
-2098
-2055
-2094
-2051
-2030
-1950
-1847
-1731
-1606
-1420
-1228
-1095
-765
-616
-518
-419
-221
-188
-273
-324
-334
-437
-449
-655
-678
-770
-753
-539
-360
-63
97
463
801
1279
1696
2088
2397
2556
2678
2718
2966
2725
2456
2136
1905
1802
1420
1115
762
637
358
80
-257
-366
-477
-923
-1167
-1247
-1330
-1495
-1800
-1977
-1988
-1962
-1988
-2000
-1807
-1598
-1443
-1120
-803
-535
-176
120
479
657
840
1075
1181
1301
1087
984
832
762
561
301
178
134
161
-69
62
126
232
223
184
312
266
377
330
236
130
-48
-151
-286
-335
-493
-451
-445
-354
-285
-24
339
674
1033
1311
1726
2123
2385
2402
2416
2479
2342
2132
1794
1602
1335
968
635
385
206
90
-162
-356
-414
-503
-567
-700
-867
-1034
-1238
-1386
-1628
-1803
-2023
-2119
-2264
-2182
-2175
-2033
-1857
-1656
-1283
-1193
-886
-602
-381
-333
-208
-219
-198
-333
-429
-464
-646
-908
-1036
-1193
-1409
-1550
-1386
-1046
-831
-527
-195
446
1229
1861
2496
3128
3733
3965
3942
4111
4310
4108
3485
2955
2961
2802
2331
1675
1415
1342
958
368
-63
-199
-466
-1131
-1751
-1953
-2120
-2664
-3203
-3456
-3611
-3728
-3880
-3615
-3415
-3277
-2988
-2469
-1903
-1586
-1205
-728
-254
61
98
432
738
789
445
260
415
385
232
-59
33
112
63
-11
196
446
545
552
348
494
430
312
103
-278
-533
-908
-964
-1134
-1273
-1467
-1471
-1232
-981
-693
-400
36
459
807
1057
1530
1972
2196
2154
2221
2398
2360
2166
1970
1753
1640
1478
1247
1134
1027
899
780
590
505
424
337
49
-325
-614
-836
-1065
-1432
-1796
-2030
-2164
-2232
-2368
-2307
-2074
-1996
-1859
-1668
-1446
-1192
-967
-981
-996
-818
-963
-1109
-1299
-1507
-1604
-1925
-2040
-2025
-1916
-1749
-1315
-875
-348
287
1049
2018
2990
3855
4501
5164
5710
6018
6038
6072
5880
5403
4804
4451
4169
3556
2737
2097
1666
1246
594
71
-326
-743
-1289
-1886
-2226
-2482
-3073
-3739
-4055
-4188
-4343
-4547
-4507
-4202
-3924
-3755
-3125
-2370
-1722
-1171
-652
85
667
1009
1332
1588
1839
1658
1396
1246
1242
1073
618
367
381
348
234
265
364
332
297
221
209
123
-150
-380
-814
-1138
-1598
-2008
-2289
-2502
-2780
-2879
-2706
-2440
-2083
-1745
-1213
-544
-22
386
916
1307
1637
1828
1829
1927
1911
1799
1523
1379
1117
978
918
735
688
631
610
696
688
513
460
210
-77
-470
-882
-1183
-1626
-2092
-2606
-2876
-3002
-3092
-3188
-3181
-3027
-2710
-2632
-2450
-2163
-1982
-1827
-1839
-1817
-1814
-1894
-2178
-2305
-2392
-2441
-2271
-1905
-1292
-834
-253
572
1707
2860
3800
4806
5688
6440
6931
7235
7560
7584
7076
6428
5990
5733
5045
3997
3063
2539
1917
1079
362
-42
-481
-975
-1602
-1957
-2042
-2384
-2815
-3402
-3646
-3872
-4107
-4282
-4239
-4198
-4207
-3757
-3071
-2434
-1896
-1200
-333
364
929
1492
2052
2416
2439
2167
2117
2014
1688
1078
635
407
225
-15
-276
-84
-51
69
138
370
565
609
596
398
153
-235
-589
-1035
-1456
-1934
-2378
-2471
-2421
-2259
-2171
-1745
-1164
-604
174
700
1363
1813
1950
2058
2060
2048
1836
1395
980
624
376
8
-193
-368
-276
-315
-244
-84
43
220
35
-86
-283
-502
-758
-1166
-1818
-2360
-2778
-3111
-3399
-3834
-3891
-3813
-3641
-3556
-3404
-3032
-2734
-2652
-2588
-2616
-2586
-2750
-3149
-3431
-3411
-3157
-3022
-2745
-2411
-1623
-641
533
1727
2855
4026
4921
5833
6746
7562
7782
7616
7300
7216
7003
6133
5188
4322
3680
2765
1650
804
260
-225
-1048
-1589
-1852
-1756
-2053
-2432
-2653
-2743
-2898
-3258
-3478
-3593
-3885
-4188
-3983
-3739
-3395
-3142
-2429
-1643
-856
-172
652
1601
2171
2478
2568
2882
3023
2687
2163
1648
1286
761
250
-61
-176
-225
-242
-120
98
562
932
1303
1442
1419
1435
1365
1290
828
232
-290
-698
-884
-1156
-1422
-1381
-981
-679
-361
247
1122
1821
2000
2286
2570
2850
2561
2073
1547
979
502
-248
-747
-1176
-1427
-1691
-1721
-1544
-1253
-997
-710
-416
-335
-186
-262
-313
-621
-1114
-1504
-1948
-2430
-2861
-3319
-3445
-3522
-3728
-3627
-3500
-3264
-3014
-2914
-2853
-2783
-2983
-3017
-2910
-2658
-2546
-2538
-2407
-1829
-1081
-290
616
1580
2592
3385
4320
5451
6425
6838
6781
6865
7317
7303
6568
5616
4993
4383
3263
1943
935
376
-529
-1644
-2427
-2494
-2508
-2803
-3251
-3275
-2927
-2807
-2925
-2979
-2900
-3131
-3290
-3245
-3320
-3326
-3340
-2929
-2534
-2271
-1702
-702
249
762
1100
1644
2340
2627
2368
2075
1666
1268
721
-138
-557
-939
-1361
-1771
-1828
-1590
-1196
-757
-264
125
532
1091
1659
1888
1818
1621
1632
1511
1111
722
265
124
-176
-436
-405
-190
47
62
225
663
1097
1131
1158
1044
967
706
225
-6
-428
-909
-1294
-1617
-1693
-1570
-1327
-1193
-895
-584
-166
235
493
609
587
456
453
150
-390
-863
-1319
-1836
-2480
-2907
-3312
-3525
-3880
-4149
-3942
-3228
-2540
-2067
-1572
-706
449
1547
2531
3330
3965
4256
4517
4806
5180
5248
4812
4459
4475
4826
4680
4251
3972
3889
3624
2942
2375
2110
1677
716
-309
-1118
-1489
-2015
-3030
-3614
-3823
-3799
-3691
-3593
-3023
-2549
-2014
-1511
-938
-525
37
321
435
447
276
426
340
205
-190
-342
-278
-87
-201
-130
-192
-83
-1
-217
-124
-294
-529
-905
-1214
-1511
-1675
-1929
-2025
-2276
-2367
-2012
-1571
-1228
-850
-468
70
712
1151
1643
1900
2061
1945
1915
1784
1624
1301
686
270
12
-396
-776
-1028
-1313
-1598
-1844
-1939
-1923
-1958
-2097
-2215
-2332
-2259
-2203
-2234
-2190
-2275
-2229
-2069
-1891
-1557
-1580
-1340
-1205
-1019
-868
-731
-632
-810
-988
-1235
-1437
-1781
-1785
-1616
-1327
-1239
-1185
-590
378
1386
2149
2887
3773
4644
5278
5732
6319
6484
6200
5715
5596
5589
4909
3889
3127
2536
1798
911
69
-357
-1080
-1896
-2503
-2576
-2555
-2990
-3599
-3598
-3336
-3236
-3156
-3189
-2503
-2235
-2049
-1578
-899
-47
487
972
1555
2341
3047
3671
4010
4244
4398
4396
4499
4159
3755
3245
2585
2096
1453
672
288
-222
-823
-1220
-1745
-1838
-2092
-2373
-2529
-2735
-2815
-2898
-2770
-2693
-2654
-2501
-2156
-1797
-1320
-838
-341
125
538
891
1379
1712
1853
1898
1684
1793
1654
1430
1068
586
221
-224
-681
-977
-1511
-1986
-2328
-2775
-3039
-3273
-3440
-3752
-3927
-4028
-3995
-4001
-3906
-3885
-3897
-3838
-3697
-3556
-3491
-3372
-3425
-3357
-3215
-2662
-2103
-1540
-1016
-500
336
1373
2452
3463
4204
4814
5324
5707
6138
6386
6079
5499
5017
4943
4570
3834
3274
2781
2239
1582
958
610
216
-408
-1109
-1812
-2161
-2411
-2989
-3670
-4110
-4397
-4487
-4674
-4639
-4347
-4036
-3631
-3039
-2515
-1699
-749
104
507
971
1913
2755
3333
3506
3703
4184
4545
4601
4710
4666
4772
4773
4509
4354
4238
3971
3498
2907
2235
1582
956
299
-577
-1643
-2402
-2739
-3200
-3582
-4013
-4025
-3827
-3627
-3097
-2673
-2019
-1549
-1048
-573
78
593
842
1045
1081
1319
1352
1402
1352
1244
995
848
840
761
695
388
151
-30
-329
-655
-986
-1378
-1901
-2511
-2945
-3245
-3398
-3736
-4194
-4285
-4272
-4217
-4333
-4290
-4202
-4208
-4055
-3540
-2887
-2163
-1670
-1024
-129
968
2173
3175
4054
4750
5476
5976
6652
7022
6893
6373
5998
5945
5487
4606
3736
3115
2411
1503
506
-37
-530
-1304
-2187
-2875
-3068
-3270
-3832
-4471
-4769
-4970
-5050
-5310
-5299
-5045
-5020
-4646
-4107
-3531
-2833
-2152
-1259
-647
-186
461
1348
1945
2110
2254
2436
2888
3078
2852
2749
2838
3024
2772
2588
2703
2748
2633
2312
2104
2075
1905
1678
1266
826
353
46
-362
-736
-1280
-1665
-1805
-1894
-1904
-1889
-1685
-1405
-1235
-1095
-667
-309
-62
-169
-120
82
211
131
-32
-77
-176
-195
-182
-202
-92
-118
-172
-338
-361
-442
-518
-715
-1161
-1449
-1828
-1932
-2307
-2673
-3029
-3295
-3436
-3602
-3661
-3739
-3785
-3824
-3745
-3364
-2678
-2146
-1628
-1155
-333
742
1844
2961
3933
4824
5546
6153
6750
7369
7335
7075
6607
6558
6478
5687
4894
4291
3772
3015
2122
1360
940
209
-580
-1551
-1987
-2279
-2818
-3609
-4180
-4397
-4701
-4746
-4968
-4729
-4617
-4356
-3981
-3485
-2816
-2189
-1513
-879
-258
327
1233
1791
2294
2487
2615
3062
3215
3292
3054
2810
2609
2436
2013
1716
1356
847
496
-41
-264
-707
-927
-1161
-1601
-1859
-1874
-1766
-1799
-1874
-1806
-1570
-1240
-990
-561
-379
-76
200
388
720
761
840
680
557
490
471
135
-86
-223
-556
-824
-963
-1040
-1184
-1334
-1594
-1697
-1911
-1990
-2140
-2526
-2646
-2882
-2979
-3160
-3322
-3406
-3536
-3683
-3710
-3867
-3887
-3753
-3821
-3907
-3601
-3049
-2349
-1877
-1418
-519
408
1499
2615
3624
4519
5328
5828
6328
6929
7071
6869
6424
6166
6130
5470
4759
4074
3527
2886
1990
1226
792
167
-500
-1157
-1796
-1988
-2343
-2932
-3339
-3724
-3963
-4178
-4308
-4122
-4201
-4000
-3556
-2916
-2457
-1794
-1016
-254
463
906
1822
2319
2772
3070
3172
3417
3346
3426
3358
3109
2888
2586
2359
2191
1889
1450
1044
730
550
218
-302
-545
-896
-1317
-1719
-1872
-2087
-2241
-2445
-2434
-2203
-2014
-1553
-1261
-724
-333
34
643
1081
1343
1590
1635
1762
1832
1566
1374
1268
989
648
240
55
-61
-365
-650
-994
-1097
-1317
-1662
-1914
-2169
-2405
-2904
-3219
-3424
-3601
-3960
-4272
-4282
-4557
-4594
-4714
-4623
-4572
-4283
-3760
-3137
-2374
-1768
-728
193
1461
2553
3611
4456
5249
5831
6249
6796
6811
6633
6092
5900
5667
5055
4235
3490
3007
2375
1590
811
276
-238
-805
-1469
-2053
-2403
-2869
-3501
-3965
-4306
-4630
-4895
-5146
-5055
-4961
-4680
-4204
-3718
-2990
-2307
-1348
-448
229
1024
1885
2490
2873
3177
3406
3648
3555
3359
3254
3032
2725
2445
2017
1813
1556
979
679
207
-37
-352
-700
-1057
-1532
-1800
-1932
-2119
-2325
-2424
-2338
-2094
-1933
-1674
-1199
-808
-459
-34
323
673
951
1100
1190
1168
1189
1221
946
794
529
467
341
124
5
-106
-76
-197
-287
-449
-559
-628
-852
-1196
-1470
-1736
-1911
-2352
-2647
-2926
-3157
-3280
-3540
-3789
-3968
-3875
-3765
-3370
-2929
-2279
-1697
-1020
-58
1000
2216
3274
4221
5107
5850
6417
7057
7380
7253
6898
6541
6435
5960
5062
4360
3699
3004
2226
1417
871
284
-421
-1097
-1668
-1840
-2077
-2738
-3194
-3490
-3819
-4025
-4401
-4528
-4540
-4748
-4549
-4113
-3755
-3169
-2582
-1874
-1093
-546
495
1300
1842
2388
2755
3161
3478
3584
3519
3349
3143
2959
2689
2250
2099
1452
1184
784
332
-32
-576
-835
-1248
-1827
-2212
-2284
-2622
-2846
-3252
-3217
-3041
-2941
-2750
-2579
-2274
-1868
-1396
-1149
-796
-435
-212
25
43
283
285
253
241
38
-152
-267
-391
-651
-779
-932
-914
-1085
-1344
-1402
-1575
-1786
-2054
-2416
-2578
-2809
-2994
-3223
-3471
-3714
-3737
-3949
-4086
-4310
-4047
-3473
-3041
-2513
-2095
-1086
11
1109
2269
3486
4489
5456
6178
6917
7807
8050
7847
7436
7314
7246
6571
5452
4683
3787
2968
1931
984
567
-232
-943
-1571
-1900
-1922
-2261
-2691
-3007
-3087
-3325
-3410
-3651
-3589
-3755
-3873
-3467
-3099
-2563
-2030
-1364
-681
51
784
1778
2527
2983
3438
3756
4160
4303
4234
4150
3955
3603
3281
2877
2697
2442
1871
1452
1098
858
459
26
-320
-621
-1069
-1326
-1564
-1806
-1935
-2168
-2314
-2252
-2178
-2004
-1933
-1845
-1607
-1348
-1061
-821
-706
-540
-517
-400
-326
-409
-449
-625
-647
-896
-879
-987
-1035
-1188
-1269
-1169
-1284
-1268
-1381
-1574
-1703
-1884
-2151
-2494
-2721
-2951
-3253
-3619
-3964
-4087
-4312
-4587
-4825
-4871
-4490
-3975
-3452
-3030
-2172
-1131
-58
1137
2304
3387
4299
5038
5739
6610
7040
7091
6930
6715
6745
6374
5592
4931
4178
3497
2743
1796
1203
553
-225
-881
-1627
-1971
-2238
-2750
-3281
-3597
-3848
-3925
-4231
-4445
-4444
-4615
-4288
-4062
-3764
-3212
-2567
-1872
-1278
-633
255
1131
1651
2324
2722
3380
3771
3826
4102
4161
4073
3914
3735
3465
3312
2857
2472
2113
1608
1362
886
526
128
-441
-754
-955
-1267
-1531
-1805
-1891
-1849
-1804
-1578
-1336
-1235
-1027
-784
-527
-203
-140
-126
-115
-222
-164
-228
-379
-434
-603
-687
-747
-837
-684
-695
-795
-783
-817
-745
-776
-851
-1131
-1264
-1639
-1850
-2125
-2491
-2785
-3362
-3676
-3989
-4131
-4466
-4519
-4183
-3723
-3262
-2861
-2057
-1079
23
976
2143
3281
4201
4949
5478
6300
6727
6763
6632
6546
6665
6196
5513
4828
4356
3620
2801
1963
1366
747
-15
-518
-1180
-1557
-1934
-2452
-2749
-3040
-3282
-3570
-3823
-3907
-4032
-4121
-4092
-3782
-3525
-3161
-2724
-2089
-1566
-1090
-286
341
820
1284
1788
2215
2487
2679
2884
2901
2981
2927
2765
2745
2569
2406
2095
1946
1713
1246
981
574
273
-281
-745
-1053
-1432
-1796
-2139
-2177
-2232
-2302
-2248
-2104
-1882
-1652
-1470
-1195
-953
-775
-679
-572
-555
-621
-722
-849
-888
-1127
-1281
-1377
-1307
-1222
-1268
-1215
-1055
-830
-873
-681
-626
-649
-945
-1067
-1435
-1789
-2212
-2661
-3120
-3628
-3955
-4407
-4653
-4926
-4642
-4328
-3788
-3355
-2676
-1710
-625
604
1667
2770
3791
4827
5411
6152
6821
7049
7121
6929
7111
6953
6407
5854
5271
4733
4072
3316
2549
1951
1147
717
-31
-542
-948
-1644
-1964
-2351
-2671
-2959
-3249
-3334
-3327
-3493
-3389
-3037
-2760
-2500
-2071
-1555
-832
-321
222
962
1379
1886
2289
2636
3069
3003
3092
3266
3170
3201
2973
2816
2799
2539
2221
2094
1919
1615
1202
822
585
169
-385
-718
-983
-1445
-1816
-2184
-2071
-2192
-2071
-2041
-1946
-1601
-1360
-1146
-969
-726
-700
-656
-760
-806
-927
-1299
-1491
-1607
-1881
-2116
-2187
-2250
-2225
-2150
-1970
-1734
-1643
-1432
-1168
-1102
-1140
-1194
-1596
-1759
-2279
-2624
-2976
-3615
-4013
-4507
-4814
-4930
-4801
-4447
-3978
-3631
-3020
-1955
-1006
294
1310
2191
3143
3823
4605
5296
5812
5863
5728
5530
5854
5666
5038
4482
4027
3543
2955
2304
1799
1287
449
-68
-666
-948
-1197
-1796
-2305
-2700
-2779
-2803
-3184
-3283
-3298
-3546
-3239
-3016
-2730
-2256
-2030
-1496
-811
-278
531
1224
1551
1992
2414
2753
3221
3147
3345
3334
3317
3387
3191
3222
3085
2910
2654
2439
2339
2182
1814
1455
1238
861
399
0
-402
-632
-983
-1260
-1424
-1583
-1391
-1441
-1362
-1217
-952
-636
-495
-347
-76
79
16
125
-41
-110
-384
-605
-850
-1109
-1311
-1492
-1594
-1651
-1536
-1398
-1285
-1266
-1059
-827
-806
-848
-1020
-1296
-1561
-1972
-2435
-3068
-3541
-3969
-4498
-4920
-4765
-4459
-4040
-3724
-3189
-2233
-1265
42
1144
2310
3236
4116
4795
5531
6180
6332
6250
5835
6069
5878
5357
4705
4098
3573
2872
2223
1572
1083
259
-244
-941
-1433
-1628
-2272
-2766
-3200
-3428
-3594
-3856
-4114
-4094
-4315
-4405
-4030
-3810
-3327
-2965
-2433
-1704
-1126
-402
449
963
1437
1927
2345
2846
2950
3053
3085
3035
3102
3027
2869
2690
2592
2287
2084
1892
1688
1471
1142
893
471
108
-166
-435
-712
-1162
-1359
-1434
-1650
-1711
-1680
-1762
-1664
-1594
-1421
-1185
-1128
-813
-803
-701
-660
-638
-707
-899
-941
-1125
-1320
-1433
-1586
-1599
-1666
-1593
-1471
-1489
-1298
-1082
-816
-786
-742
-707
-801
-933
-1186
-1528
-2053
-2464
-2920
-3361
-3803
-3860
-3688
-3482
-3169
-2768
-1957
-1136
38
1060
2190
3212
4149
4886
5448
6199
6420
6354
6132
6150
6197
5641
5005
4446
4004
3359
2714
2040
1528
925
417
-133
-647
-829
-1323
-1783
-2188
-2446
-2719
-2960
-3323
-3407
-3565
-3802
-3528
-3410
-2970
-2690
-2245
-1579
-1079
-343
406
962
1358
1885
2279
2752
2935
3114
3273
3177
3212
3091
3063
2949
2729
2530
2350
2148
1979
1678
1329
1124
868
400
139
-88
-366
-688
-987
-1116
-1337
-1385
-1441
-1485
-1524
-1523
-1428
-1351
-1328
-1336
-1174
-1239
-1230
-1245
-1388
-1419
-1623
-1701
-1937
-2127
-2194
-2353
-2552
-2470
-2378
-2504
-2323
-2199
-1883
-1825
-1776
-1778
-1799
-1898
-2071
-2346
-2773
-3145
-3418
-3707
-4164
-4188
-3980
-3695
-3334
-2991
-2226
-1270
-202
930
1969
2816
3856
4565
5139
5883
6090
6172
5922
5926
5968
5352
4676
4098
3510
2749
2111
1407
970
204
-240
-708
-1137
-1240
-1709
-2102
-2584
-2625
-2823
-2949
-3377
-3368
-3443
-3650
-3238
-3118
-2693
-2331
-1938
-1314
-743
31
796
1267
1625
2160
2614
3079
3269
3338
3549
3438
3472
3374
3201
3235
2974
2620
2493
2363
2190
1985
1598
1558
1241
887
770
577
329
191
-14
-131
-147
-225
-197
-303
-362
-267
-258
-290
-239
-376
-293
-398
-485
-548
-865
-851
-1185
-1223
-1432
-1579
-1714
-1892
-1954
-2045
-1958
-2028
-2079
-1979
-1841
-1868
-1820
-1964
-2082
-2249
-2449
-2653
-2976
-3360
-3579
-3860
-4144
-3976
-3812
-3423
-3146
-2664
-1838
-1001
165
1226
2169
3057
3908
4737
5470
5976
6156
6065
5911
6030
5854
5172
4541
3948
3302
2556
1666
1171
483
-391
-829
-1479
-1747
-1920
-2560
-3004
-3285
-3448
-3500
-3728
-3997
-3930
-4157
-4069
-3772
-3644
-3317
-3052
-2562
-2054
-1590
-713
-51
205
784
1294
1875
2286
2389
2645
2775
2803
2869
2778
2679
2653
2425
2193
2037
1874
1653
1326
978
865
621
303
179
-61
-180
-451
-477
-453
-570
-636
-531
-505
-403
-356
-281
-211
-204
-123
-108
-103
-34
-252
-371
-478
-636
-743
-985
-1091
-1192
-1320
-1431
-1279
-1285
-1338
-1403
-1344
-1182
-1335
-1217
-1446
-1598
-1762
-2093
-2224
-2636
-2964
-3263
-3581
-3788
-3566
-3510
-3085
-2699
-2277
-1411
-613
580
1657
2626
3452
4321
4943
5791
6372
6533
6560
6329
6659
6502
5886
5260
4698
4015
3377
2495
1880
1358
445
-51
-729
-1079
-1341
-1952
-2405
-2773
-2831
-2947
-3075
-3448
-3371
-3704
-3565
-3403
-3369
-2973
-2826
-2339
-1958
-1451
-841
-49
98
539
1129
1492
2013
2076
2319
2475
2546
2580
2607
2506
2453
2270
1994
1983
1661
1414
1013
705
555
206
-116
-365
-569
-749
-882
-994
-838
-994
-989
-790
-821
-802
-709
-716
-741
-812
-845
-742
-878
-920
-1142
-1217
-1356
-1398
-1596
-1654
-1642
-1816
-1752
-1822
-1601
-1594
-1597
-1692
-1536
-1511
-1661
-1647
-1931
-2057
-2328
-2618
-2866
-3199
-3495
-3808
-4149
-4249
-4027
-3770
-3281
-3076
-2451
-1637
-710
418
1455
2359
3251
4046
4694
5636
6035
6320
6098
6018
6396
6132
5661
5005
4495
3961
3235
2374
1925
1182
329
-174
-904
-1137
-1541
-2062
-2450
-2713
-2883
-2704
-2923
-3069
-3007
-3216
-2923
-2829
-2572
-2270
-2001
-1628
-1182
-661
71
483
713
1175
1608
2215
2455
2536
2837
2965
2934
3152
3094
3076
3022
2772
2666
2442
2277
1964
1423
1175
904
517
155
-38
-265
-472
-663
-765
-675
-870
-701
-654
-587
-423
-403
-161
-164
-333
-287
-261
-408
-518
-733
-805
-925
-1061
-1197
-1288
-1315
-1394
-1468
-1419
-1318
-1250
-1196
-1328
-1217
-1217
-1336
-1472
-1780
-1995
-2290
-2579
-2918
-3350
-3711
-4053
-4356
-4478
-4210
-3934
-3521
-3197
-2461
-1511
-609
611
1645
2566
3308
4052
4762
5543
5765
5876
5645
5730
5965
5492
5003
4379
3858
3282
2383
1693
1298
386
-402
-1025
-1533
-1696
-2242
-2775
-3161
-3452
-3541
-3531
-3868
-3871
-3982
-3938
-3626
-3510
-3139
-2844
-2508
-2000
-1638
-954
-222
166
450
930
1322
1860
2057
2146
2450
2520
2727
2679
2701
2813
2727
2463
2418
2319
2201
1819
1433
1291
937
598
268
65
-213
-414
-785
-656
-772
-929
-758
-869
-713
-585
-379
-256
-299
-265
-242
-211
-295
-414
-639
-767
-932
-1043
-1062
-1248
-1104
-1232
-1286
-1154
-1079
-945
-993
-940
-859
-742
-920
-963
-1237
-1433
-1737
-2127
-2349
-2913
-3210
-3596
-3931
-3804
-3502
-3163
-2807
-2233
-1395
-380
600
1661
2819
3508
4368
4934
5761
6398
6455
6495
6226
6495
6432
5877
5296
4695
4138
3466
2648
2010
1501
593
-73
-700
-1124
-1405
-1993
-2601
-2926
-3187
-3275
-3358
-3648
-3680
-3906
-3710
-3423
-3244
-2811
-2479
-2119
-1764
-1301
-625
67
183
505
878
1388
1811
1832
1905
2143
2199
2207
2266
2228
2425
2159
1932
1876
1760
1684
1154
983
745
371
-11
-309
-526
-837
-1117
-1371
-1353
-1473
-1517
-1355
-1406
-1340
-1172
-1057
-985
-1016
-945
-972
-933
-961
-1091
-1191
-1388
-1523
-1692
-1815
-1968
-1962
-2125
-2153
-1913
-1784
-1652
-1698
-1468
-1346
-1291
-1443
-1487
-1631
-1904
-2187
-2564
-2772
-3312
-3602
-4075
-4181
-3889
-3688
-3283
-3020
-2286
-1378
-444
640
1774
2748
3622
4413
5038
5970
6328
6552
6313
6342
6614
6442
5849
5206
4820
4235
3617
2662
2341
1560
779
194
-519
-656
-1110
-1689
-2227
-2472
-2620
-2687
-2911
-3093
-3124
-3404
-3040
-2914
-2659
-2309
-2084
-1560
-1285
-703
99
560
769
1094
1472
2017
2361
2314
2513
2698
2792
2827
2774
2887
3004
2709
2587
2530
2457
2172
1743
1502
1291
839
338
178
-196
-421
-797
-861
-921
-1089
-1030
-1099
-967
-936
-804
-787
-623
-736
-626
-618
-656
-629
-867
-1087
-1120
-1292
-1548
-1613
-1800
-1748
-1948
-1907
-1695
-1560
-1529
-1588
-1271
-1296
-1351
-1493
-1667
-1908
-2326
-2644
-3099
-3403
-3900
-4279
-4645
-4602
-4407
-4086
-3712
-3382
-2533
-1646
-625
506
1583
2572
3427
4030
4742
5468
5729
5798
5517
5696
5846
5476
4931
4387
3947
3469
2734
1980
1649
827
229
-512
-947
-1216
-1775
-2363
-2750
-3022
-3090
-3204
-3451
-3432
-3686
-3621
-3369
-3151
-2772
-2544
-2211
-1662
-1313
-731
63
301
593
889
1281
1953
1968
2096
2197
2332
2531
2537
2573
2795
2701
2453
2455
2360
2423
2081
1607
1535
1253
817
538
208
-1
-235
-600
-520
-687
-773
-685
-648
-600
-438
-357
-260
-205
-242
-197
-299
-279
-507
-703
-753
-1065
-1046
-1304
-1386
-1369
-1555
-1692
-1423
-1218
-1259
-1212
-1177
-884
-809
-840
-949
-1138
-1367
-1627
-2072
-2467
-2921
-3404
-3802
-4174
-4086
-3849
-3538
-3200
-2688
-1863
-856
207
1275
2409
3288
4109
4704
5457
6155
6325
6357
6093
6327
6370
5909
5250
4748
4275
3704
2902
2125
1753
833
255
-527
-890
-1144
-1900
-2411
-2919
-3131
-3287
-3509
-3746
-3756
-4001
-3934
-3532
-3475
-3016
-2874
-2389
-1944
-1560
-925
-191
28
300
711
1043
1621
1603
1661
1923
1981
2082
2094
2141
2351
2253
2117
2090
2093
2013
1493
1255
1128
698
255
-71
-309
-614
-1001
-1252
-1251
-1351
-1427
-1312
-1376
-1074
-1021
-861
-693
-762
-504
-576
-574
-628
-743
-964
-1044
-1187
-1407
-1504
-1593
-1656
-1764
-1823
-1666
-1477
-1412
-1439
-1253
-936
-1004
-1098
-1177
-1322
-1602
-1919
-2245
-2626
-3105
-3502
-3800
-4262
-4284
-4000
-3796
-3368
-3075
-2260
-1361
-349
736
1882
2807
3712
4473
5100
6043
6291
6451
6179
6240
6574
6244
5599
5147
4781
4213
3637
2725
2415
1674
823
351
-396
-598
-1223
-1814
-2277
-2590
-2712
-2859
-3234
-3403
-3348
-3533
-3176
-2982
-2713
-2263
-1962
-1433
-917
-502
244
677
773
1234
1602
2136
2361
2372
2571
2706
2761
2886
2888
2865
2857
2574
2624
2525
2256
2022
1587
1351
1034
542
168
5
-396
-635
-890
-1010
-1032
-1035
-966
-973
-875
-768
-555
-523
-424
-330
-379
-386
-464
-506
-669
-838
-927
-1053
-1274
-1343
-1423
-1580
-1602
-1614
-1469
-1494
-1510
-1534
-1366
-1408
-1555
-1695
-1971
-2131
-2457
-2720
-3221
-3649
-3907
-4259
-4567
-4923
-4732
-4457
-4118
-3720
-3204
-2379
-1527
-325
717
1733
2628
3527
4168
4876
5579
5832
5874
5749
6042
5950
5450
4938
4513
3973
3189
2564
1913
1344
485
-121
-598
-1170
-1436
-2043
-2454
-2843
-3027
-3130
-3469
-3669
-3559
-3617
-3709
-3364
-3101
-2807
-2562
-2153
-1675
-1155
-551
3
323
718
1278
1712
2037
2264
2375
2640
2743
2798
2935
2900
2898
2817
2538
2395
2172
1892
1564
1231
905
615
258
1
-170
-476
-546
-728
-690
-754
-712
-581
-445
-406
-247
-31
-55
176
210
251
181
191
148
47
-189
-222
-448
-458
-544
-709
-729
-821
-780
-724
-799
-889
-723
-873
-901
-999
-1275
-1432
-1771
-2017
-2390
-2835
-3155
-3383
-3739
-4062
-4280
-4169
-3807
-3527
-3080
-2686
-1925
-852
182
1161
2208
3068
4002
4657
5247
6120
6306
6442
6256
6301
6403
5920
5298
4650
4001
3375
2660
1700
1106
337
-317
-994
-1625
-1887
-2375
-2830
-3178
-3457
-3640
-3727
-3921
-3866
-3977
-4062
-3633
-3530
-3262
-3003
-2572
-1947
-1527
-1053
-367
142
542
1080
1319
1824
2116
2239
2441
2510
2631
2683
2455
2371
2296
1890
1735
1385
1059
735
298
60
-202
-606
-853
-1048
-1253
-1375
-1562
-1521
-1473
-1530
-1342
-1231
-1126
-857
-819
-706
-533
-506
-512
-528
-583
-490
-721
-776
-786
-899
-1046
-1212
-1149
-1203
-1201
-1243
-1160
-1118
-1062
-1002
-1045
-1007
-1167
-1429
-1594
-1894
-2044
-2481
-2844
-2981
-3246
-3452
-3773
-3925
-3666
-3288
-2913
-2472
-2023
-1140
-216
835
1788
2897
3847
4637
5315
6050
6861
7057
7167
6870
7054
7029
6524
5856
5183
4593
3860
3075
2109
1689
800
187
-476
-1142
-1259
-1775
-2156
-2551
-2730
-2936
-3076
-3227
-3305
-3425
-3441
-3077
-2912
-2711
-2315
-1809
-1313
-991
-572
296
732
1080
1481
1890
2461
2592
2742
2932
2916
2939
2806
2610
2529
2365
1898
1665
1363
1050
706
271
143
-243
-642
-778
-893
-1083
-1205
-1367
-1305
-1270
-1356
-1135
-1113
-964
-850
-766
-604
-409
-486
-464
-513
-492
-514
-782
-846
-927
-1184
-1423
-1432
-1568
-1578
-1771
-1732
-1624
-1623
-1692
-1645
-1701
-1850
-1999
-2267
-2411
-2670
-2909
-3282
-3621
-3854
-4118
-4386
-4517
-4717
-4467
-4154
-3721
-3283
-2721
-1889
-968
74
1138
2305
3147
4182
4670
5495
6384
6535
6694
6430
6645
6600
6065
5348
4752
4164
3377
2598
1789
1359
405
-137
-807
-1349
-1525
-2014
-2458
-2703
-2940
-2990
-3107
-3419
-3308
-3556
-3453
-3137
-3029
-2766
-2421
-1989
-1416
-991
-400
475
865
1297
1867
2308
2848
3017
3138
3427
3332
3323
3273
3076
2981
2708
2276
2063
1722
1463
1066
681
523
139
-184
-294
-440
-648
-774
-953
-800
-691
-669
-430
-372
-263
-19
133
285
364
434
441
392
365
304
27
-46
-198
-568
-638
-851
-986
-1016
-1222
-1190
-1174
-1313
-1263
-1301
-1437
-1543
-1778
-2052
-2185
-2518
-2728
-3101
-3447
-3562
-3877
-4039
-4185
-4435
-4330
-4017
-3692
-3125
-2839
-2143
-1246
-334
708
1811
2852
3809
4623
5175
6248
6602
6750
6546
6323
6562
6053
5393
4722
4002
3312
2618
1701
1093
439
-385
-920
-1649
-1882
-2067
-2703
-2962
-3228
-3461
-3518
-3810
-3946
-3990
-4152
-3942
-3742
-3557
-3145
-2703
-2259
-1728
-1264
-436
154
540
1073
1387
1994
2476
2498
2776
2812
2797
2870
2637
2402
2197
1813
1530
1364
942
775
451
189
-56
-433
-531
-640
-833
-1052
-1095
-1106
-971
-979
-798
-664
-580
-342
-273
-91
63
102
150
46
-31
89
-160
-255
-361
-586
-665
-813
-823
-923
-983
-1102
-1000
-1021
-1085
-1029
-1138
-1192
-1388
-1631
-1838
-2052
-2260
-2519
-2842
-3058
-3208
-3269
-3481
-3703
-3769
-3516
-3123
-2740
-2311
-1834
-1039
-60
912
1986
3037
3922
4772
5377
6136
6976
7116
7063
6790
6810
6807
6091
5304
4722
4035
3320
2405
1639
1145
372
-231
-938
-1364
-1440
-1807
-2301
-2527
-2803
-2871
-2954
-3304
-3283
-3517
-3539
-3331
-3221
-2891
-2587
-2075
-1622
-1114
-607
290
705
1161
1600
1947
2617
2732
2921
3027
2917
2898
2718
2415
2212
1878
1475
1225
818
610
251
-77
-278
-596
-876
-945
-1196
-1318
-1307
-1538
-1388
-1352
-1340
-1203
-1125
-1056
-834
-792
-597
-526
-595
-515
-595
-664
-714
-863
-976
-1059
-1290
-1299
-1353
-1472
-1554
-1680
-1637
-1591
-1607
-1681
-1728
-1800
-1820
-2062
-2315
-2486
-2713
-2840
-3163
-3417
-3512
-3603
-3813
-3884
-4010
-3928
-3520
-3280
-2709
-2312
-1717
-821
-7
1064
2157
3156
4009
4764
5382
6281
6715
6796
6622
6402
6480
6108
5389
4695
4106
3316
2635
1796
1280
764
-10
-560
-1110
-1211
-1430
-1879
-2286
-2459
-2657
-2685
-2910
-3182
-3063
-3338
-3175
-2989
-2725
-2366
-1949
-1449
-975
-415
214
1003
1401
1899
2298
2745
3283
3374
3536
3548
3450
3391
3241
2852
2775
2403
1929
1777
1301
1202
732
415
284
-81
-313
-356
-423
-610
-694
-755
-553
-567
-579
-352
-386
-138
-10
33
136
76
87
39
-141
-201
-240
-531
-659
-826
-986
-1040
-1269
-1306
-1359
-1594
-1422
-1472
-1576
-1651
-1720
-1779
-1936
-2275
-2426
-2644
-2796
-2978
-3345
-3537
-3576
-3671
-3954
-4099
-4149
-4052
-3775
-3509
-2973
-2556
-1997
-1149
-266
794
1859
2800
3664
4454
4993
5880
6338
6397
6177
5883
6023
5616
4932
4224
3522
2918
2250
1431
986
446
-377
-859
-1496
-1606
-1840
-2439
-2765
-3065
-3222
-3307
-3488
-3715
-3695
-3922
-3728
-3416
-3165
-2705
-2456
-1868
-1337
-901
-55
696
1075
1543
1889
2492
2945
2942
3123
3125
2981
2966
2760
2489
2446
1945
1616
1385
998
946
448
195
45
-261
-395
-473
-541
-613
-731
-780
-616
-564
-501
-365
-341
-136
-35
39
222
203
254
146
103
146
41
-229
-253
-380
-567
-653
-780
-746
-899
-981
-948
-962
-989
-1094
-1226
-1305
-1478
-1734
-1857
-2006
-2147
-2426
-2622
-2699
-2758
-2896
-3123
-3250
-3197
-3275
-3123
-2756
-2288
-1823
-1477
-656
209
1314
2146
3107
3924
4667
5372
5959
6631
6711
6557
6195
6131
6000
5329
4602
3963
3267
2640
2056
1336
828
170
-536
-972
-1419
-1591
-1960
-2530
-2855
-3024
-3257
-3387
-3656
-3751
-3850
-3972
-3545
-3355
-3065
-2705
-2162
-1591
-1055
-498
296
821
1097
1578
1913
2404
2515
2620
2553
2433
2336
2236
2003
1735
1494
1070
907
545
354
-2
-424
-482
-742
-944
-1206
-1130
-1261
-1442
-1513
-1381
-1202
-1203
-1147
-1027
-862
-700
-546
-405
-309
-341
-280
-316
-207
-251
-432
-585
-719
-807
-857
-931
-1023
-976
-1200
-1200
-1134
-1231
-1292
-1426
-1492
-1690
-1834
-2056
-2148
-2260
-2532
-2553
-2682
-2717
-2760
-2888
-2982
-3033
-2986
-3026
-2987
-2670
-2267
-1737
-1277
-579
251
1082
1997
3084
4041
4765
5419
5849
6561
6845
6753
6559
6073
6053
5742
5030
4311
3802
3263
2626
1766
1210
780
174
-343
-958
-1216
-1409
-1907
-2377
-2679
-2964
-3083
-3344
-3617
-3412
-3387
-3178
-2754
-2514
-1950
-1384
-822
-250
177
838
1570
1853
2243
2554
2912
3242
3103
3089
3071
2999
2821
2581
2220
2159
1838
1299
1020
657
643
109
-220
-349
-576
-759
-958
-1019
-1194
-1205
-1281
-1197
-1186
-1135
-919
-907
-810
-678
-568
-486
-331
-457
-423
-350
-501
-443
-695
-800
-846
-959
-1152
-1216
-1259
-1318
-1475
-1564
-1557
-1668
-1833
-1970
-2012
-2160
-2394
-2542
-2656
-2776
-2780
-2969
-3023
-3080
-3119
-3167
-3207
-3152
-3221
-3296
-3076
-2578
-2081
-1616
-1174
-439
395
1335
2337
3156
3914
4543
5023
5621
6112
6144
5912
5546
5482
5247
4618
3966
3554
2861
2188
1481
887
570
-163
-771
-1394
-1745
-1936
-2309
-2867
-3212
-3344
-3585
-3704
-3850
-3681
-3658
-3579
-3122
-2739
-2168
-1608
-1046
-510
-27
664
1384
1765
2003
2373
2648
2931
2926
2925
2966
2816
2633
2516
2305
2202
2006
1454
1275
1084
912
563
152
-4
-153
-446
-673
-733
-859
-972
-1107
-1015
-1033
-884
-764
-569
-539
-403
-127
36
209
145
237
240
313
235
98
51
-70
-224
-480
-471
-459
-489
-675
-861
-754
-884
-1058
-1169
-1357
-1504
-1733
-1954
-1962
-2077
-2233
-2299
-2481
-2490
-2503
-2574
-2503
-2583
-2577
-2740
-2651
-2188
-1825
-1420
-1112
-549
204
1041
1884
2865
3510
4140
4869
5273
5922
6199
6086
5823
5484
5436
5268
4410
3874
3205
2610
2022
1294
789
253
-456
-1058
-1542
-1947
-2132
-2741
-3258
-3547
-3832
-3885
-3963
-4023
-3863
-3782
-3533
-2987
-2637
-2141
-1542
-1084
-554
-115
479
1201
1461
1721
1869
2108
2484
2483
2357
2324
2340
2279
2165
1833
1741
1465
942
749
341
166
-223
-599
-810
-1107
-1279
-1461
-1565
-1757
-1747
-1825
-1719
-1599
-1578
-1256
-1168
-1049
-806
-655
-458
-473
-545
-486
-557
-464
-412
-572
-542
-524
-534
-571
-530
-483
-516
-733
-780
-671
-893
-1057
-1206
-1400
-1589
-1786
-1946
-1999
-2067
-2190
-2253
-2377
-2206
-2252
-2279
-2357
-2375
-2254
-2271
-2277
-1931
-1597
-1172
-721
-268
430
1244
2248
3117
3758
4456
5230
5710
6168
6414
6465
6220
5883
5832
5541
4780
4206
3702
3078
2418
1775
1286
812
3
-473
-940
-1423
-1563
-2149
-2526
-2780
-2993
-3025
-3096
-3105
-2875
-2827
-2599
-2233
-1807
-1274
-976
-519
-87
268
913
1532
1631
1870
2154
2470
2858
2764
2772
2855
2693
2674
2433
2155
1956
1526
1052
784
389
151
-247
-753
-898
-1234
-1477
-1476
-1771
-1917
-1882
-1934
-1718
-1684
-1476
-1288
-1207
-1091
-907
-856
-650
-619
-607
-592
-681
-425
-547
-631
-564
-598
-734
-714
-798
-800
-892
-1132
-1124
-1335
-1521
-1657
-1865
-2025
-2192
-2422
-2523
-2613
-2764
-2713
-2848
-2909
-2771
-2797
-2779
-2827
-2780
-2692
-2699
-2761
-2613
-2180
-1891
-1382
-1158
-517
296
1145
2027
2740
3623
4409
4939
5238
5816
6050
5964
5639
5333
5410
4998
4382
3833
3222
2613
2128
1296
866
191
-393
-850
-1527
-1697
-1981
-2435
-2837
-2946
-3048
-3022
-3156
-2973
-2850
-2820
-2340
-1955
-1501
-1089
-750
-258
256
648
1253
1786
1969
2336
2710
3149
3433
3322
3456
3433
3331
3130
2723
2442
2137
1635
1061
802
451
159
-396
-653
-704
-948
-1073
-1263
-1295
-1288
-1343
-1369
-1179
-1213
-973
-953
-850
-646
-593
-309
-199
-52
-8
54
279
435
369
395
374
387
278
215
143
24
-246
-532
-710
-974
-1074
-1501
-1673
-1923
-2082
-2194
-2382
-2415
-2450
-2511
-2589
-2508
-2494
-2327
-2463
-2408
-2341
-2429
-2442
-2474
-2547
-2258
-1882
-1531
-1170
-647
19
741
1520
2275
3163
3743
4409
4742
5120
5530
5497
5329
4768
4773
4578
3968
3293
2783
2315
1745
1055
418
69
-634
-1081
-1653
-2110
-2206
-2660
-3024
-3416
-3513
-3566
-3570
-3699
-3373
-3308
-3139
-2548
-2210
-1722
-1467
-945
-355
51
497
1110
1539
1906
2173
2318
2741
2775
2804
2655
2419
2376
2063
1725
1353
1005
601
271
-104
-417
-675
-905
-1028
-1199
-1484
-1462
-1485
-1594
-1665
-1768
-1632
-1455
-1365
-1148
-1067
-733
-351
-202
121
384
622
720
880
1071
1190
1106
874
928
775
612
459
181
47
-352
-443
-647
-913
-1133
-1436
-1485
-1691
-1826
-1905
-1995
-1987
-2051
-2025
-1933
-1878
-1750
-1819
-1752
-1688
-1685
-1608
-1663
-1603
-1656
-1462
-1075
-539
-113
50
670
1414
2267
2909
3592
4227
4730
5083
5368
5820
5765
5541
5063
4925
4986
4446
3972
3359
2886
2302
1804
1041
661
-35
-690
-1155
-1676
-1904
-2308
-2786
-3166
-3267
-3395
-3198
-3213
-3008
-2854
-2674
-2114
-1741
-1386
-975
-569
-151
271
580
1117
1449
1359
1653
1693
2028
1914
1552
1581
1337
1226
965
668
433
229
-144
-428
-592
-816
-1029
-1460
-1592
-1780
-2007
-2091
-2244
-2300
-2328
-2200
-2072
-1731
-1606
-1306
-938
-589
-295
-61
313
489
663
702
794
914
814
678
460
398
286
17
-251
-507
-587
-890
-1104
-1215
-1539
-1789
-1986
-2084
-2114
-2310
-2420
-2536
-2577
-2478
-2504
-2592
-2494
-2331
-2338
-2178
-2085
-1805
-1633
-1643
-1603
-1450
-1389
-1161
-818
-529
-107
96
766
1296
1986
2633
3313
3895
4409
4720
5210
5688
5637
5592
5250
5382
5384
4847
4322
3958
3503
3065
2362
1596
1278
560
-133
-792
-1244
-1395
-1871
-2371
-2614
-2604
-2460
-2322
-2323
-1924
-1684
-1427
-813
-655
-235
-48
266
540
690
855
1250
1371
1334
1410
1400
1758
1685
1528
1500
1434
1411
1358
926
868
697
275
-15
-422
-676
-1051
-1373
-1609
-1814
-2056
-2087
-2099
-2037
-1844
-1807
-1310
-1053
-854
-430
-36
280
564
706
780
1019
1042
1005
937
802
814
507
397
366
135
19
-253
-436
-507
-715
-1011
-1142
-1444
-1675
-1897
-2112
-2250
-2559
-2737
-2837
-2863
-2839
-2869
-2755
-2586
-2536
-2352
-2140
-1990
-1849
-1832
-1662
-1593
-1529
-1503
-1568
-1577
-1270
-1070
-866
-705
-224
338
855
1510
2260
2882
3538
3960
4245
4952
5198
5167
4930
4766
4880
4641
3953
3387
3029
2425
1816
911
391
-56
-782
-1320
-1832
-1906
-2097
-2389
-2551
-2400
-2226
-2063
-2032
-1876
-1522
-1666
-1326
-1134
-1110
-872
-803
-591
-373
-325
83
454
497
632
956
1308
1566
1553
1533
1604
1610
1445
1155
888
699
300
-212
-438
-713
-873
-1183
-1329
-1242
-1270
-1187
-968
-756
-572
-367
-107
238
538
743
915
1019
1120
1125
1128
1160
1159
940
869
885
875
816
613
574
558
414
183
99
-84
-298
-692
-925
-1062
-1342
-1550
-1757
-1930
-1998
-2024
-2014
-2030
-1906
-1902
-1700
-1574
-1341
-1215
-1246
-1025
-985
-957
-1085
-1087
-1239
-1415
-1606
-1597
-1350
-1163
-885
-654
-202
399
1009
1848
2412
3026
3518
3925
4352
4835
5097
4905
4581
4459
4612
4193
3553
3057
2585
2082
1471
840
492
-2
-559
-948
-1336
-1412
-1517
-1806
-2135
-2237
-2192
-2139
-2324
-2383
-2289
-2418
-2314
-2262
-2193
-1920
-1827
-1636
-1464
-1160
-645
-228
-168
83
329
643
944
820
898
958
853
698
460
295
114
-289
-545
-790
-907
-962
-1183
-1303
-1272
-1200
-1075
-924
-847
-689
-485
-333
-98
2
148
215
247
448
442
515
489
456
564
533
533
537
406
313
296
174
-45
-161
-299
-441
-699
-900
-1029
-1283
-1493
-1561
-1669
-1727
-1712
-1718
-1525
-1472
-1407
-1225
-1156
-1035
-906
-844
-770
-674
-607
-596
-617
-693
-755
-778
-684
-747
-837
-447
-146
203
380
749
1279
1924
2492
3092
3619
4123
4569
4644
5009
5203
5173
4942
4768
4853
4777
4258
3852
3480
2989
2571
1945
1396
986
373
-211
-634
-994
-1184
-1657
-2098
-2298
-2384
-2432
-2548
-2616
-2577
-2567
-2442
-2202
-2120
-1939
-1693
-1492
-1196
-971
-595
-201
-128
145
264
581
786
833
754
844
821
837
690
454
391
32
-283
-416
-567
-868
-1037
-1279
-1199
-1258
-1271
-1259
-1263
-1194
-1090
-982
-818
-689
-623
-443
-402
-269
-71
-152
-73
-19
-40
75
-51
70
26
-111
-201
-257
-436
-560
-714
-921
-1128
-1414
-1375
-1468
-1623
-1769
-1783
-1742
-1702
-1755
-1737
-1651
-1514
-1455
-1508
-1389
-1230
-1227
-1208
-1118
-993
-816
-911
-886
-731
-668
-583
-549
-676
-463
-226
-14
212
253
716
1113
1580
2068
2622
3112
3641
3950
4115
4743
5060
5149
4982
4954
5260
5050
4647
4193
3765
3290
2622
1844
1317
712
-48
-635
-1148
-1391
-1660
-2143
-2327
-2389
-2538
-2561
-2655
-2432
-2368
-2410
-2200
-1997
-1763
-1484
-1460
-1155
-839
-649
-222
85
326
675
936
1346
1644
1708
1886
1997
1936
1907
1722
1443
1325
796
520
234
-23
-218
-641
-873
-899
-1006
-1109
-1116
-1086
-953
-875
-831
-616
-449
-266
-189
-186
20
43
59
66
60
111
59
15
8
-127
-235
-230
-381
-530
-732
-857
-791
-961
-1171
-1270
-1365
-1377
-1460
-1575
-1509
-1510
-1665
-1669
-1651
-1564
-1515
-1543
-1527
-1471
-1344
-1240
-1054
-971
-905
-787
-768
-561
-623
-696
-819
-982
-1022
-919
-701
-612
-531
-274
50
692
1213
1776
2348
2804
3308
3695
4441
4649
4783
4603
4618
4782
4320
3952
3432
2850
2161
1581
867
331
-193
-906
-1361
-1858
-2040
-2297
-2603
-2775
-2884
-2965
-2820
-2827
-2690
-2714
-2786
-2403
-2280
-2074
-1833
-1718
-1276
-940
-725
-195
242
650
1021
1299
1765
2109
2236
2299
2286
2186
2022
1844
1536
1286
712
388
19
-283
-542
-862
-994
-1090
-1159
-1143
-932
-857
-680
-677
-413
-143
-12
145
185
342
389
380
479
619
614
518
534
483
700
550
437
472
317
318
235
238
194
10
-132
-293
-406
-461
-602
-755
-790
-876
-979
-1031
-1052
-1012
-1119
-1156
-1065
-965
-807
-652
-686
-467
-406
-396
-210
-317
-400
-475
-535
-603
-820
-1151
-1127
-959
-901
-756
-555
-104
456
946
1582
2346
2950
3468
3792
4286
4888
5022
4957
4731
4691
4603
4042
3411
2873
2278
1685
950
332
-71
-751
-1338
-1851
-2205
-2380
-2663
-3003
-3145
-3263
-3289
-3162
-3215
-3169
-3128
-3033
-2745
-2476
-2277
-1929
-1568
-1189
-754
-424
96
429
752
1012
1207
1561
1576
1524
1481
1371
1213
852
482
131
-216
-600
-958
-1200
-1501
-1675
-1837
-1794
-1762
-1807
-1641
-1486
-1214
-1100
-944
-638
-496
-352
-340
-244
-197
-32
-79
7
139
83
198
279
434
563
502
556
632
615
610
546
458
288
171
-6
-72
-268
-469
-576
-602
-613
-694
-779
-690
-637
-701
-605
-497
-281
-308
-218
-92
-20
138
78
6
-24
-62
-232
-391
-587
-723
-830
-1125
-1083
-1019
-656
-447
-210
247
775
1512
2129
2839
3327
3987
4273
4641
5117
5175
5057
4607
4592
4458
3980
3413
2942
2434
1877
1235
703
370
-290
-710
-1264
-1508
-1629
-1840
-2158
-2460
-2421
-2438
-2302
-2317
-2151
-2152
-1996
-1674
-1529
-1150
-958
-641
-370
-23
158
653
904
865
1072
1074
1286
1229
1007
843
640
420
54
-329
-594
-895
-1219
-1476
-1712
-1791
-1893
-1975
-1781
-1728
-1563
-1228
-1172
-976
-750
-618
-414
-306
-240
-265
-296
-270
-118
-219
-289
-179
-252
-227
-133
-7
86
28
7
86
-31
-13
-200
-384
-484
-678
-789
-912
-1014
-1115
-1202
-1270
-1199
-1086
-1111
-1101
-1002
-910
-805
-755
-559
-504
-481
-396
-326
-270
-300
-443
-702
-701
-915
-1051
-1072
-1268
-1445
-1520
-1644
-1500
-1300
-1169
-757
-519
-131
442
974
1646
2263
2680
3220
3670
4028
4332
4519
4444
4231
4254
4261
4056
3616
3198
2837
2451
1987
1253
848
294
-199
-601
-1047
-1136
-1385
-1722
-1957
-1897
-1768
-1741
-1811
-1607
-1381
-1242
-1010
-831
-578
-408
-254
-81
80
263
518
587
601
762
797
932
868
785
629
546
462
286
44
-140
-143
-395
-518
-662
-511
-599
-640
-556
-485
-209
-240
-111
-26
248
281
396
371
426
582
402
371
344
330
177
140
52
90
110
-18
28
-119
-157
-178
-279
-319
-563
-625
-666
-759
-886
-871
-912
-829
-858
-790
-724
-616
-538
-565
-502
-323
-255
-421
-409
-505
-440
-663
-845
-883
-1063
-1217
-1455
-1519
-1662
-1648
-1894
-1918
-2047
-2090
-2098
-2082
-1960
-1849
-1452
-1250
-896
-557
-71
526
1053
1524
2028
2443
2790
3260
3503
3639
3618
3574
3713
3620
3345
3009
2682
2356
1866
1308
796
292
-208
-644
-1096
-1238
-1388
-1645
-1852
-1794
-1764
-1573
-1480
-1476
-1221
-1195
-1049
-894
-794
-697
-639
-520
-496
-421
-236
-77
-49
17
115
228
352
382
426
453
521
337
260
119
72
14
-212
-346
-390
-208
-248
-129
2
186
399
572
719
920
1059
1070
1055
1067
1090
941
783
614
489
414
185
65
33
-36
-37
-30
-109
-38
87
22
80
21
-43
14
-80
-78
-120
-30
39
35
52
181
278
242
228
259
283
223
155
74
-11
-90
-272
-384
-543
-759
-850
-1023
-1135
-1192
-1202
-1350
-1410
-1460
-1531
-1589
-1725
-1839
-1956
-1798
-1566
-1370
-1279
-1073
-682
-172
304
783
1390
1840
2305
2670
3196
3574
3735
3625
3580
3726
3560
3252
2848
2403
1951
1352
807
423
-141
-627
-1074
-1440
-1557
-1683
-1834
-1875
-1881
-1816
-1745
-1685
-1588
-1667
-1689
-1684
-1611
-1628
-1697
-1664
-1588
-1620
-1529
-1249
-1063
-895
-821
-610
-393
-160
-130
-46
-10
-89
-60
-137
-118
-127
-251
-370
-247
-164
-32
-24
100
460
502
623
835
929
1077
958
929
956
765
654
519
331
175
-4
-143
-165
-272
-345
-376
-298
-221
-177
-216
-124
-30
99
83
29
171
160
252
260
257
393
435
425
513
590
674
783
773
844
834
739
796
672
449
279
91
-37
-202
-366
-594
-653
-864
-1042
-1128
-1107
-1220
-1343
-1338
-1365
-1327
-1435
-1546
-1465
-1354
-1329
-1235
-928
-734
-234
114
586
1259
1705
2267
2748
3230
3683
3988
4113
4196
4335
4311
4043
3631
3340
2890
2386
1923
1374
1020
618
253
-155
-375
-488
-655
-831
-1040
-1022
-1103
-1297
-1392
-1612
-1792
-1947
-2125
-2319
-2478
-2521
-2504
-2514
-2418
-2238
-1917
-1724
-1500
-1313
-989
-794
-595
-546
-481
-238
-262
-192
-127
6
72
145
280
364
502
697
747
849
922
970
1012
920
783
551
400
217
-69
-319
-591
-805
-958
-1148
-1186
-1307
-1229
-1301
-1274
-1219
-1163
-972
-999
-858
-863
-759
-690
-520
-486
-356
-216
-94
20
142
300
439
651
736
834
898
992
1044
993
957
777
734
521
315
16
-170
-298
-612
-713
-975
-969
-1106
-1206
-1235
-1374
-1414
-1513
-1579
-1679
-1798
-1967
-1994
-2196
-2277
-2293
-2183
-1918
-1849
-1409
-1001
-385
336
1072
1823
2497
3305
3838
4432
4843
5118
5179
5214
5176
5064
4774
4294
3980
3497
3093
2628
2272
1897
1429
1097
712
509
320
-213
-505
-825
-1214
-1445
-1885
-2223
-2535
-2934
-3154
-3288
-3280
-3303
-3160
-3007
-2696
-2354
-1921
-1498
-1187
-763
-473
4
281
578
772
958
1118
1301
1345
1376
1465
1439
1459
1521
1488
1588
1570
1518
1438
1223
1237
966
674
396
66
-258
-478
-813
-1072
-1280
-1527
-1603
-1607
-1712
-1652
-1657
-1625
-1476
-1374
-1202
-1020
-941
-844
-632
-528
-298
-133
-14
168
251
489
584
755
787
821
924
938
908
772
686
599
483
202
60
-109
-357
-585
-917
-963
-1158
-1349
-1622
-1741
-1935
-2104
-2230
-2478
-2539
-2666
-2797
-2795
-2856
-2899
-2817
-2791
-2755
-2639
-2591
-2388
-2302
-2138
-1782
-1454
-936
-527
-50
556
1264
2024
2641
3303
3889
4417
4756
5283
5538
5664
5724
5500
5548
5381
5044
4579
4206
3615
3118
2396
1802
1187
365
-314
-1077
-1643
-2157
-2675
-3222
-3520
-3727
-3902
-3979
-3933
-3727
-3639
-3392
-3005
-2748
-2350
-2044
-1654
-1172
-875
-481
-33
370
708
919
1305
1654
1886
2094
2257
2509
2695
2706
2779
2800
2783
2601
2487
2279
2043
1685
1317
1099
700
298
-46
-393
-607
-968
-1284
-1351
-1546
-1620
-1691
-1711
-1592
-1447
-1425
-1333
-1149
-1001
-823
-734
-374
-115
154
385
675
947
1210
1329
1522
1654
1720
1707
1663
1718
1478
1391
1240
1025
750
574
160
-122
-458
-871
-1203
-1459
-1814
-2137
-2381
-2585
-2653
-2841
-2911
-2949
-3069
-2912
-2932
-2940
-2873
-2931
-2787
-2799
-2628
-2563
-2475
-2353
-2308
-2217
-1959
-1906
-1729
-1532
-1383
-1069
-754
-384
-163
166
555
1161
1641
2010
2472
2960
3591
3971
4444
4842
5029
5185
5149
5139
5011
4744
4284
3761
3338
2871
2163
1533
895
375
-302
-929
-1408
-1817
-2353
-2780
-3125
-3265
-3344
-3594
-3646
-3722
-3518
-3390
-3187
-2943
-2725
-2421
-2154
-1654
-1270
-904
-555
-214
223
601
992
1458
1695
1955
2165
2436
2742
2768
2776
2695
2614
2535
2329
2079
1780
1451
1008
677
396
112
-255
-623
-767
-1080
-999
-1137
-1304
-1280
-1400
-1230
-1152
-1124
-1033
-1007
-919
-748
-640
-514
-314
-66
115
281
552
780
973
1150
1268
1425
1534
1585
1693
1795
1762
1735
1666
1666
1654
1601
1420
1231
1156
891
712
387
96
-302
-670
-965
-1394
-1654
-2177
-2490
-2768
-2967
-3194
-3284
-3369
-3295
-3212
-3092
-2734
-2591
-2310
-2011
-1700
-1334
-894
-581
-230
194
547
862
1138
1408
1521
1697
1788
1971
2011
2008
1946
1920
1803
1578
1494
1346
1015
754
449
251
37
-318
-672
-899
-1260
-1500
-1742
-1932
-1831
-1867
-1757
-1650
-1272
-818
-414
30
497
965
1361
1710
1958
2356
2412
2428
2339
2257
2445
2230
1987
1708
1657
1331
1006
729
480
221
-180
-398
-625
-702
-986
-1179
-1425
-1603
-1747
-1913
-1914
-2027
-2090
-2101
-2003
-1887
-1825
-1722
-1577
-1324
-1178
-1079
-838
-535
-434
-316
-175
2
151
133
173
309
349
487
425
518
567
525
449
464
382
344
331
156
218
122
159
137
138
86
39
129
160
125
43
92
160
93
10
-34
60
-14
-59
-36
-84
-18
68
33
114
299
305
406
539
706
848
955
1117
1378
1537
1598
1850
1924
1933
1880
1847
1822
1507
1323
1091
933
746
400
195
5
-97
-333
-446
-601
-650
-881
-869
-831
-879
-806
-891
-846
-750
-727
-766
-561
-533
-435
-403
-258
-151
-96
24
99
162
289
305
427
407
383
393
313
272
229
193
58
110
10
-63
-85
-254
-283
-413
-524
-381
-479
-478
-451
-484
-407
-423
-394
-329
-296
-272
-176
-111
-38
-4
108
141
100
172
215
297
222
241
209
142
32
-141
-229
-448
-496
-810
-1038
-1162
-1431
-1473
-1726
-1844
-1994
-1999
-2057
-2058
-2025
-2067
-1917
-2028
-1956
-1877
-1865
-1948
-1909
-1901
-1909
-1866
-1892
-1850
-1718
-1587
-1293
-1076
-707
-289
243
798
1251
1872
2314
2771
3139
3411
3701
3798
3706
3649
3648
3469
3289
2881
2572
2413
2025
1720
1298
1063
678
394
215
-12
-2
-285
-310
-495
-446
-492
-588
-514
-484
-494
-441
-323
-211
-17
83
170
377
613
726
957
1122
1202
1293
1310
1469
1498
1372
1296
1175
966
777
575
319
86
-180
-371
-511
-498
-738
-720
-827
-806
-740
-824
-775
-708
-710
-808
-741
-661
-567
-619
-561
-376
-228
-80
36
224
406
634
653
894
892
1052
986
1000
1036
881
813
631
507
213
69
-119
-263
-440
-609
-777
-875
-1005
-1179
-1241
-1298
-1539
-1647
-1790
-1930
-1899
-2045
-2149
-2156
-2136
-2174
-2049
-1915
-1938
-1794
-1678
-1475
-1228
-1054
-887
-748
-540
-396
-264
-88
20
39
26
37
138
101
57
-14
-90
-58
-28
83
134
218
318
402
508
559
671
703
721
773
743
809
852
831
792
854
864
933
1000
972
1024
1108
1008
1108
1063
1025
1080
940
932
885
940
747
676
514
532
516
416
345
292
300
198
174
173
116
24
-77
-162
-146
-149
-220
-246
-267
-227
-156
-84
35
139
322
371
553
525
751
765
745
737
628
644
422
417
296
161
44
-6
-101
-143
-254
-375
-449
-473
-597
-660
-755
-890
-841
-971
-898
-932
-1010
-991
-935
-880
-805
-693
-580
-486
-323
-186
-64
113
194
331
379
505
553
592
650
613
555
494
493
408
314
329
245
150
65
85
-20
-76
-193
-235
-289
-363
-293
-427
-383
-451
-504
-479
-608
-534
-658
-600
-582
-492
-546
-486
-314
-332
-220
-191
-93
97
146
182
251
392
398
435
530
504
521
605
669
665
609
640
637
593
535
525
452
391
251
34
-60
-268
-454
-692
-863
-991
-1130
-1127
-1365
-1319
-1468
-1574
-1643
-1705
-1642
-1709
-1721
-1780
-1566
-1453
-1257
-1147
-932
-677
-340
102
456
901
1159
1582
1913
2251
2456
2693
2719
2737
2777
2736
2570
2425
2154
1877
1645
1281
1101
644
392
-41
-280
-595
-732
-1012
-1190
-1398
-1519
-1491
-1534
-1564
-1697
-1624
-1614
-1549
-1460
-1192
-1131
-903
-801
-645
-325
-217
-37
3
169
308
456
497
579
615
569
521
589
479
406
295
205
257
104
99
82
-16
-27
-75
-88
15
-172
-258
-299
-350
-389
-416
-469
-509
-482
-628
-442
-321
-235
-79
40
207
399
634
860
980
1113
1258
1461
1575
1684
1769
1756
1825
1802
1761
1804
1721
1673
1599
1521
1453
1280
1198
1000
785
605
417
175
-91
-384
-594
-820
-986
-1160
-1251
-1349
-1525
-1512
-1578
-1583
-1618
-1581
-1551
-1479
-1380
-1286
-1136
-1059
-899
-772
-642
-449
-298
-100
25
180
325
453
594
683
722
813
732
724
746
657
516
382
301
91
29
-197
-324
-555
-730
-844
-939
-1004
-1131
-1171
-1311
-1272
-1408
-1400
-1362
-1391
-1312
-1317
-1107
-1004
-927
-783
-697
-513
-334
-249
-31
48
161
212
207
231
250
286
180
152
125
66
-12
-60
-71
-98
-121
-61
22
65
64
148
210
264
224
231
285
236
209
121
179
122
39
114
65
171
109
127
225
250
274
322
351
364
453
442
466
518
515
536
548
483
621
576
701
815
865
930
986
1102
1201
1227
1226
1230
1220
1142
1026
940
890
678
573
511
305
209
201
81
114
42
29
57
76
145
61
99
44
63
80
27
28
-106
-118
-201
-204
-217
-269
-297
-295
-239
-306
-188
-71
-61
58
165
178
212
245
230
216
173
180
54
22
-1
-68
-104
-142
-164
-154
-35
-120
-101
-6
-135
-53
-129
-216
-214
-346
-410
-537
-592
-727
-768
-895
-986
-938
-1076
-1104
-1070
-1073
-1143
-1077
-1103
-1085
-1103
-1049
-966
-955
-887
-844
-748
-792
-587
-610
-485
-346
-314
-230
-175
-26
-7
102
176
217
343
303
361
338
302
177
120
81
-27
-140
-238
-307
-395
-495
-587
-527
-531
-495
-447
-303
-297
-118
-45
17
137
232
288
348
374
443
524
507
585
575
641
584
648
638
692
598
579
533
455
486
344
379
229
185
117
97
146
33
87
48
73
97
121
158
183
210
209
252
400
448
516
582
602
702
735
775
849
818
845
901
871
950
895
885
835
767
734
591
625
514
497
430
372
383
346
342
268
242
124
105
26
-42
-62
-189
-282
-277
-299
-334
-302
-396
-441
-423
-443
-442
-459
-456
-414
-390
-348
-308
-355
-318
-342
-377
-419
-451
-423
-483
-515
-516
-528
-578
-558
-611
-605
-510
-525
-378
-435
-358
-382
-301
-353
-294
-220
-297
-166
-188
-129
-129
-95
-70
-103
-33
-25
107
87
137
173
232
215
211
215
226
191
192
147
123
174
55
41
-10
-9
-109
-113
-151
-202
-178
-262
-309
-355
-357
-503
-433
-581
-568
-565
-687
-588
-724
-700
-710
-595
-573
-495
-420
-346
-251
-197
-79
-27
31
113
133
174
230
290
282
321
241
244
298
270
302
251
304
297
266
191
212
234
198
263
165
276
155
193
123
47
97
1
110
-36
86
38
60
89
77
34
5
19
11
109
69
60
140
182
148
224
250
179
259
198
327
364
313
440
401
537
505
549
546
488
566
412
426
380
313
317
256
204
143
222
136
234
272
232
293
261
279
301
316
355
452
435
462
515
514
510
460
447
397
451
404
396
397
357
326
190
185
74
-40
-62
-143
-257
-316
-364
-427
-496
-480
-486
-506
-528
-547
-596
-575
-664
-695
-771
-805
-749
-823
-852
-914
-833
-775
-796
-722
-689
-540
-528
-433
-337
-262
-170
-172
-25
18
85
59
93
93
58
71
-19
13
-171
-147
-181
-188
-179
-119
-185
-139
-129
-186
-120
-131
-72
-124
-101
-87
-96
-33
-85
-83
-90
-51
-70
-128
22
-14
32
-7
59
68
52
54
134
134
98
175
61
91
144
95
18
27
-17
29
2
-89
-85
-92
-102
-149
-158
-106
-158
-110
-233
-187
-212
-227
-261
-281
-280
-168
-157
-75
-26
26
162
149
271
259
405
459
461
477
508
545
509
553
545
529
564
458
443
426
376
338
316
303
276
260
244
230
198
243
287
371
326
321
335
279
341
228
264
217
235
307
296
362
342
389
315
370
385
423
499
419
490
416
381
345
232
175
183
155
75
37
43
-23
-3
-38
-120
-84
-114
-60
-148
-115
-142
-128
-194
-91
-185
-150
-81
-233
-125
-208
-180
-239
-149
-220
-187
-188
-225
-133
-219
-205
-246
-234
-261
-306
-335
-386
-419
-450
-540
-544
-621
-659
-732
-758
-768
-705
-792
-766
-710
-723
-683
-731
-654
-672
-609
-653
-691
-662
-700
-637
-600
-596
-526
-517
-451
-378
-330
-378
-284
-219
-118
-77
-1
2
22
164
91
170
116
219
219
198
251
160
173
171
166
164
233
226
247
309
291
340
339
362
319
260
275
239
225
165
203
181
144
88
194
257
236
268
249
340
323
353
392
334
293
344
330
356
261
315
298
403
415
445
457
436
523
425
543
447
563
535
559
616
604
660
603
690
482
555
479
520
422
355
332
257
338
202
325
207
280
319
305
317
249
324
231
188
250
199
209
160
131
72
-6
-35
-85
-116
-108
-71
-40
-81
-14
-34
-77
5
-218
-171
-319
-310
-265
-418
-339
-475
-441
-484
-453
-533
-479
-493
-541
-563
-528
-509
-561
-534
-528
-586
-588
-572
-675
-561
-614
-563
-509
-578
-404
-449
-308
-390
-350
-291
-317
-189
-276
-213
-306
-271
-314
-242
-248
-237
-227
-254
-187
-193
-172
-188
-119
-149
-124
-89
-169
-38
-116
-94
-83
-164
-44
-77
-119
-123
-6
-77
-45
-68
-61
-13
-21
-9
-17
8
14
42
3
6
-15
29
34
1
-1
34
59
52
40
66
41
6
24
64
85
66
89
136
231
220
165
297
297
379
398
409
404
387
348
365
377
236
296
240
281
292
303
370
320
344
338
346
326
332
222
299
291
236
289
207
175
129
136
144
190
113
220
240
237
353
348
365
392
451
406
446
404
364
396
286
188
228
111
119
145
108
49
129
27
34
60
-105
32
-124
-55
-60
-123
-78
-73
-65
-43
8
-99
-12
18
1
-38
14
16
5
2
-14
1
10
-56
-13
-73
-76
-97
-164
-170
-229
-235
-361
-322
-406
-416
-363
-502
-520
-483
-519
-520
-507
-506
-503
-510
-469
-520
-459
-527
-441
-478
-495
-439
-495
-443
-562
-435
-494
-372
-332
-282
-215
-239
-220
-201
-103
-237
-121
-81
16
-23
-62
-7
-59
-75
-100
-69
-12
24
76
52
141
116
97
92
98
38
119
16
17
41
28
-16
19
33
-110
-57
-148
-54
-165
-103
-147
-51
-26
-67
27
95
69
86
119
30
153
54
39
97
85
119
136
132
232
211
231
239
345
257
267
289
296
350
330
439
416
452
445
474
458
502
469
474
343
368
374
322
351
266
219
289
243
188
206
156
159
96
178
155
170
201
212
160
199
164
204
214
193
191
226
217
210
299
235
215
199
100
258
198
151
192
181
188
226
245
144
250
191
195
110
111
92
43
30
60
25
78
125
41
24
-44
-69
-120
-72
-181
-178
-186
-211
-200
-292
-208
-243
-281
-263
-225
-241
-249
-269
-279
-277
-310
-320
-354
-395
-409
-405
-441
-476
-440
-467
-426
-481
-522
-467
-527
-533
-605
-552
-647
-554
-654
-651
-582
-646
-618
-672
-558
-613
-538
-513
-473
-458
-528
-443
-460
-470
-429
-425
-399
-425
-346
-286
-300
-267
-230
-201
-217
-258
-190
-120
-172
-63
-101
20
54
176
188
181
252
233
324
189
275
263
190
292
227
244
226
274
262
341
309
416
361
411
458
469
502
462
566
441
481
484
469
488
533
449
511
544
524
561
482
491
483
434
444
423
433
438
396
507
433
493
443
421
392
411
404
401
425
380
307
325
311
282
286
194
209
205
191
153
171
71
174
81
115
114
137
160
133
105
82
104
-1
94
92
86
41
31
20
40
51
55
41
94
128
56
47
-9
-26
-134
-117
-108
-254
-194
-260
-239
-300
-359
-324
-409
-324
-456
-382
-395
-432
-446
-420
-428
-521
-415
-497
-408
-410
-487
-369
-350
-384
-340
-323
-329
-270
-253
-285
-250
-207
-285
-241
-176
-203
-196
-215
-215
-231
-225
-294
-299
-419
-385
-423
-433
-412
-527
-464
-494
-474
-471
-455
-402
-385
-391
-333
-381
-243
-330
-278
-248
-278
-204
-180
-106
-54
-77
-7
29
74
89
122
151
90
247
233
249
259
249
329
286
264
292
341
364
322
273
306
275
225
257
237
293
208
181
215
226
251
300
221
281
229
294
227
343
176
259
250
231
295
302
360
344
399
347
448
372
352
344
392
298
283
282
276
264
229
231
253
168
196
161
147
141
110
142
86
169
182
167
236
188
268
223
230
247
156
140
79
142
98
87
125
84
174
75
62
89
34
38
14
-8
42
-5
-41
-17
19
-24
-74
-58
-92
-122
-125
-68
-84
-81
-64
9
-52
-117
-89
-144
-166
-128
-229
-121
-251
-141
-212
-113
-91
-169
-112
-220
-162
-201
-204
-317
-251
-227
-280
-223
-263
-248
-291
-294
-372
-281
-364
-372
-353
-437
-331
-411
-394
-371
-407
-373
-399
-360
-324
-394
-423
-404
-475
-426
-474
-447
-462
-413
-428
-357
-372
-313
-364
-329
-288
-282
-220
-249
-238
-209
-211
-188
-70
-98
-4
-7
78
61
193
153
204
158
48
151
96
127
66
184
137
115
140
172
148
149
218
212
309
291
276
257
259
185
213
234
155
187
188
221
306
288
338
297
359
266
296
262
231
326
264
326
332
295
414
339
278
305
366
244
285
281
222
333
270
299
216
244
290
218
264
207
247
271
271
240
248
249
330
270
186
277
224
287
263
286
290
346
277
318
276
174
234
203
241
196
223
229
214
216
192
128
167
89
124
123
99
39
10
90
-50
-15
-2
59
-6
-19
-14
-98
-165
-138
-143
-170
-194
-200
-211
-200
-335
-224
-294
-278
-300
-342
-184
-277
-292
-350
-313
-359
-403
-319
-414
-399
-385
-468
-369
-487
-441
-457
-429
-447
-426
-467
-472
-432
-475
-474
-460
-427
-406
-385
-433
-377
-384
-370
-395
-349
-406
-378
-426
-394
-354
-409
-469
-447
-366
-406
-329
-260
-290
-194
-275
-264
-246
-278
-204
-284
-243
-233
-209
-248
-251
-184
-115
-173
-147
-45
-24
28
101
84
198
205
235
264
225
241
258
244
237
286
254
266
268
315
317
293
426
382
487
458
487
462
417
463
285
389
251
326
348
316
388
312
436
269
379
412
416
387
364
465
397
469
462
427
437
410
499
423
516
441
480
541
475
520
421
521
460
434
391
397
399
414
387
337
328
362
278
288
259
220
242
113
132
145
118
122
66
54
45
-40
-18
-45
-30
16
-106
-24
-76
-180
-132
-142
-133
-236
-230
-232
-240
-283
-271
-254
-330
-326
-331
-314
-366
-474
-381
-421
-473
-524
-455
-484
-469
-455
-423
-396
-362
-424
-463
-328
-448
-334
-256
-335
-299
-394
-274
-274
-425
-299
-322
-286
-395
-347
-376
-355
-505
-480
-392
-476
-395
-523
-346
-389
-316
-326
-294
-224
-252
-184
-206
-142
-209
-146
-230
-88
-157
-114
-75
-138
-63
-115
-26
-44
-120
-49
-70
-54
17
11
15
50
64
153
226
187
173
155
173
114
214
137
126
168
99
230
104
191
190
94
205
91
253
179
219
196
194
235
137
203
180
227
146
251
265
219
310
225
303
230
316
255
296
338
313
332
379
430
391
472
485
497
444
440
453
459
466
449
511
572
504
478
498
542
493
503
442
432
377
327
233
176
204
155
123
114
127
74
112
35
108
-37
12
34
-11
43
-85
-35
-41
-36
-92
-89
-69
-116
-44
-122
-64
-123
-148
-158
-190
-127
-214
-186
-234
-418
-340
-328
-404
-381
-387
-363
-313
-257
-221
-252
-252
-271
-293
-284
-300
-293
-298
-216
-256
-220
-164
-204
-114
-186
-166
-208
-222
-171
-220
-185
-276
-230
-236
-204
-215
-247
-233
-285
-295
-363
-307
-266
-303
-348
-267
-286
-339
-350
-311
-349
-430
-421
-447
-389
-332
-356
-358
-373
-271
-317
-217
-230
-242
-179
-259
-232
-210
-125
-169
-133
-75
-101
-113
-44
-35
-39
-2
4
-17
47
2
95
127
45
125
118
128
255
186
225
248
228
258
268
305
337
346
306
222
310
192
225
240
197
238
236
251
236
270
291
318
326
391
332
420
431
464
422
353
438
442
404
386
365
347
357
383
363
422
407
415
354
351
341
306
319
303
342
335
374
373
314
323
334
291
281
193
300
292
320
302
367
293
292
245
213
189
142
97
133
87
92
122
123
123
94
125
75
126
-57
8
37
-25
19
-52
-81
-123
-143
-147
-201
-281
-296
-330
-314
-307
-380
-349
-452
-430
-390
-423
-382
-344
-388
-347
-348
-322
-278
-427
-395
-441
-386
-472
-459
-424
-474
-375
-392
-344
-394
-403
-353
-415
-384
-462
-371
-361
-390
-327
-411
-320
-409
-321
-344
-396
-366
-290
-399
-340
-320
-377
-376
-400
-423
-467
-451
-369
-378
-414
-328
-421
-289
-377
-311
-333
-376
-382
-346
-277
-296
-203
-218
-95
-162
-163
-94
-50
-64
-117
-51
-78
23
70
100
96
126
146
182
215
177
205
275
293
298
279
375
436
410
475
473
487
392
467
452
455
432
381
430
429
442
477
460
436
477
458
528
542
552
560
594
631
622
580
614
589
519
573
511
519
526
472
547
569
539
572
519
618
461
548
476
466
379
357
366
308
339
290
370
188
281
190
238
135
60
72
-65
-13
-56
-19
-77
-86
-64
-93
-17
-144
-69
-72
-212
-194
-228
-230
-187
-263
-256
-204
-248
-229
-204
-304
-314
-353
-330
-283
-294
-286
-341
-335
-311
-338
-323
-414
-458
-466
-481
-427
-390
-391
-466
-418
-333
-448
-399
-423
-467
-394
-381
-433
-426
-420
-459
-451
-465
-489
-443
-505
-482
-479
-468
-476
-414
-423
-412
-346
-341
-315
-318
-375
-363
-413
-460
-414
-437
-428
-332
-309
-317
-231
-292
-257
-277
-256
-256
-189
-230
-192
-115
-112
-47
-52
26
-6
162
90
194
125
232
243
270
348
324
383
386
467
477
473
498
547
535
542
542
543
603
579
521
516
496
496
498
471
429
476
455
475
442
425
373
286
270
291
262
272
220
305
226
294
363
265
302
291
250
309
251
262
290
225
336
296
302
366
399
394
396
385
350
317
269
274
302
235
225
277
287
280
285
265
218
183
199
220
184
204
105
83
105
33
36
89
-102
-83
-46
-85
-114
-153
-76
-113
-73
-185
-135
-171
-212
-242
-276
-319
-340
-324
-356
-382
-360
-370
-369
-371
-420
-336
-438
-381
-415
-520
-437
-527
-489
-496
-467
-478
-492
-494
-556
-501
-504
-471
-534
-510
-503
-563
-439
-517
-460
-438
-458
-426
-359
-372
-346
-298
-333
-299
-220
-293
-247
-252
-182
-164
-224
-115
-198
-155
-166
-52
-116
-98
-64
-56
12
130
53
97
108
66
135
70
54
-32
22
-73
84
6
37
-25
16
-6
16
75
-55
64
47
100
106
162
126
152
207
225
298
250
280
347
348
302
345
306
311
401
309
416
358
386
476
408
397
456
468
420
419
424
414
388
323
353
354
343
295
345
261
291
245
213
212
199
226
188
283
302
243
262
140
213
174
141
162
170
200
123
180
119
193
136
144
192
202
169
197
249
80
67
18
-44
-46
-32
-52
-30
37
-58
51
16
1
19
-60
-61
-92
-44
-117
-36
-115
-34
-80
-79
-127
-164
-193
-282
-271
-334
-273
-334
-305
-330
-326
-284
-251
-256
-247
-232
-247
-251
-231
-250
-248
-281
-262
-261
-208
-297
-215
-297
-308
-118
-170
-162
-190
-137
-232
-216
-124
-192
-218
-459
-453
-472
-549
-482
-441
-403
-466
-395
-454
-438
-528
-594
-522
-509
-591
-506
-507
-478
-409
-414
-340
-348
-349
-414
-270
-266
-254
-224
-243
-158
-142
-15
38
55
112
279
196
140
240
202
235
230
250
269
329
237
357
280
351
382
335
317
249
343
365
303
450
390
496
496
467
492
404
492
372
455
364
388
385
396
353
308
358
317
295
305
312
305
289
335
298
283
258
245
274
251
218
265
237
202
131
76
120
52
88
60
65
24
84
133
63
81
194
87
156
206
275
189
293
331
281
293
286
399
290
329
241
219
265
150
121
156
107
78
123
116
78
129
103
96
111
22
88
83
41
-12
0
-134
-101
-155
-122
-153
-339
-253
-348
-287
-295
-321
-285
-289
-366
-305
-319
-360
-340
-423
-445
-483
-528
-540
-507
-457
-478
-412
-445
-371
-383
-378
-299
-428
-432
-444
-359
-389
-292
-329
-303
-344
-411
-438
-440
-390
-475
-359
-435
-388
-328
-380
-338
-351
-238
-363
-229
-248
-212
-196
-213
-199
-275
-136
-241
-105
-38
-105
-63
32
-26
78
132
103
62
69
117
21
101
62
69
19
86
160
57
188
108
134
136
67
80
103
160
94
155
137
197
154
223
237
301
327
305
348
318
283
288
267
243
267
350
264
323
368
413
445
282
391
355
450
398
424
357
344
363
400
426
362
489
370
481
420
453
437
389
511
384
447
395
317
347
325
299
317
248
254
231
165
193
96
209
122
213
236
182
213
164
89
127
173
144
62
61
63
67
62
22
99
44
36
-37
43
-28
-27
-37
-111
-57
-157
-189
-106
-142
-232
-198
-231
-182
-240
-201
-189
-271
-279
-305
-321
-239
-334
-314
-346
-338
-386
-422
-428
-377
-401
-468
-457
-434
-446
-506
-459
-582
-519
-446
-595
-566
-534
-528
-531
-446
-432
-407
-394
-476
-449
-461
-443
-435
-414
-395
-394
-326
-374
-320
-350
-384
-324
-345
-316
-346
-268
-244
-268
-202
-122
-145
-116
-49
-135
-17
-89
-67
-51
-112
-15
-69
78
-5
19
85
41
114
71
133
101
153
180
184
170
277
198
241
302
186
298
266
205
263
304
283
277
376
394
302
410
377
363
382
402
320
367
343
322
419
383
388
435
424
425
429
426
491
400
470
459
430
413
371
294
442
503
471
541
540
593
616
604
672
688
557
577
499
525
451
442
457
453
424
360
303
226
205
86
113
6
-2
-37
-46
-61
-85
-144
-140
-144
-231
-157
-215
-145
-212
-186
-204
-212
-193
-203
-171
-105
-20
12
-115
-63
-106
-142
-159
-197
-176
-260
-238
-240
-138
-219
-181
-253
-241
-321
-264
