
345
235
314
188
199
242
177
249
122
225
220
247
280
190
175
77
153
150
64
102
138
79
114
184
111
114
45
65
93
83
75
-2
18
-14
-5
71
55
99
31
74
-61
-47
-100
-99
-133
-171
-131
-172
-202
-136
-161
-181
-152
-264
-113
-195
-174
-156
-147
-177
-166
-205
-239
-215
-234
-275
-292
-316
-416
-460
-377
-410
-331
-326
-402
-361
-368
-421
-316
-405
-357
-342
-395
-308
-453
-324
-408
-436
-407
-335
-404
-352
-260
-378
-333
-321
-337
-400
-283
-314
-277
-304
-294
-308
-193
-262
-300
-155
-260
-81
-96
-95
-19
-7
-47
-54
-39
-5
-2
9
5
90
130
109
79
104
106
76
66
98
53
36
63
1
15
9
8
20
12
57
130
73
235
197
218
210
322
385
295
367
267
400
320
379
356
433
398
299
404
350
486
376
457
458
417
545
419
539
428
464
457
495
473
423
524
420
472
429
355
395
441
423
380
420
314
350
315
318
293
295
342
273
248
271
305
145
197
179
175
69
95
103
154
107
33
141
28
125
28
126
59
34
74
46
77
76
66
73
80
-12
-70
-102
-128
-201
-119
-205
-229
-284
-265
-332
-383
-344
-477
-444
-399
-404
-490
-353
-410
-477
-392
-500
-403
-373
-401
-450
-325
-433
-356
-324
-383
-274
-448
-376
-398
-456
-525
-503
-557
-554
-485
-553
-471
-465
-459
-408
-512
-411
-419
-355
-418
-383
-368
-481
-395
-394
-330
-430
-333
-355
-377
-284
-409
-343
-310
-324
-288
-250
-175
-115
-185
-173
-105
-65
-126
-70
-90
-8
-100
-36
21
-13
86
65
155
210
292
344
291
294
371
329
396
340
445
385
370
477
317
441
349
391
418
380
326
341
387
347
402
349
314
381
373
373
414
433
408
334
395
302
363
354
364
345
420
439
465
557
456
559
549
616
565
630
566
592
570
606
499
513
571
494
513
467
454
427
356
367
303
306
274
265
256
153
203
86
205
102
113
154
47
99
-36
19
-63
-116
-150
-206
-159
-211
-242
-286
-220
-362
-317
-290
-345
-315
-282
-283
-352
-333
-301
-340
-338
-348
-430
-329
-472
-478
-418
-465
-446
-414
-421
-453
-389
-397
-448
-414
-444
-519
-445
-481
-448
-378
-445
-420
-436
-370
-383
-343
-335
-400
-303
-417
-354
-408
-410
-459
-368
-410
-457
-379
-374
-311
-384
-330
-374
-423
-420
-391
-329
-378
-403
-335
-275
-324
-280
-305
-198
-241
-213
-199
-108
-114
-97
-47
-93
21
-47
55
-5
66
45
110
88
189
118
171
263
211
312
383
374
417
481
487
384
368
372
343
391
220
312
308
327
335
335
355
296
439
336
430
385
467
368
397
369
328
382
298
375
331
416
328
381
374
393
340
373
386
306
364
287
361
362
352
274
296
209
199
266
209
233
111
165
218
194
174
177
225
149
229
198
194
249
151
189
192
102
77
129
60
120
59
92
62
40
139
74
144
53
127
102
89
142
63
95
107
54
46
36
34
-21
-104
-99
-154
-276
-150
-276
-287
-310
-275
-260
-258
-212
-257
-299
-343
-315
-298
-314
-356
-327
-374
-376
-340
-362
-352
-378
-416
-344
-376
-323
-279
-291
-243
-314
-270
-256
-313
-288
-261
-235
-368
-256
-348
-236
-297
-324
-271
-302
-297
-260
-220
-280
-253
-279
-334
-343
-221
-292
-238
-235
-177
-171
-187
-134
-155
-179
-173
-196
-245
-195
-193
-183
-199
-99
-85
-131
-25
-137
-60
-116
-95
-142
-69
-71
-77
7
-27
99
-73
121
115
125
95
177
171
181
281
224
289
248
324
229
339
315
312
369
256
357
307
281
233
279
236
278
227
249
233
260
328
338
261
264
295
262
190
156
191
183
179
146
252
285
188
267
298
270
285
261
253
262
332
317
364
375
355
457
317
351
408
331
280
358
277
321
285
342
280
287
246
148
237
170
218
104
214
127
142
124
107
217
89
197
46
38
70
-9
7
-40
-25
-97
-97
-77
-175
-140
-237
-169
-258
-221
-196
-252
-270
-272
-252
-390
-348
-325
-445
-385
-350
-349
-343
-360
-370
-348
-383
-393
-432
-416
-419
-392
-437
-484
-377
-507
-465
-463
-482
-473
-514
-459
-516
-468
-506
-486
-453
-486
-421
-351
-331
-291
-228
-217
-217
-158
-228
-225
-179
-255
-243
-148
-187
-188
-124
-173
-91
-90
-146
-148
-125
-84
-49
-56
-66
-37
-76
-42
-59
-36
-107
5
-100
-13
20
-57
10
-35
72
22
49
51
93
60
91
97
99
143
76
187
238
224
291
246
294
298
312
309
357
392
397
450
509
492
489
509
522
508
498
560
501
618
393
526
428
383
523
414
397
437
488
497
483
453
484
446
432
371
475
384
470
404
352
319
334
308
278
286
240
252
255
246
212
198
179
210
211
144
142
150
26
49
85
-21
-83
-91
-90
-106
-193
-167
-107
-111
-178
-226
-184
-194
-182
-130
-226
-180
-254
-247
-281
-266
-271
-311
-249
-363
-260
-318
-328
-377
-414
-396
-420
-415
-495
-416
-424
-363
-477
-405
-375
-321
-355
-334
-359
-363
-359
-413
-406
-428
-372
-430
-328
-441
-388
-392
-469
-391
-417
-430
-439
-436
-389
-479
-456
-492
-431
-461
-380
-409
-451
-294
-337
-257
-200
-148
-221
-120
-170
-118
-74
-57
-45
-30
12
16
-3
33
-12
38
67
-27
65
66
146
105
108
121
194
126
205
216
190
226
160
220
156
231
193
163
185
241
241
253
293
224
273
330
246
332
336
361
395
344
462
433
431
460
426
456
490
439
449
540
454
475
458
444
428
468
459
464
479
537
478
483
433
465
379
439
414
351
414
381
358
286
277
260
263
211
270
274
261
261
213
180
186
148
155
143
113
35
92
107
67
102
29
135
47
78
99
26
68
5
21
-115
-42
-87
-198
-124
-288
-181
-255
-300
-378
-337
-429
-424
-420
-446
-380
-439
-339
-409
-293
-334
-313
-376
-381
-422
-429
-393
-399
-417
-440
-410
-490
-460
-457
-458
-560
-500
-456
-455
-495
-455
-352
-365
-382
-446
-302
-396
-374
-344
-469
-362
-478
-476
-380
-489
-464
-470
-445
-445
-331
-428
-424
-383
-401
-364
-334
-265
-290
-274
-292
-244
-183
-292
-223
-263
-231
-251
-153
-139
-113
-85
-26
31
-22
71
48
99
60
110
116
95
96
131
134
186
84
192
250
269
313
390
432
375
481
422
390
391
404
458
372
369
416
418
427
435
480
488
517
562
557
592
540
542
524
569
587
547
535
604
484
580
572
483
556
519
556
499
626
476
457
430
414
390
333
345
313
302
282
349
250
267
264
234
360
256
294
227
275
312
216
216
185
165
40
137
67
37
-17
-6
50
-35
75
-21
42
-40
-31
-76
-121
-67
-69
-28
-77
-50
-120
-63
-107
-164
-198
-247
-297
-370
-307
-376
-297
-363
-464
-416
-500
-452
-492
-509
-569
-581
-570
-572
-513
-607
-608
-552
-601
-599
-568
-576
-582
-539
-542
-542
-515
-493
-434
-428
-405
-460
-393
-406
-354
-501
-386
-439
-438
-406
-386
-381
-331
-319
-296
-165
-213
-143
-155
-208
-171
-235
-118
-118
-146
-162
-179
-130
-161
-99
-133
-145
-121
-112
-94
-9
-54
22
-33
-34
15
-15
-4
3
-44
31
40
64
67
132
92
120
188
147
199
155
153
209
245
256
317
321
289
316
300
259
314
354
408
277
414
353
378
393
363
444
368
357
315
427
376
357
386
350
416
315
355
377
395
396
517
443
527
564
507
602
440
558
482
425
451
481
479
429
531
439
476
449
431
421
374
396
332
394
243
338
244
254
314
203
240
144
180
98
51
55
24
60
-95
-63
-41
-32
-138
-133
-54
-154
-71
-157
-100
-75
-155
-136
-128
-203
-158
-228
-198
-154
-245
-237
-290
-265
-287
-294
-347
-315
-354
-394
-350
-421
-494
-379
-433
-459
-363
-478
-370
-429
-465
-412
-483
-426
-485
-481
-482
-442
-450
-479
-457
-377
-450
-457
-454
-397
-496
-455
-428
-469
-389
-515
-478
-490
-468
-463
-362
-390
-279
-271
-192
-124
-185
-154
-280
-185
-269
-197
-161
-212
-210
-166
-142
-133
-35
-83
-116
-88
-44
-16
-56
52
12
30
25
-11
52
68
128
125
202
238
189
311
217
292
288
204
328
257
346
370
339
397
395
325
365
427
359
345
346
429
358
331
372
400
365
385
401
438
466
449
443
479
444
446
434
446
437
467
503
460
501
471
461
432
439
489
372
396
389
400
330
400
327
316
343
303
273
279
208
123
185
117
120
112
31
61
85
3
56
22
11
55
-10
46
32
93
58
4
-6
22
-18
-71
-58
-151
-178
-209
-271
-282
-217
-253
-301
-366
-324
-311
-323
-349
-315
-273
-324
-286
-338
-251
-353
-347
-322
-343
-387
-401
-376
-415
-436
-441
-372
-426
-394
-384
-383
-460
-437
-533
-528
-437
-445
-392
-354
-312
-331
-298
-337
-345
-397
-316
-299
-278
-332
-269
-330
-296
-283
-261
-283
-336
-251
-230
-237
-204
-221
-218
-97
-278
-90
-142
-133
-173
-98
-89
-182
-93
-107
-71
-96
-43
-22
29
20
29
145
69
52
109
137
146
169
134
176
207
200
286
183
236
227
273
275
282
343
365
445
486
427
423
460
404
421
393
474
376
415
404
454
499
463
413
430
438
353
455
373
448
402
322
364
415
337
410
329
398
388
307
334
290
282
246
258
237
239
233
271
229
296
237
224
213
204
190
148
116
68
131
41
21
40
-15
69
-37
-5
53
7
38
-22
-11
-52
-90
-114
-106
-88
-187
-132
-180
-190
-226
-227
-197
-178
-269
-267
-232
-334
-326
-368
-341
-359
-375
-278
-240
-264
-258
-312
-291
-317
-324
-371
-344
-272
-346
-193
-283
-182
-215
-148
-198
-198
-225
-283
-192
-305
-286
-384
-261
-310
-402
-382
-286
-340
-420
-288
-261
-262
-251
-253
-288
-227
-285
-185
-250
-251
-150
-219
-118
-162
-114
-113
-137
-94
-125
-87
-74
-159
-92
-82
-54
-13
-3
-35
13
-8
2
31
15
-22
-59
-18
-79
23
-34
-58
32
72
47
24
63
2
74
153
143
110
267
216
207
279
224
232
167
250
279
332
292
352
390
359
472
386
430
535
428
493
443
394
454
496
406
385
431
321
425
342
386
370
321
400
373
332
336
464
331
355
411
320
378
319
284
255
218
196
161
190
55
49
132
58
22
13
-19
-57
-72
-109
-12
-65
-74
-29
-2
-10
-5
-39
-80
10
-65
-103
-97
-58
-68
-33
-77
-5
18
-64
29
-60
33
-56
22
-5
8
4
-55
-20
-152
-122
-124
-248
-317
-277
-310
-332
-264
-346
-368
-324
-366
-344
-345
-296
-373
-344
-326
-363
-359
-360
-416
-374
-384
-421
-480
-428
-431
-451
-410
-485
-407
-370
-380
-367
-357
-428
-411
-366
-351
-313
-282
-266
-285
-298
-295
-311
-298
-363
-336
-270
-279
-261
-226
-141
-241
-138
-211
-202
-230
-218
-196
-247
-197
-181
-195
-175
-149
-75
-113
-82
-118
-142
-27
-121
-80
-55
84
-10
104
154
121
157
145
190
152
183
222
298
196
233
227
260
251
244
259
297
307
346
268
370
318
387
404
350
473
470
442
463
508
457
516
385
392
431
512
449
428
463
535
448
542
527
542
492
473
487
397
429
413
404
456
463
479
480
505
461
389
381
281
333
275
293
240
328
251
301
245
178
188
134
233
50
173
-4
102
86
86
110
10
82
13
115
59
32
41
-14
-32
-27
-53
-134
-117
-104
-270
-189
-175
-185
-197
-245
-185
-183
-207
-146
-237
-193
-169
-225
-246
-248
-186
-294
-294
-281
-300
-362
-366
-443
-451
-385
-527
-491
-490
-549
-524
-581
-621
-614
-597
-595
-502
-602
-572
-540
-588
-548
-571
-556
-553
-602
-530
-463
-480
-517
-447
-418
-441
-537
-408
-426
-449
-478
-507
-409
-429
-407
-401
-291
-328
-293
-329
-273
-208
-260
-303
-213
-171
-207
-171
-3
-79
-41
-41
-32
5
-19
10
-3
53
54
54
136
179
153
184
226
336
334
416
385
445
406
460
508
457
520
455
528
527
546
562
556
503
437
525
476
576
524
539
553
508
534
598
572
560
674
478
550
465
516
492
429
459
407
476
401
541
435
484
487
462
487
472
465
488
429
425
388
294
339
267
346
303
311
296
282
248
156
205
172
134
62
134
124
79
166
104
80
27
15
37
-31
-57
-59
-57
-109
-162
-71
-65
-109
-134
-125
-163
-206
-188
-333
-293
-344
-296
-296
-311
-391
-288
-282
-304
-351
-339
-325
-468
-391
-477
-453
-456
-448
-458
-457
-492
-476
-441
-508
-508
-445
-553
-552
-486
-514
-569
-547
-568
-601
-514
-573
-536
-553
-468
-563
-411
-438
-366
-427
-466
-396
-472
-388
-400
-413
-359
-307
-290
-222
-237
-187
-210
-202
-67
-56
-61
40
3
6
46
15
-18
-18
-34
-14
-6
28
-1
-21
9
-30
76
5
52
37
62
126
54
155
130
127
112
109
151
156
191
224
228
177
255
268
321
305
363
294
269
311
234
320
255
250
208
275
291
323
415
392
371
382
373
405
416
435
390
368
327
393
303
494
456
343
492
460
543
484
445
409
445
340
362
290
259
271
243
246
282
223
283
209
206
303
205
172
111
181
152
159
134
129
45
83
-35
-24
36
-30
-16
-44
7
-20
-59
-104
-35
-77
-154
-82
-106
-121
-157
-186
-202
-250
-282
-280
-273
-251
-262
-270
-190
-242
-166
-318
-243
-250
-280
-256
-358
-349
-431
-286
-338
-364
-356
-374
-322
-462
-445
-414
-488
-434
-469
-481
-443
-528
-468
-494
-392
-389
-373
-392
-256
-263
-274
-240
-255
-228
-281
-166
-161
-166
-99
-101
-110
-30
-155
-132
-73
-89
-192
-113
-179
-113
-182
-164
-102
-160
-108
-120
-42
-190
-70
-187
-126
-119
-100
-7
-10
36
19
23
51
65
130
91
129
129
142
123
134
223
75
188
168
270
292
221
328
238
332
352
332
370
391
420
413
384
407
504
409
383
410
375
400
401
372
334
329
367
426
396
412
464
445
472
448
499
456
487
433
397
455
375
461
327
401
380
305
283
304
274
277
207
248
298
231
277
183
226
153
35
-35
-12
17
-33
33
-68
61
64
4
-42
-10
-11
-55
2
-52
15
-89
-54
-2
-20
-78
-73
-90
-48
-167
-92
-170
-141
-208
-223
-183
-177
-137
-240
-175
-169
-181
-172
-238
-293
-227
-259
-251
-263
-184
-293
-233
-160
-192
-182
-246
-193
-181
-140
-212
-216
-185
-265
-342
-447
-432
-525
-612
-641
-619
-719
-733
-701
-728
-736
-803
-818
-795
-784
-794
-742
-767
-704
-647
-534
-504
-438
-437
-374
-365
-354
-223
-287
-178
-179
-147
-146
-225
-148
-261
-358
-396
-404
-521
-579
-567
-596
-556
-593
-598
-536
-538
-474
-390
-349
-278
-290
-243
-150
-3
201
399
560
907
1113
1498
1839
2104
2405
2503
2662
2736
2990
2852
2629
2406
2298
2100
1721
1373
1120
926
547
226
17
-137
-469
-829
-1065
-1230
-1291
-1533
-1666
-1699
-1682
-1590
-1630
-1390
-1255
-1121
-994
-790
-494
-238
-43
203
533
674
833
1152
1447
1461
1356
1442
1567
1471
1392
1311
1332
1220
1019
978
971
983
761
609
683
753
737
499
500
572
480
306
192
285
69
-116
-259
-330
-369
-595
-667
-780
-783
-898
-962
-900
-1073
-1082
-1115
-1159
-1196
-1137
-1284
-1329
-1385
-1432
-1380
-1471
-1526
-1484
-1527
-1501
-1377
-1448
-1373
-1315
-1401
-1347
-1416
-1457
-1478
-1726
-1757
-1843
-1690
-1559
-1439
-1271
-967
-446
48
613
1169
1816
2234
2700
2987
3372
3567
3469
3298
3134
3042
2787
2394
1919
1591
1110
645
287
-108
-471
-955
-1398
-1635
-1906
-2145
-2373
-2605
-2787
-2781
-2855
-2737
-2639
-2578
-2457
-2143
-1832
-1532
-1135
-882
-401
-139
238
702
1006
1310
1446
1499
1688
1786
1755
1650
1470
1378
1238
1092
850
754
648
513
293
284
238
121
107
-34
-85
-246
-331
-412
-492
-701
-752
-717
-630
-483
-313
-92
255
557
935
1312
1721
2023
2269
2538
2715
2939
2850
2746
2524
2331
2072
1737
1414
1149
786
410
200
-78
-326
-555
-778
-962
-1180
-1381
-1591
-1850
-2019
-2313
-2462
-2632
-2674
-2803
-2713
-2617
-2449
-2310
-2143
-1871
-1627
-1256
-1161
-794
-642
-435
-389
-320
-323
-401
-378
-546
-613
-713
-610
-458
-211
-82
314
749
1350
1987
2519
3124
3579
4149
4311
4523
4670
4600
4305
3890
3601
3240
2701
2119
1696
1216
756
222
-183
-517
-1004
-1449
-1992
-2270
-2582
-2960
-3351
-3553
-3720
-3888
-3922
-3783
-3608
-3362
-3139
-2703
-2103
-1535
-1076
-606
11
440
834
1127
1389
1563
1518
1244
1372
1156
959
576
362
268
63
-68
-160
-113
-234
-294
-456
-250
-313
-530
-695
-896
-1112
-1378
-1579
-1679
-1873
-1997
-1903
-1707
-1341
-951
-526
-75
418
971
1398
1772
2120
2287
2248
2292
2260
2130
1941
1589
1279
1135
902
682
607
450
349
276
263
200
144
0
-168
-303
-575
-755
-1035
-1343
-1580
-1871
-1993
-2087
-2119
-2122
-2059
-1831
-1717
-1508
-1353
-1221
-1145
-1123
-1212
-1209
-1365
-1652
-1920
-2226
-2490
-2704
-2508
-2091
-1883
-1425
-881
37
1208
2197
3246
4232
5018
5709
6180
6678
7000
6755
6257
5751
5598
5352
4606
3798
3168
2585
2079
1372
763
415
-187
-737
-1456
-1654
-1715
-2432
-3100
-3551
-3820
-4078
-4274
-4395
-4442
-4404
-4251
-3708
-3163
-2534
-2043
-1463
-728
-57
559
1013
1461
1671
1522
1401
1663
1558
1195
671
455
438
386
234
130
296
315
388
298
711
861
577
324
206
88
-233
-544
-1058
-1405
-1808
-2082
-2082
-1950
-2029
-1859
-1597
-1066
-566
-139
254
740
875
917
1051
1106
964
595
327
60
20
-104
-248
-263
-176
-130
81
216
415
464
474
464
370
226
-55
-494
-990
-1482
-1977
-2313
-2744
-3143
-3506
-3673
-3594
-3554
-3360
-3391
-3290
-3319
-3263
-3277
-3401
-3440
-3539
-3237
-3018
-2644
-2285
-1660
-730
236
1424
2558
3766
4803
5730
6601
7459
7888
7976
7756
7583
7555
6994
6117
5112
4410
3539
2600
1643
759
205
-840
-1525
-2115
-2399
-2531
-3143
-3492
-3729
-3600
-3769
-3854
-3953
-3931
-4019
-3759
-3428
-3161
-2644
-2244
-1613
-908
-147
551
1464
2176
2608
2941
3248
3591
3544
3043
2598
2302
1893
1454
748
337
174
-161
-355
-459
-218
-59
-136
-142
79
240
248
48
-126
-326
-650
-757
-895
-1207
-1336
-1402
-1375
-1075
-813
-586
-156
201
524
901
1279
1621
1427
1155
1082
854
479
6
-595
-893
-1171
-1493
-1501
-1490
-1312
-1215
-1109
-780
-620
-371
-405
-576
-739
-1062
-1283
-1687
-2187
-2604
-3088
-3393
-3584
-3758
-3926
-4053
-4046
-3979
-3872
-3854
-3542
-3015
-2466
-1974
-1547
-914
-54
998
1893
2666
3491
4121
4690
5269
5924
6383
6284
5988
6091
6332
6127
5458
4686
3972
3366
2609
1652
758
-67
-1041
-2120
-2762
-3126
-3485
-4129
-4468
-4357
-4187
-3871
-3417
-2949
-2761
-2443
-2059
-1454
-904
-704
-613
-445
80
464
671
1131
1472
1470
1550
1969
2437
2422
2209
1826
1584
1527
1124
610
-57
-652
-1134
-1644
-1778
-1942
-2198
-2354
-2266
-1809
-1494
-1021
-514
-5
380
775
1390
1826
2174
2123
2136
2364
2493
2494
2353
2174
2022
1921
1732
1842
1795
1582
1199
971
761
518
-32
-511
-975
-1532
-1842
-2203
-2329
-2645
-2793
-2761
-2728
-2472
-2358
-2143
-1793
-1640
-1450
-1304
-1102
-1083
-1166
-1538
-1654
-1743
-2105
-2516
-2918
-3279
-3240
-2809
-2474
-1995
-1612
-991
78
1332
2547
3531
4337
4943
5341
5754
6142
6099
5387
4670
4373
4425
3919
3119
2399
1894
1593
784
73
-382
-766
-1540
-2435
-2776
-2740
-3115
-3959
-4287
-4444
-4257
-4140
-4082
-3740
-3462
-2969
-2203
-1355
-515
159
610
1334
2066
2566
2837
3120
3222
2886
2579
2424
2375
1988
1278
754
557
433
-107
-517
-819
-925
-1319
-1731
-1852
-1902
-2132
-2672
-2754
-2786
-2615
-2603
-2403
-2148
-1774
-1269
-598
157
640
1132
1462
2080
2458
2710
2746
2614
2522
2341
2134
1725
1351
828
350
-4
-283
-691
-1154
-1331
-1716
-1967
-2080
-2333
-2502
-2790
-2916
-2999
-3061
-3132
-3231
-3192
-3107
-2905
-2881
-2645
-2455
-2281
-2280
-2200
-1899
-1868
-1773
-1537
-996
-456
3
453
1249
2220
3203
4060
4805
5589
6167
6397
6806
7121
6866
6286
5844
5737
5448
4717
4006
3425
2921
2345
1403
701
130
-650
-1653
-2674
-3044
-3435
-4250
-4915
-5181
-5181
-5163
-5046
-4774
-4222
-3877
-3350
-2503
-1746
-881
-368
229
1023
1626
2325
2765
3294
3555
3666
4020
4297
4533
4229
3871
3771
3651
3339
2855
2374
1881
1199
514
-12
-512
-1200
-2035
-2711
-2989
-3373
-3730
-4070
-4163
-4146
-4147
-3863
-3364
-2843
-2546
-2040
-1492
-817
-253
121
494
751
917
1106
1356
1521
1367
1107
965
1066
932
729
399
73
-266
-688
-1072
-1347
-1886
-2494
-3060
-3379
-3630
-3985
-4322
-4553
-4611
-4776
-4885
-4812
-4723
-4708
-4860
-4800
-4555
-4104
-3471
-2894
-2202
-1505
-438
950
2178
3530
4531
5512
6491
7042
7661
8124
8041
7574
6852
6500
6416
5635
4669
3656
3147
2791
1991
1124
675
105
-536
-1421
-1932
-2160
-2833
-3697
-4483
-4751
-4894
-5199
-5473
-5397
-5208
-4719
-4075
-3315
-2254
-1624
-761
147
1024
1767
2216
2596
2867
3058
3054
3354
3489
3478
3397
3327
3617
4006
3976
3921
4083
4065
3944
3743
3390
3053
2408
1718
911
173
-470
-1382
-2190
-2838
-3321
-3526
-3562
-3518
-3351
-3113
-2454
-1956
-1503
-1011
-660
-312
-120
188
235
189
81
115
-41
146
297
107
238
454
699
693
642
477
255
-104
-463
-940
-1571
-2314
-3025
-3714
-4192
-4614
-5143
-5525
-5746
-5776
-5927
-5741
-5010
-4441
-3765
-3275
-2448
-1125
13
1315
2275
3457
4430
5318
5906
6616
7216
7124
6961
6773
6965
6795
6142
5331
4626
4052
3466
2589
1644
888
-101
-951
-1916
-2427
-3032
-3986
-4721
-5135
-5408
-5553
-5719
-5896
-5901
-5809
-5431
-4896
-4292
-3705
-3212
-2512
-1615
-786
-73
566
1111
1546
1859
2245
2791
2935
2988
2837
3022
3210
3272
3244
3055
2990
2807
2893
2556
2347
1943
1507
1191
710
398
-36
-344
-786
-1135
-1418
-1404
-1344
-1351
-1453
-1403
-944
-744
-297
-230
-138
107
155
318
386
284
207
34
-11
49
-20
-1
-106
-59
-9
65
101
132
-94
-265
-468
-718
-1057
-1576
-2056
-2481
-2949
-3507
-3983
-4347
-4683
-5097
-5438
-5181
-4524
-3979
-3306
-2883
-1976
-717
627
1807
2913
3963
4947
5649
6195
7135
7326
7163
6757
6640
6834
6550
5953
5248
4691
4449
3819
2905
2244
1498
561
-533
-1258
-1729
-2512
-3531
-4218
-4661
-4906
-5188
-5314
-5340
-5386
-5202
-4872
-4267
-3433
-2995
-2646
-1831
-898
-206
219
779
1169
1588
1832
2054
2459
2519
2557
2640
2802
2924
3120
3158
3178
3204
3037
2897
2700
2246
1484
761
319
-389
-1143
-1950
-2452
-2849
-3241
-3510
-3518
-3340
-3174
-2904
-2596
-2058
-1560
-1155
-830
-370
-148
114
231
373
207
119
138
165
206
33
81
175
368
259
194
326
317
105
-314
-473
-868
-1406
-2151
-2840
-3254
-3878
-4498
-5127
-5404
-5793
-5993
-5690
-5318
-4707
-4197
-3480
-2336
-1197
350
1409
2543
3732
4589
5118
6010
6615
6668
6548
6407
6852
6701
6351
5849
5219
5040
4613
3733
3100
2599
1855
1032
33
-238
-865
-1933
-2563
-3086
-3367
-3682
-4056
-4295
-4448
-4394
-4208
-4025
-3431
-2979
-2645
-2116
-1272
-506
174
791
1383
1799
2169
2642
3169
3271
3298
3241
3518
3815
3843
3825
3845
3890
3794
3831
3570
3378
2821
2017
1574
965
248
-731
-1493
-2100
-2520
-2938
-3255
-3297
-3392
-3176
-3024
-2633
-2230
-1889
-1669
-1458
-1030
-833
-654
-656
-658
-734
-624
-583
-449
-421
-559
-341
-180
182
371
501
527
493
197
281
-35
-616
-1333
-2089
-2590
-3305
-3938
-4684
-5249
-5738
-6110
-6155
-5591
-5127
-4596
-4303
-3259
-2064
-869
445
1317
2420
3251
4105
4758
5653
5921
5785
5707
5943
6387
6136
5796
5222
4951
4617
3990
3300
2560
1817
789
-195
-850
-1206
-2224
-3164
-3859
-4179
-4194
-4427
-4543
-4811
-4734
-4612
-4306
-3873
-3494
-3252
-3018
-2498
-1836
-1085
-642
-135
179
607
1087
1762
2286
2473
2679
3079
3582
3930
4238
4417
4479
4574
4668
4689
4404
3965
3480
2783
2180
1550
779
-114
-777
-1521
-2086
-2565
-2758
-2985
-3272
-3211
-3087
-2807
-2568
-2349
-2172
-1830
-1565
-1220
-963
-633
-571
-646
-381
-125
78
98
288
423
656
1037
1272
1480
1367
1297
1079
1107
782
140
-655
-1309
-1973
-2804
-3430
-4245
-4790
-5406
-5722
-5369
-4983
-4258
-3849
-3276
-2123
-975
378
1388
2374
3077
3861
4370
5294
5776
5863
5880
5622
6261
6392
6374
5985
5520
5349
5010
4384
3667
3036
1999
968
-159
-723
-1493
-2551
-3433
-4339
-4563
-4842
-5008
-5161
-5195
-5182
-4941
-4473
-3960
-3368
-3069
-2660
-2269
-1586
-998
-493
-230
-71
311
622
1332
1556
1783
1954
2345
2822
3175
3514
3758
3896
3846
3967
3815
3719
3271
2584
2083
1381
885
55
-707
-1287
-1922
-2459
-2650
-2667
-2973
-3013
-3024
-2685
-2428
-2349
-2223
-2199
-2082
-1996
-1923
-1792
-1817
-2041
-1987
-1968
-1672
-1610
-1510
-1289
-1082
-635
-322
162
351
446
425
509
515
231
-329
-1106
-1554
-2320
-2897
-3733
-4362
-5041
-5542
-5199
-5122
-4365
-4081
-3394
-2250
-1128
323
1255
2543
3322
4050
4510
5411
5822
5841
5759
5527
6142
6072
6119
5756
5381
5444
5096
4644
4297
3810
3002
2189
1379
956
228
-891
-1721
-2539
-2936
-3232
-3577
-3872
-4087
-4171
-4086
-3695
-3221
-2868
-2671
-2185
-1670
-1115
-559
-144
102
294
528
882
1419
1669
1812
2019
2500
3071
3373
3668
4136
4399
4457
4699
4684
4674
4207
3584
3043
2410
1814
954
89
-644
-1151
-1679
-2136
-2247
-2367
-2540
-2609
-2453
-2247
-2024
-2052
-2154
-2160
-2103
-2020
-1999
-1968
-2143
-2073
-2012
-1852
-1645
-1559
-1490
-1448
-1133
-887
-638
-632
-583
-632
-711
-696
-989
-1410
-1921
-2450
-3141
-3551
-4142
-4627
-5282
-5762
-5431
-5206
-4572
-4181
-3760
-2651
-1499
-122
772
1940
2786
3488
3973
4752
5137
5087
5172
4826
5348
5165
5362
5116
4606
4626
4221
3700
3342
2891
1953
1115
225
-145
-898
-1804
-2539
-3368
-3589
-3899
-4079
-4184
-4207
-4212
-4079
-3701
-3078
-2525
-2336
-1993
-1604
-937
-563
-153
76
291
559
744
1264
1534
1764
1895
2181
2651
3072
3452
3805
4006
4127
4305
4311
4371
3993
3477
2929
2377
1912
1274
515
-10
-573
-917
-1122
-1349
-1244
-1402
-1307
-1265
-1088
-800
-851
-940
-1073
-1091
-1117
-1149
-1270
-1428
-1491
-1464
-1233
-1136
-883
-749
-765
-523
-350
-30
70
46
-128
-267
-387
-599
-1010
-1488
-2075
-2689
-3108
-3710
-4108
-4804
-5118
-4776
-4749
-4068
-3537
-2875
-1977
-982
470
1342
2373
3134
3719
4152
4882
5133
5000
4984
4837
5191
4978
5032
4861
4521
4476
4089
3588
3319
2835
2004
1064
285
-121
-925
-1829
-2594
-3247
-3679
-3939
-4206
-4384
-4430
-4323
-4244
-3851
-3264
-2725
-2329
-2069
-1543
-1147
-640
-191
-156
101
240
430
865
1028
1339
1616
2004
2469
2918
3275
3791
3955
4068
4002
3888
3798
3332
2786
1932
1358
728
2
-876
-1368
-1845
-2183
-2247
-2355
-2253
-2155
-1959
-1924
-1696
-1393
-1302
-1339
-1497
-1510
-1439
-1580
-1753
-1893
-1891
-1811
-1652
-1528
-1222
-848
-748
-403
-146
117
163
96
-158
-438
-524
-1047
-1559
-2176
-2892
-3500
-4072
-4543
-5120
-5552
-5350
-5092
-4506
-3892
-3276
-2072
-1259
162
1273
2245
3280
3796
4318
4964
5475
5350
5266
5029
5461
5504
5183
5265
4893
4965
4649
3963
3604
3268
2621
1564
600
98
-362
-1453
-2273
-3013
-3378
-3598
-3846
-3987
-3978
-3688
-3561
-3234
-2826
-2159
-1670
-1276
-864
-362
194
623
920
1005
1158
1231
1640
1743
1830
2080
2380
2903
3224
3544
4007
4391
4678
4843
4776
4731
4575
4018
3286
2595
1805
1088
245
-533
-1302
-1787
-1986
-2198
-2355
-2390
-2105
-2023
-1721
-1519
-1281
-1222
-1336
-1412
-1628
-1737
-1934
-2181
-2509
-2562
-2539
-2417
-2260
-2022
-1740
-1473
-994
-577
-213
-43
-21
-125
-345
-501
-1097
-1615
-2317
-3180
-3805
-4494
-5010
-5629
-5814
-5619
-5278
-4534
-4086
-3025
-2054
-757
552
1424
2575
3221
3875
4098
4793
4828
4675
4390
4234
4714
4281
4391
4062
4101
4248
3896
3480
3035
2906
2126
1223
268
-150
-1007
-2066
-2982
-3713
-4000
-4405
-4606
-4807
-4592
-4377
-4043
-3676
-3156
-2545
-2213
-1635
-1273
-736
-424
-59
142
183
347
503
1065
1121
1290
1614
2201
2891
3297
3798
4269
4821
5217
5464
5407
5413
5136
4536
3946
3228
2568
1630
884
56
-547
-991
-1182
-1171
-1390
-1180
-1110
-772
-523
-329
-163
-238
-364
-486
-694
-870
-1050
-1479
-1818
-1963
-1899
-1735
-1774
-1633
-1469
-1135
-830
-490
-181
-75
-187
-136
-407
-634
-1070
-1776
-2316
-3251
-3745
-4518
-5015
-5356
-5174
-5156
-4371
-3883
-3065
-1734
-703
977
1660
3030
3776
4481
4783
5227
5255
4878
4699
4235
4681
4024
4002
3620
3390
3654
3214
2900
2436
2246
1718
1040
96
-377
-1016
-2123
-2962
-3901
-4204
-4572
-4984
-5206
-5222
-4868
-4576
-3957
-3452
-2751
-2175
-1568
-986
-484
-79
202
308
217
142
50
411
284
265
274
673
1318
1599
2202
2478
2985
3499
3948
4211
4214
4230
3790
3413
2815
2152
1360
508
-232
-1024
-1550
-1872
-1890
-1989
-1982
-1771
-1401
-948
-666
-443
-285
-255
-348
-394
-627
-716
-1178
-1521
-1816
-1798
-1729
-1785
-1587
-1390
-1095
-788
-345
-21
160
180
195
16
-209
-627
-1175
-1923
-2628
-3425
-4078
-4852
-5240
-5108
-5170
-4548
-4171
-3310
-2041
-1017
646
1619
2800
3737
4480
4947
5615
5727
5489
5338
4835
5313
4873
4717
4350
4049
4370
4114
3817
3388
3206
2820
2246
1450
954
372
-644
-1485
-2473
-2930
-3400
-3832
-4259
-4516
-4375
-4246
-3736
-3377
-2789
-2286
-1809
-1216
-723
-217
52
289
331
366
353
703
676
720
859
1017
1662
1962
2576
2915
3217
3743
4194
4349
4447
4410
3894
3560
2944
2342
1588
674
-36
-867
-1476
-1824
-2062
-2158
-2212
-2137
-2010
-1633
-1312
-1020
-1000
-1065
-1035
-1097
-1233
-1385
-1715
-2000
-2176
-2376
-2234
-2133
-2042
-1764
-1480
-1160
-673
-346
-86
-88
-74
-205
-596
-889
-1482
-2229
-3034
-3689
-4531
-5276
-5630
-5539
-5707
-5138
-4943
-3995
-2861
-1679
-23
717
2169
3056
3760
4222
5047
4928
4717
4353
4104
4579
3944
3910
3321
3283
3522
3256
2934
2717
2537
2073
1570
921
629
-70
-804
-1636
-2339
-2637
-3047
-3256
-3643
-3664
-3682
-3415
-2942
-2720
-2136
-1928
-1295
-876
-410
53
324
536
618
613
539
876
732
724
660
918
1261
1515
2050
2403
2802
3201
3723
3855
4117
4153
3836
3528
3169
2618
1869
1243
403
-135
-852
-1165
-1372
-1586
-1348
-1400
-1204
-915
-570
-265
-132
-351
-172
-322
-565
-672
-1280
-1393
-1747
-1947
-1894
-1883
-1700
-1293
-1043
-708
-209
276
675
690
893
686
560
67
-404
-1256
-2082
-2764
-3618
-4349
-4716
-4564
-4745
-4073
-3940
-2907
-1859
-645
885
1548
2850
3444
4131
4353
4927
4702
4313
3858
3572
3907
3250
3254
2603
2385
2752
2486
2399
2023
1909
1481
1021
571
312
-387
-1223
-1913
-2749
-2924
-3448
-3698
-4150
-4140
-4123
-3844
-3374
-3195
-2540
-2334
-1738
-1299
-793
-411
-103
-21
106
152
108
453
250
332
311
504
980
1172
1713
1960
2406
2803
3206
3478
3637
3639
3346
3020
2576
2111
1450
731
-32
-511
-1131
-1378
-1723
-1943
-1813
-1799
-1735
-1504
-1284
-1049
-926
-1209
-1053
-1255
-1320
-1517
-1975
-2189
-2404
-2511
-2467
-2379
-2367
-1933
-1661
-1245
-876
-525
-37
109
104
86
-102
-292
-791
-1429
-2146
-2869
-3452
-4171
-3939
-4167
-3647
-3364
-2888
-1578
-760
1032
1875
3058
3928
4734
5151
5618
5919
5338
5176
4358
4780
4304
3964
3708
3019
3251
3017
2846
2513
2249
1819
1473
844
646
174
-661
-1163
-2112
-2317
-2782
-3074
-3304
-3619
-3564
-3526
-2959
-2724
-2227
-1938
-1465
-898
-516
95
284
543
593
789
649
829
840
636
723
660
1027
1298
1518
1912
2280
2766
3220
3485
3813
3848
3792
3406
3267
2752
2134
1460
545
-2
-592
-996
-1476
-1782
-1987
-1771
-1723
-1536
-1310
-1197
-825
-874
-873
-1023
-1233
-1357
-1915
-2407
-2652
-3014
-3180
-3296
-3329
-3119
-2756
-2451
-2034
-1515
-1076
-543
-298
-277
-295
-592
-863
-1437
-2264
-2895
-3728
-4376
-4661
-4669
-4610
-4067
-3925
-2851
-1903
-495
1031
1820
3155
3776
4607
4912
5516
5179
4743
4151
3911
3994
3202
3062
2373
2198
2306
2060
1850
1928
1666
1253
876
520
524
-273
-859
-1601
-2134
-2336
-2701
-2946
-3228
-3264
-3221
-2971
-2553
-2133
-1721
-1372
-918
-448
19
315
565
639
627
563
525
780
463
428
305
630
958
1244
1634
1979
2387
2879
3361
3791
4104
4160
4056
3813
3612
3271
2748
2000
1230
636
326
-23
-546
-810
-907
-865
-553
-580
-368
-232
-115
-230
-416
-432
-742
-1088
-1652
-1937
-2530
-2798
-2938
-3245
-3165
-2994
-2754
-2368
-1922
-1457
-902
-498
-307
-167
-328
-490
-848
-1703
-2330
-3383
-4018
-3933
-4598
-4144
-4179
-3571
-2408
-1681
308
1146
2521
3504
4310
4770
5657
5738
5242
4867
3983
4418
3365
3094
2343
1588
1717
1252
1053
635
702
305
78
-415
-454
-638
-1308
-1710
-2537
-2556
-2959
-3073
-3404
-3479
-3459
-3214
-2808
-2629
-1928
-1698
-1012
-631
-194
399
573
740
773
827
659
831
624
362
262
-28
275
248
486
698
923
1449
1829
2276
2582
2931
2931
3039
2802
2653
2408
1830
1220
558
99
-258
-538
-1078
-1277
-1456
-1220
-988
-1046
-750
-582
-458
-215
-252
-297
-526
-924
-1186
-1628
-2003
-2401
-2874
-3087
-3156
-3047
-2795
-2537
-2117
-1613
-1133
-618
-277
-243
-256
-539
-616
-1293
-1918
-2911
-2972
-3010
-3245
-2846
-3170
-1837
-1250
310
1427
2621
3946
4715
5506
5875
6808
6258
5912
4861
4760
4457
3456
3102
1772
1609
1391
937
624
487
378
109
-157
-382
-126
-779
-850
-1634
-1843
-2048
-2347
-2437
-2887
-2638
-2781
-2294
-2039
-1529
-1106
-664
-38
288
835
1149
1503
1377
1532
1221
1192
1116
529
480
-167
7
-96
-141
150
142
545
955
1466
1783
2186
2346
2589
2532
2468
2348
1929
1666
961
551
94
-240
-561
-900
-1190
-1130
-1079
-857
-830
-751
-486
-507
-339
-451
-541
-996
-1404
-1766
-2277
-2780
-3330
-3727
-4068
-4085
-4089
-3875
-3616
-3117
-2639
-2297
-1642
-1521
-1120
-1301
-1360
-1608
-2261
-2764
-3633
-3379
-3907
-3428
-3624
-3128
-1918
-1128
713
1351
3027
3974
4912
5359
6045
6279
5835
5413
4489
4570
3574
3205
2184
1311
1263
664
356
-192
-207
-421
-654
-1057
-869
-1018
-1427
-1668
-2367
-2207
-2599
-2610
-2844
-2918
-2753
-2577
-1977
-1716
-1005
-723
-38
507
948
1566
1836
2142
2191
2126
1875
2113
1717
1355
1036
768
818
601
776
684
964
1270
1692
2009
2406
2700
2914
3094
3008
3062
2549
2453
1936
1496
942
492
331
-84
-165
-492
-402
-340
-144
-186
97
207
155
261
105
62
-559
-919
-1478
-2015
-2477
-3110
-3418
-3729
-3712
-3742
-3556
-3216
-2807
-2320
-1910
-1498
-1373
-1167
-1242
-1353
-1878
-2429
-3069
-2934
-3215
-3124
-2971
-2881
-1540
-1057
710
1651
2943
3997
4874
5586
6241
6597
6086
5765
4712
4862
3872
3031
2460
1205
1057
441
-155
-687
-924
-1233
-1435
-1930
-1960
-1923
-2588
-2465
-3288
-3131
-3391
-3530
-3713
-3848
-3444
-3393
-2656
-2553
-1752
-1373
-610
-24
400
997
1352
1654
1736
1872
1491
1784
1284
866
545
145
228
-181
-203
-185
-89
153
675
900
1298
1608
1842
2150
2202
2394
1994
1821
1477
1145
702
279
41
-444
-437
-697
-570
-455
-337
-155
-33
227
240
223
49
46
-508
-837
-1336
-1967
-2451
-3085
-3470
-3778
-3773
-3730
-3698
-3352
-2982
-2382
-1879
-1512
-1153
-1148
-996
-1073
-1427
-1938
-2659
-2561
-2808
-2517
-2373
-2345
-1062
-463
1204
2225
3509
4753
5645
6303
6918
7609
7032
6731
5736
5665
5041
4016
3363
2019
1881
1271
586
38
-352
-517
-830
-1197
-1450
-1320
-1853
-2045
-2633
-2839
-2807
-3068
-3186
-3446
-3240
-3090
-2397
-2122
-1550
-901
-294
579
1013
1696
2022
2401
2473
2617
2181
2276
1968
1382
1113
455
521
86
28
-4
-147
258
488
885
1239
1613
1838
2065
2147
2224
1994
1726
1489
923
543
154
47
-366
-544
-741
-817
-463
-481
-341
-248
-51
82
-33
-118
-243
-738
-1236
-1748
-2455
-2904
-3547
-4172
-4509
-4638
-4510
-4501
-4366
-3857
-3458
-2876
-2493
-2223
-2070
-2080
-2099
-2431
-2942
-3428
-3325
-3589
-3240
-3297
-2789
-1786
-860
822
1622
3167
4167
5319
5818
6577
6907
6508
6243
5238
5342
4287
3543
2631
1489
1109
538
-165
-643
-979
-1401
-1419
-1985
-1779
-1999
-2455
-2472
-3032
-3043
-3180
-3338
-3434
-3437
-3384
-3083
-2486
-2024
-1453
-873
-114
680
1379
1979
2471
2774
2983
3103
2861
2902
2619
2154
1829
1262
1173
767
546
577
331
497
751
1152
1633
1849
2203
2482
2600
2720
2566
2375
2010
1619
1069
751
525
274
38
-183
-201
137
273
362
667
632
958
720
658
578
12
-426
-1184
-1745
-2250
-3030
-3559
-4063
-4223
-4163
-4088
-3938
-3567
-3155
-2592
-2087
-1915
-1536
-1591
-1556
-2026
-2305
-3065
-2936
-3174
-3088
-2817
-2909
-1458
-988
840
1741
3003
4248
5184
5968
6650
7227
6617
6505
5400
5317
4521
3403
2758
1345
1107
344
-288
-829
-1249
-1481
-1858
-2015
-2296
-2243
-2809
-2843
-3301
-3609
-3644
-3996
-3989
-4191
-4049
-3958
-3415
-2998
-2473
-1796
-1203
-165
446
1113
1615
1992
2288
2526
2203
2238
2043
1541
1311
687
556
119
-146
-134
-226
-92
225
576
1014
1444
1841
2102
2190
2364
2155
2105
1845
1393
915
396
261
-58
-292
-568
-681
-366
-275
-10
295
416
718
547
550
466
-100
-462
-1244
-1940
-2470
-3166
-3733
-4214
-4538
-4475
-4287
-4036
-3672
-3200
-2440
-1955
-1587
-1309
-1259
-1166
-1504
-1965
-2430
-2413
-2555
-2338
-2381
-2172
-1082
-291
1381
2234
3737
4831
5939
6597
7563
7910
7419
7188
6128
6204
5183
4262
3391
1920
1644
862
122
-329
-832
-1229
-1407
-1713
-1754
-1722
-2359
-2314
-2955
-2914
-3161
-3380
-3510
-3787
-3614
-3627
-3087
-2797
-2243
-1709
-1003
-178
722
1303
1867
2134
2578
2776
2480
2691
2284
1954
1588
1043
864
462
154
103
-84
17
320
557
963
1362
1618
2029
2126
2416
2281
2109
1852
1341
931
428
117
-290
-532
-848
-958
-700
-639
-473
-192
-92
232
305
137
166
-417
-799
-1410
-2261
-2728
-3462
-4042
-4606
-4939
-4976
-4917
-4685
-4337
-3978
-3231
-2776
-2295
-1973
-1873
-1802
-2149
-2380
-3114
-2861
-3286
-3047
-3069
-3018
-1792
-1364
514
1196
2762
3800
5060
5800
6602
7246
6695
6784
5629
5816
4900
3980
3184
1718
1524
824
132
-431
-822
-1213
-1339
-1615
-1679
-1591
-2316
-2175
-2776
-2776
-2875
-3211
-3323
-3596
-3392
-3489
-2860
-2711
-2056
-1561
-899
54
779
1513
2008
2478
2805
3160
2840
2991
2830
2248
2072
1474
1435
958
663
755
445
722
859
1168
1476
1860
2172
2458
2642
2810
2774
2682
2468
1980
1590
1057
835
391
177
-122
-440
-180
-79
44
303
414
645
718
555
593
11
-400
-1053
-1734
-2324
-3070
-3608
-4169
-4479
-4578
-4543
-4319
-3945
-3530
-2890
-2326
-1954
-1534
-1428
-1335
-1538
-1853
-2539
-2609
-2684
-2808
-2602
-2950
-1735
-1349
195
1309
2399
3824
4751
5730
6347
7281
6741
6868
5792
5568
5193
3848
3335
1750
1349
724
-77
-596
-1080
-1311
-1601
-1834
-2039
-1845
-2417
-2418
-2925
-3206
-3224
-3640
-3730
-4121
-4040
-4115
-3718
-3483
-3059
-2533
-2032
-1120
-458
278
777
1313
1604
2140
1896
1966
2049
1492
1440
800
685
421
30
74
-63
-18
284
552
823
1297
1700
2081
2116
2379
2296
2309
1997
1628
1256
631
480
68
-283
-508
-732
-804
-408
-539
-159
19
193
478
227
493
142
-349
-829
-1504
-1998
-2642
-3234
-3781
-4141
-4219
-4042
-3995
-3506
-3122
-2447
-1933
-1431
-1040
-870
-727
-900
-1159
-1878
-2151
-2069
-2491
-2194
-2458
-1954
-1028
-260
1377
2157
3561
4621
5678
6223
7252
7283
7142
6653
5880
6067
4766
4222
3081
2092
1866
1033
453
8
-276
-468
-747
-1174
-937
-1154
-1477
-1669
-2299
-2199
-2600
-2695
-3072
-3289
-3272
-3155
-2702
-2592
-1954
-1536
-825
-64
483
1025
1515
1874
2261
2245
2102
2338
1716
1616
1143
820
693
134
117
122
8
324
587
755
1234
1583
1853
2057
2247
2413
2126
2072
1653
1305
777
310
135
-542
-501
-997
-883
-822
-887
-736
-644
-289
-251
-344
-353
-511
-936
-1391
-1889
-2557
-3170
-3814
-4321
-4708
-4804
-4776
-4684
-4443
-3973
-3385
-2749
-2193
-1864
-1554
-1524
-1337
-1693
-2041
-2838
-2800
-2920
-3082
-2788
-3101
-1890
-1582
19
1021
2117
3573
4362
5280
5929
6809
6469
6357
5453
5430
4869
3834
3311
1932
1559
943
295
-146
-525
-697
-1073
-1339
-1530
-1178
-1745
-1730
-2224
-2419
-2489
-2844
-2768
-3305
-3062
-3256
-2739
-2645
-2214
-1659
-1265
-459
-57
643
1200
1679
1995
2251
2038
2252
2191
1862
1638
1223
1208
799
644
736
677
822
1118
1445
1895
2376
2660
2965
3041
3382
3154
2973
2787
2307
1873
1311
1117
429
139
-263
-447
-367
-324
-177
-216
115
199
271
71
72
-213
-777
-1124
-1715
-2287
-2911
-3409
-3924
-4099
-4150
-4124
-3927
-3534
-3017
-2510
-1818
-1423
-1156
-1034
-838
-1037
-1452
-1994
-2457
-2242
-2801
-2422
-2806
-2134
-1458
-651
826
1447
3069
3819
4866
5337
6421
6316
6179
5660
5029
5168
3848
3551
2311
1552
1145
381
-62
-648
-809
-1231
-1366
-1884
-1413
-1882
-1956
-2147
-2802
-2534
-3099
-2899
-3425
-3493
-3617
-3408
-3127
-3021
-2295
-2196
-1314
-989
-313
229
731
1140
1348
1554
1462
1764
1320
1277
790
642
429
2
252
-17
194
177
718
968
1467
1776
2106
2428
2415
2824
2377
2622
1909
1682
1112
786
544
-48
-262
-761
-511
-757
-464
-613
-227
-186
-229
-7
-233
-57
-698
-949
-1466
-1995
-2393
-3141
-3463
-3890
-3805
-3957
-3720
-3446
-3062
-2368
-1902
-1337
-1158
-826
-746
-692
-1058
-1496
-2170
-2017
-2303
-2352
-2317
-2399
-1319
-964
638
1407
2652
3870
4740
5508
6349
6992
6672
6565
5683
5886
5041
4331
3689
2283
2073
1346
853
172
-28
-337
-521
-956
-1039
-853
-1443
-1273
-2051
-1989
-2226
-2390
-2452
-2931
-2940
-3018
-2526
-2566
-2051
-1890
-1379
-772
-370
346
732
1189
1329
1568
1351
1687
1591
1210
1022
516
602
190
138
179
-51
130
472
851
1315
1676
1892
2291
2266
2662
2526
2333
2167
1613
1288
714
543
-9
-412
-955
-869
-1054
-1023
-952
-1029
-564
-818
-511
-551
-561
-754
-1276
-1617
-2103
-2556
-3283
-3619
-4168
-4200
-4331
-4255
-3970
-3713
-3018
-2670
-1973
-1713
-1267
-1170
-1071
-1170
-1609
-2158
-2661
-2432
-2957
-2553
-2983
-2382
-1709
-1010
448
1080
2711
3431
4511
4962
6080
6263
6050
5662
5001
5234
4118
3796
2672
1749
1519
884
363
-97
-370
-588
-754
-1184
-900
-1089
-1167
-1389
-1912
-1759
-1981
-2000
-2370
-2580
-2619
-2361
-2287
-2040
-1672
-1445
-758
-502
192
618
1193
1515
1747
1823
1778
2110
1766
1614
1293
977
1005
660
740
549
541
815
1108
1524
1890
2153
2479
2947
2785
3305
2813
2932
2479
1891
1720
1052
888
252
-114
-553
-361
-720
-525
-631
-435
-218
-414
-66
-399
-179
-654
-935
-1494
-1823
-2304
-2974
-3286
-3697
-3601
-3806
-3589
-3431
-2970
-2514
-1932
-1586
-1375
-907
-977
-771
-1149
-1584
-2331
-2446
-2544
-3085
-2714
-3304
-2330
-2053
-890
355
1138
2698
3292
4412
4869
6090
5946
5809
5266
4970
4945
3928
3632
2310
1676
1315
716
83
-361
-591
-906
-1107
-1529
-1139
-1521
-1686
-1954
-2526
-2239
-2500
-2575
-3041
-3112
-3106
-2979
-2853
-2666
-2308
-2046
-1452
-1182
-479
-104
508
763
937
1179
1272
1529
1289
1113
673
555
456
299
233
32
145
506
883
1164
1725
1945
2520
2685
2877
3111
2669
2813
1980
1726
1154
761
449
-140
-581
-770
-746
-878
-654
-856
-353
-451
-327
-160
-293
-245
-757
-923
-1438
-1680
-2237
-2688
-3129
-3280
-3268
-3433
-3218
-2935
-2339
-1960
-1350
-1108
-770
-531
-544
-448
-1037
-1327
-2182
-2074
-2289
-2521
-2368
-2597
-1629
-1356
186
990
2327
3383
4280
5116
5759
6757
6221
6286
5453
5646
5098
4326
3887
2461
2317
1690
1127
454
122
-126
-490
-966
-985
-799
-1231
-1156
-1826
-1855
-1856
-2019
-2190
-2674
-2661
-2614
-2423
-2466
-2086
-1939
-1383
-993
-544
4
405
912
949
1343
1249
1491
1642
1203
1196
754
752
641
355
344
177
372
701
1015
1211
1698
1889
2323
2439
2519
2616
2210
2186
1401
1213
618
243
-158
-838
-1099
-1395
-1284
-1465
-1391
-1354
-1025
-1097
-836
-788
-801
-963
-1389
-1550
-2025
-2278
-2959
-3372
-3632
-3777
-3759
-3860
-3636
-3317
-2785
-2403
-1894
-1658
-1300
-1213
-1243
-1274
-1902
-2314
-3174
-3041
-3375
-3537
-3257
-3442
-2416
-1939
-533
531
1677
2818
3699
4339
5264
6148
5810
5835
5131
5316
4857
4178
3636
2370
2161
1636
995
497
253
3
-407
-833
-867
-708
-987
-1134
-1691
-1795
-1772
-1967
-2080
-2485
-2442
-2530
-2368
-2296
-1977
-1635
-1364
-906
-491
88
645
1113
1314
1564
1617
2010
1972
1672
1424
1179
1097
968
800
589
631
843
1211
1428
1845
2132
2431
2890
2961
3110
3034
2809
2604
2006
1696
1146
759
392
-134
-316
-611
-467
-557
-521
-318
-234
-123
-1
95
89
-149
-391
-693
-1166
-1531
-2199
-2583
-2850
-2928
-3055
-3178
-2869
-2565
-2202
-1674
-1502
-1190
-922
-906
-792
-1106
-1524
-2076
-2909
-2918
-3208
-3356
-3212
-3416
-2599
-2149
-814
268
1277
2469
3233
3980
4877
5844
5461
5517
4829
4926
4645
3857
3477
2344
1918
1510
956
295
101
-280
-793
-1150
-1308
-1112
-1593
-1752
-2239
-2484
-2415
-2660
-2785
-3160
-3125
-3221
-3145
-2958
-2783
-2408
-2199
-1680
-1295
-767
-179
294
628
833
1099
1252
1461
1188
1135
921
884
875
551
733
548
794
1151
1393
1766
2094
2338
2583
2842
2646
2701
2362
2012
1589
998
675
99
-211
-714
-952
-1172
-1130
-1127
-1126
-848
-804
-469
-466
-321
-328
-636
-710
-957
-1448
-1797
-2259
-2554
-2692
-2884
-2857
-2844
-2566
-2175
-1844
-1387
-1047
-785
-734
-482
-562
-719
-1159
-1695
-2423
-2870
-2853
-3276
-2991
-3260
-2735
-2043
-1232
422
1175
2477
3322
4409
5083
6103
6386
6155
6053
5456
5847
5004
4730
3800
2935
2709
2104
1665
1148
866
174
5
-470
-345
-572
-1058
-1223
-1883
-1775
-2046
-2203
-2447
-2637
-2817
-2904
-2697
-2500
-2123
-2046
-1641
-1259
-663
-77
341
619
769
1109
1085
1350
1249
1060
835
693
813
548
648
624
853
1075
1360
1759
2054
2498
2594
2812
2732
2666
2590
2063
1668
1078
525
126
-485
-891
-1211
-1585
-1611
-1566
-1701
-1463
-1350
-1112
-997
-963
-895
-1058
-1158
-1460
-1808
-2237
-2412
-2747
-2998
-3177
-3278
-3114
-3017
-2534
-2405
-1924
-1596
-1270
-1058
-1112
-918
-1236
-1521
-2092
-2587
-3322
-3657
-3734
-4079
-3717
-3779
-3110
-2503
-1375
143
943
2301
3098
4108
4709
5720
5849
5694
5436
5058
5358
4546
4293
3511
2672
2650
2160
1635
1236
848
538
122
-264
-201
-496
-888
-1346
-1873
-1905
-2117
-2274
-2551
-2869
-3053
-2961
-2753
-2502
-2226
-2176
-1592
-1339
-704
-172
325
555
863
1072
1103
1610
1441
1413
1288
1209
1333
1309
1476
1665
1864
2145
2427
2800
3173
3421
3388
3407
3273
3002
2839
2315
1786
1227
689
302
-209
-479
-795
-997
-1137
-938
-957
-936
-492
-604
-423
-563
-504
-495
-855
-1150
-1575
-1873
-1987
-2205
-2574
-2528
-2456
-2260
-1983
-1727
-1339
-1046
-772
-488
-552
-531
-536
-1130
-1510
-2129
-2694
-3440
-3945
-3962
-4395
-3945
-4032
-3438
-2707
-1617
-87
635
1912
2767
3782
4316
5371
5319
5215
5113
4661
5029
4211
4010
3195
2499
2511
1962
1336
944
616
175
-153
-758
-576
-1024
-1435
-1819
-2547
-2504
-2793
-2913
-3389
-3501
-3634
-3554
-3289
-3238
-2860
-2767
-2202
-1827
-1233
-741
-180
159
238
551
649
1008
1030
883
769
799
1083
1141
1245
1438
1606
1928
2396
2688
3091
3269
3068
3097
2899
2832
2180
1784
1140
598
90
-340
-662
-1270
-1249
-1580
-1534
-1424
-1229
-1056
-888
-787
-682
-627
-632
-440
-891
-1051
-1200
-1353
-1508
-1647
-1786
-1875
-1600
-1587
-1277
-1043
-647
-276
-228
72
13
-86
-131
-555
-1163
-1563
-2263
-2810
-3629
-3796
-3857
-3952
-3458
-3534
-2501
-1746
-384
791
1665
2963
3840
4565
5167
6066
5771
6023
5558
5509
5571
4875
4780
3785
3473
3219
2718
2091
1891
1440
793
553
-81
30
-731
-1190
-1645
-2238
-2225
-2556
-2864
-3252
-3387
-3700
-3489
-3402
-3216
-2983
-2816
-2127
-1866
-1201
-749
-273
-119
191
485
653
1056
823
901
900
1088
1353
1359
1563
1891
1985
2432
2883
2868
3164
2984
2815
2776
2486
2077
1309
821
206
-217
-943
-1242
-1601
-1906
-1909
-2123
-1966
-1914
-1635
-1690
-1521
-1434
-1359
-1363
-1358
-1383
-1643
-1720
-1735
-2002
-1992
-1962
-2024
-1921
-1738
-1599
-1254
-985
-798
-673
-677
-541
-705
-942
-1274
-1673
-2259
-2748
-3403
-4006
-4607
-4661
-4626
-4419
-4052
-3720
-2721
-1859
-381
519
1680
2788
3644
4299
5106
5794
5683
5826
5358
5633
5460
4934
4608
3809
3639
3401
2720
2193
2026
1463
1110
463
108
119
-659
-948
-1622
-1986
-2005
-2407
-2701
-3005
-3176
-3275
-3130
-3060
-2769
-2565
-2071
-1628
-1301
-632
-189
399
512
792
1086
1397
1609
1643
1696
1767
2167
2465
2609
2745
3156
3242
3653
3785
3789
3924
3591
3535
3092
2710
2264
1568
1142
414
-117
-737
-947
-1229
-1477
-1591
-1712
-1551
-1489
-1025
-1315
-1064
-1009
-910
-884
-969
-864
-1273
-1251
-1363
-1356
-1567
-1340
-1447
-1502
-1282
-1097
-733
-853
-587
-649
-653
-617
-866
-1200
-1713
-2089
-2673
-3113
-3758
-4208
-5013
-5112
-4905
-4916
-4207
-4138
-3237
-2545
-1274
42
907
2006
2882
3697
4223
5321
5230
5409
5192
5111
5391
4653
4598
3978
3400
3167
2621
1998
1811
1304
703
62
-322
-348
-1070
-1612
-2129
-2811
-2957
-3241
-3629
-3888
-4233
-4338
-4444
-4181
-3835
-3537
-3383
-2845
-2392
-1847
-1104
-581
-288
-138
350
792
1196
1414
1524
1644
2133
2355
2597
2841
3128
3350
3435
3662
3746
3779
3631
3207
2748
2496
2032
1373
659
49
-394
-1012
-1195
-1401
-1768
-1944
-1909
-1778
-1683
-1254
-1305
-1285
-1085
-838
-682
-693
-602
-802
-875
-760
-564
-736
-493
-481
-499
-165
1
263
262
187
320
190
225
60
-483
-737
-1301
-1622
-2305
-2585
-3064
-3792
-4237
-4600
-4307
-4185
-3695
-3572
-3065
-2025
-1014
356
1249
2403
3213
4098
4837
5710
6211
6159
6124
5773
6062
6021
5732
5177
4399
4063
3787
3302
2755
2101
1328
962
246
-93
-524
-1332
-1806
-2544
-2804
-3184
-3492
-3857
-4309
-4608
-4617
-4306
-4200
-3911
-3709
-3338
-2747
-2061
-1451
-1112
-539
-121
361
908
1217
1680
1812
2095
2431
2619
2945
3207
3281
3492
3464
3595
3625
3328
3063
2616
2069
1728
1196
391
-139
-853
-1339
-1789
-2319
-2506
-2891
-2874
-2841
-2788
-2517
-2394
-2156
-2049
-1692
-1464
-1245
-1158
-1037
-1010
-1022
-814
-688
-667
-731
-684
-615
-402
-257
-287
-310
-467
-379
-429
-584
-740
-1150
-1532
-1984
-2256
-2709
-3314
-3825
-4292
-4657
-5027
-4924
-4671
-4381
-3909
-3617
-2731
-1782
-534
575
1638
2531
3491
4351
5006
6038
6137
6171
6160
6339
6507
6069
5764
5159
4708
4369
3928
3197
2715
2143
1440
793
156
-50
-879
-1589
-2144
-2613
-2935
-3271
-3679
-4100
-4399
-4411
-4259
-4165
-3859
-3581
-3353
-2590
-1996
-1268
-651
2
547
950
1570
2100
2598
2780
3040
3248
3478
3827
3952
4093
3988
4089
4109
4067
3828
3493
3159
2640
2173
1584
898
235
-314
-979
-1527
-2034
-2239
-2417
-2573
-2702
-2566
-2481
-2076
-1964
-1802
-1380
-1318
-956
-782
-614
-368
-311
-279
-95
-203
-51
-112
-205
-54
-132
-34
-54
-212
-90
-272
-491
-704
-1123
-1503
-1916
-2387
-2830
-3436
-3954
-4326
-4860
-5161
-5513
-5587
-5272
-5029
-4518
-4065
-3413
-2375
-1400
-152
949
1984
2937
3875
4562
5397
5941
6051
6271
6148
6381
6232
5910
5487
4850
4404
3958
3245
2523
1995
1135
565
-308
-877
-1377
-2240
-2783
-3405
-3923
-4388
-4640
-5007
-5232
-5382
-5253
-5015
-4785
-4293
-3901
-3270
-2571
-1813
-1083
-382
304
1035
1633
2080
2666
3153
3486
3782
4000
4319
4508
4581
4645
4575
4420
4163
3880
3610
3031
2453
1861
1170
608
87
-614
-1105
-1550
-1990
-2261
-2495
-2589
-2659
-2580
-2430
-2219
-2050
-1634
-1378
-1178
-898
-661
-411
-237
-168
14
85
164
415
296
500
599
629
605
523
551
566
369
167
-264
-703
-1087
-1539
-2036
-2677
-3142
-3574
-3937
-4294
-4555
-4955
-5260
-4875
-4578
-4330
-3809
-3436
-2605
-1682
-587
622
1649
2600
3614
4548
5333
6461
6860
6914
6948
7061
7287
7000
6527
5828
5229
4636
4000
3076
2296
1515
592
-200
-1077
-1517
-2158
-2919
-3517
-4183
-4573
-4908
-5109
-5428
-5542
-5597
-5444
-5101
-4746
-4229
-3821
-3133
-2462
-1794
-1013
-196
502
986
1638
2304
2953
3391
3733
3984
4123
4474
4440
4474
4120
3850
3572
3150
2704
2156
1617
1051
424
-299
-727
-1274
-1740
-2240
-2712
-2889
-3022
-2973
-3054
-3138
-2859
-2699
-2337
-2110
-1657
-1367
-1190
-789
-535
-121
0
209
324
464
650
752
769
730
837
755
782
733
499
332
-35
-247
-804
-1267
-1759
-2190
-2656
-3117
-3542
-3944
-4148
-4448
-4691
-4888
-4967
-5085
-4950
-4479
-3995
-3475
-2950
-2082
-1090
106
1449
2385
3477
4596
5659
6483
7284
7804
7911
7917
7923
7889
7404
6798
6104
5347
4568
3869
2982
2116
1252
377
-330
-1060
-1479
-2149
-2893
-3367
-3773
-4188
-4476
-4672
-4935
-5012
-5059
-4767
-4394
-3967
-3403
-2896
-2229
-1411
-490
229
1102
1836
2532
3098
3798
4453
4711
4815
4907
4886
4812
4749
4286
3968
3451
2875
2536
1962
1481
895
293
-318
-710
-1226
-1729
-2155
-2728
-3178
-3417
-3382
-3526
-3524
-3543
-3339
-3011
-2687
-2180
-1966
-1530
-1141
-763
-331
26
348
383
599
739
949
942
961
926
733
792
538
391
26
-269
-685
-1144
-1520
-2043
-2475
-3025
-3483
-3929
-4326
-4516
-4789
-5044
-5413
-5413
-5394
-5446
-5429
-5181
-4622
-4078
-3375
-2759
-1710
-647
678
1915
3037
4268
5158
6099
6719
7517
7603
7508
7317
7075
6949
6158
5485
4670
4010
3265
2429
1528
844
161
-702
-1324
-2021
-2352
-2867
-3581
-3998
-4486
-4793
-4953
-5157
-5226
-5232
-5066
-4607
-4074
-3430
-2664
-1939
-1074
-109
831
1762
2561
3287
3707
4334
4705
5092
5048
4925
4911
4715
4507
4183
3970
3408
3053
2586
2151
1797
1340
803
152
-322
-779
-1185
-1745
-2204
-2536
-2863
-2980
-3024
-2898
-2766
-2530
-2121
-1761
-1348
-755
-314
152
485
794
1128
1457
1649
1648
1778
1733
1705
1777
1688
1574
1394
1084
881
588
254
-154
-699
-1166
-1635
-2218
-2747
-3213
-3649
-4066
-4399
-4677
-4833
-4938
-4926
-4946
-4801
-4701
-4660
-4475
-4027
-3273
-2711
-1986
-1299
-454
766
1891
3125
4098
5017
5769
6497
7014
7423
7466
6997
6633
6201
5904
5337
4620
3752
2901
2296
1685
996
147
-588
-1469
-2139
-2695
-3218
-3716
-4526
-5053
-5450
-5649
-5677
-5559
-5508
-5314
-4934
-4356
-3507
-2745
-1968
-1390
-645
265
1016
1837
2334
2764
2996
3300
3684
3871
3909
3777
3682
3500
3402
3113
2706
2219
1622
1163
674
130
-393
-969
-1463
-2009
-2446
-2741
-2986
-3200
-3414
-3442
-3343
-3034
-2608
-2280
-1990
-1598
-995
-496
-45
335
681
865
1115
1348
1519
1790
1656
1726
1666
1731
1818
1619
1399
1048
778
437
129
-344
-850
-1419
-1932
-2338
-2746
-3083
-3478
-3774
-4028
-4123
-4121
-4013
-3935
-3918
-3732
-3531
-3165
-2926
-2699
-2521
-2101
-1342
-812
-116
519
1158
2003
2998
4037
4972
5678
6169
6714
7039
7494
7584
7156
6788
6354
6164
5622
4980
4281
3415
2678
2040
1146
362
-344
-1227
-1983
-2744
-3208
-3572
-4077
-4502
-4802
-4751
-4592
-4245
-4085
-3849
-3328
-2915
-2267
-1639
-1046
-538
8
691
1232
1735
2253
2774
2930
3120
3349
3575
3695
3458
3180
2882
2759
2430
1946
1436
889
495
-55
-461
-889
-1326
-1694
-2045
-2389
-2606
-2704
-2786
-2826
-2935
-2787
-2622
-2310
-2093
-1846
-1634
-1183
-864
-557
-240
63
348
511
701
854
965
1042
1044
938
898
748
590
327
21
-329
-692
-1039
-1428
-1872
-2237
-2652
-2862
-3208
-3429
-3569
-3701
-3798
-3876
-3671
-3614
-3266
-3269
-3022
-2785
-2530
-2185
-2223
-2045
-1986
-1797
-1390
-936
-516
-84
472
1192
1999
2985
3886
4641
5178
5706
6097
6507
6803
6586
6215
5822
5632
5413
4745
4011
3376
2628
2039
1287
505
-121
-844
-1616
-2246
-2695
-2939
-3254
-3753
-3803
-3732
-3594
-3299
-3172
-2983
-2659
-2337
-1735
-1261
-869
-355
75
706
1069
1583
2077
2478
2675
2847
3055
3215
3356
3211
3192
2960
2795
2501
2224
1923
1519
1138
646
270
-127
-321
-700
-1084
-1376
-1656
-1740
-1897
-1866
-1921
-2023
-1900
-1763
-1545
-1353
-1163
-976
-615
-416
-119
191
432
636
648
771
1011
1053
1108
854
819
708
532
366
47
-212
-539
-835
-1196
-1273
-1621
-1842
-2070
-2364
-2469
-2541
-2551
-2694
-2777
-2809
-2815
-2713
-2774
-2705
-2621
-2522
-2381
-2333
-2142
-2057
-1972
-2057
-1983
-1921
-1434
-1117
-671
-362
33
841
1455
2510
3072
3744
4179
4693
5150
5523
5798
5520
5468
5052
5032
4837
4200
3726
2805
2216
1588
965
85
-548
-1268
-1997
-2415
-2974
-2992
-3296
-3578
-3635
-3600
-3423
-3156
-2953
-2857
-2571
-2274
-1781
-1438
-980
-587
-306
152
535
1005
1365
1691
1907
2168
2329
2689
2803
2650
2621
2461
2349
2134
1827
1484
954
551
103
-293
-684
-1139
-1420
-1718
-1724
-1823
-1828
-1779
-1643
-1451
-1370
-1001
-684
-527
-401
-310
-117
5
102
200
268
330
456
618
861
992
1066
1173
1156
1211
1157
1030
867
616
321
59
-225
-433
-702
-1003
-1152
-1445
-1520
-1622
-1754
-1860
-1942
-1892
-1822
-1702
-1628
-1552
-1491
-1324
-1133
-1064
-1067
-1036
-1048
-1030
-1035
-950
-1014
-1075
-1253
-1038
-718
-355
-91
177
574
1126
1929
2615
3280
3696
4232
4623
5124
5533
5574
5367
4984
4796
4625
4176
3481
2772
2066
1425
859
122
-356
-1090
-1637
-2156
-2443
-2527
-2618
-2849
-3018
-2983
-2991
-2642
-2587
-2517
-2548
-2461
-2184
-1923
-1696
-1532
-1192
-1016
-552
-195
196
644
841
1164
1201
1489
1562
1466
1273
837
653
306
-106
-507
-907
-1281
-1568
-1673
-1781
-1746
-1777
-1613
-1506
-1259
-1013
-909
-710
-628
-611
-510
-452
-381
-414
-510
-529
-345
-351
-211
-115
157
229
444
760
851
1024
814
831
711
592
365
117
-105
-368
-546
-578
-768
-708
-640
-732
-483
-428
-429
-222
-187
-180
-281
-310
-234
-337
-419
-613
-585
-672
-516
-624
-650
-614
-591
-486
-656
-594
-711
-801
-943
-1094
-1095
-1016
-789
-683
-447
-225
288
958
1648
2404
3040
3740
4347
4868
5345
5766
5881
5788
5701
5623
5592
5201
4761
4180
3512
2952
2290
1553
843
142
-519
-1083
-1546
-1835
-2210
-2594
-2752
-2843
-2804
-2917
-2866
-2777
-2848
-2696
-2637
-2466
-2255
-2116
-1972
-1752
-1412
-1097
-801
-496
-334
-41
147
444
689
549
596
557
505
382
246
23
-214
-454
-598
-711
-728
-616
-691
-592
-498
-244
-97
-45
76
-1
-33
-180
-226
-303
-468
-752
-983
-1172
-1319
-1332
-1440
-1482
-1507
-1382
-1210
-1002
-764
-663
-518
-409
-199
-106
-55
-54
-99
-185
-224
-176
-129
-193
-164
-176
-207
-115
-142
-84
-160
-219
-215
-149
-170
-286
-362
-558
-712
-838
-999
-1229
-1312
-1616
-1803
-1890
-2013
-2014
-2211
-2290
-2330
-2241
-2009
-1999
-1754
-1389
-1036
-563
-139
479
1096
1874
2618
3391
4109
4689
5273
5660
6161
6293
6250
6117
5937
5803
5348
4799
3991
3344
2627
2032
1264
487
-57
-750
-1221
-1761
-1981
-2271
-2654
-2876
-3087
-3072
-3121
-3046
-3166
-3088
-3003
-2745
-2456
-2358
-1887
-1686
-1288
-881
-347
-67
319
614
854
1059
1179
1337
1304
1270
1203
1167
1078
1026
1052
928
978
1005
963
1032
1091
1115
1042
1017
902
744
627
350
138
-197
-560
-766
-1096
-1210
-1447
-1611
-1708
-1628
-1493
-1403
-1236
-1153
-900
-799
-615
-438
-370
-350
-270
-188
-142
-53
23
131
364
525
669
859
1128
1436
1449
1517
1489
1358
1271
966
630
216
-323
-699
-1135
-1516
-1900
-2138
-2351
-2433
-2460
-2413
-2172
-2012
-1795
-1639
-1473
-1350
-1248
-1313
-1523
-1640
-1855
-2130
-2454
-2730
-3014
-3046
-2898
-2594
-2213
-1758
-939
-73
1002
1976
2884
3789
4475
4919
5285
5674
5652
5341
5017
4667
4383
3923
3371
2785
2358
1953
1635
1204
782
532
181
-134
-578
-868
-1404
-1860
-2336
-2911
-3365
-3609
-3893
-4123
-4226
-4314
-4045
-3792
-3342
-3013
-2574
-2110
-1518
-1027
-528
2
365
597
797
1068
1262
1407
1454
1491
1575
1668
1680
1914
1944
2144
2190
2218
2292
2269
2234
1958
1790
1374
1143
646
337
-141
-621
-1111
-1537
-1723
-1951
-2085
-2229
-2143
-2033
-1816
-1600
-1250
-1009
-703
-424
27
364
609
974
1097
1415
1604
1799
2051
2128
2287
2369
2450
2567
2593
2561
2584
2523
2414
2252
1996
1692
1237
786
403
-96
-545
-990
-1348
-1711
-2037
-2191
-2485
-2702
-2813
-3004
-3048
-3153
-3167
-3274
-3383
-3456
-3513
-3548
-3595
-3556
-3549
-3433
-3419
-3331
-3146
-2920
-2671
-2085
-1524
-808
-27
668
1657
2606
3584
4397
5163
5822
6451
6766
7110
7290
7163
6930
6504
6281
5715
4979
4157
3286
2344
1425
443
-633
-1564
-2528
-3394
-4176
-4797
-5247
-5759
-6095
-6115
-6247
-6230
-6012
-5806
-5447
-5252
-4773
-4201
-3701
-3093
-2550
-1993
-1303
-678
-110
537
1137
1676
2115
2583
3013
3358
3528
3707
3742
3677
3539
3477
3064
2679
2335
1844
1440
908
479
-147
-522
-890
-1265
-1670
-1899
-2030
-2187
-2180
-2167
-2002
-1952
-1783
-1643
-1441
-1119
-901
-645
-439
-36
389
699
1163
1540
1973
2331
2706
3024
3257
3405
3576
3613
3525
3440
3328
3074
2798
2448
2166
1762
1309
879
380
-28
-559
-1044
-1636
-2023
-2309
-2812
-3194
-3422
-3678
-3782
-3888
-3910
-3885
-3918
-3609
-3519
-3267
-2935
-2640
-2295
-2058
-1688
-1431
-1106
-760
-467
-267
3
356
546
802
952
1224
1337
1506
1682
2082
2405
2650
2898
3189
3612
3931
4409
4606
4807
4845
4954
4798
4711
4501
3874
3282
2645
2159
1431
574
-153
-939
-1649
-2241
-2902
-3484
-3797
-4283
-4530
-4715
-4666
-4554
-4594
-4456
-4269
-4011
-3658
-3241
-2953
-2700
-2360
-1890
-1475
-955
-578
-263
155
660
1120
1483
1913
2165
2336
2534
2653
2877
2711
2598
2384
2061
1848
1508
1184
685
297
-142
-498
-741
-995
-1255
-1509
-1613
-1665
-1657
-1690
-1554
-1555
-1571
-1373
-1277
-1032
-940
-897
-797
-636
-327
-85
72
246
404
620
939
1184
1466
1550
1725
1863
2034
2126
2244
2143
2110
2058
1937
1839
1650
1463
1184
907
587
418
-9
-324
-596
-1017
-1410
-1710
-1982
-2222
-2453
-2765
-2780
-2709
-2715
-2625
-2480
-2260
-2026
-1738
-1360
-990
-736
-392
-72
216
585
823
889
1143
1161
1217
1357
1305
1273
1112
1103
990
938
794
652
522
403
308
148
36
197
340
356
535
668
934
1298
1689
2051
2462
2666
2952
3099
3221
3398
3101
2920
2514
2280
2050
1497
1095
419
19
-482
-961
-1396
-1798
-2088
-2424
-2509
-2544
-2490
-2495
-2420
-2368
-2266
-1998
-1767
-1552
-1530
-1364
-1208
-987
-849
-734
-626
-531
-257
-121
74
260
448
595
667
712
805
772
719
573
331
154
-78
-284
-573
-808
-946
-1059
-1077
-1063
-1107
-1040
-953
-923
-827
-801
-768
-669
-772
-856
-902
-800
-771
-709
-685
-528
-323
-137
172
352
554
787
934
1093
1290
1409
1360
1337
1156
1149
998
862
731
403
231
35
-29
-259
-260
-423
-514
-589
-611
-625
-621
-604
-732
-638
-720
-585
-691
-704
-662
-646
-501
-617
-469
-473
-421
-359
-334
-228
-110
-42
25
131
293
342
363
420
440
355
330
293
270
145
61
88
34
104
48
66
41
116
86
81
80
134
319
348
531
739
884
1185
1532
1941
2282
2641
2849
3072
3157
3280
3378
3189
2970
2663
2588
2355
1928
1430
1040
594
177
-224
-709
-1015
-1322
-1686
-1884
-1923
-1850
-1972
-2012
-1912
-1911
-1721
-1655
-1618
-1582
-1489
-1390
-1267
-1085
-980
-841
-755
-570
-410
-273
-110
45
14
72
130
177
135
-3
-63
-171
-225
-253
-408
-467
-470
-584
-652
-670
-593
-613
-601
-647
-594
-576
-647
-621
-808
-940
-1068
-1171
-1157
-1232
-1154
-1179
-1043
-957
-716
-477
-269
5
81
349
597
853
1005
1112
1136
1277
1391
1347
1423
1340
1375
1255
1236
1223
1208
1144
1090
905
776
758
606
457
181
-145
-325
-613
-817
-1070
-1361
-1488
-1686
-1730
-1754
-1760
-1802
-1699
-1660
-1597
-1378
-1296
-1127
-1051
-884
-715
-617
-459
-373
-269
-256
-56
54
130
204
304
483
659
800
899
1018
1087
1128
1126
1112
1026
876
713
555
477
306
91
-54
-213
-377
-257
-148
-61
125
352
633
1066
1425
1811
2198
2428
2788
2825
2998
3287
3212
3170
2976
2817
2780
2558
2194
1822
1477
1099
704
204
-219
-618
-1049
-1394
-1803
-2048
-2405
-2571
-2784
-2866
-2895
-2967
-2791
-2764
-2668
-2581
-2264
-2104
-1907
-1732
-1551
-1264
-1129
-994
-788
-645
-466
-350
-217
-65
166
290
456
665
700
910
1016
1134
1254
1145
1190
1083
996
1001
926
871
720
704
615
602
520
476
353
251
190
66
133
-44
-95
-119
-189
-262
-242
-338
-366
-345
-370
-356
-221
-119
70
144
281
414
561
615
738
823
743
919
713
728
601
546
373
83
78
-207
-384
-656
-784
-1035
-1262
-1355
-1560
-1659
-1820
-1873
-1924
-1958
-1985
-1903
-1869
-1801
-1680
-1515
-1367
-1222
-1027
-851
-591
-495
-248
-80
98
234
435
586
642
711
822
865
838
836
746
750
665
607
426
377
218
145
-26
-265
-277
-451
-631
-662
-794
-835
-894
-838
-875
-852
-802
-724
-511
-358
-56
155
481
716
1185
1625
2087
2564
2848
3209
3351
3723
3841
3769
3625
3441
3394
3136
2825
2406
1990
1515
1075
578
120
-341
-922
-1283
-1753
-1995
-2175
-2443
-2607
-2689
-2655
-2538
-2318
-2266
-2116
-1887
-1644
-1385
-1120
-770
-608
-290
-97
143
452
626
790
957
1071
1208
1378
1439
1484
1457
1366
1333
1200
1141
925
741
575
418
172
-10
-136
-366
-398
-643
-754
-814
-916
-937
-1018
-965
-930
-817
-725
-642
-535
-418
-304
-219
-35
86
192
284
381
496
568
614
637
688
695
796
793
827
808
834
859
798
729
658
463
273
42
-263
-654
-952
-1319
-1752
-2078
-2466
-2625
-2942
-3041
-3147
-3198
-3115
-3002
-2767
-2631
-2331
-2199
-1795
-1519
-1212
-861
-683
-316
-97
216
401
643
707
886
945
1023
1202
1110
1097
994
1004
967
884
799
660
598
465
330
194
71
-69
-154
-293
-468
-392
-415
-473
-509
-398
-301
-151
-4
227
511
706
930
1103
1270
1356
1454
1439
1435
1318
1365
1327
1430
1412
1381
1532
1663
1895
1962
2220
2335
2484
2563
2570
2609
2377
2085
1770
1656
1316
939
551
199
-230
-483
-782
-1019
-1220
-1324
-1383
-1532
-1516
-1473
-1422
-1495
-1333
-1441
-1358
-1316
-1284
-1179
-1259
-1236
-1187
-1094
-982
-914
-861
-704
-506
-270
-154
81
227
294
399
488
598
584
492
458
439
361
382
245
146
123
44
40
125
66
92
71
125
160
172
243
161
153
114
-55
-48
-191
-291
-526
-685
-761
-1020
-949
-1163
-1174
-1163
-1271
-1153
-1174
-993
-1023
-940
-888
-866
-735
-819
-687
-747
-707
-748
-781
-734
-767
-661
-609
-483
-462
-429
-275
-301
-192
-230
-209
-75
-139
-62
-30
-31
-54
30
20
46
132
89
311
252
401
451
428
527
399
453
410
388
247
334
200
210
263
152
197
102
227
331
351
474
552
707
994
1142
1316
1534
1633
1762
1906
2084
2107
1977
1884
1732
1504
1494
1247
1014
811
738
620
430
301
31
-145
-272
-437
-683
-773
-959
-1102
-1087
-1236
-1215
-1149
-1166
-1058
-998
-755
-643
-482
-432
-318
-278
-198
-181
-175
-220
-188
-227
-412
-366
-457
-458
-511
-425
-311
-191
-9
239
483
779
1215
1385
1642
1899
1995
2059
2165
2114
2005
1792
1654
1480
1222
869
544
261
-110
-418
-841
-1125
-1517
-1772
-2003
-2216
-2192
-2370
-2344
-2295
-2284
-2106
-1931
-1919
-1754
-1578
-1419
-1085
-931
-726
-567
-360
-111
166
324
529
767
844
1025
1095
1186
1248
1106
1118
995
875
718
538
266
51
-210
-403
-533
-766
-847
-1016
-1039
-1060
-1195
-1228
-1264
-1272
-1281
-1383
-1329
-1323
-1248
-1223
-1193
-1021
-928
-699
-581
-313
-80
92
422
632
884
1233
1386
1599
1775
1879
1969
2099
2075
2104
2000
1964
1831
1726
1625
1378
1185
913
777
431
139
-126
-410
-695
-928
-1200
-1421
-1662
-1852
-1963
-2129
-2137
-2232
-2232
-2133
-2087
-1869
-1676
-1431
-1211
-914
-603
-315
36
310
585
852
1080
1343
1528
1683
1793
1885
1939
1996
1987
2017
1949
1870
1843
1701
1619
1380
1258
978
791
461
319
30
-251
-453
-669
-787
-895
-858
-935
-941
-871
-848
-656
-635
-511
-343
-96
49
234
436
540
798
803
945
1044
1214
1357
1415
1480
1538
1629
1633
1638
1575
1427
1429
1273
1146
917
748
456
235
21
-196
-357
-566
-662
-837
-948
-1036
-1118
-1281
-1399
-1465
-1539
-1497
-1565
-1656
-1689
-1660
-1651
-1569
-1555
-1448
-1413
-1373
-1252
-1149
-1110
-967
-849
-760
-585
-507
-266
-167
50
116
321
401
424
547
459
554
484
454
438
271
271
138
11
-96
-268
-381
-512
-614
-710
-807
-843
-888
-879
-889
-940
-901
-783
-822
-849
-774
-800
-741
-728
-670
-716
-517
-521
-455
-286
-251
-154
-94
-15
-3
102
201
300
276
295
335
354
394
360
318
231
318
326
345
336
466
636
730
841
972
1116
1292
1490
1622
1774
1919
1978
2114
2082
2057
2018
1849
1720
1545
1308
980
752
477
228
-109
-232
-477
-672
-816
-1076
-1071
-1204
-1245
-1287
-1243
-1286
-1267
-1180
-1068
-1000
-898
-836
-657
-472
-367
-222
-72
82
215
435
549
754
883
868
1120
1144
1222
1181
1171
1201
1092
1015
961
850
693
622
503
505
423
415
418
448
501
477
522
411
433
374
282
210
117
31
-125
-210
-351
-412
-458
-564
-603
-570
-641
-608
-598
-615
-547
-589
-561
-458
-517
-526
-530
-530
-577
-661
-616
-761
-790
-821
-840
-902
-897
-939
-1040
-1036
-1116
-1161
-1266
-1307
-1416
-1541
-1638
-1723
-1729
-1781
-1756
-1703
-1591
-1492
-1442
-1199
-1016
-780
-620
-400
-233
43
260
427
660
805
960
1082
1174
1302
1388
1452
1544
1556
1613
1528
1592
1533
1511
1435
1311
1201
1052
1043
847
686
590
470
360
300
172
204
189
47
70
25
-55
-94
-112
-94
-134
-128
-130
-67
-113
-15
18
60
88
158
133
226
217
196
204
150
171
122
145
136
82
32
57
41
39
-56
-70
-145
-80
-135
-125
-187
-170
-194
-194
-92
-135
-138
-28
-90
-46
-77
-133
-140
-205
-227
-272
-246
-335
-256
-259
-142
-186
-202
-42
-95
-52
-49
107
34
31
0
-1
16
76
140
51
182
196
308
351
404
504
513
647
674
681
678
655
685
503
503
357
327
220
136
43
-7
-12
-169
-145
-237
-226
-296
-333
-330
-451
-421
-505
-532
-558
-530
-509
-558
-520
-495
-461
-414
-297
-338
-232
-128
-124
-95
-99
-13
-11
-13
-1
-32
-12
-49
-59
-136
-131
-178
-161
-98
-153
-147
-160
-197
-163
-173
-163
-169
-139
-174
-175
-137
-188
-238
-215
-262
-232
-383
-408
-352
-370
-425
-489
-283
-404
-347
-238
-146
-207
-132
-22
19
154
263
379
446
480
559
639
752
617
687
695
755
807
745
778
790
683
697
631
532
411
324
252
107
-16
-129
-243
-399
-467
-585
-634
-716
-635
-705
-657
-538
-462
-416
-296
-155
-28
113
301
421
451
571
593
592
583
543
590
508
532
473
411
406
367
389
435
383
293
329
243
297
281
260
105
101
100
42
25
-85
-134
-235
-168
-212
-263
-262
-253
-228
-211
-172
-196
-199
-154
-178
-72
-95
48
31
151
126
47
290
142
231
128
76
130
173
70
109
74
-16
118
67
59
40
44
26
2
-24
-51
-68
-167
-215
-317
-294
-381
-462
-476
-594
-580
-569
-532
-631
-639
-625
-628
-645
-590
-570
-550
-465
-441
-415
-334
-326
-287
-199
-269
-183
-123
-101
-55
7
83
118
120
181
237
211
296
166
219
123
69
127
0
28
-102
-93
-80
-223
-198
-246
-301
-344
-401
-378
-362
-452
-338
-428
-397
-438
-431
-413
-455
-378
-472
-385
-415
-317
-320
-262
-206
-183
-172
-92
-37
57
131
191
214
265
379
366
463
429
487
447
521
512
489
492
487
530
443
519
495
525
552
582
662
728
659
765
732
731
718
643
656
604
537
450
484
362
334
257
197
185
146
213
224
257
255
308
302
300
399
398
434
452
468
432
485
458
428
366
412
381
405
398
342
392
353
362
339
289
245
268
273
220
203
149
102
30
-49
-50
-138
-224
-311
-278
-375
-392
-441
-503
-473
-495
-465
-461
-450
-516
-542
-586
-612
-677
-657
-732
-694
-755
-719
-680
-680
-580
-666
-586
-530
-442
-463
-400
-332
-292
-272
-254
-284
-306
-315
-299
-366
-271
-325
-178
-206
-245
-153
-240
-82
-176
-128
-107
-75
-35
1
50
-17
74
-14
-1
-2
-43
38
-13
77
61
45
48
126
63
53
41
25
5
-14
4
-42
-140
-216
-224
-299
-385
-373
-509
-538
-507
-600
-561
-560
-540
-615
-505
-516
-522
-459
-496
-465
-495
-433
-421
-395
-360
-317
-290
-327
-273
-217
-321
-221
-113
-89
-9
51
84
189
190
236
276
258
283
316
411
413
534
534
550
665
698
732
652
776
741
783
876
916
957
1014
1034
1074
1155
1124
1224
1240
1142
1202
1189
1096
1118
1041
1031
991
1001
1033
1032
942
909
963
909
988
927
864
834
640
637
436
374
322
58
99
-14
-94
-90
-231
-250
-377
-361
-541
-439
-616
-627
-746
-783
-816
-873
-767
-886
-834
-976
-915
-975
-982
-917
-1033
-923
-899
-865
-827
-782
-776
-727
-718
-678
-705
-745
-652
-724
-680
-767
-701
-678
-596
-639
-556
-451
-441
-299
-249
-150
-119
-45
26
61
129
37
117
160
132
105
11
89
59
132
46
38
24
26
56
-47
40
-21
15
7
-27
27
60
-39
-76
-6
-102
-152
-135
-150
-162
-263
-217
-204
-219
-200
-209
-272
-225
-187
-273
-179
-203
-149
-144
-203
-129
-224
-222
-196
-189
-168
-233
-290
-242
-263
-235
-254
-274
-202
-220
-150
-212
-120
-146
-81
-33
-93
68
37
91
195
254
271
384
397
439
498
538
643
662
667
683
712
709
714
646
601
674
567
648
618
556
514
531
511
461
474
495
564
497
553
582
640
617
678
628
704
635
600
596
642
605
564
564
437
600
412
415
362
248
205
153
194
92
74
3
-1
-53
-122
-131
-151
-254
-181
-222
-189
-201
-232
-264
-317
-275
-282
-312
-305
-305
-308
-296
-282
-294
-274
-296
-316
-257
-275
-283
-341
-208
-378
-358
-371
-307
-240
-287
-261
-248
-155
-236
-185
-253
-308
-305
-296
-395
-387
-381
-444
-453
-468
-456
-437
-477
-510
-454
-444
-427
-377
-450
-386
-275
-314
-250
-348
-254
-260
-249
-228
-220
-181
-209
-140
-186
-9
-106
-55
8
14
-12
44
110
11
40
4
42
22
63
-81
-42
-163
-244
-151
-299
-243
-340
-297
-336
-333
-263
-386
-221
-306
-235
-231
-193
-117
-129
-54
-124
-79
-62
-37
-24
69
49
85
97
79
228
144
157
212
191
144
238
318
274
385
338
324
338
331
427
383
372
398
443
428
418
450
417
512
435
487
528
615
654
627
639
623
673
579
643
554
541
529
469
566
435
449
429
445
379
416
446
318
430
264
322
311
239
305
225
266
147
166
156
55
110
2
3
-8
24
-12
-35
-32
-80
-117
-135
-120
-121
-171
-68
-192
-211
-188
-272
-223
-307
-182
-256
-199
-241
-206
-155
-181
-151
-167
-116
-112
-20
-27
-4
-15
-46
-4
-21
-22
8
37
21
-40
28
-71
-142
-162
-183
-276
-365
-417
-462
-496
-583
-582
-693
-668
-693
-812
-789
-875
-831
-880
-872
-870
-911
-851
-824
-749
-746
-679
-721
-622
-624
-694
-557
-600
-506
-483
-430
-454
-388
-345
-291
-283
-202
-157
-54
-4
36
82
166
211
228
255
197
288
210
269
282
286
248
255
334
410
445
426
474
478
457
519
448
504
519
462
414
450
396
396
453
391
514
437
465
480
462
432
464
444
447
473
400
398
345
333
321
386
334
337
343
370
410
393
412
378
400
444
350
375
402
294
316
255
254
195
180
197
253
179
171
192
149
167
195
243
145
194
216
151
156
118
159
11
65
54
-64
21
1
-71
-28
-48
-83
-65
-99
-64
-67
-115
-206
-104
-148
-192
-227
-210
-216
-248
-174
-262
-120
-211
-153
-177
-277
-166
-252
-208
-265
-238
-253
-220
-257
-293
-245
-328
-343
-346
-449
-397
-429
-495
-435
-456
-385
-424
-383
-459
-428
-378
-484
-451
-503
-516
-521
-471
-519
-508
-465
-503
-490
-615
-559
-518
-646
-591
-618
-608
-598
-520
-490
-486
-474
-425
-389
-385
-328
-352
-311
-347
-285
-234
-228
-240
-189
-122
-117
-46
-5
39
87
105
106
166
163
271
239
361
286
362
416
371
513
394
514
510
564
561
549
659
552
667
674
761
695
690
764
778
754
771
764
751
777
719
738
690
728
685
657
648
662
597
591
577
499
425
315
305
283
203
261
182
258
122
122
174
87
57
-26
49
27
-55
-12
-59
-33
4
-6
38
-27
55
-27
30
-9
-18
49
58
70
105
191
150
219
213
165
174
123
126
102
68
-2
136
24
101
26
-2
-28
-159
-72
-167
-113
-197
-229
-258
-201
-228
-272
-240
-335
-243
-323
-315
-308
-376
-355
-408
-317
-373
-344
-324
-382
-432
-374
-388
-355
-325
-374
-345
-377
-339
-382
-416
-382
-366
-450
-484
-403
-409
-449
-463
-432
-437
-402
-448
-380
-387
-411
-308
-297
-342
-280
-232
-290
-290
-344
-282
-324
-305
-283
-221
-301
-282
-252
-201
-234
-231
-226
-243
-176
-200
-129
-202
-123
-170
-87
-40
-22
-13
-24
91
56
163
93
145
176
152
168
161
214
189
223
261
305
315
310
276
273
258
274
315
322
320
306
321
256
274
283
179
229
206
165
221
173
208
252
198
237
219
256
269
312
309
260
266
259
329
339
339
241
318
280
262
268
242
268
177
308
237
227
303
199
276
215
275
280
244
294
269
290
276
389
370
435
456
442
480
495
533
409
438
368
338
390
350
373
382
301
383
363
229
214
176
142
95
99
80
55
10
19
-36
-73
-132
-194
-215
-239
-256
-341
-259
-352
-263
-317
-351
-341
-338
-358
-436
-296
-430
-314
-424
-377
-343
-326
-372
-299
-314
-297
-296
-368
-332
-386
-380
-451
-396
-481
-517
-492
-490
-524
-547
-541
-480
-517
-461
-541
-426
-479
-465
-491
-547
-497
-539
-460
-545
-510
-496
-515
-475
-444
-425
-472
-392
-328
-303
-283
-251
-160
-161
-108
-65
-116
-58
-17
-9
69
61
149
82
171
175
254
235
227
312
212
190
139
126
75
144
31
98
49
98
104
196
127
136
210
154
223
154
252
177
231
250
274
291
326
304
311
389
299
393
264
343
379
355
377
343
377
368
358
361
410
309
293
292
265
212
227
312
259
246
287
255
323
215
243
242
231
216
245
232
265
320
246
259
267
239
183
271
197
229
198
242
223
217
239
189
268
186
197
103
136
131
119
107
69
130
27
179
19
49
-1
39
34
11
-93
-104
-32
-179
-101
-184
-176
-211
-213
-236
-292
-248
-286
-359
-409
-426
-369
-422
-455
-451
-456
-467
-486
-440
-480
-491
-438
-515
-400
-413
-414
-309
-307
-266
-297
-192
-213
-217
-214
-194
-241
-270
-228
-215
-123
-196
-145
-75
-151
-123
-116
-131
-122
-228
-202
-204
-164
-264
-230
-175
-160
-138
-126
-99
-76
4
-22
-13
-7
38
-11
33
58
93
88
69
32
-2
-38
-47
18
-37
13
60
31
114
93
165
90
90
61
18
34
48
106
-12
80
17
125
91
46
124
65
120
56
165
36
107
112
122
204
172
230
222
294
232
343
307
317
300
377
337
418
377
352
366
349
383
353
381
364
408
417
447
492
365
407
383
380
381
409
432
324
372
243
270
265
147
215
114
243
149
183
193
141
170
83
156
63
112
20
99
51
-29
-50
-1
-28
-84
-75
-103
-109
-95
-78
-166
-182
-233
-233
-276
-270
-334
-281
-323
-310
-276
-342
-218
-281
-283
-295
-384
-355
-413
-470
-427
-394
-425
-390
-344
-413
-388
-412
-347
-360
-427
-369
-405
-400
-424
-365
-467
-444
-423
-488
-398
-385
-356
-343
-358
-289
-283
-236
-224
-212
-198
-245
-104
-152
-134
-162
-207
-99
-98
-134
-69
-70
-39
-19
12
33
13
54
6
64
55
60
-7
27
63
20
95
37
45
14
71
-24
14
-37
11
65
15
149
4
95
33
-6
90
73
114
54
158
124
134
163
130
154
93
130
119
144
221
280
290
355
407
339
355
314
352
296
351
303
342
358
298
371
410
403
418
447
409
425
445
480
396
412
430
482
502
454
426
438
409
474
414
421
443
456
452
364
367
395
297
276
219
235
322
240
324
329
296
219
218
147
119
109
27
40
-22
-78
-56
-155
-123
-190
-234
-263
-252
-251
-305
-286
-306
-312
-307
-267
-345
-269
-284
-314
-258
-292
-291
-351
-315
-357
-246
-386
-290
-311
-335
-271
-310
-264
-373
-331
-338
-310
-317
-318
-259
-357
-269
-305
-291
-322
-370
-345
-339
-312
-359
-414
-470
-429
-409
-486
-527
-460
-542
-493
-481
-489
-459
-510
-388
-457
-357
-398
-408
-317
-400
-412
-341
-358
-370
-326
-343
-259
-261
-249
-340
-216
-221
-149
-144
-127
-26
-16
18
3
64
4
7
50
52
138
83
202
121
177
225
236
239
168
221
182
287
218
326
310
289
420
339
373
404
464
404
442
460
454
509
446
490
465
496
459
507
486
472
472
447
526
492
510
609
556
425
510
475
448
366
415
488
449
499
465
506
514
492
474
409
420
403
353
380
365
401
387
410
388
454
421
391
401
350
323
295
302
241
282
186
191
186
210
213
95
168
98
73
9
59
12
-36
-98
-93
-56
-224
-64
-253
-226
-215
-301
-278
-298
-350
-371
-410
-446
-317
-401
-330
-314
-345
-303
-374
-448
-432
-478
-544
-527
-572
-599
-594
-603
-637
-559
-609
-627
-512
-521
-515
-495
-507
-450
-456
-537
-494
-468
-469
-464
-516
-506
-493
-558
-479
-565
-512
-477
-526
-493
-490
-395
-438
-427
-340
-368
-231
-274
-245
-238
-223
-143
-188
-88
-150
-153
-99
-64
-37
-101
-84
-1
-78
30
-3
-21
101
26
104
112
80
99
108
102
181
173
77
190
165
269
253
174
218
212
257
210
254
190
326
282
293
290
297
309
239
343
302
364
373
381
436
382
365
358
379
424
472
497
500
573
555
509
595
477
558
406
477
508
373
465
356
463
381
394
298
331
296
307
308
242
322
237
244
191
282
170
176
148
33
159
-19
98
57
67
77
58
76
94
126
60
75
68
91
4
112
20
86
57
8
139
67
154
117
149
143
96
123
105
33
15
-89
-22
-72
-68
-73
-64
-57
-47
-45
-77
-145
-195
-198
-205
-228
-250
-196
-255
-283
-216
-398
-334
-396
-379
-437
-415
-391
-471
-341
-473
-388
-513
-495
-494
-537
-524
-492
-548
-565
-544
-655
-605
-563
-600
-502
-499
-509
-439
-464
-544
-597
-547
-615
-587
-558
-683
-552
-554
-593
-529
-542
-489
-459
-460
-389
-316
-331
-331
-236
-248
-155
-137
-32
-14
26
81
119
126
20
154
96
204
200
274
264
299
293
340
325
280
348
441
390
377
420
371
401
293
340
319
283
237
302
263
238
283
246
263
252
192
217
280
203
321
285
302
315
250
345
333
239
382
328
308
242
322
334
318
436
357
408
433
435
471
464
402
414
349
367
364
292
284
251
243
256
292
405
299
310
347
370
397
290
349
352
317
303
280
272
214
156
130
98
88
19
33
132
-16
51
5
10
53
33
37
55
16
-99
18
-94
-123
-137
-123
-197
-251
-183
-249
-256
-288
-335
-304
-381
-329
-294
-322
-323
-374
-322
-397
-378
-408
-410
-334
-419
-408
-383
-375
-383
-401
-471
-488
-443
-471
-494
-462
-527
-473
-441
-410
-393
-332
-356
-396
-336
-414
-370
-446
-446
-464
-448
-335
-383
-337
-444
-274
-284
-241
-228
-269
-182
-209
-136
-192
-147
-175
-149
-115
-54
-132
-129
-83
-93
3
-43
28
35
65
112
96
118
126
101
187
109
162
134
177
123
139
174
106
71
116
170
158
172
168
270
260
272
367
372
326
378
352
366
433
424
471
483
515
482
499
459
412
475
399
341
330
410
317
326
452
318
408
338
449
417
473
458
396
417
331
397
290
328
195
337
216
158
281
256
262
282
265
332
243
260
212
198
115
80
64
30
151
-3
50
1
-76
-38
-22
-39
-96
-85
-42
-36
-30
-77
-72
-69
-151
-92
-127
-137
-110
-177
-237
-244
-294
-219
-251
-214
-240
-250
-196
-304
-155
-340
-160
-289
-345
-307
-368
-285
-354
-326
-411
-342
-424
-289
-336
-358
-412
-477
-384
-441
-404
-427
-371
-491
-445
-371
-433
-453
-439
-437
-484
-440
-427
-429
-444
-441
-482
-422
-383
-366
-356
-360
-277
-225
-189
-182
-238
-267
-236
-231
-303
-249
-230
-183
-186
-179
-177
-222
-110
-189
-109
-101
-77
-116
2
6
-26
84
47
152
142
146
209
249
232
319
299
263
347
338
324
338
372
385
374
459
461
404
466
477
465
496
469
390
424
430
359
455
379
435
490
431
507
526
559
474
520
476
514
431
475
453
440
343
336
385
351
392
327
351
354
406
369
396
310
325
274
255
258
193
292
222
272
225
256
247
283
165
175
243
132
264
157
212
80
58
108
72
101
26
66
-7
60
12
-49
-79
-101
-95
-190
-132
-142
-175
-157
-151
-205
-272
-286
-261
-316
-315
-324
-370
-421
-389
-458
-417
-420
-487
-509
-524
-575
-547
-511
-493
-520
-543
-519
-504
-476
-400
-420
-451
-426
-400
-340
-404
-427
-375
-433
-379
-435
-421
-356
-373
-329
-337
-325
-265
-214
-206
-170
-152
-201
-140
-188
-131
-137
-162
-165
-156
-178
-226
-161
-191
-213
-222
-228
-167
-204
-233
-201
-164
-223
-196
-189
-159
-146
-123
-83
-106
-148
-47
-75
-82
-108
-85
-24
-93
63
152
104
199
181
224
249
265
271
286
283
297
464
330
485
425
482
423
466
506
375
525
434
410
451
419
487
506
528
541
497
562
565
605
532
500
502
479
392
380
467
383
443
345
456
356
402
379
379
377
259
394
243
319
289
235
229
145
177
141
152
94
189
145
114
246
210
260
330
343
331
404
375
372
283
222
136
124
129
77
93
98
69
134
127
66
69
69
36
166
62
71
138
-4
39
22
-122
-119
-70
-120
-153
-228
-277
-366
-387
-484
-464
-450
-457
-436
-489
-476
-420
-441
-447
-471
-473
-610
-529
-583
-588
-508
-546
-530
-464
-466
-522
-466
-518
-458
-515
-439
-494
-437
-450
-433
-417
-445
-374
-426
-432
-440
-468
-467
-490
-519
-501
-545
-501
-499
-451
-529
-395
-406
-371
-377
-375
-345
-343
-247
-263
-201
-260
-258
-232
-249
-228
-195
-201
-128
-88
12
47
84
143
80
143
52
91
104
137
142
107
123
113
199
215
264
202
240
240
297
283
306
355
304
328
296
348
287
322
213
216
246
284
280
284
379
377
538
434
529
471
446
454
379
356
288
279
258
253
238
186
247
303
360
476
397
545
555
513
492
424
463
457
404
413
381
460
370
469
429
409
342
295
399
249
317
299
270
336
351
279
305
298
294
148
69
43
13
7
-127
-35
-32
-58
-13
5
-50
15
0
32
44
-28
87
28
109
88
55
84
40
106
15
34
-90
-10
-86
-90
-56
-182
-100
-190
-192
-269
-296
-330
-370
-338
-374
-289
-437
-263
-395
-346
-365
-453
-381
-462
-446
-514
-411
-498
-549
-562
-505
-544
-524
-508
-519
-491
-501
-514
-418
-511
-511
-611
-540
-568
-510
-565
-538
-530
-533
-505
-512
-477
-472
-434
-444
-390
-426
-342
-335
-390
-360
-284
-338
-224
-243
-139
-194
-159
-181
-189
-80
-236
-82
-101
-45
5
-24
71
72
147
74
76
106
112
147
220
225
292
266
356
362
446
432
455
488
491
478
458
537
512
505
507
541
585
622
612
681
634
700
582
534
512
426
424
283
246
260
229
259
325
281
309
363
422
454
499
596
519
595
556
552
506
385
371
289
294
265
260
163
226
213
158
196
166
230
112
205
188
153
116
133
105
85
156
89
65
76
35
87
-27
9
15
-61
-41
-3
-74
-8
-97
-66
-30
-199
-117
-166
-130
-242
-210
-305
-338
-330
-366
-336
-362
-378
-450
-448
-470
-508
-579
-601
-632
-650
-632
-606
-601
-578
-612
-621
-580
-527
-553
-505
-425
-419
-406
-366
-390
-359
-359
-363
-321
-322
-362
-327
-301
-302
-267
-267
-223
-234
-266
-241
-187
-215
-233
-256
-260
-273
-241
-219
-147
-135
-56
15
-42
-17
-16
-7
-10
10
119
87
153
154
221
189
98
168
192
154
188
277
226
266
295
351
384
316
293
311
343
340
342
365
344
279
271
283
229
231
229
192
240
212
313
277
307
261
260
237
206
260
205
201
260
265
198
247
170
246
182
205
184
177
228
180
288
265
246
218
231
214
175
224
180
210
162
227
237
271
174
211
217
217
206
230
212
157
170
94
208
91
130
41
113
79
-30
3
-49
-61
-198
-108
-75
-83
-76
-90
-62
-42
-90
-56
-87
-53
-10
-90
-83
-163
-143
-224
-261
-259
-337
-322
-302
-315
-281
-306
-340
-343
-328
-371
-372
-378
-345
-369
-317
-323
-286
-260
-343
-254
-364
-360
-352
-395
-351
-352
-301
-374
-269
-334
-239
-234
-273
-221
-315
-240
-302
-219
-286
-268
-285
-222
-230
-131
-210
-192
-56
-201
-123
-194
-139
-179
-165
-161
-191
-87
-162
-57
-83
-31
-2
-14
28
-51
-19
-23
30
-25
3
50
128
134
136
251
253
231
262
139
232
237
231
254
145
209
168
189
112
182
147
136
310
219
260
223
276
210
280
254
193
292
212
363
248
347
336
274
319
284
356
340
381
373
332
365
347
350
369
297
242
292
253
252
288
213
253
196
231
177
211
214
198
154
150
172
138
146
102
166
91
47
205
129
49
116
58
99
2
86
56
44
1
16
20
-67
39
-39
25
12
-3
-3
-46
-83
-95
-70
-164
-107
-175
-122
-189
-169
-171
-216
-141
-209
-74
-174
-86
-127
-154
-171
-162
-122
-132
-97
-107
-154
-199
-162
-73
-233
-140
-188
-232
-228
-292
-263
-297
-287
-346
-222
-286
-256
-322
-269
-246
-312
-349
-327
-374
-335
-346
-399
-403
-409
-334
-433
-322
-296
-305
-351
-281
-304
-356
-317
-382
-251
-284
-266
-240
-242
-246
-220
-204
-182
-247
-255
-192
-166
-95
-216
-176
-196
-60
-79
-28
-32
-107
35
-40
-18
-18
24
-41
26
55
44
60
27
30
86
111
109
205
138
81
140
84
154
184
155
171
224
255
200
218
266
198
236
210
222
278
336
385
435
361
442
433
451
463
449
442
424
391
425
478
391
357
419
419
391
391
321
446
323
384
507
414
468
457
479
441
407
479
370
475
358
341
466
357
464
296
379
357
373
269
371
322
309
305
270
302
259
325
188
349
254
142
199
114
132
171
80
63
47
32
-65
29
-146
-53
-184
-175
-109
-236
-114
-233
-231
-336
-262
-415
-391
-438
-503
-403
-459
-383
-386
-432
-400
-402
-491
-393
-514
-552
-579
-534
-577
-532
-541
-543
-520
-586
-530
-534
-498
-528
-472
-480
-524
-443
-460
-442
-459
-409
-366
-448
-385
-439
-441
-363
-425
-444
-461
-408
-349
-274
-353
-377
-273
-336
-330
-334
-338
-352
-275
-253
-268
-277
-199
-206
-158
-184
-155
-83
-126
-103
-160
-117
-100
-61
13
63
43
83
126
168
190
236
222
221
223
250
324
310
294
413
308
363
337
443
362
415
469
317
409
384
482
431
514
452
476
451
443
470
380
457
376
370
444
392
369
441
372
492
394
418
472
406
450
403
390
294
338
345
308
310
320
263
232
260
240
316
254
262
325
315
299
259
327
332
319
269
258
269
249
253
228
210
190
74
86
32
36
13
-8
47
37
39
-28
-3
10
-60
-64
-71
-99
-141
-163
-174
-268
-166
-252
-276
-238
-225
-149
-222
-225
-250
-251
-344
-402
-366
-453
-440
-499
-437
-438
-433
-542
-501
-481
-476
-439
-488
-438
-495
-475
-406
-452
-455
-426
-483
-412
-439
-450
-413
-410
-405
-416
-376
-317
-314
-351
-270
-271
-218
-257
-206
-135
-138
-159
-117
-135
-179
-118
-169
-91
-169
-128
-48
-115
-95
-100
-115
-84
-141
-90
