
-438
-382
-476
-479
-559
-527
-596
-613
-522
-482
-421
-461
-322
-287
-237
-281
-270
-214
-386
-361
-423
-434
-489
-413
-461
-395
-251
-344
-222
-217
-178
-188
-247
-272
-274
-270
-286
-395
-277
-361
-359
-221
-279
-339
-343
-332
-337
-322
-376
-317
-321
-255
-276
-241
-202
-159
-168
-159
-148
-99
-30
-120
-92
-92
-96
-109
-135
-121
-118
-42
-48
21
89
72
165
66
217
149
178
229
179
226
258
278
204
340
320
427
377
425
389
486
418
493
557
541
571
540
633
535
608
543
518
495
498
557
435
525
419
356
421
313
378
213
242
282
233
280
248
230
240
275
210
274
287
279
349
283
273
300
293
231
250
163
209
164
257
201
156
176
132
140
75
145
141
101
150
150
46
89
13
54
-30
-92
-74
-150
-187
-193
-178
-201
-216
-175
-94
-200
-159
-127
-273
-92
-242
-194
-291
-249
-271
-321
-262
-399
-246
-399
-343
-289
-316
-276
-325
-323
-257
-297
-260
-260
-351
-357
-384
-411
-421
-397
-481
-545
-473
-473
-410
-537
-507
-431
-407
-469
-389
-325
-304
-277
-355
-261
-298
-305
-335
-341
-350
-312
-325
-379
-281
-293
-337
-219
-274
-142
-156
-119
-59
-111
-67
-105
5
-36
10
-16
20
42
95
158
119
101
99
208
140
115
134
148
154
146
125
178
209
198
123
157
161
144
210
123
133
143
132
148
193
150
162
173
192
270
258
149
232
217
239
195
250
194
227
291
309
343
337
348
377
461
481
533
436
434
404
457
387
419
351
322
360
361
425
378
375
409
417
447
447
369
443
375
350
352
318
327
356
290
247
346
203
243
242
149
146
113
8
92
108
-9
61
4
38
10
22
8
-46
-35
-57
-128
-123
-96
-134
-80
-121
-160
-179
-81
-231
-154
-202
-194
-235
-207
-174
-174
-193
-220
-177
-239
-228
-282
-208
-214
-167
-200
-149
-220
-174
-231
-230
-296
-266
-326
-288
-295
-349
-307
-378
-296
-324
-356
-447
-454
-372
-466
-439
-524
-537
-525
-647
-566
-629
-512
-576
-554
-529
-567
-515
-537
-481
-582
-474
-510
-459
-456
-442
-391
-366
-232
-283
-172
-270
-234
-135
-160
-94
-108
-59
32
55
145
123
60
167
183
76
208
128
157
201
124
201
157
177
125
175
190
128
136
160
204
223
172
192
275
232
252
259
223
175
194
175
146
166
217
150
211
253
221
208
296
273
276
359
361
433
475
415
439
445
450
473
478
527
482
548
574
476
506
495
438
504
470
439
538
425
386
455
430
451
433
449
442
409
412
376
398
379
343
322
368
299
307
305
241
228
167
151
132
122
110
134
64
54
85
-11
-40
-95
-112
-135
-127
-237
-92
-147
-110
-147
-133
-57
-75
-20
-110
-60
-41
-91
-133
-159
-120
-232
-213
-314
-269
-371
-400
-427
-530
-430
-519
-510
-556
-466
-453
-469
-525
-521
-522
-573
-550
-564
-447
-540
-575
-482
-587
-479
-554
-547
-532
-551
-496
-570
-503
-467
-487
-423
-326
-379
-395
-342
-199
-192
-277
-162
-262
-195
-127
-185
-149
-217
-193
-240
-202
-240
-202
-229
-229
-208
-248
-183
-259
-178
-156
-131
-231
-143
-152
-177
-118
-200
-124
-159
-95
-45
-23
-59
45
4
41
43
58
129
124
160
146
156
183
208
210
208
273
272
344
329
315
384
427
454
489
511
553
490
510
574
532
448
464
433
488
408
320
394
355
303
352
410
414
438
512
518
518
529
544
534
531
550
579
530
634
591
592
632
571
604
552
570
535
523
518
385
448
406
293
303
274
242
148
161
177
148
145
33
117
51
-10
40
-17
-45
-59
-77
7
-112
-31
-127
-83
-132
-158
-166
-201
-222
-314
-270
-341
-318
-349
-358
-355
-418
-402
-274
-464
-413
-361
-437
-409
-373
-399
-434
-442
-423
-364
-421
-406
-421
-482
-420
-373
-412
-329
-395
-346
-324
-336
-298
-336
-299
-279
-279
-303
-280
-273
-333
-299
-265
-345
-343
-401
-403
-433
-449
-434
-448
-391
-383
-345
-305
-285
-277
-272
-345
-361
-327
-338
-298
-329
-318
-251
-297
-274
-322
-182
-218
-176
-125
-112
-38
11
85
132
174
114
257
211
297
216
297
266
238
294
268
357
283
344
295
354
380
434
379
386
429
422
335
389
360
358
311
320
304
325
318
349
417
342
424
314
445
323
379
302
279
391
283
353
268
255
283
268
339
270
274
241
240
236
210
156
175
221
288
219
352
250
250
202
146
217
76
108
139
236
163
221
141
181
156
155
169
226
312
151
259
198
171
126
73
116
-33
25
-6
-60
-5
-4
-53
-76
7
-84
-133
-107
-164
-159
-256
-207
-311
-230
-252
-293
-217
-337
-326
-335
-434
-345
-354
-362
-388
-320
-251
-379
-310
-376
-420
-347
-406
-419
-419
-417
-471
-483
-422
-482
-482
-512
-520
-514
-455
-468
-507
-462
-455
-437
-451
-401
-406
-373
-409
-402
-286
-353
-354
-356
-368
-451
-368
-383
-365
-307
-256
-180
-116
-135
-97
86
-55
13
-4
7
22
31
50
49
62
68
133
176
147
180
192
144
120
145
181
147
183
153
194
198
208
240
268
232
265
223
239
236
169
239
232
177
261
172
258
297
439
321
260
355
435
499
331
379
373
400
490
475
429
371
333
359
402
423
344
445
527
348
450
331
360
303
269
353
347
395
312
337
364
327
388
262
278
181
217
119
176
146
95
205
126
205
147
163
132
156
205
185
131
197
183
122
181
154
84
162
86
112
79
74
76
26
4
-64
17
-57
-130
-145
-108
-151
-169
-228
-239
-268
-298
-269
-378
-409
-492
-398
-484
-511
-523
-462
-433
-536
-423
-489
-437
-485
-458
-422
-527
-447
-511
-499
-464
-459
-445
-400
-454
-425
-409
-495
-392
-555
-494
-447
-387
-386
-383
-349
-406
-314
-418
-292
-392
-353
-305
-361
-330
-233
-267
-266
-265
-317
-234
-243
-270
-245
-175
-158
-91
-20
-9
-37
-33
3
38
26
68
66
53
17
55
103
20
25
58
18
103
84
152
194
224
230
161
204
133
209
205
285
200
256
307
343
323
314
408
409
463
336
433
287
391
360
352
375
310
397
438
379
378
415
383
376
388
399
396
431
488
544
526
511
505
478
487
461
472
457
393
403
415
405
407
310
308
376
247
374
339
275
351
274
380
353
349
405
424
367
379
334
348
233
210
87
28
-16
-94
-171
-161
-190
-214
-179
-197
-138
-214
-212
-163
-133
-200
-187
-200
-225
-222
-249
-276
-273
-323
-347
-343
-345
-400
-371
-375
-341
-438
-393
-404
-421
-451
-470
-386
-544
-456
-472
-487
-457
-502
-425
-479
-317
-316
-353
-225
-258
-302
-278
-264
-266
-264
-239
-210
-198
-133
-88
-136
-22
-82
-50
-57
-182
-116
-212
-264
-168
-149
-228
-185
-234
-254
-343
-421
-428
-476
-501
-538
-591
-535
-570
-542
-488
-418
-432
-392
-319
-314
-244
-343
-223
-274
-257
-243
-223
-75
-132
-14
-39
141
64
196
142
174
210
141
232
172
199
209
240
257
233
296
306
339
422
401
461
332
417
395
403
405
435
383
413
449
453
415
473
465
525
618
619
716
582
666
701
657
623
546
537
486
511
482
573
486
552
630
517
591
486
597
517
536
475
477
444
415
374
257
242
180
217
126
65
56
-42
-47
30
-79
-157
-94
-134
-105
-178
-194
-135
-201
-155
-266
-138
-177
-185
-195
-137
-161
-311
-104
-195
-178
-162
-177
-99
-163
-108
-118
-191
-163
-171
-83
-216
-132
-113
-131
-95
-185
-174
-244
-305
-368
-287
-408
-369
-427
-461
-396
-473
-455
-439
-462
-481
-441
-429
-443
-461
-488
-413
-549
-435
-467
-471
-429
-409
-400
-459
-330
-476
-336
-380
-406
-370
-396
-345
-359
-354
-386
-421
-356
-341
-264
-274
-280
-192
-166
-168
-143
-66
-156
-65
-140
-18
-52
-76
-25
-49
-39
-39
7
-22
28
-30
80
95
30
111
69
69
114
232
171
254
235
187
337
320
275
269
227
221
220
278
231
314
350
357
410
402
500
455
438
380
508
500
451
550
574
553
559
570
610
547
577
507
617
561
528
609
517
582
445
496
439
448
476
458
491
396
388
312
324
259
292
217
209
235
236
297
203
286
174
156
182
133
22
63
-4
-69
-38
-90
-10
-29
9
-52
18
-62
4
-95
-141
-174
-171
-67
-53
-35
-86
35
-4
-79
-87
-129
-141
-245
-176
-248
-252
-211
-237
-243
-371
-269
-280
-307
-332
-368
-388
-375
-411
-425
-453
-438
-326
-445
-449
-458
-427
-398
-465
-471
-497
-419
-442
-437
-486
-465
-445
-450
-385
-443
-367
-397
-317
-354
-319
-255
-369
-249
-391
-266
-343
-329
-307
-317
-254
-320
-203
-262
-222
-221
-167
-157
-213
-147
-163
-140
-156
-175
-144
-68
-60
-84
0
-58
-6
24
-18
35
43
126
37
102
135
67
110
16
15
86
36
35
139
64
148
59
108
64
118
100
45
79
173
256
241
323
349
401
357
446
347
479
377
413
406
473
431
362
444
294
303
284
305
277
238
348
391
391
410
350
398
384
381
326
423
377
382
447
455
473
441
434
384
504
380
404
473
347
370
420
389
284
438
353
351
377
279
329
238
209
128
110
108
88
156
66
111
90
96
30
102
41
45
23
-32
-57
-114
-148
-222
-246
-300
-250
-227
-311
-246
-264
-250
-198
-302
-300
-290
-288
-345
-320
-351
-332
-351
-399
-310
-362
-349
-415
-366
-369
-405
-365
-504
-366
-374
-433
-304
-357
-305
-304
-369
-320
-366
-360
-403
-444
-433
-462
-387
-474
-432
-463
-444
-426
-381
-320
-364
-239
-389
-295
-292
-320
-343
-380
-277
-280
-220
-201
-111
-178
-172
-184
-195
-171
-192
-158
-139
-106
-98
-51
-74
-64
4
-19
38
-25
-17
34
-30
26
-27
-1
26
-4
85
75
123
97
153
205
181
271
357
352
355
444
382
387
444
530
496
511
523
537
626
536
606
569
499
541
489
471
427
440
444
404
374
385
376
349
348
425
371
279
347
286
284
316
337
284
265
303
292
339
219
352
291
260
389
261
383
228
204
198
244
197
172
259
131
203
198
166
259
116
154
169
173
203
164
54
75
35
-46
25
-58
-71
-71
-83
-139
-162
-187
-253
-229
-296
-340
-382
-360
-331
-374
-292
-353
-335
-206
-382
-279
-328
-356
-328
-425
-430
-474
-391
-524
-356
-453
-370
-274
-292
-183
-308
-256
-323
-222
-422
-411
-450
-483
-432
-448
-408
-418
-427
-320
-282
-313
-316
-365
-314
-332
-416
-389
-291
-343
-325
-265
-259
-264
-198
-270
-223
-180
-241
-133
-174
-73
-99
-110
-59
-52
-25
-71
-83
-106
-91
-86
-144
-73
-66
-86
-92
-19
-100
-41
-32
-125
-48
-35
19
-4
131
111
131
119
192
200
127
175
189
225
197
265
270
159
219
226
224
250
311
398
398
382
399
424
428
427
439
431
471
464
454
508
444
497
477
392
432
451
476
415
479
383
414
406
363
448
373
445
458
378
377
246
242
179
180
201
92
252
171
140
135
88
94
29
-13
-44
-30
-121
-8
-64
-101
-53
-77
-87
-43
16
-80
-18
-109
-11
-30
37
-1
-19
-8
-57
24
-44
-1
-86
-9
-57
-175
-146
-204
-150
-211
-194
-187
-264
-146
-239
-254
-213
-260
-298
-270
-318
-324
-336
-406
-331
-362
-366
-338
-370
-349
-379
-356
-411
-310
-363
-361
-318
-314
-355
-386
-262
-355
-288
-365
-364
-262
-274
-222
-183
-183
-209
-250
-279
-300
-244
-342
-338
-308
-267
-246
-235
-230
-273
-271
-278
-241
-283
-225
-251
-150
-321
-212
-186
-305
-179
-182
-125
-190
-80
-74
-156
-87
16
-104
-49
-68
77
73
5
51
-28
63
18
76
78
201
183
174
144
187
285
233
298
275
325
366
345
361
279
303
300
290
376
395
502
383
437
419
438
450
380
415
416
377
366
529
522
514
567
557
606
599
565
581
557
559
533
500
531
476
483
420
444
437
315
373
373
324
265
247
241
199
106
180
159
108
110
106
18
34
-68
30
4
-62
23
15
121
22
14
-76
-91
-148
-140
-245
-243
-216
-143
-223
-171
-238
-241
-188
-202
-237
-260
-219
-246
-201
-284
-288
-177
-314
-291
-298
-297
-327
-349
-432
-474
-448
-479
-446
-549
-555
-534
-562
-526
-449
-449
-414
-376
-336
-398
-367
-574
-438
-504
-509
-489
-394
-378
-393
-362
-424
-431
-448
-403
-404
-348
-413
-300
-349
-316
-342
-284
-342
-254
-302
-250
-291
-246
-282
-390
-351
-428
-362
-400
-370
-319
-230
-302
-185
-169
-171
-102
-30
7
120
39
74
233
178
165
184
299
234
270
311
295
339
312
229
395
281
241
277
266
312
326
362
316
480
467
530
494
547
644
555
629
579
640
634
642
657
636
646
559
616
575
621
568
522
551
467
536
517
498
519
451
467
491
439
437
465
478
459
493
464
521
484
429
390
368
318
273
223
170
168
89
156
83
70
60
140
26
72
45
-17
-20
-37
6
-107
-137
-121
-71
-244
-196
-232
-307
-301
-365
-296
-278
-330
-291
-231
-272
-261
-285
-273
-376
-331
-400
-398
-347
-405
-379
-410
-403
-412
-347
-360
-357
-405
-330
-336
-374
-356
-375
-351
-408
-310
-355
-269
-328
-345
-331
-338
-231
-380
-227
-411
-297
-249
-279
-338
-363
-247
-402
-303
-330
-379
-376
-344
-341
-344
-259
-354
-277
-274
-347
-287
-355
-340
-426
-386
-362
-323
-295
-292
-237
-233
-185
-144
-165
-152
-110
-141
-114
-39
-124
-149
-104
-101
-106
-92
-73
-40
-48
-37
-10
56
-33
115
107
152
232
148
218
215
228
224
268
205
287
223
192
307
302
393
338
409
446
441
452
449
505
453
453
538
531
530
605
558
585
575
567
592
443
498
463
407
391
376
459
401
413
455
383
404
383
449
415
381
376
333
380
251
255
269
143
221
156
202
232
231
238
213
217
247
156
68
206
22
89
38
16
81
54
87
91
21
-1
23
-12
-33
21
-41
-107
4
-52
7
-7
-51
-110
-133
-160
-175
-65
-171
-213
-241
-183
-257
-256
-294
-252
-265
-392
-279
-321
-339
-320
-367
-345
-392
-468
-388
-450
-432
-514
-442
-508
-429
-474
-446
-331
-414
-408
-394
-390
-407
-432
-362
-364
-370
-367
-387
-423
-395
-434
-452
-421
-479
-414
-434
-429
-328
-411
-324
-306
-284
-311
-249
-274
-234
-241
-262
-232
-215
-161
-195
-177
-190
-146
-18
-25
12
90
-54
129
41
100
59
38
113
8
122
107
145
129
67
171
128
155
216
254
234
272
280
232
370
273
268
278
322
366
370
280
306
374
293
275
275
391
284
386
365
385
411
386
472
402
473
449
535
518
496
540
528
524
507
454
500
480
446
490
521
580
539
575
549
521
497
429
545
352
404
325
255
273
163
166
94
167
98
253
193
209
190
215
157
60
9
24
26
-40
25
-38
65
-27
-83
-10
6
-157
-98
-178
-122
-174
-144
-156
-125
-35
-141
-62
-129
-150
-198
-225
-339
-206
-282
-345
-349
-343
-297
-338
-378
-364
-372
-361
-415
-372
-407
-427
-400
-440
-540
-389
-558
-449
-450
-622
-465
-599
-542
-537
-564
-630
-551
-606
-540
-546
-589
-539
-565
-541
-529
-544
-511
-511
-482
-522
-422
-429
-391
-282
-398
-243
-310
-314
-294
-215
-233
-118
-147
-234
-28
-58
15
-79
-38
32
40
112
88
147
139
69
213
98
185
139
145
264
233
265
249
310
319
335
259
329
298
309
287
290
332
306
224
311
229
196
269
270
269
270
311
225
306
312
304
321
318
304
370
380
400
387
369
406
434
411
409
432
469
377
455
433
433
423
441
471
546
511
518
586
489
620
525
621
565
565
460
418
493
288
389
279
308
249
182
220
161
142
146
197
121
148
72
125
109
19
93
19
-16
25
-106
1
-101
-153
-114
-113
-202
-129
-144
-218
-150
-190
-153
-263
-290
-228
-246
-309
-299
-240
-257
-283
-296
-284
-263
-341
-292
-398
-375
-470
-491
-459
-502
-434
-483
-394
-519
-424
-506
-506
-625
-648
-538
-648
-495
-672
-464
-589
-529
-445
-529
-392
-500
-388
-452
-392
-437
-414
-419
-387
-346
-316
-256
-251
-235
-299
-269
-298
-347
-310
-351
-339
-330
-228
-182
-141
-98
-80
-29
-118
-63
-63
-70
-31
-126
-146
-72
-163
-34
-45
-69
-26
-68
-26
84
135
112
118
198
198
150
259
270
261
340
270
396
361
407
382
449
443
372
449
420
461
437
495
487
428
416
443
489
471
510
469
489
451
392
408
403
390
294
387
251
384
311
323
359
363
379
358
390
396
404
431
418
413
391
347
426
464
424
511
513
456
427
434
377
312
322
248
267
160
201
186
159
114
122
109
91
39
32
-34
-94
-52
-122
-107
-12
-77
-56
89
-13
-76
-80
-95
-155
-148
-219
-197
-244
-274
-247
-277
-328
-192
-297
-208
-270
-162
-166
-252
-138
-169
-200
-183
-178
-234
-167
-314
-358
-362
-389
-352
-332
-406
-370
-432
-388
-377
-406
-359
-472
-345
-421
-395
-360
-446
-384
-434
-466
-418
-393
-520
-417
-441
-550
-639
-584
-588
-629
-610
-600
-425
-466
-414
-361
-338
-370
-401
-278
-340
-315
-298
-253
-308
-163
-221
-191
-110
-214
-74
-158
-43
-123
-132
-171
-127
-64
-13
12
10
60
124
145
181
123
204
166
174
209
177
313
250
313
377
404
455
457
461
426
414
452
377
491
433
427
440
468
493
421
483
465
534
405
465
486
518
539
505
565
485
479
447
556
432
382
440
384
336
318
343
367
279
269
307
252
225
273
324
309
315
294
274
377
279
342
402
326
254
248
248
116
170
159
90
121
103
114
165
209
133
141
140
131
79
90
9
29
62
60
78
24
12
-40
-55
-101
-230
-304
-382
-449
-544
-521
-557
-561
-491
-588
-424
-498
-377
-284
-302
-332
-370
-366
-412
-372
-376
-386
-371
-375
-340
-308
-333
-310
-329
-364
-470
-368
-474
-511
-413
-471
-455
-403
-365
-409
-418
-420
-386
-540
-465
-439
-496
-442
-444
-478
-443
-475
-485
-529
-440
-445
-378
-446
-474
-352
-444
-318
-424
-361
-318
-304
-234
-284
-219
-232
-178
-202
-200
-111
-173
-102
-168
-100
-99
-130
-78
-55
79
84
221
247
387
410
396
467
461
550
496
598
596
529
609
561
604
589
543
577
577
534
537
520
452
543
481
520
538
477
487
485
401
426
385
367
378
245
378
318
297
313
319
370
411
353
334
379
314
401
289
290
236
166
171
202
132
77
190
187
227
334
351
359
322
324
356
305
190
178
70
77
26
-36
43
-65
-58
-41
16
-53
-16
-49
12
3
-4
54
7
-30
-96
18
-113
-99
-141
-221
-167
-123
-196
-171
-166
-169
-138
-208
-167
-151
-179
-179
-190
-189
-162
-265
-243
-325
-289
-424
-511
-427
-575
-578
-581
-587
-590
-629
-653
-581
-555
-603
-623
-555
-725
-610
-624
-603
-569
-544
-542
-424
-472
-413
-343
-370
-361
-413
-342
-369
-279
-387
-245
-262
-214
-190
-135
-101
-65
-34
-62
-66
-18
15
63
48
3
34
23
44
-35
-32
17
30
-5
74
-48
24
66
85
155
88
115
142
236
176
224
231
237
269
339
355
394
411
418
376
348
387
315
334
329
303
351
276
312
335
340
318
273
361
307
391
398
336
377
373
381
390
369
354
384
392
394
408
403
340
407
420
337
418
465
416
452
387
409
441
371
387
401
350
254
327
328
355
358
287
315
265
238
243
201
75
80
83
33
3
43
-9
-57
0
-1
60
52
32
-4
13
31
-12
87
1
-42
-21
-77
-79
-94
-150
-255
-264
-294
-337
-297
-352
-335
-376
-328
-378
-381
-461
-520
-418
-483
-476
-540
-456
-522
-480
-475
-592
-625
-718
-522
-569
-562
-513
-533
-509
-470
-495
-392
-406
-481
-411
-369
-408
-358
-367
-327
-324
-304
-276
-223
-274
-329
-258
-312
-214
-201
-126
-248
-309
-270
-214
-254
-285
-155
-257
-142
-121
-181
-162
-90
-102
-72
-27
-24
39
10
47
79
39
40
-29
-8
28
56
89
122
102
135
249
136
223
258
279
216
314
167
272
373
357
401
419
437
393
468
425
411
419
464
365
482
440
428
438
331
399
327
433
313
464
342
347
393
399
394
332
386
302
349
422
391
331
435
277
326
320
316
300
234
239
270
203
292
262
191
294
126
294
207
229
195
247
195
197
249
205
218
150
172
120
77
31
32
-14
4
3
-29
47
2
-33
-37
-83
-65
-47
-157
-167
-190
-199
-144
-210
-152
-213
-267
-258
-268
-209
-265
-322
-276
-258
-239
-338
-255
-290
-279
-350
-346
-300
-454
-409
-395
-438
-358
-354
-347
-311
-330
-329
-234
-313
-192
-267
-224
-213
-174
-234
-279
-269
-301
-211
-293
-165
-275
-229
-236
-191
-184
-211
-202
-220
-263
-235
-184
-221
-194
-170
-207
-91
-211
-106
-153
-216
-110
-188
-206
-254
-112
-212
-217
-175
-223
-99
-194
-170
-176
-79
-175
-104
-66
-98
-66
-130
-93
-104
-56
-94
-64
-102
-99
-23
-74
-85
-3
-8
-21
-5
30
43
79
117
91
140
138
273
389
295
423
370
393
390
363
440
443
362
448
411
416
392
385
455
392
409
405
454
390
466
306
279
266
260
270
249
361
332
458
382
406
416
355
511
424
408
389
391
308
324
318
361
235
338
350
358
331
311
391
295
220
228
239
213
158
227
158
130
204
5
79
-25
18
-47
-83
-119
-138
-139
-184
-61
-162
-188
-75
-76
-67
-60
-85
-144
-111
-204
-92
-231
-248
-237
-268
-203
-306
-162
-303
-238
-272
-276
-264
-314
-334
-312
-250
-349
-315
-345
-269
-265
-301
-276
-289
-235
-361
-283
-343
-360
-410
-511
-433
-490
-465
-560
-556
-521
-461
-487
-463
-426
-439
-391
-408
-337
-367
-345
-422
-301
-267
-297
-328
-280
-251
-238
-190
-280
-195
-240
-179
-175
-247
-191
-234
-227
-228
-244
-192
-247
-131
-189
-164
-85
-191
-97
-58
2
18
46
17
98
234
204
242
183
308
315
312
314
298
282
311
340
265
334
335
267
406
292
403
452
421
479
428
512
498
537
466
597
467
427
472
474
572
446
445
472
423
504
477
525
518
448
480
434
473
404
436
391
452
456
457
509
380
397
395
355
228
266
186
303
226
218
211
183
208
64
175
2
29
-60
-16
-5
-44
52
-3
55
13
-4
30
8
59
-117
15
-58
-59
-26
-111
-77
-233
-146
-205
-261
-273
-305
-277
-368
-351
-386
-289
-281
-370
-300
-270
-370
-279
-305
-392
-311
-328
-456
-340
-379
-431
-367
-483
-382
-355
-299
-336
-327
-343
-343
-395
-441
-380
-546
-488
-517
-500
-487
-477
-448
-451
-372
-449
-356
-469
-451
-487
-374
-402
-403
-360
-364
-291
-286
-161
-277
-192
-241
-203
-147
-217
-179
-266
-180
-194
-176
-164
-150
-75
-77
14
62
76
53
138
121
176
94
153
186
130
142
98
202
223
176
194
305
291
326
370
370
295
402
382
420
459
411
459
419
434
397
406
362
350
312
350
335
306
292
278
299
338
261
373
379
422
390
471
492
403
498
432
476
394
369
341
368
341
242
367
259
331
237
426
276
369
315
325
291
211
327
239
316
183
279
208
286
194
214
113
85
103
36
115
78
26
32
22
134
81
61
-18
38
56
12
-50
-65
-13
-89
-153
-131
-134
-66
-109
-160
-91
-144
-210
-257
-168
-256
-246
-202
-309
-291
-315
-319
-378
-397
-397
-407
-396
-352
-380
-371
-340
-378
-300
-219
-160
-201
-77
-193
-155
-170
-209
-213
-248
-274
-288
-224
-154
-190
-252
-248
-240
-342
-286
-326
-375
-244
-340
-301
-267
-340
-322
-352
-321
-331
-278
-348
-268
-234
-227
-139
-196
-156
-147
-150
-78
-64
-76
-44
9
-71
-45
38
29
-20
-67
-85
-43
-86
-65
-9
11
43
78
68
93
68
79
12
34
7
-23
57
-6
27
114
123
122
145
212
260
244
288
236
273
253
207
176
256
267
287
274
390
376
349
321
291
196
181
263
160
242
210
222
270
279
243
276
217
215
197
261
297
297
334
350
361
344
414
349
353
375
360
278
278
311
233
166
178
191
130
111
154
179
96
93
89
64
15
39
-12
10
-26
-72
13
-37
-71
-36
-71
-85
-43
-190
-151
-178
-157
-204
-197
-237
-149
-168
-256
-121
-182
-128
-108
-220
-256
-188
-267
-221
-307
-251
-333
-322
-370
-348
-290
-272
-306
-279
-324
-319
-246
-281
-385
-328
-426
-378
-347
-327
-330
-356
-329
-326
-348
-327
-310
-377
-329
-382
-346
-401
-331
-364
-264
-320
-326
-224
-258
-188
-219
-215
-213
-220
-199
-197
-119
-120
-126
-88
-77
-50
-68
20
-86
-58
-96
-174
-145
-103
-190
-125
-80
-206
-124
-132
-46
-140
-36
-63
4
-21
-32
95
-16
79
58
55
125
142
301
233
275
249
269
246
177
249
195
258
234
269
211
306
307
371
367
356
404
417
405
318
414
346
326
347
300
393
393
377
445
487
426
457
457
387
489
447
396
493
352
469
404
457
531
501
457
397
499
431
413
380
416
369
426
442
379
429
330
381
335
252
241
213
160
218
175
42
113
34
2
11
79
4
9
56
-15
-72
-69
-111
-197
-244
-306
-274
-324
-211
-297
-228
-203
-205
-183
-301
-249
-299
-177
-321
-357
-264
-331
-337
-314
-475
-462
-533
-481
-574
-532
-526
-643
-577
-615
-571
-652
-562
-611
-502
-626
-574
-567
-586
-566
-645
-622
-671
-559
-658
-543
-567
-578
-502
-591
-470
-513
-494
-556
-448
-476
-418
-417
-370
-204
-320
-243
-325
-253
-278
-252
-315
-340
-348
-357
-328
-261
-266
-251
-162
-166
-195
-96
-98
-75
-57
-65
-70
-15
-17
7
54
22
110
23
137
106
240
243
204
334
369
461
446
482
493
529
575
565
571
516
558
509
529
511
483
439
460
465
473
524
511
555
578
585
550
540
574
609
612
652
660
620
710
666
695
754
715
577
666
663
646
642
580
642
482
522
555
553
515
478
459
476
456
420
520
429
429
408
417
415
399
278
243
232
151
227
119
172
150
131
124
45
91
30
85
-19
-94
-57
-39
-60
-93
-147
-230
-188
-210
-327
-259
-334
-386
-298
-338
-309
-341
-396
-386
-371
-382
-457
-441
-452
-453
-438
-500
-426
-472
-372
-387
-330
-371
-354
-337
-350
-252
-293
-290
-344
-387
-345
-402
-408
-391
-490
-472
-463
-419
-408
-372
-395
-395
-359
-372
-329
-424
-417
-468
-403
-418
-478
-450
-522
-562
-509
-492
-537
-501
-422
-365
-343
-295
-356
-249
-262
-265
-303
-268
-259
-275
-191
-174
-146
-115
-152
-109
-25
-69
-6
-99
-33
-15
-11
86
78
182
78
132
132
162
157
152
124
109
198
129
206
146
99
152
154
141
223
153
200
275
159
326
220
238
267
286
238
217
257
168
210
171
148
182
144
245
353
378
409
431
442
500
487
535
441
421
330
384
409
326
469
358
403
475
467
384
328
303
300
299
236
268
296
334
366
406
341
381
320
304
235
209
157
170
145
37
99
35
54
20
13
-16
-1
-82
-68
-113
-119
-35
-114
-47
-52
-58
-131
-92
-141
-140
-192
-305
-245
-320
-283
-392
-231
-266
-353
-256
-293
-244
-273
-277
-289
-217
-291
-253
-271
-291
-254
-291
-232
-260
-287
-282
-298
-271
-240
-259
-183
-214
-144
-140
-224
-147
-188
-236
-280
-355
-272
-329
-256
-254
-260
-230
-245
-216
-146
-133
-181
-147
-167
-113
-133
-70
-102
-56
-46
-22
-37
23
6
-55
2
-25
-80
-19
-110
-41
-85
-119
-9
-119
31
-58
-19
-77
-56
-36
-90
-20
-92
44
9
5
80
128
146
201
126
116
148
119
121
188
141
155
179
165
283
258
285
235
295
274
197
242
279
324
274
324
297
355
390
365
367
310
415
339
434
336
381
416
282
353
241
283
303
389
243
400
343
289
316
281
242
273
239
252
313
203
186
243
219
124
182
72
132
64
42
109
75
122
64
96
54
16
107
17
3
-44
-35
-34
-50
-62
-89
-96
-283
-64
-136
-183
-132
-190
-162
-206
-177
-153
-110
-256
-190
-245
-268
-237
-300
-271
-330
-424
-414
-386
-428
-411
-460
-479
-408
-473
-397
-470
-469
-431
-380
-349
-384
-344
-359
-401
-436
-487
-392
-515
-508
-507
-387
-426
-378
-344
-399
-372
-402
-393
-428
-327
-393
-346
-246
-293
-160
-239
-228
-210
-241
-135
-195
-97
-129
-17
17
-8
84
-33
13
72
36
27
118
-24
51
93
180
121
173
172
194
252
177
284
176
270
237
273
213
309
314
331
314
341
414
359
435
399
415
334
425
400
377
425
352
362
458
452
423
440
515
478
455
460
418
566
471
550
464
464
484
407
467
402
509
373
504
410
472
472
404
472
374
374
351
405
291
427
312
333
333
267
240
230
259
276
255
207
175
187
161
156
110
64
112
57
100
184
67
0
-27
-2
-45
-71
-119
-119
-97
-189
-212
-227
-279
-302
-342
-291
-356
-332
-318
-370
-370
-411
-404
-456
-525
-487
-456
-472
-455
-594
-511
-487
-537
-487
-490
-488
-425
-390
-367
-361
-350
-363
-400
-352
-430
-375
-440
-402
-472
-557
-512
-553
-607
-608
-561
-692
-633
-643
-650
-565
-645
-605
-544
-489
-516
-429
-472
-451
-533
-444
-431
-466
-489
-495
-366
-427
-367
-351
-334
-311
-273
-263
-194
-217
-153
-44
-84
42
54
18
100
117
179
183
162
240
278
296
315
354
363
424
374
380
441
463
380
414
471
406
416
431
505
528
535
540
516
521
485
622
550
522
538
518
444
395
421
439
480
369
468
455
490
469
424
532
438
493
499
491
558
589
520
608
581
576
644
616
657
606
602
536
517
470
449
444
475
480
490
440
468
336
397
379
392
318
319
344
339
335
332
317
274
308
257
192
145
131
6
46
-106
-63
-107
-146
-76
-124
-125
-71
-140
-124
-110
-162
-192
-220
-256
-197
-280
-322
-324
-382
-360
-376
-406
-470
-470
-479
-477
-564
-531
-569
-573
-608
-599
-575
-643
-675
-618
-652
-591
-598
-619
-599
-637
-612
-597
-571
-628
-652
-605
-664
-612
-593
-597
-641
-517
-558
-557
-514
-527
-537
-530
-479
-595
-467
-472
-490
-427
-436
-354
-418
-368
-285
-307
-286
-341
-313
-351
-321
-388
-243
-369
-350
-319
-267
-221
-345
-190
-246
-108
-129
-106
-110
-47
-31
16
94
56
143
147
226
225
273
235
258
385
304
371
346
355
387
418
378
364
481
484
458
446
455
465
467
491
539
581
573
608
638
575
579
517
459
379
453
376
405
442
329
401
421
374
487
454
447
401
447
334
379
333
395
445
350
401
389
401
425
425
399
374
354
389
342
335
314
301
325
268
305
295
223
215
216
200
133
234
90
118
100
179
145
48
146
83
63
48
27
-7
-77
-63
-94
-79
-164
-160
-126
-194
-175
-210
-161
-255
-124
-201
-273
-205
-321
-191
-325
-337
-413
-388
-449
-370
-388
-443
-377
-441
-386
-381
-396
-373
-482
-490
-460
-525
-506
-510
-403
-446
-367
-328
-290
-271
-323
-314
-205
-257
-302
-296
-234
-249
-151
-106
-216
-197
-163
-243
-208
-182
-180
-113
-197
-49
-84
-3
19
21
-4
-55
-6
-106
-76
-144
-242
-251
-336
-213
-238
-208
-159
56
216
416
519
748
926
1126
1201
1193
1317
1088
829
681
572
182
-51
-400
-518
-690
-739
-930
-1094
-1183
-1116
-1203
-1406
-1271
-1343
-1380
-1504
-1287
-1136
-1052
-921
-779
-449
-251
1
211
415
674
770
868
963
999
906
771
471
352
307
-40
-275
-517
-686
-800
-912
-916
-824
-698
-416
-186
364
823
1288
1654
2144
2650
2896
3159
3237
3429
3377
3280
3071
2872
2694
2385
2104
1705
1455
990
709
274
-224
-635
-1052
-1544
-1903
-2224
-2523
-2767
-3004
-2970
-2963
-2817
-2709
-2371
-2089
-1646
-1326
-947
-530
-189
169
322
597
729
908
946
946
901
893
750
630
551
328
269
75
53
-30
-198
-191
-430
-423
-580
-580
-665
-757
-819
-813
-714
-621
-447
-342
84
281
630
836
1030
1375
1420
1438
1436
1368
1232
935
767
651
237
-129
-307
-529
-803
-1035
-1344
-1604
-1757
-1896
-2110
-2197
-2238
-2302
-2349
-2313
-2141
-2045
-1977
-1818
-1678
-1636
-1425
-1430
-1444
-1284
-1381
-1377
-1421
-1359
-1525
-1540
-1555
-1649
-1475
-1422
-1362
-1236
-804
-455
-47
468
1010
1700
2254
2799
3221
3876
4189
4323
4398
4559
4616
4314
4050
3839
3557
3074
2592
2150
1751
1286
623
229
-107
-590
-1082
-1538
-1771
-2081
-2387
-2463
-2582
-2523
-2431
-2145
-1867
-1471
-1061
-689
-141
257
645
953
1268
1500
1628
1659
1851
1834
1743
1748
1643
1701
1536
1373
1301
1129
889
556
375
86
-154
-424
-688
-746
-918
-885
-963
-866
-795
-651
-418
-108
145
426
720
1000
1226
1449
1676
1721
1874
1814
1794
1697
1522
1322
997
793
393
170
-111
-465
-847
-1073
-1391
-1797
-1962
-2325
-2443
-2677
-2834
-2807
-2864
-2796
-2772
-2506
-2313
-2115
-1870
-1699
-1440
-1448
-1261
-1169
-972
-981
-1056
-1033
-1042
-1068
-1249
-1345
-1449
-1571
-1728
-1725
-1777
-1574
-1562
-1355
-959
-566
-130
325
909
1377
1863
2276
2734
3012
3335
3543
3655
3810
3866
3777
3728
3572
3237
2921
2468
2050
1508
908
286
-261
-850
-1454
-1910
-2355
-2739
-2959
-3192
-3264
-3201
-3177
-2986
-2765
-2426
-2132
-1772
-1460
-1125
-719
-342
59
412
780
1019
1276
1452
1656
1808
1843
1820
1802
1590
1412
1157
884
618
325
63
-158
-437
-592
-712
-760
-937
-853
-829
-655
-442
-306
-60
149
392
710
1074
1249
1550
1871
2103
2142
2417
2409
2469
2325
2237
2231
1967
1705
1353
1140
701
157
-163
-671
-1004
-1356
-1799
-2003
-2074
-2134
-2318
-2126
-2024
-1848
-1699
-1537
-1314
-1119
-879
-837
-728
-583
-575
-545
-475
-467
-479
-389
-378
-248
-221
-204
-235
-346
-471
-705
-969
-1327
-1629
-2045
-2115
-2165
-2050
-1927
-1664
-1105
-407
494
1314
2179
3188
3796
4228
4776
5300
5186
4784
4438
4299
3972
3326
2551
2149
1727
1153
569
160
-47
-768
-1243
-1605
-1762
-2074
-2580
-2900
-3122
-3192
-3400
-3504
-3445
-3307
-3287
-2928
-2517
-2018
-1599
-1158
-559
-227
365
753
1156
1180
1128
1088
1098
801
379
-53
-350
-693
-1105
-1184
-1341
-1377
-1576
-1450
-1186
-947
-884
-583
-473
-337
-109
58
196
256
311
536
654
635
952
1039
1348
1320
1743
1914
2172
2145
2121
2141
1989
1745
1276
1027
505
63
-530
-849
-1287
-1637
-1949
-2044
-2083
-2041
-1865
-1779
-1522
-1220
-924
-666
-563
-487
-305
-337
-369
-439
-478
-696
-751
-823
-962
-749
-854
-870
-914
-853
-785
-1074
-1216
-1438
-1815
-2103
-2554
-2953
-2671
-2691
-2472
-2193
-1578
-533
203
1412
2379
3674
4708
5164
5888
6694
7152
6725
6330
6220
6210
5518
4679
3996
3560
3005
2093
1358
1017
387
-697
-1360
-1616
-1776
-2572
-3019
-3308
-3427
-3446
-3611
-3556
-3450
-3298
-3237
-2735
-2356
-1898
-1504
-921
-458
181
919
1473
1691
1854
2177
2288
2295
1785
1527
1019
601
-95
-473
-820
-1475
-1828
-2047
-1927
-1920
-1903
-1878
-1453
-1197
-710
-625
-112
-5
41
395
592
707
397
675
478
564
326
427
389
199
53
262
255
189
138
-50
-114
-402
-689
-1152
-1297
-1822
-2375
-2660
-2738
-2921
-3119
-3043
-2678
-2341
-1982
-1416
-895
-376
-40
229
446
521
243
-71
-391
-786
-1437
-1803
-2272
-2603
-2884
-3243
-3080
-3172
-3038
-2884
-2555
-1887
-1582
-929
-572
80
834
1448
2382
2862
3826
4343
4770
5241
5823
6104
6022
6013
6060
6172
5834
5493
4822
4477
3719
2745
1749
1069
68
-1098
-2007
-2694
-3161
-4018
-4252
-4531
-4253
-4098
-3666
-3237
-2538
-1881
-1307
-584
-162
488
710
1279
1231
1487
1640
1731
1688
1656
1804
1982
1989
1865
2062
1939
1901
1379
1163
891
292
-385
-996
-1480
-2038
-2499
-2914
-3007
-3044
-2768
-2419
-1787
-1217
-440
330
1019
1539
2043
2549
2691
2701
2620
2467
2039
1649
1036
765
374
-102
-534
-597
-706
-883
-1127
-1124
-1200
-1535
-1801
-2149
-2365
-2870
-3181
-3674
-3847
-3951
-4092
-4053
-3789
-3385
-2982
-2454
-1865
-1422
-948
-715
-343
-189
-472
-615
-959
-1280
-1616
-2067
-2059
-2049
-1945
-1463
-1257
-65
677
1848
2695
3600
4869
5330
5848
5970
6297
5764
5257
4533
4162
3531
2657
1917
1319
1111
483
-16
-494
-548
-1214
-1587
-2175
-2175
-2664
-3330
-3634
-3921
-3858
-4207
-4152
-4027
-3489
-3290
-2451
-1911
-928
-178
766
1669
2370
3272
3708
4340
4315
4558
4350
4330
3595
3285
2637
2132
1553
834
525
3
-221
-806
-881
-1189
-1389
-1781
-1818
-2115
-2299
-2545
-2823
-2869
-3119
-2848
-2783
-2334
-2084
-1397
-515
251
1095
2006
2856
3478
3960
4483
4819
4685
4372
4083
3697
3018
2363
1552
990
278
-402
-849
-1275
-1597
-2063
-2370
-2473
-2626
-2862
-3009
-3199
-3235
-3376
-3462
-3447
-3548
-3480
-3481
-3235
-2893
-2614
-2196
-1797
-1418
-971
-610
-77
103
270
249
226
135
-341
-628
-1045
-1274
-1569
-1450
-1387
-1182
-790
-160
733
1541
2503
3315
4454
5132
5693
6167
6523
6392
6056
5779
5462
4708
3937
3088
2203
1536
533
-281
-1024
-1603
-2305
-2783
-3000
-3153
-3583
-3883
-3970
-3938
-3979
-4094
-4173
-4204
-3919
-3688
-3313
-2752
-2081
-1409
-491
387
1286
2223
2984
3571
4000
4396
4398
4260
3747
3265
2537
1729
779
-209
-919
-1712
-2277
-2740
-2969
-3154
-3011
-3000
-2803
-2500
-2226
-1948
-1840
-1756
-1568
-1431
-1300
-1296
-1096
-770
-580
-89
406
951
1426
1920
2368
2840
3156
3236
3093
2947
2559
1985
1310
514
-220
-1108
-1852
-2472
-2783
-3235
-3283
-3326
-3086
-2710
-2326
-1895
-1580
-1176
-903
-718
-623
-508
-672
-735
-874
-915
-1106
-1194
-1158
-1249
-970
-939
-717
-592
-517
-409
-487
94
-29
154
228
482
985
1140
2010
2188
3088
3394
3911
4518
5181
5625
5434
5837
5963
6035
5485
5103
4335
3898
2862
2008
967
259
-758
-1838
-2209
-2737
-3021
-3761
-3815
-3862
-3527
-3547
-3232
-3079
-2449
-2186
-1950
-1360
-1171
-634
-621
-74
137
850
971
1418
1647
2208
2404
2564
2796
2709
2820
2311
2214
1535
1117
200
-507
-1336
-1840
-2571
-2971
-3339
-3735
-3571
-3551
-3227
-3020
-2379
-1988
-1292
-693
-232
321
779
1185
1417
1673
1715
1814
1711
1654
1442
1298
986
663
355
108
-192
-642
-948
-1456
-1818
-2196
-2641
-3010
-3390
-3666
-3998
-4262
-4155
-4119
-4011
-3727
-3404
-2933
-2473
-1933
-1501
-1119
-542
-420
-174
99
-31
-53
-265
-476
-781
-1087
-1134
-1378
-1168
-1111
-775
-265
241
1107
1727
2885
3361
4316
4781
5214
5522
5563
5627
5084
4984
4351
4254
3679
3406
2720
2396
1996
1466
969
454
15
-698
-1059
-1697
-1865
-2622
-2771
-3304
-3333
-3542
-3605
-3461
-3428
-3124
-2889
-2108
-1804
-1029
-669
287
768
1506
2009
2433
2844
2967
3312
3340
3423
3109
3106
2724
2631
2235
2093
1744
1400
1068
829
581
217
-21
-642
-696
-1162
-1449
-1828
-1928
-2295
-2400
-2269
-2127
-1827
-1503
-941
-429
330
763
1373
1927
2460
2551
2771
2914
2700
2491
2139
1715
1090
697
66
-325
-1050
-1435
-1938
-2311
-2570
-3052
-3203
-3380
-3510
-3679
-3587
-3627
-3649
-3792
-3473
-3584
-3432
-3347
-3263
-3022
-2927
-2714
-2448
-2231
-2021
-1805
-1518
-1179
-1100
-864
-392
-73
257
684
898
1663
2008
2724
3021
3736
4287
4422
4907
5083
5395
5078
5291
4881
4832
4426
4060
3498
2973
2448
1603
781
-81
-799
-1890
-2433
-3520
-3772
-4522
-4870
-5080
-5088
-4870
-4679
-4349
-4023
-3229
-2977
-2206
-1965
-1140
-810
-219
347
821
1485
1801
2432
2730
3300
3474
3907
3942
4196
4105
3962
3738
3354
2890
2246
1731
858
253
-452
-1046
-1759
-2144
-2583
-2863
-3047
-3236
-3148
-2944
-2696
-2427
-2058
-1531
-963
-654
46
444
1086
1370
1710
2180
2486
2720
2572
2774
2640
2692
2343
2126
1769
1498
1031
540
131
-443
-844
-1544
-2018
-2452
-2883
-3344
-3621
-3896
-3946
-3981
-3931
-3743
-3509
-3156
-3052
-2575
-2321
-1996
-1830
-1559
-1387
-1191
-1139
-1066
-833
-724
-469
-171
293
684
1329
1736
2645
3112
3993
4350
4989
5502
5592
5823
5718
5890
5247
5236
4790
4568
3977
3560
2944
2351
1938
1088
401
-390
-1000
-1959
-2483
-3330
-3753
-4458
-4807
-5129
-5257
-5021
-5095
-4755
-4521
-3944
-3566
-2949
-2484
-1705
-1238
-552
-31
592
1161
1560
2119
2290
2707
2836
3110
3015
3116
3025
2905
2611
2275
1969
1534
952
363
-134
-848
-1293
-2011
-2430
-2808
-3114
-3498
-3566
-3490
-3386
-3070
-2736
-2244
-1777
-950
-410
253
677
1346
1765
2129
2554
2634
2822
2619
2904
2532
2603
2157
1891
1374
1006
637
-24
-269
-997
-1361
-2086
-2479
-3006
-3294
-3652
-3879
-4142
-4112
-4112
-3994
-3690
-3596
-3171
-2992
-2490
-2335
-1828
-1702
-1332
-1134
-899
-829
-656
-448
-386
-153
101
688
785
1662
1713
2660
2972
3823
4364
4690
5461
5386
5939
5669
6103
5508
5517
5026
4833
4420
4001
3541
2792
2614
1737
1330
391
90
-899
-1211
-2127
-2368
-2886
-3369
-3449
-3798
-3390
-3628
-3310
-3267
-2751
-2535
-2064
-1918
-1336
-1039
-688
-208
27
729
804
1267
1433
1917
2017
2311
2393
2433
2627
2571
2534
2080
2003
1491
1143
612
150
-316
-940
-1275
-1824
-2078
-2320
-2541
-2517
-2465
-2320
-2030
-1661
-1294
-881
-559
33
317
604
795
1092
1201
1097
1150
1033
1094
837
706
490
473
194
-200
-335
-712
-1102
-1536
-1965
-2426
-2916
-3243
-3625
-3887
-4061
-4375
-4323
-4340
-4157
-3906
-3808
-3475
-3251
-2804
-2555
-2202
-2044
-1861
-1826
-1673
-1687
-1497
-1316
-1180
-443
-281
732
1007
2101
2707
3628
4496
4870
5914
5849
6367
6091
6374
5785
5622
5025
4565
4072
3500
3088
2265
2052
1271
945
63
-46
-1036
-1329
-2073
-2493
-2948
-3536
-3596
-4243
-3861
-4326
-3883
-3971
-3409
-3119
-2618
-2220
-1705
-1036
-641
19
188
1017
1065
1722
1802
2178
2179
2484
2551
2399
2606
2364
2540
2163
2254
1874
1872
1382
1153
846
458
119
-399
-607
-1027
-1311
-1643
-1674
-1801
-1632
-1632
-1235
-1029
-530
-78
377
882
1233
1745
1802
2204
2023
2304
1967
1830
1654
1398
1326
796
712
270
234
-246
-441
-890
-1066
-1490
-1986
-2258
-2560
-2842
-3161
-3349
-3523
-3544
-3741
-3580
-3732
-3402
-3465
-3349
-3040
-3099
-2723
-2902
-2575
-2540
-2276
-1964
-1704
-1066
-776
242
648
1769
2501
3477
4375
4894
5805
5983
6541
6259
6574
5988
5597
4935
4614
3952
3181
2597
1745
1486
708
387
-550
-684
-1467
-1844
-2406
-2789
-3254
-4025
-4178
-4624
-4495
-4930
-4712
-4747
-4115
-3858
-3220
-2721
-2086
-1432
-1005
-222
-29
670
777
1263
1310
1637
1609
1793
1709
1705
1713
1582
1647
1323
1550
1125
1129
678
620
286
-148
-375
-902
-1074
-1571
-1775
-2232
-2279
-2472
-2338
-2243
-2067
-1703
-1245
-716
-174
302
807
1319
1622
2014
2108
2383
2358
2233
2112
1939
1842
1481
1176
1086
885
641
415
165
-104
-399
-677
-1050
-1398
-1812
-2128
-2444
-2611
-2830
-3019
-3077
-3277
-3162
-3086
-3006
-2821
-2709
-2435
-2298
-2115
-1992
-1869
-1693
-1542
-1512
-828
-504
135
735
1297
2455
3000
4370
4771
5714
6276
6704
6897
7031
7064
6384
6086
5323
5100
4171
3764
2828
2323
1657
1269
459
-161
-577
-1494
-1740
-2631
-2728
-3510
-3801
-4321
-4636
-4646
-4724
-4640
-4467
-3992
-3608
-2936
-2574
-1737
-1331
-632
-243
296
884
1236
1426
1641
1867
1928
2098
1762
1795
1618
1695
1452
1452
1164
1011
811
548
352
15
-240
-743
-1075
-1479
-1754
-2243
-2542
-2877
-2959
-2998
-2816
-2716
-2468
-1924
-1528
-926
-446
71
490
975
1167
1443
1536
1686
1397
1316
1226
1036
749
453
207
-99
-237
-463
-738
-1067
-1255
-1619
-1895
-2167
-2383
-2683
-2935
-3090
-3126
-3230
-3186
-3249
-3173
-2977
-2972
-2744
-2729
-2457
-2445
-2327
-2199
-2074
-1851
-1837
-1209
-934
-334
364
792
1950
2522
3701
4299
5181
5918
6253
6795
6666
7047
6400
6233
5679
5363
4829
4130
3496
2737
2338
1692
1101
407
47
-789
-1040
-1825
-2007
-2575
-3075
-3239
-3691
-3438
-3608
-3474
-3440
-2963
-2719
-2120
-1742
-1037
-499
-41
584
933
1730
1731
2175
2123
2383
2296
2223
2093
1862
1717
1508
1345
1039
1068
601
562
270
182
-84
-320
-650
-948
-1013
-1386
-1389
-1773
-1775
-1978
-1791
-1787
-1654
-1392
-1149
-829
-468
-47
231
593
686
1013
971
1248
974
983
683
658
369
-40
-117
-639
-622
-1112
-1095
-1498
-1546
-1890
-2173
-2226
-2498
-2572
-2844
-2915
-3068
-2960
-3131
-2924
-3129
-2866
-2865
-2803
-2610
-2621
-2451
-2515
-2388
-2241
-2041
-1633
-1312
-892
-185
281
1309
1872
2919
3612
4472
5332
5673
6236
6254
6537
6027
5806
5202
4811
4126
3477
2659
1945
1405
681
111
-531
-903
-1534
-1728
-2344
-2472
-2905
-3241
-3438
-3702
-3667
-3845
-3698
-3673
-3347
-3038
-2464
-2079
-1523
-906
-229
340
841
1499
1768
2235
2361
2600
2569
2584
2399
2100
1899
1570
1248
891
601
364
85
-157
-248
-489
-577
-802
-1003
-1114
-1331
-1290
-1571
-1516
-1622
-1570
-1465
-1320
-1041
-741
-207
13
589
912
1431
1758
2020
2108
2201
2266
2043
1972
1677
1436
914
632
238
-111
-518
-801
-1033
-1367
-1486
-1847
-2004
-2193
-2434
-2632
-2802
-2829
-2964
-2934
-3002
-2909
-2767
-2678
-2530
-2384
-2063
-1972
-1736
-1572
-1520
-1190
-1218
-698
-472
-1
707
931
1978
2388
3503
4081
4749
5560
5794
6432
6379
6815
6285
6073
5612
5084
4556
3867
3108
2338
1588
915
225
-502
-872
-1847
-1997
-2773
-2952
-3404
-3855
-3930
-4379
-4281
-4444
-4238
-4207
-3844
-3683
-3120
-2833
-2160
-1668
-1159
-524
-231
524
673
1371
1456
1845
1822
1997
1938
1855
1813
1397
1409
967
895
456
234
-174
-283
-554
-884
-1104
-1447
-1496
-1811
-1835
-2065
-2078
-2314
-2224
-2183
-2012
-1896
-1659
-1197
-1077
-428
-351
247
375
655
757
779
992
775
857
654
643
267
189
-11
-170
-344
-622
-770
-931
-1119
-1449
-1625
-1989
-2177
-2474
-2589
-2719
-2868
-2836
-2890
-2691
-2563
-2361
-2193
-2000
-1696
-1518
-1284
-1178
-1030
-821
-709
-329
-94
331
933
1237
2285
2647
3820
4326
5194
6048
6335
7072
7017
7513
6987
6954
6326
5942
5277
4419
3808
2801
2259
1372
680
-80
-631
-1442
-1739
-2408
-2517
-2997
-3356
-3385
-3878
-3530
-3804
-3568
-3601
-3337
-2994
-2645
-2193
-1771
-1145
-705
-48
421
1114
1454
1967
2144
2545
2625
2703
2734
2532
2436
2047
1841
1390
1066
700
258
-135
-450
-823
-1067
-1386
-1606
-1889
-2010
-2133
-2291
-2320
-2468
-2290
-2312
-2179
-1990
-1847
-1463
-1325
-943
-681
-265
-17
245
438
451
743
469
592
360
281
-54
-286
-408
-813
-933
-1198
-1544
-1678
-1955
-2254
-2397
-2877
-3022
-3246
-3369
-3515
-3723
-3634
-3726
-3563
-3483
-3377
-3134
-2997
-2712
-2540
-2371
-2109
-1867
-1703
-1279
-859
-449
161
573
1534
2030
3045
3810
4363
5461
5697
6518
6508
7058
6764
6717
6299
6006
5475
4770
4196
3205
2730
1856
1208
244
-132
-1172
-1582
-2323
-2612
-3064
-3564
-3565
-4028
-3731
-3928
-3634
-3594
-3214
-2981
-2429
-1953
-1347
-748
-363
433
746
1635
1853
2486
2622
3045
3124
3365
3448
3241
3366
2993
2926
2554
2343
1835
1484
916
530
137
-324
-648
-1059
-1329
-1588
-1773
-1880
-2028
-2080
-2032
-1898
-1684
-1480
-1214
-925
-574
-280
105
321
679
770
936
1110
1030
1136
908
780
615
394
132
-135
-378
-721
-843
-1336
-1468
-1790
-2083
-2390
-2734
-2963
-3267
-3512
-3758
-3823
-4111
-4119
-4157
-4060
-3973
-3822
-3507
-3407
-2900
-2790
-2445
-2104
-1867
-1377
-985
-453
106
527
1491
2015
2911
3725
4236
5277
5538
6439
6449
6955
6669
6672
6334
6033
5727
4761
4422
3284
2933
1911
1285
267
-327
-1163
-1737
-2421
-2978
-3251
-4044
-3950
-4663
-4315
-4550
-4419
-4436
-4171
-3643
-3419
-2785
-2464
-1655
-1450
-595
-269
490
818
1332
1656
1987
2479
2461
2840
2604
2914
2612
2638
2295
2092
1887
1390
1098
532
309
-239
-444
-1009
-1223
-1528
-1726
-1901
-2201
-1971
-2249
-1911
-2070
-1661
-1573
-1181
-722
-604
-100
-12
517
488
969
983
1115
1046
1048
979
846
735
407
327
-37
-99
-482
-538
-979
-1137
-1500
-1762
-2039
-2410
-2523
-3049
-3090
-3446
-3479
-3776
-3749
-3782
-3825
-3565
-3483
-3127
-2984
-2617
-2450
-1968
-1571
-1162
-523
-255
724
926
2046
2579
3451
4312
4854
5867
6113
7042
6933
7513
7234
7306
6828
6552
6160
5327
4940
3873
3493
2383
1859
760
266
-665
-1298
-2008
-2595
-2877
-3588
-3574
-4239
-3988
-4294
-4151
-4167
-3934
-3654
-3398
-2894
-2557
-1936
-1606
-844
-637
120
507
1051
1376
1717
2112
2143
2456
2389
2406
2333
2222
1896
1703
1326
923
589
143
-261
-692
-1007
-1369
-1648
-1959
-2049
-2289
-2326
-2419
-2462
-2339
-2322
-2089
-2135
-1513
-1519
-1103
-826
-495
-96
-5
397
401
723
572
665
506
602
315
103
-71
-317
-495
-850
-950
-1437
-1477
-2021
-2103
-2477
-2677
-2948
-3352
-3398
-3793
-3828
-4044
-4077
-4212
-4070
-4170
-3871
-3831
-3515
-3296
-3186
-2555
-2508
-1607
-1336
-520
119
701
1922
2320
3768
4095
5216
5780
6328
7012
7142
7712
7237
7568
6944
6965
6304
5903
5084
4418
3795
3024
2183
1319
823
-178
-539
-1579
-1645
-2534
-2800
-3186
-3713
-3515
-3915
-3653
-3789
-3306
-3237
-2652
-2305
-1775
-1232
-827
-147
180
979
1181
1845
2024
2545
2642
3047
3112
3161
3181
3025
3007
2613
2506
1929
1733
1211
916
319
66
-406
-859
-1133
-1591
-1584
-2079
-2032
-2289
-2159
-2115
-2068
-1806
-1732
-1330
-1175
-855
-463
-247
10
315
430
665
667
766
607
611
428
190
49
-421
-424
-845
-1096
-1389
-1773
-1895
-2289
-2597
-2817
-3106
-3336
-3678
-3831
-3992
-4181
-4155
-4378
-4324
-4288
-4323
-4121
-4100
-3902
-3775
-3577
-3112
-2894
-2101
-1826
-956
-434
248
1431
1891
3268
3571
4755
5177
5835
6347
6394
6796
6271
6493
5873
5815
5180
4718
4050
3404
2843
2173
1427
728
210
-664
-1125
-1967
-2209
-3116
-3261
-3711
-3934
-3983
-4240
-3934
-4025
-3584
-3297
-2805
-2388
-1805
-1295
-625
-97
467
936
1379
1991
2232
2748
2873
3183
3253
3168
3217
3044
2950
2549
2339
1980
1481
1286
721
358
-93
-465
-818
-1169
-1222
-1564
-1614
-1910
-1873
-1916
-1775
-1724
-1489
-1189
-912
-506
-271
232
435
904
969
1404
1427
1556
1543
1477
1468
1115
1133
685
560
222
-44
-434
-742
-1119
-1469
-1753
-2188
-2307
-2730
-2856
-3174
-3393
-3496
-3620
-3694
-3817
-3864
-3806
-3813
-3736
-3689
-3560
-3428
-3224
-2836
-2473
-1755
-1380
-414
3
1173
1851
2938
3796
4440
5479
5711
6597
6614
7181
6697
6710
6230
6046
5602
4850
4384
3526
3106
2259
1784
839
446
-425
-922
-1632
-2010
-2513
-3263
-3417
-4060
-4008
-4473
-4307
-4494
-4313
-4012
-3648
-3210
-2706
-2026
-1618
-751
-431
495
737
1323
1648
2067
2255
2409
2609
2563
2568
2423
2362
2059
1837
1398
1162
720
403
-37
-388
-762
-1227
-1424
-1790
-1940
-2152
-2330
-2430
-2411
-2339
-2253
-2187
-1985
-1659
-1465
-1034
-745
-286
3
372
658
888
1148
1192
1251
1211
1190
1045
852
645
348
58
-117
-477
-739
-1089
-1343
-1588
-1932
-2138
-2453
-2587
-2843
-3065
-3180
-3395
-3381
-3606
-3607
-3641
-3569
-3473
-3478
-3263
-3192
-2828
-2743
-2304
-1655
-1282
-386
24
987
1774
2678
3774
4209
5449
5807
6598
6875
7275
7250
6977
6930
6408
6252
5466
5150
4233
3845
3075
2504
1644
1120
402
-331
-748
-1503
-1769
-2643
-2766
-3328
-3497
-3639
-3832
-3714
-3753
-3370
-3199
-2555
-2265
-1664
-1192
-560
-1
596
1051
1492
1882
2171
2562
2602
2973
2752
2942
2692
2675
2453
2125
1850
1403
1035
567
168
-335
-663
-1176
-1520
-1811
-2078
-2242
-2448
-2555
-2722
-2602
-2621
-2379
-2300
-1885
-1666
-1322
-926
-727
-229
-169
329
329
639
595
645
673
580
584
361
161
-43
-261
-509
-764
-1154
-1400
-1827
-2043
-2368
-2661
-2883
-3258
-3368
-3611
-3761
-3831
-4009
-4028
-3999
-3967
-3934
-3793
-3750
-3502
-3506
-3087
-2998
-2344
-1942
-1501
-556
-334
1067
1399
2779
3355
4242
5248
5582
6610
6377
7232
6610
6864
6312
6073
5588
4798
4493
3477
3162
2273
1837
918
594
-363
-688
-1364
-1814
-2148
-2799
-2852
-3521
-3198
-3802
-3521
-3659
-3402
-3079
-2904
-2223
-1996
-1205
-906
35
368
1194
1477
2134
2503
2925
3172
3228
3583
3385
3522
3240
3272
2863
2551
2266
1846
1530
1040
637
222
-184
-662
-969
-1387
-1610
-1960
-2072
-2279
-2378
-2165
-2416
-1892
-2052
-1299
-1296
-729
-347
-269
495
452
1154
901
1428
1300
1475
1443
1344
1206
842
839
371
230
-203
-409
-1045
-1165
-1676
-1901
-2339
-2661
-2816
-3345
-3187
-3734
-3660
-4063
-3968
-4174
-4190
-4057
-4226
-3901
-4058
-3702
-3776
-3259
-3222
-2668
-2103
-1686
-656
-409
947
1363
2825
3331
4314
5205
5560
6474
6323
7121
6492
6781
6072
6085
5366
4828
4262
3264
2988
1849
1510
406
163
-895
-1249
-1992
-2402
-2871
-3535
-3558
-4346
-4036
-4575
-4378
-4530
-4209
-3926
-3578
-3025
-2545
-1758
-1346
-445
-123
748
1048
1786
1973
2559
2711
3005
3216
3092
3264
2945
3047
2527
2392
1997
1570
1224
723
306
-120
-523
-924
-1233
-1564
-1771
-2098
-2155
-2496
-2388
-2430
-2455
-2141
-2215
-1671
-1552
-1041
-817
-356
-17
256
655
786
1119
1223
1295
1276
1265
1175
1146
875
807
506
407
10
-287
-564
-979
-1125
-1573
-1791
-2110
-2353
-2524
-2747
-2889
-3110
-3183
-3264
-3409
-3291
-3355
-3229
-3215
-3177
-2882
-2919
-2424
-2279
-1540
-1233
-434
52
924
1858
2482
3813
4089
5575
5591
6722
6651
7240
7175
6930
6914
6242
6301
5126
5060
3861
3621
2648
2143
1304
661
19
-762
-1206
-2033
-2215
-3147
-3168
-3901
-3924
-4214
-4299
-4163
-4318
-3754
-3728
-2900
-2822
-1830
-1560
-691
-213
425
1090
1390
2117
2152
2733
2776
3197
2860
3124
2807
2740
2495
2008
1842
1189
978
381
116
-405
-755
-1192
-1628
-1772
-2123
-2201
-2643
-2609
-2842
-2663
-2752
-2553
-2439
-2192
-1802
-1759
-1165
-1098
-513
-491
26
69
308
467
385
568
302
426
76
-19
-251
-412
-631
-930
-1206
-1464
-1755
-2067
-2296
-2715
-2749
-3248
-3210
-3566
-3520
-3643
-3743
-3640
-3895
-3504
-3727
-3441
-3407
-3271
-2998
-2924
-2601
-2181
-1731
-1281
-562
-52
1030
1659
2742
3678
4396
5508
5825
6725
6788
7344
7079
7063
6747
6377
6115
5225
4998
3907
3675
2734
2160
1494
798
177
-469
-987
-1545
-1932
-2546
-2674
-3317
-3209
-3542
-3496
-3459
-3508
-2973
-2916
-2219
-1972
-1242
-811
-73
444
981
1706
1985
2536
2766
3255
3388
3712
3538
3583
3449
3230
3042
2505
2296
1671
1455
758
531
36
-295
-640
-1111
-1242
-1739
-1755
-2155
-2158
-2398
-2277
-2388
-2214
-2013
-1792
-1406
-1114
-731
-426
109
244
714
673
1126
981
1140
1107
977
996
544
570
119
45
-418
-709
-1112
-1490
-1847
-2221
-2598
-2913
-3145
-3494
-3573
-3885
-3886
-4139
-4222
-4274
-4282
-4220
-4190
-4043
-3869
-3725
-3515
-3285
-3115
-2730
-2497
-1834
-1423
-765
-214
486
1440
1908
3199
3577
4821
5177
5906
6355
6525
6837
6343
6423
5818
5801
5012
4621
3810
3305
2613
1986
1147
467
-52
-1020
-1292
-2146
-2249
-3109
-3394
-3843
-4132
-3994
-4344
-3990
-4087
-3619
-3358
-2679
-2207
-1549
-1034
-463
170
663
1414
1725
2353
2435
3079
3022
3442
3304
3334
3303
3099
2998
2490
2389
1911
1538
1138
693
359
-99
-584
-908
-1290
-1470
-1821
-2020
-2227
-2174
-2267
-2066
-2003
-1773
-1441
-1217
-836
-495
-13
286
731
777
1195
1353
1520
1492
1427
1495
1228
1172
869
690
375
16
-353
-703
-1004
-1288
-1710
-2068
-2312
-2606
-2862
-3059
-3264
-3354
-3418
-3454
-3425
-3352
-3262
-3074
-3065
-2924
-2798
-2553
-2431
-2300
-2112
-1964
-1494
-1086
-671
120
459
1319
1997
2808
3770
4350
5308
5545
6326
6403
6867
6573
6525
6164
5875
5503
4823
4368
3401
3034
2084
1503
637
72
-799
-1375
-2104
-2572
-2959
-3789
-3975
-4436
-4397
-4536
-4498
-4312
-4105
-3731
-3275
-2663
-2169
-1513
-1176
-434
-84
725
978
1408
1784
1977
2268
2410
2674
2442
2498
2205
2145
1832
1569
1209
838
444
5
-286
-602
-992
-1428
-1654
-1899
-1930
-2290
-2328
-2464
-2394
-2270
-2089
-1817
-1649
-1127
-987
-452
-99
309
590
791
1003
1201
1338
1328
1212
1191
1087
858
718
405
184
-175
-508
-754
-1144
-1433
-1780
-2084
-2411
-2615
-2786
-3017
-3147
-3359
-3336
-3372
-3325
-3219
-3209
-3079
-2925
-2756
-2615
-2357
-2259
-2089
-1832
-1528
-963
-756
-104
533
933
2107
2355
3617
4044
4971
5576
5903
6586
6593
7018
6596
6834
6113
6138
5467
4990
4343
3672
3101
2378
1636
921
371
-609
-962
-1762
-1963
-2737
-3020
-3297
-3678
-3522
-3809
-3498
-3498
-3123
-2787
-2240
-1878
-1386
-792
-316
222
579
1224
1337
2010
1912
2426
2340
2584
2645
2326
2535
2151
2184
1808
1703
1259
1005
581
242
-121
-543
-843
-1446
-1588
-1864
-2074
-2230
-2347
-2422
-2324
-2260
-2118
-1741
-1602
-1205
-955
-544
-202
203
509
627
875
1006
1040
1038
920
726
527
311
-2
-327
-658
-940
-1229
-1657
-1839
-2212
-2544
-2844
-3149
-3422
-3655
-3868
-3953
-4201
-4164
-4173
-4123
-3994
-3963
-3760
-3557
-3380
-3174
-2983
-2641
-2480
-2378
-1828
-1831
-1022
-769
-212
392
754
1937
2065
3465
3716
4873
5252
5714
6371
6292
6899
6242
6665
5870
6002
5223
4928
4120
3500
2987
2001
1662
572
336
-733
-828
-1759
-1937
-2572
-2958
-3100
-3579
-3128
-3526
-2933
-3070
-2477
-2291
-1811
-1452
-1036
-471
-275
459
567
1399
1345
1956
1988
2371
2583
2612
2915
2602
2820
2490
2551
2257
1962
1584
1272
933
542
233
-263
-508
-1016
-1145
-1415
-1660
-1719
-1899
-1737
-1782
-1514
-1392
-1062
-718
-530
-48
224
654
872
1146
1342
1453
1586
1647
1483
1455
1158
990
711
405
247
-274
-423
-858
-1150
-1417
-1768
-1977
-2412
-2634
-2895
-3101
-3262
-3495
-3645
-3704
-3731
-3689
-3718
-3537
-3451
-3288
-3050
-2935
-2581
-2470
-2124
-2116
-1757
-1598
-1295
-860
-700
31
195
1035
1512
2325
3130
3642
4586
4796
5626
5671
6184
5993
5913
5677
5388
5171
4398
4107
3134
2764
1840
1356
306
-135
-1004
-1587
-2044
-2747
-2786
-3529
-3494
-3916
-3694
-3688
-3614
-3363
-3267
-2805
-2644
-2036
-1873
-1326
-1139
-618
-322
183
537
744
1134
1256
1668
1693
2040
1771
1924
1854
1790
1678
1428
1143
759
504
141
-90
-492
-894
-1164
-1504
-1583
-1756
-1862
-1994
-1887
-1825
-1551
-1360
-1064
-718
-320
13
370
887
1047
1477
1371
1719
1698
1771
1696
1513
1410
1042
1057
723
492
160
-213
-439
-712
-971
-1297
-1541
-1882
-2084
-2346
-2471
-2679
-2823
-2892
-3022
-2855
-2902
-2734
-2752
-2513
-2369
-2196
-1970
-1720
-1462
-1298
-1164
-923
-652
-664
-372
-119
91
683
1021
1539
2279
2642
3756
4083
5041
5437
5789
6193
6181
6392
5764
5986
5330
5082
4412
4061
3481
2694
2220
1372
786
60
-486
-1184
-1463
-2047
-2070
-2703
-2729
-2738
-2980
-2674
-2866
-2401
-2505
-2173
-2058
-1677
-1530
-1308
-1043
-857
-541
-351
70
128
510
568
924
847
1194
1168
1118
1170
928
809
574
380
38
-233
-559
-816
-1217
-1413
-1703
-1836
-1972
-2066
-2032
-2032
-1897
-1736
-1507
-1328
-1053
-791
-504
-153
126
437
679
747
904
1046
999
890
802
641
478
332
163
-80
-323
-567
-813
-1114
-1335
-1562
-1786
-2061
-2309
-2470
-2787
-2790
-3103
-3135
-3139
-3131
-3008
-2998
-2845
-2687
-2458
-2275
-2000
-1832
-1494
-1307
-1146
-876
-800
-674
-606
-671
-184
-188
230
594
910
1837
1994
3269
3366
4480
4896
5429
5973
5920
6529
5891
6292
5508
5660
4894
4487
3902
3272
2784
2154
1600
759
507
-378
-438
-1270
-1166
-1722
-1972
-1984
-2363
-1947
-2338
-1893
-2094
-1782
-1727
-1406
-1267
-1190
-846
-824
-276
-235
327
296
839
766
1174
1275
1447
1709
1364
1602
1425
1472
1127
1066
727
503
131
-142
-516
-820
-960
-1431
-1320
-1712
-1524
-1758
-1725
-1406
-1409
-1071
-1005
-578
-475
-14
101
345
428
466
631
592
749
531
531
278
274
45
-140
-403
-489
-656
-1061
-1042
-1437
-1554
-2023
-2223
-2486
-2788
-2943
-3214
-3233
-3485
-3309
-3513
-3232
-3243
-3092
-2866
-2718
-2335
-2176
-1921
-1798
-1522
-1380
-1295
-1123
-1176
-1082
-1039
-941
-598
-505
118
260
996
1588
2275
3213
3547
4587
4698
5449
5452
5868
5694
5494
5445
4793
4798
3947
3815
3032
2674
2095
1603
1042
556
66
-445
-839
-1329
-1487
-2046
-2050
-2534
-2378
-2544
-2586
-2467
-2490
-2197
-2231
-1845
-1803
-1454
-1341
-948
-690
-334
-46
250
576
789
1169
1284
1547
1544
1641
1695
1730
1594
1545
1284
1027
859
580
431
9
-32
-427
-618
-745
-945
-804
-1089
-831
-941
-601
-479
-311
-16
86
386
553
699
753
896
845
949
837
854
729
577
572
351
346
86
-29
-264
-464
-677
-993
-1267
-1550
-1852
-2107
-2352
-2584
-2669
-2862
-2781
-2961
-2682
-2702
-2437
-2334
-2280
-1955
-1880
-1595
-1609
-1266
-1349
-1222
-1162
-1187
-1108
-1165
-1087
-817
-694
-271
210
473
1372
1783
2687
3194
3864
4486
4787
5327
5290
5706
5163
5382
4793
4780
4350
3824
3551
2800
2567
1903
1357
661
302
-512
-748
-1609
-1742
-2308
-2773
-2824
-3322
-2988
-3388
-3101
-3153
-2975
-2691
-2637
-2324
-2295
-1826
-1797
-1252
-1177
-701
-495
-131
123
360
770
873
1240
1118
1495
1291
1554
1194
1135
919
716
461
194
-69
-477
-394
-949
-854
-1305
-1193
-1394
-1361
-1329
-1262
-1036
-1048
-671
-698
-229
-271
80
59
327
388
504
586
537
760
465
855
423
696
479
426
313
73
35
-460
-560
-1046
-1150
-1621
-1714
-2078
-2046
-2248
-2292
-2172
-2219
-2015
-2131
-1831
-1903
-1599
-1635
-1418
-1337
-1197
-1087
-1109
-825
-1117
-815
-1078
-784
-873
-504
-107
63
877
879
1998
2184
3172
3696
4153
4883
5176
5709
5600
6081
5648
5830
5412
5452
5093
4718
4478
3735
3517
2726
2305
1482
979
198
-291
-1014
-1306
-1841
-2403
-2563
-3068
-2870
-3238
-3050
-3196
-3014
-2894
-2654
-2394
-2298
-1884
-1882
-1268
-1175
-738
-439
-150
183
468
756
904
1182
1230
1416
1387
1482
1316
1176
973
744
354
77
-182
-571
-766
-1169
-1361
-1613
-1687
-1702
-1841
-1816
-1770
-1730
-1599
-1505
-1307
-1169
-982
-785
-671
-522
-278
-151
-26
-26
137
78
178
154
132
60
-120
-233
-520
-648
-980
-1160
-1509
-1764
-2035
-2259
-2367
-2542
-2593
-2587
-2636
-2501
-2460
-2354
-2280
-2107
-2057
-1964
-1943
-1829
-1701
-1707
-1576
-1486
-1392
-1245
-1187
-934
-912
-556
-220
31
435
827
1312
1956
2394
3222
3660
4151
4782
4927
5525
5486
5890
5608
5663
5520
5513
5187
4782
4500
3799
3487
2729
2175
1373
847
51
-445
-1099
-1505
-1958
-2393
-2551
-2877
-2668
-2963
-2711
-2704
-2585
-2371
-2252
-1863
-1732
-1376
-1244
-717
-539
-67
208
576
910
1248
1620
1699
2118
2068
2295
2169
2204
2044
1886
1669
1340
1082
758
345
16
-311
-668
-857
-1233
-1250
-1429
-1541
-1428
-1571
-1323
-1389
-1138
-891
-694
-439
-414
-146
-41
183
204
448
345
515
532
521
450
324
198
56
-185
-372
-587
-961
-1091
-1425
-1569
-1847
-2009
-2124
-2215
-2271
-2332
-2381
-2364
-2274
-2325
-2245
-2286
-2261
-2196
-2138
-2047
-2004
-1791
-1729
-1489
-1436
-1079
-1055
-821
-723
-745
-478
-515
22
-179
409
372
954
1325
1829
2560
2620
3602
3590
4430
4376
5018
5007
5012
5179
4921
5044
4340
4342
3343
3043
2218
1586
761
113
-484
-1327
-1606
-2262
-2307
-3076
-2968
-3327
-3255
-3193
-3382
-2991
-3031
-2670
-2684
-2207
-2161
-1626
-1629
-1141
-882
-511
-5
173
681
788
1358
1380
1819
1791
2001
1966
2008
1985
1661
1628
1146
1011
523
270
-171
-440
-802
-1117
-1071
-1321
-1283
-1429
-1291
-1104
-939
-690
-537
-176
78
338
451
777
884
1077
1065
1083
1147
1107
1112
915
793
618
530
283
131
-84
-126
-416
-513
-599
-893
-899
-1215
-1236
-1306
-1420
-1526
-1638
-1653
-1765
-1723
-1848
-1770
-1767
-1656
-1539
-1409
-1297
-1104
-942
-760
-616
-572
-330
-383
-214
-474
-283
-553
-309
-396
-176
93
105
976
1013
2058
2177
3046
3460
3928
4527
4705
5209
4987
5287
4851
5116
4457
4145
3444
2829
2232
1384
783
-64
-513
-1453
-1692
-2369
-2444
-2933
-3068
-3252
-3423
-3234
-3453
-3133
-3311
-2975
-3033
-2668
-2551
-2192
-1909
-1728
-1242
-1137
-527
-406
196
370
787
973
1334
1471
1627
1689
1601
1532
1292
1168
668
465
-131
-410
-804
-1166
-1368
-1754
-1688
-1814
-1792
-1685
-1590
-1282
-1157
-740
-626
-200
22
211
394
486
754
681
822
778
879
684
687
564
460
388
267
196
35
25
-132
-176
-335
-509
-669
-855
-984
-1103
-1235
-1369
-1445
-1555
-1564
-1687
-1594
-1684
-1578
-1527
-1290
-1141
-1005
-813
-637
-310
-263
59
55
225
160
304
109
28
-80
-246
-82
-338
163
-11
566
856
1414
2194
2527
3484
3812
4554
4877
5389
5443
5531
5496
5219
5065
4438
4085
3271
2776
2058
1436
758
157
-436
-987
-1388
-1774
-2036
-2424
-2525
-2649
-2664
-2642
-2634
-2651
-2644
-2543
-2306
-2198
-2028
-1703
-1541
-1149
-903
-476
-178
78
392
578
982
1021
1432
1331
1516
1351
1285
1147
781
590
29
-182
-735
-1081
-1477
-1647
-2007
-2171
-2148
-2119
-2005
-1876
-1679
-1340
-1087
-833
-418
-282
30
155
340
350
413
535
329
465
370
357
253
181
149
-54
-80
-222
-247
-449
-611
-636
-911
-940
-1167
-1334
-1425
-1656
-1730
-1903
-1941
-2052
-2085
-1983
-1970
-1858
-1729
-1592
-1383
-1194
-1022
-743
-634
-405
-251
-97
-32
-22
-63
-196
-298
-564
-619
-803
-923
-766
-759
-435
-306
311
863
1423
2377
2772
3744
4102
4764
5149
5457
5563
5377
5346
4957
4851
4123
3766
3027
2533
1963
1327
773
307
-162
-734
-979
-1412
-1529
-1951
-2040
-2266
-2302
-2205
-2379
-2235
-2285
-2089
-1976
-1671
-1550
-1175
-964
-544
-246
54
510
660
1097
1148
1536
1527
1646
1670
1550
1487
1271
1006
724
431
28
-287
-649
-831
-1143
-1318
-1382
-1422
-1294
-1236
-1060
-866
-691
-330
-228
82
224
308
549
580
657
671
686
703
625
624
594
517
569
439
464
284
234
89
-44
-73
-442
-551
-818
-916
-1198
-1398
-1500
-1784
-1748
-1909
-1915
-1989
-1835
-1905
-1579
-1706
-1430
-1261
-1182
-920
-963
-673
-754
-560
-604
-671
-778
-806
-947
-1095
-1284
-1430
-1658
-1806
-1910
-1892
-1748
-1633
-1160
-861
-256
312
976
1690
2216
2993
3342
3896
4157
4512
4493
4483
4343
4139
4032
3430
3200
2566
2251
1659
1146
619
91
-409
-924
-1304
-1669
-1942
-2285
-2326
-2603
-2551
-2510
-2511
-2374
-2268
-2008
-1811
-1550
-1380
-951
-769
-393
-103
109
472
490
846
747
1002
1038
942
912
770
749
451
399
76
-34
-335
-426
-593
-755
-776
-861
-738
-717
-456
-390
-16
-16
403
488
719
945
914
1230
1090
1416
1386
1503
1341
1384
1275
1173
1174
1016
1008
722
771
543
583
301
164
-31
-216
-317
-628
-617
-820
-800
-1037
-839
-889
-723
-685
-643
-523
-517
-314
-373
-181
-361
-153
-279
-290
-248
-436
-391
-618
-656
-888
-912
-1206
-1164
-1416
-1487
-1497
-1765
-1647
-1918
-1561
-1581
-1264
-1092
-707
-373
153
699
1259
1849
2248
2939
3192
3751
3913
4246
4136
4212
4142
3983
3683
3391
2974
2380
2063
1250
810
74
-521
-1119
-1607
-1971
-2353
-2510
-2753
-2764
-2929
-2731
-2684
-2493
-2370
-2167
-1929
-1770
-1495
-1447
-1235
-1171
-949
-900
-676
-635
-468
-426
-270
-222
-191
-103
-195
-104
-277
-192
-409
-423
-567
-594
-686
-753
-755
-752
-665
-638
-430
-363
-66
37
242
527
585
908
863
1052
1057
1022
1100
858
880
826
751
547
545
441
431
361
249
188
57
60
-59
-166
-197
-250
-454
-329
-347
-304
-261
-220
-39
-108
277
130
343
302
333
380
234
305
149
33
-168
-170
-422
-334
-619
-586
-720
-767
-725
-946
-840
-1082
-992
-1147
-1117
-1167
-1264
-1191
-1131
-1025
-802
-625
-290
300
559
1359
1788
2494
3104
3548
4050
4317
4699
4556
4827
4525
4591
4058
3785
3395
2688
2292
1501
1025
291
-156
-724
-1018
-1421
-1531
-1782
-1837
-1795
-1928
-1706
-1870
-1670
-1830
-1765
-1821
-1871
-1857
-1920
-1903
-1985
-1817
-1879
-1614
-1686
-1311
-1305
-1100
-857
-838
-616
-700
-540
-623
-423
-629
-516
-578
-576
-649
-569
-489
-448
-280
-293
60
134
483
578
850
855
981
1096
983
1002
735
729
464
379
131
-51
-236
-270
-285
-487
-410
-429
-444
-456
-418
-397
-287
-426
-335
-330
-308
-242
-325
-160
-199
49
-64
144
176
74
209
60
122
48
-1
-114
-134
-246
-352
-501
-594
-684
-811
-822
-1043
-978
-1282
-1298
-1300
-1490
-1383
-1620
-1543
-1687
-1698
-1765
-1795
-1643
-1499
-1427
-1075
-820
-318
239
715
1516
1832
2771
3021
3781
4138
4581
4776
4788
5011
4764
4856
4289
4198
3564
3233
2609
2101
1646
1072
700
214
87
-260
-484
-802
-819
-1097
-1080
-1269
-1404
-1552
-1754
-1768
-2070
-2083
-2329
-2264
-2326
-2228
-2105
-1979
-1734
-1619
-1227
-1176
-770
-683
-382
-292
-154
84
121
294
239
505
428
638
661
880
920
1112
1232
1306
1519
1452
1590
1411
1437
1246
1059
829
624
488
206
125
-161
-266
-445
-495
-553
-575
-605
-653
-521
-636
-515
-601
-562
-615
-600
-551
-601
-478
-519
-358
-385
-132
-158
-44
63
179
222
81
213
-1
42
-207
-306
-515
-822
-1036
-1262
-1475
-1690
-1856
-2086
-2132
-2249
-2229
-2252
-2256
-2355
-2257
-2367
-2351
-2492
-2506
-2666
-2828
-2706
-2837
-2488
-2527
-1979
-1854
-1077
-521
136
1059
1604
2629
3075
3963
4252
4944
4896
5266
5148
5133
5038
4543
4304
3602
3425
2646
2366
1702
1387
784
599
201
-126
-195
-727
-670
-1204
-1206
-1611
-1814
-2214
-2450
-2653
-2948
-2950
-3156
-2903
-3023
-2582
-2552
-2066
-1750
-1404
-915
-634
-168
74
481
627
996
1063
1322
1341
1558
1599
1622
1668
1628
1803
1674
1795
1709
1826
1768
1670
1752
1476
1537
1262
1028
878
603
460
141
32
-217
-422
-519
-674
-683
-745
-591
-706
-477
-511
-282
-291
-108
-22
-62
200
145
473
301
505
467
661
546
652
615
543
587
384
458
107
119
-324
-366
-682
-958
-1188
-1393
-1558
-1760
-1687
-2056
-1981
-2192
-2229
-2334
-2446
-2529
-2614
-2631
-2833
-2809
-2982
-2890
-3056
-3016
-2938
-2844
-2326
-2262
-1614
-1269
-656
48
598
1556
1934
2883
3284
3943
4360
4856
5013
5050
5244
5026
5019
4500
4365
3777
3438
2910
2552
1899
1432
994
311
53
-637
-831
-1535
-1884
-2401
-2751
-3077
-3464
-3596
-4003
-3864
-4095
-3876
-3936
-3522
-3421
-2913
-2567
-2138
-1598
-1354
-780
-567
8
206
596
654
1055
1174
1431
1442
1600
1668
1727
1825
1747
1905
1854
1874
1847
1831
1790
1685
1368
1245
966
798
455
296
-35
-188
-277
-576
-567
-740
-630
-683
-553
-464
-349
-278
-83
76
-1
215
262
484
480
778
785
904
1069
1034
1185
1182
1313
1285
1268
1273
1182
935
914
710
412
146
-221
-498
-769
-1073
-1333
-1583
-1857
-2016
-2225
-2286
-2475
-2438
-2614
-2645
-2603
-2705
-2506
-2656
-2536
-2604
-2561
-2540
-2558
-2450
-2486
-2294
-2124
-1839
-1548
-1098
-561
4
774
1335
2302
2815
3703
4142
4832
5182
5370
5757
5583
5835
5545
5471
4982
4718
4142
3661
3055
2381
1827
1078
626
-173
-670
-1314
-1869
-2517
-2847
-3311
-3615
-3861
-4135
-4022
-4260
-4031
-4119
-3853
-3756
-3393
-3100
-2779
-2332
-2064
-1574
-1347
-758
-653
-168
-17
289
526
750
989
1072
1313
1245
1548
1400
1608
1531
1574
1505
1376
1424
1127
1094
776
606
236
57
-184
-480
-665
-935
-1049
-1189
-1151
-1277
-1261
-1302
-1068
-1048
-824
-630
-496
-284
-71
186
236
490
709
818
978
1148
1115
1292
1348
1416
1330
1444
1340
1265
1143
968
923
527
323
45
-413
-730
-1034
-1342
-1623
-1879
-2102
-2257
-2333
-2349
-2358
-2371
-2314
-2376
-2253
-2246
-2234
-2116
-2185
-2119
-2138
-2131
-1948
-1971
-1808
-1862
-1638
-1580
-1294
-1032
-668
-190
303
944
1438
2417
2933
3886
4361
5133
5640
6098
6505
6584
6891
6524
6617
6100
5902
5261
4738
4166
3453
2767
2048
1421
584
15
-899
-1285
-2112
-2397
-2981
-3384
-3662
-4031
-3956
-4377
-4160
-4324
-4072
-4048
-3748
-3519
-3279
-2919
-2640
-2187
-1843
-1383
-1122
-651
-432
116
347
590
885
1068
1231
1396
1565
1616
1643
1609
1599
1429
1400
1209
1014
807
494
244
-3
-305
-576
-814
-1098
-1346
-1516
-1554
-1713
-1769
-1766
-1759
-1655
-1589
-1399
-1255
-1110
-850
-739
-459
-300
-17
139
307
513
663
792
830
882
958
972
899
908
814
720
460
445
130
-18
-234
-573
-701
-985
-1118
-1340
-1532
-1755
-1849
-2062
-2121
-2252
-2389
-2445
-2625
-2624
-2806
-2734
-2858
-2776
-2804
-2707
-2598
-2452
-2188
-2029
-1707
-1536
-1061
-937
-525
-311
106
463
888
1390
1885
2574
2958
3843
4243
5005
5386
6000
6392
6655
6906
6854
6957
6592
6478
5912
5604
4907
4311
3678
2895
2214
1377
693
-216
-747
-1564
-2131
-2703
-3192
-3573
-3935
-4087
-4314
-4278
-4431
-4159
-4160
-3851
-3682
-3389
-3030
-2757
-2304
-2067
-1470
-1213
-727
-356
66
491
795
1236
1443
1778
1943
2112
2229
2291
2314
2199
2189
2004
1775
1492
1227
921
681
336
97
-256
-597
-790
-1037
-1160
-1407
-1461
-1672
-1648
-1594
-1563
-1505
-1480
-1374
-1338
-1168
-1108
-1037
-781
-731
-553
-354
-226
-95
50
134
243
378
470
539
527
626
529
654
537
426
334
163
46
-137
-348
-595
-854
-1150
-1369
-1667
-1914
-2272
-2501
-2788
-2946
-3064
-3255
-3318
-3385
-3312
-3181
-3021
-2815
-2594
-2405
-1982
-1648
-1305
-962
-651
-286
-17
315
490
779
959
1180
1419
1543
1834
1933
2300
2437
2843
3045
3411
3820
4005
4606
4601
5100
4965
5212
5091
5010
4851
4310
4254
3637
3308
2516
2099
1307
761
-29
-644
-1232
-1902
-2329
-2893
-3154
-3568
-3433
-3823
-3684
-3726
-3653
-3381
-3346
-2935
-2927
-2380
-2314
-1769
-1557
-1187
-864
-533
-84
112
736
748
1314
1435
1743
2019
2222
2280
2345
2480
2388
2395
2163
2058
1697
1540
1207
879
590
246
-21
-323
-557
-784
-933
-1174
-1187
-1310
-1343
-1431
-1447
-1466
-1520
-1388
-1459
-1312
-1201
-1100
-932
-855
-659
-496
-328
-105
130
342
603
754
896
1139
1207
1409
1457
1557
1653
1638
1485
1360
1150
919
655
248
37
-400
-706
-1020
-1286
-1577
-1941
-2055
-2341
-2462
-2488
-2600
-2567
-2400
-2292
-2086
-1806
-1602
-1265
-1034
-661
-415
-160
29
217
363
496
594
640
719
700
840
713
831
675
722
619
517
491
350
449
405
628
514
851
925
1164
1419
1653
2064
2075
2418
2338
2621
2515
2601
2363
2186
2070
1827
1664
1150
927
358
156
-449
-739
-1281
-1532
-1983
-2254
-2445
-2728
-2674
-3022
-2705
-2930
-2643
-2583
-2331
-2154
-1907
-1526
-1454
-947
-946
-450
-363
5
122
441
606
695
976
832
1202
1139
1255
1145
1249
1145
1072
959
790
623
368
252
-94
-217
-522
-636
-868
-1009
-1065
-1178
-1107
-1178
-1141
-1063
-955
-876
-710
-606
-440
-218
-192
117
244
361
571
699
822
1061
1198
1288
1476
1568
1687
1747
1870
1880
1997
1930
2050
1972
1941
1936
1745
1706
1510
1486
1143
1001
730
440
153
-97
-293
-720
-728
-1002
-1058
-1137
-1190
-1176
-1179
-1138
-1095
-992
-976
-852
-904
-723
-767
-658
-647
-703
-668
-794
-760
-853
-859
-989
-978
-1085
-1124
-1000
-981
-980
-870
-798
-758
-613
-587
-474
-473
-472
-334
-346
-134
-49
148
262
512
765
998
1385
1538
1961
2063
2367
2431
2591
2583
2427
2403
2107
2004
1638
1389
911
559
136
-260
-657
-1027
-1325
-1730
-1819
-2121
-2069
-2362
-2367
-2385
-2297
-2242
-2153
-2056
-2104
-1804
-1826
-1620
-1652
-1359
-1441
-1177
-1141
-1013
-868
-827
-618
-578
-303
-413
-67
-119
38
84
147
190
165
207
154
277
185
266
214
315
306
400
362
451
528
530
566
597
726
772
916
839
903
1006
1010
1084
1136
1239
1218
1338
1316
1425
1410
1492
1497
1507
1668
1641
1746
1758
1851
1777
1963
1881
1943
1854
1821
1790
1500
1568
1200
1108
784
641
362
192
-28
-308
-485
-768
-827
-1140
-1313
-1468
-1527
-1671
-1684
-1757
-1779
-1767
-1628
-1531
-1526
-1295
-1322
-1105
-977
-861
-696
-616
-512
-367
-304
-190
-75
-132
-18
-18
83
39
54
32
5
-2
-50
-128
-265
-340
-455
-543
-724
-873
-933
-1110
-1236
-1278
-1342
-1247
-1127
-996
-771
-479
-115
226
629
941
1270
1579
1699
1984
2019
2134
2052
2012
1955
1811
1647
1396
1132
775
596
281
-129
-416
-799
-1070
-1359
-1645
-1873
-2124
-2269
-2445
-2517
-2539
-2602
-2541
-2563
-2454
-2280
-2122
-1907
-1688
-1518
-1192
-994
-847
-529
-405
-77
37
223
415
447
705
716
844
964
1081
1095
1259
1283
1295
1355
1340
1358
1214
1120
1066
1051
964
920
879
776
772
767
746
692
647
640
581
524
533
436
425
345
347
413
292
295
345
357
376
387
452
582
597
878
933
1107
1296
1349
1545
1553
1642
1649
1722
1656
1607
1519
1259
1103
892
691
395
63
-278
-547
-847
-1117
-1337
-1500
-1775
-1822
-1867
-1973
-1946
-2060
-1944
-1991
-1833
-1719
-1612
-1413
-1276
-927
-812
-511
-385
-143
-71
57
184
237
382
372
515
418
435
472
284
298
124
12
-136
-321
-495
-612
-826
-976
-1157
-1233
-1313
-1382
-1427
-1382
-1371
-1309
-1244
-1049
-782
-510
-194
89
586
909
1421
1884
2281
2808
2945
3260
3413
3583
3546
3412
3262
2987
2853
2316
2072
1495
1185
743
168
-189
-691
-1004
-1561
-1731
-2109
-2341
-2657
-2715
-2940
-2971
-2895
-3103
-2856
-2911
-2696
-2634
-2482
-2348
-2077
-1971
-1716
-1386
-1245
-925
-676
-425
-164
199
387
644
875
1089
1190
1365
1372
1421
1518
1301
1429
1343
1312
1132
1138
981
949
828
655
719
434
432
257
232
100
-50
-64
-140
-132
-242
-179
-160
-148
-75
-90
81
105
233
295
317
388
546
615
619
767
747
857
937
902
1012
969
927
955
930
946
789
759
582
405
248
-76
-274
-624
-881
-1119
-1443
-1725
-1920
-2081
-2201
-2333
-2312
-2354
-2245
-2124
-1945
-1668
-1461
-1115
-799
-522
-187
122
462
749
936
1194
1334
1403
1548
1491
1624
1555
1622
1660
1522
1488
1353
1289
1143
981
767
628
359
176
-14
-186
-491
-647
-784
-996
-1036
-1269
-1244
-1249
-1262
-1197
-1128
-1032
-898
-795
-652
-396
-175
-20
296
486
909
1210
1528
1846
2115
2452
2537
2754
2867
2925
2744
2653
2468
2260
2018
1622
1314
797
534
95
-261
-693
-1013
-1385
-1730
-1877
-2170
-2298
-2558
-2579
-2761
-2596
-2721
-2648
-2614
-2529
-2334
-2265
-2098
-2007
-1753
-1708
-1464
-1390
-1133
-989
-714
-565
-382
-162
9
189
297
438
560
754
691
837
861
786
815
829
774
763
645
580
526
485
459
327
302
245
254
283
220
271
304
297
276
378
313
289
336
214
235
296
212
289
279
247
314
281
296
302
347
323
408
364
453
446
380
402
380
366
332
311
236
154
94
-62
-88
-139
-243
-234
-384
-387
-381
-416
-378
-321
-302
-243
-162
-128
-71
30
39
166
151
240
311
235
373
273
209
214
186
116
63
52
1
7
33
105
92
184
382
380
504
603
669
804
875
918
901
947
931
953
920
878
850
786
860
757
698
708
593
491
369
204
31
-149
-348
-591
-840
-977
-1265
-1508
-1661
-1935
-2058
-2183
-2257
-2279
-2271
-2295
-2132
-2026
-1833
-1566
-1223
-900
-471
-51
523
952
1429
1938
2209
2551
2688
2952
2888
2833
2727
2616
2300
1941
1648
1107
722
282
-274
-832
-1334
-1749
-2237
-2504
-2798
-3032
-3199
-3279
-3323
-3187
-3080
-3003
-2810
-2634
-2356
-2139
-1933
-1651
-1438
-1274
-995
-727
-430
-197
134
426
802
1108
1384
1753
1826
2080
2168
2450
2435
2481
2455
2462
2308
2154
2079
1739
1620
1312
1184
933
714
415
84
-47
-264
-451
-632
-753
-905
-994
-1010
-1145
-1139
-1202
-1231
-1185
-1234
-1108
-1028
-916
-824
-611
-443
-265
7
212
345
554
888
1037
1308
1537
1713
1896
1961
2091
2184
2159
2120
2077
2053
1875
1719
1572
1412
1226
988
672
465
264
36
-238
-481
-641
-866
-991
-1098
-1175
-1264
-1234
-1320
-1273
-1298
-1239
-1222
-1080
-1119
-976
-923
-789
-705
-637
-416
-353
-147
-51
254
282
500
669
820
822
935
1112
1062
1169
1112
1099
978
974
709
637
412
179
99
-105
-211
-440
-446
-747
-733
-913
-1022
-1171
-1286
-1361
-1498
-1688
-1748
-1754
-1967
-1890
-2045
-1943
-2026
-1903
-1843
-1785
-1639
-1561
-1399
-1338
-1181
-1103
-982
-872
-731
-641
-517
-374
-107
26
237
578
766
1177
1465
1875
2150
2482
2680
2871
2988
3075
3069
2823
2683
2384
2156
1800
1403
947
482
103
-379
-776
-1232
-1609
-1878
-2221
-2293
-2458
-2505
-2541
-2473
-2365
-2239
-2109
-1959
-1707
-1524
-1285
-986
-806
-504
-336
3
120
367
553
708
984
1065
1258
1385
1566
1653
1712
1768
1900
1873
1874
1815
1638
1479
1329
1185
919
708
508
375
189
38
-52
-223
-309
-390
-385
-531
-510
-487
-541
-400
-400
-281
-232
-160
-92
19
150
170
236
381
405
552
734
846
1034
1146
1436
1507
1633
1850
1904
1978
1951
1983
1897
1872
1663
1488
1335
974
677
250
-84
-512
-883
-1300
-1652
-1970
-2242
-2363
-2573
-2632
-2752
-2802
-2723
-2720
-2614
-2518
-2379
-2156
-1993
-1839
-1633
-1394
-1186
-893
-622
-390
-36
164
452
763
947
1218
1398
1501
1695
1867
1954
2027
1936
1971
1756
1668
1436
1247
1048
764
564
285
85
-217
-277
-689
-792
-932
-1065
-1168
-1171
-1185
-1392
-1201
-1271
-1168
-1198
-1001
-889
-767
-636
-425
-334
-241
50
43
377
412
569
613
656
702
727
703
622
600
288
390
83
-2
-239
-409
-702
-849
-909
-1198
-1302
-1486
-1635
-1820
-1911
-2152
-2162
-2368
-2426
-2466
-2527
-2527
-2429
-2199
-2107
-1736
-1498
-971
-615
35
500
1065
1626
2002
2548
2905
3344
3406
3650
3597
3790
3590
3473
3166
2847
2678
2174
1833
1297
1034
449
222
-225
-401
-703
-924
-993
-1131
-1074
-1142
-1021
-1111
-966
-1021
-859
-744
-583
-520
-427
-175
-104
215
277
602
751
945
1227
1429
1614
1805
1916
2017
2155
2193
2196
2086
2072
1832
1752
1503
1246
1152
742
452
275
104
-195
-346
-621
-702
-896
-1047
-1137
-1160
-1239
-1297
-1181
-1235
-1174
-1122
-1063
-954
-825
-839
-669
-621
-542
-485
-426
-345
-292
-194
-231
-83
-85
48
70
101
-4
71
8
-67
-80
-318
-363
-601
-656
-914
-950
-1090
-1259
-1342
-1484
-1466
-1581
-1568
-1629
-1629
-1444
-1515
-1339
-1216
-1196
-976
-923
-812
-644
-466
-379
-283
-199
-129
81
161
125
238
366
398
570
610
673
746
806
962
1021
1022
1057
1073
1023
1122
1083
947
902
826
695
574
406
356
114
-39
-118
-265
-254
-479
-397
-553
-539
-525
-555
-591
-522
-530
-538
-557
-441
-379
-390
-269
-251
-105
-123
0
43
87
144
297
367
462
578
504
623
678
833
813
865
944
864
1030
1104
1125
960
1159
1096
1139
1065
1092
942
830
781
657
455
428
410
140
196
76
174
-45
26
107
8
29
127
18
-25
44
-136
-69
-218
-236
-287
-342
-247
-372
-321
-363
-329
-373
-297
-292
-207
-248
-221
-131
-228
-210
-270
-244
-338
-305
-410
-484
-535
-480
-511
-457
-337
-322
-206
-106
149
385
570
694
992
1078
1259
1308
1392
1331
1331
1214
998
937
545
436
-3
-219
-511
-891
-1109
-1453
-1580
-1821
-1972
-2044
-2010
-2164
-2060
-2028
-1904
-1812
-1662
-1579
-1434
-1257
-1151
-927
-823
-682
-620
-353
-289
-145
-7
126
222
285
411
529
679
656
705
712
821
797
763
681
574
469
431
331
302
58
-36
-100
-269
-271
-397
-470
-513
-482
-515
-480
-427
-340
-279
-176
-41
26
121
191
318
459
432
549
607
596
742
768
812
870
866
843
874
865
879
877
843
824
863
763
748
762
584
537
400
342
256
114
38
24
-73
-136
-191
-329
-307
-418
-430
-491
-498
-429
-544
-440
-381
-296
-268
-193
-109
-26
96
152
230
265
369
324
379
384
394
462
445
541
477
517
532
504
496
355
390
331
372
277
246
213
140
103
132
42
26
-113
-53
-1
-57
7
-83
61
38
71
158
136
222
287
198
221
275
285
230
284
290
330
301
250
278
187
136
58
-21
-50
-153
-211
-290
-368
-518
-523
-585
-653
-725
-726
-801
-854
-886
-912
-915
-966
-905
-982
-946
-936
-930
-891
-891
-787
-808
-837
-695
-711
-668
-626
-537
-481
-432
-327
-250
-184
-180
-96
-143
-83
-110
-152
-206
-87
-199
-233
-175
-181
-172
-177
-152
-211
-151
-214
-179
-225
-169
-187
-132
-86
-33
86
68
203
264
200
258
376
296
418
410
512
571
584
698
617
758
666
660
462
519
329
294
233
77
47
-108
-66
-214
-148
-280
-273
-413
-383
-310
-384
-345
-330
-214
-271
-148
-70
-59
100
52
178
157
178
264
288
296
273
335
357
399
514
685
812
923
1118
1406
1630
1882
2011
2233
2440
2546
2627
2690
2609
2420
2267
2008
1845
1452
1119
626
277
-126
-444
-945
-1222
-1623
-1834
-1997
-2162
-2168
-2346
-2250
-2336
-2180
-2093
-1947
-1877
-1690
-1605
-1393
-1144
-1083
-886
-768
-578
-447
-312
-224
-142
12
109
314
344
504
614
679
770
846
1006
1030
1058
1087
1001
1061
912
886
775
571
553
318
207
73
178
-25
16
-32
-77
43
-44
-43
-35
-100
-122
-43
-93
-151
-187
-180
-193
-197
-275
-308
-277
-295
-260
-248
-251
-289
-225
-262
-162
-221
-190
-203
-250
-318
-403
-409
-637
-772
-895
-1054
-1209
-1374
-1511
-1657
-1787
-1917
-2008
-2132
-2077
-2075
-2081
-2009
-1964
-1790
-1676
-1525
-1356
-1228
-1013
-803
-619
-306
-236
119
310
492
744
917
1175
1339
1558
1698
1862
2010
2032
2137
2186
2229
2298
2160
2137
2076
1976
1849
1747
1538
1347
1180
959
822
719
560
436
364
285
268
236
177
143
136
120
136
123
124
217
261
277
380
356
444
502
547
517
511
595
569
584
569
664
502
547
468
442
382
248
214
-10
-137
-304
-355
-540
-593
-741
-800
-902
-939
-946
-1054
-997
-1139
-1108
-1178
-1165
-1192
-1211
-1195
-1210
-1168
-1232
-1181
-1187
-1024
-1040
-872
-750
-680
-477
-328
-223
-148
-7
70
132
223
281
344
400
441
549
559
585
615
636
732
645
711
642
627
566
504
523
437
412
296
334
276
268
229
277
231
150
139
110
-2
-23
-119
-188
-222
-266
-163
-260
-238
-316
-221
-240
-269
-246
-320
-307
-359
-385
-383
-425
-503
-533
-512
-590
-532
-529
-653
-591
-643
-573
-625
-593
-570
-587
-541
-542
-433
-404
-415
-310
-336
-255
-225
-239
-188
-152
-155
-154
-25
-118
-90
-106
-67
-64
-50
-12
48
-23
45
87
135
213
334
426
456
583
649
704
748
834
766
921
976
964
1028
1043
1132
1147
1204
1327
1272
1301
1255
1222
1227
1160
1066
923
973
806
731
688
553
435
328
246
200
117
-14
-79
-153
-252
-298
-306
-306
-394
-371
-406
-391
-454
-455
-481
-552
-487
-552
-435
-512
-402
-453
-468
-413
-454
-381
-414
-355
-331
-287
-267
-155
-224
-137
-106
-163
-146
-199
-155
-173
-199
-222
-191
-239
-232
-271
-302
-351
-391
-348
-419
-438
-481
-518
-533
-538
-475
-532
-512
-512
-464
-447
-443
-463
-433
-396
-384
-271
-199
-119
-150
59
17
120
149
207
240
291
352
378
407
412
488
339
359
324
231
219
178
42
34
-124
-122
-248
-304
-342
-429
-429
-433
-446
-498
-517
-447
-558
-501
-320
-407
-324
-299
-248
-124
-108
-70
63
74
162
263
227
272
393
366
398
505
538
664
613
635
685
694
574
582
557
472
357
402
322
227
173
127
3
8
-51
-152
-154
-248
-273
-353
-261
-343
-291
-336
-181
-148
-128
-30
74
134
172
216
248
304
374
409
393
502
515
584
528
556
521
594
550
507
518
521
493
480
437
378
268
276
168
92
70
0
24
-138
-94
-139
-156
-227
-241
-259
-318
-258
-278
-239
-257
-216
-173
-175
-97
0
-35
27
34
62
135
222
193
208
238
274
314
296
279
289
240
205
233
137
99
35
8
-71
-131
-214
-263
-352
-506
-468
-458
-473
-636
-539
-551
-564
-512
-554
-476
-495
-473
-465
-405
-446
-397
-422
-379
-336
-377
-315
-314
-311
-260
-311
-305
-331
-264
-292
-269
-351
-395
-320
-357
-290
-149
-75
-3
61
144
148
168
239
246
316
94
155
-92
-40
-198
-523
-608
-876
-733
-950
-920
-1041
-1082
-1158
-1032
-1030
-1042
-866
-832
-690
-633
-349
-287
-73
-33
165
264
445
525
548
739
839
932
936
1028
1010
1056
1034
1116
1108
1074
1114
1150
1111
1214
1164
1203
1203
1090
1081
1039
907
800
672
594
483
373
291
225
185
111
81
68
118
141
58
102
196
88
141
93
140
70
80
177
88
272
171
228
246
217
202
140
134
129
71
-27
65
-102
-111
-137
-153
-242
-272
-250
-330
-310
-394
-304
-359
-300
-385
-297
-331
-237
-180
-149
-102
-94
53
11
76
44
157
223
203
275
331
276
393
332
365
293
334
254
278
246
188
158
-35
-4
-163
-203
-305
-420
-483
-546
-513
-663
-644
-677
-710
-786
-791
-888
-960
-792
-936
-855
-965
-929
-864
-897
-895
-908
-851
-848
-768
-786
-781
-722
-787
-650
-601
-611
-503
-483
-463
-479
-489
-469
-405
-437
-424
-418
-277
-250
-289
-234
-208
-102
-199
-55
17
-2
94
106
224
216
269
335
315
306
331
313
343
387
419
453
415
519
506
479
560
468
492
461
537
553
482
519
500
511
570
535
533
636
553
627
639
673
693
634
607
551
519
517
530
476
495
545
518
553
580
506
572
420
409
471
355
422
367
424
400
328
380
263
309
193
177
133
58
71
17
29
3
-39
-52
-43
-68
-101
-72
-105
-81
-61
-139
-35
-134
-89
-120
-124
-159
-170
-177
-144
-192
-182
-171
-218
-170
-133
-114
-80
-88
-87
-15
11
68
100
173
193
259
302
290
320
290
292
194
161
202
167
58
-2
-15
-125
-123
-320
-308
-409
-465
-508
-528
-508
-617
-677
-706
-731
-817
-806
-907
-912
-910
-897
-857
-847
-780
-781
-737
-700
-619
-545
-546
-428
-433
-344
-277
-267
-179
-200
-207
-158
-186
-97
-121
-170
-178
-199
-164
-163
-210
-196
-177
-265
-176
-196
-140
-132
-115
-13
-74
-13
-51
62
1
29
2
42
36
-71
-2
50
86
88
218
212
233
253
311
286
304
286
213
311
297
347
326
314
349
366
423
434
471
475
476
546
520
514
483
440
408
408
391
381
338
254
333
234
253
336
300
280
265
327
339
456
385
434
497
520
628
547
625
668
531
667
543
496
454
395
396
300
287
285
308
242
267
185
233
79
110
18
28
-21
-19
-32
-94
-94
-171
-156
-176
-171
-175
-186
-211
-182
-150
-211
-196
-209
-122
-167
-228
-108
-142
-104
-166
-150
-240
-238
-210
-331
-282
-280
-275
-373
-334
-357
-326
-362
-378
-345
-380
-385
-352
-282
-306
-237
-219
-237
-252
-312
-269
-289
-346
-340
-324
-299
-297
-357
-314
-294
-290
-254
-230
-346
-303
-304
-294
-309
-253
-327
-371
-334
-255
-257
-386
-297
-379
-372
-417
-369
-371
-339
-308
-209
-249
-185
-106
-142
-78
-112
-92
-135
-65
-152
-127
-90
-73
-78
-128
-176
-204
-146
-332
-205
-274
-303
-291
-219
-119
-201
-60
-80
-31
-49
31
38
63
176
155
210
188
299
302
289
344
317
384
430
388
372
432
409
281
396
345
315
259
373
331
295
327
268
294
273
325
341
281
349
396
492
455
503
524
588
571
485
580
509
581
566
623
541
641
608
626
588
620
759
588
670
602
591
627
617
647
519
491
496
456
444
401
334
301
274
178
175
155
75
25
25
5
-18
-2
4
-39
-56
-56
-46
-42
-113
-153
-199
-197
-207
-278
-361
-346
-409
-494
-490
-475
-493
-478
-532
-531
-479
-625
-589
-574
-639
-631
-673
-679
-676
-743
-741
-726
-728
-732
-778
-763
-710
-706
-671
-619
-565
-565
-541
-538
-492
-452
-435
-366
-419
-388
-330
-310
-357
-275
-218
-184
-196
-148
-132
-112
-83
-65
-74
-42
-58
-62
-34
-109
-57
-90
-111
-52
-100
-52
-82
-32
16
-5
10
10
48
3
103
-11
38
40
53
86
21
92
72
75
108
188
144
128
193
161
174
151
200
151
119
251
161
150
157
144
146
147
210
168
248
208
190
242
264
291
225
189
312
188
272
279
302
352
405
423
467
490
428
546
494
545
476
520
485
509
487
452
600
397
489
462
452
558
464
570
531
523
495
465
441
405
407
349
309
363
294
250
244
248
170
184
179
150
141
60
99
88
135
32
30
149
-56
64
50
25
24
59
28
134
98
58
91
-70
-13
-125
-111
-260
-242
-301
-335
-305
-464
-323
-375
-381
-394
-481
-383
-476
-471
-498
-557
-608
-658
-653
-677
-677
-670
-688
-673
-695
-645
-732
-708
-700
-727
-676
-751
-577
-584
-515
-519
-445
-429
-407
-337
-380
-295
-272
-273
-274
-276
-244
-237
-275
-118
-123
-203
-134
-181
-158
-193
-167
-204
-141
-98
-59
-44
16
34
114
-1
-16
57
-20
31
16
78
53
112
123
233
210
308
265
325
298
303
297
341
325
289
400
228
473
293
358
277
301
271
187
155
218
222
150
243
182
189
211
184
214
119
170
174
92
171
58
145
48
148
91
182
288
258
324
278
393
404
478
474
502
489
558
572
472
621
511
532
560
453
451
410
413
437
478
419
478
500
440
396
415
308
337
350
341
311
339
352
263
262
162
205
66
92
91
-1
51
-60
-33
-98
-72
-154
-90
-158
-251
-214
-329
-298
-349
-370
-419
-357
-443
-366
-348
-331
-300
-325
-282
-328
-202
-280
-295
-240
-280
-204
-316
-242
-209
-280
-271
-280
-267
-255
-361
-334
-329
-332
-387
-410
-389
-355
-325
-411
-287
-433
-403
-436
-497
-388
-433
-424
-486
-375
-338
-461
-452
-444
-439
-505
-456
-402
-313
-402
-333
-345
-267
-258
-293
-319
-288
-281
-330
-259
-299
-265
-213
-204
-150
-178
-189
-161
-135
-169
-163
-105
-110
-64
-26
-10
18
93
77
204
100
194
147
151
175
152
201
176
290
215
240
241
215
250
172
236
197
166
167
235
202
195
292
225
301
287
325
329
342
273
344
254
249
256
287
240
277
372
371
410
408
473
401
490
471
483
475
482
485
451
543
473
566
481
524
552
466
603
528
574
481
489
477
407
418
345
355
340
363
269
287
326
301
311
198
270
182
274
163
206
136
39
15
-20
8
-45
-56
-131
-114
-130
-172
-167
-222
-290
-265
-405
-288
-414
-415
-330
-532
-417
-494
-360
-485
-331
-430
-491
-524
-597
-560
-642
-566
-593
-618
-523
-492
-554
-510
-532
-476
-455
-412
-420
-392
-345
-322
-372
-381
-345
-338
-371
-290
-286
-214
-323
-392
-262
-334
-205
-358
-259
-227
-239
-263
-306
-237
-327
-215
-317
-290
-317
-332
-233
-309
-318
-261
-199
-267
-136
-101
-94
-78
-41
-33
-44
-79
-15
-78
-112
-52
-98
-11
-73
0
71
105
104
100
134
150
126
162
72
204
166
271
280
220
325
269
286
305
356
262
331
325
364
393
304
335
363
435
403
464
428
390
520
471
495
484
531
471
536
606
618
585
448
593
480
579
453
494
556
465
579
591
564
490
511
455
496
461
482
414
427
385
262
273
266
184
169
132
144
152
115
41
92
-70
-59
-13
-173
-216
-225
-131
-264
-182
-236
-245
-243
-340
-131
-235
-227
-232
-241
-199
-179
-218
-119
-62
-141
-50
-219
-167
-176
-239
-371
-281
-336
-372
-327
-312
-397
-498
-481
-515
-459
-512
-432
-452
-377
-375
-410
-287
-451
-428
-320
-286
-341
-344
-311
-217
-286
-283
-245
-158
-154
-217
-82
-99
-118
-114
-55
-18
-80
-73
-114
-72
-130
-129
-126
-169
-209
-226
-101
-188
-230
-249
-311
-249
-260
-316
-321
-237
-258
-276
-254
-239
-227
-179
-130
-64
-33
0
-14
5
31
-104
-38
-47
-106
-77
-29
1
41
199
171
204
194
290
179
303
201
170
105
131
214
146
199
75
205
179
263
231
233
324
239
261
288
348
337
358
322
342
369
381
429
375
479
467
468
495
524
649
517
520
537
598
503
499
505
519
515
419
409
368
281
214
294
185
230
181
174
282
238
202
302
126
135
230
-23
106
7
1
6
-8
-8
-63
-78
-24
2
-6
-29
-76
-131
-114
-147
-147
-188
-254
-264
-276
-192
-247
-115
-261
-120
-265
-207
-252
-306
-266
-337
-215
-299
-204
-308
-192
-148
-194
-201
-221
-156
-334
-306
-260
-346
-290
-406
-350
-405
-381
-412
-316
-290
-340
-378
-272
-178
-199
-193
-258
-228
-184
-295
-98
-204
-307
-257
-315
-293
-332
-278
-432
-311
-298
-285
-274
-338
-203
-331
-296
-281
-354
-313
-302
-241
-204
-214
-148
-245
-222
-149
-173
-69
-139
-134
-140
-202
-112
-128
-152
-137
-52
-102
-63
135
83
126
44
100
119
21
142
63
-11
60
40
-27
151
123
138
260
170
281
356
317
350
316
281
294
364
339
358
278
352
362
343
280
302
433
266
534
309
296
404
405
389
269
436
372
425
377
328
512
306
431
492
454
464
417
551
416
424
396
362
329
332
322
329
291
345
292
343
287
266
189
128
173
146
149
166
120
142
164
17
56
-21
-33
-5
-93
-22
53
82
60
42
21
-24
32
-171
-96
-229
-235
-224
-289
-265
-396
-325
-349
-227
-294
-213
-184
-243
-187
-267
-254
-361
-328
-437
-375
-412
-495
-392
-403
-460
-467
-370
-466
-339
-335
-478
-340
-409
-425
-328
-354
-380
-281
-326
-329
-234
-419
-373
-374
-397
-463
-314
-330
-352
-291
-395
-242
-348
-340
-297
-259
-303
-324
-287
-301
-203
-382
-257
-373
-262
-247
-278
-277
-175
-230
-238
3
-147
-5
-45
-103
-64
-129
-114
-98
-75
-28
-55
77
2
28
96
153
75
92
144
165
298
254
328
333
399
369
402
369
509
427
493
417
427
528
446
556
482
523
443
602
495
674
498
571
667
511
575
585
637
377
572
549
545
505
642
559
525
567
432
471
371
385
443
372
443
479
447
453
372
352
397
300
286
240
321
301
273
287
253
303
174
96
47
6
4
-27
10
-33
-102
-70
-100
-11
-51
-169
-140
-209
-194
-206
-185
-210
-233
-250
-207
-284
-247
-234
-254
-192
-312
-327
-366
-412
-464
-380
-472
-558
-525
-454
-631
-530
-459
-569
-449
-536
-475
-535
-389
-442
-449
-392
-314
-177
-319
-267
-320
-331
-272
-315
-356
-363
-409
-305
-371
-307
-352
-353
-265
-230
-270
-281
-232
-235
-317
-332
-342
-322
-262
-329
-272
-314
-306
-338
-334
-373
-298
-337
-342
-205
-234
-237
-236
-173
-193
-62
-65
-20
-106
-58
71
69
50
133
93
107
264
213
169
225
254
277
311
288
332
354
427
407
468
331
429
370
365
454
412
344
371
402
299
366
388
391
411
458
390
402
360
444
352
302
323
336
295
249
338
352
352
321
304
348
261
248
359
264
240
236
271
327
299
345
345
340
175
300
296
196
207
236
284
183
214
208
285
202
215
160
274
152
172
201
280
144
236
277
98
167
91
148
53
91
8
-2
-42
23
-47
-128
-124
-140
-162
-192
-103
-122
-61
-72
-123
-237
-190
-272
-277
-357
-399
-385
-467
-446
-361
-398
-310
-324
-349
-318
-438
-444
-466
-504
-598
-643
-559
-645
-628
-540
-532
-577
-607
-425
-649
-544
-507
-415
-478
-497
-376
-575
-477
-343
-385
-477
-377
-342
-339
-293
-274
-304
-321
-383
-246
-282
-286
-228
-234
-109
-217
-135
-29
-60
-97
-76
21
-30
-6
43
-25
110
61
136
118
161
231
136
234
271
302
238
277
267
264
223
209
212
300
193
166
253
153
133
167
220
152
148
253
194
276
184
334
206
143
313
146
250
278
256
263
312
286
233
292
196
302
270
275
370
309
337
316
388
270
365
316
274
446
335
402
368
298
244
327
245
255
222
251
186
213
221
248
330
210
320
171
327
269
319
284
279
311
303
339
265
191
241
178
165
185
107
185
120
238
107
234
213
180
151
185
136
26
47
49
18
-111
-6
-24
-50
-194
-134
-88
-120
-179
-301
-210
-251
-166
-175
-241
-264
-260
-207
-231
-215
-167
-224
-299
-315
-281
-372
-355
-414
-361
-406
-359
-295
-432
-348
-397
-363
-384
-390
-372
-339
-469
-436
-488
-568
-512
-492
-557
-448
-488
-496
-315
-471
-406
-469
-371
-404
-406
-365
-365
-378
-343
-286
-299
-276
-242
-269
-350
-228
-301
-334
-261
-229
-126
-111
-65
-58
58
11
19
56
43
88
1
66
32
53
-15
65
83
34
165
104
178
128
138
235
110
223
222
255
234
231
290
235
234
208
236
193
236
123
233
187
159
175
250
230
254
339
337
304
390
389
384
436
394
382
439
389
482
454
439
554
443
498
414
513
418
480
459
476
516
567
548
478
592
510
523
455
450
446
385
348
321
405
287
190
255
140
203
114
207
211
109
205
150
134
131
69
74
49
55
7
9
30
-60
-78
-15
-68
10
-137
-146
-152
-181
-145
-192
-233
-350
-254
-357
-339
-414
-357
-442
-410
-370
-388
-368
-452
-393
-421
-428
-469
-476
-479
-457
-469
-477
-553
-523
-529
-530
-473
-491
-535
-421
-437
-458
-440
-471
-453
-441
-455
-455
-441
-415
-460
-483
-351
-395
-279
-334
-344
-251
-335
-373
-297
-475
-412
-457
-404
-411
-382
-297
-404
-235
-375
-249
-290
-263
-254
-252
-202
-180
-82
-105
2
-11
2
73
-34
-18
-49
74
80
2
93
113
183
162
259
165
146
145
229
261
202
269
238
303
320
385
313
439
387
433
427
366
486
429
543
490
582
562
521
531
558
578
541
562
537
683
528
594
535
602
524
426
554
411
554
494
555
586
464
509
514
475
448
410
367
323
377
236
420
286
305
246
156
145
114
142
58
94
35
50
0
22
-41
-11
-25
-89
24
-74
37
41
-44
2
-67
-16
-142
-54
-138
-139
-92
-235
-197
-181
-231
-227
-276
-278
-322
-357
-364
-425
-420
-426
-371
-398
-386
-423
-304
-369
-359
-330
-375
-308
-347
-391
-409
-370
-425
-380
-434
-444
-445
-349
-360
-354
-303
-302
-266
-295
-206
-205
-262
-191
-146
-242
-206
-238
-232
-271
-234
-263
-256
-315
-263
-258
-299
-311
-406
-328
-390
-335
-262
-181
-186
-164
-147
-98
-117
-124
-115
-116
-113
-63
-60
-14
-6
-94
-60
-22
-75
-56
-22
-58
2
55
12
112
68
42
61
77
116
88
169
177
257
189
208
182
231
181
205
260
212
284
287
336
340
358
413
394
433
503
362
445
369
324
381
370
376
352
258
321
289
284
286
240
313
276
299
301
328
349
304
353
307
318
343
322
273
319
358
290
308
340
312
301
263
344
335
325
353
236
254
256
203
241
268
109
227
83
132
123
44
107
62
69
-14
105
25
5
48
-59
-47
3
-31
-141
-103
-84
-122
-195
-171
-203
-176
-232
-264
-261
-277
-253
-298
-259
-275
-247
-227
-169
-174
-284
-243
-203
-261
-223
-276
-296
-301
-405
-295
-315
-351
-315
-324
-368
-361
-375
-431
-504
-455
-569
-517
-484
-447
-467
-469
-412
-479
-454
-479
-435
-470
-443
-479
-389
-436
-378
-489
-444
-365
-370
-387
-354
-262
-414
-317
-298
-362
-387
-308
-329
-223
-196
-110
-77
-90
8
14
-36
42
-28
47
-17
15
-23
-30
-6
42
23
-27
-34
-87
-43
19
20
45
97
130
188
159
207
151
169
248
248
272
212
308
265
296
383
250
412
338
407
450
343
392
395
429
400
421
464
470
485
486
563
450
553
477
545
514
516
465
532
491
402
528
427
515
505
564
517
531
435
418
438
398
353
315
326
221
266
258
264
294
271
265
191
241
64
218
179
23
199
51
147
124
40
110
48
33
-30
22
-59
-5
57
23
16
49
-26
-46
-25
-62
-58
-135
-154
-163
-202
-260
-267
-363
-293
-388
-258
-330
-298
-416
-337
-334
-483
-295
-500
-405
-413
-458
-429
-406
-336
-462
-400
-392
-382
-426
-459
-423
-464
-401
-355
-350
-355
-346
-352
-364
-404
-386
-467
-444
-436
-384
-381
-360
-317
-393
-342
-395
-372
-355
-380
-320
-358
-304
-315
-331
-360
-319
-332
-303
-240
-274
-287
-242
-216
-255
-158
-147
-210
-101
-172
-145
-103
-47
3
-55
115
62
90
77
106
161
54
125
190
139
225
221
201
260
221
252
265
290
284
289
318
336
363
409
419
514
431
451
473
482
500
529
576
413
417
430
478
427
368
503
410
431
462
415
501
373
491
493
463
455
481
353
335
336
224
336
185
225
320
262
255
251
289
279
254
242
256
256
156
200
137
205
154
103
162
78
187
173
179
182
87
134
93
91
39
-55
-21
-72
-101
-94
-73
-45
-91
-48
-124
-85
-201
-132
-185
-237
-171
-227
-155
-236
-244
-263
-184
-356
-264
-315
-379
-342
-476
-291
-403
-239
-405
-408
-315
-382
-292
-492
-337
-386
-390
-397
-329
-384
-298
-300
-363
-231
-292
-264
-419
-360
-322
-431
-310
-295
-434
-301
-341
-437
-368
-479
-397
-460
-410
-419
-307
-386
-330
-255
-338
-298
-278
-256
-307
-243
-286
-189
-216
-244
-169
-245
-168
-186
-122
-56
-11
38
51
18
9
-7
88
32
27
195
168
148
135
175
189
109
99
197
189
219
138
250
251
311
300
285
342
314
364
249
207
229
211
259
331
246
262
279
356
319
372
291
373
339
381
369
415
431
387
448
382
389
408
389
407
359
327
307
354
294
347
374
301
387
417
446
379
452
300
376
322
309
310
334
215
285
337
162
225
215
131
163
134
149
167
163
130
158
137
164
117
133
131
117
85
27
131
-17
-23
97
61
67
-28
57
-35
-80
-115
-233
-169
-197
-172
-186
-172
-153
-213
-134
-304
-275
-293
-308
-252
-348
-397
-342
-387
-419
-376
-434
-440
-420
-359
-456
-391
-432
-394
-412
-553
-444
-457
-536
-465
-563
-481
-566
-548
-529
-570
-465
-523
-525
-540
-572
-559
-463
-428
-484
-413
-354
-340
-314
-397
-339
-266
-362
-194
-164
-130
-121
-65
-108
-58
-107
-49
-44
5
97
-16
160
18
49
65
63
74
106
132
47
182
124
133
187
108
141
177
209
330
417
394
487
467
528
528
438
474
436
409
368
351
363
364
336
310
386
338
288
381
301
335
294
314
355
296
279
341
252
232
349
250
211
178
230
251
179
234
266
271
306
280
291
264
342
259
299
279
357
318
312
365
218
320
286
266
264
261
255
233
214
177
154
175
181
179
163
206
157
90
114
86
1
-40
-33
-36
35
-49
61
-72
11
25
-93
-64
-113
-76
-193
-50
-157
-131
-170
-217
-217
-252
-251
-286
-280
-388
-266
-358
-361
-285
-326
-327
-320
-259
-268
-304
-325
-312
-233
-342
-353
-354
-303
-325
-356
-331
-303
-324
-285
-282
-364
-222
-372
-332
-354
-341
-288
-330
-346
-338
-317
-343
-432
-376
-302
-315
-306
-335
-308
-420
-348
-363
-390
-444
-446
-426
-330
-277
-266
-329
-270
-255
-214
-189
-217
-97
-193
-74
-100
-36
0
-37
64
12
27
39
175
117
140
51
65
81
81
52
83
119
93
184
287
284
257
420
361
354
446
399
464
470
379
466
321
417
398
345
326
328
332
366
399
281
411
269
400
325
353
379
306
326
337
368
354
381
393
316
386
343
324
362
297
328
321
326
288
300
227
278
307
285
254
243
264
229
121
154
173
180
181
219
119
249
223
199
181
144
143
61
93
27
64
6
-7
25
44
14
98
75
-10
123
-15
-52
-69
-123
-120
-151
-101
-216
-175
-178
-218
-198
-291
-290
-331
-339
-356
-346
-268
-363
-379
-392
-397
-308
-445
-463
-507
-399
-445
-381
-396
-322
-359
-333
-186
-333
-286
-280
-247
-364
-248
-342
-281
-309
-428
-335
-372
-443
-358
-425
-492
-425
-421
-405
-432
-366
-475
-338
-397
-427
-369
-337
-384
-304
-415
-366
-356
-404
-267
-381
-263
-252
-210
-178
-175
-130
-108
-48
-58
-100
0
-13
8
85
53
138
115
149
176
212
168
192
215
205
200
257
146
240
321
207
319
281
369
343
371
387
297
382
390
390
397
353
359
371
444
447
393
421
410
498
433
449
488
489
510
352
510
444
494
490
506
543
501
520
458
491
504
453
538
534
523
480
471
479
384
469
329
289
278
264
266
180
181
191
108
89
125
30
75
-4
48
-11
-54
-22
16
-29
-76
-55
-142
-94
-141
-96
-123
-187
-127
-152
-202
-237
-191
-173
-202
-217
-186
-158
-224
-262
-193
-282
-164
-143
-226
-112
-233
-184
-245
-227
-277
-330
-373
-358
-333
-384
-385
-359
-416
-397
-379
-388
-387
-319
-347
-427
-416
-424
-404
-429
-398
-433
-369
-378
-320
-367
-308
-418
-471
-382
-484
-366
-439
-418
-416
-409
-442
-447
-379
-461
-390
-479
-432
-418
-458
-393
-460
-319
-257
-218
-198
-95
-133
-153
-140
-126
-168
-107
-114
-129
-127
-95
-47
-53
-53
-24
28
111
147
103
220
186
144
330
304
294
339
322
361
400
323
365
273
298
370
323
347
377
331
362
415
349
331
395
423
401
320
411
368
330
390
283
485
380
430
456
509
439
424
453
405
495
405
492
415
520
490
471
447
408
418
408
393
383
431
355
345
366
320
294
250
189
182
128
103
154
56
146
130
85
86
32
23
-15
6
-65
-72
-130
-92
-126
-223
-89
-173
-35
-60
-122
-43
-45
-53
-70
-145
-144
-138
-137
-97
-125
-95
-48
-125
-114
-92
-128
-104
-196
-141
-173
-211
-253
-245
-248
-322
-380
-305
-429
-421
-417
-430
-463
-468
-477
-508
-524
-618
-560
-584
-573
-596
-593
-621
-608
-542
-543
-483
-485
-408
-416
-414
-469
-418
-371
-357
-267
-380
-254
-324
-242
-285
-238
-160
-283
-123
-150
-170
-159
-133
-144
-119
-166
-113
-162
-100
-141
-160
-143
-177
-15
-127
-37
-20
26
106
154
145
107
170
147
246
200
199
215
218
201
196
285
317
306
365
397
424
385
399
425
448
364
478
464
512
459
476
442
387
451
353
414
309
262
323
327
294
304
243
308
288
298
293
307
284
330
245
314
326
231
355
298
287
286
326
230
289
287
212
248
228
267
236
299
244
274
329
307
333
300
355
406
375
454
370
334
331
261
218
210
143
38
58
-5
-99
49
-92
-20
-51
-143
-128
-232
-169
-253
-266
-366
-313
-380
-309
-308
-315
-257
-330
-249
-318
-272
-282
-329
-341
-346
-374
-340
-282
-351
-396
-395
-392
-427
-426
-386
-421
-336
-390
-344
-273
-291
-310
-322
-240
-338
-206
-359
-280
-324
-368
-373
-470
-406
-388
-374
-448
-434
-470
-492
-469
-499
-501
-477
-451
-476
-349
-382
-322
-330
-306
-283
-204
-202
-160
-79
-135
-92
-61
-79
-152
-39
-74
-10
12
3
40
85
91
77
205
77
108
159
256
286
139
268
187
228
112
190
165
137
118
217
175
167
223
134
215
208
315
236
343
311
234
323
278
298
319
233
300
318
375
345
458
425
468
433
439
481
390
443
337
337
310
335
359
357
252
294
293
248
333
365
396
395
388
386
377
337
336
264
319
185
246
174
178
247
197
207
158
181
152
151
222
151
217
230
139
171
189
167
229
195
127
226
115
94
43
47
57
-9
-54
-50
18
-81
-74
-82
-142
-163
-267
-252
-311
-260
-325
-341
-360
-354
-334
-404
-439
-514
-472
-534
-602
-549
-588
-519
-587
-478
-524
-514
-516
-511
-423
-466
-468
-477
-377
-343
-309
-300
-277
-270
-232
-257
-293
-259
-343
-297
-376
-393
-341
-316
-352
-355
-325
-325
-314
-402
-325
-335
-274
-278
-266
-237
-219
-172
-163
-161
-114
-35
22
45
62
125
77
86
85
107
134
101
156
161
169
165
197
171
172
176
261
154
176
182
198
233
126
203
152
223
112
163
149
136
103
99
186
69
116
77
135
82
23
43
28
96
87
132
127
174
205
216
264
265
284
392
341
410
422
360
425
436
413
424
446
399
379
364
445
429
462
494
519
425
422
434
406
413
309
305
302
263
227
197
184
181
81
95
123
97
165
130
190
168
160
98
163
57
105
172
39
201
95
154
174
212
88
201
96
116
112
78
102
55
10
-26
18
-80
-173
-149
-255
-226
-305
-283
-379
-403
-309
-423
-321
-487
-374
-475
-477
-409
-468
-491
-507
-442
-428
-466
-453
-374
-388
-419
-462
-460
-476
-518
-522
-490
-480
-506
-469
-494
-428
-455
-399
-390
-379
-343
-384
-246
-273
-308
-341
-301
-325
-259
-375
-353
-284
-303
-319
-320
-301
-324
-281
-296
-237
-198
-167
-232
-125
-181
-127
-174
-146
-72
-88
-49
31
51
62
90
92
123
104
180
179
235
208
260
238
331
305
247
314
338
394
332
297
375
343
347
417
370
425
448
405
455
445
340
315
314
232
240
241
320
265
268
333
260
282
290
366
301
389
372
376
518
429
520
513
514
476
531
529
529
540
511
472
448
479
522
490
502
491
537
414
372
405
377
375
324
353
290
306
379
348
286
273
190
134
170
72
-39
-19
-46
-17
-104
-82
-111
-75
-102
-92
-22
-165
-113
-233
-158
-249
-246
-266
-338
-275
-286
-378
-358
-307
-434
-334
-453
-382
-432
-413
-468
-432
-433
-506
-421
-523
-481
-439
-560
-564
-605
-498
-567
-519
-531
-577
-478
-527
-461
-557
-484
-476
-468
-425
-432
-414
-354
-433
-356
-422
-359
-303
-314
-260
-284
-250
-274
-102
-235
-197
-103
-189
-176
-155
-139
-148
-83
-44
-69
-31
-58
-90
-100
-127
-124
-91
-72
-89
