
220
154
263
172
199
200
99
197
113
161
111
240
204
224
249
232
236
170
179
128
197
134
102
109
22
113
38
2
19
-14
-27
-32
-10
-65
-75
-92
-107
-93
-55
-116
-95
-114
-143
-125
-169
-178
-250
-234
-292
-265
-261
-324
-295
-244
-251
-222
-266
-264
-240
-319
-279
-311
-280
-365
-321
-358
-306
-324
-383
-355
-407
-416
-492
-473
-376
-497
-486
-455
-492
-499
-501
-504
-544
-546
-593
-522
-569
-522
-557
-571
-503
-492
-363
-357
-372
-438
-340
-358
-290
-261
-308
-279
-204
-193
-190
-140
-136
-168
-154
-110
-68
-5
50
56
55
194
134
233
202
227
224
284
328
216
363
269
351
302
250
357
343
269
347
352
275
386
384
379
360
348
341
381
399
314
323
327
302
363
337
369
322
318
311
276
234
302
283
282
251
313
393
331
382
280
409
335
350
359
325
337
345
332
362
358
332
326
400
356
323
385
316
421
378
447
395
477
476
487
395
416
418
343
272
246
283
185
242
216
276
264
202
230
178
167
81
67
47
-18
1
3
36
-64
-78
-135
-209
-197
-285
-282
-328
-227
-333
-226
-146
-228
-122
-204
-158
-270
-176
-171
-268
-195
-318
-249
-367
-313
-375
-309
-385
-440
-341
-472
-329
-414
-460
-462
-480
-508
-431
-488
-463
-497
-502
-509
-532
-614
-539
-539
-564
-517
-479
-402
-422
-420
-446
-415
-417
-505
-418
-482
-387
-451
-455
-351
-465
-371
-422
-378
-394
-394
-415
-404
-392
-406
-363
-341
-395
-228
-262
-209
-191
-147
-75
-55
12
-75
39
-45
76
20
31
16
41
103
66
162
70
159
120
225
168
200
342
300
318
240
335
281
310
316
327
415
350
459
440
439
470
446
410
461
482
463
432
451
403
401
359
374
351
375
401
451
420
365
395
281
324
318
269
344
315
308
383
348
403
400
462
355
391
376
311
425
348
366
340
308
283
335
321
343
283
294
277
312
311
364
384
319
343
338
331
252
289
195
195
133
133
101
121
82
40
74
-27
62
-15
44
6
-66
-44
-152
-53
-147
-81
-157
-172
-147
-248
-132
-316
-198
-341
-266
-255
-248
-247
-329
-203
-326
-281
-325
-317
-328
-364
-345
-385
-374
-428
-390
-370
-379
-432
-497
-423
-475
-409
-443
-372
-482
-368
-419
-420
-396
-495
-421
-472
-494
-555
-469
-520
-563
-465
-565
-522
-482
-479
-430
-425
-416
-410
-337
-338
-338
-318
-282
-320
-294
-299
-210
-265
-173
-212
-300
-157
-192
-179
-170
-185
-135
-191
-150
-144
-21
-23
-21
67
100
143
156
283
209
222
229
247
278
304
315
244
282
214
211
265
274
339
343
367
391
417
409
428
452
471
398
418
466
443
463
469
460
444
443
480
433
472
464
371
442
448
442
463
452
465
486
369
390
431
333
332
344
321
347
314
334
474
359
392
369
383
329
345
276
249
195
200
208
189
190
137
207
53
97
18
24
43
-43
-7
-27
-102
-13
-17
-37
-47
-7
-6
-14
-23
-93
-154
-206
-122
-154
-200
-197
-151
-199
-199
-220
-214
-314
-313
-352
-267
-308
-326
-269
-281
-335
-320
-313
-344
-414
-399
-449
-535
-508
-486
-495
-518
-473
-429
-449
-444
-455
-548
-424
-445
-457
-389
-386
-405
-358
-314
-361
-276
-359
-313
-280
-259
-286
-305
-290
-269
-321
-281
-200
-234
-197
-206
-145
-192
-197
-208
-236
-217
-230
-211
-152
-164
-84
-21
-10
106
136
60
54
4
-6
-2
-18
-83
-61
10
42
26
67
88
74
44
25
110
153
133
141
273
271
259
229
240
283
233
267
261
276
239
208
246
214
324
295
321
369
391
405
404
451
303
410
310
288
346
333
403
282
447
366
435
425
449
369
471
398
450
391
296
408
275
287
292
338
323
264
264
342
321
358
307
308
324
234
226
277
189
172
158
180
139
91
110
63
27
40
-4
-24
18
-90
-115
-55
-86
-21
-31
-132
-80
-125
-107
-146
-122
-142
-190
-162
-236
-219
-236
-254
-219
-193
-250
-293
-205
-311
-234
-328
-411
-398
-377
-401
-368
-361
-423
-353
-410
-355
-420
-371
-385
-391
-321
-385
-361
-425
-449
-414
-464
-433
-507
-427
-448
-483
-353
-434
-363
-375
-342
-272
-310
-246
-201
-314
-264
-257
-266
-289
-180
-178
-94
-119
-99
-14
-55
-44
-104
0
-60
43
-36
46
36
-42
47
32
18
-29
40
19
85
27
80
89
61
133
-6
85
108
103
160
58
116
110
235
266
258
358
322
330
312
354
373
297
307
328
404
383
435
323
385
407
400
445
352
411
429
387
322
403
390
367
352
316
333
317
277
247
275
267
245
189
239
251
253
237
187
183
183
215
230
223
284
233
240
302
328
254
289
303
218
274
167
201
108
142
150
129
185
243
189
63
167
40
91
146
-2
63
-43
-40
-83
3
-156
-121
-140
-174
-93
-231
-169
-168
-178
-250
-207
-221
-301
-225
-303
-250
-290
-327
-337
-335
-309
-336
-418
-401
-407
-401
-465
-465
-412
-535
-447
-549
-446
-505
-564
-493
-541
-517
-556
-515
-469
-460
-408
-388
-429
-411
-321
-327
-267
-327
-323
-256
-256
-192
-214
-168
-243
-165
-238
-183
-264
-241
-270
-254
-214
-229
-121
-202
-120
-134
-66
-96
-53
51
-16
-8
-8
66
-37
106
-23
-5
150
44
186
97
134
66
269
155
193
300
216
297
298
324
275
349
212
341
353
297
339
271
345
322
247
236
201
298
195
294
275
235
305
283
274
285
289
239
367
337
387
378
431
403
521
566
514
540
458
483
431
423
353
301
301
297
315
338
301
349
274
313
322
296
229
249
206
188
259
181
233
272
322
309
311
197
237
152
98
143
72
80
45
51
-26
-30
-60
-114
-108
-156
-89
-132
-105
-109
-69
-140
-174
-97
-105
-137
-166
-149
-258
-204
-275
-265
-263
-296
-357
-267
-209
-323
-230
-249
-197
-250
-231
-280
-288
-307
-237
-332
-317
-348
-398
-309
-367
-361
-400
-336
-439
-384
-387
-410
-386
-406
-465
-424
-399
-440
-459
-433
-397
-399
-361
-527
-376
-420
-414
-413
-364
-320
-377
-240
-229
-176
-186
-139
-190
-125
-108
-206
-141
-179
-95
-126
-119
-124
-113
-102
-101
-66
-88
-9
41
19
-3
49
-17
98
8
68
-9
-9
17
64
111
16
33
60
18
1
78
103
76
123
177
244
272
190
279
282
286
245
273
318
291
246
274
297
246
256
251
273
329
226
324
345
360
382
391
382
418
440
331
414
408
430
457
489
453
512
480
470
527
438
375
394
484
359
479
401
458
465
484
479
413
421
386
325
333
266
203
205
110
188
129
214
178
138
139
165
179
6
22
4
-7
-51
-92
-32
-133
-77
-147
-31
-61
-118
-84
-78
-82
-143
-99
-110
-73
-111
-62
-116
-91
-133
-116
-227
-158
-147
-246
-185
-244
-235
-259
-265
-329
-338
-381
-390
-393
-402
-420
-341
-410
-358
-366
-429
-397
-401
-395
-530
-486
-558
-482
-531
-562
-484
-533
-535
-565
-541
-528
-474
-532
-504
-425
-427
-426
-341
-342
-404
-330
-378
-379
-433
-376
-419
-358
-321
-381
-257
-339
-245
-230
-159
-225
-177
-188
-242
-200
-235
-370
-410
-280
-170
-35
35
35
-46
-67
-10
-55
-26
40
-49
-112
-19
204
166
215
236
222
349
506
390
315
159
255
50
238
310
158
353
433
649
697
808
792
572
537
379
271
154
177
173
234
539
606
742
757
724
652
482
344
191
122
229
360
443
559
663
668
705
619
558
395
310
274
339
304
387
417
461
557
538
552
446
443
281
215
134
181
37
97
123
147
305
251
311
207
167
89
111
-67
-85
-66
-193
-28
-44
89
-26
-16
-120
-130
-122
-338
-215
-424
-287
-243
-219
-150
-212
-126
-285
-219
-338
-343
-444
-465
-371
-448
-333
-443
-349
-390
-370
-334
-414
-349
-481
-391
-524
-447
-547
-461
-382
-338
-311
-295
-242
-291
-340
-407
-356
-537
-501
-511
-488
-464
-430
-269
-276
-345
-387
-392
-442
-499
-506
-547
-451
-465
-344
-248
-212
-176
-186
-154
-258
-337
-350
-274
-255
-318
-157
-161
-121
-152
-142
-64
-190
-150
-219
-154
-77
-86
-36
-10
60
71
76
128
174
177
183
174
226
237
258
342
262
336
284
318
488
402
404
403
481
374
441
439
459
443
382
521
448
585
462
550
455
500
525
408
533
441
558
490
506
446
415
350
342
462
299
382
347
402
357
371
324
358
352
284
448
426
435
471
459
430
356
303
318
301
341
311
294
247
205
190
70
78
53
16
34
35
175
199
60
85
-49
-30
-48
-65
-66
-192
-117
-181
-152
-191
-218
-263
-366
-283
-323
-304
-340
-361
-307
-251
-408
-224
-305
-241
-290
-282
-178
-283
-254
-323
-284
-387
-365
-389
-367
-373
-370
-319
-359
-355
-357
-444
-355
-496
-479
-569
-517
-581
-469
-511
-457
-431
-528
-465
-515
-514
-599
-576
-673
-650
-584
-548
-516
-415
-390
-382
-361
-340
-359
-369
-469
-422
-404
-353
-207
-303
-144
-18
32
-31
21
82
168
164
107
187
134
216
151
232
156
234
237
294
351
308
394
259
403
285
280
245
285
357
275
398
279
370
359
367
438
360
316
279
318
204
335
217
291
264
263
266
292
288
252
287
252
265
275
310
318
390
340
391
259
344
389
390
418
290
386
381
420
432
433
354
323
341
314
272
235
273
186
114
203
204
292
145
204
116
107
170
165
155
126
150
132
173
94
70
103
70
66
47
-16
-78
-18
-58
-63
-27
-90
-13
14
22
-58
-63
-142
-133
-144
-234
-207
-243
-182
-162
-243
-258
-312
-303
-327
-394
-303
-326
-344
-319
-281
-281
-345
-309
-373
-339
-333
-377
-417
-370
-338
-443
-391
-330
-326
-335
-297
-380
-305
-406
-374
-312
-433
-429
-419
-469
-437
-377
-331
-380
-315
-207
-351
-284
-337
-326
-376
-304
-272
-304
-193
-201
-168
-200
-141
-200
-203
-271
-216
-201
-170
-212
-185
-170
-147
-112
-127
-203
-214
-116
-168
-134
-91
-36
-83
54
61
8
36
44
67
71
149
153
187
206
230
198
276
248
263
249
182
297
292
306
296
263
374
366
370
412
424
498
477
505
480
418
435
461
424
419
443
479
429
460
418
485
458
363
481
411
501
496
479
518
438
476
456
345
493
408
446
447
401
402
371
321
348
387
369
408
435
464
433
441
453
440
379
345
350
264
279
233
132
30
125
139
80
59
137
23
18
21
-92
-22
-234
-194
-217
-188
-316
-264
-243
-363
-315
-438
-398
-499
-475
-479
-599
-522
-575
-563
-574
-507
-471
-528
-508
-522
-540
-557
-601
-548
-576
-506
-568
-603
-486
-491
-488
-580
-459
-581
-520
-504
-432
-353
-475
-397
-373
-353
-407
-368
-388
-395
-416
-467
-402
-405
-470
-364
-356
-391
-365
-311
-330
-340
-363
-318
-276
-276
-229
-191
-62
-92
-44
-48
26
-23
-78
-86
-172
-94
-74
-76
-62
-33
-12
54
-5
120
32
73
16
75
143
81
157
126
234
196
241
209
274
354
320
349
296
382
362
416
365
388
375
497
436
429
513
444
448
457
466
463
527
483
526
515
542
564
541
537
419
537
467
515
512
468
623
476
525
509
477
420
425
419
427
401
372
407
434
396
394
396
357
408
357
340
282
293
246
300
199
230
243
128
214
136
100
111
80
15
22
33
-53
63
7
-19
32
24
-43
-40
-106
-71
-65
-130
-214
-123
-182
-197
-215
-254
-260
-308
-312
-373
-402
-366
-471
-446
-467
-496
-443
-533
-504
-499
-523
-534
-596
-607
-577
-604
-623
-619
-571
-596
-494
-638
-506
-440
-501
-501
-482
-455
-483
-453
-425
-423
-431
-419
-393
-321
-315
-319
-396
-337
-328
-379
-344
-308
-296
-243
-221
-266
-182
-239
-197
-219
-240
-206
-263
-233
-264
-187
-158
-141
-127
-95
-52
-47
18
-31
17
18
12
34
14
-16
-8
104
49
74
49
139
184
232
231
233
275
230
349
342
428
359
375
353
405
451
439
366
405
409
372
440
348
393
354
366
419
379
398
439
446
484
486
449
488
437
452
492
407
465
509
509
430
500
527
555
482
550
466
465
468
511
565
453
534
456
433
420
429
395
333
377
308
322
277
370
264
262
294
274
257
139
148
105
70
24
-64
-40
-112
-57
-100
-141
-93
-141
-164
-215
-200
-257
-214
-143
-280
-228
-236
-286
-228
-276
-177
-232
-223
-289
-231
-155
-283
-249
-306
-300
-286
-343
-282
-350
-329
-344
-343
-406
-350
-312
-444
-344
-373
-292
-365
-373
-293
-428
-289
-335
-327
-347
-415
-275
-429
-384
-404
-282
-348
-249
-247
-276
-233
-226
-190
-293
-224
-309
-264
-307
-333
-232
-330
-276
-275
-306
-250
-314
-325
-346
-278
-291
-236
-238
-263
-163
-219
-154
-188
-140
-157
-168
-108
-164
-128
-68
-54
6
-38
19
23
110
91
100
52
102
128
122
141
111
142
181
204
205
248
220
260
314
327
350
382
409
471
425
444
382
414
400
438
392
440
376
344
383
286
296
176
231
134
213
131
240
221
290
288
305
348
362
378
272
399
254
349
245
269
230
254
303
256
324
401
299
364
317
350
390
280
287
232
330
231
292
207
236
208
77
158
101
81
77
75
96
20
34
75
-53
1
18
8
54
-16
6
-16
-69
-42
-115
-171
-131
-182
-207
-219
-215
-187
-277
-281
-313
-324
-376
-368
-403
-431
-403
-467
-434
-379
-427
-387
-377
-323
-369
-420
-354
-385
-412
-317
-362
-388
-410
-304
-239
-363
-281
-398
-264
-292
-397
-294
-387
-348
-426
-363
-413
-405
-375
-509
-422
-461
-391
-342
-315
-351
-213
-233
-308
-318
-279
-252
-399
-240
-267
-164
-248
-153
-159
-160
-129
-222
-147
-182
-57
-152
-48
-26
-106
-13
-31
37
67
39
20
110
68
123
160
68
172
210
231
251
343
330
419
414
468
517
395
524
514
519
425
456
455
454
505
466
543
540
503
519
497
571
510
491
508
488
474
367
465
396
347
349
288
227
296
255
243
266
232
243
242
185
196
182
191
195
129
206
211
262
198
225
158
163
134
75
47
62
88
41
77
109
25
111
106
-2
91
-30
42
93
-15
22
46
23
31
-55
-35
-17
-39
-117
35
-106
-100
-52
-171
-133
-199
-299
-223
-302
-299
-219
-352
-174
-235
-326
-297
-205
-235
-309
-208
-339
-283
-300
-380
-377
-437
-428
-426
-358
-431
-331
-378
-358
-370
-412
-283
-378
-455
-458
-517
-441
-423
-419
-386
-428
-352
-405
-384
-347
-367
-332
-318
-377
-282
-338
-375
-359
-437
-381
-412
-352
-333
-315
-189
-220
-193
-212
-125
-153
-125
-113
-111
-80
-38
28
24
88
120
78
172
67
113
191
102
104
30
72
82
94
122
97
151
155
203
204
250
242
222
282
253
302
235
368
407
312
352
350
281
335
405
424
362
371
468
456
423
473
566
495
526
567
558
544
477
504
514
534
496
467
514
562
539
562
551
494
424
481
369
415
403
282
356
283
340
272
353
255
301
259
219
236
174
231
236
163
123
143
115
99
-9
33
30
-45
-7
-77
-25
-43
-20
-110
-58
-62
-131
-101
-127
-136
-86
-150
-68
-143
-87
-131
-176
-170
-133
-226
-270
-171
-284
-284
-288
-320
-415
-323
-426
-381
-430
-400
-439
-417
-464
-552
-476
-529
-574
-560
-626
-580
-596
-554
-574
-501
-593
-620
-487
-591
-596
-629
-604
-642
-599
-572
-578
-524
-555
-450
-418
-403
-262
-354
-253
-272
-260
-237
-262
-240
-298
-244
-244
-183
-125
-119
-82
-97
-2
-53
-1
32
-6
59
114
158
117
196
160
182
255
134
322
211
146
214
127
230
141
204
171
152
117
172
84
123
122
132
131
159
147
215
263
213
310
201
212
282
280
300
286
266
340
321
276
294
219
240
203
151
221
212
264
262
322
302
346
268
334
354
340
461
326
452
354
511
489
428
466
448
424
445
464
427
440
370
420
400
348
378
393
371
411
315
346
213
188
188
158
161
39
110
48
77
-1
29
-45
-83
-100
-148
-183
-223
-223
-284
-277
-275
-244
-250
-202
-211
-220
-248
-302
-346
-327
-319
-366
-339
-355
-333
-293
-301
-315
-285
-265
-234
-233
-259
-283
-191
-296
-232
-207
-243
-242
-297
-192
-243
-240
-231
-222
-234
-268
-143
-230
-191
-151
-181
-155
-165
-160
-225
-197
-284
-240
-240
-274
-302
-332
-301
-381
-216
-251
-344
-237
-264
-286
-347
-196
-230
-257
-284
-327
-272
-360
-278
-311
-263
-231
-252
-194
-185
-210
-225
-324
-224
-263
-218
-172
-137
-129
-79
-23
-56
45
-54
99
24
106
-13
-6
131
-15
112
22
93
140
149
264
204
251
214
212
300
292
282
340
331
339
409
331
434
397
388
427
473
542
488
547
518
453
447
480
467
469
460
425
532
399
504
429
357
472
431
472
395
429
415
421
455
450
408
347
413
401
464
433
400
350
364
340
388
373
326
291
236
268
152
107
187
144
196
85
124
227
92
190
70
37
-64
-36
-52
-119
-37
-187
-89
-137
-215
-173
-230
-237
-264
-255
-309
-291
-316
-256
-345
-396
-373
-363
-367
-331
-324
-417
-381
-392
-359
-329
-332
-402
-388
-372
-294
-342
-340
-299
-325
-392
-373
-346
-385
-387
-436
-431
-438
-412
-413
-414
-385
-382
-409
-432
-432
-464
-438
-461
-427
-443
-440
-443
-403
-365
-399
-330
-288
-264
-261
-204
-255
-251
-225
-264
-186
-180
-86
-85
-54
-37
-102
-88
16
-8
-141
-25
-91
-105
-88
-103
-64
-54
-115
-41
-57
27
34
114
127
179
180
214
236
240
213
286
266
218
339
284
379
363
459
345
480
460
427
445
408
428
341
425
420
361
472
451
486
542
538
484
553
480
466
401
360
485
395
474
417
346
379
328
427
381
359
348
319
277
381
270
254
282
242
333
256
287
230
167
248
233
237
152
141
101
116
206
37
130
95
108
98
50
67
27
-9
-39
-62
100
-21
9
31
43
-41
-63
-50
-169
-115
-121
-131
-241
-139
-165
-270
-246
-274
-297
-398
-307
-318
-316
-390
-409
-396
-468
-425
-457
-486
-497
-553
-517
-502
-463
-480
-355
-516
-462
-398
-379
-328
-421
-337
-416
-361
-383
-416
-429
-430
-430
-364
-384
-360
-279
-356
-288
-333
-354
-323
-416
-327
-418
-463
-371
-433
-384
-309
-283
-272
-238
-276
-201
-225
-222
-178
-193
-128
-147
-60
-79
-76
-12
-55
104
82
106
85
63
137
191
210
123
229
237
259
287
319
379
296
358
314
333
358
381
429
376
455
518
562
536
539
519
520
522
528
600
517
575
478
504
504
498
485
503
458
483
500
414
447
391
333
338
357
382
411
425
485
451
480
493
522
492
457
430
408
423
288
339
317
304
309
297
290
264
260
249
274
154
77
66
65
100
22
-21
-15
-26
15
-142
15
-161
-132
-73
-228
-141
-273
-244
-208
-146
-233
-197
-220
-283
-211
-283
-229
-333
-274
-267
-300
-259
-266
-226
-266
-301
-254
-236
-249
-340
-363
-307
-367
-391
-338
-340
-431
-456
-491
-419
-534
-471
-522
-477
-440
-551
-428
-550
-357
-425
-455
-385
-470
-352
-437
-343
-400
-467
-440
-469
-402
-424
-346
-330
-345
-334
-245
-328
-304
-332
-311
-263
-332
-230
-217
-155
-216
-139
-175
-157
-220
-235
-156
-169
-143
-107
-134
-103
5
-48
-22
-5
-66
25
93
78
102
63
81
112
104
157
225
167
221
200
278
219
292
285
196
195
260
195
301
262
264
271
230
292
332
349
329
450
323
417
394
423
421
356
383
326
379
331
318
372
400
322
369
350
397
358
376
340
360
355
305
391
362
351
259
434
339
372
436
395
450
368
448
424
321
406
314
401
403
369
302
380
352
303
334
289
339
217
230
225
187
165
194
119
39
105
-13
-33
-41
-101
-128
-137
-76
-83
-165
-231
-224
-326
-365
-389
-482
-471
-436
-524
-474
-413
-443
-454
-445
-428
-444
-400
-452
-375
-461
-440
-418
-444
-449
-410
-414
-486
-361
-456
-354
-425
-373
-375
-415
-319
-365
-351
-471
-341
-399
-512
-392
-414
-371
-386
-353
-284
-369
-300
-308
-369
-281
-392
-317
-267
-285
-254
-271
-232
-327
-139
-304
-231
-326
-246
-274
-286
-143
-215
-81
-84
-121
-131
-98
-74
-34
-133
-52
7
-18
-57
11
-1
-66
-33
-59
-13
-4
7
100
77
182
145
212
291
237
358
260
400
401
339
397
365
422
397
423
456
514
472
535
487
524
434
460
456
446
481
373
495
424
419
411
454
409
348
339
319
391
211
306
250
281
249
281
249
240
245
189
301
235
254
169
255
211
226
261
259
184
260
271
305
291
292
332
241
379
360
304
325
301
262
226
238
170
171
263
196
209
174
185
49
48
76
12
17
31
16
4
-7
-75
-54
-152
-107
-160
-178
-228
-297
-269
-342
-292
-353
-298
-282
-353
-363
-366
-365
-413
-370
-324
-410
-282
-335
-323
-250
-357
-396
-357
-416
-447
-525
-488
-520
-528
-504
-599
-453
-482
-471
-481
-455
-451
-485
-504
-516
-356
-511
-354
-374
-375
-273
-380
-279
-448
-315
-375
-334
-300
-324
-313
-311
-182
-199
-181
-181
-106
-127
-80
-70
-112
-140
-92
-230
-65
-36
-145
62
42
22
73
130
-49
80
22
-19
34
-39
30
-38
-18
-8
-16
-52
-6
26
3
10
40
17
85
148
126
185
215
221
384
400
392
431
439
490
505
532
563
578
536
604
657
572
646
676
584
680
619
731
898
882
994
1002
1160
1226
1338
1386
1471
1410
1317
1233
1170
1153
757
533
228
302
85
-274
-368
-508
-576
-833
-953
-996
-1001
-1228
-1288
-1233
-1172
-1154
-1399
-1358
-1368
-1188
-1199
-1168
-1114
-1011
-935
-833
-780
-817
-721
-884
-762
-801
-672
-529
-486
-114
184
489
747
1216
1691
2140
2421
2761
3004
3179
3124
3133
3251
2886
2381
2056
1949
1689
1150
531
341
36
-544
-1033
-1300
-1465
-1949
-2481
-2723
-2534
-2755
-2963
-3047
-2947
-2792
-2844
-2625
-2392
-1953
-1795
-1554
-1126
-646
-391
-122
90
283
533
652
801
1032
902
746
766
858
827
506
351
254
171
-60
-238
-348
-393
-618
-757
-886
-854
-951
-1108
-1175
-1228
-1120
-1238
-1157
-975
-726
-675
-656
-303
-48
236
261
561
859
946
1007
1307
1415
1376
1336
1380
1479
1536
1487
1460
1524
1495
1509
1471
1586
1495
1342
1288
1287
1236
1028
891
576
393
84
-97
-271
-545
-844
-1073
-1135
-1379
-1495
-1582
-1529
-1632
-1683
-1492
-1546
-1423
-1417
-1357
-1286
-1202
-1108
-964
-813
-650
-470
-385
-10
116
316
439
665
766
876
955
979
1058
1020
1108
1068
1108
1028
1092
939
789
798
747
630
420
362
250
140
-235
-280
-432
-495
-694
-571
-276
-234
-120
59
500
883
1193
1472
1887
2128
2172
2249
2605
2666
2338
2029
2066
2100
1802
1328
1014
964
573
-35
-381
-473
-754
-1461
-1946
-2058
-2039
-2369
-2739
-2775
-2675
-2633
-2688
-2548
-2181
-1958
-1910
-1808
-1524
-1217
-1081
-991
-904
-717
-655
-507
-293
-263
-197
-189
-103
4
-13
15
64
140
29
-69
-139
-12
-84
-379
-531
-539
-395
-501
-610
-460
-171
-135
2
240
600
872
812
1010
1244
1407
1313
1410
1452
1518
1563
1423
1589
1364
1355
1197
1113
996
848
640
372
179
-136
-334
-660
-895
-1131
-1264
-1430
-1485
-1460
-1492
-1430
-1460
-1415
-1300
-1170
-1047
-1078
-992
-912
-867
-934
-886
-923
-868
-942
-875
-741
-767
-645
-618
-497
-508
-417
-473
-526
-553
-645
-573
-318
-27
194
518
810
1424
2096
2675
3276
3861
4320
4468
4618
4852
4941
4571
3959
3632
3445
3201
2377
1721
1327
910
155
-579
-865
-1171
-1592
-2432
-2422
-2454
-2482
-2862
-3004
-2824
-2813
-2703
-2626
-2278
-2141
-1871
-1580
-1069
-579
-227
151
614
932
1120
1400
1789
1741
1630
1411
1330
1198
797
488
88
-72
-428
-714
-949
-938
-1047
-1199
-1288
-1210
-929
-883
-960
-904
-859
-837
-810
-907
-837
-861
-876
-930
-764
-505
-274
-77
118
576
867
1164
1514
1638
1646
1658
1715
1610
1355
998
727
460
88
-207
-426
-626
-799
-1067
-1129
-1219
-1228
-1460
-1510
-1575
-1757
-1862
-1984
-1994
-2195
-2384
-2474
-2492
-2463
-2582
-2431
-2236
-2010
-1881
-1603
-1275
-1103
-1003
-853
-707
-774
-816
-1016
-1131
-1346
-1561
-1800
-1804
-1574
-1322
-1034
-601
-65
702
1587
2493
3403
4118
4820
5181
5547
5976
5995
5577
5119
4910
4709
4216
3511
2964
2514
2047
1397
870
660
261
-347
-912
-1122
-1233
-1571
-2088
-2451
-2559
-2738
-2995
-3002
-3070
-2986
-2939
-2632
-2214
-1750
-1160
-633
-70
314
878
1334
1735
1799
1654
1651
1606
1456
1050
812
474
306
-20
-67
60
115
247
275
469
652
913
890
811
685
527
281
-58
-369
-745
-1118
-1317
-1487
-1354
-1275
-1052
-819
-565
63
462
987
1360
1591
1778
1860
1871
1725
1387
1051
725
447
160
-100
-269
-345
-343
-288
-203
-113
107
72
-26
-247
-491
-754
-1180
-1644
-2084
-2560
-2889
-3148
-3380
-3543
-3474
-3378
-3196
-2936
-2648
-2198
-2069
-1778
-1720
-1568
-1582
-1631
-1853
-2044
-2243
-2620
-2778
-3126
-3076
-2952
-2493
-2041
-1528
-817
158
1260
2245
3436
4388
5209
5645
6134
6460
6569
6273
5567
5222
4906
4416
3667
2988
2524
2090
1541
1064
797
537
-35
-564
-1027
-1262
-1850
-2651
-3228
-3832
-4163
-4662
-4966
-5106
-4999
-4786
-4380
-3764
-3039
-2080
-1277
-526
384
928
1574
1974
2086
2064
2061
1943
1569
1305
1028
894
732
581
734
1161
1455
1572
1862
2327
2598
2609
2466
2215
2138
1567
1046
456
-134
-535
-1221
-1475
-1706
-1581
-1433
-1180
-752
-211
335
835
1269
1474
1600
1549
1359
1156
886
444
3
-278
-412
-491
-536
-384
-194
110
446
885
1164
1358
1396
1355
1242
851
410
-190
-712
-1405
-2036
-2479
-2645
-3041
-3205
-3299
-2978
-2688
-2498
-2294
-2084
-1886
-1882
-1852
-2092
-2188
-2546
-2960
-3322
-3590
-3711
-3373
-3154
-2591
-2111
-1260
-171
973
2194
3148
4266
5086
5710
6179
6718
6758
6415
5853
5416
5271
4598
3830
3115
2595
2184
1454
875
618
361
-184
-648
-974
-1082
-1583
-2202
-2709
-3209
-3650
-4195
-4704
-4901
-5084
-5157
-5017
-4655
-3993
-3460
-2655
-1961
-1292
-523
109
741
1025
1198
1204
1257
1075
905
611
349
61
-76
-1
38
282
443
741
933
1338
1633
1938
1988
1949
1773
1540
1204
804
329
-200
-595
-1059
-1248
-1433
-1544
-1425
-1331
-988
-734
-345
104
299
358
546
594
483
309
-78
-254
-481
-700
-837
-707
-587
-347
-92
226
778
1127
1407
1695
1808
1781
1682
1337
981
459
-166
-705
-1224
-1681
-2075
-2313
-2349
-2250
-2269
-2009
-1786
-1542
-1501
-1442
-1417
-1566
-1636
-1965
-1889
-1865
-1661
-1646
-1308
-646
-3
981
1646
2769
3553
4413
5037
5962
6458
6456
6362
6231
6316
5641
4925
4171
3641
2916
1944
1229
807
349
-496
-1068
-1349
-1289
-1718
-2028
-2228
-2332
-2458
-2801
-2876
-3145
-3409
-3792
-3821
-3846
-3671
-3538
-3310
-2834
-2472
-1857
-1193
-482
-105
412
791
1109
1295
1147
1090
760
473
-84
-351
-654
-779
-1117
-1161
-1015
-955
-565
-335
51
225
658
845
997
1163
1048
859
593
382
92
-202
-541
-794
-969
-1068
-1074
-991
-878
-638
-531
-404
-125
23
26
-262
-355
-543
-845
-1164
-1569
-1761
-1898
-1978
-2037
-1799
-1591
-1282
-869
-649
-333
5
272
396
344
179
128
-143
-496
-926
-1401
-1584
-1942
-2189
-2353
-2296
-2167
-2194
-2054
-1802
-1497
-1475
-1055
-694
-347
30
152
795
1257
1898
2323
2874
3420
3800
4078
4699
5153
5101
5153
5017
5403
5253
4905
4465
4009
3693
3064
2378
1787
1345
513
-238
-858
-1013
-1308
-1758
-1842
-2040
-1807
-1740
-1499
-1439
-1243
-1314
-1204
-1048
-951
-966
-1084
-1009
-1177
-976
-833
-602
-526
-358
-151
195
517
561
623
570
656
489
424
85
-105
-353
-534
-635
-765
-769
-734
-573
-476
-229
7
258
454
654
717
932
1096
1007
983
789
579
487
301
88
-76
-270
-384
-552
-583
-636
-754
-803
-1030
-1025
-1158
-1301
-1418
-1624
-1809
-1920
-2053
-2073
-2116
-2150
-1999
-1935
-1684
-1496
-1403
-1134
-1073
-920
-814
-781
-756
-897
-1080
-1270
-1369
-1699
-1968
-2190
-2390
-2580
-2772
-2842
-2767
-2687
-2398
-2101
-1484
-973
-471
304
961
1887
2606
3219
3745
4158
4432
4800
4928
4764
4620
4328
4309
3937
3577
3195
2659
2348
1816
1240
844
499
-85
-618
-1167
-1281
-1658
-1946
-2067
-2173
-2046
-2067
-1759
-1477
-1067
-882
-504
-60
428
822
1021
1277
1365
1572
1510
1528
1415
1306
1177
1050
951
882
737
576
349
175
172
1
-172
-503
-706
-844
-1040
-1206
-1372
-1388
-1323
-1275
-1163
-967
-467
-174
-33
372
579
1062
1178
1263
1383
1327
1404
1318
1170
1049
867
624
380
244
175
-3
-228
-463
-482
-695
-899
-1071
-1328
-1451
-1763
-1842
-2039
-2082
-2112
-2105
-1977
-1848
-1701
-1412
-1099
-992
-750
-791
-473
-511
-520
-569
-854
-804
-1161
-1315
-1611
-1694
-2153
-2090
-2348
-2185
-1781
-1626
-1056
-1031
64
458
1534
2101
2766
3629
3828
4429
4491
5181
4838
4716
4366
4367
4249
3648
3274
2556
2284
1521
970
149
-112
-945
-1637
-2210
-2533
-2757
-3417
-3520
-3975
-3656
-3856
-3526
-3367
-2943
-2389
-2098
-1477
-869
-147
171
641
1038
1406
1816
2009
2135
2013
2069
1903
1758
1400
1210
859
438
69
-351
-474
-913
-1233
-1651
-1636
-1858
-2018
-2179
-2174
-2090
-2163
-2018
-1967
-1603
-1331
-952
-602
-122
259
717
1109
1313
1687
1693
1996
2003
2060
1988
1863
1665
1443
1263
995
703
431
119
-174
-345
-681
-851
-1173
-1371
-1640
-1681
-1792
-1893
-1846
-1901
-1858
-1903
-1684
-1587
-1582
-1440
-1367
-1223
-1139
-850
-831
-691
-679
-598
-616
-739
-729
-935
-966
-844
-720
-536
-84
-29
654
1020
1837
2440
3054
3721
4049
4600
4910
5448
5123
5078
4890
4881
4453
3874
3608
2878
2442
1710
979
462
5
-686
-1290
-1904
-2032
-2364
-3101
-3194
-3510
-3570
-3691
-3664
-3605
-3391
-3126
-2762
-2386
-1804
-1107
-694
68
561
1300
1886
2353
2800
3095
3266
3365
3428
3178
2990
2550
2217
1633
1083
653
92
-503
-1075
-1528
-1927
-2314
-2666
-2864
-3128
-3157
-3192
-3157
-3015
-2929
-2627
-2452
-2110
-1774
-1341
-981
-565
-216
101
563
721
1031
1025
1277
1313
1299
1169
946
921
498
182
-99
-443
-884
-1246
-1558
-1772
-2168
-2427
-2499
-2727
-2632
-2831
-2825
-2804
-2581
-2558
-2414
-2264
-2029
-1873
-1826
-1552
-1485
-1207
-1125
-936
-961
-914
-867
-710
-638
-257
-82
267
724
1027
1806
2135
3026
3310
3845
4231
4623
4801
4930
5102
4851
4994
4531
4665
4203
4014
3603
3030
2571
1955
1399
672
216
-589
-964
-1690
-1890
-2458
-2809
-2855
-3215
-3158
-3264
-3008
-2984
-2772
-2559
-2184
-2017
-1531
-996
-703
-54
291
897
1329
1925
2333
2772
3027
3380
3490
3642
3753
3514
3365
2980
2721
2280
1821
1282
718
187
-350
-705
-1230
-1591
-2019
-2267
-2344
-2535
-2523
-2503
-2231
-2178
-1998
-1623
-1325
-1046
-736
-403
-225
155
420
552
710
931
1070
1080
1260
1014
1056
795
635
410
-47
-219
-744
-995
-1403
-1660
-2087
-2258
-2600
-2701
-2776
-2918
-2842
-3016
-2922
-2864
-2685
-2739
-2541
-2471
-2360
-2204
-2210
-1930
-1971
-1789
-1828
-1828
-1674
-1675
-1105
-897
-582
-94
286
958
1456
2297
2806
3514
3798
4353
4586
4973
5170
4781
4809
4451
4651
4138
3739
3363
2688
2120
1531
845
70
-405
-1396
-1820
-2581
-2646
-3145
-3630
-3635
-3872
-3676
-3700
-3337
-3374
-3027
-2976
-2466
-2301
-1818
-1322
-1197
-597
-287
466
744
1469
1753
2197
2474
2925
3193
3201
3516
3297
3312
3041
2987
2647
2343
1728
1194
989
429
116
-443
-717
-1010
-1266
-1327
-1422
-1419
-1477
-1400
-1326
-1021
-903
-729
-577
-464
-103
-12
397
530
652
859
950
1200
1199
1248
1261
1240
1042
899
606
353
-72
-501
-781
-1184
-1434
-1834
-2047
-2233
-2310
-2462
-2328
-2431
-2403
-2330
-2364
-2114
-2260
-2128
-2132
-1990
-2041
-1962
-1867
-1737
-1658
-1836
-1561
-1564
-1082
-744
-414
42
310
1091
1442
2353
2979
3493
4071
4398
4853
4979
5451
5092
4998
4660
4645
4602
3966
3681
3121
2682
1945
1306
611
74
-857
-1614
-2322
-2843
-3206
-3946
-4187
-4554
-4545
-4647
-4448
-4172
-3914
-3684
-3325
-2806
-2480
-1759
-1649
-1027
-677
-191
363
720
1251
1358
1789
1894
2267
2245
2424
2431
2312
2331
2184
2105
1787
1502
1036
777
298
-111
-492
-865
-1079
-1428
-1619
-1617
-1771
-1763
-1699
-1604
-1283
-1151
-873
-569
-300
-58
136
389
596
646
742
841
871
883
913
831
856
586
626
358
209
3
-394
-601
-887
-1261
-1544
-1827
-2142
-2182
-2522
-2490
-2526
-2549
-2425
-2387
-2250
-2067
-1921
-1869
-1714
-1767
-1535
-1493
-1410
-1399
-1491
-1197
-1163
-574
-418
162
588
996
1739
2291
3310
3722
4396
4781
5193
5358
5726
5707
5457
5416
4991
5118
4496
4429
3890
3298
3004
2299
1732
1106
485
-440
-983
-1868
-2069
-2817
-3436
-3737
-4188
-4227
-4410
-4173
-4157
-3858
-3620
-3136
-2765
-2188
-1741
-1352
-821
-393
283
676
1119
1509
1920
2150
2470
2716
2750
2896
2741
2779
2615
2423
2227
1882
1526
1131
793
228
-114
-735
-1055
-1549
-1918
-2177
-2375
-2389
-2475
-2336
-2327
-1886
-1827
-1355
-1178
-867
-689
-447
-85
-52
193
184
387
308
476
453
490
371
289
186
5
-162
-544
-673
-1208
-1429
-1924
-2130
-2507
-2762
-3042
-3220
-3280
-3364
-3267
-3407
-3162
-3201
-2993
-2860
-2745
-2537
-2544
-2251
-2306
-2191
-1984
-1876
-1636
-1117
-658
-34
524
1160
2071
2643
3621
4145
4804
5228
5587
5689
5917
5938
5500
5362
4905
5032
4421
4126
3906
3354
3054
2571
1955
1451
882
-4
-617
-1387
-1725
-2431
-3133
-3358
-3797
-3887
-3977
-3852
-3787
-3571
-3414
-2860
-2556
-2069
-1586
-1363
-749
-498
85
440
945
1237
1644
1882
2277
2551
2694
2869
2967
3115
3132
3132
2985
2829
2527
2099
1856
1306
822
387
-72
-532
-911
-1168
-1472
-1620
-1747
-1693
-1643
-1511
-1207
-1084
-772
-533
-284
17
37
324
318
453
586
552
527
634
580
623
595
478
499
205
-51
-282
-580
-804
-1279
-1759
-2040
-2337
-2566
-2807
-3036
-3214
-3266
-3408
-3378
-3387
-3431
-3386
-3342
-3296
-3147
-3134
-2921
-2971
-2802
-2626
-2013
-1413
-971
-303
207
1307
1829
3003
3663
4343
5012
5189
5639
5655
5925
5348
5098
4522
4544
3947
3512
3097
2393
2175
1409
1231
387
130
-702
-1354
-2012
-2362
-2831
-3673
-3900
-4543
-4494
-4709
-4477
-4402
-4175
-3841
-3325
-2864
-2306
-1553
-1438
-859
-554
74
332
683
926
977
1392
1562
1715
1853
2043
2110
2168
2244
2343
2343
2191
2007
1753
1568
1268
950
459
120
-222
-686
-881
-1249
-1367
-1524
-1545
-1326
-1232
-886
-658
-395
-73
315
483
704
861
884
1005
991
1144
973
1021
938
886
931
793
847
709
544
496
270
42
-27
-371
-808
-1017
-1363
-1655
-1869
-2142
-2337
-2518
-2656
-2787
-2879
-2723
-2844
-2814
-2794
-2802
-2705
-2722
-2612
-2345
-1898
-1600
-864
-518
325
1216
1922
3034
3736
4733
5172
5820
6087
6422
6408
6076
5796
5316
5132
4411
4019
3307
2821
2259
1611
1130
620
55
-609
-1210
-1958
-2123
-2985
-3372
-3927
-4356
-4476
-4693
-4616
-4493
-4282
-4106
-3471
-3128
-2456
-1975
-1461
-939
-447
58
416
843
908
1181
1119
1382
1382
1326
1405
1289
1395
1289
1222
1154
1085
715
682
449
204
-113
-547
-786
-1171
-1461
-1877
-2017
-2223
-2229
-2372
-2216
-1944
-1728
-1376
-1157
-675
-433
-35
255
496
612
705
684
709
813
707
594
521
446
448
466
132
143
-144
-325
-504
-852
-929
-1372
-1617
-1871
-2125
-2255
-2372
-2477
-2581
-2562
-2606
-2555
-2533
-2465
-2479
-2443
-2418
-2343
-2241
-2308
-1876
-1526
-1156
-540
-83
803
1473
2499
3378
4145
5053
5454
6093
6355
6851
6498
6481
6020
5874
5555
4865
4547
3735
3365
2831
2206
1671
1311
447
19
-677
-1031
-1546
-2391
-2622
-3306
-3498
-3918
-3950
-4019
-3799
-3761
-3480
-2928
-2584
-1832
-1681
-836
-468
127
606
938
1333
1434
1706
1690
1959
1713
1916
1808
1632
1677
1432
1484
1323
1071
788
710
392
249
-141
-452
-688
-1138
-1351
-1744
-1878
-2167
-2230
-2375
-2213
-2086
-1895
-1584
-1423
-903
-753
-330
-133
52
67
175
188
111
245
58
117
-118
-79
-70
-210
-159
-437
-535
-734
-850
-1206
-1338
-1723
-1931
-2260
-2506
-2452
-2735
-2804
-2904
-2899
-2914
-2858
-2790
-2762
-2781
-2703
-2707
-2571
-2439
-2046
-1791
-1337
-840
-369
661
1208
2299
2874
3756
4504
5047
5379
5768
6076
5654
5715
5238
5326
4736
4284
3803
3135
2811
2067
1482
904
503
-272
-683
-1387
-1530
-1948
-2742
-2865
-3395
-3341
-3665
-3719
-3746
-3505
-3285
-2970
-2508
-2001
-1322
-1057
-300
160
700
1062
1521
1701
1948
2086
2121
2315
2098
2159
2008
1967
1810
1567
1500
1275
997
774
603
315
225
-151
-309
-677
-937
-1037
-1294
-1379
-1544
-1547
-1556
-1319
-1195
-957
-749
-440
-137
24
382
464
629
611
780
698
537
643
523
394
170
155
31
-76
-135
-270
-499
-592
-838
-1044
-1233
-1632
-1817
-2178
-2401
-2495
-2686
-2878
-2881
-3006
-2990
-2871
-2852
-2686
-2724
-2449
-2488
-2255
-2049
-1509
-1232
-722
-348
216
1148
1613
2779
3095
4188
4506
5204
5548
5938
6167
5693
5783
5154
5352
4542
4262
3489
3003
2575
1842
1244
586
137
-881
-1285
-2081
-2183
-2949
-3465
-3841
-4311
-4286
-4590
-4329
-4353
-3989
-3787
-3256
-2710
-2076
-1537
-1088
-451
-124
582
923
1357
1510
1672
1857
1996
2017
1927
2099
1822
1774
1534
1454
1240
904
520
182
-55
-567
-802
-1346
-1502
-1867
-2136
-2321
-2437
-2375
-2425
-2273
-2194
-1736
-1572
-1070
-782
-306
146
233
660
846
955
932
959
786
900
739
648
612
251
341
113
81
-86
-171
-487
-513
-838
-1081
-1174
-1572
-1732
-2222
-2245
-2638
-2648
-2901
-2980
-2962
-2871
-2783
-2730
-2496
-2465
-2199
-2204
-1874
-1617
-996
-625
-15
422
1024
1991
2629
3684
4117
4990
5350
5935
6170
6531
6573
6184
6216
5696
5784
4978
4810
4117
3505
3124
2295
1710
958
448
-546
-973
-1913
-2036
-2890
-3328
-3590
-4168
-4086
-4308
-4109
-4089
-3709
-3546
-2919
-2501
-1807
-1253
-748
-195
256
784
1269
1689
1802
2107
2268
2487
2565
2492
2582
2459
2328
2057
1792
1658
1240
798
368
102
-431
-844
-1391
-1654
-2053
-2462
-2638
-2958
-2958
-3064
-3094
-2930
-2649
-2442
-2031
-1746
-1418
-1063
-852
-411
-269
-122
52
127
84
104
88
-63
-128
-375
-338
-533
-549
-669
-982
-1030
-1269
-1492
-1775
-2010
-2176
-2482
-2893
-2931
-3271
-3290
-3535
-3620
-3607
-3651
-3359
-3378
-3198
-3098
-2862
-2765
-2293
-1873
-1288
-648
-35
575
1430
2308
3296
4115
4733
5560
5927
6353
6636
6898
6541
6456
6098
5889
5654
5040
4733
3955
3570
2944
2324
1742
1153
299
-352
-1006
-1499
-2012
-2850
-3138
-3775
-3929
-4195
-4169
-4054
-3934
-3511
-3185
-2512
-1929
-1178
-710
-23
484
1068
1620
2063
2375
2566
2816
2995
3258
3208
3203
3182
3087
2938
2773
2572
2429
1937
1737
1364
995
577
35
-371
-905
-1378
-1807
-2113
-2409
-2513
-2659
-2711
-2631
-2343
-2115
-1903
-1504
-1217
-947
-489
-331
-64
71
124
285
112
279
99
57
-109
-244
-339
-456
-547
-790
-1017
-1251
-1341
-1681
-1872
-2172
-2397
-2681
-2985
-3108
-3426
-3532
-3685
-3983
-3906
-3939
-3904
-3900
-3831
-3678
-3578
-3336
-2825
-2298
-1808
-957
-484
577
1375
2475
3461
4013
4873
5288
5931
6068
6576
6194
6095
5784
5543
5425
4697
4554
3725
3455
2773
2282
1551
1138
392
-487
-1135
-1845
-2075
-3259
-3520
-4262
-4553
-4748
-4978
-4890
-4863
-4508
-4263
-3608
-3149
-2269
-1738
-982
-403
178
851
1221
1719
1913
2197
2224
2542
2587
2577
2607
2509
2665
2409
2340
2232
1925
1571
1307
1055
653
278
-168
-399
-884
-1121
-1471
-1826
-1900
-2121
-2040
-2074
-1854
-1556
-1351
-896
-562
-329
48
326
565
678
787
985
835
892
758
753
540
406
258
31
57
-183
-288
-650
-630
-1027
-1213
-1416
-1671
-1926
-2284
-2406
-2812
-2951
-3136
-3265
-3520
-3533
-3450
-3568
-3463
-3409
-3268
-3061
-2561
-2023
-1467
-806
-89
901
1622
2886
3791
4647
5382
5796
6274
6684
7063
6622
6633
6096
6087
5527
5075
4684
3960
3569
2836
2406
1824
1462
564
-30
-854
-1302
-1813
-2757
-3120
-3797
-4042
-4480
-4580
-4567
-4445
-4430
-4128
-3566
-3024
-2282
-1803
-1074
-651
31
555
997
1309
1618
1786
1964
2105
2179
2223
2021
1971
1867
1700
1644
1500
1209
898
603
343
-84
-369
-728
-1117
-1638
-1864
-2085
-2352
-2405
-2595
-2607
-2571
-2326
-2060
-1799
-1495
-1122
-903
-583
-263
-58
79
145
170
267
255
137
184
-146
-168
-326
-404
-543
-675
-858
-1087
-1275
-1558
-1749
-2065
-2273
-2563
-2830
-3047
-3185
-3487
-3658
-3712
-3831
-3952
-3903
-3999
-3810
-3762
-3658
-3538
-3022
-2451
-1999
-1142
-624
499
1335
2490
3447
4452
5274
5792
6402
6717
7319
6940
6874
6442
6358
5999
5451
5138
4427
4124
3410
3027
2337
2076
1290
644
-12
-538
-856
-1814
-2116
-2921
-3096
-3610
-3735
-3878
-3888
-3620
-3498
-2840
-2489
-1628
-1142
-397
160
793
1469
1801
2166
2282
2630
2587
2780
2779
2804
2764
2530
2522
2385
2359
2079
1804
1375
1169
849
436
39
-484
-757
-1334
-1556
-1936
-2214
-2343
-2510
-2499
-2564
-2235
-1957
-1676
-1399
-1017
-667
-403
-95
140
185
252
400
364
277
213
189
-67
-189
-307
-487
-630
-774
-931
-1172
-1363
-1607
-1950
-2117
-2344
-2663
-3003
-3193
-3332
-3680
-3723
-3952
-4054
-4171
-4252
-4217
-4109
-4258
-4130
-3899
-3474
-2902
-2415
-1727
-1105
-26
742
1960
2794
3724
4475
5062
5580
5970
6373
5990
6011
5528
5623
5045
4599
4168
3444
3127
2433
2006
1455
1087
362
-61
-746
-983
-1473
-2222
-2464
-3200
-3389
-3798
-3901
-4102
-3979
-3771
-3525
-2942
-2410
-1502
-1113
-163
360
1071
1813
2145
2740
2815
3135
3147
3167
3177
2968
2894
2581
2519
2257
2196
2074
1676
1377
1016
889
409
-20
-365
-789
-1261
-1505
-1857
-1997
-2178
-2376
-2342
-2291
-2005
-1755
-1508
-1137
-797
-403
-10
249
548
718
880
923
992
907
900
785
717
626
393
291
117
-41
-250
-358
-708
-949
-1282
-1498
-1766
-2120
-2400
-2817
-2921
-3231
-3395
-3584
-3746
-3796
-3929
-3876
-3881
-3828
-3788
-3497
-2996
-2554
-1780
-1227
-537
462
1274
2450
3246
4217
4819
5417
5832
6266
6548
6160
6075
5619
5500
4926
4485
3993
3312
2904
2241
1727
1189
849
77
-467
-1112
-1387
-1957
-2563
-2948
-3593
-3820
-4241
-4302
-4345
-4187
-4153
-3720
-3347
-2640
-1975
-1368
-553
-116
706
1222
1832
2162
2352
2652
2776
2883
2764
2796
2644
2483
2370
1987
2018
1644
1343
896
711
418
24
-401
-857
-1098
-1713
-1886
-2261
-2558
-2676
-2883
-2886
-2853
-2519
-2353
-2124
-1830
-1364
-1079
-674
-308
-118
177
145
451
439
618
495
575
433
390
373
132
248
-147
-58
-429
-476
-754
-1028
-1147
-1628
-1765
-2162
-2411
-2623
-2876
-3130
-3229
-3425
-3470
-3594
-3766
-3684
-3759
-3680
-3403
-2919
-2463
-1898
-1297
-338
582
1573
2707
3566
4590
5259
5857
6336
6907
6862
6711
6395
6216
5967
5279
4857
4110
3734
3050
2488
1859
1519
961
303
-208
-781
-881
-1752
-2068
-2666
-3107
-3398
-3729
-3803
-3906
-3691
-3511
-3046
-2712
-1954
-1398
-698
25
638
1369
1809
2408
2649
2989
3110
3230
3307
3207
3145
2902
2915
2484
2399
2207
1894
1444
1068
794
372
77
-518
-775
-1265
-1590
-1911
-2334
-2487
-2711
-2963
-2957
-2883
-2758
-2588
-2424
-1999
-1717
-1427
-1090
-689
-527
-249
-131
27
100
115
140
-96
-124
-211
-303
-381
-476
-705
-859
-1087
-1238
-1561
-1784
-1986
-2319
-2500
-2807
-2961
-3136
-3277
-3572
-3729
-3861
-4017
-4053
-4209
-4120
-4197
-4169
-3815
-3315
-2850
-2157
-1563
-658
341
1240
2429
3381
4286
4967
5503
5981
6576
6469
6411
6099
5862
5698
5027
4723
4056
3481
3102
2447
1956
1590
994
477
-190
-687
-951
-1586
-2139
-2626
-3163
-3481
-3733
-3937
-3897
-3896
-3676
-3222
-2815
-2055
-1493
-803
-1
497
1296
1901
2416
2783
3129
3437
3533
3699
3687
3677
3592
3462
3299
3072
2969
2599
2207
1798
1472
1166
656
218
-205
-571
-1049
-1288
-1778
-1921
-2049
-2205
-2147
-2110
-1908
-1756
-1447
-1223
-910
-816
-358
-212
-10
107
214
443
398
525
469
343
327
204
84
39
-123
-366
-465
-788
-898
-1347
-1585
-1820
-2156
-2464
-2811
-2922
-3281
-3411
-3689
-3812
-4026
-4019
-4187
-4174
-4161
-4213
-4108
-3819
-3301
-2858
-2233
-1751
-756
54
1012
2158
3013
4041
4633
5245
5680
6260
6210
6065
5727
5468
5373
4523
4220
3412
2988
2433
1806
1317
830
441
-212
-638
-1207
-1293
-2131
-2575
-3132
-3587
-3832
-4263
-4298
-4518
-4369
-4165
-3770
-3455
-2676
-2147
-1461
-738
-135
767
1202
1831
2182
2551
2840
3002
3031
2991
3081
2796
2744
2401
2316
2158
1876
1504
1110
942
552
218
-287
-514
-917
-1253
-1447
-1803
-1992
-2186
-2308
-2369
-2296
-2117
-1977
-1810
-1424
-1156
-951
-554
-272
-76
164
353
601
714
785
967
934
974
941
876
824
768
552
304
69
-210
-404
-779
-999
-1357
-1568
-1889
-2030
-2277
-2485
-2710
-2954
-3038
-3204
-3231
-3326
-3315
-3399
-3391
-3259
-2753
-2397
-1816
-1239
-760
415
1007
2272
3120
4041
4779
5397
5904
6359
6820
6335
6463
5819
5886
5343
4834
4454
3680
3325
2680
2261
1676
1328
579
60
-695
-1061
-1468
-2348
-2727
-3388
-3616
-4030
-4212
-4331
-4312
-4237
-3915
-3500
-3033
-2315
-1867
-1047
-593
136
818
1404
1913
2171
2598
2722
2939
2970
3051
2900
2715
2547
2295
2140
1822
1384
953
748
328
-18
-457
-764
-1105
-1555
-1855
-2112
-2331
-2534
-2566
-2812
-2673
-2575
-2428
-2166
-1992
-1716
-1411
-1195
-870
-536
-602
-323
-299
-122
18
-91
149
15
28
-34
-64
-104
-230
-627
-692
-925
-1352
-1357
-1809
-1911
-2266
-2563
-2560
-2804
-3003
-3075
-3327
-3329
-3408
-3478
-3444
-3460
-3470
-3319
-3331
-3192
-2618
-2285
-1654
-1112
-387
546
1370
2696
3482
4397
5086
5764
6156
6594
6877
6433
6339
5870
5859
5229
4772
4299
3673
3195
2696
2184
1566
1256
423
9
-745
-927
-1451
-2280
-2482
-3112
-3353
-3628
-3757
-3840
-3702
-3672
-3141
-2779
-2274
-1411
-998
-247
375
1074
1579
2181
2546
2896
3098
3209
3574
3356
3471
3336
3167
3031
2766
2524
2177
1807
1279
1136
618
362
-139
-484
-792
-1205
-1444
-1592
-1865
-2128
-2089
-2386
-2140
-2143
-1896
-1606
-1567
-1050
-968
-557
-293
-13
79
275
329
442
575
460
611
230
220
83
17
-248
-427
-763
-1028
-1265
-1567
-1708
-2191
-2339
-2770
-2963
-3106
-3288
-3448
-3627
-3718
-3795
-3732
-3846
-3726
-3797
-3699
-3712
-3623
-3418
-2819
-2523
-1918
-1284
-726
402
1085
2392
3071
3935
4657
5262
5616
6028
6237
5827
5723
5270
5240
4706
4173
3851
3125
2702
2136
1684
1043
708
-4
-568
-1248
-1498
-1961
-2785
-3038
-3609
-3799
-4137
-4081
-4137
-3934
-3793
-3437
-2856
-2380
-1588
-1077
-459
184
827
1454
1956
2321
2521
2786
2984
3201
3170
3096
3011
2766
2711
2390
2226
1887
1437
1111
912
564
244
-13
-457
-730
-1194
-1270
-1565
-1797
-1953
-2056
-2085
-2046
-1836
-1607
-1272
-1232
-673
-491
-125
261
509
711
818
1038
1150
1244
1104
1236
993
881
789
603
408
130
-215
-452
-748
-1095
-1213
-1669
-1813
-2138
-2421
-2555
-2785
-2970
-3168
-3274
-3343
-3288
-3366
-3340
-3409
-3309
-3231
-3129
-2967
-2513
-2013
-1448
-798
-210
807
1560
2643
3374
4205
4902
5400
5851
6132
6392
5960
5854
5340
5370
4901
4312
4022
3329
2955
2367
1885
1254
830
6
-527
-1188
-1633
-2087
-2900
-3225
-3797
-3999
-4271
-4313
-4269
-4124
-4074
-3596
-3108
-2662
-1875
-1537
-804
-373
278
877
1353
1621
1862
2095
2243
2521
2258
2389
2178
2115
1871
1690
1504
1154
831
394
305
-117
-292
-678
-897
-1191
-1474
-1714
-1939
-2070
-2391
-2354
-2521
-2284
-2125
-1875
-1608
-1353
-984
-692
-237
21
406
582
784
963
1098
1147
1028
1056
882
687
554
421
193
-85
-342
-587
-778
-1134
-1289
-1572
-1896
-2088
-2358
-2540
-2669
-2852
-3053
-3157
-3268
-3228
-3276
-3312
-3229
-3222
-3172
-3043
-2936
-2453
-1940
-1360
-713
-141
794
1588
2543
3434
4164
4930
5464
5947
6161
6668
6425
6289
5836
5647
5544
4863
4688
3896
3579
2968
2614
1973
1471
777
140
-409
-1122
-1312
-2096
-2514
-3066
-3331
-3686
-3698
-3636
-3561
-3476
-3204
-2516
-2200
-1387
-949
-350
53
678
1311
1735
2233
2319
2763
2704
3042
2988
2834
2783
2470
2222
1933
1727
1507
1219
694
510
213
-134
-443
-827
-1093
-1483
-1694
-1981
-2136
-2408
-2576
-2642
-2675
-2487
-2364
-1962
-1757
-1388
-1063
-687
-268
-80
221
243
413
486
536
563
487
320
100
17
-155
-304
-618
-795
-1034
-1220
-1441
-1637
-1876
-2175
-2413
-2748
-2902
-3205
-3265
-3499
-3567
-3666
-3735
-3680
-3703
-3498
-3567
-3342
-3250
-2990
-2917
-2517
-1911
-1538
-762
-383
553
1154
1909
2857
3536
4345
4776
5245
5441
5977
5938
5780
5557
5320
5347
4684
4455
3972
3465
2986
2456
1807
1156
618
-27
-578
-1419
-1648
-2282
-2799
-3070
-3404
-3578
-3649
-3515
-3332
-3090
-2858
-2243
-1769
-1247
-599
-108
428
843
1468
1830
2204
2453
2704
2797
2862
2998
2910
2837
2527
2505
2205
2050
1815
1524
1221
857
625
328
16
-329
-603
-1058
-1318
-1585
-1790
-1922
-2147
-2093
-1989
-1798
-1480
-1076
-832
-445
-61
280
623
875
1163
1128
1043
1253
1236
1137
937
749
460
359
202
-40
-197
-520
-680
-986
-1195
-1401
-1631
-1979
-2255
-2495
-2691
-2893
-3016
-3263
-3388
-3448
-3505
-3425
-3396
-3306
-3235
-3096
-2923
-2800
-2516
-2364
-1824
-1464
-852
-340
204
901
1490
2515
3064
3904
4242
4827
4992
5506
5633
5395
5340
4893
5087
4453
4260
3736
3161
2631
2002
1496
765
259
-652
-1099
-1976
-2233
-2705
-3366
-3540
-3970
-4048
-4216
-3918
-3838
-3501
-3336
-2756
-2293
-1841
-1160
-793
-114
208
656
1178
1551
1690
1900
1960
2050
2207
2082
2063
1913
1847
1722
1498
1398
1197
854
534
336
-23
-274
-645
-1000
-1305
-1626
-1959
-2103
-2205
-2265
-2213
-2078
-1783
-1449
-1041
-638
-268
140
479
875
1118
1306
1338
1343
1407
1326
1111
1046
900
742
494
399
263
72
-131
-273
-531
-739
-939
-1252
-1635
-1998
-2097
-2438
-2662
-2735
-2875
-3028
-2958
-2940
-2844
-2646
-2529
-2327
-2200
-2035
-1729
-1659
-1604
-1298
-838
-444
20
460
1088
1640
2331
3231
3853
4419
4939
5390
5652
6169
6225
6160
5921
5701
5705
5189
4875
4291
3709
2990
2475
1796
1098
245
-425
-1062
-1880
-2105
-2648
-3065
-3416
-3626
-3641
-3675
-3375
-3143
-2957
-2836
-2196
-1863
-1502
-938
-597
-274
-35
492
829
1050
1114
1382
1406
1547
1610
1638
1661
1472
1489
1181
1155
847
624
233
-87
-312
-800
-1135
-1587
-1782
-2180
-2400
-2668
-2696
-2704
-2689
-2410
-2302
-1911
-1542
-1198
-836
-548
-159
180
402
536
600
547
526
580
438
399
215
198
8
-82
-83
-212
-380
-581
-856
-1074
-1308
-1678
-1879
-2236
-2511
-2730
-3043
-3216
-3319
-3358
-3420
-3270
-3279
-2911
-2773
-2569
-2350
-2249
-1928
-1790
-1653
-1611
-1348
-1042
-664
-286
52
600
1151
1853
2732
3436
4215
4714
5237
5699
6177
6388
6301
6110
5855
5825
5389
4910
4422
3753
3121
2545
1808
1204
578
-20
-644
-1316
-1539
-1899
-2269
-2635
-2742
-2759
-2691
-2527
-2275
-2049
-1880
-1437
-1190
-779
-457
-64
160
418
713
1006
1341
1582
1788
1801
1999
2122
2219
2308
2226
2089
1919
1691
1473
1187
802
483
18
-305
-721
-956
-1294
-1551
-1770
-1977
-1895
-1874
-1828
-1717
-1516
-1192
-956
-741
-386
-67
52
287
400
546
518
484
430
385
378
297
252
9
145
-59
-118
-347
-532
-688
-1019
-1248
-1626
-1905
-2309
-2540
-2968
-3115
-3304
-3486
-3486
-3543
-3389
-3438
-3135
-3077
-2785
-2618
-2493
-2189
-2087
-1907
-1961
-1776
-1805
-1633
-1366
-1146
-717
-520
62
630
1397
2195
2911
3646
4107
4680
5044
5583
5636
5389
5255
5110
4858
4405
4006
3366
2792
2202
1650
1007
491
-72
-682
-1102
-1676
-1853
-2183
-2504
-2725
-2759
-2795
-2682
-2536
-2378
-2196
-2179
-1832
-1550
-1256
-1015
-769
-393
-178
155
566
929
1118
1409
1560
1820
2070
2108
2130
2025
1962
1759
1482
1287
999
636
266
-32
-351
-537
-736
-872
-1106
-1254
-1196
-1147
-963
-907
-656
-577
-345
-187
89
291
463
613
695
893
908
1062
858
884
835
723
691
629
663
427
431
293
107
-85
-306
-675
-920
-1240
-1599
-1882
-2158
-2315
-2590
-2707
-2807
-2752
-2711
-2666
-2465
-2282
-2097
-1993
-1746
-1588
-1475
-1329
-1364
-1247
-1280
-1284
-1322
-1168
-948
-503
-198
221
920
1444
2283
2912
3669
4153
4650
4968
5252
5490
5315
5164
4716
4645
4223
3768
3354
2779
2277
1698
1184
561
189
-459
-798
-1339
-1694
-1880
-2216
-2481
-2623
-2704
-2861
-2810
-2743
-2673
-2695
-2590
-2330
-2240
-1971
-1657
-1413
-1032
-735
-405
-81
270
467
697
775
991
1111
1125
1180
1088
965
789
674
462
292
-47
-249
-465
-641
-716
-908
-1025
-1129
-1204
-1069
-997
-892
-876
-662
-559
-410
-182
-66
150
203
371
455
554
604
609
565
514
540
498
448
393
321
253
91
-48
-210
-454
-747
-1011
-1351
-1647
-1931
-1976
-2196
-2259
-2321
-2365
-2241
-2217
-2088
-2030
-1866
-1721
-1622
-1432
-1371
-1223
-1190
-1132
-1166
-1190
-1148
-1244
-1203
-1100
-614
-330
179
573
1205
1809
2512
3314
3915
4478
4844
5114
5317
5701
5577
5405
5118
4919
4783
4340
4078
3624
3149
2603
2036
1617
1177
696
111
-398
-930
-1182
-1549
-1949
-2210
-2427
-2543
-2609
-2567
-2515
-2504
-2432
-2232
-2050
-1796
-1486
-1102
-911
-673
-312
47
365
649
721
891
1082
1182
1306
1254
1300
1063
978
910
809
666
396
75
-164
-295
-551
-687
-875
-1112
-1244
-1326
-1302
-1256
-1281
-1163
-1070
-964
-815
-598
-493
-464
-386
-357
-309
-214
-122
-256
-262
-208
-295
-278
-317
-315
-520
-620
-782
-852
-1102
-1326
-1464
-1863
-1998
-2137
-2165
-2292
-2292
-2418
-2399
-2302
-2194
-2073
-2043
-1967
-1865
-1804
-1705
-1587
-1533
-1502
-1458
-1425
-1370
-1407
-1380
-1292
-1336
-1073
-592
-239
237
531
1106
1591
2282
2999
3446
3945
4280
4584
4840
5196
5085
5027
4880
4888
4888
4559
4284
3955
3460
2916
2508
1869
1359
745
175
-309
-871
-1076
-1538
-1854
-2148
-2229
-2411
-2400
-2246
-2244
-2214
-2114
-1807
-1704
-1439
-1222
-908
-670
-412
-183
156
376
630
929
1010
1323
1576
1807
1914
1954
1919
1919
1892
1702
1489
1142
836
651
339
-16
-175
-495
-587
-734
-812
-740
-754
-715
-694
-586
-518
-411
-380
-294
-247
-236
-161
-114
-69
-97
-63
-145
-43
-61
-44
-82
-320
-268
-471
-615
-716
-895
-1119
-1357
-1504
-1674
-1702
-1847
-1875
-1986
-2019
-1971
-2079
-2017
-1989
-2040
-2056
-2018
-1915
-1819
-1804
-1683
-1621
-1592
-1499
-1494
-1433
-1366
-1394
-1336
-1233
-991
-671
-500
-178
97
435
961
1545
2057
2601
3037
3447
3843
4164
4623
4691
4713
4692
4669
4646
4335
3956
3469
2910
2250
1698
1054
475
-291
-837
-1333
-1813
-1998
-2426
-2684
-2839
-2921
-3018
-2971
-2836
-2841
-2770
-2736
-2472
-2313
-2067
-1827
-1610
-1385
-1072
-677
-274
89
386
756
1127
1507
1828
2045
2130
2099
2116
2063
1937
1698
1414
1085
814
465
194
28
-264
-324
-555
-628
-644
-672
-622
-618
-592
-521
-433
-316
-239
-51
-31
71
145
263
371
425
481
474
424
420
455
379
296
216
74
-30
-77
-191
-273
-453
-628
-662
-718
-799
-810
-990
-1093
-1065
-1142
-1150
-1228
-1181
-1295
-1367
-1354
-1348
-1204
-1210
-1013
-982
-920
-811
-663
-641
-683
-774
-907
-799
-715
-493
-322
-252
104
472
1050
1728
2240
2814
3222
3776
4262
4798
5084
5066
5026
4934
4939
4518
4179
3624
2955
2322
1593
1021
308
-253
-895
-1436
-1985
-2229
-2395
-2629
-2877
-3045
-3148
-3101
-2970
-2971
-2935
-3034
-2879
-2718
-2498
-2277
-2030
-1797
-1471
-1086
-641
-121
207
603
918
1178
1513
1696
1869
1720
1695
1472
1242
1005
645
363
-119
-378
-803
-905
-1107
-1208
-1459
-1573
-1564
-1580
-1440
-1416
-1248
-1190
-959
-817
-647
-520
-448
-437
-355
-209
-130
-80
-102
-55
-116
28
79
91
80
-18
43
113
118
9
-9
-120
-189
-292
-326
-451
-637
-724
-969
-998
-1141
-1088
-1085
-1233
-1168
-1258
-1035
-922
-763
-706
-599
-435
-263
-92
-98
-3
-182
-226
-321
-542
-585
-649
-619
-547
-317
20
466
1027
1662
2369
3009
3656
4254
4669
5176
5514
5594
5504
5356
5285
4935
4536
3851
3354
2758
2115
1661
1015
514
-124
-568
-1029
-1375
-1660
-2022
-2249
-2440
-2549
-2738
-2622
-2601
-2601
-2667
-2590
-2331
-2099
-1933
-1658
-1325
-1037
-652
-259
215
453
861
1106
1383
1630
1658
1691
1532
1450
1173
932
558
236
-151
-527
-784
-1134
-1322
-1516
-1547
-1592
-1631
-1561
-1377
-1211
-1034
-1013
-820
-673
-562
-529
-482
-457
-486
-426
-434
-473
-387
-363
-410
-286
-286
-224
-111
-95
-64
-37
-96
-46
-179
-426
-421
-675
-796
-1007
-1107
-1236
-1262
-1463
-1529
-1577
-1557
-1436
-1533
-1424
-1398
-1181
-1116
-855
-794
-595
-551
-503
-461
-606
-552
-775
-818
-1094
-1247
-1424
-1572
-1415
-1323
-1029
-688
-340
166
892
1527
2293
2921
3554
3985
4412
4774
5055
5008
4866
4661
4476
4245
3698
3274
2807
2301
1696
1247
733
369
-215
-674
-1055
-1376
-1499
-1820
-2090
-2205
-2272
-2265
-2208
-2097
-2014
-2041
-1862
-1497
-1347
-1059
-686
-442
-132
169
596
998
1251
1332
1495
1693
1851
1748
1692
1562
1254
1104
795
511
190
-160
-439
-620
-750
-957
-953
-959
-929
-854
-743
-496
-381
-293
-145
-100
-27
57
208
66
128
66
153
195
203
295
276
410
354
586
440
520
480
345
277
118
97
-176
-318
-591
-698
-891
-1023
-1093
-1296
-1331
-1338
-1291
-1341
-1215
-1159
-1199
-1092
-1028
-948
-969
-893
-933
-832
-896
-907
-953
-1043
-1160
-1212
-1368
-1447
-1529
-1717
-1835
-1875
-1890
-1765
-1469
-1251
-912
-609
-158
384
1047
1687
2134
2696
3085
3417
3787
4010
4130
3980
3875
3815
3724
3492
3169
2844
2334
1949
1353
867
334
-205
-670
-1151
-1487
-1733
-1998
-2240
-2259
-2326
-2279
-2284
-2071
-1928
-1794
-1705
-1511
-1269
-1144
-918
-811
-614
-499
-296
-15
137
267
356
413
449
554
481
471
313
114
82
-59
-63
-217
-297
-394
-349
-432
-267
-215
-198
-60
-34
136
276
448
459
603
530
626
681
733
701
642
620
536
548
565
581
538
499
510
482
524
476
512
352
230
202
124
118
-5
-139
-106
-196
-139
-132
-43
56
-35
117
142
180
203
177
76
-22
-89
-131
-330
-381
-573
-808
-852
-1124
-1124
-1346
-1390
-1597
-1609
-1712
-1672
-1660
-1875
-1700
-1639
-1312
-1102
-802
-556
-149
361
882
1469
1888
2443
2795
3213
3617
3945
4164
4088
4036
4012
3858
3508
3190
2691
2102
1655
997
457
-82
-547
-1057
-1455
-1713
-1943
-2086
-2254
-2238
-2251
-2175
-2159
-2050
-2026
-2030
-1967
-1969
-1980
-1959
-1923
-1850
-1748
-1672
-1405
-1293
-1060
-969
-688
-580
-391
-251
-225
-210
-265
-212
-341
-272
-500
-465
-556
-478
-481
-342
-189
-105
85
189
451
513
685
717
739
743
736
680
528
408
225
71
-108
-126
-133
-192
-211
-189
-215
-81
-22
1
79
49
155
186
358
343
355
496
493
590
571
738
764
865
853
879
874
911
850
656
607
447
316
193
39
-161
-306
-511
-567
-638
-711
-853
-924
-955
-1032
-1018
-1076
-1190
-1320
-1389
-1451
-1580
-1571
-1418
-1271
-1072
-864
-450
60
596
1297
1761
2512
2999
3540
4068
4469
4735
4702
4778
4724
4615
4134
3758
3346
2761
2158
1554
1119
496
128
-249
-647
-800
-1006
-1039
-1331
-1462
-1670
-1730
-1892
-1931
-2130
-2373
-2472
-2525
-2559
-2700
-2754
-2664
-2619
-2538
-2204
-1873
-1565
-1323
-1152
-882
-572
-419
-320
-216
-186
-143
-193
-124
-8
9
105
110
257
355
477
712
777
882
895
952
948
876
715
481
322
13
-272
-529
-641
-968
-1104
-1167
-1278
-1207
-1145
-1077
-1023
-827
-826
-582
-510
-445
-190
-137
125
193
234
297
481
552
498
698
687
802
778
781
694
632
534
338
229
-83
-161
-325
-454
-741
-914
-1022
-1155
-1211
-1427
-1317
-1397
-1463
-1511
-1534
-1540
-1682
-1682
-1803
-1871
-1993
-2078
-2213
-2190
-2061
-1995
-1822
-1533
-1083
-598
146
822
1618
2335
3046
3729
4258
4753
5167
5349
5331
5397
5311
5162
4838
4504
3968
3488
3021
2599
2218
1615
1318
833
528
150
-132
-598
-1067
-1420
-1872
-2132
-2491
-2719
-3049
-3319
-3502
-3412
-3389
-3309
-3126
-2929
-2628
-2275
-1862
-1538
-1164
-851
-438
-132
243
521
742
964
1236
1377
1537
1756
1817
1926
1993
2142
2105
2069
2092
1864
1852
1656
1400
1208
894
532
220
-124
-441
-758
-1015
-1205
-1358
-1592
-1605
-1578
-1680
-1521
-1525
-1390
-1284
-1097
-915
-771
-602
-455
-287
-88
155
360
574
755
936
1100
1231
1265
1301
1347
1313
1150
1009
777
554
224
-129
-495
-755
-1159
-1451
-1704
-2029
-2118
-2246
-2354
-2522
-2562
-2650
-2706
-2806
-2909
-2959
-3114
-3183
-3296
-3400
-3378
-3355
-3371
-3362
-3190
-3022
-2738
-2311
-1952
-1450
-915
-208
534
1353
2163
2905
3652
4286
4745
5232
5664
5838
5928
5776
5805
5739
5454
5110
4750
4228
3726
3160
2646
1971
1249
660
-205
-875
-1516
-2122
-2789
-3369
-3814
-4135
-4320
-4437
-4403
-4408
-4270
-4030
-3575
-3148
-2750
-2250
-1875
-1307
-906
-356
56
437
847
1134
1560
1826
2216
2410
2573
2684
2804
2955
2950
3022
2904
2885
2707
2569
2384
2078
1824
1428
1045
642
271
-80
-535
-829
-1130
-1442
-1601
-1653
-1717
-1782
-1752
-1707
-1660
-1541
-1327
-1155
-1004
-670
-378
30
292
573
923
1105
1374
1572
1757
1899
2072
2125
2236
2271
2262
2189
1999
1770
1495
1253
839
495
78
-490
-866
-1289
-1769
-2178
-2468
-2880
-3044
-3269
-3412
-3571
-3558
-3641
-3602
-3474
-3404
-3281
-3228
-2986
-2970
-2762
-2669
-2519
-2354
-2272
-2098
-1932
-1651
-1522
-1332
-1011
-818
-538
-176
322
769
1318
1822
2361
2921
3463
4124
4629
5009
5305
5445
5457
5540
5450
5090
4609
4195
3707
3101
2519
1764
1079
312
-350
-1021
-1682
-2173
-2734
-3191
-3543
-3731
-3922
-4030
-4130
-4143
-4066
-3929
-3662
-3435
-3206
-2930
-2623
-2242
-1842
-1460
-1075
-665
-248
191
736
1142
1515
1925
2158
2488
2679
2870
2940
2971
2843
2767
2632
2335
2094
1667
1423
996
625
270
-51
-336
-636
-879
-1093
-1139
-1227
-1284
-1314
-1388
-1366
-1314
-1330
-1133
-1024
-943
-794
-540
-284
-34
233
430
718
941
1225
1510
1662
1766
1865
1944
2094
2060
2009
1942
1787
1631
1450
1264
1102
894
642
370
196
-85
-269
-629
-1059
-1344
-1746
-2036
-2366
-2711
-2929
-3071
-3226
-3271
-3400
-3232
-3061
-2962
-2722
-2506
-2212
-1867
-1540
-1229
-911
-553
-167
94
346
548
795
978
1111
1202
1288
1402
1514
1456
1480
1473
1368
1390
1394
1539
1573
1685
1733
1919
2142
2331
2623
2721
2869
2960
2963
3060
2943
2657
2322
2058
1762
1256
848
401
-188
-593
-1103
-1553
-1983
-2385
-2675
-3009
-3167
-3298
-3339
-3296
-3328
-3175
-2947
-2682
-2447
-2010
-1765
-1451
-1166
-935
-594
-403
-30
111
345
517
757
982
1052
1245
1293
1288
1273
1319
1252
1148
1026
841
839
562
403
183
25
-210
-434
-586
-686
-761
-897
-883
-918
-923
-933
-859
-877
-869
-794
-857
-828
-708
-711
-655
-585
-491
-403
-166
-39
216
399
595
847
1005
1174
1330
1507
1581
1581
1558
1529
1489
1349
1218
958
755
475
168
-102
-334
-667
-925
-1040
-1200
-1390
-1496
-1543
-1481
-1467
-1371
-1281
-1158
-914
-740
-548
-331
-135
5
254
302
569
597
634
778
807
883
967
1000
1046
1007
1035
969
947
848
769
756
607
512
409
362
274
119
-69
-141
-303
-308
-254
-109
-38
16
284
439
868
1206
1544
1752
2081
2242
2466
2718
2771
2739
2388
2313
2132
1887
1522
1120
685
252
-59
-537
-683
-1098
-1297
-1539
-1766
-1784
-1883
-1878
-1995
-1996
-2097
-1987
-1952
-1872
-1847
-1848
-1754
-1718
-1537
-1531
-1296
-1169
-1089
-985
-759
-573
-466
-398
-350
-184
-240
-130
-185
-139
-331
-407
-438
-607
-626
-867
-842
-1034
-994
-1019
-1044
-877
-966
-817
-842
-716
-572
-536
-541
-462
-441
-509
-416
-478
-446
-465
-464
-449
-378
-280
-211
-118
9
91
294
506
715
846
1012
1089
1390
1554
1700
1796
1883
1884
1935
2054
1994
1967
1902
1847
1709
1678
1562
1472
1242
1172
960
801
616
384
146
-29
-217
-390
-587
-757
-787
-905
-950
-969
-998
-940
-920
-830
-752
-672
-543
-432
-350
-220
-280
-115
-5
77
182
161
362
382
493
567
630
635
626
586
562
465
347
159
9
-119
-288
-364
-564
-622
-776
-715
-609
-524
-292
-231
9
250
573
977
1353
1602
1874
2028
2203
2454
2591
2548
2430
2363
2277
2142
1843
1669
1303
911
526
23
-209
-711
-1123
-1635
-1997
-2332
-2621
-2857
-3210
-3242
-3490
-3439
-3283
-3334
-3114
-3073
-2814
-2651
-2457
-2224
-2028
-1820
-1679
-1430
-1229
-1027
-802
-587
-450
-109
-21
292
348
482
547
663
846
809
961
964
1017
827
880
844
785
764
641
672
618
703
745
791
853
847
841
883
941
902
759
658
537
438
381
330
233
186
130
203
250
323
499
518
668
678
896
930
1008
1066
1039
1038
1046
1035
1020
920
850
762
661
489
349
153
-43
-226
-472
-622
-727
-937
-1100
-1194
-1271
-1325
-1366
-1361
-1403
-1416
-1427
-1365
-1233
-1057
-1010
-827
-725
-397
-238
-17
124
234
394
527
692
786
890
924
1004
955
1014
986
955
827
625
557
425
287
143
-74
-203
-420
-488
-757
-826
-1013
-1131
-1204
-1287
-1282
-1342
-1244
-1283
-1247
-1236
-1102
-1113
-1050
-968
-853
-531
-321
-18
247
661
1024
1464
1912
2342
2657
2948
3181
3400
3537
3425
3291
3067
2763
2428
2119
1643
1273
666
316
-121
-486
-881
-1219
-1502
-1742
-1914
-2087
-2074
-2297
-2268
-2344
-2205
-2302
-2094
-1967
-1905
-1663
-1461
-1200
-1080
-754
-634
-308
-170
37
260
433
613
771
807
878
988
915
953
807
737
660
469
412
223
150
-79
-164
-307
-381
-421
-470
-561
-579
-483
-484
-426
-416
-442
-351
-255
-170
-95
-84
-22
30
52
88
179
219
398
362
479
574
700
751
756
732
751
752
677
610
548
364
137
62
-179
-291
-484
-686
-925
-1106
-1134
-1139
-1338
-1378
-1471
-1552
-1521
-1641
-1497
-1522
-1427
-1335
-1183
-1032
-838
-561
-532
-298
-139
43
251
337
447
588
697
740
910
904
927
938
849
961
887
904
802
811
801
777
751
696
702
626
709
650
779
843
825
918
1005
1019
1139
1218
1265
1467
1532
1605
1653
1779
1739
1779
1715
1551
1519
1290
1098
923
610
332
149
-144
-309
-542
-763
-948
-1079
-1217
-1360
-1497
-1551
-1659
-1755
-1788
-1856
-1980
-1992
-2011
-2054
-2024
-1994
-1956
-1820
-1610
-1297
-941
-567
-163
311
919
1340
1926
2298
2698
2931
3183
3255
3351
3239
2845
2591
2211
1952
1403
930
399
-94
-522
-918
-1288
-1735
-2002
-2375
-2640
-2885
-3090
-3124
-3284
-3284
-3318
-3344
-3093
-2965
-2647
-2536
-2121
-1795
-1328
-917
-424
25
323
762
951
1341
1494
1567
1565
1548
1613
1468
1387
1147
1029
729
568
396
110
-89
-264
-501
-712
-806
-962
-1131
-1181
-1334
-1445
-1486
-1499
-1424
-1477
-1408
-1399
-1171
-1059
-840
-570
-499
-278
6
249
563
786
1074
1279
1642
1949
2164
2373
2532
2583
2642
2701
2807
2807
2609
2596
2445
2355
2178
2028
1802
1545
1295
1061
819
576
247
-86
-403
-748
-889
-1249
-1415
-1625
-1748
-1917
-1922
-1891
-1838
-1713
-1643
-1429
-1177
-951
-671
-408
-241
86
223
561
770
907
1083
1233
1418
1542
1638
1719
1716
1809
1792
1745
1727
1551
1540
1333
1171
958
869
632
389
254
-9
-137
-396
-622
-816
-1090
-1152
-1272
-1353
-1382
-1421
-1438
-1444
-1393
-1310
-1243
-1265
-1174
-1137
-1018
-946
-838
-729
-649
-509
-415
-214
-93
16
159
208
280
397
365
499
422
377
455
448
206
203
10
-191
-254
-504
-655
-829
-991
-1058
-1141
-1258
-1331
-1490
-1515
-1552
-1624
-1569
-1633
-1614
-1562
-1534
-1451
-1329
-1249
-1177
-1040
-928
-736
-644
-497
-442
-324
-235
-265
-212
-263
-278
-253
-279
-343
-379
-337
-343
-233
-191
6
272
460
726
897
1375
1635
2031
2366
2585
2867
2989
3092
3180
3045
2905
2598
2337
2152
1852
1549
1221
933
561
350
63
-68
-391
-558
-731
-862
-906
-925
-996
-1036
-988
-1020
-887
-787
-631
-596
-481
-351
-216
-61
82
311
462
613
782
1013
1285
1323
1411
1408
1414
1364
1277
1111
1014
834
565
584
358
338
177
85
-4
-30
-127
-194
-269
-446
-546
-647
-723
-841
-999
-1157
-1272
-1292
-1315
-1369
-1333
-1262
-1223
-1082
-919
-829
-612
-486
-343
-145
108
273
358
458
541
633
768
741
903
868
899
879
873
929
848
799
640
532
349
273
84
-109
-377
-648
-885
-1092
-1295
-1494
-1596
-1777
-1826
-1816
-1765
-1694
-1572
-1379
-1274
-1020
-712
-570
-325
-181
-58
-12
156
261
322
400
378
474
533
588
626
556
579
579
548
560
461
462
282
158
-11
-192
-320
-568
-689
-979
-1053
-1182
-1214
-1300
-1238
-1212
-1130
-958
-898
-688
-599
-478
-399
-346
-152
-29
50
121
264
309
463
626
664
796
881
1063
1239
1359
1398
1439
1481
1461
1354
1288
1149
1021
849
641
500
288
170
31
-94
-195
-266
-297
-255
-285
-227
-299
-215
-205
-176
-79
-144
2
-88
-11
-59
63
55
84
133
233
480
474
633
654
781
773
758
781
736
708
542
476
430
384
322
190
155
29
23
7
49
79
26
51
132
155
178
232
246
160
227
137
137
148
56
42
-30
2
-67
-24
-137
-128
10
-47
2
6
53
-99
-33
-97
-184
-232
-381
-484
-566
-682
-841
-903
-995
-1088
-1097
-1108
-1118
-985
-929
-902
-763
-640
-509
-433
-232
-218
33
145
277
415
439
602
654
805
735
864
863
846
879
743
715
600
507
333
244
200
54
-23
-169
-329
-454
-558
-494
-537
-626
-560
-534
-481
-298
-352
-373
-406
-492
-435
-744
-697
-788
-1017
-1031
-1163
-1076
-1115
-1106
-1144
-1129
-1020
-920
-867
-870
-871
-948
-957
-929
-1015
-1073
-1157
-1226
-1298
-1431
-1355
-1444
-1453
-1466
-1229
-847
-521
-219
140
666
1125
1704
2153
2561
2864
3059
3178
3390
3442
3302
3147
2954
2941
2687
2585
2186
2043
1817
1445
1312
1006
718
332
121
-182
-329
-593
-789
-907
-1125
-1174
-1241
-1179
-1118
-982
-906
-667
-445
-242
19
161
466
513
566
688
807
755
754
647
577
593
498
602
481
466
388
488
530
471
460
457
400
270
193
12
-63
-315
-459
-588
-721
-864
-977
-1039
-1085
-996
-954
-800
-678
-583
-479
-313
-177
-82
-75
-52
-77
-32
-36
5
-102
-21
7
-46
159
107
317
225
321
328
384
335
314
226
63
-22
-268
-383
-660
-858
-1101
-1299
-1428
-1519
-1660
-1641
-1700
-1628
-1433
-1427
-1327
-1214
-1017
-1020
-882
-845
-804
-775
-878
-785
-871
-794
-759
-757
-593
-515
-336
-290
4
86
209
382
456
678
694
815
718
790
683
579
507
289
409
198
264
189
163
245
232
391
357
497
449
612
563
610
555
508
417
317
195
203
194
102
153
158
333
361
607
614
784
878
916
891
814
815
701
611
478
438
320
231
167
68
63
128
174
147
396
369
617
707
745
915
818
796
728
712
591
418
232
143
13
-130
-119
-168
-188
-265
-297
-188
-175
-129
-178
-136
-126
-243
-208
-380
-351
-484
-461
-536
-505
-370
-338
-132
-90
193
316
470
626
749
731
792
736
695
583
577
543
407
281
176
207
13
67
-6
12
24
120
116
101
100
79
43
-136
-251
-398
-529
-639
-716
-901
-945
-1057
-1029
-1062
-975
-891
-809
-661
-539
-417
-385
-253
-278
-238
-305
-311
-329
-405
-433
-461
-578
-508
-437
-355
-217
-167
48
97
160
248
292
240
243
243
72
6
-236
-339
-509
-676
-786
-948
-1046
-1124
-1046
-1034
-986
-964
-870
-785
-790
-709
-686
-594
-592
-664
-563
-488
-477
-448
-396
-277
-164
-44
156
391
609
822
959
1101
1273
1314
1414
1376
1359
1241
1173
1059
923
781
699
582
458
469
330
272
244
200
149
135
138
51
41
-23
-86
-34
-221
-96
-227
-205
-144
-141
69
125
296
354
465
575
762
822
870
867
803
820
690
674
566
412
333
213
115
117
38
-25
-44
-127
-107
-72
-165
-167
-165
-260
-240
-357
-375
-413
-472
-485
-499
-383
-393
-328
-193
-113
37
237
344
391
578
568
614
697
631
624
563
532
525
487
444
399
386
316
322
283
292
281
269
234
113
112
-43
-58
-259
-411
-386
-622
-672
-699
-755
-826
-792
-841
-726
-607
-561
-483
-341
-308
-302
-157
-237
-226
-202
-244
-210
-288
-291
-352
-366
-323
-382
-272
-310
-200
-212
-94
-113
-120
-169
-160
-98
-266
-284
-441
-473
-593
-608
-764
-810
-874
-849
-767
-822
-715
-702
-612
-591
-508
-506
-425
-396
-366
-298
-323
-237
-217
-217
-123
-78
7
23
134
239
263
291
416
430
418
406
436
441
297
377
260
191
113
93
90
64
82
37
94
160
155
259
295
333
352
384
459
469
442
402
423
384
264
367
336
314
246
361
336
432
405
461
384
406
548
394
534
416
439
403
459
392
357
379
308
391
337
416
384
400
408
347
426
384
373
228
192
145
82
110
-19
11
-44
-56
-76
-23
-22
-32
-10
-56
-34
-14
-4
61
-3
-16
-45
-74
-5
-12
-25
-75
1
53
25
99
110
140
215
214
266
284
329
369
272
326
275
267
298
275
247
179
281
167
183
107
12
-30
-169
-259
-383
-401
-541
-567
-573
-704
-681
-791
-757
-790
-821
-873
-820
-835
-830
-738
-768
-770
-714
-701
-674
-608
-613
-540
-558
-487
-393
-415
-369
-385
-352
-362
-325
-287
-290
-207
-226
-186
-172
-202
-184
-239
-212
-262
-263
-210
-287
-240
-210
-213
-183
-166
-135
-84
-65
-73
-20
-68
30
30
30
66
57
131
176
164
264
217
316
289
440
427
392
465
425
507
342
353
247
292
159
220
79
12
-8
-58
14
-82
-21
-41
33
23
76
92
123
146
192
277
289
243
286
259
297
277
310
371
355
386
529
492
670
660
691
743
685
820
778
825
664
712
619
621
548
461
443
329
363
231
256
282
129
171
168
195
112
180
25
45
67
-42
-33
-48
34
-20
-28
-6
14
81
32
74
43
31
-9
14
62
85
77
48
56
51
44
-16
7
-63
-85
-121
-236
-182
-226
-283
-322
-364
-402
-403
-493
-472
-494
-556
-524
-482
-507
-520
-513
-586
-515
-670
-621
-617
-612
-637
-554
-610
-574
-482
-589
-489
-511
-453
-510
-408
-389
-435
-305
-396
-338
-367
-349
-321
-280
-255
-255
-199
-222
-146
-230
-167
-124
-195
-144
-151
-98
-76
-27
-1
38
84
90
152
196
252
252
166
241
123
208
208
112
128
109
226
162
203
146
80
123
146
147
120
81
122
46
128
113
121
128
134
172
131
154
203
292
198
321
311
293
416
366
463
379
470
404
385
387
433
417
299
329
245
279
232
290
197
206
218
133
203
245
180
214
157
194
177
157
164
108
122
143
143
113
117
118
138
194
148
199
194
308
325
355
374
280
315
225
264
136
144
105
23
111
17
70
22
11
-4
21
87
56
102
58
109
46
128
90
-13
45
-54
-47
-41
-31
-60
-57
-12
-14
-30
44
-17
41
18
-66
-2
-51
-41
-47
-87
-151
-120
-182
-212
-248
-332
-401
-390
-355
-415
-349
-478
-507
-467
-514
-549
-626
-640
-609
-647
-648
-679
-615
-718
-690
-696
-736
-704
-777
-752
-663
-647
-629
-567
-517
-503
-458
-453
-392
-339
-378
-258
-257
-233
-130
-176
-134
-61
-73
-1
-34
24
31
38
139
110
93
126
189
182
191
210
235
199
236
210
232
185
157
207
231
202
334
316
349
389
418
477
449
452
419
491
512
450
511
447
412
406
492
410
318
358
282
306
176
242
130
207
155
192
229
160
291
217
242
260
233
260
315
239
263
263
232
263
262
318
373
300
391
400
392
324
384
360
358
412
283
363
339
343
236
164
153
171
126
53
122
97
111
61
148
125
2
63
17
12
-9
-44
-87
-116
-190
-187
-197
-192
-220
-256
-272
-278
-297
-333
-314
-273
-349
-267
-294
-277
-225
-199
-185
-199
-137
-262
-179
-180
-205
-156
-195
-168
-92
-45
-143
-73
-93
-84
-108
-133
-113
-76
-124
-137
-180
-237
-247
-312
-267
-277
-310
-298
-377
-290
-377
-307
-380
-363
-348
-391
-365
-428
-354
-471
-422
-540
-448
-505
-455
-463
-464
-396
-437
-271
-453
-291
-448
-383
-329
-420
-401
-400
-316
-361
-306
-295
-250
-243
-282
-127
-138
-120
-25
-13
126
192
166
201
211
259
188
297
242
228
317
236
396
347
366
381
413
424
455
461
439
466
486
459
534
448
588
556
579
626
595
631
650
706
658
694
655
641
677
544
599
551
553
512
516
471
445
444
383
431
358
328
287
377
348
241
261
219
248
124
209
123
152
109
43
105
-66
24
-47
-66
-23
-109
-49
-82
-22
-15
-54
-36
-37
-102
-130
-23
-50
9
19
-24
-1
-27
-43
-103
-119
-199
-211
-265
-264
-315
-393
-362
-363
-368
-328
-426
-433
-444
-449
-535
-465
-439
-522
-447
-535
-448
-450
-460
-473
-425
-426
-357
-309
-349
-363
-324
-323
-329
-298
-380
-336
-285
-381
-309
-397
-375
-365
-377
-315
-387
-335
-396
-312
-381
-333
-443
-428
-437
-413
-429
-461
-408
-476
-455
-485
-413
-478
-297
-393
-299
-274
-214
-167
-131
-66
-91
-4
0
60
52
80
118
215
219
184
227
276
285
340
313
396
448
439
398
429
420
431
438
438
483
428
505
518
567
534
533
561
453
561
502
556
476
490
519
496
514
579
580
566
593
577
538
514
537
445
498
487
402
426
376
401
425
390
308
310
249
264
178
137
118
54
64
2
18
-18
-37
19
-41
-23
-103
-68
-179
-200
-75
-158
-106
-75
13
1
33
-2
37
18
-32
-74
-87
-105
-115
-170
-239
-260
-197
-294
-249
-247
-275
-194
-236
-242
-246
-253
-285
-259
-342
-246
-303
-271
-247
-252
-266
-360
-240
-250
-257
-232
-274
-255
-201
-217
-246
-273
-252
-272
-191
-263
-252
-232
-187
-256
-169
-135
-249
-221
-300
-252
-330
-389
-358
-356
-382
-378
-371
-455
-331
-446
-414
-470
-420
-350
-329
-278
-241
-250
-216
-198
-229
-185
-212
-176
-162
-130
-130
-108
-163
-62
-44
-68
13
-29
-15
8
-15
21
48
24
67
17
78
62
33
123
85
50
53
124
184
125
202
196
234
184
260
233
231
270
248
253
264
313
325
390
363
402
362
412
452
458
393
477
520
543
542
549
565
555
545
576
557
539
556
622
607
604
588
545
555
453
447
406
439
383
373
365
335
284
180
228
201
108
134
147
102
44
7
16
-29
-79
-39
-122
-72
-105
-21
-81
-108
-20
-120
-88
-109
-64
-173
-101
-76
-142
-100
-52
-57
-153
-70
-70
-108
-60
-120
-50
-84
-105
-73
-137
-178
-203
-264
-273
-297
-307
-288
-326
-292
-279
-283
-256
-275
-248
-216
-250
-189
-179
-130
-182
-187
-270
-224
-233
-216
-188
-275
-185
-222
-140
-231
-136
-166
-175
-162
-209
-91
-210
-128
-165
-184
-244
-224
-300
-273
-287
-295
-303
-367
-281
-356
-311
-411
-408
-424
-342
-394
-416
-310
-393
-333
-378
-389
-353
-385
-381
-337
-282
-288
-284
-298
-287
-263
-289
-219
-134
-102
-123
-8
-16
57
23
12
93
-22
80
33
129
38
108
107
162
135
135
206
255
235
267
270
287
337
295
301
295
332
269
341
289
343
312
338
344
356
371
433
474
429
484
506
543
501
498
516
533
516
536
505
409
461
370
382
343
260
307
245
273
207
314
233
248
223
163
239
155
218
140
154
162
167
190
113
130
59
118
69
87
102
95
156
135
142
131
184
229
201
200
194
146
99
92
122
100
78
109
109
115
109
141
27
52
-28
-18
-53
-77
-29
-206
-126
-188
-229
-263
-246
-253
-276
-265
-362
-288
-391
-311
-384
-355
-359
-420
-368
-435
-293
-490
-365
-402
-441
-412
-538
-455
-513
-531
-529
-535
-522
-442
-397
-382
-324
-341
-305
-334
-355
-256
-398
-395
-383
-352
-365
-393
-356
-448
-388
-374
-386
-429
-407
-460
-415
-386
-392
-386
-311
-366
-234
-201
-221
-107
-84
-10
-65
42
-71
-13
-10
28
-21
43
28
41
97
120
78
75
154
82
180
104
156
130
196
199
281
272
263
425
334
373
413
374
386
471
440
431
438
417
438
468
523
496
523
568
591
591
544
599
579
480
513
546
544
486
502
472
436
475
423
418
466
461
448
455
462
388
305
315
241
219
190
168
176
218
180
214
134
170
173
122
140
129
137
126
148
165
113
148
94
153
117
93
156
20
88
-38
94
-34
-44
78
-57
115
-14
146
-57
52
-25
-58
-23
-191
-69
-234
-153
-266
-226
-304
-227
-289
-336
-276
-416
-312
-453
-412
-472
-557
-545
-553
-451
-579
-569
-471
-548
-602
-561
-584
-532
-617
-538
-546
-578
-529
-512
-484
-494
-466
-553
-467
-497
-509
-434
-406
-449
-459
-389
-397
-345
-375
-293
-386
-298
-280
-263
-201
-233
-154
-199
-137
-239
-141
-116
-170
-105
-188
-46
-105
-124
-69
-157
-84
-85
33
-87
52
37
99
126
47
137
67
181
136
153
139
149
194
155
147
91
193
208
192
184
235
256
187
290
307
305
401
370
439
444
509
510
422
536
452
510
542
470
467
470
479
466
525
479
496
525
519
531
572
497
500
519
471
457
365
381
243
276
229
342
170
316
213
276
343
218
275
277
242
176
266
175
223
227
262
153
229
164
195
133
110
100
72
100
129
126
123
122
132
113
63
49
-37
16
-55
10
-46
-111
-110
-183
-183
-147
-178
-147
-166
-254
-273
-245
-265
-371
-362
-369
-325
-350
-339
-375
-437
-422
-424
-410
-495
-483
-504
-509
-542
-535
-484
-561
-510
-465
-415
-393
-457
-379
-426
-326
-428
-397
-388
-382
-299
-327
-322
-397
-298
-354
-292
-300
-345
-335
-305
-328
-230
-210
-272
-165
-230
-181
-116
-174
-109
-163
-144
-140
-118
-156
-117
-96
-125
-44
-103
-74
-60
-106
-113
-119
-107
-46
-129
-93
17
-52
-25
2
-95
-80
-29
-56
-38
-16
-80
-27
49
-18
18
68
55
95
130
145
108
176
177
174
322
302
317
349
404
416
430
473
511
552
526
718
650
663
666
662
667
580
617
504
595
527
559
580
527
562
539
564
457
460
451
422
391
438
318
331
338
259
316
197
244
176
185
143
103
146
67
150
50
92
29
-3
59
23
84
63
66
73
43
59
24
98
17
6
43
43
16
-60
-21
-93
-45
-114
-127
-83
-187
-163
-147
-206
-240
-212
-229
-246
-257
-332
-307
-406
-350
-302
-312
-326
-373
-338
-358
-381
-449
-373
-420
-383
-339
-379
-346
-371
-428
-444
-448
-526
-409
-473
-459
-486
-451
-427
-396
-440
-482
-387
-388
-374
-220
-286
-306
-203
-263
-195
-289
-172
-258
-259
-319
-184
-109
-245
-124
-189
-164
-204
-218
-203
-267
-220
-183
-76
-213
-144
-55
-64
37
-47
31
-57
-25
43
-46
5
5
9
14
22
-6
76
121
-47
108
46
41
82
154
189
71
141
70
209
133
201
218
267
321
202
277
236
391
308
311
362
301
365
298
430
385
405
429
435
435
408
474
434
519
383
420
445
487
491
509
513
509
535
554
508
496
460
510
440
388
350
301
289
220
262
134
202
302
261
232
250
196
160
113
69
186
37
68
4
65
-71
0
-119
-83
-78
-168
-111
-260
-161
-196
-169
-221
-141
-188
-91
-95
-86
-20
-106
-117
-85
-114
-128
-177
-130
-229
-135
-121
-189
-143
-186
-72
-123
-108
-143
-57
-191
-203
-121
-215
-157
-260
-199
-276
-269
-262
-268
-225
-271
-251
-284
-301
-290
-354
-374
-350
-403
-366
-383
-330
-349
-381
-373
-381
-312
-303
-319
-376
-354
-350
-356
-364
-408
-414
-400
-463
-354
-368
-492
-353
-394
-395
-295
-362
-250
-334
-246
-246
-274
-231
-212
-143
-116
-79
-5
16
56
99
119
105
85
108
176
159
180
221
190
279
202
286
192
236
201
228
239
201
189
249
310
319
394
257
372
363
307
305
263
317
302
273
363
409
324
339
394
382
394
353
287
375
362
374
444
342
461
358
438
465
412
404
386
402
325
396
353
334
293
282
282
326
323
265
324
278
247
225
263
205
234
280
170
242
188
243
213
165
163
157
122
79
47
78
41
44
-4
-72
-13
-12
-123
-107
-179
-176
-87
-170
-150
-205
-155
-164
-167
-81
-182
-138
-193
-182
-186
-182
-278
-260
-276
-317
-237
-303
-322
-319
-317
-310
-369
-399
-421
-471
-519
-464
-477
-508
-380
-431
-376
-389
-349
-500
-447
-464
-513
-482
-581
-449
-499
-519
-511
-457
-523
-501
-500
-558
-493
-523
-405
-472
-308
-348
-281
-249
-271
-158
-240
-265
-201
-196
-194
-154
-215
-173
-208
-120
-65
-30
46
52
102
37
88
-3
82
53
22
62
36
30
122
161
100
163
214
173
185
280
282
233
263
257
230
210
162
212
246
266
313
323
322
323
283
337
327
285
396
401
470
510
496
526
468
477
496
539
525
496
544
535
482
551
468
347
521
426
438
428
332
437
294
375
373
430
419
472
489
418
469
411
395
348
307
323
277
188
199
160
144
161
83
114
84
124
153
55
97
91
13
50
-28
31
-61
-92
-125
-204
-139
-269
-176
-303
-181
-257
-228
-162
-183
-165
-218
-116
-217
-179
-236
-239
-251
-298
-267
-293
-318
-285
-344
-356
-370
-371
-380
-356
-405
-431
-464
-414
-446
-472
-504
-518
-522
-483
-574
-564
-509
-573
-541
-520
-567
-564
-464
-478
-489
-454
-391
-414
-351
-352
-289
-387
-319
-289
-293
-252
-262
-200
-242
-190
-250
-185
-188
-193
-124
-191
-29
-161
-67
-27
-27
-38
1
14
1
-15
-37
-65
-16
-89
-95
61
-27
64
66
108
106
136
129
145
194
114
150
193
216
108
242
195
248
266
257
302
207
300
271
300
299
327
395
328
415
472
386
460
416
481
441
442
431
459
391
427
363
429
409
384
482
415
471
447
427
400
435
388
360
330
399
380
409
329
323
328
204
333
253
374
258
352
344
293
353
211
288
162
250
204
171
104
111
21
-3
22
34
33
3
116
88
49
40
-38
-76
-147
-119
-155
-109
-128
-98
-113
-92
-81
-98
-141
-182
-155
-231
-221
-266
-254
-273
-319
-337
-367
-347
-384
-343
-293
-299
-285
-337
-228
-317
-277
-323
-301
-289
-369
-243
-386
-225
-398
-312
-373
-421
-355
-431
-335
-416
-347
-294
-386
-305
-344
-359
-329
-358
-353
-427
-370
-411
-339
-356
-304
-279
-225
-352
-261
-206
-256
-280
-254
-267
-267
-184
-283
-193
-236
-178
-162
-128
-180
-129
-64
-68
-69
-71
-19
27
58
37
50
79
52
104
61
98
202
64
171
170
116
167
140
151
113
130
41
79
34
47
103
137
209
163
189
172
186
220
149
213
132
136
187
108
135
115
144
185
172
319
167
323
318
333
339
350
422
369
515
405
564
452
499
496
543
496
448
478
502
481
437
475
357
478
372
364
388
351
341
264
395
311
303
353
333
321
204
179
212
151
99
98
37
-9
-23
-66
-41
-22
-112
33
-22
6
-97
22
-90
-135
-131
-131
-145
-161
-133
-191
-186
-216
-141
-183
-141
-202
-132
-207
-135
-145
-236
-215
-281
-328
-313
-419
-441
-375
-391
-426
-424
-434
-490
-403
-403
-370
-390
-366
-349
-276
-294
-251
-254
-401
-239
-411
-302
-408
-396
-327
-503
-385
-423
-423
-395
-405
-440
-394
-392
-354
-380
-447
-362
-409
-310
-287
-299
-211
-312
-238
-199
-291
-270
-264
-265
-280
-161
-152
-91
-91
32
67
54
84
8
173
53
93
64
7
183
145
220
239
215
248
237
332
267
329
283
313
268
337
295
293
314
322
322
348
377
391
472
398
393
374
467
424
492
512
536
533
508
536
516
473
443
402
395
445
430
306
431
327
389
388
353
377
300
333
273
292
307
204
234
160
236
158
173
155
199
184
124
272
98
181
69
75
20
42
30
12
117
56
101
101
87
117
85
97
72
89
47
-12
40
-57
5
-78
-122
-162
-201
-181
-205
-197
-234
-234
-79
-275
-168
-237
-218
-265
-318
-196
-296
-275
-323
-308
-348
-320
-362
-310
-360
-376
-339
-352
-353
-297
-325
-316
-360
-366
-451
-399
-394
-354
-429
-368
-362
-411
-293
-422
-326
-348
-262
-291
-287
-270
-299
-278
-383
-374
-405
-429
-379
-431
-376
-384
-412
-302
-423
-264
-391
-302
-337
-234
-242
-229
-257
-248
-152
-204
-85
-80
-13
-87
-45
23
-16
4
30
-24
22
77
100
107
112
169
196
181
269
262
300
336
315
298
347
351
343
288
257
319
236
322
258
353
269
339
371
316
348
395
433
359
454
476
411
438
502
462
428
380
450
498
450
440
454
440
437
455
470
493
447
489
507
490
527
447
493
391
426
335
409
421
356
359
311
357
286
343
260
293
279
335
222
264
243
218
176
81
68
-7
110
-27
-8
-75
-154
-150
-209
-182
-230
-247
-300
-283
-192
-201
-183
-212
-312
-257
-321
-292
-412
-399
-498
-448
-502
-481
-451
-478
-381
-543
-400
-609
-453
-556
-560
-546
-496
-434
-544
-523
-524
-448
-544
-397
-479
-432
-431
-358
-338
-315
-313
-326
-321
-424
-347
-371
-257
-351
-344
-328
-376
-362
-330
-292
-352
-333
-307
-293
-247
-277
-257
-291
-267
-176
-194
-267
-220
-254
-213
-201
-288
-218
-233
-236
-216
-155
-147
-167
-65
-101
-71
-12
30
63
108
125
78
172
138
206
239
236
234
304
241
323
374
270
299
243
311
320
293
205
323
181
279
327
309
323
372
366
417
413
446
474
424
498
414
560
437
460
457
473
489
446
517
448
532
400
534
510
491
453
481
460
506
509
451
465
469
486
526
572
416
508
424
374
324
275
251
223
300
196
262
222
180
168
107
131
84
190
36
89
134
101
80
120
119
65
50
47
96
37
17
-70
-74
-55
-102
-42
-136
-165
-154
-179
-213
-189
-121
-189
-210
-165
-240
-145
-206
-226
-243
-256
-281
-381
-307
-445
-341
-474
-429
-517
-554
-551
-561
-487
-517
-489
-437
-456
-447
-375
-389
-370
-420
-382
-445
-458
-414
-492
-415
-475
-456
-458
-460
-337
-366
-328
-403
-300
-282
-310
-258
-330
-291
-261
-255
-313
-259
-258
-218
-254
-231
-201
-260
-212
-260
-181
-226
-222
-258
-220
-211
-161
-179
-171
-129
-139
-60
-75
-42
-19
-56
-3
-44
62
61
21
145
100
99
129
129
156
96
113
61
158
150
161
253
218
230
273
270
225
276
241
218
341
314
322
355
367
447
463
502
552
620
533
605
594
579
516
489
488
462
492
525
521
394
515
449
398
438
440
450
416
446
368
393
391
433
247
276
300
177
279
220
264
285
259
232
198
218
74
114
102
71
113
142
135
167
191
106
198
131
88
138
39
112
65
1
53
-38
46
-25
-19
-59
-142
-107
-200
-142
-210
-207
-173
-278
-286
-218
-189
-261
-121
-202
-162
-208
-266
-295
-314
-322
-449
-401
-391
-364
-414
-391
-393
-443
-414
-466
-437
-465
-487
-412
-414
-449
-439
-423
-351
-392
-390
-330
-409
-405
-347
-394
-420
-331
-380
-362
-353
-259
-347
-348
-370
-347
-425
-350
-413
-321
-322
-347
-324
-321
-210
-263
-237
-253
-203
-170
-246
-149
-221
-163
-144
-121
-141
-99
-86
-129
-5
-106
-37
-75
6
3
2
88
69
162
159
291
233
248
262
214
242
175
171
221
211
173
218
251
205
277
240
255
275
220
240
263
234
240
240
203
270
359
306
377
303
348
408
435
381
420
384
469
494
504
509
480
438
446
463
387
433
383
463
344
364
430
353
386
342
384
350
363
335
423
327
354
375
336
332
210
303
235
254
135
172
126
130
117
88
74
11
110
9
121
51
72
138
-16
59
24
-16
67
-91
-12
-98
-75
-75
-185
-120
-252
-158
-270
-212
-306
-296
-347
-351
-306
-371
-364
-347
-345
-368
-316
-435
-373
-448
-399
-382
-433
-369
-433
-482
-402
-440
-434
-401
-412
-407
-431
-423
-457
-461
-477
-444
-449
-457
-436
-389
-440
-480
-401
-448
-481
-450
-387
-376
-356
-400
-341
-298
-366
-304
-272
-274
-232
-183
-240
-157
-214
-218
-165
-220
-169
-144
-147
-110
-27
10
22
51
54
49
134
110
98
184
109
155
193
218
183
191
194
161
212
264
335
290
321
372
394
396
358
436
369
394
416
394
487
400
499
393
379
480
318
331
306
408
303
376
288
322
316
373
403
357
341
313
349
331
323
221
305
210
321
256
253
290
273
287
240
344
260
283
219
270
275
255
348
173
339
254
134
158
153
106
106
183
156
258
146
226
142
158
120
96
114
71
6
66
-32
-107
-122
-150
-161
-220
-132
-225
-153
-189
-160
-136
-144
-198
-174
-193
-250
-221
-260
-284
-317
-328
-367
-449
-363
-452
-417
-440
-471
-413
-432
-431
-460
-403
-452
-466
-422
-387
-349
-408
-388
-383
-340
-351
-299
-412
-406
-421
-493
-392
-493
-406
-465
-465
-414
-448
-364
-426
-364
-353
-342
-319
-344
-253
-341
-214
-205
-211
-223
-266
-99
-219
-184
-151
-191
-159
-171
-115
-117
-89
-133
-86
-21
-51
-9
26
-38
7
36
43
8
132
57
81
184
95
134
163
114
151
233
145
231
249
290
282
281
286
309
295
320
314
254
390
270
319
385
284
432
364
409
418
485
475
381
415
310
416
328
272
392
306
278
287
307
338
331
297
302
403
325
346
278
344
319
308
313
173
346
213
279
332
273
267
256
239
289
288
194
273
241
285
284
326
279
338
275
271
262
194
300
225
300
154
210
153
132
163
91
64
82
59
63
22
25
1
-54
-49
-62
-71
-159
-89
-129
-118
-170
-213
-224
-268
-330
-352
-378
-386
-459
-471
-494
-519
-574
-505
-520
-541
-519
-465
-548
-475
-476
-512
-417
-492
-426
-526
-430
-539
-523
-574
-521
-442
-612
