
-195
-207
-145
-119
-86
-76
-69
-71
-15
-142
-44
-17
-41
-59
-55
-9
-63
-47
-87
36
12
47
62
57
112
86
154
82
76
153
90
142
93
106
140
125
199
251
306
306
348
238
374
295
295
303
239
308
270
329
361
368
364
329
362
340
316
297
297
274
320
394
280
378
397
377
445
314
443
468
353
443
440
422
458
421
387
391
357
330
311
311
337
351
439
363
407
423
346
400
324
343
214
267
281
212
165
132
53
98
38
79
18
128
242
123
188
153
83
76
-4
-68
-30
11
-34
-1
51
-22
8
-135
-136
-141
-150
-137
-129
-254
-206
-271
-339
-264
-362
-258
-279
-291
-274
-317
-354
-355
-378
-424
-372
-476
-382
-370
-380
-301
-502
-418
-488
-462
-503
-533
-492
-583
-574
-589
-502
-646
-503
-609
-655
-581
-642
-500
-619
-521
-559
-498
-493
-459
-421
-403
-345
-305
-286
-268
-244
-236
-139
-221
-126
-204
-221
-238
-254
-137
-216
-130
-76
1
21
75
73
9
100
72
58
47
59
57
56
79
115
113
158
140
153
143
221
289
232
293
288
260
370
348
274
417
262
330
311
294
366
291
344
257
303
280
286
330
352
374
392
481
363
415
382
339
361
366
362
351
337
350
397
345
380
471
496
465
511
537
531
479
560
497
491
512
414
479
357
374
298
333
302
238
297
230
240
228
218
203
187
241
260
303
210
200
238
186
252
128
131
78
48
16
-14
-5
-57
-76
-132
-140
-121
-172
-211
-203
-243
-211
-319
-261
-371
-281
-424
-476
-336
-516
-372
-502
-390
-478
-438
-480
-526
-406
-591
-391
-486
-418
-474
-453
-476
-497
-494
-446
-497
-497
-445
-495
-435
-441
-404
-441
-465
-441
-399
-435
-423
-460
-440
-488
-464
-500
-403
-423
-398
-374
-340
-313
-311
-195
-201
-199
-161
-189
-189
-124
-203
-152
-124
-78
-52
22
-48
-2
-17
-51
-44
-77
4
-77
-47
-70
-46
-41
13
22
17
117
125
179
140
152
187
233
150
269
236
277
282
260
305
175
316
327
314
365
390
408
317
410
379
479
422
442
436
389
428
419
436
390
467
406
421
467
498
477
461
416
448
487
461
469
526
458
491
469
397
387
324
339
410
426
404
421
415
414
392
306
381
284
263
318
262
266
222
253
202
143
180
59
148
38
123
83
61
93
-23
144
27
40
73
0
62
10
-53
-80
-125
-218
-146
-136
-235
-175
-257
-242
-230
-204
-274
-259
-253
-350
-310
-333
-316
-335
-263
-325
-323
-287
-294
-336
-335
-396
-556
-494
-528
-579
-483
-509
-574
-500
-536
-499
-407
-536
-457
-410
-433
-373
-333
-430
-377
-372
-372
-373
-389
-386
-316
-305
-267
-251
-239
-211
-217
-125
-181
-214
-184
-166
-162
-181
-106
-71
-111
-132
-99
-1
-81
-83
-116
-94
-56
-120
-57
-132
-69
-123
-69
-109
-67
-25
-55
-13
-98
35
-25
-25
8
4
-47
-92
-6
-60
39
35
12
-34
65
74
120
159
126
188
253
148
266
328
225
339
169
263
260
247
356
246
337
296
257
370
347
458
397
446
493
510
455
550
573
464
507
365
492
418
450
432
438
398
372
458
343
435
335
400
380
324
399
423
340
380
334
299
376
300
350
307
315
246
287
171
147
67
21
1
17
4
-25
-9
-84
61
-45
-24
-113
-42
-63
-153
-97
-177
-142
-175
-146
-292
-281
-222
-321
-191
-287
-243
-246
-260
-240
-291
-259
-327
-305
-461
-422
-402
-376
-352
-385
-385
-442
-389
-308
-379
-315
-323
-387
-307
-299
-263
-326
-400
-343
-400
-421
-322
-363
-352
-386
-419
-376
-397
-356
-342
-449
-384
-386
-445
-382
-397
-392
-393
-421
-359
-333
-281
-268
-276
-187
-233
-191
-208
-183
-209
-236
-197
-225
-158
-173
-116
-84
-77
-83
-85
-1
-122
-17
26
-27
37
-25
43
62
86
111
168
206
175
293
312
289
366
315
322
339
348
324
391
334
422
371
402
503
346
422
331
361
387
376
363
301
318
315
488
317
487
425
394
494
414
481
364
393
329
309
299
386
399
435
542
482
555
474
562
466
390
498
380
362
330
344
281
312
255
186
182
172
181
91
117
140
138
44
147
91
46
114
-55
17
-53
41
-12
-61
-62
-85
-120
-89
-159
-117
-185
-197
-179
-267
-249
-296
-204
-308
-236
-243
-201
-219
-281
-210
-209
-248
-211
-275
-211
-216
-327
-243
-279
-278
-290
-343
-298
-327
-313
-329
-370
-339
-339
-306
-351
-403
-411
-435
-391
-489
-485
-540
-468
-467
-487
-464
-495
-410
-481
-351
-387
-358
-348
-381
-247
-355
-278
-286
-240
-164
-304
-183
-214
-201
-148
-126
-104
-68
-8
-80
-44
-83
-53
-148
-161
-75
-71
-54
-66
39
10
100
86
60
88
26
65
33
23
20
22
46
77
103
184
120
175
107
155
150
148
184
174
142
225
251
210
278
284
300
316
340
327
413
393
397
412
325
351
384
346
393
331
359
448
485
488
464
364
351
400
395
368
304
374
419
426
491
520
479
502
486
582
498
470
424
436
354
305
421
281
383
264
311
276
262
245
113
193
129
149
97
59
34
-22
-60
-92
-18
-171
-127
-86
-80
-32
-109
-93
-58
-97
-133
-123
-162
-195
-162
-110
-199
-170
-227
-225
-225
-325
-214
-241
-200
-278
-186
-235
-265
-263
-300
-239
-343
-266
-286
-314
-302
-301
-357
-362
-380
-376
-407
-369
-400
-464
-399
-440
-369
-482
-453
-428
-315
-387
-301
-300
-326
-252
-282
-247
-324
-367
-380
-375
-445
-374
-386
-403
-474
-449
-390
-372
-346
-286
-327
-345
-268
-367
-214
-236
-310
-278
-227
-133
-251
-168
-176
-103
-223
-116
-103
-33
-95
9
17
-21
47
23
60
-21
-16
88
100
108
100
141
181
172
207
194
257
264
292
335
318
438
349
447
396
388
463
462
474
450
434
416
470
384
427
433
456
496
468
469
509
463
462
425
469
459
355
482
407
423
405
343
332
312
288
272
257
257
281
271
198
248
206
142
247
93
186
206
240
196
256
195
159
246
175
189
213
186
177
206
181
187
145
235
170
229
269
151
235
222
199
97
148
79
29
146
47
80
-27
-67
-22
-77
-80
-188
-247
-201
-234
-247
-283
-340
-228
-289
-303
-373
-404
-422
-451
-477
-478
-416
-539
-427
-522
-460
-478
-509
-403
-441
-421
-426
-401
-436
-412
-414
-487
-543
-542
-555
-457
-637
-552
-592
-532
-511
-539
-444
-439
-288
-441
-241
-385
-287
-362
-346
-329
-423
-300
-341
-223
-261
-167
-162
-119
-104
-100
-53
-104
-2
-87
-65
-18
-127
35
-21
33
38
131
117
130
149
132
236
144
111
102
83
161
77
129
184
148
233
226
300
311
301
333
312
409
346
315
272
271
215
186
154
243
133
138
201
267
240
218
304
255
258
265
399
323
397
369
382
374
263
385
293
302
368
292
376
429
374
401
404
397
457
418
368
415
292
291
189
219
168
141
148
105
197
150
136
248
109
215
161
223
253
212
203
150
180
68
180
112
160
105
74
116
33
61
-31
13
-27
13
-30
-19
80
-1
6
-9
21
-75
-31
-68
-154
-199
-210
-229
-254
-301
-272
-309
-278
-298
-231
-374
-276
-370
-386
-359
-389
-359
-445
-409
-511
-428
-529
-459
-456
-474
-459
-511
-399
-472
-396
-466
-414
-430
-423
-413
-348
-348
-422
-384
-423
-366
-345
-372
-381
-367
-411
-335
-274
-297
-219
-243
-279
-155
-196
-183
-152
-176
-261
-230
-260
-217
-258
-143
-164
-140
-113
-170
-7
-112
-92
-68
-70
-16
74
100
-7
86
159
165
175
176
240
195
278
236
350
395
357
394
469
423
378
435
349
357
248
362
310
289
324
304
336
270
354
363
273
306
339
332
226
293
352
231
257
332
340
310
387
297
391
380
431
451
397
457
395
464
357
463
364
401
427
418
462
436
418
318
319
261
211
244
267
175
174
235
185
194
115
213
171
181
117
64
57
18
35
-39
-41
-47
-27
23
9
82
-20
48
66
-17
74
-21
-74
-87
-82
-43
-55
-223
-117
-152
-211
-151
-227
-227
-241
-308
-333
-249
-385
-338
-355
-396
-320
-409
-432
-463
-490
-575
-489
-533
-502
-504
-551
-458
-510
-506
-551
-521
-485
-570
-562
-556
-523
-482
-471
-390
-457
-469
-399
-437
-470
-400
-433
-488
-417
-498
-388
-402
-310
-316
-384
-271
-357
-276
-352
-296
-324
-260
-221
-208
-175
-172
-103
-173
-120
-79
-95
-111
-78
-75
-43
-20
14
10
-27
65
69
58
74
91
144
115
193
167
243
256
239
350
345
360
359
477
470
409
494
451
496
495
569
537
520
487
478
498
463
479
480
503
452
541
488
593
547
554
584
520
547
522
573
421
352
297
373
316
360
358
435
481
418
500
423
583
369
412
324
327
353
235
273
209
333
121
278
232
232
284
122
216
176
166
67
89
92
93
52
50
82
107
113
138
106
109
23
-5
-82
-21
-122
-171
-161
-227
-164
-286
-223
-265
-334
-262
-323
-308
-284
-339
-342
-355
-407
-436
-397
-453
-427
-384
-460
-466
-443
-374
-394
-438
-342
-351
-384
-414
-437
-485
-502
-547
-441
-508
-442
-480
-398
-417
-472
-465
-521
-488
-562
-503
-554
-457
-526
-498
-430
-430
-416
-439
-483
-504
-457
-548
-465
-461
-476
-413
-447
-451
-360
-402
-298
-316
-297
-340
-266
-263
-164
-282
-185
-131
-195
-22
-199
7
5
100
164
99
156
70
191
223
234
220
150
265
249
329
416
365
440
392
478
534
476
516
489
466
563
543
520
591
494
634
515
538
460
515
581
551
636
526
632
556
619
623
481
553
526
543
553
668
581
634
653
617
743
616
587
565
579
447
475
435
336
397
229
220
170
133
159
67
116
39
92
70
90
148
84
136
46
89
108
113
-18
66
24
-68
-57
-55
-151
-64
-69
-37
-38
-89
-87
-142
-91
-184
-176
-278
-204
-172
-196
-152
-221
-188
-274
-221
-341
-303
-373
-401
-384
-392
-377
-376
-352
-377
-330
-396
-436
-418
-452
-496
-517
-473
-447
-475
-421
-470
-429
-495
-428
-530
-469
-500
-550
-516
-492
-439
-534
-391
-439
-422
-480
-426
-507
-561
-440
-423
-503
-490
-460
-408
-411
-452
-389
-351
-318
-251
-210
-207
-143
-147
-69
-40
-66
-11
-73
-78
-33
18
-53
-14
-21
16
92
109
80
91
130
60
162
127
169
201
62
204
80
220
123
191
209
247
237
155
293
123
264
134
293
204
210
304
230
253
266
304
311
331
366
374
459
480
486
470
475
472
442
494
493
512
515
469
407
476
500
512
505
523
505
593
549
431
520
412
436
383
384
404
347
312
332
260
255
191
278
211
84
161
4
155
52
85
53
60
-23
21
75
-39
104
-7
-5
73
81
63
49
105
6
106
57
-4
51
-41
40
-81
-57
-129
-153
-148
-218
-224
-297
-202
-318
-262
-314
-292
-263
-338
-252
-268
-288
-289
-223
-285
-340
-290
-323
-382
-412
-466
-400
-392
-421
-435
-440
-505
-485
-556
-508
-475
-445
-377
-443
-430
-357
-351
-338
-307
-305
-465
-391
-368
-378
-378
-421
-371
-405
-331
-271
-253
-267
-276
-319
-229
-320
-157
-270
-219
-219
-179
-165
-249
-124
-158
-162
-60
-54
12
60
113
56
107
146
83
104
104
101
34
52
-3
-3
39
-3
49
70
109
196
186
175
269
225
288
243
285
345
290
255
171
210
127
205
242
238
286
353
312
320
306
396
462
463
437
467
450
461
434
441
449
307
337
407
376
469
425
421
435
457
418
397
461
362
454
361
382
331
342
356
321
368
336
407
359
401
327
327
351
227
258
216
250
195
236
243
254
179
100
189
21
17
36
8
-14
-41
-32
-38
-41
-91
-56
-63
-87
-166
-131
-105
-164
-91
-173
-136
-129
-106
-98
-79
-144
-194
-226
-237
-280
-215
-323
-311
-301
-393
-379
-456
-381
-389
-435
-398
-329
-375
-330
-363
-405
-433
-451
-462
-485
-554
-577
-639
-631
-683
-649
-646
-583
-614
-555
-423
-428
-418
-414
-357
-394
-341
-341
-266
-319
-310
-256
-329
-238
-304
-246
-277
-253
-189
-228
-184
-200
-238
-168
-165
-46
-105
-39
-110
-85
-23
-98
-42
-33
30
13
38
20
77
125
117
148
119
152
179
195
146
129
138
140
149
131
113
202
193
216
256
234
273
305
330
232
312
223
281
200
198
205
282
293
305
360
352
404
386
462
314
253
345
336
359
305
338
320
419
378
371
398
455
401
487
435
468
475
460
419
338
417
358
397
384
399
458
414
447
448
397
347
361
398
322
340
370
385
422
369
350
422
273
263
278
168
125
129
83
86
75
-35
15
-16
-1
-62
-137
-81
-180
-112
-219
-249
-213
-346
-309
-399
-291
-438
-346
-384
-476
-416
-460
-418
-479
-384
-440
-353
-325
-378
-328
-303
-355
-398
-381
-370
-346
-334
-392
-313
-390
-403
-475
-419
-431
-546
-436
-495
-508
-509
-482
-432
-515
-473
-511
-499
-489
-581
-473
-453
-499
-432
-398
-460
-395
-340
-320
-328
-361
-276
-194
-262
-277
-181
-260
-209
-195
-229
-138
-133
-23
-39
66
84
31
112
-15
71
-73
72
44
-23
115
43
134
130
126
138
105
134
201
248
268
180
257
194
272
235
242
377
317
340
379
549
464
521
467
456
485
434
484
392
399
497
476
486
484
510
481
383
445
397
419
362
418
475
473
499
391
512
466
482
430
385
393
400
478
319
424
340
298
404
292
319
287
286
263
251
266
161
226
106
142
112
98
155
70
140
100
161
137
58
112
148
80
18
-5
23
-84
-108
-140
-185
-215
-275
-228
-199
-298
-271
-251
-255
-313
-275
-309
-375
-284
-369
-266
-336
-360
-294
-380
-301
-401
-406
-412
-400
-333
-361
-446
-510
-478
-479
-533
-447
-608
-489
-492
-511
-464
-488
-459
-571
-464
-560
-459
-616
-479
-507
-545
-507
-572
-421
-465
-360
-380
-286
-458
-386
-357
-383
-350
-325
-253
-207
-218
-171
-127
-92
-172
-165
-56
-37
-61
-47
40
-5
-89
-50
-79
-115
-36
-82
58
-11
76
84
92
56
51
92
21
110
100
128
229
223
293
307
365
374
461
369
419
457
365
491
363
384
329
350
269
306
311
246
300
281
287
275
332
388
372
370
393
427
490
462
538
438
465
423
452
359
364
307
278
332
220
342
323
367
279
398
384
375
373
298
339
339
307
338
349
329
240
206
317
224
246
144
83
155
131
95
6
68
17
29
35
64
67
-15
-52
-103
-69
-129
-162
-150
-256
-159
-150
-171
-180
-177
-205
-206
-177
-211
-194
-183
-185
-236
-269
-295
-274
-272
-295
-362
-352
-361
-315
-373
-304
-337
-294
-334
-332
-134
-291
-301
-245
-212
-310
-227
-281
-212
-171
-267
-212
-228
-277
-309
-254
-329
-361
-355
-376
-397
-244
-358
-349
-299
-359
-235
-305
-176
-283
-365
-274
-215
-308
-331
-295
-322
-324
-341
-322
-337
-326
-284
-365
-351
-275
-320
-247
-180
-142
-184
-197
-102
-148
-155
-125
-123
-52
-44
30
43
107
143
215
191
246
237
263
339
327
279
242
288
252
351
274
220
328
301
334
394
388
373
417
381
416
418
331
384
348
376
370
334
336
327
329
253
392
350
383
337
389
434
391
421
426
478
455
569
531
586
487
382
411
308
372
261
363
354
287
275
109
237
101
194
143
204
193
151
260
86
215
129
142
121
163
107
150
190
115
114
95
55
58
-14
-16
20
-38
-156
-118
-74
-170
-79
-194
-94
-167
-40
-66
-78
-78
-169
-22
-171
-185
-228
-284
-274
-291
-362
-412
-325
-427
-376
-348
-371
-302
-392
-398
-341
-490
-401
-422
-495
-483
-479
-484
-498
-403
-441
-388
-399
-390
-416
-394
-330
-373
-444
-396
-380
-385
-397
-400
-377
-345
-379
-334
-300
-385
-365
-302
-331
-322
-237
-188
-156
-197
-214
-140
-129
-230
-147
-165
-194
-210
-226
-144
-104
-83
-47
-26
-37
103
104
94
103
96
77
117
69
40
44
23
60
101
86
84
197
38
88
98
75
147
114
207
183
269
204
175
204
220
309
309
282
343
396
423
494
424
393
455
413
484
443
476
461
428
428
403
486
364
437
438
439
395
405
469
389
439
395
352
438
286
345
333
352
353
346
353
313
398
346
351
299
306
249
227
214
265
181
172
256
209
236
217
233
192
235
151
183
196
91
196
158
163
174
206
112
155
41
-3
21
-117
-103
-225
-84
-217
-323
-323
-398
-281
-408
-396
-409
-461
-469
-485
-409
-567
-501
-505
-477
-443
-463
-460
-528
-467
-582
-511
-603
-612
-537
-535
-489
-506
-519
-431
-386
-429
-336
-414
-397
-472
-369
-478
-437
-381
-514
-404
-500
-370
-366
-397
-356
-287
-341
-334
-194
-314
-316
-324
-383
-307
-396
-270
-249
-229
-224
-202
-148
-219
-164
-102
-113
-73
-49
9
48
133
167
221
284
275
317
421
401
426
444
480
460
468
443
380
375
296
276
293
217
224
159
210
236
211
282
304
336
397
454
500
488
513
527
447
528
401
414
434
446
494
362
485
389
454
341
427
336
414
387
288
469
385
491
408
393
450
373
342
319
282
189
111
236
132
104
117
55
125
-67
63
9
-91
-24
-3
-177
-83
-154
-202
-187
-329
-298
-507
-392
-535
-494
-589
-552
-456
-518
-355
-319
-229
-217
-150
-197
-82
-60
-103
-47
61
58
147
129
250
255
285
339
351
413
278
393
292
320
294
335
313
359
315
263
406
321
408
279
388
218
193
104
-27
-49
-261
-375
-435
-546
-572
-716
-772
-857
-871
-979
-1043
-1028
-1119
-1072
-1099
-1081
-1028
-1058
-895
-916
-827
-723
-704
-515
-576
-335
-328
-243
-163
-90
-16
-77
-4
-55
-18
-60
-94
-22
-66
-62
-92
-99
-96
-197
-164
-91
-212
-88
-144
-100
-143
-225
-153
-196
-161
-211
-177
-139
-35
-34
58
109
213
177
177
204
242
264
216
306
211
341
261
289
235
234
213
121
183
191
294
256
397
517
599
728
768
801
925
1044
1179
1274
1320
1375
1496
1431
1531
1419
1243
1240
1104
1055
954
837
645
588
410
299
149
-60
-181
-366
-455
-550
-617
-657
-676
-699
-705
-635
-513
-522
-449
-294
-223
-185
-73
-2
117
300
289
408
457
551
555
572
543
529
599
511
539
469
430
410
336
217
145
119
84
121
-39
-44
-84
-168
-221
-335
-474
-499
-433
-547
-450
-505
-523
-441
-491
-419
-555
-480
-562
-582
-620
-654
-728
-839
-853
-966
-1038
-1026
-1069
-1138
-1147
-1151
-1197
-1190
-1232
-1293
-1280
-1398
-1381
-1427
-1439
-1465
-1514
-1455
-1510
-1481
-1518
-1457
-1259
-1006
-771
-628
-292
22
437
818
1199
1536
1830
2008
2024
2285
2303
2234
2022
1789
1853
1689
1404
1194
999
765
456
240
-10
-144
-393
-693
-867
-916
-953
-1048
-1198
-1222
-1220
-1243
-1143
-1014
-887
-742
-573
-397
-136
154
292
476
642
772
936
921
1024
1125
928
892
805
757
761
670
633
604
733
696
657
650
771
702
700
631
632
702
750
692
678
599
624
611
611
593
638
574
646
645
711
744
741
738
677
717
556
581
371
365
198
8
-37
-229
-390
-459
-631
-664
-717
-804
-812
-866
-904
-877
-923
-972
-953
-1003
-1078
-1079
-1288
-1303
-1409
-1532
-1598
-1755
-1671
-1717
-1771
-1710
-1651
-1639
-1567
-1481
-1422
-1323
-1350
-1244
-1108
-831
-544
-219
86
333
891
1340
1826
2359
2810
3172
3378
3479
3654
3708
3693
3428
3119
2988
2664
2333
1897
1457
1130
713
227
-176
-463
-845
-1284
-1679
-1934
-2098
-2371
-2500
-2713
-2805
-2775
-2765
-2667
-2410
-2308
-2137
-1883
-1614
-1245
-1122
-810
-756
-459
-375
-69
107
211
356
376
454
428
512
448
331
340
397
309
369
318
383
344
368
373
335
430
417
262
278
174
179
116
1
21
-197
-169
-227
-192
-264
-205
-117
-197
-61
-80
-52
-82
2
90
106
105
136
160
19
100
-8
-32
-113
-134
-87
-122
-121
-128
9
-58
-43
-65
-108
-153
-196
-309
-471
-599
-779
-907
-1023
-1123
-1239
-1255
-1237
-1158
-1053
-995
-675
-365
-35
369
669
1209
1596
2089
2481
2880
3104
3343
3377
3491
3561
3421
3334
3069
3114
2906
2674
2415
2108
1820
1489
1032
651
285
-297
-607
-1045
-1419
-1688
-2035
-2246
-2485
-2444
-2427
-2373
-2087
-2006
-1770
-1594
-1282
-1109
-742
-573
-465
-343
-225
-49
-45
68
44
250
292
492
597
664
771
776
782
742
623
411
249
32
-196
-465
-747
-1011
-1070
-1102
-1304
-1248
-1193
-1148
-1012
-1010
-893
-592
-591
-339
-270
-202
-86
61
-67
-142
-170
-211
-187
-387
-340
-434
-469
-502
-508
-532
-580
-601
-765
-857
-944
-1085
-1281
-1505
-1638
-1774
-1878
-1964
-2095
-2062
-1954
-1967
-1828
-1699
-1478
-1365
-1176
-1081
-1047
-1013
-988
-899
-1007
-795
-610
-331
-128
153
556
1066
1627
2162
2817
3315
3713
3876
4183
4290
4209
4060
3714
3523
3325
2935
2479
2137
1732
1377
899
643
374
62
-289
-701
-855
-1159
-1294
-1652
-1757
-1906
-1999
-1967
-1941
-1687
-1512
-1299
-1077
-720
-265
149
361
728
921
1214
1512
1575
1702
1855
1843
1954
1901
1868
1857
1745
1675
1407
1323
1122
947
669
518
326
115
-147
-346
-561
-838
-906
-1106
-1168
-1338
-1311
-1271
-1113
-997
-919
-750
-667
-525
-376
-301
-227
-169
-137
-99
-134
-106
-65
-178
-210
-323
-451
-514
-617
-713
-903
-1104
-1269
-1391
-1558
-1624
-1721
-1905
-2050
-2055
-2223
-2270
-2275
-2258
-2304
-2319
-2261
-2156
-2009
-2089
-1958
-1909
-1830
-1714
-1609
-1354
-902
-506
-191
193
730
1373
1916
2472
3046
3462
3589
3815
3923
4084
3898
3635
3387
3157
3036
2694
2493
2165
1935
1490
1240
918
585
79
-470
-981
-1340
-1720
-2211
-2561
-2863
-3067
-3198
-3058
-2872
-2732
-2413
-2099
-1721
-1344
-883
-562
-285
-12
230
594
697
860
1024
1172
1308
1471
1519
1615
1724
1839
1892
1930
1941
1827
1564
1367
1194
815
381
28
-348
-727
-937
-1226
-1414
-1422
-1460
-1348
-1228
-1087
-877
-500
-336
-125
-32
96
260
279
334
285
217
233
223
290
387
382
388
389
594
586
592
539
416
180
-36
-324
-506
-949
-1157
-1441
-1622
-1789
-1832
-1702
-1707
-1610
-1509
-1335
-1266
-1118
-1141
-1150
-1240
-1263
-1271
-1111
-943
-667
-318
-45
589
1220
1879
2545
3180
3747
4146
4382
4587
4735
4532
4137
3778
3514
3204
2669
2253
1779
1343
945
523
97
-171
-538
-1030
-1412
-1673
-1988
-2397
-2782
-3012
-3295
-3447
-3577
-3527
-3340
-3253
-2959
-2683
-2179
-1737
-1272
-851
-478
-68
328
680
884
1046
1186
1241
1277
1401
1452
1385
1413
1349
1320
1432
1342
1218
966
796
660
460
219
-86
-446
-820
-1111
-1309
-1454
-1549
-1656
-1719
-1595
-1579
-1268
-1180
-1007
-945
-809
-680
-573
-401
-448
-341
-505
-530
-415
-425
-421
-417
-393
-375
-197
-276
-331
-400
-518
-641
-767
-864
-1026
-1242
-1377
-1578
-1680
-1730
-1841
-1855
-1914
-1823
-1752
-1768
-1688
-1627
-1646
-1718
-1663
-1688
-1563
-1098
-748
-351
83
645
1311
2025
2699
3412
4017
4414
4766
5008
5213
5257
5007
4600
4364
4191
3862
3416
2969
2644
2134
1826
1283
967
603
40
-427
-917
-1107
-1464
-1860
-2287
-2457
-2674
-2759
-2687
-2480
-2327
-2195
-1741
-1431
-924
-512
-217
155
414
850
1229
1490
1579
1750
1801
1879
2030
1972
1990
1869
1835
1641
1528
1358
1179
842
459
284
-29
-349
-706
-915
-1131
-1413
-1639
-1621
-1571
-1572
-1434
-1436
-1192
-920
-680
-556
-449
-347
-195
-103
-44
-81
-90
-186
-363
-378
-471
-524
-715
-788
-932
-916
-975
-1060
-1234
-1374
-1425
-1690
-1742
-1902
-2142
-2287
-2463
-2551
-2589
-2540
-2507
-2509
-2425
-2363
-2254
-2290
-2149
-2131
-2237
-2158
-2189
-2097
-2114
-2086
-2119
-1785
-1345
-847
-509
-93
590
1309
2109
2746
3414
3935
4225
4396
4681
4813
4648
4391
4015
3951
3823
3404
3101
2749
2392
1963
1439
1048
597
43
-385
-996
-1280
-1663
-2102
-2471
-2800
-2874
-2904
-2747
-2646
-2420
-2138
-1744
-1332
-954
-502
-71
299
579
863
1378
1643
1794
1988
2089
2333
2417
2409
2356
2321
2136
1990
1684
1489
1236
886
626
273
122
-180
-359
-630
-795
-926
-1014
-916
-966
-839
-702
-522
-296
-132
111
230
425
532
665
635
607
634
581
576
446
435
311
297
153
86
-43
-202
-364
-531
-836
-1041
-1131
-1566
-1750
-1963
-2098
-2126
-2238
-2267
-2281
-2123
-2004
-1843
-1794
-1685
-1467
-1446
-1350
-1461
-1340
-1292
-1330
-1457
-1450
-1468
-1453
-1385
-1186
-789
-527
-230
217
813
1320
2006
2472
3088
3429
3672
3922
4218
4349
4194
4001
3842
3830
3585
3170
2875
2543
2112
1578
949
606
9
-468
-1077
-1680
-1894
-2222
-2643
-2922
-3048
-3127
-3090
-2966
-2913
-2756
-2574
-2193
-1931
-1673
-1281
-947
-629
-507
-212
175
343
473
481
522
736
796
720
650
712
551
301
113
129
4
-251
-585
-696
-819
-959
-1102
-1111
-1233
-1210
-1060
-967
-685
-640
-320
-164
87
454
671
876
1033
1184
1123
1170
1171
1088
993
880
831
746
555
475
412
380
229
49
-107
-254
-561
-843
-1095
-1302
-1630
-1790
-1751
-1826
-1739
-1674
-1541
-1289
-1198
-931
-890
-755
-667
-618
-590
-644
-660
-663
-607
-714
-737
-927
-962
-814
-527
-167
-74
241
768
1284
1874
2538
3161
3659
3940
4135
4521
4788
4716
4403
4021
4141
4105
3640
3256
2968
2647
2151
1619
1120
796
216
-396
-977
-1354
-1500
-2069
-2394
-2690
-2823
-2841
-2886
-2754
-2639
-2608
-2393
-1999
-1916
-1472
-1238
-982
-655
-527
-181
173
224
339
400
490
699
603
669
548
449
394
112
47
-132
-433
-687
-923
-1065
-1227
-1401
-1343
-1444
-1430
-1295
-1210
-979
-742
-644
-384
-122
173
461
540
699
734
751
740
712
680
385
311
32
41
-138
-286
-410
-547
-778
-934
-1111
-1396
-1586
-1821
-2112
-2275
-2441
-2497
-2515
-2544
-2370
-2333
-2032
-1847
-1551
-1366
-1293
-935
-869
-789
-705
-777
-901
-822
-951
-1037
-1102
-1237
-1228
-1452
-1119
-855
-506
-227
20
666
1190
1861
2471
3185
3674
3981
4188
4555
4953
4880
4672
4436
4517
4600
4301
4043
3752
3499
3072
2477
2136
1790
1171
571
-95
-466
-743
-1320
-1768
-2059
-2262
-2368
-2356
-2260
-2156
-2080
-1927
-1555
-1449
-1049
-849
-581
-352
-163
305
492
783
910
1026
1203
1374
1332
1332
1297
1151
899
755
616
445
22
-333
-514
-669
-853
-962
-1140
-1152
-1140
-1200
-1064
-949
-811
-701
-488
-290
-121
83
220
244
360
351
349
291
213
207
44
13
-112
-120
-231
-362
-508
-761
-907
-1164
-1296
-1642
-1867
-2072
-2302
-2354
-2380
-2342
-2242
-2141
-1976
-1760
-1573
-1447
-1310
-1206
-1245
-1216
-1379
-1363
-1451
-1650
-1734
-1857
-1848
-1943
-1882
-1605
-1356
-893
-537
-137
442
978
1679
2284
2825
3258
3581
3744
3979
4138
4038
3766
3609
3694
3491
3368
3012
2794
2448
2239
1790
1145
907
303
-235
-883
-1217
-1544
-2153
-2565
-2779
-2864
-2963
-2998
-2766
-2583
-2417
-2008
-1694
-1391
-908
-673
-409
-251
33
487
722
820
1043
1127
1410
1603
1599
1666
1600
1716
1639
1467
1404
1269
961
725
428
233
-21
-316
-560
-712
-862
-942
-979
-848
-745
-591
-435
-106
136
398
561
749
971
994
1116
1083
1081
930
862
765
665
542
380
244
12
-72
-186
-394
-606
-809
-981
-1208
-1416
-1651
-1736
-1845
-1889
-1873
-1989
-1882
-1731
-1656
-1611
-1543
-1502
-1365
-1378
-1416
-1293
-1370
-1411
-1431
-1571
-1454
-1498
-1271
-1040
-669
-219
44
684
1164
1897
2459
3076
3509
3894
4108
4309
4559
4295
4191
3846
3915
3734
3342
3098
2842
2570
2195
1663
1273
926
279
-149
-921
-1290
-1615
-2323
-2754
-3206
-3388
-3455
-3528
-3446
-3318
-3308
-2952
-2582
-2336
-1948
-1708
-1448
-1064
-731
-394
-145
-70
235
329
476
693
820
1015
1049
1076
1093
1048
913
780
518
343
88
-148
-448
-668
-911
-1057
-1234
-1386
-1335
-1416
-1279
-1270
-1131
-862
-656
-479
-402
-227
-67
41
20
-45
-69
-63
-36
-98
-15
-22
-62
-70
-99
16
45
-60
-295
-455
-607
-644
-892
-1205
-1293
-1432
-1415
-1299
-1321
-1252
-1146
-1033
-828
-852
-716
-593
-661
-691
-747
-829
-785
-908
-1009
-1163
-1071
-591
-288
63
473
1009
1629
2382
3088
3762
4217
4572
4771
4935
5210
5159
4793
4307
4207
4083
3881
3532
3091
2872
2673
2313
1950
1641
1132
594
-116
-639
-859
-1485
-2032
-2550
-2880
-3026
-3184
-3132
-3134
-2972
-2694
-2364
-2122
-1598
-1256
-1028
-884
-790
-277
-124
-43
12
71
202
321
330
319
592
592
705
685
845
926
684
555
390
316
20
-246
-508
-641
-889
-1095
-1264
-1487
-1265
-1344
-1199
-1085
-844
-489
-409
-263
-167
17
56
29
-156
-264
-421
-483
-642
-763
-763
-934
-1027
-1024
-998
-1091
-1126
-1290
-1440
-1539
-1670
-1796
-1981
-2104
-2219
-2214
-2166
-2171
-2003
-1969
-1902
-1906
-1842
-1788
-1704
-1665
-1794
-1724
-1712
-1686
-1718
-1752
-1517
-1231
-871
-461
-173
439
1020
1783
2553
3235
3957
4363
4740
5032
5453
5492
5295
4900
4817
4762
4235
3954
3495
3043
2707
2229
1761
1494
995
500
-140
-590
-650
-1286
-1755
-2139
-2524
-2582
-2799
-2671
-2518
-2536
-2309
-2000
-1569
-1202
-790
-660
-307
-148
215
516
458
640
641
765
856
894
961
991
1014
1095
1113
1126
1118
903
718
657
549
341
51
-166
-258
-422
-531
-676
-674
-607
-583
-525
-392
-166
30
79
196
247
374
359
299
201
25
-99
-319
-509
-618
-728
-835
-957
-1076
-956
-1036
-1152
-1316
-1421
-1473
-1574
-1796
-1862
-2011
-2076
-2123
-2182
-2190
-2161
-2075
-2038
-1903
-1834
-1791
-1760
-1662
-1780
-1821
-1867
-1941
-2073
-1869
-1603
-1246
-893
-560
74
699
1402
2142
2801
3584
4064
4355
4704
5010
4963
4710
4433
4231
4095
3642
3328
2931
2533
2163
1591
1267
871
371
-74
-602
-998
-1240
-1808
-2289
-2625
-3070
-3192
-3449
-3463
-3285
-3271
-3031
-2752
-2404
-1809
-1445
-1083
-645
-379
143
436
612
776
823
907
979
905
832
903
829
738
692
850
894
667
567
537
555
492
209
144
48
-81
-248
-386
-363
-403
-451
-485
-294
-182
46
196
333
428
415
519
515
455
347
175
-14
-138
-180
-355
-516
-742
-830
-843
-778
-731
-845
-834
-898
-852
-986
-1038
-1059
-1250
-1384
-1509
-1528
-1547
-1586
-1651
-1614
-1640
-1604
-1598
-1554
-1458
-1472
-1555
-1694
-1637
-1373
-1124
-756
-480
-153
465
1089
1761
2470
3136
3771
4247
4550
5117
5443
5425
5215
4823
4925
4659
4219
3839
3353
2901
2490
1940
1368
1077
487
-56
-676
-967
-1132
-1771
-2202
-2652
-2859
-3018
-3315
-3350
-3268
-3225
-2917
-2604
-2313
-1847
-1428
-1184
-895
-607
-191
143
216
317
302
482
583
338
357
380
270
262
181
264
254
11
-198
-309
-277
-379
-680
-671
-698
-827
-892
-920
-928
-844
-988
-891
-773
-640
-443
-367
-222
-126
12
-41
-34
-146
-185
-356
-550
-627
-723
-799
-872
-1073
-1225
-1221
-1223
-1237
-1344
-1317
-1275
-1368
-1357
-1262
-1465
-1424
-1653
-1689
-1653
-1815
-1769
-1881
-1936
-1936
-1788
-1856
-1715
-1834
-1670
-1592
-1728
-1537
-1361
-984
-699
-462
14
638
1289
2093
2710
3465
4140
4489
4958
5462
5702
5513
5290
5210
5273
4912
4571
4256
3796
3430
2959
2418
2068
1500
839
226
-323
-519
-990
-1586
-2026
-2365
-2603
-2685
-2845
-2759
-2768
-2510
-2196
-1976
-1502
-1076
-693
-369
-100
382
789
939
1115
1194
1247
1381
1282
1285
1244
1158
1097
983
974
984
826
661
498
373
268
5
-272
-402
-606
-781
-917
-982
-953
-1049
-976
-998
-791
-627
-486
-250
-209
-53
-32
-48
30
-27
-212
-380
-677
-762
-874
-1095
-1296
-1530
-1649
-1690
-1706
-1657
-1676
-1640
-1588
-1609
-1624
-1596
-1649
-1701
-2022
-2238
-2268
-2342
-2548
-2723
-2762
-2795
-2775
-2775
-2739
-2612
-2572
-2594
-2342
-1961
-1614
-1079
-703
-60
541
1208
1979
2730
3320
3710
4136
4508
4888
4971
4883
4686
4613
4628
4218
3954
3576
3245
2866
2382
2097
1619
1084
536
-141
-454
-775
-1452
-1964
-2397
-2681
-2835
-3125
-3127
-3035
-3068
-2737
-2361
-2035
-1343
-1021
-437
-134
320
848
973
1252
1394
1394
1519
1562
1503
1552
1354
1296
1293
1106
1117
1082
900
822
755
608
440
268
35
-113
-439
-565
-684
-778
-847
-975
-904
-754
-629
-498
-323
-47
121
327
457
613
624
587
482
405
251
83
-183
-395
-570
-730
-868
-1090
-1090
-1207
-1195
-1218
-1261
-1237
-1259
-1244
-1351
-1330
-1447
-1623
-1743
-1999
-2064
-2233
-2365
-2571
-2652
-2678
-2662
-2621
-2721
-2466
-2108
-1701
-1266
-784
-74
528
1304
2020
2860
3502
4146
4374
4676
5229
5296
5117
4833
4687
4609
4288
3926
3568
3175
2889
2429
1899
1565
1142
676
6
-598
-832
-1310
-1977
-2431
-2912
-3217
-3455
-3665
-3764
-3749
-3560
-3302
-3072
-2502
-1930
-1460
-806
-461
134
619
808
1044
1131
1120
1105
962
848
877
615
610
469
546
540
456
344
255
131
114
33
-204
-317
-593
-690
-869
-1058
-1010
-1295
-1380
-1325
-1298
-1118
-1083
-934
-734
-483
-400
-319
-117
-50
-3
-151
-209
-195
-366
-487
-664
-798
-923
-1046
-1115
-1282
-1270
-1246
-1186
-1266
-1265
-1220
-1204
-1151
-1292
-1358
-1513
-1576
-1802
-1962
-2067
-2206
-2443
-2592
-2667
-2633
-2734
-2561
-2212
-1862
-1173
-807
-49
715
1515
2413
3218
3986
4669
5197
5428
5885
6071
5935
5680
5428
5443
4991
4645
4229
3754
3473
3033
2559
2230
1720
1325
832
259
50
-528
-1073
-1532
-2002
-2312
-2729
-2939
-3002
-3154
-3045
-2756
-2467
-2031
-1487
-1138
-539
-159
325
813
1040
1354
1350
1512
1638
1662
1513
1399
1242
1223
1171
989
1025
877
803
621
457
290
136
-80
-296
-575
-763
-949
-1147
-1283
-1422
-1545
-1665
-1615
-1591
-1521
-1539
-1395
-1288
-1156
-1001
-985
-915
-883
-938
-907
-919
-1005
-1187
-1286
-1311
-1404
-1562
-1660
-1629
-1615
-1638
-1576
-1662
-1629
-1724
-1784
-1783
-1902
-1945
-2147
-2278
-2369
-2563
-2743
-2884
-3179
-3234
-3418
-3455
-3429
-3187
-2787
-2425
-1946
-1455
-696
-46
887
1730
2592
3392
4023
4558
5056
5591
5531
5460
5229
5235
5030
4518
4194
3704
3238
2836
2398
2038
1660
1207
846
344
141
-91
-701
-1096
-1579
-1894
-2157
-2535
-2595
-2838
-2926
-2786
-2407
-2185
-1606
-1187
-709
-117
203
966
1259
1565
1779
1923
2053
2211
2145
2077
1931
1747
1770
1540
1689
1468
1384
1431
1332
1239
1085
964
767
608
260
103
-95
-295
-641
-898
-993
-1025
-1006
-989
-1015
-898
-616
-624
-439
-365
-353
-311
-360
-337
-418
-444
-592
-772
-818
-913
-857
-946
-1084
-991
-983
-896
-925
-880
-931
-923
-1048
-1130
-1379
-1606
-1795
-2031
-2266
-2630
-2699
-3007
-3222
-3369
-3508
-3604
-3485
-3208
-2922
-2441
-2108
-1377
-862
1
944
1630
2505
3138
3664
4179
4700
5063
5021
4829
4824
4839
4427
4101
3613
3127
2728
2241
1767
1382
883
518
-56
-570
-644
-980
-1567
-1964
-2271
-2574
-2804
-3126
-3232
-3359
-3405
-3138
-2957
-2569
-2064
-1734
-1184
-738
-214
365
678
1066
1280
1386
1589
1631
1651
1621
1411
1390
1310
1320
1287
1279
1144
1068
1103
1034
844
674
516
281
90
-98
-300
-451
-666
-878
-943
-879
-908
-842
-851
-777
-547
-597
-518
-445
-448
-479
-576
-450
-587
-691
-716
-886
-971
-1037
-958
-1046
-1048
-1042
-948
-785
-828
-787
-771
-808
-863
-1030
-1132
-1409
-1596
-1830
-2095
-2268
-2452
-2642
-2819
-2976
-3152
-3057
-2737
-2361
-1997
-1603
-946
-164
687
1633
2425
3281
3984
4501
4995
5452
5806
5830
5600
5463
5606
5296
4726
4432
3858
3481
2896
2336
2036
1527
1021
439
-75
-110
-569
-1130
-1407
-1930
-2022
-2291
-2611
-2623
-2906
-3019
-2750
-2679
-2354
-2041
-1721
-1247
-957
-314
166
413
804
1021
1128
1414
1450
1402
1558
1392
1356
1340
1250
1365
1141
1065
1046
940
826
668
417
218
6
-407
-551
-828
-1051
-1289
-1484
-1597
-1637
-1678
-1717
-1826
-1765
-1541
-1524
-1404
-1333
-1289
-1259
-1348
-1367
-1285
-1377
-1489
-1514
-1538
-1556
-1508
-1564
-1503
-1457
-1350
-1140
-1179
-1094
-1034
-1059
-1097
-1265
-1413
-1694
-1954
-2142
-2512
-2850
-3136
-3361
-3493
-3807
-3868
-3640
-3382
-2946
-2479
-2013
-1338
-478
380
1303
2289
3016
3614
4021
4648
5271
5335
5323
5216
5390
5220
4956
4659
4168
3750
3381
2785
2395
2072
1477
1153
470
223
134
-510
-771
-1204
-1515
-1607
-1899
-1950
-2027
-2267
-2104
-1963
-1762
-1337
-1058
-644
-247
237
796
1149
1448
1623
1794
1968
2091
2035
2099
2063
2042
2061
1965
2076
1973
1979
1818
1880
1903
1796
1631
1450
1289
880
676
316
71
-299
-536
-754
-939
-995
-1105
-1143
-1223
-1091
-1066
-992
-1082
-1038
-1059
-1154
-1233
-1383
-1418
-1598
-1724
-1818
-1998
-1908
-1949
-1989
-1857
-1674
-1441
-1262
-1133
-1003
-818
-782
-820
-1046
-1202
-1507
-1903
-2229
-2534
-2922
-3217
-3567
-3778
-4084
-3947
-3631
-3474
-3016
-2632
-1948
-1260
-357
463
1292
2083
2778
3328
3655
4358
4601
4664
4470
4528
4680
4246
3994
3513
3220
2829
2271
1819
1487
940
458
3
-554
-654
-1137
-1581
-1850
-2074
-2303
-2489
-2738
-2791
-2988
-2924
-2695
-2593
-2251
-1937
-1415
-990
-702
-57
327
661
986
1188
1507
1675
1716
1733
1821
1812
1833
1736
1858
1907
1830
1882
1929
1956
2017
1788
1680
1580
1325
1082
751
529
183
-146
-366
-577
-669
-801
-920
-841
-815
-715
-662
-651
-646
-681
-731
-824
-933
-1044
-1265
-1343
-1504
-1648
-1669
-1628
-1559
-1579
-1341
-1065
-814
-573
-369
-138
-12
83
-1
-269
-552
-815
-1132
-1483
-2008
-2287
-2698
-2971
-3168
-3342
-3050
-2940
-2458
-2155
-1662
-921
-224
707
1461
2191
2955
3672
4031
4639
5027
5102
5106
4835
5165
4835
4462
4151
3511
3233
2795
2313
1885
1327
841
453
-163
-446
-738
-1563
-1889
-2289
-2540
-2647
-3136
-3136
-3314
-3403
-3221
-3023
-2733
-2405
-2176
-1749
-1237
-755
-237
-36
381
575
847
1029
1167
1226
1224
1350
1390
1477
1411
1654
1677
1639
1755
1789
1902
1705
1504
1365
1222
959
588
335
82
-278
-688
-899
-1042
-1161
-1272
-1360
-1345
-1295
-1140
-1230
-1148
-1025
-1105
-1123
-1233
-1350
-1483
-1635
-1833
-2014
-2184
-2182
-2195
-2225
-2046
-1891
-1534
-1358
-1226
-842
-651
-490
-469
-568
-715
-916
-1277
-1462
-1922
-2272
-2488
-3008
-3067
-3448
-3405
-3081
-2864
-2335
-1983
-1324
-557
379
1243
2141
2931
3533
4195
4570
5283
5278
5368
5190
5141
5236
4790
4577
4134
3695
3332
3045
2410
2138
1503
1075
627
63
-24
-640
-1104
-1512
-1868
-2069
-2329
-2579
-2643
-2868
-2855
-2566
-2455
-2008
-1785
-1499
-889
-505
36
526
784
1131
1374
1601
1810
1811
1839
1889
1795
1838
1774
1774
1869
1843
1848
1796
1940
1949
1805
1738
1648
1471
1265
924
662
346
-10
-265
-566
-747
-904
-999
-1101
-1150
-1009
-1040
-1053
-1009
-1032
-1044
-1140
-1269
-1418
-1548
-1779
-1888
-2079
-2266
-2262
-2417
-2386
-2303
-2123
-1897
-1718
-1625
-1279
-1100
-961
-902
-1123
-1126
-1403
-1643
-1976
-2469
-2737
-3209
-3568
-3967
-3963
-3779
-3554
-3139
-2835
-2065
-1460
-506
391
1344
2117
2764
3526
3840
4660
4852
4796
4741
4620
4755
4325
4043
3622
3151
2803
2389
1950
1637
1177
689
284
-268
-305
-795
-1318
-1686
-2008
-2182
-2499
-2795
-2813
-3087
-3227
-2915
-2862
-2472
-2178
-2048
-1436
-1064
-469
91
395
774
1091
1281
1571
1698
1662
1737
1528
1655
1630
1606
1766
1652
1669
1712
1818
1908
1821
1826
1735
1700
1472
1336
1026
916
577
320
150
-74
-167
-243
-414
-431
-398
-389
-282
-402
-241
-346
-352
-405
-564
-640
-815
-1033
-1205
-1414
-1511
-1647
-1697
-1724
-1651
-1477
-1335
-1266
-926
-687
-571
-431
-464
-512
-597
-830
-1157
-1540
-1956
-2360
-2787
-3161
-3526
-3492
-3339
-3099
-2624
-2321
-1605
-926
65
1029
1922
2756
3551
4109
4467
5303
5368
5405
5141
5130
5171
4628
4261
3832
3324
2878
2361
1722
1394
880
430
-157
-605
-655
-1261
-1730
-2052
-2386
-2609
-2893
-3203
-3247
-3575
-3624
-3368
-3303
-2995
-2676
-2432
-1836
-1523
-914
-343
-57
385
593
878
1213
1408
1372
1606
1422
1650
1607
1607
1685
1597
1540
1441
1538
1352
1323
1071
1023
763
524
359
112
-43
-391
-556
-801
-881
-1039
-1066
-1232
-1185
-1060
-1202
-1103
-1107
-1019
-1117
-1023
-1126
-1203
-1266
-1535
-1395
-1632
-1671
-1711
-1789
-1796
-1643
-1541
-1488
-1391
-1355
-1042
-1002
-794
-782
-890
-901
-1064
-1160
-1518
-1815
-2010
-2313
-2681
-2868
-3136
-3105
-2801
-2685
-2101
-1910
-1128
-385
408
1441
2229
3024
3723
4238
4760
5460
5482
5691
5440
5404
5633
5060
4715
4321
3868
3415
2873
2333
2074
1459
1056
612
-70
-47
-653
-1163
-1409
-1874
-1980
-2268
-2629
-2630
-2934
-3019
-2653
-2797
-2474
-2284
-1911
-1297
-1076
-465
51
434
773
1130
1346
1730
1832
1964
2085
1904
2151
2056
1968
2002
1840
1672
1557
1405
1448
1236
988
1041
730
579
488
304
175
-120
-254
-349
-441
-561
-632
-767
-849
-775
-911
-896
-926
-966
-1071
-1206
-1236
-1314
-1494
-1579
-1598
-1785
-1819
-1919
-1871
-1905
-1954
-1864
-1804
-1894
-1719
-1709
-1715
-1573
-1721
-1750
-1914
-1960
-2039
-2427
-2649
-2830
-3017
-3359
-3605
-3739
-3954
-3756
-3589
-3043
-2701
-2303
-1495
-835
223
1136
1999
2859
3515
4091
4667
5306
5396
5427
5048
5250
5192
4573
4350
3800
3396
2835
2361
1802
1437
850
447
-73
-604
-530
-1153
-1508
-1887
-2192
-2336
-2800
-2955
-3090
-3274
-3291
-3059
-3038
-2600
-2293
-1864
-1332
-1032
-172
378
712
1215
1627
1984
2417
2540
2688
2803
2695
2841
2630
2578
2554
2282
2067
1932
1770
1787
1491
1335
1313
935
952
830
663
553
270
71
16
-150
-210
-241
-443
-364
-352
-382
-321
-452
-404
-432
-551
-406
-613
-644
-646
-843
-878
-953
-1053
-1165
-1262
-1309
-1211
-1275
-1242
-1176
-1144
-1141
-1171
-1205
-1255
-1443
-1478
-1790
-2034
-2172
-2469
-2649
-2949
-3143
-3343
-3402
-3258
-3066
-2660
-2415
-1931
-1233
-607
392
1228
2110
2856
3612
4120
4855
5333
5333
5382
5046
5221
4929
4200
3808
3129
2644
2075
1523
1079
680
227
-120
-733
-890
-984
-1580
-1848
-2308
-2487
-2742
-3130
-3269
-3374
-3700
-3558
-3462
-3284
-2841
-2612
-2135
-1677
-1184
-508
6
285
818
1099
1477
1718
1812
1974
1853
1749
1810
1540
1447
1350
1167
997
915
786
761
575
539
472
211
256
104
2
-155
-309
-364
-488
-581
-584
-658
-781
-577
-648
-585
-464
-556
-375
-451
-360
-312
-424
-523
-594
-677
-723
-753
-869
-908
-1014
-911
-904
-969
-898
-893
-968
-1025
-1024
-1156
-1276
-1467
-1604
-1714
-1977
-2076
-2254
-2434
-2534
-2707
-2770
-2898
-2809
-2520
-2201
-1830
-1362
-712
-69
879
1806
2586
3459
4257
4896
5367
6003
6135
6055
5753
5594
5499
4842
4378
3835
3318
2766
2252
1743
1435
837
464
-52
-582
-540
-1096
-1472
-1971
-2274
-2500
-2823
-3021
-3039
-3240
-3318
-3048
-2936
-2512
-2144
-1709
-1157
-828
-126
604
918
1312
1625
1871
2190
2159
2218
2154
1991
2013
1774
1505
1443
1198
1080
802
696
640
455
370
221
72
-62
-152
-359
-542
-759
-875
-1004
-1252
-1219
-1151
-1267
-1169
-1255
-1052
-1037
-943
-841
-970
-831
-828
-899
-1072
-1150
-1309
-1430
-1600
-1711
-1688
-1857
-1732
-1809
-1648
-1547
-1639
-1466
-1553
-1470
-1568
-1708
-1783
-1848
-2065
-2246
-2369
-2574
-2749
-2907
-3125
-3159
-3385
-3302
-3058
-2697
-2120
-1849
-1033
-301
701
1636
2458
3308
4059
4593
5118
5624
5704
5763
5293
5212
5032
4460
4045
3460
2892
2431
1914
1421
1135
501
250
-183
-603
-587
-1015
-1383
-1731
-2066
-2177
-2416
-2754
-2758
-3074
-3056
-2734
-2651
-2137
-1801
-1291
-682
-284
496
1066
1393
1857
2080
2339
2690
2615
2656
2610
2326
2367
2147
1991
1865
1646
1475
1430
1191
1191
1052
894
923
668
620
481
410
259
-23
-92
-193
-328
-324
-384
-510
-327
-405
-275
-130
-209
-100
-135
-129
-204
-222
-491
-537
-683
-923
-945
-1158
-1304
-1473
-1468
-1438
-1589
-1520
-1466
-1525
-1487
-1597
-1687
-1651
-1834
-1970
-2113
-2243
-2485
-2615
-2800
-2937
-3119
-3225
-3370
-3466
-3127
-2865
-2417
-2043
-1546
-730
31
850
1674
2526
3358
3980
4355
4815
5236
5180
5034
4698
4680
4478
3799
3429
2821
2413
1923
1368
916
452
-3
-327
-810
-1316
-1279
-1988
-2362
-2741
-3042
-3113
-3621
-3709
-3746
-3810
-3601
-3295
-3061
-2488
-2029
-1509
-988
-634
96
692
813
1224
1462
1701
2000
1900
1939
1954
1833
1886
1720
1551
1491
1339
1141
1023
902
714
566
433
312
125
89
-27
-191
-310
-389
-391
-349
-446
-434
-294
-315
-135
-119
-25
53
15
-21
-66
-89
-123
-121
-397
-408
-444
-506
-611
-740
-722
-824
-792
-799
-725
-841
-802
-823
-889
-858
-1020
-1109
-1218
-1303
-1312
-1550
-1666
-1702
-1886
-2119
-2137
-2170
-2238
-2334
-2354
-2049
-1703
-1152
-795
-255
461
1132
2034
2756
3516
4192
4689
4993
5475
5750
5625
5365
4915
5006
4555
4018
3596
3157
2740
2150
1675
1264
876
342
-87
-758
-1048
-1313
-1889
-2331
-2744
-3015
-3327
-3533
-3536
-3432
-3505
-3252
-2868
-2558
-1963
-1630
-1025
-736
-284
410
665
922
1105
1327
1510
1510
1480
1493
1455
1262
1193
989
1006
1010
608
423
334
301
76
-191
-301
-525
-735
-871
-1063
-1132
-1173
-1285
-1277
-1326
-1193
-1017
-963
-930
-837
-737
-733
-668
-571
-597
-640
-815
-841
-968
-1016
-1012
-1083
-1185
-1254
-1109
-1091
-1052
-1127
-1057
-1217
-1308
-1291
-1414
-1477
-1613
-1763
-1803
-1865
-1903
-1926
-2126
-2145
-2205
-2292
-2259
-2113
-2368
-2239
-2364
-2241
-1694
-1548
-934
-674
-164
570
1352
2213
2924
3635
4189
4716
5053
5650
5778
5596
5346
5005
5149
4773
4317
3932
3437
2997
2596
2051
1747
1331
607
253
-327
-585
-896
-1558
-1891
-2391
-2564
-2654
-2805
-2744
-2687
-2655
-2173
-1776
-1447
-859
-596
28
309
626
1213
1482
1586
1752
1958
2022
2209
2082
2022
1984
1883
1886
1673
1616
1455
1110
829
673
434
158
-248
-418
-611
-980
-1021
-1132
-1281
-1250
-1282
-1260
-1140
-998
-749
-624
-518
-417
-342
-278
-219
-334
-340
-415
-591
-530
-732
-775
-824
-909
-1001
-1018
-953
-883
-1132
-1144
-1174
-1320
-1473
-1646
-1734
-1835
-2074
-2203
-2200
-2356
-2337
-2391
-2444
-2465
-2400
-2382
-2314
-2420
-2371
-2271
-2269
-2252
-2385
-2237
-1992
-1637
-1286
-1012
-440
224
863
1634
2494
3210
3736
4107
4449
4973
4946
4915
4625
4400
4509
4090
3562
3167
2757
2274
1786
1244
844
344
-137
-591
-1221
-1349
-1594
-2105
-2451
-2630
-2694
-2761
-2751
-2508
-2402
-2355
-1870
-1489
-1128
-720
-505
-16
172
603
1089
1247
1386
1674
1835
2025
2210
2179
2341
2133
2139
2056
1820
1625
1343
1072
717
497
214
-34
-460
-544
-668
-937
-921
-882
-888
-834
-825
-653
-416
-446
-238
-208
-174
-78
-65
2
-23
-14
-30
-43
-63
41
-50
-72
-79
-56
-81
-225
-217
-317
-530
-664
-785
-1038
-1164
-1379
-1609
-1607
-1736
-1776
-1729
-1816
-1758
-1673
-1607
-1529
-1443
-1543
-1488
-1442
-1491
-1526
-1652
-1695
-1844
-1779
-1489
-1189
-814
-502
-85
573
1301
2101
2775
3335
3861
4240
4562
4910
4973
4724
4429
4201
4167
3638
3161
2715
2203
1790
1323
870
414
-163
-672
-1094
-1507
-1728
-2070
-2458
-2685
-2900
-2939
-2922
-2869
-2652
-2613
-2541
-2059
-1807
-1485
-1197
-827
-448
-233
177
653
925
1063
1286
1440
1617
1708
1705
1691
1414
1323
1182
895
557
365
6
-294
-455
-717
-776
-996
-1054
-1274
-1331
-1303
-1367
-1397
-1458
-1340
-1311
-1065
-1021
-845
-668
-537
-306
-155
46
206
348
362
511
722
705
720
579
492
439
268
132
-132
-353
-590
-709
-802
-1025
-1113
-1274
-1423
-1481
-1451
-1579
-1530
-1654
-1520
-1421
-1567
-1256
-1316
-1254
-1227
-1215
-1103
-1060
-1140
-1065
-1129
-1098
-973
-982
-746
-511
-176
58
467
1030
1645
2213
2783
3353
3834
4282
4450
4881
5044
4966
4869
4641
4710
4453
4071
3580
3239
2780
2201
1755
1151
660
21
-436
-984
-1377
-1640
-2074
-2359
-2524
-2495
-2531
-2494
-2288
-2115
-1966
-1624
-1284
-1085
-800
-483
-33
92
279
659
909
977
969
1047
1121
1173
1065
1048
967
803
621
399
322
130
-114
-490
-651
-856
-980
-1266
-1425
-1620
-1800
-1885
-1923
-1793
-1888
-1607
-1513
-1273
-1009
-681
-335
-198
7
109
271
312
344
188
178
205
38
-109
-264
-244
-518
-636
-724
-840
-916
-1073
-1309
-1460
-1546
-1696
-1714
-1808
-1934
-1911
-1960
-1930
-1872
-1863
-1719
-1652
-1556
-1490
-1272
-1175
-1157
-1091
-1064
-900
-1064
-945
-1121
-1065
-1218
-1259
-1017
-797
-537
-419
40
389
953
1590
2159
2696
3136
3648
4030
4557
4716
4804
4728
4623
4853
4523
4201
3959
3444
2966
2328
1805
1316
663
117
-383
-846
-1138
-1319
-1603
-1742
-1836
-1698
-1632
-1586
-1290
-1012
-963
-744
-503
-409
-133
-100
83
19
149
454
517
535
736
840
1107
1202
1346
1461
1373
1377
1143
1068
730
482
34
-297
-692
-964
-1260
-1595
-1606
-1650
-1616
-1577
-1293
-1118
-750
-491
-125
111
307
657
757
892
909
953
916
815
759
659
557
398
417
242
155
153
-18
-48
-242
-425
-664
-781
-1041
-1167
-1429
-1730
-1829
-1990
-2093
-2112
-2149
-2045
-2084
-1862
-1663
-1547
-1341
-1160
-1113
-1027
-822
-812
-605
-703
-869
-910
-1059
-1129
-1185
-1308
-1448
-1531
-1555
-1324
-1104
-825
-663
-225
174
768
1457
2041
2558
3087
3356
3677
4200
4346
4334
4109
4023
4038
3695
3280
2835
2378
1935
1441
949
601
272
-211
-569
-803
-885
-1111
-1338
-1603
-1870
-1794
-1959
-2009
-2073
-2230
-2274
-2112
-1987
-1883
-1571
-1434
-1077
-894
-451
-49
168
324
565
721
775
810
626
661
404
207
-26
-253
-405
-556
-784
-942
-874
-890
-764
-764
-566
-373
-363
-40
40
211
253
358
483
632
666
746
814
797
930
963
1027
1113
1101
1089
1044
1008
945
755
644
414
138
-87
-316
-576
-718
-1000
-1068
-1215
-1247
-1203
-1156
-1017
-965
-844
-610
-610
-505
-365
-320
-332
-357
-373
-409
-509
-550
-571
-618
-592
-623
-640
-682
-728
-678
-827
-1003
-1063
-973
-908
-809
-662
-566
-159
201
641
1231
1803
2358
2753
3167
3707
4147
4369
4424
4402
4505
4471
4117
3858
3363
2944
2447
1942
1404
789
180
-442
-915
-1446
-1657
-2071
-2393
-2543
-2677
-2632
-2635
-2582
-2536
-2523
-2397
-2291
-2140
-1984
-1829
-1743
-1694
-1441
-1221
-884
-796
-590
-400
-80
121
191
249
271
213
175
110
-162
-274
-525
-716
-917
-1054
-1111
-1267
-1342
-1236
-1099
-1012
-877
-669
-512
-293
-64
89
331
323
431
530
493
581
487
533
412
344
248
294
236
91
17
-104
-50
-134
-205
-166
-380
-317
-469
-542
-569
-722
-740
-807
-737
-756
-691
-648
-663
-598
-447
-323
-210
-92
43
226
337
358
487
479
458
328
240
100
-60
-280
-537
-695
-977
-1204
-1333
-1427
-1351
-1173
-894
-521
-81
464
1054
1827
2508
3038
3725
4153
4513
4866
5052
5038
4868
4683
4556
4277
3807
3308
2784
2340
1843
1213
686
148
-277
-772
-1214
-1512
-1815
-2069
-2321
-2509
-2567
-2598
-2608
-2568
-2451
-2339
-2200
-1881
-1652
-1399
-1118
-824
-480
-202
100
393
537
626
683
830
679
577
369
242
28
-312
-540
-715
-798
-1111
-1085
-1160
-1127
-1078
-1050
-896
-723
-589
-434
-249
-146
-77
-65
-97
-102
-171
-225
-248
-328
-339
-383
-424
-385
-377
-357
-343
-288
-307
-229
-353
-352
-456
-621
-730
-893
-904
-1068
-1120
-1156
-1188
-1144
-1040
-915
-608
-468
-355
-156
84
286
370
362
363
276
130
31
-162
-324
-620
-842
-1002
-1108
-1243
-1289
-1331
-1395
-1321
-1230
-1133
-1065
-1117
-1037
-972
-821
-624
-402
-237
-140
197
642
1163
1667
2055
2550
2992
3467
3831
4278
4372
4332
4214
4145
4040
3663
3249
2689
2160
1587
1010
481
2
-355
-704
-962
-1087
-1055
-1014
-1144
-987
-948
-814
-719
-605
-531
-636
-540
-601
-555
-651
-660
-606
-579
-556
-430
-252
-121
-147
-129
20
72
61
-29
-90
-145
-193
-278
-337
-385
-482
-401
-430
-278
-165
-118
173
341
490
624
729
866
783
762
692
658
485
372
237
89
-65
-283
-315
-396
-403
-473
-504
-492
-501
-540
-555
-574
-537
-601
-531
-521
-350
-388
-402
-221
-123
-30
-29
212
231
387
371
389
512
350
277
91
-93
-332
-458
-747
-890
-1030
-1238
-1329
-1468
-1585
-1695
-1674
-1712
-1686
-1808
-1791
-1869
-1894
-1922
-2085
-2109
-2144
-1992
-1895
-1703
-1443
-1225
-774
-261
345
941
1491
2036
2607
3041
3310
3625
3603
3600
3582
3499
3163
2984
2586
2181
1761
1393
1069
668
515
188
46
-73
-171
-162
-375
-514
-635
-651
-802
-1010
-1183
-1431
-1588
-1758
-1881
-2057
-2018
-2061
-1836
-1635
-1434
-1109
-941
-822
-483
-362
-233
-115
-89
-38
26
47
32
71
121
146
251
361
568
848
952
1200
1343
1575
1667
1704
1705
1611
1547
1292
1093
808
547
344
221
-39
-212
-177
-205
-222
-231
-157
-72
-95
16
14
60
144
223
204
220
394
363
409
482
580
695
785
928
942
1073
1028
1017
935
797
676
425
213
-32
-211
-416
-504
-704
-960
-1037
-1106
-1191
-1293
-1432
-1484
-1559
-1729
-1734
-1847
-1915
-2054
-2211
-2302
-2389
-2465
-2487
-2369
-2199
-1929
-1652
-1256
-761
-158
621
1168
1888
2389
2949
3376
3752
3988
4003
4037
3950
3889
3656
3404
2992
2671
2241
1888
1559
1182
850
480
163
-101
-434
-887
-1223
-1638
-1996
-2346
-2679
-2900
-3259
-3468
-3606
-3556
-3532
-3523
-3387
-3198
-2961
-2699
-2356
-2073
-1784
-1591
-1249
-1081
-810
-611
-447
-288
-202
2
118
362
422
734
757
1024
1194
1326
1484
1512
1567
1569
1559
1448
1321
1100
1020
760
604
391
209
-32
-254
-238
-300
-279
-392
-251
-247
-137
78
79
235
188
299
247
386
412
486
523
549
645
693
826
943
1008
1094
1229
1226
1326
1262
1202
1052
916
637
426
120
-36
-332
-552
-743
-929
-1047
-1184
-1250
-1349
-1353
-1373
-1411
-1507
-1541
-1587
-1565
-1728
-1737
-1778
-1874
-1838
-1822
-1681
-1430
-1160
-922
-475
36
596
1283
1818
2550
3079
3617
4048
4372
4657
4615
4648
4529
4463
4240
3972
3589
3229
2786
2331
1873
1411
1007
559
128
-289
-652
-1127
-1508
-2049
-2398
-2759
-3062
-3334
-3554
-3692
-3740
-3753
-3632
-3529
-3321
-3138
-2790
-2446
-2010
-1587
-1302
-1019
-803
-457
-283
-86
38
174
352
381
555
574
676
711
733
730
863
924
920
894
838
871
859
734
513
369
170
-13
-125
-271
-396
-533
-737
-744
-810
-797
-853
-807
-833
-822
-623
-667
-558
-456
-434
-318
-265
-203
-57
-16
41
167
323
376
456
451
546
616
585
628
531
497
409
325
272
84
-42
-202
-325
-470
-606
-733
-869
-1016
-1235
-1238
-1270
-1342
-1300
-1429
-1473
-1416
-1447
-1469
-1491
-1532
-1440
-1453
-1345
-1188
-1200
-1160
-1001
-794
-471
-173
255
576
1083
1543
2109
2746
3214
3804
4162
4709
4887
5180
5171
5158
5075
4890
4656
4290
3934
3416
2959
2387
1914
1246
659
138
-435
-932
-1497
-1889
-2211
-2507
-2803
-2965
-3028
-3051
-3001
-3042
-2924
-2845
-2621
-2471
-2188
-1955
-1694
-1418
-1207
-897
-686
-449
-252
-68
99
327
570
679
865
978
1070
1238
1182
1205
1253
1279
1140
1197
1053
831
709
452
264
85
-192
-382
-525
-795
-871
-908
-999
-1039
-1068
-1044
-1078
-1057
-1093
-1011
-899
-966
-817
-764
-716
-607
-460
-377
-281
-182
-144
-17
-67
129
228
283
296
340
361
328
301
190
78
2
-171
-344
-524
-764
-853
-970
-1101
-1225
-1298
-1371
-1470
-1608
-1621
-1742
-1799
-1965
-2032
-2108
-2168
-2172
-2215
-2134
-2151
-2099
-1998
-1891
-1688
-1520
-1373
-1083
-748
-347
16
465
941
1527
2077
2646
3243
3705
4146
4596
4909
5093
5216
5169
5092
4920
4678
4332
3940
3469
2943
2473
1860
1376
738
296
-349
-791
-1148
-1607
-1903
-2298
-2473
-2795
-2837
-2973
-3012
-2975
-3004
-2906
-2753
-2439
-2240
-1925
-1670
-1262
-895
-599
-280
-14
264
565
772
991
1193
1312
1415
1530
1632
1677
1693
1611
1658
1638
1575
1538
1412
1265
1116
942
749
525
307
150
25
-186
-381
-470
-564
-556
-579
-534
-513
-480
-436
-421
-244
-299
-131
-195
-121
-128
-46
-4
-110
-24
-152
-132
-218
-245
-200
-303
-408
-372
-422
-418
-362
-432
-455
-450
-443
-455
-537
-540
-648
-714
-951
-936
-1033
-1138
-1221
-1426
-1571
-1773
-1842
-2103
-2097
-2140
-2216
-2129
-2110
-1993
-1819
-1656
-1434
-1268
-992
-738
-521
-282
-127
129
281
440
520
683
729
878
1068
1246
1448
1548
1823
1971
2122
2298
2430
2577
2683
2707
2758
2790
2699
2626
2559
2446
2310
2036
1864
1554
1275
970
576
280
-96
-419
-798
-1023
-1391
-1573
-1834
-2079
-2153
-2403
-2293
-2406
-2345
-2241
-2185
-2052
-1936
-1744
-1627
-1404
-1282
-877
-746
-363
-160
74
497
656
1020
1111
1354
1562
1726
1860
1831
1781
1713
1615
1403
1319
1178
979
807
630
521
381
240
151
33
-19
-18
6
-32
-44
-94
-142
-207
-253
-324
-360
-454
-502
-520
-549
-557
-588
-440
-419
-310
-174
16
108
164
263
426
407
426
527
497
547
447
409
413
336
262
96
118
-64
-208
-331
-500
-544
-743
-926
-1164
-1149
-1335
-1434
-1520
-1538
-1481
-1476
-1366
-1342
-1187
-1087
-858
-704
-566
-427
-198
-106
36
256
254
365
311
483
401
559
561
580
764
883
967
1180
1434
1709
1940
2211
2361
2487
2630
2549
2561
2345
2309
1922
1774
1396
996
703
276
-161
-634
-980
-1269
-1517
-1858
-2017
-2147
-2207
-2320
-2328
-2399
-2399
-2424
-2313
-2211
-2221
-1971
-1902
-1715
-1456
-1279
-1065
-769
-554
-317
-27
170
410
613
778
1037
1169
1285
1304
1305
1247
1184
1179
967
838
744
496
308
285
97
22
-79
-162
-206
-221
-228
-310
-316
-366
-381
-445
-487
-520
-530
-651
-569
-505
-505
-399
-321
-238
-155
-23
122
170
345
364
491
499
503
519
514
586
535
573
533
459
409
422
410
372
307
250
237
143
122
53
-28
-68
-192
-132
-171
-137
-129
-84
-13
-3
71
183
276
339
476
486
654
692
660
743
682
742
689
608
564
549
543
472
508
426
453
450
451
395
392
343
312
378
296
282
185
105
52
46
-14
-44
-129
-142
-88
-33
-47
-34
34
76
178
208
280
356
441
350
350
336
289
188
67
-4
-131
-261
-383
-475
-572
-688
-775
-819
-960
-1075
-1183
-1255
-1289
-1444
-1446
-1478
-1432
-1462
-1387
-1207
-1250
-1066
-1081
-892
-800
-746
-589
-500
-446
-439
-408
-387
-274
-297
-336
-367
-397
-536
-531
-549
-659
-642
-720
-763
-735
-659
-606
-584
-422
-466
-360
-307
-224
-119
-83
-66
-8
148
41
121
207
236
365
460
560
651
658
721
741
786
787
801
772
771
740
714
661
587
625
584
489
446
475
421
461
367
452
405
428
370
359
415
306
318
206
232
113
109
-28
-80
-71
-161
-39
-12
171
272
559
690
1009
1298
1555
1833
2070
2259
2482
2649
2740
2706
2695
2614
2485
2326
2112
1887
1577
1322
1058
734
357
50
-368
-599
-878
-1170
-1361
-1657
-1835
-1905
-2026
-2058
-2107
-2142
-2103
-2052
-2032
-1817
-1686
-1490
-1364
-1162
-932
-771
-498
-257
-168
65
191
280
384
364
466
432
438
465
329
277
234
219
161
75
40
-32
-159
-290
-407
-638
-723
-857
-928
-1018
-1132
-1198
-1307
-1357
-1279
-1284
-1318
-1201
-1207
-1075
-976
-883
-605
-597
-504
-279
-212
-110
-45
60
55
101
118
109
202
112
208
188
93
128
134
130
58
64
31
17
-92
-69
-123
-230
-177
-248
-257
-312
-228
-261
-230
-136
-160
-71
-51
58
118
84
158
139
246
140
208
199
226
234
307
341
352
449
391
549
600
684
700
855
889
968
1097
1166
1243
1271
1284
1262
1303
1258
1261
1256
1166
1158
1065
938
949
835
739
592
632
451
293
205
188
132
-20
-9
-149
-266
-279
-310
-307
-343
-344
-350
-332
-213
-135
-175
-85
-67
-74
38
-4
-5
-49
-60
-66
-65
-138
-227
-303
-376
-434
-494
-486
-469
-595
-539
-639
-595
-631
-685
-700
-864
-758
-828
-776
-797
-775
-755
-734
-703
-726
-513
-557
-361
-311
-278
-126
-43
42
40
129
172
154
206
124
149
170
136
220
196
163
231
270
347
328
329
386
316
449
479
431
477
400
439
411
355
314
228
188
63
117
-137
-194
-199
-368
-405
-595
-534
-616
-674
-679
-770
-741
-823
-828
-832
-849
-762
-866
-798
-748
-724
-690
-586
-558
-468
-354
-228
-81
-48
54
181
292
265
317
276
323
343
367
379
413
480
507
623
658
764
856
833
974
1002
1057
1072
1019
1010
904
793
670
498
386
192
30
-170
-330
-457
-559
-731
-805
-903
-967
-966
-951
-969
-973
-903
-889
-791
-678
-569
-574
-486
-335
-285
-95
54
129
333
466
614
746
801
907
955
985
1003
1051
1005
979
976
870
765
850
796
739
655
592
597
488
450
325
332
208
222
166
150
142
125
188
158
163
183
194
212
248
285
316
312
270
444
362
314
376
261
230
138
114
-61
-58
-216
-289
-339
-488
-507
-636
-698
-797
-857
-962
-970
-1066
-1060
-1128
-1098
-1193
-1157
-1048
-1061
-1025
-946
-762
-773
-615
-566
-449
-372
-297
-188
-142
-91
-77
-20
-32
-89
4
-73
-81
-68
-57
45
120
139
252
339
466
541
570
769
783
870
895
964
964
913
775
651
581
418
314
89
-21
-160
-303
-472
-518
-662
-737
-887
-899
-954
-993
-976
-1080
-1001
-1124
-1093
-1099
-1170
-1097
-1226
-1011
-1052
-905
-879
-871
-677
-650
-420
-395
-248
-151
-32
146
234
408
448
523
537
524
570
511
571
592
606
569
622
689
716
812
903
1011
1055
1034
1086
1055
1121
1093
1057
1036
915
942
840
868
803
725
690
514
560
499
404
321
332
306
299
329
307
405
388
385
431
393
387
405
406
365
391
339
438
359
352
437
386
355
324
270
247
102
78
36
-29
-51
-70
-66
-169
-119
-215
-189
-288
-320
-370
-342
-401
-428
-369
-438
-428
-477
-445
-433
-430
-447
-439
-382
-425
-377
-330
-365
-258
-303
-293
-237
-312
-286
-249
-325
-266
-260
-245
-317
-357
-291
-324
-303
-410
-436
-431
-426
-468
-470
-549
-583
-646
-689
-704
-722
-744
-854
-834
-934
-911
-881
-911
-818
-786
-764
-652
-605
-537
-483
-413
-337
-254
-166
-71
0
-99
-11
26
44
111
96
207
279
326
369
470
555
524
612
677
620
653
618
588
543
431
281
252
108
59
-48
-98
-121
-221
-177
-207
-200
-194
-245
-228
-235
-177
-103
-106
-91
-100
-21
-96
58
59
106
173
121
239
225
346
279
343
372
426
501
530
579
703
672
552
544
491
619
502
477
577
535
516
583
488
576
531
399
422
318
304
296
150
137
34
92
0
40
-24
-101
-102
-111
-161
-166
-278
-314
-335
-369
-271
-274
-162
-70
168
323
466
731
815
1015
1212
1322
1384
1459
1510
1530
1485
1334
1245
1050
931
680
397
278
85
-124
-263
-526
-573
-728
-823
-923
-952
-1046
-1066
-1081
-1091
-1074
-1111
-1116
-1124
-1076
-1138
-1082
-1137
-1047
-1012
-995
-977
-951
-909
-900
-896
-790
-734
-751
-642
-612
-487
-450
-376
-326
-285
-262
-169
-164
-180
-182
-165
-63
-101
-27
46
25
34
54
108
62
171
146
170
136
143
164
56
46
-75
-24
-156
-171
-142
-130
-108
-55
-4
-12
89
85
198
257
250
237
338
343
324
291
264
235
228
173
248
279
164
190
91
94
23
-38
-16
-90
-74
-181
-138
-229
-209
-295
-249
-253
-372
-276
-280
-229
-261
-202
-205
-68
-33
48
186
261
321
321
457
398
420
405
506
458
439
545
570
709
740
864
867
875
984
937
1012
987
970
998
928
989
858
920
820
796
689
666
527
526
519
485
439
335
389
243
215
54
47
-11
-82
-103
-148
-148
-106
-185
-237
-196
-259
-316
-306
-351
-334
-322
-366
-348
-400
-336
-347
-309
-276
-346
-203
-258
-133
-162
-160
-228
-175
-195
-264
-227
-342
-345
-381
-416
-520
-546
-604
-596
-674
-680
-577
-743
-641
-660
-703
-625
-645
-717
-768
-782
-739
-746
-737
-651
-646
-631
-525
-379
-373
-271
-229
-83
-66
-95
78
51
173
98
68
-7
-47
-81
-212
-229
-369
-375
-424
-375
-373
-431
-415
-550
-506
-546
-603
-644
-719
-738
-748
-761
-852
-736
-735
-675
-558
-519
-295
-160
125
309
554
783
1091
1298
1495
1687
1847
1888
1821
1849
1712
1720
1553
1508
1322
1205
1106
901
790
591
520
352
308
254
270
259
295
343
433
439
499
519
551
474
441
423
349
247
150
104
27
-86
-153
-186
-338
-338
-416
-447
-485
-656
-572
-636
-639
-635
-544
-332
-291
-187
-109
45
79
153
233
302
383
415
492
469
523
572
543
575
534
496
364
370
276
227
202
66
80
-57
-42
-55
-9
-65
-30
38
-72
79
27
-1
48
12
1
-28
-64
-68
-43
-129
-181
-224
-299
-415
-431
-491
-545
-609
-729
-738
-852
-825
-958
-906
-951
-929
-962
-916
-946
-946
-889
-951
-831
-930
-842
-737
-744
-697
-618
-593
-597
-503
-518
-450
-457
-470
-390
-339
-332
-215
-132
63
95
234
339
502
548
598
640
681
747
745
803
710
721
627
584
523
562
460
563
449
417
394
329
281
177
157
9
95
-5
5
0
-17
-140
-176
-231
-181
-199
-147
-176
-172
-198
-163
-190
-237
-272
-325
-292
-429
-350
-394
-396
-428
-379
-312
-376
-316
-351
-335
-167
-203
-89
7
65
179
251
262
350
348
345
398
427
428
384
392
398
432
453
394
484
463
453
447
594
506
603
563
533
583
514
615
507
603
509
546
521
528
493
505
530
533
610
562
625
639
617
584
615
522
578
507
486
437
370
366
249
272
117
157
88
44
-5
18
-22
-108
-152
-199
-161
-240
-228
-268
-298
-325
-388
-298
-312
-311
-306
-365
-292
-407
-325
-352
-451
-448
-545
-518
-534
-572
-654
-560
-584
-541
-499
-561
-366
-349
-227
-216
-115
-99
-78
-49
-99
-113
-223
-222
-183
-293
-280
-406
-399
-455
-444
-418
-462
-466
-493
-537
-505
-446
-491
-375
-405
-344
-370
-391
-358
-304
-341
-365
-361
-375
-427
-314
-348
-283
-197
-176
-96
19
8
15
164
134
178
161
136
197
175
164
189
137
156
135
128
185
132
147
123
106
63
67
18
92
97
97
75
117
113
45
82
36
66
37
43
95
118
159
193
220
193
143
245
134
217
242
183
176
212
141
134
99
51
132
-19
95
15
21
43
39
54
-1
83
90
85
57
111
44
38
137
91
103
114
127
227
224
378
385
551
548
558
626
662
706
681
678
644
744
662
694
726
750
670
601
670
564
598
431
432
445
403
354
329
316
276
286
298
283
141
165
57
17
-39
-93
-133
-182
-178
-212
-283
-322
-423
-453
-520
-529
-581
-676
-737
-726
-704
-783
-786
-742
-819
-805
-796
-768
-726
-811
-700
-767
-672
-702
-685
-561
-582
-491
-469
-435
-401
-332
-310
-262
-214
-209
-190
-155
-294
-300
-410
-366
-419
-445
-472
-450
-352
-411
-229
-288
-244
-211
-264
-144
-234
-183
-235
-199
-202
-216
-155
-251
-221
-251
-207
-221
-249
-209
-275
-226
-215
-184
-148
-190
-121
-87
-72
-15
-40
-19
61
131
136
200
261
250
302
308
368
409
390
429
400
430
412
517
524
562
561
619
641
618
664
754
767
619
876
745
828
857
798
809
854
781
644
821
614
666
613
603
627
577
553
447
483
310
437
491
436
409
349
370
303
350
275
247
228
188
215
227
192
120
109
24
-43
-54
-158
-191
-184
-209
-181
-223
-263
-181
-248
-193
-214
-151
-116
-78
-80
-40
-15
-161
-52
-42
8
-140
60
-36
3
-19
-103
-110
-189
-173
-268
-246
-370
-299
-409
-450
-471
-512
-472
-428
-388
-432
-338
-364
-379
-411
-438
-419
-511
-482
-586
-571
-558
-479
-586
-542
-455
-486
-419
-483
-433
-556
-550
-569
-566
-663
-733
-749
-743
-745
-772
-718
-729
-691
-678
-665
-585
-581
-608
-553
-569
-457
-514
-490
-447
-418
-421
-364
-390
-425
-326
-364
-220
-154
-96
-2
94
236
276
316
341
358
450
407
403
425
404
423
433
478
395
558
565
554
566
598
602
582
676
615
656
658
666
694
735
782
732
767
689
740
685
604
691
556
618
592
598
577
593
668
595
675
619
640
688
573
676
596
589
512
461
588
467
498
431
485
355
502
375
335
402
191
376
239
277
227
207
157
166
173
80
67
-23
-16
-112
-113
-114
-227
-250
-218
-242
-270
-236
-286
-389
-365
-371
-418
-405
-466
-472
-499
-465
-580
-574
-626
-632
-619
-650
-621
-696
-639
-641
-652
-641
-718
-668
-672
-667
-651
-631
-576
-639
-510
-579
-522
-474
-495
-428
-413
-401
-387
-269
-327
-258
-337
-235
-126
-186
-108
-95
-45
-58
-32
17
-23
108
29
16
54
123
88
101
162
117
176
148
211
169
164
226
195
222
266
249
275
246
208
233
219
247
190
256
255
258
266
192
185
57
27
-19
-33
-40
-84
-129
-122
-74
-75
-137
-118
-172
-107
-168
-123
-120
-90
-88
-88
-80
-59
-4
-7
5
9
-1
89
71
84
167
41
89
97
149
198
215
122
203
233
172
231
245
293
255
333
199
254
302
253
197
260
200
280
342
329
377
277
319
358
391
279
389
379
331
319
242
304
191
196
124
135
122
92
137
76
151
110
123
95
102
114
108
123
144
104
33
66
72
83
13
57
20
-17
4
55
-24
-57
-50
-92
-116
-160
-151
-140
-205
-132
-151
-148
-121
-116
-64
-155
-102
-205
-161
-255
-216
-225
-269
-279
-302
-246
-272
-225
-283
-213
-240
-217
-237
-189
-249
-253
-189
-313
-272
-329
-243
-277
-249
-281
-223
-207
-299
-193
-211
-157
-236
-187
-174
-213
-133
-242
-207
-251
-291
-376
-357
-358
-366
-327
-344
-216
-197
-118
-133
-211
-106
-124
-124
-56
-8
-81
-27
-38
-93
-120
-96
-102
-79
-69
-51
-70
-10
-35
-39
-32
-91
11
-85
-42
55
48
12
66
90
104
107
58
102
83
68
41
107
60
94
102
61
61
104
36
50
68
116
106
109
75
151
172
155
251
265
238
263
300
275
324
250
278
251
253
296
290
299
312
306
182
307
275
246
321
361
474
513
613
563
582
596
574
536
497
589
560
565
563
545
536
557
660
637
577
635
573
554
557
465
489
403
377
456
345
275
259
197
192
279
146
158
176
102
107
30
-41
-130
-151
-269
-298
-379
-360
-396
-435
-419
-430
-445
-505
-455
-524
-526
-572
-589
-571
-579
-527
-565
-563
-580
-533
-525
-562
-575
-707
-663
-737
-742
-852
-836
-844
-901
-803
-901
-789
-841
-699
-658
-617
-562
-627
-511
-619
-532
-536
-520
-445
-489
-381
-412
-336
-391
-320
-221
-260
-166
-164
-164
-137
-141
-34
-43
24
45
151
120
146
221
173
198
186
238
243
313
234
272
354
296
358
373
371
331
310
343
265
307
370
425
265
395
325
372
359
273
345
320
348
311
315
231
311
262
294
311
404
372
348
360
308
332
239
309
281
335
397
281
353
349
399
430
398
434
428
418
431
432
468
441
388
375
347
328
329
290
310
304
266
262
313
275
258
273
229
193
264
247
278
206
212
235
145
226
144
123
91
93
57
27
64
19
63
-7
15
-12
-20
-71
-32
-99
-74
-137
-131
-149
-253
-198
-282
-167
-266
-194
-302
-272
-208
-332
-167
-263
-230
-334
-271
-374
-273
-425
-397
-433
-426
-408
-518
-381
-523
-482
-524
-578
-594
-584
-578
-605
-617
-651
-679
-576
-581
-494
-605
-560
-558
-461
-448
-479
-494
-431
-426
-468
-315
-393
-355
-416
-436
-428
-404
-357
-267
-231
-219
-111
-56
-80
-60
-48
-126
-14
-61
-53
47
22
128
74
143
83
145
111
158
229
232
225
214
334
225
322
351
377
389
437
472
507
539
462
417
398
333
298
300
344
276
229
203
177
207
78
143
116
152
214
237
242
278
290
275
311
328
333
269
221
339
299
209
150
146
137
140
161
115
180
139
183
254
216
269
267
265
282
217
217
267
212
195
204
186
215
77
118
125
106
92
86
80
101
67
82
88
90
62
62
138
74
101
70
104
101
60
3
120
74
148
176
123
152
208
92
47
49
55
63
-18
1
-46
29
-40
-50
-47
-58
-112
-59
-175
-74
-90
-156
-150
-152
-171
-210
-233
-256
-334
-348
-367
-359
-395
-461
-413
-479
-448
-492
-472
-489
-468
-478
-391
-460
-404
-412
-392
-322
-336
-279
-238
-190
-203
-207
-255
-190
-202
-241
-216
-248
-212
-229
-217
-246
-184
-201
-193
-256
-176
-172
-110
-88
-197
-155
-189
-115
-187
-188
-217
-169
-190
-188
-184
-161
-79
-144
-63
-25
-28
41
4
40
124
108
46
136
128
41
115
28
58
36
33
95
12
101
59
164
120
123
177
159
195
241
161
123
156
85
147
137
217
140
207
214
224
197
288
269
228
232
337
307
241
304
260
278
323
252
353
309
288
329
340
325
269
369
340
340
336
391
328
340
275
384
385
390
404
361
371
352
346
353
295
272
178
260
262
231
244
125
277
194
250
150
259
255
207
206
125
179
128
167
121
111
98
49
66
136
70
66
-18
-3
-67
-79
-112
-177
-179
-252
-227
-281
-296
-292
-301
-295
-325
-358
-326
-393
-324
-334
-324
-425
-394
-297
-399
-323
-339
-339
-360
-348
-376
-477
-391
-460
-415
-499
-489
-465
-479
-504
-461
-399
-531
-437
-459
-414
-461
-392
-394
-410
-400
-422
-422
-452
-366
-452
-463
-442
-413
-386
-379
-331
-365
-240
-233
-164
-140
-128
-118
-110
-132
-42
-47
-168
5
-95
-30
-110
-100
-134
-136
-133
-146
-68
-135
-106
-66
23
-68
-30
19
-17
-74
-2
63
135
119
193
204
270
233
259
296
337
377
310
394
465
448
478
461
480
474
438
489
441
483
510
517
584
487
494
530
480
437
464
471
459
454
524
538
478
543
440
514
470
483
537
508
567
506
540
544
558
542
458
510
401
489
449
403
432
278
326
416
388
314
331
281
301
321
246
320
220
199
186
159
131
-14
-41
-35
12
-63
-88
-67
-106
-23
-90
-105
-126
-203
-213
-244
-174
-302
-240
-316
-374
-397
-512
-401
-530
-547
-602
-567
-603
-611
-661
-707
-647
-652
-659
-738
-655
-665
-607
-650
-638
-675
-705
-666
-686
-636
-732
-671
-693
-685
-644
-571
-605
-516
-475
-484
-456
-467
-433
-509
-523
-496
-479
-501
-471
-380
-421
-337
-319
-256
-179
-328
-204
-309
-252
-312
-200
-204
-236
-149
-132
-51
-35
19
-51
36
35
146
169
213
167
216
222
205
293
278
289
343
339
292
434
340
332
313
265
277
273
288
295
314
249
333
339
367
396
446
535
529
586
549
604
566
603
590
611
619
593
565
660
556
524
575
497
504
511
513
508
500
498
615
558
553
555
512
529
412
406
441
350
375
311
418
356
375
373
340
354
331
344
291
338
336
331
333
343
268
315
251
192
193
130
139
36
14
-16
33
-45
-87
-79
-113
-144
-164
-213
-242
-234
-290
-230
-355
-378
-338
-312
-367
-361
-335
-476
-457
-514
-512
-520
-527
-531
-563
-563
-634
-562
-551
-565
-525
-620
-621
-642
-629
-700
-699
-643
-641
-718
-765
-667
-695
-626
-562
-567
-645
-479
-472
-511
-388
-499
-502
-475
-447
-444
-376
-460
-340
-335
-322
-293
-290
-225
-259
-222
-233
-138
-142
-176
-192
-118
-10
-117
-67
1
-76
-3
-28
16
-27
77
20
61
105
44
210
124
149
250
246
278
300
282
280
256
285
304
305
235
370
413
330
428
404
416
338
430
387
431
440
515
554
459
529
552
495
464
457
425
460
503
442
452
480
420
446
392
455
434
402
389
427
502
399
469
398
429
502
446
533
514
495
487
456
327
338
299
243
240
346
334
352
384
417
467
369
441
328
238
137
99
94
89
50
-42
-37
-108
-74
-155
-194
-269
-211
-308
-184
-195
-225
-88
-125
-101
-125
-200
-294
-218
-278
-297
-343
-346
-404
-369
-427
-389
-399
-492
-411
-438
-318
-444
-477
-419
-451
-502
-446
-448
-515
-475
-472
-474
-480
-503
-560
-532
-482
-593
-483
-532
-466
-459
-524
-478
-507
-449
-519
-361
-401
-445
-467
-464
-336
-383
-407
-382
-267
-430
-351
-315
-341
-267
-323
-232
-283
-236
-223
-231
-161
-212
-190
-139
-116
-112
-95
-124
-41
14
-56
-28
-50
0
21
92
45
98
83
46
177
188
179
237
179
273
267
272
275
189
235
228
212
202
293
315
319
367
330
431
361
314
430
441
450
391
479
452
470
437
413
456
387
447
485
403
424
415
367
394
405
375
351
342
384
369
339
412
376
326
303
374
356
320
369
366
390
376
349
352
270
255
267
254
245
293
302
322
323
305
262
273
162
211
182
186
189
114
170
89
117
72
134
47
-34
40
-39
-11
-80
-84
-145
-175
-78
-122
-93
-102
-145
-154
-141
-129
-180
-206
-179
-154
-104
-189
-138
-235
-248
-289
-292
-341
-408
-501
-427
-448
-478
-511
-596
-583
-584
-644
-627
-604
-553
-518
-540
-527
-474
-410
-537
-418
-469
-492
-522
-573
-524
-623
-534
-540
-391
-452
-305
-236
-313
-130
-157
-132
-128
-131
-133
-230
-140
-299
-259
-280
-386
-299
-334
-329
-316
-162
-220
-153
-35
-88
9
-12
66
5
124
43
54
53
29
92
-30
9
60
114
70
218
169
176
281
186
243
326
215
294
312
420
413
404
376
415
387
374
392
346
444
382
511
421
485
560
485
527
526
592
544
493
550
578
476
476
471
400
423
359
427
324
376
413
330
349
285
405
304
346
347
367
309
290
338
133
239
