4.79212
0.106874
-2.70257
-0.219551
3.15137
2.96314
1.2149
0.72917
0.443404
-0.385801
-0.332689
-0.136025
4.83445
0.0803051
-2.42566
-0.59894
3.16586
3.25213
1.11537
0.535783
0.550252
-0.343043
-0.383425
-0.110816
4.63001
0.274153
-2.44929
-0.523416
3.11536
3.17839
1.18534
0.591102
0.469178
-0.405923
-0.303876
-0.133294
4.65566
0.262183
-2.3177
-0.70535
3.14696
3.28318
1.18579
0.471533
0.459816
-0.265158
-0.377948
-0.120822
5.08634
-0.505187
-1.61888
-1.27924
3.50766
3.1034
1.18759
0.520413
0.540147
-0.329549
-0.41227
-0.0942821
