4.19651
-0.391165
-2.02896
1.93806
5.20038
3.36025
0.419755
0.172569
0.734989
0.478208
0.152717
-0.0241234
4.24422
-0.974621
-1.5943
2.03923
5.062
3.35073
0.674423
0.163185
0.541446
0.577267
0.144236
-0.0313297
4.1399
-1.03635
-1.36061
2.01513
4.77251
3.65293
0.733103
-0.131978
0.671162
0.639291
0.0855488
-0.0249242
4.27115
-1.45315
-0.714516
1.29037
5.21913
3.4709
0.663641
0.075026
0.676503
0.557447
0.150308
-0.0409007
4.4265
-1.88307
-0.276689
1.25556
4.8161
3.90607
0.568518
-0.0546452
0.684561
0.746597
-0.0661592
0.0333701
