3.36145
3.24433
2.62149
2.79546
2.86389
0.935564
0.91667
0.226985
0.305323
-0.412667
0.12566
-0.0390334
3.26403
3.12087
2.73927
2.70305
2.54229
1.61739
0.66709
0.418111
0.0815738
-0.201155
-0.00649028
-0.0307001
3.2168
3.07418
2.7901
2.6458
2.59972
1.51408
0.755156
0.336383
0.156049
-0.152221
-0.0200635
-0.0392506
3.4087
2.97829
2.78252
2.76629
2.93248
0.907825
0.956837
0.345123
-0.0492497
-0.235073
0.212902
-0.0775516
3.33192
3.08166
2.65309
2.93027
2.64146
1.28123
0.846881
0.166239
0.268485
-0.326132
0.0554
-0.0318137
