4.30847
3.52077
2.94103
2.90931
2.42995
0.979594
-0.325044
-0.570581
-0.374698
-0.335047
-0.0414475
-0.068065
4.12897
3.60038
2.95353
2.82075
2.42184
1.0976
-0.213258
-0.584596
-0.411089
-0.338176
-0.0705109
-0.057691
4.1569
3.65743
2.92039
2.73228
2.40857
1.18849
-0.179667
-0.668629
-0.480067
-0.273376
-0.0273489
-0.0681219
4.47299
3.262
3.06517
3.0029
2.38912
0.90822
-0.332275
-0.572022
-0.347942
-0.290484
-0.0435196
-0.0684744
4.1445
3.37019
3.25753
2.95326
2.20969
1.00352
-0.0948788
-0.557756
-0.498959
-0.312418
-0.0133397
-0.0714476
