0
12
28
40
41
31
17
7
6
13
29
53
73
80
71
53
39
29
23
22
28
30
19
-5
-26
-27
-15
-3
6
20
36
45
44
38
37
43
44
35
13
-14
-34
-44
-43
-40
-45
-52
-51
-37
-17
-5
-3
-3
1
7
7
-3
-13
-19
-16
-7
3
5
0
-10
-14
-8
-1
4
5
3
-7
-23
-36
-37
-28
-15
-4
9
23
30
27
16
12
15
21
25
26
20
10
-6
-20
-25
-16
2
22
41
56
68
73
68
51
29
12
8
14
23
31
33
31
23
13
4
-1
-2
-4
-14
-27
-30
-14
18
44
52
42
24
3
-18
-33
-32
-19
-5
4
6
7
5
0
-9
-13
-10
-4
-2
0
7
11
7
0
1
13
30
32
14
-14
-36
-43
-33
-14
6
23
27
18
-4
-30
-48
-53
-41
-20
1
10
3
-15
-32
-41
-38
-32
-28
-36
-53
-77
-98
-103
-86
-55
-18
14
37
47
47
39
34
39
43
38
20
1
-12
-17
-19
-14
4
28
45
53
56
62
63
53
39
32
39
52
60
60
61
65
63
55
40
24
12
0
-8
-12
-10
-1
12
22
24
13
-5
-22
-28
-23
-14
-5
6
20
34
39
32
12
-14
-38
-57
-68
-72
-69
-62
-50
-37
-28
-20
-12
-6
-7
-16
-23
-18
-1
20
34
35
23
3
-17
-29
-31
-22
-7
4
9
14
23
35
40
32
21
13
13
10
1
-5
1
17
33
42
45
44
38
31
28
32
39
39
27
7
-13
-27
-27
-12
11
35
53
64
65
53
32
13
10
20
35
39
30
11
-8
-25
-32
-31
-26
-25
-30
-33
-23
2
30
47
53
51
40
12
-28
-64
-85
-89
-80
-58
-24
12
32
31
17
5
-6
-21
-38
-45
-35
-14
3
12
12
5
-8
-23
-38
-50
-57
-49
-21
22
58
71
66
53
34
1
-48
-99
-128
-123
-93
-58
-29
-5
14
18
5
-14
-19
-8
12
28
33
29
20
15
26
59
103
133
129
94
47
9
-14
-27
-35
-46
-55
-58
-46
-15
31
81
109
99
55
0
-35
-39
-27
-13
0
20
49
74
79
66
48
35
23
7
-15
-45
-79
-112
-126
-103
-46
23
76
101
104
84
49
2
-43
-71
-79
-72
-52
-25
1
21
33
39
45
52
55
54
43
27
12
6
10
15
15
9
-5
-26
-50
-66
-62
-44
-23
-8
4
15
21
18
17
30
53
75
82
81
79
79
72
55
39
23
11
0
-9
-12
-3
18
42
56
55
35
9
-16
-33
-36
-25
-6
15
32
46
48
32
2
-20
-20
-15
-24
-53
-77
-80
-68
-52
-39
-26
-18
-23
-43
-67
-83
-87
-82
-65
-46
-35
-38
-46
-42
-15
29
73
106
120
115
90
55
12
-22
-35
-25
-1
14
12
4
0
3
-3
-23
-41
-41
-23
3
26
39
33
11
-24
-57
-75
-75
-65
-58
-57
-70
-91
-106
-108
-95
-79
-68
-56
-37
-17
-4
5
19
44
69
79
71
53
32
10
-12
-20
-12
4
15
16
13
23
48
82
103
103
93
81
72
54
20
-19
-50
-70
-78
-79
-69
-55
-46
-42
-38
-28
-10
14
40
56
57
47
32
16
1
-13
-18
-9
8
22
27
23
19
23
31
39
39
35
30
25
14
-1
-10
-8
3
21
39
55
63
59
43
21
-3
-29
-57
-87
-105
-103
-75
-33
0
8
0
-8
-13
-15
-19
-20
-16
-10
-7
-3
7
25
41
46
37
20
2
-7
0
12
13
0
-13
-10
9
32
54
74
87
84
63
37
17
3
-6
-9
-3
11
21
28
37
48
55
53
49
50
53
44
11
-36
-74
-85
-65
-30
10
43
57
46
23
4
2
9
20
35
58
78
84
78
67
52
31
6
-13
-20
-27
-41
-53
-51
-37
-28
-28
-27
-15
3
19
26
25
11
-7
-24
-37
-50
-65
-70
-57
-30
-6
-1
-11
-22
-27
-18
-1
17
26
21
5
-12
-21
-20
-11
3
18
33
44
53
57
55
53
49
41
29
12
-7
-21
-23
-15
0
10
10
4
-7
-25
-57
-92
-114
-112
-96
-78
-64
-45
-20
1
8
3
4
19
47
72
91
105
112
105
79
43
16
7
10
14
19
28
40
50
49
38
23
13
9
9
16
23
29
27
20
14
8
1
-10
-25
-37
-41
-33
-18
-7
-8
-25
-50
-72
-82
-74
-48
-10
29
57
66
60
41
11
-24
-52
-70
-79
-83
-80
-63
-35
-12
1
9
20
34
42
39
27
11
-5
-19
-29
-31
-27
-23
-21
-17
-9
2
13
20
19
13
8
4
-2
-12
-17
-8
8
18
13
2
-5
-3
6
19
30
34
24
8
-7
-13
-9
0
10
12
5
-8
-17
-22
-25
-24
-21
-13
0
11
17
13
1
-13
-18
-11
-2
-1
-12
-25
-28
-25
-19
-14
-11
-8
-8
-10
-9
-7
-1
2
0
-6
-13
-20
-26
-30
-27
-15
-1
8
10
12
20
30
37
39
41
49
63
73
71
57
40
30
30
30
28
20
12
7
1
-4
-6
0
10
18
22
24
25
25
14
-2
-18
-20
-9
7
28
49
63
56
29
-3
-23
-27
-28
-37
-49
-54
-48
-34
-18
1
17
26
30
33
38
36
15
-19
-53
-71
-68
-52
-33
-17
-3
15
33
49
56
53
44
29
10
-7
-17
-14
-7
-10
-28
-46
-47
-25
9
39
57
62
61
55
46
36
34
34
27
11
-8
-26
-52
-83
-106
-106
-81
-44
-7
25
51
61
52
31
3
-28
-62
-80
-72
-40
-4
15
10
-3
-10
-9
-9
-14
-14
0
24
44
50
48
47
53
52
35
10
-5
-4
2
-1
-9
-14
-10
-2
7
18
35
51
58
51
34
13
-4
-14
-13
-3
10
17
13
0
-11
-17
-18
-17
-7
10
29
42
43
40
33
22
8
-9
-24
-40
-58
-66
-52
-23
-3
-10
-40
-66
-72
-57
-33
-7
7
12
10
8
9
9
3
-6
-12
-12
-9
-6
-8
-14
-20
-16
-4
10
18
23
27
33
32
27
31
48
69
77
64
41
23
18
22
27
20
4
-15
-27
-31
-36
-48
-59
-54
-28
15
59
85
84
58
25
1
-13
-29
-53
-71
-67
-50
-36
-33
-35
-28
-17
-5
5
17
30
42
50
52
48
40
34
30
29
27
23
17
11
1
-9
-15
-18
-19
-22
-26
-27
-19
-2
22
45
64
83
95
97
88
73
60
49
33
11
-16
-42
-62
-72
-66
-48
-30
-27
-38
-56
-73
-80
-79
-69
-55
-40
-25
-4
23
51
66
66
64
61
56
46
36
35
49
74
100
124
139
137
115
82
43
10
-17
-36
-47
-58
-73
-96
-121
-135
-132
-118
-108
-112
-133
-153
-165
-169
-170
-172
-175
-172
-158
-132
-104
-83
-80
-93
-107
-115
-115
-109
-94
-67
-29
17
78
157
245
330
409
483
553
599
604
561
492
423
367
312
234
130
26
-41
-65
-68
-83
-112
-129
-114
-71
-31
-23
-49
-98
-149
-189
-217
-248
-293
-347
-381
-373
-327
-274
-239
-214
-177
-116
-49
14
73
131
174
194
193
183
165
130
95
90
129
184
215
218
214
218
220
207
176
132
78
22
-28
-62
-94
-140
-192
-230
-239
-234
-239
-259
-277
-281
-263
-227
-182
-137
-111
-106
-116
-121
-114
-101
-92
-90
-87
-73
-46
-19
7
38
85
141
188
217
241
271
304
333
352
357
336
288
224
170
136
109
79
52
39
34
16
-35
-107
-168
-194
-188
-176
-181
-206
-237
-270
-306
-345
-368
-361
-323
-275
-226
-179
-128
-77
-34
-6
10
18
27
42
61
71
66
48
26
11
9
21
45
78
114
145
173
196
216
237
266
300
337
367
395
428
455
462
433
385
347
331
314
264
179
85
12
-39
-71
-83
-73
-59
-71
-123
-195
-254
-294
-327
-365
-407
-432
-431
-399
-348
-294
-255
-231
-206
-171
-123
-74
-33
0
32
69
98
101
76
38
8
-10
-22
-27
-9
37
86
116
130
148
177
196
194
184
181
179
147
79
-3
-71
-120
-157
-187
-197
-185
-156
-119
-74
-15
54
126
183
222
238
233
216
195
170
140
96
43
-10
-52
-80
-93
-92
-80
-65
-54
-58
-77
-117
-174
-236
-288
-326
-364
-418
-493
-577
-651
-704
-735
-747
-737
-702
-646
-576
-506
-446
-386
-318
-252
-211
-217
-263
-328
-392
-442
-481
-506
-493
-411
-262
-83
94
302
597
980
1387
1748
2055
2327
2545
2659
2658
2583
2467
2310
2118
1922
1748
1579
1389
1184
992
814
636
462
303
134
-90
-369
-650
-909
-1186
-1509
-1824
-2051
-2174
-2239
-2272
-2253
-2174
-2054
-1899
-1677
-1379
-1052
-755
-487
-229
2
153
210
205
185
162
134
111
112
149
233
365
529
699
862
1011
1125
1170
1142
1074
1004
924
800
623
411
167
-119
-434
-721
-912
-977
-929
-808
-652
-504
-375
-253
-123
1
99
178
255
318
319
225
61
-112
-246
-323
-334
-271
-143
2
116
177
207
235
268
283
251
154
-1
-204
-443
-698
-940
-1150
-1318
-1447
-1529
-1555
-1516
-1407
-1231
-1001
-755
-534
-366
-268
-271
-405
-661
-988
-1318
-1614
-1832
-1931
-1899
-1769
-1561
-1234
-728
-75
627
1329
2068
2852
3573
4099
4426
4641
4787
4821
4698
4444
4093
3650
3162
2729
2401
2098
1729
1352
1110
1008
880
592
201
-160
-485
-871
-1351
-1848
-2296
-2729
-3182
-3598
-3877
-3979
-3937
-3772
-3463
-3036
-2584
-2182
-1811
-1417
-1009
-678
-484
-396
-352
-332
-362
-439
-503
-480
-332
-78
249
632
1059
1499
1888
2177
2357
2442
2433
2314
2074
1717
1254
718
184
-257
-557
-705
-698
-522
-209
140
427
644
837
1018
1146
1175
1094
901
578
139
-340
-762
-1087
-1326
-1482
-1525
-1436
-1259
-1067
-894
-724
-526
-319
-156
-79
-99
-208
-412
-709
-1062
-1407
-1697
-1924
-2077
-2108
-1991
-1769
-1532
-1320
-1109
-885
-708
-664
-778
-995
-1262
-1580
-1958
-2353
-2663
-2802
-2724
-2413
-1866
-1083
-78
1106
2388
3633
4715
5587
6295
6875
7262
7335
7058
6529
5857
5059
4131
3164
2331
1726
1296
944
647
453
379
373
337
192
-90
-481
-940
-1462
-2082
-2786
-3476
-4034
-4400
-4597
-4646
-4541
-4252
-3758
-3078
-2305
-1577
-986
-510
-79
289
481
425
196
-58
-257
-410
-530
-583
-508
-271
119
602
1097
1555
1987
2395
2710
2825
2698
2370
1887
1264
543
-165
-769
-1259
-1649
-1875
-1861
-1628
-1276
-862
-363
191
661
946
1087
1165
1139
906
491
50
-318
-659
-1023
-1329
-1471
-1453
-1350
-1159
-827
-380
51
368
582
706
702
543
282
-22
-376
-790
-1206
-1554
-1834
-2074
-2215
-2179
-2004
-1813
-1628
-1364
-1031
-819
-892
-1185
-1513
-1836
-2242
-2730
-3132
-3309
-3277
-3085
-2680
-1960
-926
327
1696
3115
4519
5845
7033
7968
8465
8423
7962
7316
6568
5611
4399
3131
2078
1323
794
458
349
412
507
567
644
707
557
43
-727
-1517
-2254
-3036
-3893
-4682
-5261
-5636
-5851
-5863
-5588
-5033
-4271
-3354
-2331
-1320
-482
118
543
867
1092
1155
1023
734
410
203
170
242
328
467
778
1269
1800
2261
2673
3048
3243
3114
2732
2303
1905
1414
738
-10
-655
-1155
-1571
-1896
-2035
-1927
-1620
-1199
-729
-264
115
340
402
351
249
122
-67
-352
-703
-1018
-1224
-1320
-1331
-1246
-1032
-688
-231
310
872
1326
1552
1544
1382
1106
693
148
-449
-1022
-1560
-2068
-2509
-2837
-3056
-3193
-3237
-3172
-3035
-2900
-2808
-2749
-2711
-2713
-2753
-2797
-2824
-2824
-2748
-2498
-2008
-1292
-394
689
1988
3459
4956
6315
7430
8265
8808
9048
8980
8613
7978
7112
6057
4882
3703
2664
1854
1257
797
437
209
140
172
167
-10
-405
-962
-1582
-2214
-2872
-3572
-4258
-4848
-5298
-5608
-5747
-5639
-5267
-4718
-4091
-3392
-2590
-1732
-934
-272
265
693
978
1092
1078
1000
898
814
817
935
1084
1166
1222
1387
1699
2017
2206
2280
2333
2340
2172
1754
1155
498
-154
-759
-1253
-1584
-1756
-1811
-1765
-1616
-1392
-1157
-942
-712
-426
-98
204
411
488
444
323
179
23
-158
-353
-495
-516
-409
-231
-19
232
510
757
913
962
922
771
467
24
-478
-974
-1483
-2029
-2571
-3011
-3301
-3459
-3496
-3398
-3186
-2963
-2810
-2731
-2698
-2737
-2892
-3104
-3244
-3234
-3088
-2791
-2250
-1399
-300
918
2209
3599
5077
6539
7869
8955
9672
9938
9787
9333
8639
7694
6534
5289
4076
2906
1809
929
399
143
-27
-175
-210
-125
-108
-333
-756
-1229
-1734
-2363
-3123
-3894
-4582
-5190
-5707
-6030
-6079
-5893
-5546
-5027
-4297
-3412
-2513
-1696
-962
-301
264
690
970
1111
1139
1114
1115
1172
1260
1369
1539
1786
2045
2229
2330
2404
2463
2464
2374
2211
1968
1567
950
194
-537
-1133
-1579
-1880
-1996
-1889
-1588
-1164
-686
-210
193
457
574
585
537
438
279
30
-331
-779
-1206
-1472
-1500
-1349
-1134
-923
-691
-369
59
508
824
907
786
560
260
-173
-761
-1410
-1986
-2434
-2763
-2970
-3033
-2998
-2959
-2959
-2956
-2909
-2852
-2833
-2846
-2864
-2917
-3039
-3167
-3142
-2858
-2314
-1536
-472
923
2549
4193
5715
7144
8528
9723
10462
10592
10217
9555
8714
7655
6359
4931
3546
2316
1271
419
-191
-509
-561
-460
-323
-186
-31
118
112
-215
-898
-1802
-2764
-3705
-4593
-5364
-5943
-6321
-6524
-6520
-6214
-5591
-4788
-3960
-3114
-2169
-1134
-159
635
1250
1732
2057
2176
2143
2093
2093
2089
2029
1955
1944
1997
2070
2149
2243
2279
2145
1839
1507
1259
1015
617
62
-500
-971
-1387
-1759
-1961
-1881
-1575
-1198
-785
-270
310
763
968
999
968
842
528
89
-286
-516
-705
-949
-1178
-1237
-1070
-736
-308
166
626
987
1177
1181
1047
838
575
196
-353
-1001
-1575
-1992
-2352
-2759
-3150
-3383
-3467
-3557
-3702
-3791
-3768
-3763
-3895
-4071
-4105
-3977
-3800
-3565
-3076
-2201
-1029
270
1656
3181
4825
6457
7930
9126
9917
10211
10039
9538
8817
7897
6788
5542
4244
2967
1806
880
229
-212
-521
-686
-669
-528
-400
-371
-433
-608
-998
-1676
-2541
-3392
-4103
-4690
-5196
-5569
-5719
-5629
-5358
-4963
-4435
-3755
-2941
-2054
-1167
-350
350
919
1376
1738
1985
2076
2043
1989
2011
2097
2182
2244
2332
2462
2558
2534
2400
2233
2059
1823
1481
1066
642
219
-209
-612
-943
-1210
-1444
-1624
-1661
-1494
-1176
-814
-483
-205
-5
89
78
3
-112
-285
-528
-788
-976
-1029
-965
-845
-714
-566
-363
-79
262
601
872
1020
1016
855
564
171
-327
-955
-1682
-2399
-2984
-3399
-3685
-3897
-4043
-4121
-4157
-4197
-4259
-4320
-4319
-4211
-3979
-3607
-3065
-2335
-1457
-478
637
1961
3436
4828
5968
6968
8054
9176
9971
10166
9882
9419
8869
8090
7002
5728
4459
3301
2318
1574
1061
676
368
204
221
272
147
-193
-601
-982
-1413
-2042
-2907
-3893
-4823
-5551
-6018
-6265
-6353
-6259
-5908
-5295
-4523
-3708
-2869
-1990
-1111
-330
305
813
1228
1541
1727
1799
1809
1835
1920
2049
2180
2302
2441
2584
2663
2623
2494
2343
2170
1909
1512
1009
468
-73
-603
-1116
-1583
-1958
-2189
-2278
-2278
-2243
-2160
-1984
-1702
-1362
-1027
-746
-560
-486
-481
-477
-470
-526
-648
-723
-628
-383
-125
75
279
565
895
1168
1328
1401
1398
1282
1007
581
72
-453
-973
-1492
-1984
-2380
-2645
-2833
-3040
-3277
-3476
-3595
-3683
-3779
-3820
-3693
-3364
-2881
-2261
-1467
-483
641
1880
3274
4824
6362
7644
8526
9056
9313
9289
8960
8398
7725
6942
5941
4705
3432
2360
1543
868
277
-153
-361
-442
-547
-723
-927
-1158
-1484
-1943
-2496
-3084
-3671
-4207
-4628
-4918
-5118
-5230
-5181
-4926
-4535
-4116
-3666
-3117
-2474
-1835
-1246
-658
-33
551
1006
1358
1695
2033
2316
2522
2709
2930
3174
3392
3556
3662
3696
3637
3459
3142
2673
2100
1507
963
468
-14
-495
-961
-1410
-1827
-2174
-2384
-2428
-2345
-2217
-2100
-1995
-1856
-1656
-1422
-1217
-1075
-985
-940
-958
-1010
-1008
-889
-704
-547
-409
-191
148
511
792
994
1174
1331
1380
1260
970
556
77
-410
-891
-1386
-1891
-2337
-2662
-2914
-3191
-3494
-3738
-3911
-4109
-4377
-4568
-4483
-4098
-3566
-2965
-2172
-1035
387
1838
3122
4303
5600
7085
8522
9529
9900
9743
9293
8650
7755
6584
5273
4017
2934
2045
1340
776
305
-63
-232
-117
182
424
417
153
-300
-893
-1600
-2357
-3118
-3899
-4694
-5364
-5717
-5740
-5616
-5475
-5209
-4634
-3779
-2882
-2115
-1432
-724
-23
540
922
1207
1467
1677
1824
1977
2227
2559
2870
3093
3264
3435
3577
3609
3490
3264
2971
2566
1968
1188
362
-371
-978
-1508
-1991
-2406
-2717
-2892
-2886
-2680
-2335
-1965
-1627
-1294
-971
-765
-783
-979
-1185
-1283
-1305
-1352
-1445
-1512
-1459
-1251
-913
-470
53
610
1111
1482
1728
1907
2010
1925
1565
1004
403
-159
-735
-1343
-1877
-2226
-2438
-2656
-2929
-3157
-3241
-3223
-3219
-3277
-3347
-3367
-3317
-3186
-2921
-2449
-1740
-795
377
1766
3321
4936
6474
7829
8926
9708
10120
10147
9815
9175
8257
7091
5743
4336
3017
1899
1028
385
-73
-366
-489
-459
-352
-270
-288
-454
-801
-1327
-1984
-2712
-3498
-4320
-5100
-5719
-6144
-6425
-6553
-6394
-5834
-4963
-3989
-3048
-2132
-1234
-436
190
671
1068
1361
1480
1466
1484
1666
1975
2273
2493
2695
2958
3285
3611
3854
3942
3823
3502
3058
2568
1999
1268
393
-455
-1114
-1585
-1989
-2359
-2569
-2496
-2200
-1871
-1633
-1441
-1186
-854
-577
-517
-704
-1017
-1308
-1546
-1780
-2011
-2133
-2038
-1722
-1252
-680
-36
621
1222
1742
2162
2389
2289
1840
1178
459
-269
-1012
-1741
-2380
-2885
-3248
-3468
-3552
-3550
-3513
-3444
-3329
-3187
-3044
-2871
-2603
-2257
-1915
-1574
-1086
-288
820
2126
3551
5077
6602
7926
8897
9551
9980
10124
9800
8967
7828
6615
5359
3987
2569
1331
415
-249
-745
-1010
-965
-735
-561
-535
-555
-592
-818
-1387
-2196
-3003
-3732
-4500
-5339
-6056
-6429
-6447
-6235
-5845
-5222
-4366
-3407
-2483
-1617
-770
26
672
1105
1360
1499
1566
1606
1699
1911
2233
2596
2971
3403
3915
4404
4682
4658
4416
4107
3757
3246
2481
1533
576
-278
-1030
-1683
-2166
-2411
-2461
-2416
-2305
-2089
-1796
-1581
-1560
-1676
-1797
-1900
-2083
-2387
-2716
-2956
-3090
-3159
-3138
-2920
-2453
-1805
-1108
-449
158
734
1244
1599
1749
1742
1652
1452
1056
477
-129
-636
-1077
-1536
-1963
-2231
-2336
-2421
-2578
-2755
-2882
-2997
-3132
-3202
-3104
-2855
-2526
-2054
-1275
-135
1248
2752
4348
5982
7468
8609
9374
9848
10028
9801
9116
8090
6898
5620
4257
2861
1593
618
-34
-450
-717
-797
-637
-321
-75
-51
-177
-314
-502
-939
-1714
-2678
-3619
-4482
-5280
-5924
-6258
-6260
-6068
-5742
-5176
-4281
-3205
-2206
-1378
-632
74
637
965
1131
1273
1412
1504
1594
1798
2141
2532
2917
3342
3824
4247
4471
4494
4412
4227
3825
3125
2197
1195
229
-670
-1474
-2124
-2538
-2671
-2551
-2276
-1943
-1590
-1225
-901
-702
-673
-774
-970
-1286
-1745
-2256
-2673
-2952
-3170
-3356
-3388
-3116
-2544
-1827
-1098
-388
298
896
1324
1542
1545
1321
890
352
-174
-644
-1109
-1593
-2013
-2265
-2344
-2344
-2341
-2348
-2371
-2447
-2581
-2685
-2659
-2504
-2291
-2008
-1517
-685
481
1869
3387
4987
6581
8003
9110
9874
10330
10464
10188
9467
8376
7032
5500
3856
2286
1013
98
-574
-1071
-1292
-1161
-835
-564
-402
-239
-124
-327
-965
-1788
-2475
-3048
-3777
-4706
-5527
-5954
-6027
-5936
-5706
-5213
-4433
-3517
-2631
-1811
-1029
-309
295
754
1071
1246
1288
1256
1266
1414
1714
2095
2478
2870
3337
3878
4347
4569
4519
4315
4007
3495
2683
1667
651
-262
-1100
-1845
-2370
-2594
-2609
-2544
-2379
-2010
-1499
-1092
-950
-971
-983
-1033
-1330
-1903
-2491
-2854
-3042
-3239
-3419
-3339
-2849
-2094
-1333
-690
-139
367
819
1184
1394
1382
1143
751
291
-207
-720
-1180
-1533
-1817
-2093
-2339
-2489
-2563
-2647
-2746
-2758
-2658
-2558
-2536
-2469
-2158
-1549
-727
268
1457
2778
4068
5277
6554
7973
9282
10055
10128
9724
9139
8398
7344
5955
4423
2957
1632
462
-491
-1153
-1533
-1674
-1571
-1220
-751
-410
-351
-522
-796
-1176
-1787
-2663
-3658
-4552
-5224
-5667
-5922
-6007
-5906
-5572
-4952
-4080
-3098
-2181
-1397
-701
-55
493
863
1056
1157
1246
1361
1516
1748
2086
2516
2987
3447
3863
4203
4413
4441
4274
3946
3499
2940
2264
1502
727
7
-625
-1153
-1543
-1781
-1895
-1912
-1802
-1524
-1166
-935
-975
-1216
-1491
-1748
-2088
-2575
-3089
-3434
-3547
-3509
-3387
-3137
-2687
-2079
-1434
-842
-311
180
586
814
806
603
292
-88
-548
-1076
-1585
-1991
-2289
-2527
-2699
-2756
-2712
-2655
-2632
-2577
-2420
-2222
-2075
-1923
-1579
-948
-120
776
1746
2871
4161
5544
6908
8121
9027
9543
9699
9544
9039
8160
7047
5905
4771
3537
2209
1012
142
-444
-877
-1169
-1261
-1223
-1183
-1153
-1077
-1032
-1199
-1632
-2199
-2795
-3471
-4234
-4900
-5276
-5376
-5337
-5161
-4721
-3998
-3141
-2301
-1506
-751
-105
335
541
572
545
581
703
792
724
595
694
1172
1875
2542
3111
3673
4221
4598
4692
4545
4219
3680
2909
2008
1135
333
-439
-1149
-1637
-1798
-1737
-1648
-1574
-1393
-1058
-765
-771
-1096
-1518
-1884
-2272
-2781
-3300
-3611
-3658
-3584
-3478
-3249
-2791
-2158
-1492
-860
-259
260
583
661
572
396
134
-246
-731
-1228
-1662
-2014
-2294
-2511
-2664
-2769
-2850
-2902
-2884
-2768
-2588
-2407
-2240
-2017
-1648
-1090
-338
636
1868
3329
4884
6359
7624
8630
9380
9873
10066
9896
9365
8547
7520
6292
4871
3380
2012
858
-125
-946
-1501
-1685
-1577
-1368
-1183
-1049
-1006
-1140
-1466
-1921
-2472
-3155
-3965
-4738
-5275
-5497
-5482
-5322
-5050
-4648
-4078
-3325
-2453
-1600
-869
-250
292
699
868
830
784
877
1054
1180
1268
1451
1810
2286
2802
3320
3775
4039
4042
3866
3643
3357
2862
2101
1226
450
-156
-655
-1079
-1351
-1379
-1206
-982
-829
-753
-692
-620
-598
-736
-1104
-1666
-2297
-2859
-3300
-3623
-3810
-3809
-3593
-3205
-2697
-2080
-1367
-643
-32
416
732
923
915
652
201
-318
-846
-1404
-2000
-2561
-2999
-3265
-3370
-3382
-3403
-3504
-3608
-3548
-3242
-2777
-2285
-1764
-1107
-256
765
1960
3375
4942
6415
7566
8399
9084
9658
9938
9753
9178
8436
7592
6505
5075
3468
2003
858
-16
-719
-1245
-1506
-1483
-1285
-1067
-958
-1008
-1213
-1546
-1986
-2528
-3169
-3889
-4639
-5328
-5826
-6036
-5960
-5673
-5209
-4518
-3576
-2514
-1541
-761
-111
483
977
1270
1366
1376
1391
1426
1481
1582
1756
1977
2218
2519
2933
3413
3812
4013
4018
3894
3639
3184
2501
1688
904
236
-330
-847
-1314
-1651
-1768
-1647
-1389
-1146
-1032
-1046
-1121
-1214
-1351
-1583
-1926
-2331
-2722
-3027
-3208
-3281
-3268
-3144
-2832
-2296
-1621
-952
-371
139
588
903
976
790
422
-42
-552
-1070
-1581
-2115
-2718
-3360
-3922
-4303
-4505
-4592
-4580
-4429
-4099
-3598
-2948
-2162
-1246
-210
938
2178
3482
4851
6298
7757
9016
9844
10177
10124
9785
9146
8214
7119
5976
4748
3376
1990
842
13
-649
-1232
-1579
-1554
-1320
-1215
-1357
-1585
-1755
-1934
-2257
-2729
-3293
-3932
-4612
-5182
-5479
-5513
-5430
-5256
-4859
-4144
-3242
-2381
-1660
-1012
-365
253
775
1185
1500
1718
1832
1894
2003
2212
2468
2694
2890
3140
3478
3814
4003
3982
3799
3526
3177
2705
2066
1280
438
-336
-950
-1382
-1667
-1831
-1864
-1757
-1544
-1308
-1143
-1121
-1260
-1519
-1828
-2154
-2522
-2951
-3360
-3602
-3608
-3452
-3226
-2909
-2399
-1702
-977
-371
106
515
839
987
940
785
597
363
34
-398
-916
-1522
-2192
-2833
-3359
-3789
-4186
-4526
-4680
-4564
-4221
-3738
-3108
-2256
-1163
111
1498
2993
4592
6226
7758
9049
9985
10493
10530
10107
9298
8227
7017
5720
4334
2902
1585
567
-129
-663
-1151
-1503
-1554
-1344
-1156
-1225
-1520
-1858
-2193
-2650
-3316
-4113
-4893
-5569
-6080
-6316
-6194
-5809
-5361
-4928
-4387
-3599
-2621
-1660
-859
-203
389
925
1329
1544
1603
1633
1769
2059
2442
2824
3170
3518
3908
4313
4659
4829
4739
4413
3983
3548
3066
2432
1672
944
351
-167
-681
-1127
-1399
-1511
-1584
-1668
-1731
-1794
-1960
-2270
-2610
-2855
-3027
-3241
-3521
-3757
-3836
-3760
-3591
-3339
-2934
-2340
-1637
-978
-449
-24
358
656
777
711
556
372
93
-360
-937
-1489
-1963
-2421
-2911
-3373
-3738
-4021
-4253
-4386
-4302
-3929
-3297
-2482
-1522
-363
1094
2827
4583
6028
7094
8072
9214
10295
10785
10462
9657
8815
7973
6863
5414
3893
2580
1516
618
-117
-659
-1061
-1367
-1518
-1466
-1369
-1491
-1914
-2485
-3067
-3694
-4429
-5182
-5801
-6214
-6419
-6381
-6075
-5582
-5002
-4307
-3408
-2390
-1510
-907
-458
7
446
705
799
910
1148
1440
1702
2004
2461
3072
3723
4324
4846
5251
5462
5428
5180
4781
4257
3588
2769
1864
1006
295
-273
-779
-1239
-1571
-1694
-1656
-1590
-1583
-1649
-1807
-2112
-2548
-2987
-3305
-3511
-3707
-3918
-4046
-3976
-3702
-3304
-2859
-2380
-1842
-1256
-696
-266
-2
161
313
462
519
407
128
-265
-736
-1250
-1753
-2191
-2582
-2974
-3365
-3685
-3878
-3948
-3885
-3621
-3106
-2371
-1442
-227
1366
3163
4765
5956
6968
8142
9400
10238
10301
9757
9020
8251
7329
6183
4958
3812
2767
1822
1047
475
24
-397
-733
-896
-960
-1128
-1506
-2037
-2643
-3314
-4023
-4687
-5259
-5763
-6166
-6313
-6097
-5647
-5205
-4817
-4279
-3457
-2527
-1800
-1370
-1038
-611
-132
205
326
358
468
698
1012
1425
1983
2652
3306
3869
4380
4866
5231
5333
5159
4819
4396
3855
3159
2363
1595
924
354
-101
-399
-537
-605
-695
-796
-838
-842
-975
-1378
-1969
-2503
-2840
-3089
-3436
-3875
-4202
-4254
-4063
-3767
-3432
-3035
-2549
-1985
-1376
-753
-189
212
373
295
60
-229
-523
-842
-1246
-1723
-2172
-2505
-2769
-3083
-3478
-3823
-3947
-3798
-3457
-3010
-2437
-1631
-515
831
2231
3585
4964
6429
7822
8842
9354
9504
9460
9173
8519
7567
6533
5510
4415
3258
2250
1565
1100
638
139
-248
-460
-646
-976
-1465
-2020
-2604
-3259
-4009
-4818
-5605
-6284
-6760
-6944
-6791
-6339
-5693
-4956
-4157
-3253
-2239
-1251
-476
33
414
796
1125
1245
1123
905
760
752
887
1192
1666
2239
2822
3409
4033
4639
5068
5190
5017
4653
4159
3515
2735
1938
1282
814
441
41
-396
-775
-1017
-1138
-1192
-1227
-1301
-1512
-1908
-2392
-2805
-3098
-3373
-3680
-3899
-3879
-3653
-3406
-3199
-2888
-2360
-1729
-1220
-884
-580
-237
19
63
-31
-113
-192
-413
-820
-1263
-1610
-1929
-2372
-2934
-3438
-3744
-3837
-3738
-3423
-2878
-2150
-1279
-215
1110
2664
4319
5921
7336
8453
9207
9598
9633
9285
8555
7578
6546
5529
4440
3261
2191
1458
1030
668
247
-81
-160
-107
-222
-633
-1187
-1711
-2227
-2848
-3579
-4322
-5033
-5745
-6395
-6788
-6784
-6475
-6062
-5590
-4907
-3902
-2729
-1701
-973
-430
98
573
817
799
732
804
946
1002
1030
1274
1798
2362
2746
3044
3454
3926
4201
4198
4106
4047
3873
3409
2744
2119
1600
1094
598
255
106
-10
-245
-543
-768
-928
-1162
-1557
-2039
-2488
-2852
-3167
-3489
-3825
-4095
-4169
-3991
-3634
-3220
-2792
-2324
-1825
-1364
-1010
-760
-561
-368
-180
-52
-44
-169
-401
-720
-1140
-1629
-2083
-2412
-2649
-2876
-3070
-3101
-2883
-2443
-1811
-960
108
1317
2611
4016
5507
6891
7975
8772
9398
9768
9600
8817
7751
6793
5944
4903
3570
2246
1287
717
282
-181
-599
-830
-858
-810
-857
-1114
-1613
-2284
-3016
-3709
-4335
-4920
-5504
-6075
-6517
-6645
-6358
-5758
-5061
-4371
-3609
-2686
-1705
-878
-302
124
509
816
926
824
641
522
524
649
888
1239
1665
2111
2542
2946
3303
3573
3697
3644
3435
3122
2744
2289
1735
1102
468
-80
-477
-678
-676
-541
-402
-351
-388
-481
-646
-926
-1293
-1673
-2064
-2527
-3041
-3442
-3593
-3531
-3393
-3195
-2821
-2212
-1483
-806
-262
186
567
851
961
837
504
78
-342
-771
-1298
-1924
-2517
-2957
-3246
-3455
-3569
-3496
-3157
-2555
-1749
-797
267
1457
2781
4156
5423
6493
7433
8306
8999
9282
9059
8459
7660
6731
5664
4479
3251
2073
1092
419
10
-315
-634
-803
-706
-523
-567
-901
-1305
-1666
-2167
-2989
-4000
-4903
-5593
-6160
-6600
-6742
-6485
-5960
-5344
-4643
-3753
-2698
-1679
-884
-326
95
443
674
717
596
438
374
458
668
971
1358
1803
2261
2685
3062
3383
3610
3696
3632
3464
3238
2951
2555
2031
1442
893
452
114
-142
-317
-423
-524
-681
-881
-1073
-1276
-1578
-2001
-2422
-2700
-2838
-2967
-3137
-3233
-3115
-2815
-2472
-2170
-1855
-1466
-1049
-685
-390
-130
71
144
87
-5
-93
-294
-724
-1310
-1843
-2225
-2571
-3010
-3476
-3767
-3747
-3427
-2848
-2018
-958
262
1591
3056
4662
6265
7623
8594
9210
9550
9568
9157
8322
7255
6154
5035
3795
2458
1268
474
61
-224
-572
-935
-1130
-1096
-958
-921
-1138
-1651
-2382
-3175
-3912
-4601
-5318
-6050
-6617
-6800
-6539
-5991
-5390
-4805
-4102
-3141
-2017
-1037
-404
-23
324
652
788
685
572
668
918
1107
1216
1429
1851
2360
2785
3119
3432
3690
3763
3585
3233
2826
2430
2044
1628
1157
670
257
-35
-268
-517
-759
-921
-1020
-1162
-1394
-1648
-1856
-2034
-2211
-2355
-2446
-2542
-2690
-2813
-2796
-2656
-2531
-2463
-2311
-1936
-1409
-943
-661
-478
-273
-52
85
93
33
-39
-185
-519
-1052
-1662
-2239
-2796
-3367
-3844
-4008
-3771
-3237
-2532
-1607
-326
1315
3134
4871
6343
7494
8391
9157
9815
10178
9996
9235
8153
7042
5960
4777
3460
2181
1177
532
131
-214
-596
-963
-1208
-1319
-1423
-1665
-2073
-2588
-3169
-3828
-4530
-5183
-5723
-6170
-6505
-6583
-6269
-5633
-4913
-4252
-3563
-2709
-1742
-866
-200
317
757
1050
1083
895
680
586
603
675
842
1171
1624
2089
2534
3022
3547
3966
4148
4109
3940
3647
3174
2523
1774
996
216
-492
-1007
-1284
-1413
-1525
-1653
-1737
-1740
-1701
-1695
-1782
-1967
-2185
-2353
-2458
-2573
-2727
-2828
-2752
-2535
-2328
-2169
-1914
-1448
-886
-443
-175
33
251
387
351
184
-33
-328
-773
-1345
-1937
-2487
-3013
-3495
-3821
-3880
-3675
-3256
-2627
-1735
-548
863
2335
3713
4974
6211
7482
8655
9481
9810
9677
9174
8361
7340
6278
5258
4187
2995
1865
1069
600
152
-452
-1002
-1196
-1084
-1032
-1293
-1788
-2336
-2902
-3525
-4175
-4782
-5369
-5982
-6501
-6664
-6335
-5681
-4992
-4365
-3654
-2734
-1726
-892
-351
13
344
618
717
632
492
429
486
683
1046
1522
1975
2359
2797
3387
3977
4265
4157
3849
3538
3170
2574
1774
997
399
-85
-571
-1027
-1326
-1441
-1475
-1506
-1502
-1441
-1420
-1572
-1899
-2249
-2484
-2614
-2737
-2872
-2948
-2908
-2793
-2655
-2458
-2121
-1636
-1109
-644
-242
146
505
768
907
947
871
617
193
-296
-765
-1275
-1916
-2630
-3229
-3580
-3696
-3628
-3358
-2834
-2039
-1000
249
1648
3146
4698
6238
7604
8611
9218
9531
9589
9259
8462
7380
6280
5189
3933
2519
1272
498
136
-124
-436
-685
-723
-608
-557
-748
-1222
-1912
-2720
-3570
-4397
-5161
-5839
-6432
-6891
-7056
-6745
-5975
-5027
-4154
-3316
-2301
-1147
-199
303
515
752
1049
1183
1055
834
708
674
670
756
1034
1464
1918
2368
2888
3444
3822
3856
3614
3300
2986
2565
1944
1227
620
217
-80
-379
-662
-849
-953
-1096
-1331
-1568
-1722
-1843
-2055
-2369
-2690
-2961
-3210
-3438
-3552
-3487
-3295
-3037
-2687
-2190
-1598
-1035
-542
-72
374
696
826
813
761
688
546
280
-141
-715
-1376
-2006
-2535
-2986
-3371
-3597
-3541
-3193
-2631
-1861
-783
648
2325
4066
5719
7162
8288
9082
9637
9976
9923
9293
8200
7043
6086
5203
4112
2826
1692
989
607
226
-262
-658
-763
-679
-713
-1037
-1573
-2195
-2902
-3734
-4611
-5376
-5977
-6470
-6835
-6893
-6522
-5836
-5090
-4362
-3509
-2420
-1258
-330
224
553
862
1153
1265
1126
880
717
681
693
749
949
1337
1813
2284
2805
3442
4064
4415
4414
4228
4007
3645
2971
2044
1113
313
-445
-1231
-1923
-2362
-2562
-2658
-2708
-2655
-2460
-2195
-1953
-1811
-1842
-2095
-2512
-2925
-3196
-3324
-3396
-3440
-3391
-3157
-2698
-2082
-1446
-904
-466
-71
278
482
468
315
144
-48
-386
-926
-1570
-2196
-2766
-3248
-3511
-3406
-2976
-2433
-1870
-1097
119
1678
3203
4473
5670
7054
8523
9671
10257
10412
10324
9942
9153
8072
6951
5824
4519
3053
1784
1009
581
119
-474
-915
-996
-903
-993
-1362
-1855
-2372
-3001
-3800
-4611
-5224
-5653
-6068
-6481
-6654
-6393
-5819
-5206
-4606
-3813
-2722
-1580
-720
-191
235
706
1100
1237
1137
972
847
745
675
737
1019
1482
1994
2454
2852
3226
3562
3775
3781
3556
3127
2530
1821
1112
503
-25
-578
-1162
-1611
-1788
-1787
-1828
-1941
-1949
-1757
-1559
-1602
-1857
-2091
-2193
-2281
-2461
-2640
-2684
-2632
-2628
-2666
-2580
-2268
-1834
-1431
-1088
-749
-413
-139
71
282
496
587
429
42
-436
-899
-1357
-1852
-2357
-2769
-2983
-2940
-2609
-1972
-1047
107
1445
2963
4619
6227
7543
8488
9200
9786
10079
9798
8927
7828
6859
6030
5105
3973
2801
1841
1181
726
345
-3
-284
-473
-632
-871
-1267
-1817
-2494
-3293
-4174
-5041
-5839
-6603
-7324
-7780
-7668
-6962
-6003
-5133
-4326
-3335
-2109
-939
-130
304
569
809
1001
1076
1029
912
790
758
930
1340
1877
2360
2699
2989
3381
3870
4239
4262
3942
3493
3074
2624
2018
1289
607
56
-463
-1042
-1591
-1936
-2021
-1955
-1860
-1790
-1789
-1930
-2204
-2449
-2490
-2371
-2330
-2514
-2802
-2970
-2958
-2888
-2806
-2598
-2167
-1612
-1123
-751
-394
-5
339
556
663
675
499
62
-521
-1025
-1383
-1739
-2206
-2650
-2825
-2648
-2241
-1732
-1114
-309
713
1925
3274
4641
5875
6891
7742
8499
9095
9330
9060
8329
7349
6332
5349
4301
3091
1835
823
218
-131
-477
-828
-990
-933
-920
-1170
-1611
-2072
-2587
-3307
-4169
-4923
-5477
-5990
-6531
-6855
-6681
-6078
-5387
-4780
-4076
-3057
-1805
-665
95
527
884
1317
1724
1899
1814
1664
1623
1665
1708
1814
2099
2505
2825
2999
3194
3498
3731
3683
3416
3151
2916
2505
1825
1059
434
-48
-513
-988
-1385
-1674
-1925
-2180
-2378
-2469
-2507
-2602
-2799
-3043
-3255
-3398
-3502
-3600
-3666
-3613
-3390
-3049
-2675
-2273
-1786
-1223
-696
-305
-36
176
326
374
329
238
84
-190
-554
-897
-1183
-1528
-2008
-2498
-2793
-2820
-2649
-2324
-1797
-1021
16
1337
2923
4575
5987
7024
7865
8732
9540
9940
9698
8916
7888
6831
5768
4590
3223
1790
609
-75
-374
-629
-982
-1211
-1100
-825
-801
-1189
-1781
-2371
-2995
-3756
-4556
-5225
-5762
-6256
-6608
-6562
-6044
-5312
-4647
-4025
-3231
-2213
-1177
-324
337
883
1302
1520
1555
1526
1527
1557
1594
1690
1912
2236
2553
2802
3057
3411
3784
3940
3718
3224
2712
2281
1791
1098
302
-365
-794
-1087
-1372
-1642
-1830
-1945
-2038
-2107
-2127
-2146
-2267
-2504
-2743
-2890
-2974
-3066
-3149
-3151
-3058
-2921
-2762
-2530
-2190
-1781
-1356
-919
-484
-126
71
138
196
313
398
312
39
-290
-577
-868
-1284
-1829
-2352
-2688
-2804
-2748
-2511
-2020
-1252
-274
850
2118
3498
4844
6010
7017
7992
8907
9505
9539
9055
8322
7530
6625
5474
4097
2723
1614
875
396
-16
-446
-804
-972
-994
-1060
-1309
-1704
-2168
-2719
-3426
-4218
-4907
-5402
-5788
-6138
-6320
-6144
-5626
-4978
-4316
-3532
-2537
-1486
-646
-79
369
790
1075
1135
1082
1091
1157
1161
1132
1253
1582
1951
2205
2429
2781
3184
3377
3257
3023
2890
2793
2490
1893
1183
581
112
-359
-912
-1457
-1831
-1982
-2003
-2029
-2133
-2307
-2527
-2752
-2909
-2929
-2845
-2775
-2789
-2820
-2772
-2646
-2529
-2429
-2250
-1920
-1484
-1047
-667
-336
-50
187
372
501
530
399
110
-254
-601
-924
-1276
-1674
-2063
-2373
-2580
-2690
-2674
-2464
-2016
-1356
-544
409
1559
2938
4442
5837
6924
7704
8333
8860
9108
8866
8185
7339
6499
5546
4305
2901
1701
941
490
67
-423
-835
-1026
-1055
-1123
-1363
-1755
-2212
-2711
-3300
-3991
-4706
-5338
-5841
-6199
-6334
-6139
-5615
-4946
-4322
-3724
-2963
-1971
-943
-144
381
780
1134
1356
1378
1301
1269
1274
1225
1158
1246
1563
1980
2344
2656
2985
3294
3463
3455
3326
3107
2754
2264
1743
1275
813
276
-314
-826
-1187
-1441
-1653
-1826
-1934
-1990
-2037
-2090
-2142
-2195
-2285
-2428
-2576
-2639
-2560
-2378
-2174
-1971
-1705
-1335
-935
-638
-498
-447
-406
-361
-324
-287
-253
-272
-387
-564
-741
-928
-1182
-1504
-1824
-2130
-2472
-2826
-3027
-2926
-2555
-2057
-1452
-615
517
1829
3181
4561
6016
7442
8602
9333
9640
9579
9146
8367
7352
6209
4923
3477
2034
866
92
-436
-882
-1221
-1315
-1168
-982
-960
-1163
-1533
-2011
-2575
-3220
-3927
-4657
-5370
-6006
-6468
-6604
-6317
-5683
-4932
-4211
-3408
-2343
-1117
-88
526
883
1255
1651
1850
1778
1594
1450
1310
1144
1091
1320
1777
2248
2618
2945
3267
3486
3501
3349
3128
2842
2388
1722
952
229
-383
-908
-1352
-1653
-1760
-1716
-1624
-1549
-1488
-1433
-1428
-1521
-1721
-1998
-2320
-2639
-2877
-2970
-2935
-2846
-2722
-2496
-2103
-1592
-1097
-711
-410
-112
210
483
601
541
382
185
-76
-442
-860
-1222
-1504
-1800
-2169
-2537
-2805
-2975
-3099
-3123
-2915
-2427
-1734
-889
148
1384
2704
3995
5272
6578
7772
8609
8987
9000
8726
8118
7176
6072
4982
3872
2645
1416
466
-106
-507
-918
-1214
-1184
-920
-773
-938
-1264
-1562
-1899
-2454
-3213
-3966
-4603
-5190
-5750
-6091
-6028
-5630
-5135
-4623
-3933
-2941
-1785
-749
37
665
1250
1747
2017
2025
1875
1689
1501
1303
1138
1100
1215
1422
1659
1948
2331
2756
3093
3259
3284
3197
2928
2404
1730
1128
695
307
-164
-635
-927
-1038
-1144
-1317
-1407
-1300
-1143
-1169
-1387
-1602
-1742
-1951
-2341
-2775
-3030
-3053
-2943
-2752
-2432
-1982
-1498
-1054
-613
-114
405
805
977
926
766
610
475
261
-123
-645
-1171
-1624
-2039
-2487
-2963
-3397
-3709
-3829
-3694
-3292
-2665
-1840
-814
392
1703
3066
4485
5920
7194
8114
8671
8955
8956
8559
7787
6851
5887
4776
3398
1924
698
-124
-673
-1094
-1370
-1455
-1412
-1324
-1189
-1001
-897
-1067
-1548
-2173
-2771
-3333
-3957
-4669
-5334
-5735
-5751
-5435
-4954
-4414
-3782
-2992
-2096
-1250
-562
-13
440
780
970
1051
1093
1096
1010
868
820
987
1334
1720
2081
2444
2818
3109
3213
3141
2979
2764
2429
1909
1254
591
19
-432
-756
-943
-1008
-1019
-1036
-1041
-970
-820
-690
-683
-808
-979
-1127
-1283
-1517
-1850
-2219
-2523
-2682
-2657
-2458
-2141
-1779
-1417
-1036
-604
-143
253
507
623
649
594
394
17
-459
-882
-1175
-1404
-1673
-2006
-2355
-2684
-2977
-3169
-3160
-2926
-2531
-1995
-1241
-204
1054
2407
3768
5077
6253
7254
8130
8855
9202
8945
8207
7359
6550
5542
4151
2639
1449
680
71
-582
-1182
-1561
-1693
-1631
-1426
-1215
-1214
-1505
-1930
-2330
-2783
-3456
-4309
-5085
-5569
-5725
-5597
-5233
-4746
-4254
-3732
-3033
-2160
-1339
-765
-356
70
492
698
623
446
361
386
470
668
1042
1497
1841
2056
2339
2815
3323
3570
3485
3253
3042
2781
2305
1613
901
330
-91
-398
-554
-546
-500
-557
-692
-735
-620
-509
-596
-871
-1153
-1347
-1555
-1910
-2348
-2654
-2707
-2592
-2462
-2316
-2036
-1592
-1135
-794
-519
-170
254
569
651
565
453
321
65
-363
-873
-1337
-1696
-1955
-2149
-2330
-2542
-2742
-2803
-2645
-2327
-1980
-1627
-1148
-409
592
1736
2893
3994
5021
5959
6770
7419
7874
8074
7928
7402
6588
5665
4724
3723
2630
1601
858
419
49
-448
-961
-1223
-1169
-1034
-1077
-1320
-1625
-1927
-2292
-2783
-3362
-3937
-4448
-4849
-5068
-5059
-4869
-4619
-4358
-4002
-3448
-2713
-1935
-1230
-599
-35
385
550
479
330
259
291
406
634
1010
1473
1898
2233
2534
2839
3091
3218
3230
3164
2992
2654
2168
1657
1210
833
499
247
138
146
148
41
-157
-344
-465
-588
-832
-1229
-1678
-2055
-2349
-2638
-2958
-3218
-3295
-3157
-2885
-2567
-2234
-1878
-1501
-1103
-698
-340
-120
-70
-118
-158
-182
-292
-535
-825
-1022
-1086
-1109
-1206
-1402
-1660
-1939
-2203
-2409
-2508
-2469
-2293
-1981
-1525
-913
-142
781
1860
3093
4440
5767
6896
7700
8213
8529
8630
8355
7618
6596
5574
4624
3592
2411
1311
561
132
-222
-583
-774
-694
-548
-613
-885
-1154
-1369
-1724
-2350
-3090
-3721
-4238
-4786
-5349
-5693
-5666
-5377
-5013
-4563
-3886
-3004
-2164
-1585
-1203
-806
-340
18
117
25
-60
-39
49
186
426
796
1219
1608
1980
2402
2838
3157
3280
3268
3210
3095
2837
2410
1901
1427
1018
635
263
-61
-281
-407
-499
-602
-708
-802
-930
-1156
-1468
-1770
-1997
-2194
-2439
-2705
-2860
-2826
-2670
-2481
-2239
-1857
-1351
-878
-574
-404
-246
-48
128
215
199
81
-148
-462
-757
-937
-1041
-1203
-1503
-1875
-2208
-2477
-2739
-3010
-3202
-3219
-3063
-2796
-2423
-1846
-996
87
1310
2644
4077
5492
6684
7558
8205
8678
8831
8489
7743
6902
6114
5212
4048
2803
1812
1152
623
108
-249
-302
-160
-67
-136
-324
-597
-981
-1459
-1957
-2454
-3026
-3724
-4468
-5093
-5468
-5590
-5541
-5399
-5130
-4614
-3828
-2953
-2227
-1714
-1286
-837
-427
-146
23
146
229
266
345
578
950
1347
1730
2181
2726
3227
3530
3627
3625
3576
3432
3136
2688
2121
1492
881
353
-72
-418
-694
-890
-992
-1001
-919
-779
-672
-698
-866
-1092
-1295
-1492
-1749
-2089
-2445
-2713
-2835
-2830
-2739
-2546
-2184
-1637
-1024
-525
-226
-49
121
303
419
389
202
-101
-441
-755
-1031
-1321
-1672
-2047
-2359
-2571
-2743
-2931
-3107
-3175
-3056
-2751
-2313
-1786
-1138
-289
782
1974
3143
4223
5239
6199
7042
7702
8145
8304
8093
7528
6795
6067
5313
4385
3294
2256
1446
815
226
-317
-689
-855
-936
-1067
-1279
-1528
-1787
-2067
-2405
-2854
-3436
-4075
-4623
-4964
-5103
-5122
-5083
-4969
-4713
-4249
-3578
-2811
-2114
-1576
-1136
-694
-265
33
143
154
220
414
703
1020
1332
1652
2010
2432
2892
3309
3588
3687
3624
3447
3186
2844
2412
1895
1328
784
333
0
-232
-387
-446
-403
-312
-284
-391
-608
-846
-1060
-1282
-1565
-1909
-2256
-2540
-2725
-2797
-2742
-2538
-2186
-1726
-1220
-730
-281
115
432
625
666
570
376
101
-268
-713
-1167
-1550
-1840
-2087
-2330
-2555
-2741
-2919
-3130
-3345
-3466
-3442
-3322
-3178
-2998
-2702
-2220
-1499
-504
721
1999
3163
4243
5411
6685
7797
8438
8583
8446
8176
7706
6931
5901
4775
3682
2685
1829
1132
560
71
-304
-500
-536
-529
-588
-740
-969
-1279
-1677
-2131
-2600
-3075
-3558
-4017
-4381
-4605
-4703
-4703
-4605
-4361
-3946
-3396
-2797
-2236
-1743
-1294
-867
-479
-155
100
294
438
551
681
890
1200
1583
1986
2369
2715
3004
3221
3334
3293
3071
2714
2316
1939
1525
981
308
-364
-877
-1186
-1355
-1465
-1543
-1554
-1468
-1297
-1098
-939
-845
-814
-867
-1064
-1420
-1839
-2171
-2350
-2417
-2402
-2265
-1988
-1654
-1357
-1053
-636
-112
349
608
687
672
561
292
-127
-594
-1027
-1414
-1758
-2052
-2288
-2479
-2617
-2684
-2701
-2731
-2810
-2876
-2835
-2651
-2354
-1961
-1434
-693
282
1410
2563
3686
4858
6156
7460
8471
8971
8997
8714
8197
7432
6465
5418
4340
3175
1953
853
21
-582
-1057
-1379
-1447
-1301
-1111
-986
-893
-824
-896
-1220
-1743
-2340
-2974
-3678
-4398
-4974
-5289
-5363
-5257
-4978
-4521
-3950
-3364
-2790
-2195
-1566
-959
-433
1
355
620
789
902
1050
1303
1651
2014
2321
2573
2825
3104
3370
3548
3589
3490
3259
2902
2447
1925
1339
680
-5
-597
-1004
-1247
-1421
-1563
-1617
-1528
-1341
-1154
-1014
-898
-787
-722
-766
-941
-1215
-1539
-1867
-2149
-2339
-2408
-2352
-2184
-1939
-1657
-1343
-958
-477
28
402
528
451
314
192
19
-312
-790
-1279
-1670
-1967
-2233
-2482
-2660
-2738
-2746
-2727
-2683
-2604
-2528
-2497
-2460
-2291
-1911
-1357
-681
176
1310
2649
3946
5023
5967
6958
7942
8616
8765
8503
8080
7555
6764
5607
4210
2816
1578
542
-260
-785
-1023
-1029
-901
-742
-625
-565
-525
-501
-572
-845
-1352
-2027
-2771
-3494
-4111
-4562
-4846
-4996
-5006
-4815
-4396
-3817
-3187
-2581
-2012
-1456
-883
-307
175
456
539
587
757
1032
1295
1513
1764
2097
2476
2856
3235
3562
3727
3677
3480
3194
2768
2133
1371
640
-19
-676
-1319
-1821
-2110
-2277
-2392
-2379
-2150
-1793
-1513
-1372
-1263
-1098
-925
-827
-826
-912
-1091
-1340
-1568
-1693
-1736
-1771
-1786
-1696
-1453
-1112
-772
-484
-249
-54
100
203
233
168
19
-194
-462
-787
-1131
-1433
-1660
-1847
-2034
-2208
-2344
-2447
-2551
-2654
-2722
-2737
-2697
-2572
-2310
-1890
-1345
-696
81
1009
2031
3061
4089
5152
6218
7126
7705
7908
7806
7476
6934
6169
5201
4096
2974
1976
1203
625
148
-257
-505
-527
-400
-283
-261
-308
-417
-663
-1112
-1704
-2311
-2869
-3401
-3919
-4361
-4619
-4648
-4505
-4289
-4049
-3723
-3228
-2595
-1961
-1412
-891
-321
228
605
780
907
1123
1406
1664
1890
2137
2387
2563
2649
2713
2780
2777
2645
2423
2179
1902
1542
1117
690
274
-169
-634
-1042
-1310
-1456
-1542
-1599
-1621
-1631
-1676
-1757
-1803
-1743
-1605
-1490
-1434
-1372
-1226
-1017
-850
-772
-725
-635
-524
-454
-414
-323
-148
53
200
284
336
354
308
194
37
-149
-373
-626
-872
-1096
-1320
-1567
-1828
-2067
-2250
-2368
-2434
-2487
-2562
-2647
-2688
-2644
-2527
-2363
-2130
-1782
-1293
-693
-19
719
1553
2524
3623
4735
5673
6314
6707
6957
7082
6995
6665
6185
5643
4982
4103
3084
2163
1491
1001
567
197
-26
-124
-240
-450
-687
-886
-1095
-1388
-1740
-2074
-2410
-2842
-3365
-3823
-4084
-4194
-4284
-4379
-4357
-4090
-3596
-3000
-2411
-1867
-1330
-780
-246
220
606
949
1261
1491
1602
1647
1719
1827
1910
1960
2050
2196
2289
2236
2106
2022
1975
1833
1553
1224
906
538
70
-419
-811
-1103
-1380
-1651
-1841
-1907
-1873
-1771
-1595
-1359
-1103
-865
-647
-478
-405
-413
-408
-336
-274
-344
-566
-840
-1052
-1153
-1124
-956
-672
-355
-88
103
235
348
467
591
669
629
420
55
-405
-899
-1394
-1871
-2308
-2664
-2915
-3071
-3201
-3361
-3535
-3640
-3602
-3425
-3169
-2891
-2595
-2222
-1707
-1032
-233
683
1745
2927
4066
4954
5564
6074
6614
7072
7229
7037
6639
6146
5519
4706
3792
2931
2189
1550
996
547
209
-18
-123
-121
-103
-191
-411
-699
-1025
-1429
-1918
-2406
-2817
-3195
-3615
-4034
-4307
-4361
-4270
-4114
-3861
-3423
-2816
-2161
-1552
-984
-412
134
570
864
1059
1207
1290
1291
1261
1285
1377
1461
1496
1546
1681
1868
1996
2032
2046
2077
2043
1814
1374
831
298
-195
-668
-1113
-1504
-1853
-2183
-2466
-2633
-2642
-2532
-2350
-2077
-1665
-1157
-703
-439
-359
-352
-331
-287
-247
-218
-190
-165
-150
-134
-115
-87
-26
120
370
680
974
1213
1369
1395
1266
1017
692
284
-247
-857
-1411
-1828
-2174
-2566
-3006
-3378
-3572
-3607
-3576
-3558
-3550
-3507
-3393
-3210
-2977
-2680
-2276
-1748
-1120
-426
339
1175
2070
3012
4003
4999
5875
6503
6869
7031
7006
6764
6344
5868
5383
4792
4024
3198
2518
2031
1614
1184
812
565
386
172
-88
-324
-527
-777
-1144
-1619
-2139
-2647
-3103
-3489
-3822
-4117
-4357
-4510
-4564
-4517
-4329
-3961
-3440
-2846
-2220
-1551
-862
-251
213
566
877
1130
1259
1292
1329
1400
1414
1306
1168
1155
1295
1478
1606
1704
1844
2037
2194
2222
2074
1771
1358
876
357
-173
-678
-1141
-1563
-1930
-2187
-2275
-2210
-2089
-1966
-1790
-1475
-1049
-651
-375
-177
23
209
292
248
161
125
138
141
113
84
80
117
195
296
364
344
255
180
173
188
130
-64
-388
-801
-1263
-1756
-2258
-2716
-3060
-3260
-3362
-3448
-3539
-3582
-3538
-3437
-3318
-3159
-2923
-2636
-2355
-2084
-1759
-1328
-788
-140
623
1461
2322
3224
4264
5443
6569
7413
7944
8289
8506
8483
8125
7514
6805
6025
5103
4036
2960
2017
1251
629
122
-287
-619
-884
-1075
-1212
-1357
-1565
-1841
-2161
-2522
-2921
-3337
-3747
-4154
-4536
-4794
-4815
-4610
-4305
-3993
-3645
-3208
-2727
-2266
-1786
-1190
-521
34
368
590
844
1092
1188
1127
1085
1173
1306
1361
1376
1489
1712
1902
1945
1882
1811
1741
1608
1398
1172
961
718
391
21
-294
-514
-696
-901
-1109
-1240
-1260
-1212
-1150
-1058
-889
-647
-403
-223
-101
12
155
307
415
461
492
547
590
521
309
73
-23
40
118
75
-80
-245
-372
-483
-595
-699
-816
-992
-1222
-1434
-1597
-1771
-2017
-2291
-2505
-2657
-2830
-3049
-3224
-3271
-3218
-3154
-3112
-3051
-2933
-2784
-2631
-2448
-2178
-1807
-1379
-956
-560
-144
354
952
1601
2260
2949
3716
4537
5301
5912
6376
6749
7030
7136
7005
6652
6128
5472
4710
3876
3018
2183
1428
798
291
-149
-523
-736
-706
-528
-427
-523
-709
-843
-970
-1254
-1736
-2267
-2723
-3140
-3593
-4026
-4301
-4390
-4377
-4274
-3965
-3386
-2671
-2036
-1541
-1081
-578
-118
159
226
188
136
70
-26
-101
-67
81
257
410
600
900
1254
1524
1679
1820
2009
2133
2042
1758
1444
1171
843
400
-35
-296
-395
-501
-694
-851
-834
-669
-520
-471
-460
-410
-354
-381
-489
-581
-607
-643
-763
-880
-820
-545
-220
1
169
419
741
988
1081
1099
1112
1068
912
701
531
388
191
-58
-276
-422
-556
-728
-903
-1034
-1136
-1248
-1377
-1503
-1634
-1794
-1971
-2133
-2264
-2365
-2424
-2426
-2389
-2348
-2295
-2185
-1987
-1729
-1450
-1164
-863
-559
-267
20
308
582
831
1087
1416
1845
2349
2906
3526
4186
4807
5303
5685
6022
6319
6471
6376
6035
5529
4933
4273
3555
2797
2020
1244
499
-171
-722
-1124
-1385
-1562
-1723
-1894
-2048
-2188
-2387
-2710
-3109
-3477
-3796
-4146
-4549
-4882
-5008
-4932
-4753
-4503
-4127
-3617
-3059
-2534
-2030
-1502
-964
-478
-82
230
486
706
913
1117
1327
1565
1838
2102
2276
2363
2467
2650
2830
2868
2754
2611
2514
2404
2196
1887
1540
1184
816
453
107
-232
-574
-873
-1056
-1125
-1152
-1206
-1303
-1428
-1558
-1649
-1652
-1579
-1481
-1392
-1280
-1118
-927
-736
-513
-208
158
502
770
977
1164
1344
1506
1629
1664
1569
1358
1106
859
589
269
-48
-269
-388
-505
-714
-990
-1241
-1405
-1499
-1557
-1600
-1641
-1706
-1820
-1977
-2134
-2242
-2290
-2294
-2277
-2247
-2193
-2097
-1929
-1682
-1373
-1071
-832
-656
-502
-343
-180
-13
161
314
408
460
572
831
1214
1624
2022
2441
2896
3334
3715
4063
4399
4671
4810
4841
4847
4817
4620
4183
3608
3059
2553
1973
1281
605
86
-305
-701
-1145
-1529
-1764
-1902
-2067
-2303
-2541
-2702
-2787
-2855
-2953
-3076
-3187
-3264
-3313
-3342
-3325
-3231
-3068
-2880
-2691
-2465
-2150
-1747
-1292
-819
-337
156
646
1116
1543
1880
2085
2172
2211
2248
2266
2239
2178
2110
2033
1942
1864
1853
1912
1957
1895
1710
1467
1255
1104
967
770
472
83
-348
-774
-1142
-1403
-1543
-1613
-1685
-1775
-1831
-1821
-1780
-1744
-1700
-1627
-1550
-1513
-1496
-1422
-1248
-1002
-741
-480
-220
31
288
595
980
1398
1745
1958
2049
2080
2089
2063
1956
1733
1399
1002
598
226
-101
-387
-634
-845
-1029
-1179
-1268
-1282
-1242
-1211
-1235
-1304
-1369
-1399
-1412
-1452
-1514
-1546
-1511
-1435
-1359
-1280
-1165
-1030
-932
-903
-893
-850
-786
-754
-774
-821
-879
-957
-1046
-1100
-1090
-1016
-887
-685
-398
-38
375
839
1351
1873
2356
2789
3201
3606
3979
4269
4425
4404
4196
3848
3447
3053
2681
2339
2035
1749
1425
1055
731
559
525
503
388
196
4
-163
-337
-539
-753
-965
-1200
-1483
-1787
-2045
-2208
-2296
-2366
-2430
-2432
-2309
-2071
-1786
-1504
-1210
-869
-507
-196
31
199
345
451
485
470
473
512
530
468
367
324
381
475
531
541
552
586
619
617
564
461
308
123
-73
-278
-500
-717
-866
-916
-920
-962
-1053
-1123
-1107
-1022
-919
-819
-711
-608
-558
-572
-603
-591
-520
-427
-336
-240
-134
-32
48
127
255
446
646
792
875
936
992
1014
966
851
699
528
327
94
-162
-437
-717
-953
-1084
-1101
-1056
-1013
-982
-940
-882
-820
-749
-665
-595
-589
-643
-703
-732
-752
-777
-760
-642
-456
-307
-244
-203
-88
102
296
453
601
773
937
1035
1048
1011
965
903
797
636
457
296
150
-25
-263
-544
-808
-997
-1085
-1077
-992
-874
-744
-590
-373
-81
251
573
865
1127
1366
1576
1759
1928
2086
2225
2315
2331
2269
2160
2053
1966
1876
1746
1581
1422
1304
1218
1112
949
726
475
233
11
-205
-426
-645
-860
-1082
-1315
-1539
-1707
-1800
-1842
-1876
-1913
-1931
-1897
-1798
-1653
-1504
-1378
-1275
-1165
-1031
-882
-733
-590
-453
-327
-229
-165
-119
-52
78
285
523
706
770
735
688
707
776
822
782
664
504
335
158
-16
-166
-282
-375
-462
-538
-595
-632
-668
-715
-771
-838
-925
-1022
-1100
-1132
-1127
-1116
-1111
-1090
-1025
-920
-800
-693
-609
-539
-480
-416
-335
-234
-122
-16
74
167
281
426
571
686
767
836
897
927
903
847
808
799
799
768
701
610
521
454
407
355
272
166
68
-1
-52
-109
-174
-225
-252
-274
-326
-407
-481
-509
-475
-393
-286
-184
-108
-64
-46
-46
-61
-96
-139
-179
-197
-190
-157
-98
-29
37
102
189
307
429
533
626
738
885
1044
1183
1278
1309
1260
1132
972
845
782
752
698
585
434
291
192
136
89
11
-100
-209
-284
-328
-360
-392
-412
-423
-446
-505
-590
-687
-772
-826
-831
-788
-729
-691
-670
-630
-563
-502
-479
-467
-421
-329
-227
-143
-82
-45
-47
-98
-167
-206
-177
-92
8
84
119
122
117
130
168
221
266
281
260
208
143
73
8
-41
-64
-59
-30
4
23
18
2
-1
19
57
108
166
217
235
228
238
295
380
435
438
426
443
490
535
555
551
524
472
419
401
438
494
512
461
356
228
107
18
-22
-28
-45
-122
-262
-425
-562
-648
-676
-652
-584
-497
-430
-404
-417
-443
-459
-464
-459
-450
-445
-459
-501
-551
-572
-544
-489
-449
-441
-437
-393
-304
-218
-171
-141
-75
43
168
255
306
356
406
421
386
339
328
347
353
311
238
158
71
-37
-151
-232
-250
-216
-177
-162
-173
-198
-223
-246
-269
-295
-321
-343
-345
-316
-255
-181
-115
-66
-29
-1
13
17
37
101
207
316
385
408
407
397
382
375
398
441
475
483
488
527
586
614
576
488
389
307
252
225
211
171
69
-94
-260
-371
-397
-362
-309
-283
-294
-313
-307
-258
-190
-134
-105
-94
-89
-75
-46
1
58
98
106
83
57
61
110
189
264
304
310
306
310
316
308
285
268
277
306
315
275
189
87
-7
-94
-189
-278
-330
-326
-288
-266
-280
-327
-379
-423
-469
-516
-547
-541
-506
-473
-461
-463
-455
-427
-407
-415
-445
-462
-436
-371
-282
-183
-90
-23
0
-6
5
73
186
312
421
509
578
621
639
656
690
726
740
731
726
740
765
779
773
741
673
566
444
333
245
169
93
17
-67
-171
-289
-389
-425
-394
-337
-306
-321
-374
-431
-464
-476
-494
-547
-614
-654
-643
-593
-530
-457
-371
-294
-245
-208
-138
-24
92
161
200
268
396
547
668
735
752
730
670
596
535
505
475
411
316
244
228
240
213
110
-22
-115
-147
-154
-185
-247
-332
-432
-542
-645
-734
-816
-896
-953
-962
-925
-875
-832
-788
-739
-703
-696
-707
-714
-708
-693
-651
-561
-427
-289
-185
-112
-54
3
62
118
170
205
220
233
269
329
396
446
474
486
489
490
501
514
503
452
383
338
337
360
370
360
343
321
286
242
198
148
70
-46
-167
-248
-283
-302
-330
-365
-389
-401
-413
-418
-410
-392
-378
-366
-341
-293
-247
-216
-197
-177
-161
-159
-165
-140
-55
74
204
303
370
419
461
490
501
498
500
527
583
655
714
744
752
751
748
750
753
752
731
679
608
533
462
391
319
260
220
180
117
44
-20
-59
-90
-125
-161
-187
-198
-201
-201
-205
-215
-229
-238
-233
-225
-230
-248
-265
-261
-228
-176
-131
-107
-106
-115
-117
-104
-69
-25
10
24
26
43
83
123
131
102
51
-9
-68
-106
-104
-69
-33
-13
-9
-18
-47
-104
-160
-186
-191
-214
-268
-325
-346
-332
-304
-280
-263
-252
-259
-283
-319
-344
-354
-352
-347
-346
-348
-343
-329
-306
-281
-247
-199
-139
-82
-39
-14
1
8
17
44
91
142
173
183
196
229
273
304
316
318
313
298
278
271
285
308
316
303
285
280
284
290
297
305
304
273
207
123
45
-11
-45
-66
-81
-107
-141
-171
-181
-167
-142
-127
-125
-124
-111
-84
-50
-12
33
86
134
153
137
94
36
-25
-82
-123
-138
-125
-94
-58
-23
6
26
28
9
-21
-43
-38
-14
-4
-41
-135
-261
-374
-444
-465
-457
-451
-463
-485
-487
-456
-401
-363
-354
-356
-334
-270
-178
-88
-16
36
60
44
-11
-78
-114
-104
-63
-17
30
93
170
245
284
269
210
147
123
151
206
252
278
305
332
334
290
218
160
136
132
122
93
52
10
-35
-81
-121
-147
-145
-106
-42
24
72
90
76
32
-28
-74
-89
-87
-97
-129
-160
-161
-142
-130
-132
-127
-80
6
103
178
217
224
205
177
159
162
180
197
205
209
217
223
222
212
201
200
208
205
176
122
77
69
99
139
154
133
95
67
60
73
85
74
34
-25
-76
-108
-123
-131
-138
-148
-160
-178
-194
-201
-193
-174
-161
-168
-192
-221
-235
-231
-213
-184
-143
-88
-37
-14
-18
-28
-19
4
22
15
-5
-20
-13
19
67
124
181
235
277
301
315
330
345
344
316
280
264
290
348
410
454
462
430
374
319
275
234
181
113
45
-12
-60
-100
-137
-176
-219
-259
-279
-266
-240
-226
-230
-244
-258
-272
-282
-285
-281
-278
-284
-287
-275
-256
-244
-249
-258
-260
-256
-250
-243
-225
-201
-181
-171
-155
-117
-63
-21
-12
-40
-86
-124
-130
-95
-28
41
90
121
164
235
314
360
360
340
314
279
228
174
138
115
83
40
11
11
24
18
-9
-38
-60
-93
-146
-201
-229
-220
-193
-165
-144
-126
-113
-110
-125
-161
-212
-265
-293
-278
-221
-146
-82
-46
-32
-26
-31
-42
-58
-62
-44
-8
32
66
84
84
68
51
45
55
81
123
192
279
354
389
390
380
369
347
314
288
283
286
266
213
153
119
113
107
83
43
5
-21
-39
-54
-70
-82
-89
-83
-61
-39
-35
-52
-72
-77
-71
-80
-112
-157
-202
-236
-247
-224
-167
-100
-52
-26
-4
26
53
61
46
23
15
27
52
69
67
52
39
36
39
38
43
67
126
199
253
259
222
172
129
96
63
28
6
5
15
17
2
-27
-62
-95
-118
-111
-75
-27
1
-1
-18
-35
-55
-84
-112
-116
-94
-71
-71
-86
-90
-79
-73
-92
-128
-158
-158
-132
-86
-31
20
48
35
-19
-101
-179
-225
-223
-181
-124
-76
-55
-66
-108
-158
-185
-174
-139
-108
-89
-66
-31
2
9
0
-8
-3
6
16
35
65
96
111
112
112
123
141
167
194
214
209
178
138
105
80
51
14
-16
-22
-4
20
40
56
68
61
26
-31
-73
-80
-62
-44
-40
-44
-45
-47
-47
-35
-6
17
9
-27
-55
-51
-31
-24
-39
-59
-75
-91
-106
-101
-62
-3
48
69
60
28
-16
-60
-94
-109
-109
-95
-71
-39
-10
2
-3
-8
4
38
78
106
120
130
155
195
235
250
230
193
168
169
188
205
215
221
212
172
104
34
-16
-43
-54
-58
-55
-56
-72
-105
-138
-154
-150
-137
-132
-141
-160
-171
-157
-129
-113
-135
-184
-232
-251
-238
-201
-150
-102
-74
-72
-82
-95
-112
-133
-141
-115
-47
39
104
131
122
100
77
54
37
35
53
83
106
119
131
156
179
177
148
120
123
154
193
219
233
236
223
188
137
86
46
21
7
0
-5
-13
-33
-69
-108
-130
-130
-123
-118
-115
-105
-90
-82
-93
-114
-135
-153
-177
-208
-240
-257
-255
-236
-209
-180
-157
-146
-142
-138
-120
-89
-53
-21
15
65
127
187
226
248
269
298
327
337
327
312
308
307
291
247
185
133
105
103
119
145
164
171
167
159
151
139
109
64
28
24
51
88
105
89
46
-4
-42
-47
-20
19
40
36
20
15
27
43
48
41
26
6
-21
-54
-89
-125
-163
-204
-232
-239
-237
-241
-248
-237
-199
-153
-135
-150
-172
-170
-147
-121
-107
-98
-86
-71
-58
-43
-27
-24
-48
-95
-135
-138
-98
-36
18
43
48
42
35
30
27
24
22
18
15
17
30
51
71
79
63
28
-15
-45
-52
-32
9
57
89
95
78
59
48
37
10
-33
-73
-94
-102
-108
-105
-84
-53
-32
-41
-68
-84
-68
-28
17
49
69
81
81
67
47
40
52
68
55
12
-39
-71
-88
-109
-136
-157
-153
-123
-76
-21
32
66
61
24
-17
-28
-1
41
59
39
-12
-67
-104
-109
-89
-61
-41
-33
-24
3
52
105
155
196
231
256
266
262
247
221
184
144
123
140
185
239
286
317
319
273
179
62
-42
-110
-140
-138
-105
-52
3
49
88
118
137
132
103
56
3
-43
-66
-68
-71
-104
-169
-234
-257
-223
-153
-75
-14
12
-3
-52
-117
-164
-180
-169
-137
-93
-47
-4
24
33
28
19
12
-2
-33
-83
-130
-157
-165
-167
-174
-177
-171
-151
-114
-53
31
118
173
171
110
14
-84
-155
-181
-166
-121
-61
0
46
64
66
68
73
63
26
-23
-56
-58
-31
14
65
101
116
122
144
189
242
280
289
272
226
157
76
0
-58
-91
-92
-64
-16
39
96
152
189
183
133
60
-10
-71
-125
-167
-182
-168
-139
-111
-82
-50
-21
-10
-30
-72
-116
-151
-175
-191
-198
-197
-191
-176
-142
-76
13
94
134
130
105
84
80
84
93
94
89
83
91
117
146
154
132
95
65
49
39
25
11
2
11
44
96
146
180
201
219
237
237
211
166
115
60
-5
-72
-121
-132
-107
-63
-17
15
28
26
11
-10
-32
-51
-64
-68
-61
-50
-39
-23
7
51
96
118
111
89
69
51
17
-35
-91
-122
-115
-82
-51
-36
-41
-51
-58
-56
-43
-24
-11
-15
-31
-44
-44
-38
-43
-57
-66
-55
-27
9
46
80
89
63
8
-48
-91
-126
-166
-212
-237
-217
-154
-74
-8
35
58
69
73
82
98
114
110
78
35
8
9
33
63
84
99
106
99
76
38
-4
-46
-72
-76
-49
-2
49
81
96
113
143
176
180
141
78
20
-16
-37
-53
-73
-101
-141
-192
-231
-236
-194
-110
-8
83
139
157
147
129
106
72
24
-24
-63
-89
-110
-119
-111
-91
-74
-66
-64
-65
-71
-81
-88
-89
-92
-105
-126
-139
-131
-105
-61
-5
58
103
112
85
36
-19
-76
-133
-173
-180
-139
-62
21
74
84
56
14
-27
-58
-74
-62
-20
33
75
97
108
117
117
102
82
66
62
47
14
-27
-53
-53
-35
-8
24
63
106
145
174
194
202
186
136
65
7
-14
-7
2
2
0
10
28
42
46
42
30
10
-13
-25
-23
-22
-38
-70
-94
-94
-76
-58
-48
-43
-26
0
17
10
-28
-82
-120
-121
-84
-38
-8
0
1
9
18
17
-1
-27
-59
-86
-100
-79
-19
56
110
123
100
70
45
32
28
24
8
-27
-69
-96
-93
-61
-22
-3
-18
-46
-52
-10
57
99
84
31
-15
-28
-16
0
18
45
80
117
142
159
176
190
187
157
103
48
5
-25
-41
-44
-36
-25
-20
-21
-19
-11
3
17
30
32
16
-12
-30
-24
-2
13
18
24
30
25
-2
-39
-67
-80
-88
-95
-97
-80
-48
-12
18
39
46
41
24
-5
-37
-62
-69
-54
-24
6
30
40
35
20
-4
-34
-69
-96
-107
-99
-76
-49
-25
-11
-7
-9
-15
-22
-29
-29
-16
5
25
23
1
-31
-54
-61
-54
-40
-25
-19
-29
-46
-55
-44
-18
5
17
28
49
75
88
79
55
31
16
18
41
82
127
147
129
82
33
7
11
27
27
0
-36
-54
-35
12
72
130
166
164
119
49
-15
-53
-74
-93
-117
-138
-140
-116
-81
-54
-47
-54
-63
-65
-55
-26
22
67
78
43
-12
-53
-67
-65
-57
-44
-26
-8
-1
-4
-14
-28
-44
-56
-58
-49
-40
-34
-28
-14
2
14
14
8
6
8
6
-4
-11
5
48
92
105
87
66
69
99
132
154
169
178
173
138
84
29
-5
-17
-18
-15
-5
15
40
70
94
107
104
87
70
56
39
13
-15
-28
-17
7
22
22
22
40
68
84
72
36
-12
-70
-131
-173
-168
-114
-45
0
8
-2
-5
1
4
1
1
10
24
36
44
50
53
51
36
9
-25
-54
-68
-64
-47
-19
19
60
89
84
51
16
1
6
10
-4
-29
-42
-25
18
62
85
75
49
23
1
-27
-61
-91
-104
-99
-90
-88
-89
-89
-86
-93
-107
-113
-94
-45
14
61
85
93
94
93
78
46
6
-20
-23
-14
-7
-10
-22
-34
-43
-45
-29
2
38
61
58
34
3
-26
-46
-55
-52
-38
-19
4
27
35
18
-20
-53
-62
-52
-38
-24
0
38
66
59
23
-13
-24
-10
14
28
27
19
19
27
31
16
-15
-39
-35
-7
28
58
79
94
93
71
29
-17
-56
-81
-90
-82
-54
-13
26
50
53
42
29
15
0
-10
-12
-9
-11
-32
-67
-106
-127
-128
-113
-85
-47
-8
20
26
9
-12
-18
-11
5
26
58
91
104
83
34
-23
-67
-92
-92
-64
-16
35
74
95
104
100
80
49
10
-22
-42
-44
-28
1
35
63
68
47
12
-13
-11
16
51
77
81
60
26
0
-2
17
35
41
40
52
73
93
93
73
45
21
12
18
28
31
20
-7
-36
-60
-70
-65
-55
-48
-52
-67
-95
-127
-154
-169
-171
-165
-162
-158
-140
-103
-57
-24
-14
-16
-16
-22
-44
-74
-91
-80
-53
-30
-12
11
33
45
48
61
92
127
138
119
86
57
38
31
43
79
127
165
177
172
167
164
148
107
39
-34
-88
-108
-99
-76
-50
-27
-9
2
8
8
9
18
41
74
97
94
59
9
-38
-70
-82
-72
-41
7
54
82
84
61
24
-16
-52
-79
-91
-85
-65
-35
-11
-7
-29
-62
-81
-79
-61
-36
-12
7
12
2
-23
-51
-76
-90
-81
-50
-10
28
61
90
116
130
125
102
68
27
-16
-54
-83
-99
-97
-74
-29
21
59
77
83
89
93
88
68
44
34
38
52
72
94
121
145
160
153
118
57
-5
-49
-63
-57
-47
-40
-40
-47
-61
-71
-73
-59
-40
-22
-13
-11
-13
-15
-15
-14
-18
-37
-70
-101
-106
-77
-29
10
17
-9
-60
-114
-154
-162
-134
-80
-21
24
53
62
58
45
30
16
9
19
47
83
94
62
9
-39
-68
-86
-92
-75
-32
14
39
40
32
19
-9
-54
-86
-79
-33
26
77
113
132
127
102
71
55
61
85
115
134
134
116
92
68
48
20
-16
-43
-44
-18
23
58
78
90
102
118
128
127
121
114
101
66
10
-50
-90
-100
-97
-100
-116
-127
-120
-93
-67
-59
-65
-71
-55
-25
6
24
26
25
34
49
48
5
-68
-135
-155
-128
-93
-82
-93
-104
-100
-82
-51
-12
30
63
78
76
61
38
16
8
13
21
19
13
21
41
63
74
79
81
74
53
28
19
25
33
36
38
45
48
38
23
6
-10
-27
-43
-52
-56
-67
-85
-99
-92
-68
-38
-10
14
31
33
15
-17
-53
-82
-100
-103
-91
-62
-26
1
9
1
-3
6
21
34
38
30
13
-13
-35
-38
-20
0
5
-2
-1
18
41
51
54
57
60
53
35
29
45
83
113
119
110
99
81
48
0
-42
-59
-54
-41
-24
1
28
40
25
-2
-10
20
69
109
128
143
163
178
165
118
55
-9
-64
-107
-131
-136
-127
-111
-85
-47
-12
-7
-37
-82
-108
-100
-63
-3
54
85
73
28
-34
-86
-121
-142
-148
-137
-114
-86
-61
-50
-47
-40
-23
-6
-3
-17
-33
-29
-1
33
50
39
5
-29
-43
-31
7
59
110
142
133
82
24
-14
-14
5
22
30
41
62
90
112
120
106
72
26
-10
-19
-3
18
24
19
19
36
57
62
54
54
69
84
80
60
45
51
60
52
24
-18
-61
-101
-130
-136
-108
-67
-36
-28
-32
-31
-16
1
7
6
11
26
41
41
29
11
-3
-21
-36
-32
-2
45
82
91
68
31
-4
-24
-23
-2
27
52
63
62
57
64
78
88
82
63
35
6
-18
-33
-43
-48
-42
-17
28
82
125
144
143
121
72
2
-69
-112
-115
-92
-67
-58
-63
-71
-75
-70
-62
-53
-56
-72
-92
-96
-78
-51
-28
-14
-1
13
25
36
49
68
82
84
86
88
87
71
32
-13
-47
-64
-67
-59
-35
0
38
64
68
50
17
-12
-17
2
20
7
-47
-121
-175
-188
-174
-156
-149
-138
-103
-48
2
21
9
-15
-32
-45
-67
-97
-114
-104
-72
-39
-25
-21
-14
3
17
18
13
19
38
60
75
87
102
113
105
85
69
61
50
28
10
14
31
34
19
-1
-2
9
11
-3
-22
-38
-44
-43
-38
-31
-25
-26
-32
-38
-43
-39
-26
-1
27
51
63
54
33
11
-1
-7
-18
-33
-45
-40
-26
-7
14
43
78
102
99
71
28
-11
-28
-19
8
37
53
59
65
80
100
122
134
128
91
26
-38
-75
-70
-40
-13
-9
-28
-51
-62
-64
-64
-67
-66
-54
-30
-4
16
28
37
43
45
43
41
52
73
91
88
61
26
-4
-16
-10
13
51
88
112
117
106
82
57
40
35
38
36
29
15
4
-5
-13
-19
-34
-60
-92
-107
-95
-67
-38
-13
7
7
-34
-103
-156
-160
-128
-92
-67
-40
-11
6
6
14
52
103
128
108
64
35
30
26
6
-24
-46
-52
-48
-41
-24
9
46
65
61
42
26
13
-9
-36
-54
-55
-46
-38
-29
-12
3
6
-1
-10
-16
-29
-55
-84
-108
-124
-123
-97
-39
30
81
103
108
107
95
68
33
13
13
30
51
59
45
13
-22
-45
-51
-51
-54
-60
-61
-55
-44
-36
-30
-18
0
22
40
57
75
83
64
22
-17
-21
6
32
29
1
-22
-22
-3
22
45
63
73
78
