-70
-29
7
23
20
13
5
-7
-29
-51
-53
-27
12
44
48
28
-5
-31
-34
-21
-11
-20
-45
-74
-93
-105
-107
-94
-69
-35
-1
33
63
79
68
38
2
-21
-29
-30
-26
-17
-4
11
25
41
58
83
112
141
167
181
168
127
74
34
14
4
-9
-14
-5
16
34
43
54
69
84
89
83
72
56
42
37
43
45
23
-12
-31
-11
38
88
123
143
151
138
97
33
-33
-78
-93
-81
-48
-6
31
55
60
52
38
15
-8
-14
-2
8
-9
-49
-90
-111
-114
-116
-117
-110
-95
-78
-71
-75
-90
-113
-133
-139
-119
-82
-40
-10
1
-9
-39
-82
-115
-130
-126
-110
-86
-50
-2
44
75
83
77
66
57
50
45
49
55
58
53
40
24
13
11
23
40
54
54
38
8
-24
-44
-43
-13
33
74
90
77
45
14
-3
0
18
44
66
77
73
60
50
52
58
56
34
-5
-48
-84
-92
-70
-21
26
44
28
0
-19
-20
-14
-14
-28
-53
-78
-94
-92
-67
-29
8
37
57
67
64
42
2
-41
-72
-79
-66
-41
-8
31
69
97
112
111
98
76
48
14
-18
-42
-49
-34
-9
12
20
21
25
34
43
48
48
40
27
16
13
13
10
-5
-24
-35
-30
-16
2
15
25
37
45
44
26
-8
-49
-80
-90
-82
-66
-53
-50
-47
-40
-27
-8
16
41
49
31
-2
-27
-27
-14
-7
-10
-16
-18
-20
-21
-12
9
20
11
-8
-8
15
38
45
43
47
59
68
67
58
52
46
37
24
2
-29
-67
-92
-97
-82
-61
-41
-25
-24
-34
-42
-30
-4
20
29
27
33
46
54
45
22
-5
-22
-27
-23
-16
-13
-14
-9
2
23
44
58
60
52
42
36
34
35
36
40
45
44
31
6
-16
-27
-22
-3
17
27
24
9
-7
-15
-15
-7
7
24
38
41
30
5
-23
-46
-47
-20
21
44
34
1
-26
-32
-23
-11
1
18
39
55
55
41
23
12
12
9
-4
-30
-59
-81
-90
-86
-70
-45
-14
19
45
58
62
60
53
38
13
-14
-33
-36
-28
-15
0
15
30
47
62
69
64
47
27
7
-9
-26
-36
-28
1
40
65
68
50
29
9
-6
-14
-16
-14
-14
-20
-28
-29
-24
-16
-13
-13
-6
10
27
34
26
9
-10
-20
-20
-6
9
13
-1
-26
-49
-59
-51
-25
9
34
40
30
19
18
16
7
-16
-39
-57
-68
-69
-59
-37
-11
10
22
22
17
12
14
25
41
58
61
46
11
-27
-54
-67
-71
-72
-71
-67
-57
-43
-23
4
32
51
54
44
29
17
10
7
2
-4
-7
-4
-1
-1
-3
0
8
15
19
23
27
29
26
21
19
18
17
12
12
17
26
33
32
27
19
13
5
-1
-5
-4
-1
2
6
8
4
-6
-11
-9
-1
10
15
17
16
13
2
-15
-36
-55
-63
-50
-25
1
25
46
60
64
52
36
22
11
-2
-11
-14
-9
-4
1
9
20
26
20
4
-14
-34
-53
-67
-70
-60
-45
-28
-6
27
61
80
76
58
41
27
16
0
-17
-27
-24
-10
10
29
44
55
60
59
58
61
68
69
56
34
19
22
44
67
76
70
60
52
51
50
39
19
-4
-14
-9
4
5
-15
-48
-76
-85
-73
-46
-13
19
39
44
29
2
-38
-81
-106
-98
-62
-22
-1
-3
-17
-37
-53
-56
-42
-22
-14
-23
-35
-34
-23
-17
-28
-54
-81
-95
-87
-65
-43
-32
-27
-22
-10
0
1
-11
-21
-16
8
39
66
79
79
70
57
40
26
22
32
57
92
125
152
164
157
130
92
58
40
39
42
43
43
46
49
52
53
53
44
26
2
-13
-12
-1
6
-2
-20
-39
-51
-52
-46
-37
-26
-18
-23
-52
-102
-152
-181
-177
-146
-98
-41
9
32
27
12
6
12
17
13
9
9
7
-10
-41
-69
-74
-56
-29
-7
4
10
14
13
-1
-10
0
27
50
45
12
-25
-46
-50
-38
-14
21
57
81
92
102
114
120
104
62
16
-11
-10
3
10
6
9
28
59
83
91
90
88
89
79
48
-4
-60
-97
-110
-100
-83
-73
-75
-81
-77
-63
-50
-48
-55
-50
-31
-6
10
17
24
31
31
18
2
-11
-17
-23
-26
-22
-11
4
11
10
1
-12
-19
-14
-2
9
14
14
12
12
13
14
11
-2
-28
-56
-75
-82
-77
-72
-71
-77
-86
-85
-65
-29
7
28
36
41
50
64
74
68
48
22
-2
-14
-10
16
56
101
139
168
187
198
199
195
183
157
116
68
29
17
27
46
56
52
41
38
52
70
78
67
43
18
2
-4
-2
8
19
23
17
2
-10
-14
-9
3
17
33
49
53
35
-2
-41
-70
-88
-100
-106
-103
-88
-69
-52
-38
-29
-29
-40
-54
-70
-87
-112
-140
-162
-159
-133
-93
-58
-39
-33
-32
-29
-26
-21
-16
-18
-29
-56
-96
-137
-163
-171
-160
-132
-85
-30
26
72
103
109
92
64
43
41
53
58
45
22
12
28
65
105
136
149
144
120
81
42
16
5
-2
-13
-31
-47
-61
-68
-58
-28
20
63
87
77
40
-16
-72
-108
-116
-101
-85
-72
-69
-76
-88
-98
-95
-81
-64
-51
-39
-19
3
9
-14
-59
-99
-116
-104
-70
-28
3
11
-10
-45
-71
-67
-41
-15
-4
-2
5
18
31
40
55
84
117
144
161
172
178
170
146
121
106
97
88
76
76
92
117
146
179
215
241
244
222
189
166
161
169
173
165
143
118
103
103
113
124
125
114
100
93
96
95
71
22
-33
-86
-133
-187
-241
-279
-293
-286
-270
-244
-213
-187
-179
-187
-205
-227
-251
-271
-277
-269
-254
-243
-229
-206
-172
-146
-137
-140
-138
-125
-106
-89
-78
-71
-62
-53
-46
-36
-24
-5
13
26
35
46
67
108
157
196
214
213
207
210
216
219
214
210
211
222
248
290
331
342
316
269
238
225
207
162
94
30
-11
-30
-22
8
52
84
85
63
44
43
45
31
6
-14
-24
-42
-75
-110
-126
-126
-128
-143
-160
-166
-159
-143
-128
-125
-136
-154
-152
-124
-90
-81
-105
-145
-174
-190
-194
-193
-183
-159
-132
-119
-134
-173
-220
-251
-262
-258
-254
-256
-262
-260
-236
-190
-134
-78
-27
16
37
21
-21
-62
-78
-68
-40
7
83
182
278
341
362
356
339
309
270
235
224
251
301
352
390
424
458
490
504
500
488
470
436
371
285
196
126
83
60
50
48
47
37
12
-17
-30
-14
19
43
39
-4
-67
-131
-177
-199
-206
-219
-250
-303
-365
-409
-419
-390
-334
-273
-228
-210
-227
-273
-339
-403
-452
-480
-489
-475
-441
-396
-356
-329
-309
-279
-239
-203
-188
-193
-207
-217
-226
-239
-248
-234
-185
-106
-17
66
125
143
114
57
7
-8
8
34
49
49
41
32
27
30
44
74
116
158
191
215
252
311
393
478
542
565
533
452
355
286
263
286
338
418
523
636
722
755
740
697
640
578
512
448
392
353
334
325
309
274
227
179
130
69
-8
-79
-130
-164
-194
-228
-260
-287
-320
-370
-442
-522
-590
-620
-601
-547
-486
-434
-386
-335
-277
-227
-202
-210
-246
-282
-295
-278
-243
-206
-159
-92
-9
71
140
193
226
228
209
187
160
111
35
-31
-47
-20
-1
-29
-102
-210
-347
-495
-620
-683
-686
-653
-612
-571
-534
-509
-497
-483
-444
-387
-340
-326
-343
-369
-374
-341
-272
-186
-113
-75
-73
-84
-94
-105
-116
-109
-70
-11
41
70
92
129
198
300
435
597
773
952
1141
1336
1514
1638
1687
1672
1620
1530
1393
1199
976
772
617
507
409
309
226
186
168
125
28
-90
-189
-270
-371
-506
-639
-739
-813
-881
-938
-957
-934
-887
-812
-683
-502
-324
-199
-124
-62
5
58
85
98
106
102
79
56
53
63
75
97
142
196
222
205
160
95
-1
-135
-281
-407
-504
-587
-658
-697
-687
-628
-527
-395
-263
-169
-139
-164
-220
-285
-346
-383
-383
-355
-316
-277
-241
-207
-172
-124
-55
21
67
67
42
25
30
36
29
19
15
10
-12
-55
-101
-134
-140
-127
-108
-90
-77
-73
-81
-97
-108
-78
6
120
235
344
462
583
675
712
703
677
649
611
566
530
520
533
550
545
515
475
441
406
343
247
143
73
48
50
63
80
92
81
41
-18
-84
-150
-203
-220
-193
-138
-80
-20
53
128
180
196
191
192
199
204
200
185
153
100
46
12
0
-14
-44
-87
-130
-184
-249
-308
-332
-306
-239
-138
-18
88
137
105
12
-107
-236
-369
-484
-551
-551
-503
-437
-363
-291
-244
-246
-298
-380
-479
-600
-741
-872
-950
-966
-940
-904
-873
-851
-848
-877
-931
-980
-994
-972
-927
-865
-777
-680
-606
-570
-544
-488
-394
-270
-94
169
527
934
1334
1700
2024
2301
2521
2683
2768
2742
2587
2343
2080
1835
1608
1402
1232
1095
950
769
580
434
330
211
34
-184
-399
-589
-775
-966
-1139
-1258
-1321
-1352
-1369
-1351
-1263
-1109
-941
-805
-686
-546
-385
-244
-153
-104
-77
-69
-73
-74
-59
-33
10
95
224
352
428
452
471
509
535
499
394
260
141
55
-14
-82
-142
-170
-150
-86
-13
49
95
135
171
193
189
160
122
102
100
98
84
66
58
58
54
41
23
-16
-87
-182
-259
-293
-300
-314
-345
-388
-451
-544
-651
-733
-772
-777
-762
-727
-677
-632
-605
-586
-563
-544
-544
-562
-589
-613
-611
-561
-473
-389
-344
-323
-297
-274
-286
-333
-372
-368
-329
-284
-237
-167
-51
117
329
567
808
1036
1239
1412
1572
1731
1892
2030
2108
2115
2066
1964
1803
1599
1409
1284
1206
1109
967
819
714
635
526
351
124
-134
-405
-673
-911
-1103
-1251
-1359
-1417
-1407
-1342
-1256
-1173
-1084
-989
-910
-869
-856
-818
-711
-555
-414
-328
-278
-216
-122
-15
80
160
243
336
441
552
662
767
851
898
891
834
739
636
550
487
437
384
334
288
239
170
84
1
-68
-140
-234
-337
-417
-471
-515
-557
-581
-579
-578
-610
-666
-708
-718
-721
-737
-764
-783
-796
-814
-842
-873
-901
-932
-962
-979
-983
-991
-1020
-1054
-1064
-1035
-981
-929
-883
-823
-725
-582
-390
-148
140
462
809
1178
1567
1939
2255
2490
2649
2742
2765
2706
2572
2377
2141
1880
1630
1422
1265
1129
987
827
650
453
240
31
-163
-367
-608
-872
-1112
-1301
-1455
-1575
-1621
-1563
-1437
-1316
-1215
-1073
-865
-657
-544
-523
-505
-433
-349
-331
-379
-416
-369
-225
-31
165
350
530
716
884
999
1035
1014
971
907
784
586
353
136
-46
-208
-337
-395
-369
-298
-232
-178
-108
-19
62
99
74
-8
-128
-255
-362
-439
-498
-546
-566
-538
-459
-343
-206
-74
34
112
176
229
250
223
161
90
11
-101
-240
-385
-512
-622
-718
-791
-827
-841
-860
-892
-925
-964
-1023
-1110
-1219
-1337
-1443
-1517
-1543
-1517
-1431
-1253
-956
-569
-149
278
745
1274
1822
2314
2717
3047
3297
3423
3402
3255
3027
2744
2416
2094
1828
1625
1446
1268
1106
973
838
649
388
89
-207
-494
-802
-1150
-1517
-1848
-2095
-2238
-2291
-2275
-2208
-2102
-1965
-1803
-1616
-1415
-1226
-1072
-952
-849
-739
-607
-458
-304
-161
-23
139
368
658
972
1262
1504
1685
1788
1804
1747
1648
1517
1334
1081
778
490
281
183
164
180
217
291
418
553
617
572
458
330
187
-23
-319
-650
-936
-1146
-1294
-1398
-1449
-1441
-1375
-1259
-1091
-885
-690
-558
-506
-513
-546
-609
-714
-854
-997
-1124
-1239
-1331
-1377
-1362
-1296
-1217
-1150
-1100
-1067
-1065
-1108
-1193
-1297
-1388
-1436
-1423
-1334
-1163
-892
-510
-12
606
1348
2187
3019
3711
4206
4553
4814
4953
4883
4595
4186
3744
3263
2729
2225
1873
1690
1560
1378
1167
1010
904
725
375
-115
-630
-1095
-1536
-1992
-2451
-2841
-3094
-3190
-3151
-3009
-2773
-2442
-2048
-1666
-1371
-1153
-946
-745
-635
-679
-783
-785
-646
-478
-376
-273
-52
288
655
1003
1350
1686
1931
2038
2027
1920
1687
1320
883
465
95
-228
-477
-615
-651
-609
-470
-209
121
399
561
639
663
584
351
-3
-383
-755
-1140
-1518
-1810
-1955
-1946
-1799
-1512
-1102
-638
-203
157
424
561
535
354
73
-270
-676
-1133
-1568
-1874
-2004
-2000
-1922
-1780
-1534
-1197
-860
-643
-598
-715
-964
-1324
-1764
-2229
-2651
-2970
-3112
-2995
-2571
-1835
-822
404
1736
3056
4315
5533
6679
7566
7966
7826
7322
6651
5848
4890
3896
3108
2649
2399
2162
1901
1721
1688
1706
1625
1366
942
357
-420
-1402
-2518
-3618
-4549
-5225
-5632
-5760
-5584
-5107
-4428
-3684
-2948
-2222
-1540
-1041
-824
-817
-860
-917
-1091
-1399
-1654
-1644
-1368
-951
-393
428
1504
2594
3472
4146
4719
5121
5139
4717
4038
3294
2470
1483
425
-457
-1011
-1280
-1373
-1310
-1071
-713
-358
-91
73
140
84
-128
-504
-1018
-1626
-2249
-2790
-3156
-3299
-3194
-2859
-2353
-1752
-1107
-436
214
740
1052
1167
1162
1047
749
256
-311
-796
-1161
-1466
-1702
-1770
-1623
-1364
-1127
-934
-748
-619
-690
-1024
-1531
-2086
-2669
-3296
-3891
-4313
-4489
-4433
-4123
-3435
-2286
-753
982
2760
4474
6004
7217
8058
8555
8730
8566
8070
7311
6373
5323
4270
3371
2718
2248
1866
1604
1561
1680
1725
1535
1186
820
381
-322
-1343
-2481
-3487
-4274
-4884
-5309
-5454
-5254
-4776
-4169
-3537
-2897
-2242
-1650
-1244
-1074
-1037
-1017
-1025
-1155
-1370
-1481
-1355
-1048
-663
-156
587
1527
2439
3136
3624
3990
4227
4235
3946
3388
2653
1848
1071
362
-299
-911
-1385
-1609
-1550
-1278
-879
-421
8
298
380
270
13
-358
-797
-1226
-1582
-1877
-2152
-2387
-2481
-2366
-2077
-1697
-1254
-726
-107
524
1038
1338
1407
1274
974
534
-12
-616
-1225
-1769
-2183
-2423
-2494
-2421
-2224
-1951
-1707
-1605
-1682
-1898
-2219
-2664
-3234
-3843
-4356
-4689
-4805
-4641
-4085
-3036
-1481
440
2463
4334
5987
7535
9017
10196
10737
10595
10036
9269
8219
6795
5226
3914
2993
2266
1602
1180
1204
1555
1859
1884
1672
1316
773
-50
-1123
-2286
-3395
-4410
-5340
-6111
-6573
-6614
-6281
-5726
-5050
-4256
-3362
-2494
-1807
-1342
-1034
-840
-780
-868
-1058
-1274
-1428
-1398
-1071
-450
344
1209
2137
3120
4049
4778
5249
5481
5453
5091
4376
3401
2298
1159
80
-818
-1411
-1654
-1597
-1357
-1061
-766
-448
-87
228
320
111
-310
-817
-1392
-2057
-2723
-3225
-3479
-3538
-3435
-3092
-2436
-1547
-609
251
1021
1677
2122
2222
1926
1289
444
-457
-1293
-2000
-2561
-2941
-3073
-2928
-2582
-2203
-1914
-1715
-1548
-1444
-1551
-1987
-2689
-3448
-4096
-4580
-4880
-4884
-4449
-3548
-2278
-750
991
2888
4814
6635
8262
9576
10361
10423
9813
8819
7714
6536
5212
3819
2636
1898
1593
1524
1543
1640
1819
1968
1910
1567
971
157
-924
-2281
-3758
-5095
-6128
-6861
-7318
-7421
-7069
-6308
-5321
-4271
-3244
-2301
-1548
-1048
-759
-596
-537
-611
-819
-1085
-1300
-1368
-1223
-832
-196
657
1691
2848
4006
4980
5611
5863
5818
5554
5048
4233
3165
2048
1069
240
-500
-1089
-1356
-1244
-898
-481
-19
474
843
905
663
260
-268
-1020
-1992
-2975
-3757
-4303
-4615
-4582
-4079
-3191
-2145
-1076
8
1027
1767
2100
2102
1876
1380
538
-544
-1611
-2483
-3134
-3559
-3704
-3532
-3106
-2537
-1933
-1425
-1162
-1228
-1569
-2054
-2601
-3191
-3804
-4352
-4685
-4637
-4095
-3060
-1651
1
1811
3716
5632
7467
9137
10485
11228
11117
10207
8874
7498
6188
4862
3529
2381
1586
1173
1083
1257
1595
1917
2061
1987
1701
1142
225
-1001
-2353
-3682
-4926
-6005
-6756
-7060
-6963
-6570
-5895
-4920
-3766
-2675
-1805
-1114
-526
-100
24
-172
-536
-914
-1241
-1480
-1525
-1253
-658
146
1053
2036
3064
4002
4679
5005
5002
4711
4152
3375
2479
1518
487
-570
-1479
-2050
-2255
-2207
-1980
-1535
-902
-291
53
100
-6
-196
-580
-1252
-2100
-2910
-3569
-4090
-4429
-4440
-4032
-3307
-2447
-1530
-525
528
1461
2089
2342
2263
1910
1327
562
-299
-1140
-1845
-2340
-2616
-2681
-2539
-2224
-1850
-1571
-1428
-1345
-1283
-1359
-1735
-2401
-3151
-3792
-4265
-4540
-4461
-3804
-2438
-461
1827
4058
6015
7753
9429
10975
11983
12042
11172
9809
8355
6868
5244
3562
2142
1241
834
709
694
774
997
1320
1549
1451
917
18
-1131
-2476
-3950
-5392
-6604
-7499
-8099
-8372
-8205
-7551
-6544
-5368
-4096
-2778
-1590
-750
-294
-71
-13
-251
-824
-1440
-1693
-1504
-1141
-775
-222
774
2127
3465
4527
5321
5910
6228
6153
5659
4814
3719
2498
1298
203
-776
-1571
-2002
-1935
-1461
-844
-262
265
721
974
874
407
-305
-1126
-1963
-2765
-3480
-4041
-4347
-4307
-3925
-3320
-2604
-1781
-802
273
1237
1904
2221
2233
1969
1454
780
91
-518
-1053
-1524
-1853
-1925
-1735
-1434
-1196
-1074
-1017
-1015
-1177
-1625
-2352
-3191
-3933
-4449
-4677
-4560
-4012
-2974
-1482
318
2241
4163
6075
7985
9754
11063
11623
11394
10582
9418
8010
6411
4738
3177
1877
914
321
86
133
340
587
752
688
305
-365
-1230
-2267
-3522
-4924
-6230
-7190
-7736
-7942
-7848
-7406
-6595
-5479
-4195
-2903
-1765
-884
-270
104
228
85
-248
-625
-948
-1203
-1333
-1191
-689
103
1039
2062
3144
4153
4878
5209
5192
4906
4369
3606
2689
1681
626
-359
-1065
-1367
-1359
-1224
-1025
-719
-357
-112
-74
-164
-306
-599
-1202
-2098
-3065
-3898
-4537
-4973
-5102
-4799
-4073
-3090
-2021
-945
95
1004
1660
2014
2096
1932
1506
845
57
-720
-1412
-1997
-2421
-2587
-2460
-2135
-1794
-1555
-1420
-1360
-1427
-1738
-2340
-3111
-3848
-4425
-4812
-4933
-4590
-3633
-2125
-305
1639
3641
5652
7581
9354
10912
12055
12435
11862
10566
9022
7496
5944
4332
2882
1878
1358
1145
1110
1254
1548
1807
1819
1465
733
-324
-1600
-2951
-4263
-5484
-6552
-7358
-7794
-7834
-7506
-6832
-5844
-4654
-3442
-2358
-1462
-770
-314
-139
-244
-566
-990
-1385
-1637
-1661
-1424
-934
-200
762
1897
3075
4121
4900
5378
5568
5458
5003
4198
3141
1982
862
-103
-821
-1251
-1415
-1355
-1093
-670
-214
113
242
199
-16
-483
-1243
-2197
-3183
-4098
-4880
-5418
-5576
-5322
-4735
-3897
-2854
-1703
-625
228
844
1271
1495
1445
1128
649
125
-382
-833
-1166
-1322
-1293
-1141
-976
-917
-1023
-1255
-1557
-1950
-2528
-3308
-4140
-4807
-5187
-5267
-5027
-4368
-3181
-1456
667
2938
5129
7141
8998
10652
11846
12266
11839
10783
9370
7737
5998
4350
2987
1955
1231
841
792
925
1024
1059
1120
1142
847
82
-1007
-2212
-3513
-4939
-6311
-7341
-7919
-8115
-7932
-7276
-6208
-5008
-3896
-2857
-1826
-925
-356
-184
-321
-668
-1135
-1574
-1847
-1934
-1864
-1564
-908
83
1211
2341
3485
4631
5576
6082
6112
5783
5177
4294
3185
2005
919
54
-485
-662
-570
-371
-117
238
648
906
844
514
56
-527
-1322
-2290
-3237
-4010
-4587
-4932
-4929
-4530
-3879
-3161
-2400
-1530
-613
149
619
816
785
501
-32
-672
-1248
-1681
-1971
-2069
-1908
-1525
-1089
-751
-556
-495
-596
-925
-1525
-2377
-3370
-4316
-5017
-5357
-5283
-4736
-3663
-2098
-186
1917
4094
6250
8283
10091
11524
12319
12215
11215
9680
8046
6477
4897
3308
1952
1098
804
919
1239
1609
1908
2034
1894
1419
568
-630
-2080
-3662
-5245
-6684
-7823
-8555
-8839
-8664
-8008
-6890
-5432
-3844
-2348
-1128
-269
258
533
548
194
-547
-1444
-2141
-2429
-2344
-1979
-1321
-309
1006
2468
3889
5121
6057
6644
6851
6642
6006
5055
3981
2895
1768
623
-348
-929
-1117
-1084
-924
-616
-229
21
-25
-312
-725
-1300
-2124
-3115
-4039
-4750
-5256
-5574
-5617
-5309
-4683
-3836
-2829
-1747
-778
-120
176
204
63
-220
-628
-1108
-1583
-1974
-2176
-2114
-1840
-1519
-1247
-974
-651
-396
-420
-802
-1448
-2257
-3190
-4116
-4760
-4909
-4583
-3909
-2841
-1193
1038
3516
5857
7918
9731
11211
12121
12333
11939
11072
9737
7988
6117
4494
3235
2197
1337
884
1016
1533
2030
2320
2485
2515
2164
1232
-167
-1764
-3435
-5155
-6749
-7919
-8554
-8803
-8770
-8307
-7262
-5789
-4240
-2825
-1543
-448
259
463
300
-30
-500
-1147
-1815
-2187
-2116
-1756
-1292
-683
231
1434
2690
3788
4691
5386
5753
5653
5121
4342
3453
2475
1456
560
-42
-337
-422
-347
-90
310
696
907
874
591
44
-768
-1771
-2814
-3751
-4490
-4985
-5223
-5200
-4887
-4245
-3300
-2217
-1193
-327
391
953
1251
1180
778
221
-317
-775
-1162
-1463
-1621
-1585
-1384
-1097
-787
-498
-312
-366
-748
-1387
-2114
-2810
-3440
-3915
-4057
-3701
-2853
-1600
27
2015
4229
6412
8341
9910
11015
11491
11245
10385
9131
7631
5976
4311
2850
1741
1045
791
977
1469
2041
2541
2924
3081
2781
1884
528
-1045
-2734
-4518
-6220
-7559
-8416
-8868
-8914
-8392
-7291
-5916
-4607
-3386
-2118
-913
-110
135
-15
-378
-982
-1829
-2641
-3056
-3008
-2701
-2245
-1522
-447
842
2114
3252
4212
4860
5044
4770
4225
3563
2811
1967
1139
486
108
20
200
600
1095
1527
1776
1790
1548
1019
203
-832
-1960
-3052
-3999
-4721
-5170
-5329
-5177
-4712
-3981
-3096
-2190
-1339
-588
-12
269
193
-157
-579
-920
-1162
-1358
-1499
-1490
-1271
-897
-488
-122
160
278
111
-382
-1116
-1965
-2841
-3664
-4274
-4485
-4200
-3420
-2157
-427
1657
3870
6006
7964
9657
10917
11537
11434
10690
9469
7954
6330
4753
3339
2221
1549
1354
1436
1539
1644
1919
2343
2553
2201
1352
329
-764
-2125
-3824
-5524
-6775
-7461
-7802
-7921
-7674
-6922
-5811
-4621
-3464
-2265
-1074
-154
302
386
300
62
-418
-1044
-1530
-1718
-1689
-1502
-1002
-64
1124
2233
3151
3988
4731
5187
5256
5105
4894
4530
3858
2955
2091
1426
927
575
423
445
472
400
292
228
87
-314
-961
-1642
-2209
-2721
-3290
-3897
-4392
-4643
-4599
-4276
-3753
-3144
-2531
-1937
-1386
-959
-743
-735
-827
-917
-980
-1039
-1100
-1133
-1112
-1021
-869
-713
-611
-586
-632
-789
-1149
-1760
-2526
-3246
-3740
-3894
-3606
-2788
-1461
189
1947
3752
5657
7616
9354
10558
11131
11185
10797
9914
8525
6826
5091
3470
2030
916
325
238
412
629
890
1223
1457
1366
949
359
-399
-1503
-2956
-4434
-5633
-6592
-7484
-8179
-8280
-7634
-6541
-5396
-4298
-3158
-2031
-1119
-490
-30
295
319
-52
-602
-985
-1102
-1121
-1149
-1022
-508
385
1421
2401
3287
4056
4591
4779
4658
4354
3918
3300
2500
1651
911
337
-106
-432
-617
-641
-551
-434
-359
-376
-527
-857
-1382
-2061
-2781
-3408
-3855
-4112
-4205
-4133
-3853
-3332
-2630
-1900
-1278
-788
-381
-87
-36
-290
-706
-1058
-1263
-1405
-1529
-1547
-1383
-1107
-833
-589
-402
-419
-785
-1393
-1932
-2233
-2426
-2647
-2729
-2327
-1325
86
1693
3476
5410
7259
8704
9666
10308
10699
10653
9994
8841
7489
6082
4595
3111
1924
1238
933
752
640
720
968
1124
970
534
-54
-814
-1847
-3092
-4322
-5393
-6346
-7193
-7752
-7766
-7192
-6237
-5138
-3980
-2763
-1571
-596
-3
209
162
-26
-325
-726
-1134
-1390
-1413
-1247
-938
-410
453
1613
2843
3898
4651
5060
5105
4827
4356
3813
3182
2391
1507
748
282
73
-14
-55
-41
27
114
179
151
-95
-637
-1367
-2059
-2602
-3082
-3603
-4076
-4302
-4185
-3799
-3268
-2667
-2047
-1467
-967
-570
-305
-199
-214
-263
-322
-473
-775
-1126
-1338
-1317
-1161
-1046
-1063
-1191
-1393
-1685
-2094
-2541
-2834
-2834
-2567
-2126
-1462
-407
1064
2723
4342
5936
7623
9261
10450
10906
10690
10003
8932
7517
5946
4455
3136
1959
993
406
243
352
583
892
1194
1286
1044
574
2
-790
-2008
-3560
-5025
-6098
-6861
-7533
-8060
-8113
-7495
-6389
-5150
-3967
-2805
-1649
-667
-82
76
-33
-274
-636
-1102
-1522
-1737
-1756
-1662
-1367
-665
437
1619
2569
3295
3947
4460
4595
4286
3732
3113
2412
1624
928
494
223
-110
-497
-712
-657
-541
-608
-857
-1127
-1346
-1588
-1899
-2228
-2519
-2764
-2932
-2915
-2644
-2218
-1850
-1648
-1513
-1270
-888
-530
-357
-363
-413
-448
-524
-661
-742
-655
-473
-365
-373
-384
-342
-392
-720
-1324
-2021
-2621
-3032
-3222
-3165
-2822
-2112
-946
651
2452
4198
5861
7579
9307
10679
11333
11247
10636
9621
8228
6642
5176
3945
2781
1616
746
515
837
1286
1585
1775
1909
1789
1217
266
-832
-1987
-3251
-4568
-5716
-6537
-7068
-7360
-7310
-6801
-5930
-4949
-4015
-3101
-2183
-1377
-829
-555
-488
-631
-1019
-1526
-1854
-1816
-1532
-1232
-924
-398
441
1407
2271
3008
3707
4312
4647
4658
4475
4156
3592
2727
1765
994
474
42
-394
-731
-874
-903
-975
-1138
-1337
-1548
-1802
-2107
-2434
-2783
-3161
-3509
-3707
-3683
-3469
-3139
-2734
-2286
-1848
-1435
-1024
-630
-368
-352
-536
-728
-774
-672
-528
-431
-433
-536
-684
-792
-872
-1085
-1580
-2287
-2931
-3278
-3320
-3162
-2803
-2082
-837
912
2956
4999
6794
8208
9247
9975
10397
10394
9827
8722
7336
5979
4779
3645
2509
1527
960
853
970
1085
1213
1454
1691
1629
1117
281
-737
-1970
-3437
-4902
-6042
-6824
-7474
-8050
-8256
-7808
-6814
-5623
-4422
-3160
-1843
-663
205
756
995
814
180
-639
-1236
-1471
-1539
-1576
-1388
-709
383
1512
2446
3279
4127
4813
5062
4879
4526
4138
3579
2743
1822
1077
513
-57
-674
-1139
-1313
-1331
-1416
-1610
-1797
-1927
-2080
-2332
-2656
-2982
-3265
-3494
-3655
-3744
-3741
-3598
-3286
-2866
-2458
-2113
-1758
-1351
-982
-792
-772
-767
-666
-522
-443
-432
-405
-335
-304
-408
-642
-933
-1251
-1633
-2088
-2510
-2724
-2627
-2235
-1558
-491
1104
3148
5251
6970
8199
9191
10183
11021
11275
10692
9490
8135
6883
5625
4152
2539
1183
466
380
550
627
603
675
873
942
638
-32
-947
-2110
-3570
-5138
-6447
-7328
-7945
-8423
-8513
-7872
-6575
-5102
-3802
-2635
-1504
-586
-119
-44
-105
-235
-566
-1038
-1302
-1151
-797
-538
-271
358
1416
2545
3417
4070
4666
5127
5242
5014
4669
4301
3757
2929
1989
1197
613
96
-429
-900
-1257
-1521
-1729
-1873
-1972
-2116
-2367
-2707
-3086
-3490
-3888
-4182
-4285
-4217
-4061
-3816
-3439
-2967
-2533
-2194
-1849
-1423
-1022
-817
-806
-810
-699
-539
-453
-450
-429
-344
-279
-345
-573
-909
-1305
-1729
-2116
-2344
-2314
-2016
-1457
-551
808
2521
4257
5776
7178
8675
10126
11041
11125
10569
9713
8613
7197
5631
4234
3074
1990
1040
550
619
852
877
799
896
1037
796
48
-951
-2057
-3427
-5048
-6503
-7435
-7989
-8473
-8754
-8396
-7343
-6084
-5025
-4041
-2834
-1488
-422
116
262
242
90
-257
-710
-1036
-1069
-839
-445
108
914
1968
3095
4072
4816
5345
5637
5606
5227
4589
3785
2866
1931
1135
527
-3
-520
-886
-959
-881
-968
-1302
-1652
-1849
-2054
-2507
-3168
-3785
-4213
-4499
-4659
-4608
-4337
-4026
-3817
-3608
-3188
-2551
-1934
-1558
-1411
-1324
-1184
-1005
-860
-771
-685
-525
-273
-17
75
-104
-497
-932
-1285
-1565
-1848
-2128
-2280
-2137
-1591
-582
937
2914
5066
6947
8315
9354
10404
11415
11869
11324
9944
8308
6815
5425
3984
2566
1403
632
226
107
197
400
608
733
681
334
-362
-1335
-2476
-3722
-4989
-6116
-6981
-7634
-8146
-8358
-7998
-7076
-5964
-4949
-3932
-2720
-1478
-586
-156
73
278
314
32
-395
-666
-732
-719
-580
-82
836
1902
2835
3643
4476
5299
5888
6068
5837
5257
4380
3318
2263
1352
561
-170
-797
-1217
-1439
-1593
-1791
-2010
-2181
-2309
-2458
-2667
-2924
-3226
-3586
-3977
-4308
-4497
-4519
-4405
-4191
-3902
-3552
-3158
-2741
-2329
-1918
-1478
-1019
-615
-337
-155
22
192
235
75
-221
-551
-938
-1452
-2021
-2437
-2590
-2541
-2336
-1833
-840
651
2446
4353
6260
8025
9439
10375
10885
11064
10865
10158
8972
7567
6204
4932
3669
2455
1508
1024
954
1074
1215
1355
1485
1468
1125
453
-406
-1387
-2591
-4044
-5481
-6553
-7228
-7762
-8231
-8309
-7695
-6593
-5520
-4691
-3862
-2827
-1794
-1101
-770
-567
-387
-321
-374
-420
-434
-551
-741
-668
-54
933
1875
2607
3309
4110
4852
5292
5387
5245
4920
4404
3734
2990
2190
1323
450
-305
-886
-1330
-1660
-1866
-1976
-2090
-2261
-2429
-2545
-2681
-2959
-3369
-3757
-3986
-4059
-4071
-4072
-4017
-3818
-3450
-2987
-2561
-2247
-2017
-1796
-1537
-1234
-883
-500
-157
51
90
2
-187
-513
-1006
-1600
-2154
-2544
-2692
-2552
-2102
-1327
-208
1285
3104
5083
7008
8740
10213
11315
11857
11693
10835
9449
7776
6061
4481
3095
1889
941
429
428
753
1128
1457
1780
2011
1889
1272
296
-858
-2225
-3876
-5605
-7019
-7954
-8588
-9055
-9147
-8597
-7493
-6218
-5019
-3843
-2642
-1603
-943
-612
-404
-277
-365
-661
-918
-948
-872
-888
-876
-450
541
1787
2872
3729
4549
5378
5986
6191
6073
5797
5344
4602
3626
2643
1788
982
139
-649
-1220
-1570
-1844
-2139
-2408
-2569
-2642
-2736
-2929
-3192
-3417
-3521
-3535
-3573
-3713
-3893
-3975
-3888
-3689
-3477
-3265
-2999
-2651
-2252
-1841
-1413
-965
-552
-278
-184
-207
-248
-305
-493
-912
-1520
-2125
-2519
-2592
-2365
-1914
-1275
-358
1009
2874
5011
6999
8552
9684
10575
11255
11523
11144
10090
8585
6942
5392
3984
2662
1445
525
109
164
423
676
971
1403
1804
1825
1301
380
-757
-2118
-3692
-5217
-6375
-7167
-7824
-8349
-8376
-7664
-6507
-5433
-4578
-3650
-2476
-1322
-548
-183
-39
-74
-376
-856
-1221
-1323
-1317
-1346
-1258
-777
130
1231
2315
3333
4258
5001
5503
5793
5855
5572
4919
4094
3331
2636
1841
913
34
-633
-1128
-1559
-1929
-2181
-2351
-2537
-2750
-2940
-3134
-3423
-3776
-4006
-3998
-3863
-3782
-3757
-3648
-3424
-3195
-3023
-2799
-2441
-2051
-1766
-1535
-1203
-795
-515
-437
-361
-122
122
61
-356
-875
-1276
-1571
-1825
-1926
-1682
-1038
-97
1047
2387
3933
5641
7410
9074
10422
11285
11624
11456
10771
9598
8136
6667
5293
3911
2504
1331
673
504
525
553
677
979
1276
1257
788
-25
-1067
-2327
-3782
-5257
-6525
-7495
-8210
-8679
-8778
-8397
-7586
-6520
-5335
-4086
-2869
-1854
-1154
-750
-586
-707
-1133
-1687
-2063
-2130
-2020
-1885
-1644
-1082
-119
1095
2331
3428
4317
4992
5492
5826
5918
5666
5078
4290
3438
2575
1704
850
62
-620
-1152
-1517
-1762
-2008
-2331
-2666
-2871
-2906
-2885
-2941
-3071
-3152
-3108
-3000
-2940
-2946
-2926
-2817
-2679
-2603
-2574
-2501
-2370
-2242
-2095
-1794
-1287
-741
-368
-167
-4
98
-35
-430
-849
-1085
-1225
-1443
-1644
-1513
-888
79
1190
2442
3927
5624
7378
9003
10315
11129
11326
10930
10063
8848
7396
5854
4348
2947
1716
792
278
94
57
90
260
546
731
617
216
-370
-1178
-2323
-3734
-5125
-6256
-7106
-7730
-8065
-8001
-7555
-6877
-6061
-5080
-3912
-2697
-1687
-1072
-835
-796
-796
-804
-882
-1051
-1231
-1293
-1139
-706
33
1032
2136
3173
4068
4842
5495
5967
6209
6219
6006
5549
4860
4030
3169
2323
1483
677
-28
-608
-1101
-1563
-1999
-2394
-2747
-3062
-3331
-3546
-3702
-3797
-3829
-3806
-3752
-3675
-3552
-3374
-3175
-2987
-2807
-2622
-2481
-2431
-2426
-2327
-2067
-1748
-1497
-1296
-1023
-669
-408
-396
-601
-876
-1122
-1317
-1427
-1375
-1117
-642
74
1093
2439
4062
5837
7582
9080
10192
10906
11235
11067
10279
8994
7575
6260
4943
3448
1924
771
184
-25
-121
-142
6
271
430
321
-32
-560
-1289
-2290
-3507
-4742
-5807
-6666
-7359
-7825
-7892
-7479
-6737
-5879
-4955
-3870
-2667
-1619
-947
-588
-327
-118
-93
-295
-567
-755
-852
-864
-655
-77
788
1685
2478
3252
4099
4898
5431
5627
5619
5527
5314
4869
4188
3380
2550
1723
924
230
-319
-808
-1350
-1924
-2396
-2706
-2935
-3171
-3399
-3556
-3635
-3668
-3646
-3558
-3469
-3474
-3562
-3608
-3524
-3355
-3177
-2989
-2736
-2408
-2074
-1802
-1600
-1427
-1258
-1096
-973
-941
-1068
-1370
-1757
-2047
-2113
-1971
-1707
-1308
-649
339
1588
3018
4636
6423
8140
9460
10282
10775
11071
11020
10415
9329
8070
6824
5521
4075
2640
1504
822
522
441
443
438
385
278
90
-280
-954
-1950
-3117
-4240
-5196
-6018
-6780
-7440
-7798
-7660
-7052
-6196
-5274
-4281
-3206
-2257
-1718
-1593
-1566
-1391
-1184
-1190
-1373
-1442
-1248
-956
-722
-417
202
1135
2126
2983
3722
4405
4963
5285
5376
5314
5096
4662
4066
3482
2997
2489
1815
1040
374
-105
-540
-1068
-1633
-2095
-2453
-2829
-3268
-3673
-3953
-4144
-4313
-4433
-4428
-4283
-4069
-3846
-3609
-3353
-3100
-2878
-2694
-2518
-2306
-2028
-1724
-1479
-1329
-1215
-1073
-943
-932
-1067
-1231
-1314
-1337
-1366
-1357
-1154
-661
73
963
2025
3344
4909
6513
7889
8910
9656
10247
10637
10597
9962
8853
7617
6508
5472
4316
3022
1845
1042
603
329
104
-13
6
6
-211
-665
-1235
-1900
-2780
-3893
-5011
-5884
-6513
-7050
-7476
-7535
-7069
-6250
-5371
-4529
-3601
-2551
-1548
-795
-336
-98
-53
-218
-528
-819
-965
-967
-890
-706
-306
353
1159
1950
2681
3414
4174
4844
5254
5324
5087
4619
4031
3440
2907
2365
1708
962
288
-225
-678
-1189
-1702
-2069
-2272
-2461
-2746
-3068
-3320
-3504
-3668
-3806
-3857
-3825
-3796
-3830
-3879
-3834
-3633
-3325
-3020
-2771
-2511
-2138
-1662
-1221
-918
-727
-569
-464
-500
-708
-1014
-1333
-1634
-1878
-1961
-1763
-1252
-487
466
1603
2961
4519
6118
7504
8525
9269
9915
10441
10564
10046
9017
7843
6736
5603
4309
2970
1880
1204
832
551
286
118
98
101
-85
-539
-1147
-1817
-2632
-3721
-4982
-6112
-6913
-7448
-7820
-7945
-7673
-7052
-6279
-5440
-4462
-3354
-2324
-1548
-977
-491
-155
-141
-422
-718
-818
-798
-813
-764
-389
373
1262
2030
2747
3615
4577
5318
5631
5645
5559
5347
4861
4149
3447
2847
2185
1344
496
-88
-410
-725
-1176
-1640
-1958
-2179
-2451
-2793
-3100
-3337
-3567
-3816
-3994
-4025
-3968
-3939
-3960
-3943
-3803
-3529
-3169
-2778
-2410
-2104
-1866
-1663
-1463
-1276
-1156
-1149
-1236
-1353
-1453
-1551
-1679
-1797
-1796
-1589
-1199
-684
-21
894
2091
3438
4756
5981
7161
8278
9192
9752
9931
9778
9317
8563
7596
6532
5400
4178
2978
2043
1495
1143
708
191
-123
-92
31
-128
-622
-1222
-1817
-2578
-3625
-4764
-5681
-6327
-6878
-7349
-7480
-7103
-6405
-5690
-4974
-4059
-2943
-1939
-1314
-994
-764
-572
-501
-523
-524
-516
-606
-729
-592
-21
792
1530
2130
2750
3444
4065
4493
4766
4925
4891
4602
4148
3652
3076
2329
1477
721
139
-391
-983
-1550
-1942
-2167
-2379
-2673
-2968
-3159
-3250
-3330
-3428
-3463
-3381
-3263
-3253
-3375
-3465
-3381
-3167
-2993
-2897
-2736
-2409
-2021
-1725
-1499
-1207
-827
-486
-281
-192
-208
-399
-770
-1165
-1413
-1522
-1590
-1585
-1332
-718
193
1298
2596
4128
5813
7426
8750
9710
10337
10620
10476
9868
8912
7804
6625
5313
3868
2491
1448
798
385
86
-59
-7
116
102
-122
-501
-1024
-1794
-2847
-4035
-5133
-6049
-6838
-7518
-7947
-7928
-7431
-6644
-5777
-4861
-3806
-2641
-1580
-804
-285
81
256
120
-263
-604
-721
-707
-697
-577
-123
666
1553
2369
3151
3934
4596
5014
5214
5255
5065
4563
3875
3234
2681
2028
1193
375
-199
-575
-958
-1411
-1803
-2054
-2253
-2496
-2754
-2971
-3199
-3508
-3836
-4036
-4067
-4028
-4006
-3968
-3844
-3637
-3389
-3094
-2728
-2339
-2023
-1787
-1513
-1108
-633
-242
-5
138
252
302
203
-57
-408
-785
-1158
-1481
-1646
-1538
-1116
-408
534
1657
2918
4319
5845
7356
8598
9392
9759
9809
9531
8832
7772
6594
5447
4240
2884
1566
620
152
-43
-178
-254
-203
-93
-76
-217
-505
-988
-1759
-2785
-3848
-4748
-5467
-6091
-6621
-6899
-6800
-6385
-5837
-5260
-4591
-3739
-2776
-1907
-1263
-796
-408
-124
-31
-94
-155
-122
-50
17
174
530
1035
1550
2050
2618
3250
3801
4174
4418
4585
4587
4340
3933
3518
3066
2412
1540
681
41
-434
-910
-1416
-1830
-2104
-2318
-2547
-2763
-2921
-3042
-3173
-3301
-3395
-3457
-3525
-3599
-3649
-3640
-3556
-3411
-3229
-3033
-2806
-2508
-2122
-1695
-1274
-863
-466
-143
34
59
-20
-195
-505
-940
-1386
-1714
-1870
-1839
-1567
-979
-79
1052
2365
3859
5487
7061
8347
9231
9756
9994
9895
9353
8395
7217
6019
4829
3581
2325
1276
600
238
2
-187
-261
-186
-93
-156
-418
-804
-1292
-1970
-2881
-3894
-4803
-5529
-6160
-6735
-7098
-7036
-6549
-5859
-5144
-4378
-3475
-2505
-1649
-970
-419
-16
123
10
-134
-159
-172
-323
-468
-277
303
963
1462
1938
2623
3432
4050
4362
4534
4678
4646
4299
3727
3120
2489
1731
891
159
-366
-780
-1178
-1501
-1659
-1701
-1770
-1942
-2160
-2350
-2516
-2705
-2941
-3191
-3383
-3461
-3430
-3342
-3225
-3034
-2716
-2319
-1969
-1748
-1593
-1369
-1035
-695
-486
-434
-442
-421
-396
-453
-617
-830
-1029
-1213
-1382
-1456
-1335
-1011
-544
40
803
1802
2982
4194
5304
6261
7078
7768
8265
8440
8202
7615
6867
6090
5258
4285
3224
2273
1587
1134
774
458
253
220
277
253
35
-372
-908
-1562
-2374
-3325
-4291
-5128
-5784
-6281
-6593
-6639
-6394
-5945
-5374
-4647
-3721
-2705
-1836
-1221
-749
-293
83
205
43
-223
-401
-436
-367
-189
149
646
1229
1826
2419
2996
3502
3858
4019
3983
3767
3405
2972
2565
2213
1836
1341
757
238
-113
-345
-580
-853
-1122
-1386
-1698
-2055
-2377
-2607
-2782
-2946
-3066
-3088
-3048
-3008
-2965
-2852
-2660
-2444
-2235
-2034
-1867
-1778
-1719
-1576
-1319
-1057
-865
-683
-445
-258
-278
-475
-663
-759
-877
-1107
-1347
-1454
-1419
-1292
-1005
-438
392
1351
2397
3606
4944
6167
7074
7716
8231
8541
8417
7817
6991
6187
5364
4341
3120
1941
1024
389
-63
-372
-503
-463
-362
-353
-519
-844
-1274
-1799
-2446
-3198
-3957
-4618
-5163
-5602
-5852
-5780
-5378
-4816
-4255
-3666
-2958
-2196
-1549
-1063
-622
-187
87
86
-54
-105
-25
49
85
246
654
1220
1780
2305
2851
3387
3798
4039
4166
4199
4050
3651
3067
2444
1862
1297
721
163
-320
-702
-1004
-1271
-1526
-1760
-1956
-2124
-2291
-2465
-2633
-2799
-2995
-3209
-3357
-3360
-3250
-3127
-3034
-2921
-2733
-2492
-2244
-1998
-1739
-1481
-1245
-993
-686
-368
-152
-95
-156
-267
-412
-593
-800
-1027
-1276
-1505
-1612
-1527
-1281
-910
-351
484
1552
2698
3846
5032
6240
7279
7945
8243
8313
8196
7785
7043
6107
5128
4122
3061
2044
1258
757
410
94
-147
-209
-119
-55
-170
-463
-853
-1312
-1885
-2580
-3310
-3975
-4560
-5089
-5503
-5666
-5512
-5139
-4670
-4107
-3377
-2519
-1691
-1013
-492
-119
61
70
86
244
437
455
321
318
637
1133
1546
1855
2237
2751
3217
3472
3562
3620
3634
3457
3023
2440
1855
1321
797
272
-196
-555
-803
-983
-1144
-1311
-1476
-1622
-1751
-1908
-2153
-2488
-2826
-3074
-3222
-3342
-3469
-3536
-3468
-3288
-3079
-2868
-2587
-2184
-1712
-1275
-917
-614
-360
-194
-113
-43
66
123
-7
-327
-682
-941
-1133
-1328
-1479
-1467
-1273
-986
-616
-42
811
1822
2820
3799
4858
5962
6901
7522
7865
8005
7880
7395
6613
5717
4813
3879
2914
2036
1362
900
604
452
415
421
386
299
165
-68
-491
-1135
-1937
-2812
-3692
-4513
-5197
-5675
-5898
-5857
-5585
-5149
-4597
-3907
-3064
-2152
-1340
-742
-358
-133
-45
-76
-170
-279
-393
-494
-503
-332
11
451
961
1574
2271
2926
3416
3719
3858
3816
3562
3154
2710
2280
1825
1324
850
493
247
42
-151
-304
-420
-563
-764
-978
-1168
-1394
-1734
-2156
-2527
-2778
-2951
-3086
-3119
-2983
-2741
-2520
-2344
-2129
-1835
-1553
-1366
-1265
-1204
-1179
-1177
-1132
-1012
-910
-926
-1003
-970
-782
-607
-618
-789
-973
-1105
-1239
-1382
-1412
-1198
-745
-153
540
1393
2443
3597
4700
5678
6557
7327
7853
7982
7698
7135
6424
5600
4659
3650
2678
1821
1109
561
201
30
6
46
78
34
-137
-463
-938
-1526
-2185
-2875
-3555
-4194
-4756
-5188
-5407
-5324
-4927
-4320
-3664
-3047
-2413
-1692
-954
-369
-20
195
381
472
342
46
-169
-128
107
380
655
1002
1437
1872
2245
2560
2834
3031
3086
2962
2689
2339
1997
1686
1355
962
572
300
161
56
-108
-298
-440
-556
-757
-1096
-1512
-1901
-2218
-2463
-2637
-2727
-2723
-2642
-2498
-2308
-2088
-1856
-1616
-1359
-1079
-809
-607
-511
-494
-480
-417
-331
-296
-352
-459
-539
-526
-448
-407
-504
-740
-1009
-1201
-1302
-1359
-1369
-1240
-916
-428
165
873
1729
2697
3677
4611
5503
6324
6943
7229
7180
6913
6536
6048
5386
4531
3574
2661
1895
1283
773
338
-5
-229
-358
-463
-610
-833
-1139
-1514
-1931
-2363
-2817
-3309
-3821
-4279
-4608
-4778
-4792
-4645
-4303
-3767
-3094
-2380
-1699
-1080
-538
-98
203
339
336
256
151
34
-92
-157
-46
271
680
1027
1310
1653
2111
2560
2829
2892
2857
2786
2612
2270
1815
1362
962
592
246
-33
-226
-386
-565
-763
-967
-1194
-1477
-1800
-2109
-2355
-2520
-2616
-2679
-2733
-2757
-2676
-2436
-2097
-1777
-1516
-1258
-973
-744
-651
-644
-606
-496
-394
-360
-352
-308
-243
-216
-263
-383
-579
-840
-1116
-1352
-1538
-1691
-1780
-1731
-1488
-1049
-447
292
1167
2185
3314
4441
5405
6104
6584
6931
7120
7013
6531
5765
4875
3936
2966
2036
1277
754
429
240
178
246
399
537
564
409
60
-432
-994
-1607
-2305
-3089
-3870
-4512
-4921
-5045
-4871
-4452
-3911
-3342
-2734
-2041
-1313
-700
-293
-51
101
153
56
-151
-328
-375
-315
-221
-92
149
547
1047
1545
1991
2396
2764
3041
3161
3105
2908
2600
2194
1731
1291
948
724
595
528
489
449
390
308
184
-26
-346
-731
-1109
-1455
-1793
-2120
-2380
-2533
-2589
-2577
-2503
-2370
-2215
-2062
-1887
-1659
-1420
-1265
-1237
-1271
-1279
-1237
-1192
-1181
-1183
-1144
-1041
-911
-828
-848
-971
-1148
-1324
-1491
-1670
-1863
-2004
-1988
-1742
-1258
-556
354
1424
2546
3606
4592
5558
6481
7194
7539
7524
7270
6835
6167
5258
4237
3259
2393
1648
1066
714
580
552
522
458
390
337
260
63
-351
-982
-1731
-2489
-3220
-3907
-4466
-4785
-4842
-4716
-4459
-4049
-3489
-2869
-2265
-1676
-1093
-592
-275
-155
-175
-314
-557
-830
-1008
-1047
-984
-818
-473
60
668
1243
1803
2397
2938
3268
3334
3235
3043
2721
2233
1660
1144
720
328
-51
-332
-429
-372
-266
-169
-55
93
194
121
-171
-595
-1035
-1458
-1884
-2303
-2612
-2733
-2685
-2549
-2362
-2092
-1722
-1300
-896
-560
-305
-144
-80
-95
-176
-324
-543
-802
-1049
-1253
-1421
-1566
-1675
-1729
-1740
-1748
-1789
-1844
-1856
-1766
-1553
-1233
-804
-213
588
1553
2565
3540
4495
5449
6293
6864
7103
7096
6910
6496
5808
4941
4044
3161
2260
1401
740
351
152
53
73
242
454
537
426
171
-201
-724
-1393
-2118
-2824
-3499
-4114
-4556
-4730
-4654
-4416
-4045
-3540
-2949
-2378
-1873
-1394
-937
-589
-426
-399
-406
-421
-503
-660
-775
-714
-446
-52
381
822
1273
1717
2098
2363
2502
2543
2505
2358
2061
1637
1188
828
604
482
423
430
512
647
774
845
829
715
502
212
-132
-520
-961
-1436
-1880
-2245
-2519
-2705
-2759
-2632
-2344
-1986
-1645
-1340
-1067
-854
-742
-725
-765
-837
-957
-1124
-1297
-1423
-1496
-1533
-1549
-1563
-1600
-1678
-1784
-1898
-2018
-2133
-2198
-2159
-2009
-1787
-1479
-1005
-312
535
1415
2300
3262
4341
5428
6338
6947
7241
7256
7018
6560
5931
5161
4274
3338
2492
1855
1407
1031
668
393
299
340
350
220
-14
-263
-529
-904
-1432
-2038
-2605
-3090
-3516
-3867
-4072
-4086
-3963
-3784
-3558
-3214
-2735
-2214
-1774
-1446
-1178
-952
-839
-881
-989
-1017
-899
-696
-464
-183
189
631
1091
1553
2023
2437
2679
2717
2641
2551
2407
2118
1695
1274
960
751
601
504
461
442
432
465
552
621
575
420
217
-51
-462
-983
-1447
-1741
-1939
-2164
-2393
-2480
-2361
-2114
-1849
-1626
-1483
-1431
-1412
-1331
-1184
-1087
-1129
-1250
-1346
-1409
-1516
-1682
-1825
-1855
-1767
-1619
-1493
-1456
-1532
-1682
-1851
-2007
-2123
-2125
-1959
-1666
-1317
-871
-210
683
1685
2714
3822
5017
6102
6845
7228
7398
7412
7167
6623
5902
5117
4248
3275
2340
1650
1227
912
584
295
172
259
450
554
417
42
-427
-857
-1295
-1879
-2613
-3320
-3833
-4150
-4349
-4426
-4309
-3996
-3580
-3156
-2744
-2323
-1901
-1521
-1241
-1087
-1014
-932
-800
-663
-563
-441
-169
290
826
1309
1696
2028
2336
2608
2817
2944
2955
2809
2501
2079
1626
1190
778
393
85
-80
-90
-11
76
156
250
337
340
206
-57
-421
-862
-1331
-1752
-2093
-2369
-2578
-2652
-2557
-2375
-2203
-2012
-1694
-1258
-863
-633
-532
-462
-393
-358
-365
-407
-504
-678
-889
-1063
-1184
-1304
-1471
-1678
-1882
-2045
-2144
-2188
-2221
-2261
-2265
-2167
-1924
-1523
-945
-193
688
1642
2657
3709
4706
5529
6155
6637
6954
6983
6658
6083
5400
4626
3722
2759
1914
1293
866
577
437
429
452
405
305
249
244
181
-67
-532
-1141
-1786
-2400
-2979
-3521
-3970
-4261
-4373
-4335
-4151
-3792
-3302
-2814
-2420
-2077
-1701
-1330
-1090
-1026
-1049
-1057
-1034
-991
-903
-721
-433
-26
522
1178
1820
2331
2698
2977
3183
3255
3146
2878
2514
2096
1644
1173
731
392
228
229
308
389
482
626
765
777
634
435
253
7
-408
-944
-1437
-1798
-2067
-2288
-2430
-2451
-2364
-2189
-1905
-1510
-1080
-718
-460
-289
-225
-312
-543
-826
-1086
-1335
-1613
-1894
-2106
-2218
-2270
-2299
-2316
-2324
-2337
-2357
-2373
-2394
-2433
-2460
-2387
-2157
-1783
-1291
-637
216
1207
2239
3301
4431
5544
6421
6943
7206
7336
7266
6850
6117
5293
4526
3756
2907
2080
1432
982
630
346
199
205
249
229
161
92
-26
-316
-820
-1450
-2092
-2707
-3321
-3926
-4433
-4717
-4718
-4486
-4123
-3689
-3184
-2618
-2042
-1519
-1075
-730
-513
-427
-413
-415
-439
-504
-528
-372
-10
434
848
1283
1831
2423
2858
3029
3015
2920
2725
2362
1874
1385
964
583
231
-30
-149
-152
-87
35
194
309
303
208
107
6
-208
-597
-1073
-1500
-1856
-2199
-2517
-2666
-2538
-2202
-1827
-1487
-1111
-638
-143
224
407
457
419
265
-37
-439
-879
-1341
-1818
-2231
-2478
-2543
-2508
-2414
-2231
-1976
-1766
-1702
-1738
-1767
-1779
-1843
-1951
-1983
-1850
-1550
-1102
-466
371
1344
2393
3512
4653
5637
6301
6679
6924
7042
6858
6303
5551
4817
4094
3254
2320
1483
859
396
51
-111
-68
41
72
68
138
213
69
-393
-1003
-1550
-2018
-2538
-3151
-3746
-4182
-4403
-4414
-4232
-3890
-3439
-2928
-2391
-1868
-1400
-1013
-706
-468
-275
-102
54
139
119
62
116
350
697
1072
1489
1993
2506
2887
3078
3146
3132
2972
2620
2159
1700
1249
743
215
-186
-368
-389
-359
-311
-210
-57
119
287
409
402
191
-204
-667
-1097
-1481
-1856
-2215
-2493
-2605
-2513
-2255
-1920
-1572
-1192
-745
-280
74
217
153
-54
-366
-762
-1201
-1631
-2018
-2351
-2602
-2736
-2737
-2616
-2381
-2072
-1759
-1525
-1386
-1315
-1317
-1425
-1599
-1703
-1632
-1404
-1078
-641
-19
799
1741
2726
3710
4626
5389
5969
6400
6680
6728
6480
5991
5363
4628
3780
2889
2106
1526
1101
746
475
381
486
665
743
662
502
321
33
-506
-1293
-2127
-2821
-3365
-3848
-4253
-4463
-4419
-4215
-3947
-3604
-3147
-2628
-2143
-1717
-1323
-981
-740
-578
-404
-214
-109
-122
-100
132
549
964
1274
1563
1952
2402
2751
2900
2898
2850
2768
2580
2212
1700
1156
659
205
-242
-661
-966
-1085
-1009
-803
-562
-355
-199
-88
-49
-160
-462
-873
-1238
-1500
-1751
-2072
-2389
-2538
-2469
-2283
-2070
-1794
-1390
-898
-440
-77
227
490
656
644
443
105
-323
-805
-1292
-1718
-2021
-2155
-2106
-1905
-1635
-1374
-1134
-906
-719
-670
-819
-1108
-1403
-1617
-1752
-1844
-1861
-1723
-1368
-812
-95
784
1831
2950
3962
4772
5440
6051
6528
6691
6486
6039
5472
4777
3927
3030
2269
1717
1324
1054
927
937
998
1022
989
898
723
434
30
-489
-1136
-1886
-2655
-3349
-3914
-4310
-4480
-4407
-4170
-3864
-3493
-3015
-2457
-1934
-1511
-1137
-770
-469
-324
-317
-352
-390
-463
-561
-570
-389
-58
308
668
1074
1561
2054
2447
2723
2938
3087
3069
2797
2311
1750
1203
670
141
-339
-701
-915
-1003
-992
-898
-753
-591
-421
-236
-47
98
134
29
-195
-483
-788
-1090
-1381
-1630
-1791
-1850
-1816
-1697
-1474
-1146
-765
-395
-69
218
450
575
536
314
-55
-482
-881
-1208
-1480
-1726
-1921
-2006
-1945
-1764
-1534
-1322
-1184
-1150
-1217
-1358
-1563
-1844
-2176
-2466
-2608
-2565
-2365
-2014
-1464
-702
203
1167
2194
3316
4453
5407
6040
6402
6596
6590
6277
5684
4999
4344
3648
2839
2044
1470
1141
898
654
523
617
842
1005
1025
937
733
347
-214
-817
-1374
-1915
-2488
-3025
-3415
-3643
-3774
-3806
-3662
-3315
-2858
-2399
-1958
-1503
-1049
-664
-408
-278
-237
-238
-236
-204
-158
-125
-82
58
363
798
1251
1638
1953
2220
2431
2552
2566
2487
2327
2071
1693
1203
653
128
-310
-672
-1000
-1292
-1464
-1436
-1248
-1025
-836
-633
-365
-88
69
43
-119
-353
-641
-955
-1226
-1404
-1521
-1624
-1676
-1573
-1271
-864
-467
-114
239
594
874
998
956
793
546
224
-154
-559
-964
-1349
-1673
-1902
-2055
-2193
-2341
-2449
-2449
-2355
-2246
-2176
-2141
-2134
-2175
-2259
-2323
-2288
-2161
-1981
-1738
-1361
-807
-91
774
1805
2951
4047
4934
5602
6148
6598
6854
6838
6585
6166
5606
4937
4260
3655
3108
2582
2143
1875
1734
1593
1429
1350
1380
1373
1190
855
453
-55
-748
-1562
-2311
-2912
-3430
-3905
-4250
-4376
-4322
-4182
-3978
-3685
-3303
-2864
-2365
-1829
-1364
-1090
-989
-917
-798
-716
-755
-836
-779
-524
-187
114
379
686
1055
1424
1743
2017
2237
2358
2346
2230
2041
1762
1357
864
376
-59
-470
-846
-1086
-1093
-929
-748
-605
-407
-90
265
514
621
648
639
575
438
257
73
-103
-274
-424
-517
-526
-444
-286
-84
125
318
492
648
788
887
888
716
361
-96
-550
-970
-1398
-1854
-2265
-2532
-2629
-2625
-2590
-2543
-2479
-2414
-2383
-2396
-2438
-2510
-2644
-2849
-3056
-3172
-3162
-3031
-2748
-2225
-1443
-510
451
1456
2595
3822
4917
5713
6260
6703
7035
7109
6866
6438
5956
5397
4691
3912
3231
2728
2359
2110
2042
2149
2261
2214
2011
1758
1463
1031
431
-251
-938
-1639
-2360
-3019
-3537
-3918
-4198
-4349
-4298
-4053
-3704
-3306
-2858
-2366
-1885
-1466
-1115
-850
-704
-656
-625
-564
-539
-614
-718
-680
-429
-72
244
489
755
1103
1484
1774
1893
1875
1794
1669
1446
1106
722
391
130
-109
-332
-490
-564
-589
-563
-431
-195
22
120
154
249
409
514
494
395
274
112
-95
-274
-348
-323
-246
-127
30
154
169
94
38
53
85
63
-21
-144
-311
-530
-777
-998
-1169
-1293
-1387
-1476
-1590
-1736
-1894
-2038
-2148
-2208
-2204
-2164
-2159
-2212
-2259
-2236
-2199
-2254
-2407
-2542
-2559
-2472
-2340
-2140
-1795
-1294
-696
-20
775
1707
2680
3579
4385
5156
5878
6451
6801
6969
7016
6918
6608
6094
5476
4823
4134
3425
2783
2287
1937
1672
1462
1302
1175
1038
857
618
299
-114
-601
-1122
-1670
-2250
-2828
-3317
-3649
-3825
-3907
-3956
-3993
-3983
-3860
-3597
-3269
-2980
-2740
-2464
-2118
-1811
-1663
-1647
-1637
-1574
-1500
-1431
-1288
-997
-593
-158
282
746
1210
1602
1893
2134
2367
2557
2618
2506
2261
1970
1692
1429
1154
865
599
399
270
202
197
267
404
571
725
831
868
824
706
526
300
64
-139
-279
-359
-397
-391
-338
-266
-219
-208
-201
-171
-133
-118
-141
-206
-331
-511
-710
-877
-1009
-1138
-1283
-1435
-1575
-1688
-1746
-1722
-1627
-1525
-1473
-1464
-1474
-1512
-1614
-1769
-1914
-2002
-2054
-2116
-2192
-2250
-2272
-2261
-2218
-2135
-2000
-1797
-1501
-1093
-573
25
668
1334
2012
2709
3443
4201
4902
5431
5751
5926
6012
5974
5749
5369
4963
4625
4317
3951
3509
3045
2598
2160
1754
1451
1287
1178
991
673
302
-49
-402
-825
-1319
-1813
-2264
-2712
-3185
-3624
-3915
-4006
-3952
-3845
-3720
-3558
-3343
-3106
-2887
-2687
-2478
-2248
-2044
-1908
-1803
-1647
-1407
-1122
-827
-499
-97
344
772
1179
1589
1964
2226
2362
2443
2491
2434
2239
2006
1855
1759
1597
1348
1114
941
763
542
375
347
381
309
80
-206
-445
-636
-811
-969
-1077
-1140
-1182
-1210
-1208
-1178
-1137
-1101
-1043
-924
-725
-491
-287
-151
-65
7
79
151
216
258
245
183
124
96
52
-58
-177
-202
-135
-113
-236
-441
-622
-777
-970
-1190
-1347
-1424
-1499
-1628
-1754
-1808
-1811
-1835
-1878
-1873
-1775
-1618
-1473
-1371
-1287
-1157
-936
-648
-357
-101
160
485
874
1299
1773
2327
2934
3510
4015
4471
4896
5211
5325
5243
5073
4889
4650
4272
3755
3204
2713
2269
1803
1302
836
459
155
-136
-416
-649
-835
-1037
-1317
-1680
-2099
-2538
-2968
-3356
-3700
-4007
-4251
-4364
-4312
-4150
-3949
-3700
-3348
-2910
-2498
-2172
-1873
-1531
-1203
-1007
-941
-858
-642
-333
-36
231
546
942
1364
1745
2073
2364
2613
2782
2840
2781
2629
2422
2195
1936
1613
1240
920
736
673
632
556
455
343
210
72
-2
13
27
-69
-275
-485
-634
-742
-851
-949
-1011
-1052
-1085
-1071
-972
-810
-644
-480
-283
-80
43
43
-17
-38
-9
15
2
-16
-11
-4
-53
-171
-326
-482
-631
-784
-937
-1067
-1173
-1291
-1450
-1634
-1792
-1892
-1966
-2036
-2078
-2028
-1887
-1722
-1608
-1541
-1466
-1343
-1180
-1019
-885
-783
-700
-618
-537
-460
-366
-185
138
590
1104
1631
2178
2756
3341
3892
4376
4762
4999
5056
4958
4772
4521
4190
3774
3318
2859
2410
1984
1621
1337
1092
838
584
368
189
1
-221
-478
-794
-1215
-1728
-2234
-2649
-2988
-3307
-3582
-3736
-3740
-3645
-3476
-3195
-2806
-2411
-2106
-1863
-1582
-1251
-960
-765
-614
-454
-322
-279
-299
-290
-207
-66
132
416
778
1134
1394
1557
1680
1798
1895
1946
1940
1892
1811
1698
1523
1258
924
599
354
183
25
-150
-301
-378
-370
-315
-259
-222
-200
-184
-184
-219
-292
-364
-406
-419
-431
-448
-465
-478
-479
-427
-288
-100
42
101
139
220
318
350
300
215
128
30
-58
-86
-45
2
-13
-95
-214
-360
-528
-684
-794
-886
-1011
-1169
-1313
-1412
-1489
-1570
-1667
-1767
-1854
-1901
-1889
-1846
-1809
-1771
-1693
-1576
-1491
-1481
-1500
-1472
-1374
-1228
-1027
-739
-376
4
377
785
1268
1800
2321
2818
3316
3805
4232
4552
4755
4830
4763
4560
4262
3904
3494
3055
2647
2322
2071
1842
1611
1390
1167
902
578
244
-39
-276
-527
-826
-1155
-1479
-1791
-2104
-2417
-2701
-2924
-3072
-3148
-3157
-3097
-2957
-2747
-2513
-2295
-2090
-1861
-1581
-1276
-989
-734
-501
-277
-74
98
244
376
502
642
817
1019
1214
1371
1494
1610
1713
1774
1780
1753
1701
1601
1426
1190
923
643
353
73
-156
-329
-476
-620
-742
-808
-810
-772
-737
-742
-790
-851
-879
-874
-878
-922
-989
-1036
-1034
-962
-792
-523
-215
53
254
415
553
632
641
632
657
696
688
611
491
340
138
-112
-356
-540
-662
-755
-839
-911
-975
-1041
-1121
-1213
-1306
-1386
-1450
-1521
-1630
-1776
-1911
-1976
-1965
-1899
-1800
-1676
-1545
-1427
-1317
-1182
-1020
-864
-732
-591
-395
-142
125
360
541
663
747
844
1001
1222
1474
1748
2064
2439
2849
3266
3691
4119
4493
4729
4785
4692
4491
4188
3791
3341
2892
2445
1970
1471
1006
631
335
67
-191
-422
-607
-764
-912
-1055
-1201
-1372
-1590
-1848
-2119
-2390
-2656
-2881
-3004
-3000
-2907
-2777
-2628
-2443
-2216
-1962
-1689
-1389
-1049
-680
-309
25
280
436
520
594
689
802
919
1047
1186
1299
1357
1375
1404
1453
1483
1461
1395
1301
1171
1012
863
750
628
432
166
-96
-287
-417
-527
-631
-720
-804
-901
-1004
-1096
-1175
-1249
-1308
-1308
-1218
-1064
-911
-797
-712
-631
-552
-482
-400
-273
-87
127
314
429
457
417
349
289
238
170
71
-21
-69
-91
-136
-221
-320
-417
-536
-686
-818
-876
-872
-883
-947
-1033
-1097
-1140
-1180
-1204
-1187
-1128
-1053
-958
-813
-627
-450
-327
-236
-131
-15
66
79
49
26
36
75
149
266
421
581
720
841
962
1096
1241
1409
1615
1837
2027
2162
2272
2401
2537
2625
2628
2572
2491
2387
2243
2069
1909
1787
1688
1573
1407
1189
955
751
591
437
228
-47
-340
-599
-819
-1006
-1141
-1204
-1220
-1255
-1339
-1457
-1592
-1751
-1931
-2077
-2121
-2052
-1915
-1748
-1559
-1355
-1170
-1030
-925
-821
-708
-593
-472
-334
-188
-50
78
202
307
365
379
403
489
630
781
908
1005
1064
1051
955
811
669
547
425
292
152
10
-130
-264
-379
-467
-538
-608
-661
-674
-651
-615
-592
-582
-581
-585
-582
-548
-464
-339
-210
-92
21
131
206
220
181
136
117
114
106
88
71
44
-18
-132
-277
-403
-479
-511
-532
-556
-571
-543
-448
-305
-170
-98
-104
-160
-235
-321
-424
-512
-529
-453
-325
-228
-198
-220
-260
-308
-371
-432
-459
-441
-403
-385
-404
-437
-459
-457
-443
-433
-418
-374
-285
-174
-75
-2
66
158
279
412
557
732
949
1195
1436
1641
1805
1930
2016
2057
2052
2003
1925
1846
1789
1759
1735
1683
1593
1469
1326
1187
1080
1007
936
827
675
502
317
104
-132
-347
-507
-632
-766
-921
-1061
-1163
-1241
-1333
-1446
-1553
-1619
-1619
-1553
-1447
-1349
-1284
-1228
-1144
-1015
-855
-682
-512
-371
-283
-230
-165
-61
54
141
206
288
404
535
653
753
843
919
971
1000
1017
1030
1037
1027
982
900
787
658
520
379
252
153
81
22
-30
-60
-60
-52
-70
-115
-162
-189
-194
-189
-184
-196
-251
-346
-436
-464
-418
-327
-208
-63
96
212
225
129
-26
-182
-304
-393
-455
-498
-524
-536
-544
-564
-606
-663
-715
-762
-809
-851
-872
-860
-820
-756
-674
-596
-557
-572
-622
-671
-700
-705
-686
-662
-667
-730
-819
-880
-888
-878
-880
-885
-869
-844
-835
-838
-821
-772
-703
-619
-508
-373
-243
-133
-22
119
295
491
702
921
1125
1296
1450
1624
1820
2007
2161
2301
2432
2511
2483
2351
2178
2021
1882
1739
1594
1474
1356
1188
944
670
437
266
127
3
-103
-194
-307
-469
-662
-829
-951
-1049
-1147
-1231
-1279
-1294
-1306
-1318
-1304
-1244
-1163
-1102
-1072
-1043
-976
-871
-750
-625
-483
-319
-159
-41
13
17
5
13
60
140
224
282
305
308
312
325
351
391
440
477
471
423
359
309
275
248
217
192
167
126
64
-4
-52
-82
-107
-126
-132
-126
-136
-177
-227
-248
-213
-138
-42
44
81
50
-27
-88
-95
-65
-40
-31
-2
72
170
244
268
252
220
189
162
143
129
115
101
87
75
47
-10
-102
-210
-320
-426
-530
-632
-727
-819
-918
-1025
-1131
-1224
-1300
-1363
-1405
-1405
-1349
-1241
-1096
-947
-820
-723
-628
-508
-356
-198
-45
117
306
508
690
841
986
1161
1384
1640
1894
2105
2242
2299
2286
2227
2149
2076
2023
1983
1931
1852
1733
1573
1379
1175
980
788
584
371
180
21
-137
-320
-521
-692
-800
-861
-910
-974
-1043
-1102
-1140
-1159
-1174
-1196
-1211
-1194
-1133
-1044
-953
-858
-739
-582
-403
-236
-108
-16
61
139
206
246
260
271
295
334
389
457
522
560
566
561
553
513
403
233
63
-42
-71
-62
-63
-96
-142
-163
-142
-98
-73
-76
-82
-67
-46
-40
-51
-72
-112
-182
-268
-313
-275
-168
-51
33
74
83
61
4
-75
-146
-190
-211
-227
-244
-256
-257
-261
-287
-337
-398
-451
-489
-523
-555
-577
-592
-612
-662
-738
-805
-821
-782
-727
-690
-670
-651
-637
-645
-675
-705
-720
-725
-725
-713
-683
-651
-634
-634
-635
-627
-607
-569
-501
-410
-303
-171
0
197
376
499
590
700
855
1024
1164
1256
1331
1419
1533
1657
1772
1865
1927
1962
1979
1989
1991
1970
1918
1838
1743
1621
1452
1229
970
715
486
284
95
-72
-199
-288
-378
-505
-666
-807
-880
-885
-866
-851
-846
-829
-789
-733
-680
-640
-600
-546
-493
-471
-492
-514
-484
-384
-259
-158
-78
9
107
189
225
218
174
98
5
-64
-75
-48
-41
-76
-108
-73
33
162
259
315
343
354
351
333
304
270
245
251
286
331
357
362
368
373
357
311
254
219
203
175
113
23
-71
-159
-234
-283
-306
-316
-345
-406
-497
-594
-678
-737
-773
-798
-824
-851
-875
-886
-881
-852
-801
-747
-706
-693
-703
-731
-771
-817
-866
-914
-950
-966
-953
-930
-940
-995
-1061
-1086
-1062
-1025
-1012
-1015
-1008
-980
-927
-833
-679
-481
-283
-107
68
273
512
764
1021
1293
1576
1842
2070
2265
2469
2696
2909
3059
3125
3130
3108
3056
2946
2769
2550
2321
2083
1823
1543
1266
987
680
335
0
-257
-427
-552
-683
-821
-937
-1015
-1066
-1103
-1122
-1121
-1110
-1107
-1109
-1097
-1060
-1011
-958
-903
-845
-796
-757
-705
-620
-533
-500
-532
-570
-573
-570
-614
-703
-785
-827
-829
-797
-721
-623
-559
-541
-497
-352
-129
77
217
314
398
449
461
477
542
637
709
734
735
726
703
678
690
747
795
765
662
559
524
543
536
445
299
186
157
170
142
53
-44
-102
-136
-196
-280
-350
-387
-423
-491
-585
-689
-790
-885
-950
-972
-967
-966
-954
-897
-794
-711
-705
-758
-800
-788
-744
-710
-691
-660
-598
-517
-444
-396
-384
-415
-486
-574
-638
-658
-649
-646
-666
-692
-690
-642
-556
-450
-334
-208
-72
61
183
306
454
636
847
1077
1324
1582
1839
2087
2327
2551
2727
2823
2834
2790
2711
2593
2435
2253
2051
1805
1495
1150
819
514
213
-81
-321
-471
-565
-664
-778
-877
-938
-963
-946
-871
-763
-687
-678
-686
-652
-589
-564
-596
-643
-678
-742
-862
-991
-1056
-1053
-1046
-1070
-1100
-1107
-1106
-1111
-1100
-1044
-959
-887
-840
-800
-753
-705
-650
-576
-484
-394
-307
-207
-81
58
195
335
473
586
654
703
773
868
960
1026
1063
1070
1044
1002
981
996
1030
1062
1092
1130
1168
1184
1177
1158
1131
1089
1024
941
840
719
574
420
271
129
-16
-171
-331
-490
-628
-739
-829
-913
-995
-1082
-1168
-1242
-1283
-1274
-1226
-1175
-1152
-1160
-1192
-1234
-1270
-1285
-1273
-1245
-1198
-1122
-1022
-924
-844
-767
-676
-598
-565
-561
-527
-447
-362
-317
-304
-297
-318
-409
-545
-646
-656
-603
-546
-497
-411
-253
-38
206
467
754
1064
1383
1687
1968
2230
2463
2645
2762
2816
2822
2771
2657
2495
2314
2125
1904
1628
1323
1034
777
534
309
123
-11
-119
-223
-304
-341
-350
-366
-402
-436
-448
-448
-448
-455
-473
-524
-621
-748
-871
-974
-1052
-1111
-1160
-1223
-1316
-1418
-1490
-1511
-1501
-1484
-1468
-1457
-1461
-1479
-1469
-1404
-1306
-1225
-1158
-1034
-808
-520
-255
-37
184
435
675
845
946
1030
1138
1263
1373
1452
1500
1527
1562
1625
1691
1710
1646
1533
1421
1330
1246
1169
1117
1096
1083
1054
1022
1011
1020
1019
988
936
885
842
793
709
566
355
92
-189
-451
-674
-845
-979
-1098
-1226
-1367
-1505
-1620
-1695
-1729
-1734
-1733
-1747
-1767
-1764
-1721
-1650
-1570
-1485
-1394
-1310
-1245
-1195
-1140
-1077
-1031
-1017
-1006
-952
-844
-723
-638
-609
-619
-644
-659
-648
-613
-580
-569
-578
-583
-566
-525
-459
-360
-236
-119
-49
-13
52
198
409
630
831
1036
1282
1565
1849
2102
2315
2473
2550
2552
2525
2515
2520
2491
2389
2222
2027
1820
1606
1394
1215
1068
920
744
571
464
451
484
486
412
283
150
54
5
-21
-54
-106
-171
-244
-339
-468
-616
-740
-835
-941
-1092
-1259
-1367
-1389
-1380
-1406
-1469
-1506
-1481
-1416
-1342
-1269
-1190
-1115
-1070
-1048
-1018
-947
-820
-644
-435
-235
-85
14
97
191
277
323
338
361
417
489
538
556
557
555
553
554
562
591
646
721
793
838
849
840
824
792
738
676
641
650
676
681
648
589
513
412
280
114
-80
-286
-489
-662
-796
-889
-952
-1002
-1054
-1105
-1143
-1149
-1121
-1070
-1000
-906
-795
-703
-668
-690
-734
-751
-729
-685
-640
-602
-561
-506
-440
-387
-380
-422
-486
-536
-559
-569
-580
-592
-602
-612
-622
-619
-583
-506
-399
-293
-202
-114
2
151
308
448
579
732
921
1130
1338
1550
1777
2006
2195
2302
2300
2204
2069
1957
1898
1865
1806
1694
1544
1393
1273
1180
1086
965
844
785
816
883
901
853
799
774
737
622
439
270
159
54
-116
-355
-607
-834
-1030
-1199
-1320
-1374
-1369
-1336
-1294
-1242
-1176
-1089
-977
-860
-772
-743
-768
-807
-828
-826
-797
-741
-680
-636
-605
-555
-473
-382
-304
-211
-69
106
259
367
472
608
750
852
894
893
850
758
642
553
525
532
540
549
568
578
552
496
469
510
584
617
569
478
397
331
230
55
-153
-312
-382
-400
-438
-537
-686
-845
-983
-1080
-1131
-1142
-1125
-1102
-1086
-1080
-1084
-1096
-1119
-1144
-1154
-1134
-1100
-1077
-1071
-1055
-1022
-985
-972
-973
-960
-918
-864
-821
-787
-744
-662
-548
-425
-335
-299
-305
-320
-315
-287
-250
-227
-231
-250
-251
-209
-124
-8
136
300
466
617
782
1006
1293
1576
1760
1811
1771
1720
1709
1752
1819
1856
1811
1669
1469
1267
1104
988
911
870
863
879
903
918
920
910
882
816
691
512
320
162
43
-88
-271
-495
-712
-889
-1045
-1190
-1296
-1323
-1282
-1230
-1210
-1216
-1229
-1241
-1253
-1237
-1160
-1026
-882
-778
-739
-757
-797
-806
-727
-559
-362
-200
-94
-19
43
97
146
205
273
335
372
392
421
474
529
546
493
375
235
137
121
188
289
366
391
378
365
376
411
454
483
474
421
347
292
265
242
181
65
-102
-305
-519
-692
-773
-767
-724
-692
-661
-594
-477
-335
-203
-105
-59
-82
-163
-270
-369
-454
-529
-596
-654
-708
-755
-774
-736
-649
-554
-475
-397
-274
-95
109
280
387
440
467
499
538
561
545
485
409
350
324
325
346
390
460
541
605
640
665
719
826
965
1103
1205
1256
1254
1215
1164
1124
1075
981
827
651
506
410
344
276
198
115
45
6
4
19
6
-56
-149
-236
-302
-355
-396
-409
-393
-369
-368
-396
-434
-463
-491
-527
-573
-618
-650
-671
-687
-699
-697
-676
-643
-612
-593
-582
-575
-575
-571
-542
-462
-340
-220
-155
-158
-192
-216
-218
-213
-210
-207
-203
-201
-197
-168
-109
-52
-51
-123
-230
-306
-317
-260
-161
-45
57
116
124
106
101
121
136
102
9
-101
-175
-188
-162
-132
-114
-104
-88
-60
-13
54
126
185
214
206
173
122
71
32
-5
-59
-142
-237
-322
-390
-434
-441
-398
-319
-238
-187
-163
-150
-135
-118
-109
-112
-123
-118
-82
-25
25
54
79
112
136
118
63
16
15
47
89
144
229
331
421
493
572
676
776
841
877
928
1027
1150
1242
1267
1214
1102
956
803
665
547
446
360
292
251
243
261
289
314
325
324
313
288
239
159
49
-72
-192
-300
-392
-469
-535
-593
-640
-668
-690
-732
-808
-890
-935
-932
-913
-905
-892
-835
-735
-641
-590
-567
-534
-491
-481
-514
-557
-566
-538
-493
-443
-389
-344
-327
-329
-317
-275
-238
-251
-309
-361
-374
-351
-309
-250
-182
-134
-121
-125
-124
-126
-168
-259
-351
-392
-381
-346
-302
-238
-154
-81
-46
-47
-50
-25
16
39
21
-28
-72
-77
-33
53
165
277
361
389
353
267
171
99
68
79
116
152
171
180
206
255
300
306
277
252
258
280
292
296
317
363
419
467
514
571
628
658
657
657
699
778
857
899
901
883
874
888
924
966
988
969
914
847
798
770
750
727
692
652
619
612
634
658
636
546
425
338
307
302
271
187
65
-62
-161
-207
-202
-182
-204
-304
-475
-665
-812
-876
-866
-829
-808
-816
-827
-809
-751
-663
-566
-496
-468
-478
-510
-543
-567
-579
-573
-549
-531
-536
-573
-626
-679
-723
-749
-746
-706
-638
-553
-464
-378
-312
-287
-301
-327
-340
-344
-355
-367
-352
-317
-309
-370
-482
-568
-584
-544
-487
-426
-352
-270
-211
-195
-209
-225
-233
-251
-290
-338
-366
-347
-281
-201
-150
-149
-176
-180
-133
-47
40
99
127
134
121
86
45
17
34
93
169
225
245
239
236
254
287
316
330
334
343
366
393
416
436
463
497
521
521
512
527
576
639
681
688
670
652
649
657
673
699
733
765
785
794
798
800
792
764
729
706
692
676
644
596
537
459
363
267
193
154
144
150
159
159
140
112
77
24
-64
-184
-296
-355
-362
-354
-358
-355
-320
-253
-184
-147
-151
-191
-250
-311
-348
-354
-331
-288
-233
-175
-131
-110
-105
-103
-97
-101
-124
-159
-188
-206
-211
-199
-175
-158
-176
-224
-281
-326
-361
-402
-449
-489
-518
-532
-528
-501
-461
-431
-428
-434
-424
-394
-371
-372
-392
-417
-436
-448
-445
-422
-374
-306
-228
-155
-102
-74
-51
-3
76
173
253
293
290
253
208
179
174
177
173
155
133
114
105
103
112
113
93
57
28
26
51
89
126
156
160
132
79
25
-23
-73
-126
-175
-206
-219
-217
-190
-128
-41
46
107
128
111
74
53
74
136
202
243
254
262
287
325
357
369
369
367
364
346
300
231
163
124
131
181
244
294
320
335
354
370
362
326
280
244
219
193
168
146
125
87
23
-67
-163
-247
-308
-340
-344
-339
-343
-357
-364
-354
-335
-322
-314
-296
-261
-219
-191
-170
-143
-107
-76
-72
-90
-99
-78
-42
-13
-14
-38
-67
-87
-90
-78
-61
-49
-42
-28
2
45
82
112
138
170
191
187
162
133
117
106
89
50
-9
-72
-116
-119
-96
-86
-115
-165
-194
-185
-162
-158
-162
-146
-109
-76
-68
-71
-67
-58
-58
-70
-75
-62
-44
-35
-32
-17
13
35
25
-14
-54
-69
-50
5
91
202
303
360
362
336
317
319
335
359
386
414
428
416
388
366
367
373
366
331
281
236
199
152
89
24
-13
-14
6
30
59
88
99
74
30
-6
-22
-38
-68
-91
-79
-38
-2
6
-12
-38
-60
-75
-80
-68
-30
29
91
134
143
129
127
154
182
170
109
34
-10
-9
18
42
41
16
-11
-21
-10
-6
-27
-73
-130
-189
-247
-293
-303
-271
-224
-194
-191
-208
-230
-251
-265
-270
-268
-272
-285
-287
-255
-190
-119
-65
-34
-26
-35
-55
-71
-70
-50
-22
-6
-9
-24
-30
-17
1
-3
-34
-67
-77
-67
-58
-47
-14
46
104
136
151
185
230
240
187
99
25
-17
-42
-55
-39
11
64
87
80
75
88
106
114
110
106
93
53
-13
-75
-105
-109
-107
-100
-78
-34
12
51
86
123
145
133
95
62
57
71
88
108
139
177
200
192
160
122
90
71
70
89
122
150
160
158
149
143
135
122
112
112
118
125
124
122
114
92
57
26
21
36
46
42
39
53
73
74
48
16
-4
2
26
62
94
110
104
93
79
58
17
-35
-71
-79
-72
-66
-62
-53
-34
-20
-25
-56
-111
-171
-217
-232
-221
-201
-190
-189
-195
-205
-216
-233
-258
-292
-325
-342
-347
-349
-354
-350
-332
-310
-297
-289
-271
-236
-208
-209
-239
-278
-310
-329
-344
-355
-360
-363
-368
-380
-386
-372
-331
-272
-210
-151
-96
-39
25
87
135
160
157
133
93
45
3
-12
4
33
45
19
-18
-30
7
83
173
256
324
360
349
305
255
230
234
250
256
246
228
213
214
233
253
245
189
89
-14
-84
-104
-90
-68
-53
-38
-4
55
130
188
202
159
73
-16
-61
-46
7
58
82
81
69
58
53
52
59
70
82
94
113
143
170
179
172
160
155
153
143
125
105
93
89
91
99
112
128
139
141
132
113
85
59
43
33
26
25
44
81
116
132
128
120
111
95
76
76
104
140
154
126
84
49
27
-2
-40
-73
-76
-51
-15
12
22
19
12
4
-6
-14
-11
6
32
46
33
-9
-63
-99
-100
-68
-27
-9
-31
-82
-132
-160
-167
-156
-130
-102
-94
-112
-135
-133
-99
-65
-60
-82
-114
-142
-163
-169
-153
-125
-110
-121
-142
-148
-134
-120
-123
-138
-142
-131
-122
-128
-141
-133
-86
-20
30
49
41
23
-3
-38
-80
-112
-127
-125
-111
-85
-52
-10
36
83
124
152
166
171
171
168
157
135
100
59
24
11
25
57
97
130
149
142
104
39
-36
-99
-133
-129
-97
-66
-62
-86
-111
-114
-98
-92
-107
-124
-120
-92
-64
-53
-68
-101
-143
-174
-184
-179
-173
-177
-176
-153
-105
-53
-16
16
53
93
113
104
79
67
75
95
120
147
175
195
198
185
159
127
90
52
18
-16
-47
-68
-64
-31
13
37
20
-28
-71
-83
-62
-24
14
45
66
67
51
35
32
31
16
-12
-33
-31
-16
-15
-28
-40
-32
1
51
106
156
181
167
115
51
0
-21
-11
22
64
98
117
119
111
101
87
63
20
-40
-107
-154
-169
-157
-137
-117
-84
-33
26
66
75
55
21
-18
-51
-71
-67
-45
-11
25
57
83
107
132
150
155
139
108
70
42
33
51
89
122
126
88
25
-33
-60
-55
-25
19
58
80
77
58
37
21
2
-28
-68
-105
-125
-119
-90
-45
2
47
84
110
113
93
59
27
6
-6
-12
-5
22
57
80
79
60
35
16
14
24
43
55
61
65
63
50
29
15
21
28
13
-32
-82
-116
-137
-159
-185
-201
-204
-189
-160
-122
-93
-91
-117
-150
-168
-169
-164
-162
-163
-166
-167
-166
-159
-144
-122
-91
-49
4
47
62
46
17
-11
-39
-75
-107
-103
-51
25
82
97
80
50
12
-35
-79
-98
-81
-34
19
60
77
66
36
-3
-40
-85
-137
-186
-209
-196
-154
-105
-65
-42
-38
-44
-57
-63
-49
-15
31
68
85
75
48
23
4
-13
-33
-57
-78
-85
-77
-59
-39
-26
-27
-48
-80
-112
-121
-100
-59
-14
27
61
94
127
145
134
101
66
49
48
47
43
38
41
55
85
134
194
248
276
269
238
209
197
207
221
224
214
204
200
189
160
125
105
118
154
189
213
229
240
235
203
149
93
52
41
51
62
60
36
-3
-37
-48
-21
37
110
169
186
157
106
71
65
67
51
26
21
42
60
54
37
38
59
67
40
-9
-42
-33
17
78
123
135
119
90
51
2
-49
-82
-83
-64
-53
-63
-85
-103
-110
-108
-94
-72
-50
-51
-75
-104
-109
-84
-43
-6
15
28
39
48
45
18
-37
-114
-184
-218
-195
-130
-61
-22
-9
0
14
19
4
-20
-31
-24
-23
-40
-63
-75
-77
-80
-86
-83
-75
-81
-120
-177
-220
-230
-214
-184
-150
-126
-130
-166
-206
-213
-177
-129
-100
-95
-92
-78
-63
-52
-41
-24
-14
-32
-88
-154
-198
-200
-168
-120
-74
-38
-14
1
11
10
-14
-64
-127
-178
-195
-172
-122
-60
-6
26
39
41
43
51
57
47
20
-20
-60
-81
-77
-50
-14
20
42
54
60
73
97
122
135
136
136
145
150
139
116
99
105
129
160
184
185
158
111
72
62
80
113
137
155
167
177
182
185
193
204
205
183
138
91
64
69
94
119
135
146
152
150
138
109
61
-1
-52
-63
-31
20
58
83
106
120
110
71
29
9
-4
-36
-89
-126
-123
-93
-69
-59
-45
-15
13
20
12
4
8
15
8
-20
-69
-122
-155
-148
-97
-29
23
43
38
13
-23
-62
-100
-132
-164
-189
-198
-176
-124
-56
10
57
70
46
-5
-67
-121
-155
-162
-138
-101
-71
-63
-73
-90
-98
-87
-58
-14
30
64
79
79
68
56
47
36
16
-13
-46
-71
-87
-92
-86
-71
-48
-17
16
44
58
64
73
87
98
80
23
-62
-144
-197
-200
-150
-62
31
102
130
118
85
61
59
79
91
84
62
45
33
7
-38
-79
-80
-38
14
36
10
-45
-98
-127
-129
-109
-78
-43
-20
-8
3
25
49
52
19
-40
-96
-128
-131
-109
-71
-25
18
49
61
51
15
-31
-61
-51
2
78
157
225
272
277
239
173
103
46
-7
-59
-103
-110
-67
22
121
195
218
188
126
53
-5
-33
-26
4
28
25
-4
-31
-37
-26
-15
-17
-29
-52
-86
-119
-136
-131
-120
-113
-104
-65
1
64
91
85
67
54
34
0
-39
-67
-74
-63
-46
-29
-13
3
12
7
-11
-28
-34
-27
-14
4
37
88
145
178
174
143
102
66
40
23
21
28
44
64
89
116
142
158
165
168
174
185
189
174
138
99
77
80
97
112
114
104
81
57
36
28
29
29
19
-7
-40
-72
-91
-98
-97
-107
-136
-173
-197
-194
-174
-157
-161
-181
-208
-232
-252
-264
-264
-254
-238
-215
-184
-149
-126
-121
-131
-139
-141
-152
-179
-223
-267
-295
-292
-259
-205
-151
-111
-86
-79
-88
-105
-118
-107
-73
-28
9
34
60
100
145
166
145
88
39
29
57
100
134
147
142
120
97
86
91
92
80
65
80
140
225
293
319
307
277
240
202
162
126
96
65
25
-16
-38
-35
-19
-9
-8
2
31
71
95
90
62
27
-8
-41
-70
-80
-70
-53
-39
-27
-7
18
24
0
-33
-40
-8
34
54
47
42
57
79
83
70
56
50
49
43
37
30
20
3
-11
-15
-15
-16
-5
36
97
149
168
156
136
120
104
89
74
54
24
-10
-31
-23
0
22
37
58
90
121
137
129
110
87
63
38
13
-6
-15
-17
-16
-13
-5
7
14
9
-9
-20
-11
10
24
26
25
34
43
35
16
-11
-47
-96
-148
-173
-151
-96
-40
-10
-4
-10
-18
-32
-60
-102
-141
-152
-129
-89
-59
-53
-62
-71
-70
-57
-38
-24
-31
-60
-102
-139
-162
-172
-167
-148
-123
-102
-93
-98
-111
-127
-138
-138
-127
-115
-106
-102
-102
-110
-121
-122
-95
-47
-9
3
-3
2
33
76
106
113
101
76
44
6
-22
-36
-35
-34
-28
-3
53
126
190
219
212
176
131
99
97
118
137
139
135
145
170
195
200
175
123
55
-14
-62
-80
-73
-48
-17
8
3
-33
-83
-113
-113
-100
-98
-108
-114
-117
-124
-141
-152
-140
-113
-94
-100
-117
-125
-123
-123
-129
-126
-98
-46
5
35
32
6
-27
-57
-75
-76
-56
-16
32
74
104
127
145
152
142
111
72
42
35
45
56
55
44
37
50
87
130
163
174
165
143
121
102
82
54
29
31
65
114
149
158
154
158
175
192
193
167
115
