-19
-14
1
21
36
36
25
1
-28
-47
-42
-12
21
39
37
24
6
-12
-21
-13
4
18
19
12
5
-5
-17
-29
-35
-33
-30
-32
-42
-56
-69
-72
-66
-54
-34
-2
49
104
136
128
93
46
1
-48
-98
-136
-148
-133
-104
-72
-40
-8
24
52
77
98
114
108
78
37
-1
-25
-42
-56
-70
-77
-73
-58
-36
-15
-1
10
24
41
53
58
51
32
2
-31
-55
-58
-37
-3
30
58
83
99
94
64
19
-23
-40
-34
-21
-13
-19
-35
-47
-39
-16
7
19
23
24
23
9
-8
-19
-18
-11
-4
4
10
7
-10
-32
-40
-31
-13
-6
-17
-42
-72
-91
-92
-73
-40
-8
19
37
48
46
29
6
-19
-28
-15
13
41
47
36
28
42
72
96
104
96
82
64
43
27
23
33
54
73
85
78
49
4
-35
-47
-33
-8
7
-1
-28
-56
-71
-62
-30
26
93
147
161
129
63
-10
-62
-80
-59
-17
23
44
47
41
34
22
1
-26
-47
-59
-67
-85
-110
-125
-121
-90
-33
43
134
221
280
295
261
192
108
27
-41
-96
-139
-161
-152
-114
-65
-28
0
25
46
52
39
17
-12
-47
-85
-103
-92
-66
-50
-49
-51
-42
-28
-16
0
23
46
55
44
16
-20
-54
-74
-69
-37
12
52
70
70
65
68
75
74
63
56
65
80
78
63
52
52
37
-10
-67
-101
-99
-82
-73
-66
-51
-27
-4
13
24
26
20
11
2
-13
-42
-79
-105
-113
-108
-93
-64
-20
23
47
46
41
36
28
5
-23
-39
-36
-23
-16
-14
-12
1
25
52
77
97
101
85
40
-16
-56
-60
-30
15
52
68
58
23
-26
-64
-67
-32
17
48
46
25
-1
-29
-57
-75
-68
-31
23
74
106
106
74
24
-20
-39
-28
4
37
57
54
29
-8
-42
-55
-40
-5
27
33
7
-34
-65
-73
-54
-17
23
51
52
34
14
0
-8
-15
-15
-4
10
12
-3
-27
-40
-32
-7
25
54
71
69
47
13
-18
-33
-22
10
52
84
87
52
-9
-66
-99
-98
-70
-23
29
71
87
84
75
71
65
47
19
-2
-5
7
20
25
21
17
26
52
80
92
80
56
34
26
25
24
26
31
35
28
11
-10
-24
-35
-47
-55
-55
-46
-36
-38
-46
-53
-50
-38
-23
-3
21
44
44
24
4
5
25
40
38
19
1
-11
-18
-18
-1
22
37
39
33
24
6
-26
-58
-70
-59
-34
-10
8
11
-4
-22
-22
3
37
62
70
69
61
46
29
20
12
-1
-21
-38
-42
-35
-27
-14
3
18
19
5
-14
-26
-23
-12
-1
1
-11
-33
-53
-62
-55
-31
5
44
74
82
67
32
-10
-49
-78
-97
-104
-100
-84
-55
-20
13
40
59
73
81
78
68
52
36
25
20
18
12
-6
-35
-64
-73
-51
-11
24
44
51
54
48
28
0
-22
-30
-32
-37
-46
-54
-57
-52
-37
-16
9
30
39
34
20
11
13
25
36
32
12
-14
-32
-33
-18
3
23
32
27
18
14
14
11
-2
-24
-37
-35
-18
-1
10
18
26
33
29
13
-7
-18
-19
-14
-10
-9
-5
7
25
44
56
58
51
37
20
3
-13
-21
-23
-19
-15
-9
1
12
20
23
26
30
32
22
1
-24
-42
-40
-19
10
31
39
35
20
-3
-25
-39
-39
-29
-14
8
37
60
62
41
8
-23
-42
-51
-50
-47
-47
-48
-45
-29
-2
25
47
56
51
34
16
0
-13
-26
-40
-55
-66
-68
-59
-35
1
33
51
52
39
16
-10
-38
-64
-79
-81
-64
-34
10
63
114
140
128
85
32
-7
-26
-30
-24
-10
9
21
14
-6
-19
-11
15
43
60
61
50
27
2
-12
-11
5
22
31
35
32
21
5
-13
-22
-20
-13
-3
2
3
-5
-18
-26
-21
-2
15
19
10
-10
-31
-43
-33
2
45
72
73
46
8
-25
-40
-31
-5
23
39
39
25
2
-23
-41
-44
-30
-10
10
20
19
13
10
15
26
38
45
47
45
39
27
13
0
-9
-15
-17
-15
-14
-18
-25
-34
-40
-39
-30
-11
9
27
40
46
49
43
34
24
14
0
-18
-36
-52
-62
-57
-38
-5
29
51
54
38
15
2
4
19
34
39
33
21
9
3
4
8
14
19
28
38
44
38
25
12
-3
-21
-41
-52
-50
-35
-20
-7
1
7
12
14
10
-2
-22
-45
-61
-68
-63
-52
-33
-14
1
13
24
35
44
44
38
26
6
-13
-29
-43
-52
-55
-50
-41
-24
-2
24
47
61
56
35
12
-5
-14
-14
-10
-5
-3
-6
-7
1
16
32
45
51
49
38
19
-1
-11
-11
-6
-8
-15
-20
-23
-26
-35
-49
-58
-61
-54
-38
-11
21
44
57
61
58
50
38
23
16
17
23
29
30
22
10
1
0
6
10
7
5
7
7
0
-14
-24
-24
-11
7
22
30
29
21
10
-4
-14
-21
-27
-33
-38
-33
-16
7
27
31
23
3
-20
-39
-45
-36
-17
1
14
24
32
39
38
32
26
23
16
5
-9
-17
-14
-6
2
4
5
4
4
4
5
4
5
4
5
5
2
-1
-5
-5
-1
6
14
19
21
21
23
23
18
4
-13
-24
-26
-21
-11
-1
10
16
15
6
-9
-22
-25
-13
8
27
39
37
28
18
13
19
30
40
42
35
25
17
12
16
24
34
42
44
40
31
25
22
24
26
26
24
25
29
33
32
27
24
20
16
9
6
11
22
29
29
24
21
17
7
-6
-14
-9
5
22
37
43
39
25
8
-6
-14
-17
-11
3
17
22
14
1
-13
-21
-20
-5
19
43
53
45
30
18
16
21
31
40
47
48
35
8
-22
-44
-52
-58
-69
-87
-95
-83
-53
-22
-1
11
19
27
28
19
-5
-33
-56
-64
-63
-56
-47
-40
-29
-19
-13
-7
1
11
19
23
22
21
20
19
17
17
23
33
41
48
49
44
32
15
-1
-12
-16
-10
3
21
31
30
17
-4
-29
-53
-67
-63
-42
-16
5
18
26
28
18
-3
-23
-30
-20
0
21
39
51
50
37
23
14
17
27
35
40
42
43
42
42
43
51
63
77
81
70
50
34
28
26
19
7
-5
-12
-16
-18
-23
-30
-38
-43
-47
-48
-51
-55
-55
-43
-25
-9
-1
7
17
32
42
39
23
1
-15
-21
-19
-12
-4
2
1
-2
-4
3
20
41
54
55
47
35
24
18
20
26
30
29
27
19
7
-7
-18
-19
-12
-3
5
4
-2
-9
-10
-7
-1
0
1
3
8
13
11
2
-16
-31
-38
-34
-20
-5
9
15
13
6
3
18
56
98
119
103
57
3
-38
-56
-62
-64
-62
-43
-7
35
66
79
75
64
43
16
-17
-42
-51
-48
-33
-16
2
16
30
39
38
29
13
-3
-11
-12
-8
-4
-7
-19
-41
-68
-91
-100
-89
-60
-24
14
43
62
70
67
57
46
39
39
35
17
-16
-54
-83
-92
-87
-75
-67
-59
-47
-30
-6
28
65
99
118
115
95
66
40
28
27
26
17
-4
-28
-51
-65
-68
-59
-30
10
51
83
106
119
111
78
27
-14
-22
-2
23
28
16
-6
-27
-43
-51
-52
-42
-24
-5
5
1
-10
-13
-2
16
27
22
5
-6
-1
16
36
54
66
69
58
31
-4
-35
-55
-64
-72
-78
-80
-64
-28
19
59
85
96
101
105
106
96
71
37
8
-12
-21
-20
-10
8
32
54
66
64
48
24
2
-11
-10
0
11
24
34
36
26
3
-28
-56
-74
-78
-69
-51
-39
-33
-31
-28
-24
-19
-15
-6
9
26
37
44
51
57
55
40
13
-15
-35
-41
-36
-22
-9
1
6
3
-7
-15
-16
-9
-4
-7
-13
-8
4
17
22
20
15
6
-8
-19
-19
-12
-8
-14
-26
-33
-30
-20
-8
4
10
7
0
-6
-12
-17
-19
-14
3
23
39
43
36
23
12
8
9
8
0
-13
-31
-44
-45
-31
-8
17
33
38
36
32
27
20
8
-8
-25
-36
-35
-26
-12
3
9
7
-1
-9
-12
-8
-5
-3
-4
-4
1
5
4
-3
-7
-3
11
25
32
32
32
33
32
24
7
-8
-13
-5
13
29
43
45
39
32
27
26
24
23
23
25
27
21
7
-4
-14
-16
-17
-19
-19
-14
-4
9
20
30
37
39
31
17
1
-8
-11
-9
-4
4
9
10
9
10
14
16
12
2
-4
-6
-10
-22
-37
-44
-38
-26
-13
-1
10
16
14
6
2
4
16
28
40
48
53
48
35
17
2
-4
-6
-4
0
3
6
6
3
0
-7
-17
-26
-27
-13
11
32
44
53
66
76
77
64
40
13
-12
-30
-40
-36
-23
-10
-3
-3
-10
-20
-31
-45
-53
-50
-29
10
54
87
101
100
93
87
80
70
60
55
49
38
17
-9
-34
-55
-70
-79
-79
-73
-60
-46
-29
-16
-15
-26
-47
-69
-89
-102
-104
-86
-50
-4
40
77
107
124
125
111
89
67
50
43
54
82
112
126
111
76
33
-5
-40
-67
-78
-70
-52
-36
-33
-40
-48
-53
-52
-47
-43
-44
-49
-55
-54
-43
-28
-12
0
9
15
21
25
34
44
59
76
87
85
76
62
50
42
38
41
50
59
61
53
41
31
19
6
-8
-12
3
27
49
57
51
32
10
-15
-39
-53
-59
-56
-55
-55
-52
-46
-32
-15
4
17
27
28
29
29
28
25
21
20
24
32
36
34
26
14
2
-13
-35
-61
-87
-108
-122
-133
-153
-178
-205
-228
-241
-239
-222
-196
-163
-114
-48
34
116
190
255
314
361
386
388
377
362
345
316
271
216
160
113
69
26
-10
-33
-42
-47
-53
-59
-64
-72
-85
-96
-96
-91
-91
-110
-131
-145
-152
-158
-172
-190
-208
-224
-234
-234
-221
-192
-145
-84
-20
34
75
107
136
154
155
138
117
102
91
81
72
71
83
104
131
160
196
238
285
332
368
372
338
279
209
138
63
-15
-87
-145
-187
-215
-232
-242
-251
-259
-253
-237
-216
-198
-182
-160
-137
-128
-133
-138
-140
-149
-168
-186
-188
-178
-177
-193
-214
-233
-252
-273
-288
-283
-256
-208
-131
-26
105
255
425
609
786
925
1023
1095
1145
1148
1092
993
874
732
554
360
193
64
-57
-189
-302
-363
-384
-409
-439
-441
-415
-409
-443
-478
-471
-444
-454
-506
-541
-532
-512
-515
-517
-470
-373
-263
-160
-41
109
259
371
442
498
547
573
561
523
493
481
473
445
392
329
271
215
161
112
70
29
-19
-63
-87
-100
-128
-178
-238
-297
-367
-453
-532
-576
-594
-605
-607
-579
-520
-459
-415
-361
-273
-161
-46
68
197
335
455
545
616
677
708
692
639
574
505
430
348
263
183
105
38
-14
-55
-94
-144
-205
-269
-335
-398
-457
-502
-521
-517
-503
-486
-465
-439
-417
-422
-462
-514
-558
-583
-596
-601
-594
-579
-562
-534
-479
-388
-264
-111
84
319
577
843
1111
1379
1621
1808
1924
1975
1957
1848
1635
1344
1014
680
362
85
-139
-322
-491
-647
-758
-805
-801
-784
-767
-735
-678
-610
-559
-542
-559
-595
-633
-673
-717
-757
-771
-738
-656
-541
-397
-219
-14
201
406
591
756
895
1004
1080
1115
1099
1031
923
788
641
486
336
213
121
49
-12
-56
-70
-57
-35
-27
-44
-91
-169
-270
-384
-499
-610
-721
-829
-927
-987
-986
-917
-806
-682
-550
-392
-193
41
286
523
741
920
1039
1097
1118
1123
1103
1044
948
831
699
551
403
282
198
129
50
-31
-91
-130
-177
-250
-334
-408
-472
-545
-630
-712
-784
-845
-898
-943
-981
-1016
-1045
-1057
-1043
-1008
-965
-922
-877
-820
-749
-653
-519
-337
-113
144
429
752
1118
1499
1863
2175
2425
2598
2670
2622
2466
2229
1937
1589
1186
751
323
-61
-387
-649
-833
-934
-966
-958
-939
-925
-915
-912
-927
-981
-1089
-1235
-1381
-1493
-1573
-1643
-1708
-1724
-1637
-1443
-1192
-935
-662
-340
27
372
643
864
1086
1318
1500
1579
1558
1476
1356
1205
1038
877
725
567
401
265
194
178
175
157
132
114
98
50
-50
-194
-368
-560
-760
-937
-1063
-1142
-1206
-1257
-1238
-1088
-820
-494
-155
214
614
999
1306
1528
1702
1829
1860
1785
1652
1517
1373
1177
923
640
353
68
-193
-404
-566
-729
-923
-1127
-1305
-1460
-1620
-1789
-1937
-2061
-2193
-2352
-2492
-2554
-2537
-2504
-2501
-2507
-2485
-2428
-2360
-2268
-2108
-1853
-1514
-1095
-554
151
1012
1965
2928
3823
4603
5285
5932
6554
7039
7238
7113
6764
6289
5680
4905
4009
3086
2163
1199
214
-675
-1362
-1852
-2211
-2468
-2611
-2654
-2652
-2641
-2617
-2577
-2562
-2627
-2785
-2978
-3131
-3211
-3239
-3255
-3247
-3149
-2914
-2551
-2096
-1558
-940
-279
362
958
1512
2007
2381
2614
2759
2878
2932
2825
2542
2192
1882
1614
1319
1009
779
693
683
617
440
219
54
-43
-142
-312
-561
-857
-1169
-1465
-1701
-1841
-1895
-1905
-1877
-1755
-1493
-1129
-736
-339
99
575
1010
1317
1492
1591
1641
1606
1465
1259
1041
817
556
250
-73
-371
-622
-808
-921
-993
-1093
-1258
-1465
-1658
-1829
-2010
-2200
-2345
-2403
-2412
-2454
-2561
-2686
-2764
-2778
-2758
-2732
-2691
-2607
-2437
-2146
-1721
-1190
-585
121
994
2024
3079
4012
4840
5680
6545
7246
7606
7670
7594
7380
6858
5966
4893
3876
2948
1992
979
27
-762
-1398
-1896
-2219
-2351
-2381
-2418
-2473
-2498
-2484
-2474
-2502
-2576
-2728
-2959
-3194
-3328
-3359
-3370
-3386
-3318
-3076
-2697
-2267
-1786
-1189
-458
327
1072
1732
2279
2676
2913
3023
3037
2946
2737
2437
2087
1708
1306
928
641
482
423
402
368
319
269
217
124
-53
-301
-550
-763
-978
-1255
-1570
-1820
-1937
-1939
-1875
-1718
-1420
-999
-544
-115
305
744
1177
1534
1788
1932
1951
1826
1588
1309
1031
736
401
61
-231
-467
-678
-881
-1055
-1193
-1312
-1430
-1533
-1614
-1701
-1818
-1946
-2052
-2140
-2227
-2320
-2416
-2533
-2703
-2901
-3050
-3078
-2969
-2738
-2405
-1982
-1463
-813
-15
895
1861
2883
3980
5070
5976
6612
7074
7467
7707
7604
7136
6485
5790
4995
4023
2981
2070
1342
687
41
-513
-870
-1057
-1175
-1282
-1369
-1433
-1512
-1651
-1874
-2179
-2531
-2893
-3246
-3576
-3851
-4018
-4076
-4067
-3987
-3755
-3303
-2667
-1955
-1234
-511
178
759
1216
1613
1988
2270
2377
2334
2234
2113
1928
1677
1427
1218
1002
736
490
373
383
407
354
241
123
-3
-164
-351
-538
-756
-1055
-1409
-1699
-1855
-1909
-1913
-1834
-1589
-1166
-650
-116
425
969
1475
1877
2142
2252
2182
1943
1611
1267
901
446
-94
-592
-938
-1143
-1295
-1421
-1468
-1414
-1325
-1282
-1295
-1331
-1392
-1497
-1638
-1786
-1943
-2153
-2429
-2710
-2922
-3047
-3118
-3160
-3164
-3093
-2914
-2626
-2255
-1827
-1325
-699
72
924
1790
2689
3669
4688
5601
6317
6877
7333
7613
7588
7237
6674
6001
5213
4291
3295
2321
1417
582
-150
-719
-1108
-1364
-1554
-1719
-1865
-1973
-2022
-2022
-2040
-2139
-2323
-2556
-2816
-3095
-3362
-3564
-3691
-3765
-3761
-3592
-3227
-2747
-2247
-1704
-1034
-241
540
1188
1700
2115
2422
2583
2607
2551
2457
2312
2079
1749
1346
942
629
460
400
374
338
298
235
109
-64
-213
-305
-417
-648
-980
-1294
-1515
-1678
-1842
-1987
-2042
-1965
-1765
-1457
-1050
-568
-59
435
883
1267
1553
1702
1698
1563
1353
1123
874
563
163
-271
-655
-957
-1212
-1424
-1540
-1529
-1456
-1405
-1358
-1257
-1118
-1048
-1098
-1205
-1309
-1463
-1759
-2163
-2541
-2817
-3042
-3278
-3462
-3468
-3254
-2896
-2480
-1985
-1326
-457
559
1598
2575
3507
4448
5400
6268
6935
7363
7583
7613
7425
6994
6360
5586
4691
3677
2601
1591
743
40
-591
-1158
-1588
-1839
-1943
-1968
-1948
-1901
-1860
-1862
-1915
-2016
-2195
-2483
-2835
-3149
-3366
-3512
-3609
-3594
-3381
-3001
-2564
-2109
-1552
-825
0
770
1403
1920
2347
2668
2870
2976
2991
2885
2645
2319
1961
1591
1237
982
874
848
781
645
528
486
467
406
321
238
94
-202
-617
-1013
-1317
-1591
-1914
-2233
-2390
-2297
-2022
-1704
-1406
-1082
-653
-115
441
895
1194
1351
1417
1418
1333
1116
756
324
-71
-369
-611
-854
-1080
-1224
-1260
-1236
-1204
-1175
-1147
-1141
-1181
-1273
-1418
-1638
-1954
-2341
-2741
-3118
-3467
-3773
-4001
-4129
-4146
-4035
-3766
-3352
-2846
-2273
-1579
-699
345
1441
2488
3476
4437
5359
6164
6767
7136
7295
7263
7026
6578
5944
5194
4396
3607
2850
2125
1407
700
62
-429
-748
-952
-1094
-1195
-1268
-1356
-1493
-1657
-1809
-1982
-2255
-2629
-2992
-3239
-3392
-3554
-3738
-3819
-3668
-3286
-2798
-2304
-1796
-1180
-423
397
1132
1690
2083
2379
2613
2757
2762
2619
2376
2099
1818
1519
1177
817
515
323
208
89
-56
-167
-203
-223
-322
-519
-746
-971
-1207
-1442
-1613
-1692
-1731
-1768
-1733
-1551
-1281
-1057
-889
-644
-251
166
459
627
777
933
1023
1025
1005
1003
956
820
657
569
544
487
338
151
-12
-137
-269
-437
-643
-867
-1084
-1289
-1512
-1796
-2145
-2510
-2826
-3064
-3240
-3385
-3507
-3571
-3530
-3357
-3078
-2714
-2250
-1642
-881
13
1019
2124
3261
4313
5211
5990
6677
7178
7348
7167
6787
6330
5756
4960
3979
2989
2119
1315
479
-335
-944
-1250
-1346
-1404
-1481
-1519
-1480
-1416
-1383
-1387
-1451
-1657
-2041
-2486
-2833
-3066
-3321
-3637
-3859
-3832
-3607
-3334
-3019
-2509
-1760
-933
-209
422
1068
1716
2225
2531
2714
2853
2900
2763
2458
2112
1827
1620
1443
1234
966
681
476
397
358
221
-31
-274
-413
-497
-656
-909
-1162
-1330
-1441
-1559
-1689
-1759
-1704
-1531
-1307
-1112
-971
-827
-605
-303
-2
216
359
499
661
790
821
754
642
538
469
423
360
232
24
-211
-403
-534
-651
-796
-962
-1127
-1285
-1444
-1610
-1797
-2030
-2308
-2587
-2815
-2991
-3162
-3343
-3488
-3534
-3447
-3214
-2833
-2303
-1630
-810
151
1190
2225
3240
4298
5366
6249
6752
6898
6884
6786
6457
5759
4795
3799
2873
1963
1050
239
-389
-881
-1292
-1587
-1706
-1699
-1676
-1665
-1611
-1513
-1482
-1617
-1909
-2243
-2515
-2701
-2859
-3059
-3298
-3475
-3477
-3280
-2948
-2525
-1992
-1343
-648
-3
575
1125
1654
2104
2426
2649
2829
2965
2997
2896
2708
2492
2265
2000
1717
1480
1323
1190
990
716
465
316
227
86
-168
-488
-794
-1046
-1248
-1402
-1503
-1550
-1558
-1540
-1505
-1447
-1348
-1194
-981
-735
-483
-246
-31
166
348
498
574
550
453
360
317
305
278
220
135
14
-148
-314
-437
-525
-660
-887
-1161
-1395
-1564
-1714
-1880
-2057
-2236
-2428
-2634
-2822
-2949
-3007
-3019
-2988
-2873
-2609
-2147
-1484
-670
239
1235
2352
3554
4693
5609
6289
6835
7268
7461
7297
6852
6272
5581
4699
3654
2636
1774
1007
236
-476
-974
-1228
-1352
-1437
-1463
-1413
-1361
-1386
-1468
-1557
-1698
-1988
-2435
-2911
-3292
-3566
-3799
-4004
-4099
-3994
-3685
-3262
-2823
-2379
-1860
-1214
-497
176
736
1197
1606
1977
2297
2527
2632
2601
2488
2383
2318
2224
2023
1733
1465
1295
1180
1023
785
515
284
101
-81
-294
-524
-746
-970
-1216
-1458
-1644
-1748
-1799
-1820
-1807
-1755
-1697
-1650
-1576
-1424
-1216
-1031
-910
-788
-574
-254
76
300
393
428
483
554
569
493
381
289
200
52
-150
-339
-480
-622
-819
-1039
-1220
-1366
-1537
-1756
-1983
-2177
-2345
-2495
-2592
-2596
-2522
-2393
-2183
-1827
-1304
-657
79
912
1833
2775
3673
4514
5295
5945
6348
6467
6359
6081
5607
4915
4084
3242
2452
1693
961
308
-218
-615
-888
-1006
-973
-886
-868
-928
-972
-951
-960
-1120
-1435
-1791
-2099
-2384
-2699
-3025
-3267
-3350
-3287
-3143
-2945
-2638
-2169
-1575
-973
-444
63
626
1210
1665
1898
1997
2123
2297
2397
2347
2228
2123
1974
1672
1260
922
759
661
468
199
-19
-158
-309
-521
-712
-812
-876
-996
-1157
-1274
-1328
-1397
-1521
-1642
-1692
-1680
-1657
-1643
-1617
-1573
-1511
-1412
-1261
-1073
-872
-650
-391
-122
103
265
389
480
503
437
320
202
80
-78
-276
-476
-648
-791
-908
-996
-1065
-1137
-1230
-1336
-1455
-1589
-1743
-1901
-2041
-2136
-2133
-1990
-1713
-1349
-903
-305
503
1444
2382
3279
4223
5248
6201
6869
7196
7300
7261
7013
6478
5703
4810
3860
2852
1844
954
233
-375
-907
-1304
-1500
-1532
-1501
-1463
-1412
-1372
-1402
-1522
-1688
-1879
-2122
-2447
-2814
-3158
-3451
-3685
-3815
-3785
-3584
-3264
-2881
-2456
-1975
-1420
-784
-114
504
1004
1395
1722
1991
2165
2241
2261
2246
2160
1974
1731
1498
1309
1158
1019
847
616
376
231
205
180
44
-152
-261
-272
-335
-558
-855
-1086
-1247
-1445
-1707
-1940
-2076
-2160
-2254
-2338
-2344
-2248
-2083
-1871
-1605
-1291
-957
-636
-342
-109
23
50
18
-31
-111
-254
-460
-696
-930
-1162
-1388
-1589
-1746
-1852
-1912
-1940
-1955
-1973
-1993
-2013
-2051
-2127
-2226
-2287
-2255
-2120
-1870
-1465
-879
-147
675
1597
2649
3759
4762
5575
6271
6901
7337
7404
7119
6678
6162
5439
4426
3304
2329
1509
669
-210
-901
-1236
-1322
-1360
-1369
-1246
-1011
-821
-756
-730
-685
-713
-932
-1292
-1657
-1975
-2303
-2659
-2951
-3086
-3073
-2968
-2762
-2403
-1892
-1305
-698
-53
650
1349
1914
2287
2524
2720
2884
2954
2893
2727
2499
2218
1912
1644
1458
1319
1169
1005
859
719
507
202
-103
-317
-440
-540
-649
-749
-832
-933
-1077
-1256
-1446
-1638
-1834
-2043
-2263
-2477
-2633
-2695
-2681
-2630
-2523
-2301
-1979
-1671
-1454
-1263
-981
-613
-314
-197
-216
-239
-215
-214
-337
-596
-896
-1131
-1261
-1327
-1383
-1433
-1435
-1387
-1336
-1326
-1361
-1427
-1531
-1667
-1790
-1838
-1792
-1668
-1449
-1098
-605
2
716
1546
2468
3399
4290
5149
5942
6530
6772
6714
6522
6245
5748
4926
3907
2938
2122
1370
596
-129
-671
-982
-1097
-1063
-924
-755
-637
-606
-641
-722
-847
-1014
-1207
-1433
-1731
-2125
-2564
-2936
-3134
-3144
-3042
-2898
-2687
-2319
-1780
-1170
-608
-104
403
922
1399
1797
2134
2393
2503
2455
2360
2326
2315
2193
1933
1638
1377
1119
834
583
415
269
64
-155
-248
-190
-118
-170
-320
-457
-544
-655
-849
-1087
-1309
-1524
-1778
-2065
-2315
-2480
-2568
-2586
-2497
-2270
-1948
-1609
-1276
-903
-491
-114
154
320
415
423
300
56
-236
-527
-812
-1077
-1288
-1416
-1462
-1433
-1338
-1230
-1162
-1135
-1090
-1021
-1021
-1169
-1405
-1595
-1680
-1700
-1681
-1563
-1266
-760
-58
799
1732
2661
3574
4513
5440
6188
6609
6737
6691
6487
6011
5214
4221
3209
2238
1280
353
-441
-1029
-1431
-1706
-1859
-1857
-1697
-1453
-1229
-1078
-978
-889
-833
-910
-1185
-1599
-2015
-2360
-2669
-2999
-3318
-3527
-3566
-3455
-3213
-2819
-2270
-1634
-999
-390
223
843
1401
1828
2132
2352
2497
2518
2395
2182
1985
1867
1790
1668
1463
1230
1059
959
873
764
647
568
526
507
532
608
660
574
330
34
-222
-475
-812
-1219
-1590
-1860
-2065
-2234
-2325
-2288
-2158
-1989
-1758
-1389
-902
-439
-113
111
337
555
639
501
212
-83
-334
-593
-893
-1167
-1329
-1366
-1336
-1267
-1148
-984
-829
-738
-725
-780
-906
-1100
-1320
-1499
-1606
-1639
-1594
-1418
-1052
-487
215
976
1795
2718
3733
4699
5448
5925
6198
6315
6216
5821
5159
4350
3489
2597
1685
782
-62
-793
-1337
-1647
-1761
-1772
-1728
-1601
-1378
-1143
-999
-970
-1023
-1157
-1387
-1661
-1894
-2080
-2293
-2570
-2833
-2976
-2969
-2833
-2585
-2249
-1892
-1544
-1139
-615
-38
441
783
1094
1445
1743
1864
1857
1876
1965
1996
1847
1575
1329
1179
1071
946
816
714
640
570
494
432
386
344
301
259
207
101
-81
-320
-581
-862
-1193
-1575
-1947
-2231
-2404
-2496
-2523
-2455
-2262
-1971
-1654
-1343
-1030
-704
-406
-200
-98
-77
-116
-227
-417
-659
-912
-1142
-1335
-1484
-1565
-1551
-1439
-1254
-1041
-830
-634
-473
-387
-414
-558
-777
-1003
-1176
-1251
-1213
-1061
-790
-374
214
984
1909
2924
3930
4817
5526
6078
6494
6727
6671
6281
5642
4878
4045
3151
2219
1307
472
-246
-811
-1192
-1392
-1432
-1333
-1139
-936
-812
-756
-695
-621
-634
-819
-1132
-1455
-1752
-2064
-2383
-2597
-2634
-2555
-2478
-2394
-2172
-1743
-1206
-712
-303
106
564
1006
1341
1564
1734
1861
1884
1781
1630
1508
1383
1170
866
589
444
406
395
394
441
534
611
639
649
665
635
493
262
33
-153
-367
-692
-1099
-1482
-1792
-2074
-2364
-2613
-2749
-2765
-2701
-2558
-2311
-1987
-1659
-1349
-1003
-592
-197
61
151
144
105
28
-129
-375
-670
-939
-1141
-1268
-1341
-1359
-1316
-1235
-1159
-1098
-1005
-868
-764
-780
-898
-1010
-1043
-1021
-969
-858
-618
-217
352
1080
1919
2778
3603
4399
5145
5722
6019
6058
5945
5695
5221
4487
3616
2740
1882
1016
197
-455
-892
-1173
-1363
-1463
-1459
-1367
-1217
-1036
-881
-823
-895
-1070
-1302
-1573
-1875
-2177
-2444
-2664
-2830
-2911
-2875
-2741
-2562
-2342
-2031
-1604
-1126
-693
-326
39
439
827
1120
1312
1477
1652
1788
1820
1756
1668
1592
1488
1318
1118
959
857
743
557
332
186
197
327
458
511
513
534
574
563
448
245
-5
-317
-707
-1137
-1524
-1823
-2042
-2197
-2269
-2231
-2074
-1797
-1413
-977
-576
-260
-13
190
314
316
212
58
-136
-403
-721
-1000
-1166
-1239
-1256
-1204
-1061
-872
-740
-711
-741
-778
-837
-961
-1140
-1303
-1397
-1420
-1380
-1245
-964
-504
121
866
1667
2478
3303
4156
4988
5656
6039
6146
6068
5834
5380
4672
3809
2950
2149
1349
527
-233
-819
-1193
-1403
-1505
-1530
-1490
-1387
-1224
-1041
-919
-921
-1032
-1190
-1372
-1615
-1928
-2255
-2521
-2694
-2774
-2760
-2655
-2482
-2241
-1899
-1447
-951
-484
-39
430
902
1270
1477
1588
1680
1734
1690
1567
1435
1315
1164
980
833
758
702
607
505
447
421
392
384
450
547
558
452
329
275
224
43
-274
-609
-895
-1190
-1550
-1920
-2183
-2296
-2315
-2294
-2228
-2084
-1856
-1558
-1207
-826
-467
-185
1
100
105
0
-201
-446
-682
-893
-1082
-1244
-1353
-1387
-1341
-1230
-1083
-933
-807
-717
-671
-679
-748
-863
-987
-1082
-1107
-1022
-789
-386
188
919
1757
2625
3463
4270
5062
5771
6257
6439
6379
6174
5816
5215
4357
3378
2430
1556
716
-98
-828
-1382
-1720
-1862
-1881
-1826
-1700
-1510
-1333
-1272
-1328
-1397
-1422
-1492
-1692
-1961
-2170
-2315
-2496
-2722
-2854
-2795
-2616
-2417
-2159
-1743
-1197
-667
-212
240
738
1197
1506
1683
1816
1935
1984
1933
1815
1663
1474
1263
1086
966
839
638
400
238
208
250
284
320
392
465
450
341
242
223
212
71
-232
-611
-988
-1361
-1731
-2044
-2249
-2367
-2426
-2382
-2176
-1850
-1519
-1226
-893
-469
-41
250
365
380
359
284
111
-157
-468
-769
-1018
-1185
-1260
-1251
-1162
-1009
-844
-726
-662
-615
-573
-585
-693
-846
-953
-972
-938
-862
-670
-277
306
994
1738
2559
3458
4346
5094
5648
6037
6279
6331
6152
5761
5200
4469
3566
2560
1594
756
38
-583
-1064
-1353
-1494
-1577
-1622
-1566
-1382
-1152
-992
-933
-946
-1014
-1156
-1377
-1646
-1940
-2249
-2535
-2736
-2807
-2772
-2675
-2517
-2269
-1906
-1439
-903
-341
201
686
1107
1464
1748
1936
2010
1983
1886
1745
1576
1376
1146
892
632
383
164
-10
-136
-211
-234
-184
-60
91
204
268
326
385
366
184
-139
-488
-790
-1090
-1443
-1829
-2163
-2393
-2524
-2566
-2503
-2339
-2089
-1757
-1343
-880
-445
-102
129
248
249
130
-71
-325
-627
-968
-1291
-1537
-1694
-1784
-1808
-1755
-1638
-1497
-1345
-1178
-1033
-979
-1019
-1087
-1119
-1122
-1103
-1009
-776
-399
105
761
1574
2455
3291
4098
4964
5832
6479
6767
6792
6698
6444
5875
4990
3978
3008
2095
1220
438
-181
-653
-1025
-1285
-1401
-1397
-1327
-1173
-901
-585
-415
-500
-761
-1045
-1304
-1608
-1982
-2347
-2626
-2823
-2969
-3028
-2916
-2627
-2256
-1882
-1479
-972
-360
261
787
1199
1551
1874
2120
2208
2126
1957
1813
1722
1588
1319
958
670
569
593
575
468
389
442
576
655
651
647
682
653
460
142
-173
-440
-723
-1061
-1407
-1717
-2007
-2284
-2482
-2535
-2451
-2275
-1997
-1583
-1082
-604
-191
203
574
815
834
703
561
437
236
-99
-496
-844
-1094
-1259
-1344
-1343
-1274
-1167
-1039
-898
-767
-676
-633
-641
-704
-823
-969
-1090
-1140
-1068
-817
-374
214
882
1613
2418
3271
4098
4826
5413
5824
6008
5949
5666
5182
4497
3631
2663
1692
775
-66
-780
-1303
-1610
-1758
-1819
-1823
-1755
-1606
-1410
-1239
-1174
-1242
-1399
-1583
-1794
-2068
-2388
-2667
-2853
-2984
-3118
-3219
-3183
-2964
-2611
-2191
-1702
-1127
-506
79
573
985
1344
1647
1860
1962
1973
1941
1893
1805
1642
1416
1200
1055
961
861
755
712
763
826
789
659
572
618
720
730
602
408
201
-70
-453
-890
-1283
-1606
-1911
-2224
-2482
-2617
-2604
-2464
-2220
-1906
-1552
-1163
-738
-314
24
231
343
406
380
200
-98
-393
-618
-812
-1019
-1196
-1275
-1253
-1170
-1046
-890
-750
-678
-683
-729
-806
-923
-1053
-1126
-1097
-966
-727
-346
173
779
1455
2240
3135
4028
4788
5395
5894
6252
6357
6173
5795
5294
4618
3722
2725
1819
1075
416
-199
-684
-956
-1065
-1120
-1136
-1062
-903
-748
-657
-611
-587
-647
-857
-1186
-1512
-1771
-2007
-2270
-2510
-2605
-2493
-2234
-1929
-1616
-1251
-776
-216
332
767
1072
1306
1521
1708
1812
1816
1763
1700
1636
1560
1468
1353
1206
1033
876
774
712
640
543
474
492
573
636
609
507
405
347
294
154
-126
-519
-959
-1402
-1830
-2213
-2497
-2658
-2725
-2734
-2666
-2466
-2125
-1707
-1293
-917
-574
-280
-81
-11
-50
-154
-310
-527
-791
-1037
-1203
-1292
-1358
-1418
-1440
-1401
-1319
-1232
-1151
-1090
-1095
-1196
-1345
-1457
-1501
-1508
-1477
-1329
-988
-470
146
813
1532
2307
3108
3879
4554
5079
5434
5631
5662
5466
4997
4299
3485
2644
1806
988
225
-443
-981
-1362
-1562
-1609
-1569
-1483
-1347
-1162
-981
-860
-813
-835
-964
-1234
-1608
-1992
-2322
-2595
-2814
-2957
-3015
-3000
-2897
-2637
-2178
-1578
-954
-383
128
595
1023
1424
1786
2047
2141
2099
2031
1998
1942
1787
1552
1329
1168
1045
922
808
712
631
570
560
619
721
830
922
970
938
815
650
485
284
-26
-436
-841
-1162
-1432
-1718
-1994
-2145
-2117
-1958
-1752
-1514
-1211
-847
-482
-178
63
272
456
571
564
407
146
-142
-395
-599
-768
-894
-963
-973
-953
-929
-915
-923
-964
-1047
-1163
-1281
-1373
-1406
-1347
-1170
-864
-438
101
746
1479
2267
3067
3840
4551
5161
5622
5899
5978
5864
5562
5080
4433
3658
2806
1925
1063
282
-351
-818
-1157
-1414
-1576
-1612
-1539
-1438
-1371
-1342
-1323
-1314
-1339
-1416
-1560
-1783
-2070
-2358
-2587
-2751
-2898
-3029
-3082
-2998
-2772
-2426
-1967
-1419
-848
-318
159
610
1032
1382
1623
1753
1788
1757
1707
1669
1620
1492
1282
1073
947
904
905
935
989
1032
1024
985
962
939
859
700
506
292
24
-315
-678
-1017
-1353
-1701
-2001
-2184
-2276
-2361
-2443
-2437
-2299
-2080
-1824
-1501
-1104
-730
-487
-349
-208
-64
-26
-148
-332
-456
-515
-580
-670
-742
-780
-812
-849
-862
-835
-809
-824
-875
-936
-999
-1057
-1082
-1032
-894
-666
-326
139
711
1353
2063
2855
3695
4472
5087
5522
5810
5935
5848
5532
5041
4443
3760
2989
2152
1302
483
-265
-884
-1332
-1616
-1786
-1854
-1805
-1640
-1425
-1233
-1092
-1011
-1023
-1159
-1390
-1650
-1905
-2165
-2428
-2648
-2787
-2837
-2788
-2606
-2302
-1942
-1577
-1179
-704
-198
256
658
1085
1545
1924
2110
2134
2118
2117
2085
1972
1794
1607
1463
1384
1343
1263
1102
907
774
745
769
802
847
912
964
971
939
874
734
471
100
-326
-778
-1249
-1705
-2092
-2376
-2555
-2615
-2535
-2340
-2080
-1768
-1384
-954
-575
-317
-156
-53
-40
-170
-408
-641
-807
-945
-1097
-1232
-1298
-1292
-1251
-1187
-1097
-1009
-975
-1013
-1092
-1190
-1296
-1385
-1412
-1347
-1192
-937
-528
70
804
1582
2361
3158
3959
4675
5218
5579
5808
5895
5749
5313
4655
3916
3161
2363
1509
670
-54
-630
-1087
-1418
-1591
-1622
-1588
-1533
-1421
-1236
-1074
-1041
-1130
-1241
-1337
-1476
-1701
-1964
-2218
-2472
-2719
-2877
-2875
-2745
-2574
-2373
-2077
-1678
-1251
-842
-410
69
544
949
1284
1563
1757
1832
1836
1838
1818
1689
1447
1206
1061
975
873
746
646
606
636
748
929
1099
1159
1116
1049
986
842
552
172
-208
-583
-1010
-1473
-1868
-2127
-2276
-2340
-2280
-2070
-1769
-1462
-1146
-773
-366
-38
141
228
298
330
236
13
-253
-483
-685
-885
-1070
-1195
-1247
-1261
-1264
-1267
-1269
-1270
-1274
-1276
-1275
-1265
-1243
-1204
-1139
-1002
-736
-322
196
783
1455
2236
3072
3841
4472
4985
5406
5681
5730
5536
5164
4654
3999
3210
2361
1532
738
-22
-703
-1229
-1580
-1797
-1903
-1880
-1751
-1614
-1532
-1457
-1318
-1175
-1181
-1381
-1638
-1811
-1919
-2085
-2333
-2558
-2672
-2689
-2651
-2531
-2279
-1925
-1540
-1137
-663
-117
410
828
1152
1444
1706
1876
1936
1952
1989
2015
1945
1757
1521
1318
1166
1038
912
799
717
696
750
861
974
1036
1020
947
835
698
530
298
-57
-557
-1128
-1648
-2047
-2358
-2620
-2797
-2824
-2696
-2473
-2186
-1821
-1388
-964
-612
-337
-112
42
71
-23
-188
-371
-554
-728
-868
-970
-1057
-1145
-1205
-1214
-1178
-1145
-1141
-1161
-1182
-1183
-1164
-1130
-1082
-980
-775
-454
-41
450
1048
1763
2533
3268
3928
4526
5038
5407
5577
5529
5254
4768
4155
3523
2899
2212
1415
596
-101
-619
-1001
-1284
-1463
-1542
-1553
-1527
-1470
-1403
-1361
-1345
-1338
-1354
-1436
-1593
-1770
-1931
-2097
-2274
-2408
-2453
-2443
-2419
-2328
-2083
-1704
-1306
-952
-587
-188
189
479
720
979
1229
1395
1466
1490
1481
1396
1232
1056
923
822
734
686
716
796
873
928
983
1049
1111
1149
1148
1092
963
766
513
198
-181
-585
-949
-1253
-1539
-1820
-2033
-2105
-2037
-1900
-1733
-1501
-1180
-826
-531
-324
-155
13
136
141
14
-191
-413
-636
-858
-1062
-1219
-1309
-1346
-1342
-1294
-1197
-1084
-1007
-994
-1028
-1059
-1059
-1026
-962
-850
-684
-458
-145
302
897
1589
2299
2995
3694
4387
4981
5352
5451
5335
5070
4659
4072
3337
2544
1764
1002
263
-388
-871
-1190
-1418
-1602
-1706
-1692
-1593
-1486
-1411
-1371
-1354
-1370
-1416
-1487
-1593
-1753
-1944
-2114
-2234
-2317
-2370
-2372
-2301
-2164
-1957
-1654
-1247
-800
-386
4
426
870
1248
1506
1683
1820
1887
1848
1745
1657
1560
1359
1047
762
636
631
610
537
507
606
785
933
1007
1042
1049
989
843
637
387
60
-370
-855
-1308
-1696
-2036
-2313
-2470
-2472
-2353
-2161
-1896
-1545
-1150
-791
-526
-357
-273
-255
-264
-267
-281
-368
-550
-763
-926
-1022
-1089
-1150
-1180
-1152
-1092
-1041
-1022
-1036
-1081
-1154
-1233
-1286
-1296
-1245
-1106
-840
-438
59
611
1228
1936
2714
3490
4189
4774
5208
5439
5443
5263
4957
4522
3914
3152
2343
1567
827
112
-510
-954
-1226
-1398
-1477
-1404
-1195
-1011
-988
-1079
-1132
-1113
-1140
-1307
-1555
-1784
-1979
-2174
-2348
-2439
-2434
-2376
-2262
-2045
-1746
-1465
-1246
-999
-630
-186
201
489
753
1042
1300
1456
1523
1553
1549
1469
1315
1139
986
867
771
687
606
532
495
527
604
670
697
691
658
589
490
381
236
-26
-427
-870
-1243
-1547
-1859
-2190
-2449
-2558
-2526
-2400
-2183
-1880
-1535
-1193
-857
-513
-203
14
137
197
189
74
-116
-275
-341
-377
-467
-590
-651
-636
-616
-646
-695
-729
-776
-878
-1017
-1135
-1201
-1215
-1161
-998
-696
-251
325
1003
1720
2408
3053
3679
4262
4714
4970
5060
5025
4823
4380
3743
3058
2403
1732
999
292
-261
-646
-950
-1209
-1372
-1417
-1407
-1396
-1360
-1270
-1189
-1200
-1305
-1439
-1576
-1742
-1945
-2126
-2234
-2286
-2302
-2282
-2199
-2059
-1880
-1670
-1423
-1148
-848
-516
-153
217
561
863
1112
1298
1420
1489
1520
1510
1451
1355
1245
1129
1022
970
999
1065
1086
1065
1102
1251
1427
1494
1427
1303
1162
947
614
223
-130
-446
-800
-1216
-1620
-1916
-2088
-2177
-2203
-2145
-1988
-1751
-1476
-1192
-918
-680
-496
-355
-226
-119
-89
-177
-342
-492
-581
-651
-761
-899
-1003
-1033
-1029
-1037
-1063
-1082
-1086
-1100
-1141
-1201
-1257
-1274
-1218
-1058
-791
-424
36
592
1231
1913
2592
3253
3887
4460
4899
5142
5168
4992
4653
4188
3636
3010
2313
1563
812
130
-446
-916
-1295
-1588
-1794
-1913
-1946
-1894
-1767
-1618
-1517
-1503
-1561
-1657
-1786
-1971
-2222
-2484
-2667
-2713
-2638
-2502
-2329
-2105
-1810
-1454
-1055
-628
-201
177
461
655
793
898
972
1030
1102
1194
1280
1351
1442
1583
1738
1839
1854
1823
1800
1789
1758
1686
1589
1485
1349
1147
891
646
457
281
37
-304
-701
-1110
-1528
-1935
-2261
-2459
-2555
-2594
-2554
-2381
-2087
-1765
-1466
-1164
-829
-515
-295
-184
-148
-186
-321
-520
-691
-782
-822
-865
-906
-903
-839
-734
-624
-552
-554
-628
-732
-829
-917
-1003
-1062
-1042
-914
-683
-345
112
686
1345
2044
2754
3446
4070
4556
4857
4980
4962
4810
4501
4026
3432
2776
2083
1362
652
18
-520
-973
-1334
-1548
-1605
-1567
-1516
-1472
-1407
-1304
-1180
-1073
-1040
-1128
-1314
-1503
-1640
-1781
-2006
-2268
-2439
-2450
-2341
-2153
-1859
-1445
-990
-583
-220
163
573
944
1229
1435
1567
1609
1570
1509
1454
1378
1261
1155
1114
1095
1016
887
814
845
897
883
853
913
1055
1146
1104
1005
929
818
542
96
-370
-752
-1104
-1515
-1938
-2235
-2355
-2371
-2333
-2193
-1899
-1515
-1156
-872
-628
-415
-274
-228
-245
-290
-385
-564
-786
-955
-1016
-1004
-981
-963
-927
-872
-838
-852
-895
-935
-971
-1033
-1120
-1186
-1178
-1089
-930
-702
-375
78
652
1307
1993
2670
3329
3955
4491
4868
5059
5096
4994
4725
4259
3653
3000
2330
1605
826
96
-493
-952
-1354
-1684
-1840
-1792
-1660
-1585
-1566
-1497
-1351
-1252
-1316
-1494
-1655
-1757
-1890
-2114
-2358
-2503
-2529
-2504
-2441
-2272
-1984
-1665
-1392
-1126
-778
-345
81
453
790
1094
1301
1381
1398
1422
1435
1377
1263
1178
1153
1134
1078
1015
989
1002
1032
1088
1186
1301
1388
1424
1409
1328
1171
960
722
437
59
-399
-859
-1255
-1588
-1875
-2089
-2181
-2151
-2040
-1879
-1660
-1383
-1075
-794
-589
-470
-417
-402
-425
-499
-605
-700
-763
-797
-822
-831
-816
-787
-753
-697
-629
-608
-693
-854
-998
-1083
-1143
-1202
-1197
-1055
-780
-422
16
573
1243
1965
2689
3397
4050
4556
4843
4933
4886
4717
4388
3897
3299
2658
1992
1310
657
86
-388
-790
-1133
-1388
-1514
-1521
-1473
-1438
-1423
-1391
-1333
-1296
-1334
-1430
-1520
-1579
-1664
-1818
-1995
-2108
-2144
-2166
-2190
-2133
-1926
-1633
-1373
-1159
-887
-487
-41
333
623
908
1197
1415
1512
1551
1600
1617
1510
1295
1116
1069
1097
1086
1022
991
1048
1143
1203
1227
1256
1295
1308
1272
1192
1052
814
473
74
-340
-768
-1210
-1617
-1920
-2110
-2221
-2264
-2205
-2041
-1830
-1615
-1383
-1112
-858
-706
-661
-629
-552
-475
-487
-594
-724
-808
-845
-855
-841
-792
-710
-613
-527
-486
-521
-622
-742
-828
-870
-883
-852
-746
-548
-265
111
612
1244
1948
2642
3292
3890
4398
4743
4885
4860
4722
4476
4089
3547
2882
2152
1405
688
45
-501
-943
-1283
-1517
-1647
-1709
-1754
-1809
-1839
-1790
-1671
-1569
-1565
-1651
-1757
-1863
-2002
-2195
-2369
-2439
-2414
-2376
-2358
-2288
-2080
-1749
-1376
-1021
-672
-312
35
330
569
775
957
1107
1214
1290
1339
1351
1318
1264
1234
1246
1275
1277
1246
1224
1242
1284
1320
1345
1372
1378
1318
1179
1009
846
651
346
-72
-517
-910
-1265
-1626
-1952
-2145
-2182
-2138
-2064
-1904
-1603
-1225
-903
-686
-508
-327
-198
-180
-228
-274
-347
-515
-751
-920
-949
-896
-849
-801
-692
-520
-364
-298
-342
-465
-612
-725
-771
-759
-720
-649
-506
-245
151
680
1317
2001
2675
3315
3915
4427
4770
4902
4867
4732
4488
4062
3437
2708
2013
1401
831
261
-277
-721
-1055
-1292
-1419
-1410
-1308
-1215
-1188
-1184
-1165
-1182
-1312
-1534
-1753
-1927
-2100
-2285
-2411
-2425
-2376
-2312
-2187
-1940
-1633
-1388
-1227
-1028
-715
-359
-68
153
371
598
783
899
980
1063
1143
1197
1219
1216
1189
1141
1085
1045
1041
1077
1122
1134
1104
1073
1069
1050
957
806
660
532
344
32
-373
-777
-1140
-1485
-1833
-2142
-2345
-2416
-2373
-2248
-2051
-1783
-1469
-1162
-908
-715
-570
-474
-467
-557
-698
-815
-890
-948
-1002
-1008
-924
-763
-569
-380
-221
-144
-193
-345
-508
-616
-681
-747
-805
-795
-666
-417
-59
408
988
1656
2362
3057
3696
4237
4634
4870
4952
4902
4731
4439
4019
3474
2830
2140
1457
816
242
-235
-598
-871
-1109
-1326
-1487
-1568
-1605
-1652
-1709
-1737
-1741
-1775
-1857
-1943
-1994
-2049
-2143
-2232
-2236
-2144
-2035
-1965
-1895
-1754
-1518
-1220
-899
-583
-278
14
302
570
783
932
1062
1213
1357
1424
1391
1321
1285
1281
1268
1237
1208
1201
1193
1175
1156
1154
1167
1180
1183
1162
1088
923
653
303
-76
-443
-792
-1136
-1471
-1758
-1958
-2061
-2087
-2038
-1902
-1687
-1448
-1250
-1110
-997
-879
-759
-668
-621
-625
-666
-719
-759
-769
-766
-767
-774
-764
-731
-687
-663
-680
-734
-806
-864
-885
-872
-830
-745
-570
-273
125
580
1073
1631
2265
2932
3542
4034
4395
4632
4738
4701
4530
4239
3821
3275
2642
2002
1395
803
218
-294
-653
-875
-1062
-1261
-1411
-1455
-1442
-1458
-1510
-1535
-1537
-1596
-1749
-1929
-2065
-2175
-2292
-2379
-2380
-2321
-2268
-2200
-2033
-1758
-1482
-1280
-1086
-794
-437
-138
55
224
440
650
774
828
896
997
1062
1039
974
939
928
880
795
751
794
880
936
966
1034
1141
1194
1118
948
774
611
389
63
-316
-664
-957
-1236
-1516
-1755
-1893
-1924
-1872
-1764
-1610
-1420
-1227
-1063
-941
-841
-745
-647
-563
-501
-460
-449
-490
-591
-708
-777
-759
-671
-567
-484
-427
-391
-382
-406
-447
-476
-480
-475
-464
-411
-270
-23
314
742
1277
1910
2579
3215
3783
4268
4633
4823
4824
4663
4364
3935
3409
2840
2260
1652
1011
392
-127
-524
-828
-1054
-1188
-1236
-1256
-1292
-1338
-1371
-1408
-1488
-1614
-1753
-1880
-2015
-2184
-2362
-2500
-2557
-2542
-2487
-2398
-2256
-2046
-1791
-1525
-1250
-932
-567
-213
66
271
454
646
819
938
1004
1039
1052
1062
1099
1170
1230
1225
1182
1188
1277
1392
1463
1500
1565
1675
1771
1797
1733
1585
1337
995
600
206
-187
-615
-1081
-1520
-1859
-2081
-2215
-2276
-2235
-2069
-1812
-1547
-1343
-1200
-1075
-940
-821
-760
-784
-884
-1024
-1172
-1301
-1397
-1450
-1447
-1385
-1271
-1128
-961
-767
-575
-450
-438
-504
-568
-581
-560
-507
-375
-126
209
563
936
1395
1968
2586
3161
3656
4064
4351
4476
4460
4357
4175
3859
3378
2791
2192
1624
1080
567
123
-220
-472
-672
-842
-983
-1103
-1214
-1317
-1403
-1474
-1548
-1641
-1753
-1876
-2012
-2159
-2286
-2338
-2305
-2250
-2235
-2224
-2115
-1869
-1570
-1309
-1076
-807
-505
-239
-30
190
452
688
820
876
933
995
999
941
888
873
833
722
603
585
684
828
957
1068
1166
1240
1274
1283
1249
1126
888
571
232
-124
-518
-930
-1288
-1543
-1704
-1797
-1813
-1739
-1608
-1484
-1372
-1209
-966
-722
-583
-555
-541
-479
-428
-467
-582
-681
-710
-690
-652
-588
-495
-409
-364
-349
-341
-354
-414
-492
-529
-518
-507
-508
-442
-219
156
607
1081
1596
2175
2778
3330
3785
4149
4426
4584
4571
4362
3996
3546
3044
2467
1799
1104
491
12
-374
-723
-1012
-1188
-1260
-1313
-1407
-1516
-1588
-1625
-1682
-1784
-1894
-1976
-2036
-2118
-2242
-2361
-2406
-2344
-2201
-2035
-1866
-1671
-1439
-1188
-942
-680
-387
-94
151
342
514
683
809
854
848
832
796
722
646
636
692
747
765
794
887
1024
1133
1191
1231
1269
1276
1216
1073
851
561
237
-76
-369
-676
-1016
-1349
-1622
-1830
-1990
-2084
-2057
-1900
-1673
-1446
-1225
-977
-707
-472
-311
-203
-119
-77
-116
-233
-372
-491
-601
-711
-805
-842
-830
-797
-755
-696
-639
-619
-630
-618
-563
-520
-515
-475
-290
42
421
790
1195
1688
2226
2724
3138
3473
3734
3905
3974
3935
3766
3463
3072
2645
2182
1657
1091
558
106
-275
-609
-874
-1034
-1104
-1135
-1160
-1182
-1190
-1204
-1244
-1305
-1360
-1396
-1441
-1546
-1713
-1873
-1946
-1930
-1896
-1884
-1837
-1683
-1428
-1141
-854
-555
-250
8
206
391
584
719
740
712
735
803
806
706
607
611
684
732
749
813
945
1065
1113
1129
1174
1222
1188
1052
867
671
434
125
-228
-561
-846
-1099
-1330
-1525
-1670
-1754
-1751
-1639
-1444
-1240
-1084
-969
-857
-751
-688
-685
-713
-737
-756
-792
-838
-868
-862
-820
-758
-682
-594
-509
-443
-405
-400
-427
-475
-520
-547
-555
-544
-483
-324
-46
324
753
1216
1703
2193
2667
3120
3534
3866
4069
4145
4130
4027
3819
3517
3162
2766
2287
1723
1154
678
287
-97
-499
-836
-1031
-1114
-1175
-1251
-1305
-1323
-1347
-1428
-1547
-1662
-1764
-1886
-2036
-2179
-2279
-2343
-2381
-2365
-2246
-2018
-1740
-1463
-1178
-850
-490
-151
132
377
606
788
876
872
826
769
687
582
499
495
550
584
549
491
495
581
696
768
788
810
855
895
877
784
634
436
183
-120
-445
-765
-1085
-1408
-1701
-1901
-1980
-1961
-1881
-1745
-1554
-1334
-1119
-911
-691
-461
-263
-140
-103
-142
-239
-370
-490
-567
-604
-628
-649
-649
-622
-596
-589
-584
-549
-475
-394
-335
-283
-189
-11
248
555
884
1241
1650
2113
2602
3060
3442
3729
3926
4036
4049
3940
3702
3354
2931
2467
1965
1424
871
355
-79
-437
-746
-1011
-1200
-1290
-1309
-1304
-1295
-1277
-1261
-1285
-1365
-1470
-1573
-1697
-1886
-2118
-2308
-2393
-2383
-2310
-2170
-1949
-1677
-1415
-1161
-847
-445
-31
292
510
679
831
927
943
920
920
940
927
869
814
799
812
819
824
857
916
977
1030
1088
1158
1213
1211
1138
1008
842
640
389
68
-316
-730
-1117
-1434
-1669
-1831
-1925
-1946
-1899
-1815
-1709
-1562
-1350
-1097
-880
-757
-704
-651
-562
-469
-432
-461
-528
-590
-624
-632
-633
-643
-653
-636
-587
-545
-544
-551
-510
-417
-323
-252
-139
88
426
794
1153
1547
2018
2532
3012
3419
3756
4024
4185
4202
4070
3802
3422
2978
2525
2078
1594
1050
496
16
-363
-676
-944
-1123
-1171
-1124
-1062
-1028
-1002
-976
-989
-1071
-1199
-1315
-1411
-1520
-1668
-1831
-1967
-2054
-2087
-2056
-1942
-1743
-1502
-1268
-1042
-779
-459
-121
170
408
645
905
1126
1242
1256
1216
1146
1050
957
889
805
647
453
341
348
386
377
370
442
558
614
598
587
594
529
341
76
-209
-532
-926
-1323
-1643
-1888
-2108
-2273
-2299
-2168
-1960
-1733
-1464
-1138
-813
-560
-381
-245
-162
-159
-218
-288
-361
-462
-583
-673
-718
-768
-857
-943
-966
-930
-880
-838
-771
-645
-464
-244
19
341
720
1138
1564
1992
2419
2839
3227
3548
3772
3888
3912
3860
3729
3503
3170
2751
2289
1830
1390
979
605
266
-39
-309
-525
-675
-763
-817
-866
-918
-962
-999
-1036
-1093
-1174
-1281
-1397
-1512
-1614
-1703
-1784
-1867
-1938
-1966
-1922
-1808
-1642
-1432
-1172
-867
-539
-218
74
338
567
758
919
1050
1140
1172
1152
1093
1006
891
764
656
586
531
485
477
554
697
834
914
958
1009
1043
984
786
481
151
-164
-472
-797
-1129
-1417
-1620
-1723
-1742
-1699
-1606
-1471
-1297
-1083
-833
-560
-307
-110
12
56
35
-43
-152
-270
-383
-491
-595
-684
-754
-807
-844
-857
-840
-810
-782
-742
-658
-506
-310
-100
124
393
726
1098
1479
1861
2242
2602
2906
3138
3316
3441
3487
3419
3245
2997
2686
2288
1796
1253
724
245
-173
-519
-770
-920
-990
-1003
-975
-920
-853
-788
-746
-756
-855
-1032
-1235
-1412
-1539
-1623
-1676
-1711
-1746
-1772
-1737
-1596
-1378
-1154
-950
-712
-391
-34
265
464
623
800
974
1092
1143
1166
1178
1143
1030
870
738
670
653
657
674
705
737
752
758
773
811
856
869
805
634
367
50
-269
-587
-921
-1263
-1568
-1802
-1989
-2152
-2264
-2270
-2151
-1942
-1681
-1377
-1043
-734
-508
-369
-269
-181
-123
-124
-178
-265
-385
-537
-698
-829
-907
-930
-904
-828
-717
-609
-528
-457
-351
-193
5
222
459
728
1041
1400
1797
2211
2616
2997
3338
3610
3780
3832
3786
3647
3401
3036
2592
2136
1681
1198
683
200
-184
-472
-706
-896
-1015
-1054
-1060
-1066
-1059
-1025
-1001
-1048
-1172
-1310
-1419
-1530
-1703
-1919
-2093
-2167
-2175
-2167
-2127
-1985
-1741
-1476
-1247
-1020
-730
-384
-51
238
511
781
1016
1191
1328
1440
1488
1422
1258
1079
942
837
741
650
573
513
482
506
586
683
757
796
805
774
696
581
440
238
-43
-371
-683
-971
-1281
-1611
-1870
-1979
-1962
-1899
-1809
-1652
-1430
-1216
-1055
-908
-718
-505
-337
-254
-243
-283
-363
-454
-510
-519
-506
-490
-465
-437
-445
-501
-567
-609
-641
-681
-687
-586
-364
-77
233
583
994
1434
1863
2277
2688
3074
3398
3650
3847
3977
3981
3822
3520
3135
2698
2206
1654
1069
520
67
-291
-618
-966
-1296
-1507
-1557
-1514
-1477
-1467
-1435
-1366
-1316
-1332
-1385
-1409
-1404
-1435
-1543
-1684
-1785
-1831
-1854
-1863
-1822
-1697
-1497
-1253
-981
-677
-349
-23
282
558
780
929
1018
1087
1157
1201
1178
1106
1036
987
925
817
689
591
544
538
568
635
714
765
773
762
739
662
486
219
-75
-347
-598
-854
-1120
-1378
-1604
-1756
-1799
-1721
-1554
-1354
-1154
-956
-757
-575
-428
-323
-253
-225
-246
-319
-429
-552
-671
-776
-858
-911
-932
-934
-931
-926
-906
-852
-765
-665
-564
-447
-296
-109
121
407
769
1194
1645
2103
2554
2975
3332
3603
3788
3883
3865
3724
3485
3178
2789
2288
1699
1110
596
163
-221
-567
-862
-1084
-1213
-1240
-1190
-1129
-1095
-1061
-990
-923
-956
-1097
-1243
-1306
-1339
-1450
-1630
-1756
-1754
-1691
-1654
-1615
-1490
-1273
-1043
-831
-595
-305
-14
216
401
593
789
946
1046
1096
1083
980
821
684
617
576
508
424
367
340
318
312
363
472
580
639
666
697
712
651
487
250
-15
-293
-583
-873
-1140
-1359
-1520
-1611
-1634
-1591
-1478
-1288
-1030
-760
-545
-422
-371
-349
-336
-346
-384
-432
-467
-502
-576
-695
-820
-903
-933
-934
-922
-891
-842
-795
-757
-701
-612
-509
-419
-311
-111
209
589
963
1327
1726
2168
2600
2969
3260
3468
3577
3566
3444
3220
2889
2449
1950
1466
1033
632
236
-148
-490
-762
-943
-1027
-1035
-1018
-1005
-979
-931
-911
-977
-1107
-1214
-1260
-1312
-1422
-1543
-1583
-1538
-1488
-1476
-1447
-1337
-1164
-1000
-858
-685
-441
-159
101
314
488
624
712
762
805
852
887
891
877
867
848
795
713
658
679
760
849
914
961
996
1001
965
901
809
659
426
150
-104
-326
-570
-879
-1215
-1501
-1708
-1853
-1945
-1949
-1841
-1651
-1425
-1183
-928
-687
-515
-437
-412
-387
-363
-377
-448
-538
-598
-622
-650
-705
-764
-793
-778
-754
-755
-774
-771
-714
-618
-519
-426
-300
-89
207
541
882
1236
1634
2064
2479
2833
3118
3341
3500
3574
3544
3401
3139
2766
2314
1825
1329
841
391
15
-267
-483
-675
-849
-971
-1027
-1042
-1046
-1031
-990
-941
-930
-971
-1055
-1187
-1384
-1620
-1821
-1928
-1962
-1974
-1968
-1900
-1763
-1600
-1429
-1207
-887
-508
-144
170
450
697
880
994
1071
1141
1184
1163
1070
932
767
594
441
346
311
306
314
357
463
619
772
873
928
966
993
958
808
558
281
27
-230
-544
-901
-1228
-1474
-1654
-1794
-1874
-1844
-1703
-1497
-1269
-1019
-756
-516
-331
-197
-100
-48
-47
-86
-143
-213
-316
-446
-572
-672
-750
-821
-888
-943
-983
-1009
-1005
-953
-854
-720
-542
-298
13
352
690
1036
1413
1824
2232
2605
2938
3219
3417
3491
3446
3320
3147
2935
2664
2316
1888
1397
887
420
28
-299
-592
-848
-1030
-1123
-1151
-1159
-1155
-1132
-1100
-1083
-1096
-1124
-1151
-1190
-1267
-1396
-1549
-1694
-1806
-1888
-1938
-1932
-1841
-1660
-1420
-1159
-885
-588
-276
18
264
472
669
846
972
1020
1000
927
821
703
604
537
489
455
456
515
603
683
752
847
970
1073
1104
1070
1015
948
837
658
425
164
-109
-377
-620
-835
-1032
-1205
-1321
-1348
-1296
-1191
-1060
-913
-765
-622
-488
-375
-319
-342
-423
-526
-635
-762
-900
-1011
-1068
-1082
-1071
-1030
-956
-884
-852
-858
-862
-832
-768
-686
-588
-477
-352
-208
-9
273
638
1058
1495
1936
2369
2774
3127
3408
3607
3714
3714
3603
3382
3058
2625
2088
1494
922
436
39
-309
-637
-919
-1117
-1227
-1279
-1310
-1323
-1306
-1254
-1198
-1168
-1172
-1190
-1214
-1264
-1357
-1469
-1564
-1639
-1721
-1813
-1860
-1820
-1706
-1550
-1360
-1119
-835
-534
-221
113
448
734
948
1116
1254
1332
1323
1250
1163
1069
948
805
689
631
619
623
625
623
625
656
728
811
850
827
767
674
507
252
-36
-282
-493
-724
-989
-1221
-1370
-1456
-1531
-1585
-1562
-1446
-1292
-1171
-1082
-965
-787
-601
-492
-469
-461
-398
-315
-287
-333
-401
-449
-497
-567
-639
-674
-689
-738
-836
-936
-981
-962
-898
-797
-663
-477
-214
153
618
1138
1664
2166
2622
3018
3345
3600
3771
3828
3749
3534
3201
2784
2345
1935
1545
1121
655
228
-87
-315
-531
-749
-905
-969
-988
-995
-957
-857
-761
-754
-832
-917
-980
-1077
-1239
-1417
-1544
-1631
-1723
-1813
-1841
-1773
-1634
-1467
-1286
-1091
-874
-630
-345
-28
281
541
746
915
1060
1167
1216
1195
1107
970
827
716
643
579
518
488
519
590
653
686
720
769
799
764
663
538
404
239
17
-235
-477
-696
-903
-1099
-1256
-1363
-1436
-1482
-1471
-1374
-1212
-1036
-873
-714
-555
-427
-363
-352
-372
-411
-470
-535
-576
-577
-550
-510
-480
-481
-532
-622
-721
-810
-904
-1006
-1086
-1097
-1030
-922
-792
-622
-381
-65
316
758
1252
1769
2265
2719
3119
3443
3656
3737
3700
3586
3425
3214
2911
2487
1963
1412
906
463
71
-268
-528
-705
-835
-946
-1019
-1044
-1047
-1070
-1109
-1135
-1153
-1192
-1266
-1351
-1442
-1556
-1689
-1801
-1858
-1875
-1871
-1822
-1705
-1550
-1409
-1267
-1049
-738
-411
-151
45
237
447
633
757
814
826
816
812
836
889
937
948
914
862
817
796
801
832
881
934
960
941
894
848
801
698
486
198
-71
-270
-435
-631
-856
-1045
-1149
-1174
-1151
-1117
-1087
-1058
-997
-883
-747
-637
-573
-524
-459
-396
-385
-437
-517
-584
-633
-686
-758
-835
-900
-940
-964
-970
-948
-902
-861
-841
-819
-753
-645
-536
-443
-311
-68
300
737
1187
1633
2089
2549
2980
3348
3619
3774
3812
3734
3537
3224
2830
2411
1997
1569
1110
649
250
-60
-296
-487
-634
-737
-801
-832
-830
-814
-830
-915
-1061
-1227
-1374
-1498
-1619
-1754
-1881
-1957
-1959
-1915
-1879
-1858
-1791
-1639
-1423
-1200
-984
-743
-471
-209
7
187
357
523
671
806
932
1025
1033
953
837
760
755
794
827
828
814
825
868
912
914
877
836
813
781
710
599
473
339
181
-8
-209
-397
-585
-798
-1046
-1295
-1476
-1532
-1453
-1292
-1116
-959
-799
-606
-403
-241
-147
-85
-20
31
8
-106
-265
-405
-507
-591
-664
-711
-728
-740
-779
-849
-938
-1044
-1161
-1255
-1277
-1203
-1065
-913
-757
-564
-300
42
438
867
1321
1793
2266
2707
3075
3342
3513
3613
3655
3611
3447
3157
2766
2301
1779
1243
766
398
116
-148
-426
-682
-859
-952
-985
-985
-967
-950
-957
-998
-1070
-1180
-1327
-1481
-1597
-1664
-1706
-1743
-1759
-1730
-1673
-1617
-1551
-1442
-1274
-1071
-860
-654
-454
-272
-103
70
262
460
637
787
908
997
1052
1090
1125
1131
1084
1004
940
918
911
880
837
808
799
790
766
723
656
566
478
403
313
160
-54
-286
-503
-728
-980
-1218
-1385
-1467
-1490
-1467
-1374
-1202
-983
-773
-593
-428
-272
-141
-62
-39
-56
-93
-169
-321
-546
-772
-910
-947
-948
-974
-1021
-1046
-1049
-1055
-1064
-1046
-1005
-966
-923
-823
-639
-414
-183
75
411
819
1239
1659
2119
2610
3037
3296
3403
3458
3502
3460
3251
2899
2509
2141
1771
1354
908
504
184
-69
-300
-507
-655
-720
-730
-733
-756
-792
-834
-896
-985
-1094
-1205
-1313
-1420
-1516
-1586
-1629
-1661
-1684
-1680
-1632
-1537
-1404
-1255
-1094
-922
-725
-489
-231
15
221
390
543
699
857
1013
1141
1210
1200
1119
1003
877
745
598
447
328
267
254
249
229
216
258
361
485
568
579
529
451
372
291
181
18
-189
-409
-625
-848
-1069
-1240
-1322
-1327
-1293
-1215
-1060
-827
-574
-355
-181
-39
68
132
154
131
45
-113
-300
-470
-617
-764
-896
-976
-996
-1008
-1039
-1067
-1068
-1063
-1075
-1089
-1066
-1005
-925
-819
-652
-418
-140
182
576
1043
1519
1946
2320
2670
2992
3236
3374
3422
3399
3280
3051
2733
2383
2030
1652
1245
838
479
180
-78
-298
-462
-562
-624
-678
-738
-796
-857
-934
-1022
-1104
-1172
-1243
-1331
-1441
-1549
-1638
-1701
-1741
-1762
-1741
-1639
-1453
-1236
-1062
-943
-819
-623
-360
-85
166
410
664
899
1080
1219
1343
1444
1468
1387
1233
1068
928
818
724
621
489
344
257
278
369
439
455
467
518
557
516
402
278
154
-25
-283
-550
-750
-901
-1068
-1259
-1410
-1478
-1468
-1411
-1308
-1152
-965
-770
-562
-345
-147
-14
37
15
-66
-190
-324
-439
-536
-642
-757
-853
-913
-952
-988
-1005
-985
-938
-895
-866
-824
-746
-646
-551
-458
-334
-156
75
331
593
871
1185
1535
1899
2237
2521
2739
2891
2987
3032
3021
2952
2829
2653
2428
2154
1853
1544
1221
874
519
195
-83
-340
-597
-825
-981
-1072
-1152
-1242
-1306
-1319
-1312
-1340
-1408
-1468
-1490
-1496
-1519
-1555
-1576
-1576
-1569
-1550
-1492
-1373
-1208
-1032
-857
-652
-390
-87
205
444
635
804
964
1106
1221
1302
1340
1314
1225
1097
968
848
736
619
488
344
208
111
70
70
77
69
57
48
46
40
21
-24
-106
-214
-325
-430
-551
-722
-932
-1127
-1251
-1289
-1249
-1152
-1019
-875
-736
-580
-384
-162
30
149
198
206
185
126
30
-91
-225
-370
-522
-670
-792
-871
-904
-905
-897
-881
-836
-750
-656
-604
-601
-583
-507
-409
-347
-317
-255
-118
74
292
547
863
1225
1586
1922
2229
2500
2713
2861
2959
3009
2969
2800
2521
2204
1918
1656
1366
1020
652
322
56
-163
-344
-482
-578
-653
-719
-755
-746
-720
-720
-744
-766
-786
-844
-951
-1064
-1157
-1268
-1424
-1571
-1612
-1526
-1399
-1301
-1210
-1055
-820
-554
-300
-60
171
391
593
778
940
1060
1120
1111
1033
907
771
660
560
428
257
113
51
62
83
66
13
-55
-107
-107
-37
64
120
98
46
29
48
41
-27
-137
-267
-417
-585
-735
-822
-846
-846
-834
-786
-694
-588
-507
-456
-410
-357
-307
-270
-253
-262
-293
-343
-400
-458
-525
-595
-656
-708
-767
-840
-904
-925
-898
-856
-846
-884
-961
-1047
-1112
-1136
-1120
-1075
-993
-851
-625
-331
4
360
739
1150
1591
2041
2477
2869
3187
3414
3548
3586
3519
3348
3106
2839
2561
2244
1857
1427
1018
680
407
162
-66
-253
-381
-466
-539
-606
-655
-693
-759
-883
-1044
-1188
-1274
-1311
-1344
-1414
-1528
-1651
-1734
-1755
-1739
-1712
-1665
-1555
-1368
-1140
-912
-683
-424
-135
145
378
571
755
927
1063
1121
1094
1000
880
764
672
595
515
412
287
170
107
120
182
245
277
284
295
323
348
338
284
208
124
24
-99
-231
-347
-452
-575
-709
-803
-808
-743
-681
-662
-657
-612
-516
-391
-272
-166
-72
1
44
52
32
-12
-82
-185
-319
-461
-583
-674
-754
-841
-933
-1011
-1074
-1124
-1161
-1175
-1168
-1153
-1150
-1176
-1236
-1321
-1376
-1348
-1231
-1072
-907
-721
-475
-160
209
613
1060
1534
2007
2444
2830
3147
3368
3480
3491
3418
3281
3097
2884
2645
2368
2048
1702
1365
1053
773
525
321
165
50
-41
-126
-220
-326
-434
-529
-613
-709
-838
-998
-1185
-1399
-1633
-1861
-2041
-2154
-2208
-2222
-2191
-2093
-1913
-1674
-1416
-1149
-850
-493
-108
234
479
640
768
872
917
885
819
775
749
678
532
357
217
127
54
-12
-25
45
162
259
311
351
399
436
438
427
435
444
394
261
86
-68
-195
-322
-449
-546
-591
-593
-568
-513
-433
-358
-316
-284
-209
-77
61
143
152
114
44
-62
-203
-359
-505
-631
-747
-853
-952
-1045
-1138
-1217
-1252
-1235
-1197
-1181
-1192
-1200
-1188
-1176
-1206
-1276
-1340
-1360
-1347
-1337
-1341
-1320
-1220
-1020
-743
-425
-76
313
756
1248
1777
2319
2837
3295
3667
3938
4094
4124
4026
3825
3556
3248
2904
2517
2088
1651
1255
927
643
377
132
-56
-190
-309
-428
-506
-510
-492
-531
-632
-732
-802
-894
-1054
-1250
-1421
-1566
-1727
-1896
-2006
-2020
-1971
-1902
-1806
-1664
-1489
-1307
-1094
-811
-454
-87
221
449
610
723
786
800
783
763
751
726
656
551
458
408
385
345
287
249
264
321
374
379
331
260
212
199
194
154
67
-43
-150
-238
-310
-372
-440
-505
-529
-484
-393
-316
-266
-197
-85
11
24
-25
-54
-46
-71
-170
-290
-354
-375
-413
-491
-558
-579
-584
-621
-679
-719
-723
-711
-705
-696
-679
-673
-704
-779
-886
-1007
-1133
-1253
-1362
-1451
-1523
-1580
-1608
-1580
-1476
-1307
-1092
-840
-534
-159
289
804
1368
1940
2458
2884
3220
3491
3696
3817
3859
3836
3760
3618
3404
3120
2775
2378
1947
1530
1167
857
573
303
50
-175
-362
-506
-601
-664
-715
-767
-823
-900
-1010
-1145
-1288
-1445
-1622
-1804
-1951
-2049
-2129
-2219
-2296
-2306
-2219
-2043
-1812
-1569
-1351
-1156
-945
-685
-400
-147
54
228
399
537
612
638
659
688
715
731
746
766
781
796
839
919
1002
1037
1016
979
955
925
854
741
617
505
381
214
30
-118
-210
-280
-359
-427
-456
-460
-475
-500
-491
-432
-352
-277
-196
-99
-19
0
-35
-80
-116
-174
-264
-347
-388
-412
-473
-569
-651
-688
-702
-717
-733
-732
-709
-669
-605
-522
-459
-461
-525
-607
-674
-740
-829
-931
-1021
-1090
-1148
-1189
-1206
-1194
-1163
-1103
-977
-755
-446
-95
269
651
1055
1462
1840
2180
2493
2796
3087
3343
3533
3623
3598
3485
3325
3131
2876
2549
2201
1889
1607
1286
904
539
276
111
-25
-169
-292
-371
-442
-555
-706
-853
-974
-1090
-1231
-1406
-1614
-1840
-2044
-2178
-2234
-2251
-2277
-2298
-2259
-2130
-1950
-1782
-1638
-1484
-1289
-1059
-822
-591
-345
-77
189
403
542
629
708
787
835
830
798
782
791
791
767
755
792
860
896
848
729
618
577
588
569
462
297
162
87
12
-112
-261
-369
-423
-462
-500
-510
-486
-465
-476
-485
-439
-345
-246
-163
-91
-41
-34
-60
-69
-44
-17
-30
-79
-133
-178
-214
-246
-272
-299
-335
-364
-380
-386
-386
-361
-304
-251
-252
-311
-394
-466
-535
-610
-697
-795
-911
-1035
-1134
-1180
-1181
-1169
-1143
-1082
-984
-888
-823
-750
-608
-369
-78
218
520
847
1191
1519
1819
2114
2408
2670
2858
2974
3047
3087
3072
2987
2843
2662
2452
2212
1952
1694
1445
1194
925
645
365
100
-144
-362
-556
-728
-881
-1021
-1140
-1242
-1348
-1466
-1586
-1683
-1763
-1852
-1960
-2045
-2049
-1975
-1890
-1845
-1823
-1761
-1643
-1503
-1372
-1214
-989
-701
-410
-168
17
169
312
455
615
793
971
1113
1208
1268
1311
1332
1321
1281
1229
1176
1126
1076
1023
962
892
828
783
737
649
503
336
204
116
37
-72
-216
-368
-502
-607
-675
-711
-728
-729
-700
-633
-544
-459
-380
-288
-173
-66
8
52
92
136
155
132
71
-4
-84
-167
-248
-331
-428
-545
-651
-708
-709
-695
-709
-751
-789
-805
-812
-817
-807
-772
-737
-733
-762
-797
-817
-821
-814
-806
-809
-839
-872
-866
-800
-709
-649
-625
-584
-474
-290
-68
164
411
678
952
1212
1448
1683
1930
2183
2404
2577
2720
2853
2945
2946
2855
2724
2595
2443
2229
1962
1690
1427
1149
853
574
330
87
-186
-464
-693
-862
-1009
-1162
-1300
-1389
-1432
-1469
-1524
-1601
-1681
-1747
-1779
-1771
-1728
-1668
-1600
-1531
-1457
-1375
-1286
-1195
-1097
-971
-797
-583
-364
-159
35
223
388
516
623
749
893
1014
1074
1085
1095
1122
1140
1112
1036
940
837
735
652
616
618
606
538
441
369
324
258
152
42
-39
-117
-232
-365
-466
-530
-605
-711
-818
-872
-878
-857
-820
-750
-638
-496
-337
-181
-43
75
182
280
355
398
423
446
445
381
247
91
-41
-145
-253
-373
-480
-551
-590
-612
-622
-613
-598
-597
-627
-673
-704
-708
-692
-683
-699
-742
-798
-854
-893
-913
-920
-917
-908
-891
-864
-827
-771
-693
-601
-513
-432
-331
-186
-4
180
357
546
773
1025
1285
1557
1847
2129
2353
2501
2618
2734
2823
2829
2741
2602
2446
2262
2035
1779
1511
1221
893
558
273
55
-127
-308
-488
-654
-799
-920
-1006
-1064
-1130
-1236
-1356
-1437
-1454
-1443
-1448
-1484
-1543
-1603
-1642
-1648
-1626
-1598
-1560
-1476
-1332
-1160
-991
-815
-608
-389
-207
-60
107
323
535
674
738
781
836
887
910
910
903
883
837
769
705
661
635
608
558
481
402
349
322
292
239
162
69
-37
-151
-245
-313
-383
-488
-614
-723
-790
-834
-857
-831
-738
-615
-511
-411
-270
-71
131
277
365
435
516
601
661
673
624
534
437
356
282
195
99
-3
-129
-306
-508
-673
-759
-796
-833
-872
-889
-876
-848
-816
-776
-738
-728
-750
-767
-737
-669
-612
-604
-637
-671
-674
-639
-588
-547
-518
-480
-402
-280
-142
-25
57
104
118
120
143
231
388
577
752
897
1033
1192
1388
1594
1772
1895
1975
2052
2151
2253
2327
2354
2345
2297
2188
1992
1720
1410
1094
795
525
293
91
-103
-296
-475
-635
-785
-930
-1049
-1110
-1123
-1135
-1181
-1241
-1272
-1269
-1274
-1313
-1372
-1407
-1410
-1390
-1357
-1301
-1223
-1147
-1090
-1036
-951
-817
-642
-454
-276
-117
22
144
259
376
496
615
712
777
808
819
813
787
739
680
616
549
478
409
361
329
294
253
216
197
173
121
53
3
-17
-31
-62
-98
-119
-142
-207
-316
-417
-470
-497
-531
-559
-534
-452
-363
-302
-238
-129
8
121
202
285
383
460
484
468
443
410
345
247
147
68
-4
-91
-190
-277
-341
-389
-433
-474
-503
-509
-486
-443
-392
-342
-295
-244
-190
-153
-160
-220
-309
-380
-408
-407
-417
-448
-476
-466
-419
-359
-308
-271
-242
-228
-233
-240
-233
-202
-164
-138
-125
-118
-95
-45
38
151
285
426
575
735
916
1110
1300
1468
1609
1725
1814
1858
1844
1773
1660
1517
1348
1173
1017
892
770
607
394
168
-20
-152
-245
-321
-390
-451
-507
-557
-602
-646
-698
-761
-828
-896
-967
-1034
-1088
-1136
-1192
-1259
-1308
-1309
-1268
-1225
-1193
-1140
-1026
-856
-667
-484
-301
-106
87
251
374
469
542
591
609
599
566
512
444
380
334
301
268
234
204
184
177
194
242
296
320
309
289
280
267
228
170
104
25
-95
-245
-377
-466
-535
-606
-655
-653
-607
-559
-527
-474
-366
-212
-53
86
209
321
416
487
536
578
626
671
683
634
527
406
317
273
251
227
199
169
131
80
21
-28
-62
-92
-128
-168
-203
-231
-262
-304
-360
-424
-481
-525
-558
-594
-649
-723
-795
-842
-845
-811
-752
-687
-622
-557
-492
-427
-370
-320
-263
-197
-144
-121
-131
-152
-171
-194
-223
-248
-258
-257
-243
-196
-102
34
195
369
561
767
981
1204
1441
1676
1881
2030
2111
2127
2097
2039
1965
1858
1692
1480
1268
1078
895
684
454
236
48
-120
-267
-378
-444
-480
-504
-522
-542
-581
-645
-721
-796
-875
-960
-1034
-1082
-1128
-1198
-1280
-1327
-1315
-1269
-1213
-1138
-1016
-849
-665
-478
-281
-77
112
266
383
469
520
536
524
503
473
424
362
305
258
200
122
58
55
113
179
210
218
227
233
225
217
231
251
241
190
129
80
19
-76
-186
-278
-349
-422
-489
-513
-480
-416
-353
-288
-206
-112
-25
55
144
240
328
405
479
555
615
637
622
581
520
438
333
219
109
14
-61
-123
-182
-248
-323
-397
-464
-507
-511
-473
-411
-359
-345
-373
-423
-480
-542
-625
-720
-793
-817
-807
-798
-795
-778
-731
-666
-595
-512
-410
-312
-241
-189
-117
-15
86
145
155
134
92
30
-38
-88
-112
-124
-133
-129
-107
-79
-53
-16
51
145
238
328
430
557
691
816
940
1071
1198
1294
1355
1384
1386
1368
1329
1285
1241
1191
1127
1050
964
868
754
624
493
378
280
195
118
53
3
-41
-97
-181
-295
-422
-544
-646
-732
-809
-884
-958
-1023
-1072
-1101
-1108
-1092
-1057
-1009
-947
-866
-758
-616
-447
-278
-135
-26
63
152
239
314
365
398
418
427
419
396
372
353
341
328
307
265
206
153
135
162
207
245
266
277
270
223
143
68
23
-7
-56
-129
-211
-283
-352
-424
-487
-534
-570
-604
-620
-595
-524
-430
-340
-260
-176
-79
28
130
221
295
357
411
460
497
512
507
494
482
460
417
352
280
213
146
76
14
-30
-60
-94
-144
-206
-273
-333
-370
-376
-356
-325
-291
-259
-242
-253
-292
-335
-367
-394
-426
-456
-464
-450
-437
-446
-466
-476
-469
-447
-409
-351
-276
-202
-145
-105
-75
-47
-28
-36
-66
-103
-121
-119
-110
-116
-136
-159
-175
-173
-146
-89
-4
92
186
286
396
518
646
781
913
1020
1087
1125
1165
1224
1281
1306
1289
1242
1178
1098
999
888
779
680
589
491
382
273
180
109
51
-8
-69
-128
-187
-259
-351
-454
-547
-621
-678
-731
-785
-838
-879
-908
-932
-951
-957
-948
-926
-899
-862
-817
-766
-707
-630
-535
-431
-330
-224
-94
57
188
260
277
270
257
236
211
205
240
303
358
384
385
379
376
373
366
354
342
334
327
308
272
232
198
178
165
143
116
85
49
6
-31
-50
-54
-63
-81
-91
-79
-55
-37
-22
16
83
149
183
192
209
241
261
256
242
235
222
179
106
31
-22
-66
-120
-180
-234
-282
-327
-362
-373
-357
-338
-330
-333
-336
-344
-366
-403
-445
-474
-477
-462
-440
-429
-420
-400
-364
-331
-307
-282
-252
-228
-228
-242
-244
-214
-167
-120
-70
-15
25
23
-21
-70
-103
-121
-147
-183
-208
-201
-169
-137
-115
-88
-39
40
131
223
326
452
591
715
822
928
1048
1175
1278
1339
1367
1385
1405
1421
1415
1379
1317
1232
1120
988
851
731
618
496
363
243
147
47
-88
-255
-421
-558
-667
-758
-835
-904
-966
-1027
-1089
-1150
-1205
-1236
-1226
-1177
-1108
-1043
-981
-924
-873
-830
-789
-725
-629
-504
-365
-231
-110
-7
83
165
236
293
331
364
403
459
525
573
589
580
571
573
579
581
572
552
515
453
383
329
284
228
142
43
-45
-117
-180
-232
-270
-300
-337
-378
-403
-401
-389
-385
-393
-404
-412
-411
-386
-331
-256
-186
-128
-74
-8
67
138
198
257
314
371
423
473
516
535
502
415
307
220
176
160
151
128
85
17
-76
-174
-261
-330
-386
-432
-462
-479
-477
-455
-409
-357
-326
-318
-303
-264
-214
-185
-176
-172
-172
-184
-200
-190
-135
-57
7
32
21
-20
-77
-138
-192
-232
-262
-268
-232
-161
-89
-51
-48
-55
-52
-35
-10
29
84
152
219
276
327
378
425
462
494
534
597
678
756
814
852
882
906
919
914
897
879
860
829
779
714
647
581
499
387
264
151
56
-43
-152
-260
-355
-440
-535
-635
-729
-808
-871
-903
-874
-779
-668
-592
-559
-522
-456
-392
-371
-387
-387
-333
-246
-172
-134
-121
-124
-148
-197
-252
-292
-304
-291
-253
-189
-112
-46
-12
-17
-51
-96
-133
-145
-128
-100
-82
-77
-74
-75
-97
-150
-218
-265
-264
-213
-131
-42
47
136
213
264
296
343
440
572
691
757
775
780
792
804
807
791
752
691
610
515
400
258
98
-53
-171
-246
-283
-299
-310
-319
-316
-295
-276
-287
-332
-383
-424
-459
-498
-531
-540
-542
-559
-592
-611
-599
-575
-578
-620
-688
-769
-856
-936
-984
-991
-968
-935
-888
-817
-722
-624
-542
-480
-427
-375
-321
-251
-143
23
239
478
724
979
1255
1547
1827
2061
2231
2335
2394
2433
2458
2463
2432
2353
2230
2079
1918
1747
1535
1263
950
643
365
103
-158
-401
-597
-736
-828
-890
-918
-923
-925
-935
-951
-973
-1000
-1024
-1029
-1010
-978
-952
-930
-899
-853
-804
-773
-777
-813
-864
-906
-935
-963
-996
-1012
-981
-906
-825
-771
-738
-694
-624
-538
-460
-403
-363
-320
-256
-162
-47
71
181
280
368
452
543
641
734
799
831
843
852
858
848
824
796
767
719
634
519
398
296
213
130
40
-49
-123
-167
-164
-111
-35
25
43
42
62
114
170
200
207
223
253
265
238
190
158
138
96
9
-97
-178
-221
-253
-306
-384
-467
-542
-600
-632
-634
-618
-606
-608
-619
-625
-617
-591
-539
-469
-400
-346
-300
-234
-141
-46
8
-2
-64
-143
-194
-185
-110
-5
76
98
74
46
33
15
-36
-105
-151
-149
-133
-138
-167
-180
-147
-83
-12
62
157
279
418
553
685
829
1001
1205
1422
1621
1784
1905
1985
2031
2048
2036
1980
1853
1667
1470
1304
1151
948
670
368
118
-59
-199
-345
-496
-621
-686
-694
-673
-660
-659
-639
-575
-486
-428
-432
-453
-434
-372
-330
-361
-451
-547
-615
-672
-747
-842
-932
-994
-1024
-1033
-1030
-1021
-1007
-990
-972
-954
-936
-911
-864
-800
-740
-693
-630
-525
-397
-305
-269
-246
-179
-73
27
102
180
283
393
485
561
640
713
753
754
737
715
684
627
559
500
463
443
429
404
350
269
186
129
105
97
84
51
1
-42
-51
-29
-16
-49
-102
-127
-103
-67
-58
-81
-125
-199
-319
-454
-544
-564
-550
-552
-582
-615
-633
-639
-631
-607
-570
-542
-531
-515
-473
-418
-392
-410
-436
-439
-425
-417
-406
-356
-259
-161
-107
-110
-138
-172
-208
-241
-249
-223
-182
-152
-138
-126
-108
-82
-33
56
175
299
406
515
663
859
1070
1263
1430
1578
1703
1799
1878
1961
2044
2073
2001
1837
1651
1498
1382
1273
1149
999
822
632
457
318
207
104
3
-91
-170
-232
-253
-223
-174
-164
-218
-298
-356
-388
-427
-499
-592
-692
-791
-886
-974
-1061
-1155
-1253
-1328
-1370
-1397
-1423
-1431
-1393
-1318
-1245
-1191
-1123
-1014
-875
-750
-659
-580
-480
-355
-240
-160
-107
-50
32
134
234
325
419
536
670
787
855
875
882
910
962
1006
1019
999
975
956
926
863
765
659
572
507
452
399
345
287
207
94
-30
-122
-158
-152
-134
-132
-151
-174
-179
-166
-169
-219
-328
-462
-575
-643
-672
-680
-689
-718
-779
-871
-966
-1035
-1073
-1081
-1066
-1025
-967
-914
-884
-872
-861
-830
-782
-724
-650
-553
-443
-350
-300
-281
-261
-224
-182
-152
-119
-65
1
61
107
145
176
182
174
185
245
339
431
507
583
673
775
886
1023
1184
1332
1428
1465
1470
1466
1457
1434
1394
1336
1267
1203
1151
1093
1003
874
746
652
589
526
455
394
352
318
290
280
295
298
250
153
57
-6
-51
-118
-214
-306
-375
-424
-475
-535
-602
-676
-762
-851
-912
-924
-897
-854
-802
-731
-639
-545
-474
-430
-401
-383
-375
-374
-370
-349
-317
-285
-273
-294
-347
-403
-431
-418
-376
-320
-249
-175
-123
-108
-113
-107
-83
-59
-30
22
103
185
233
253
265
271
255
214
177
162
170
184
196
209
216
209
189
163
139
123
119
131
141
126
73
6
-49
-82
-111
-151
-201
-245
-280
-311
-338
-363
-382
-396
-406
-406
-398
-389
-388
-386
-370
-332
-284
-243
-215
-192
-171
-149
-131
-115
-100
-86
-75
-56
-23
22
67
96
119
157
221
298
365
411
442
468
490
515
555
603
640
650
648
654
670
681
671
651
632
618
603
595
593
582
542
475
408
368
352
340
308
260
209
160
106
49
-3
-37
-58
-75
-91
-101
-94
-75
-48
-23
-2
9
5
-5
-13
-25
-49
-83
-108
-116
-121
-143
-176
-206
-230
-257
-291
-317
-325
-314
-283
-245
-211
-198
-207
-221
-225
-226
-238
-260
-273
-267
-244
-228
-240
-280
-332
-363
-362
-337
-305
-273
-243
-232
-258
-319
-381
-410
-398
-357
-307
-263
-227
-192
-154
-118
-97
-102
-121
-134
-131
-108
-74
-31
18
76
137
177
170
123
75
63
86
118
138
144
133
102
66
54
74
103
114
108
102
97
78
50
32
26
12
-18
-41
-31
6
44
62
65
52
20
-23
-50
-41
0
50
90
114
119
112
109
114
127
141
153
167
195
247
322
404
470
505
510
500
492
499
529
586
665
737
769
749
693
626
558
494
438
399
369
328
263
187
122
78
52
36
31
30
18
-21
-86
-158
-217
-257
-286
-311
-339
-376
-418
-454
-478
-491
-495
-479
-440
-385
-339
-319
-320
-329
-335
-343
-357
-368
-358
-322
-273
-242
-232
-227
-194
-135
-79
-48
-42
-39
-33
-28
-26
-27
-23
-18
-18
-24
-39
-67
-109
-154
-190
-218
-244
-260
-257
-240
-229
-233
-236
-231
-230
-255
-295
-320
-314
-289
-269
-261
-263
-274
-292
-304
-290
-254
-211
-189
-186
-188
-188
-187
-185
-175
-140
-77
-5
51
79
93
107
123
134
146
167
193
206
199
187
186
207
242
282
311
316
294
261
243
244
250
251
247
245
241
234
225
228
250
286
318
337
345
357
386
432
476
488
451
388
346
358
412
472
502
490
448
394
348
318
304
297
287
267
238
209
195
204
222
232
212
156
74
-6
-60
-74
-61
-43
-40
-53
-69
-81
-98
-132
-183
-231
-265
-287
-308
-334
-354
-362
-359
-347
-329
-304
-281
-276
-298
-341
-383
-394
-355
-280
-204
-167
-174
-205
-230
-245
-245
-229
-199
-165
-147
-152
-171
-195
-220
-247
-267
-273
-264
-246
-219
-194
-182
-202
-251
-302
-318
-285
-218
-149
-110
-112
-146
-191
-225
-234
-214
-173
-129
-113
-134
-175
-204
-198
-171
-149
-150
-170
-199
-228
-251
-261
-248
-205
-142
-81
-46
-50
-74
-83
-53
1
51
78
83
83
83
85
82
74
65
74
113
178
243
282
285
257
217
185
181
214
278
346
393
411
402
381
357
342
348
378
418
438
412
338
244
153
89
56
56
83
122
157
178
177
158
137
131
144
160
162
144
113
77
38
8
-4
5
25
42
34
-4
-68
-130
-157
-134
-70
0
58
105
139
156
154
146
143
148
155
152
131
93
36
-23
-70
-97
-99
-79
-43
-8
0
-30
-84
-129
-146
-131
-103
-71
-49
-41
-48
-65
-81
-86
-80
-70
-68
-83
-112
-146
-167
-165
-138
-90
-29
28
60
51
13
-30
-61
-74
-71
-55
-27
-2
11
0
-28
-59
-72
-50
10
93
169
213
211
172
115
61
28
18
18
9
-28
-90
-158
-206
-221
-212
-198
-186
-170
-147
-133
-134
-145
-156
-164
-175
-188
-200
-204
-205
-204
-204
-206
-222
-246
-263
-270
-278
-296
-308
-283
-213
-122
-53
-27
-39
-58
-64
-54
-34
-2
46
112
168
183
146
84
33
11
17
51
120
208
294
356
390
400
375
317
249
217
238
287
322
325
310
291
267
231
202
200
225
247
238
205
172
149
127
95
61
38
28
33
51
80
112
129
125
101
56
-6
-66
-98
-93
-70
-55
-52
-51
-51
-63
-89
-117
-134
-141
-145
-144
-129
-108
-90
-85
-88
-97
-107
-113
-103
-83
-66
-67
-81
-98
-117
-141
-169
-190
-196
-183
-163
-142
-133
-144
-166
-188
-193
-173
-128
-74
-23
2
-3
-26
-48
-51
-33
0
39
67
75
64
57
70
104
136
153
154
142
121
91
62
44
47
64
93
130
163
177
158
115
72
41
22
12
17
30
41
34
10
-16
-36
-54
-81
-111
-132
-151
-178
-212
-234
-233
-214
-191
-178
-180
-201
-232
-255
-254
-227
-187
-147
-107
-71
-46
-40
-48
-57
-56
-42
-16
13
38
52
57
67
92
134
179
229
275
311
321
292
236
190
177
193
205
198
188
195
218
232
226
220
231
255
272
276
279
286
281
254
216
185
165
150
138
132
128
110
73
31
7
2
-3
-14
-20
-18
-18
-37
-74
-106
-119
-113
-105
-107
-123
-141
-145
-125
-95
-70
-68
-90
-123
-151
-162
-152
-128
-112
-114
-127
-142
-149
-149
-147
-148
-148
-145
-134
-110
-74
-37
-11
1
6
8
8
7
8
11
12
11
11
20
40
57
66
65
56
39
17
3
7
28
50
61
66
79
106
130
145
151
152
143
115
72
39
38
62
85
89
82
87
109
131
132
105
61
12
-27
-44
-40
-26
-18
-23
-37
-56
-78
-101
-113
-112
-101
-90
-80
-70
-59
-51
-50
-56
-70
-87
-100
-100
-84
-69
-70
-81
-85
-66
-27
14
43
55
54
50
51
55
63
73
79
82
80
76
76
79
85
90
91
89
87
90
100
109
107
91
68
52
43
37
34
29
23
6
-26
-60
-80
-82
-73
-69
-70
-80
-96
-113
-122
-119
-102
-77
-53
-37
-32
-35
-39
-37
-24
-6
5
-4
-37
-88
-136
-160
-151
-117
-82
-66
-74
-92
-105
-117
-132
-146
-140
-110
-72
-44
-34
-40
-57
-94
-151
-216
-267
-292
-290
-278
-262
-237
-200
-155
-120
-104
-104
-114
-131
-158
-186
-201
-190
-152
-102
-49
5
52
83
94
99
115
147
182
208
229
250
277
304
328
349
370
390
410
422
419
409
400
398
399
394
383
369
358
344
324
299
267
239
225
229
242
243
226
197
169
149
136
131
134
139
130
96
40
-25
-83
-115
-120
-105
-80
-57
-42
-42
-62
-100
-146
-185
-208
-207
-186
-162
-156
-177
-212
-238
-247
-245
-237
-220
-196
-177
-174
-184
-191
-189
-186
-191
-199
-195
-175
-147
-118
-88
-55
-31
-32
-61
-101
-132
-150
-163
-180
-190
-180
-148
-105
-58
-18
17
46
63
72
66
50
25
-7
-51
-99
-140
-151
-129
-89
-54
-32
-20
-15
-15
-18
-22
-34
-52
-63
-52
-17
25
57
74
74
51
3
-49
-76
-69
-52
-49
-59
-63
-50
-24
8
42
74
85
63
23
-17
-38
-42
-35
-18
12
53
92
114
108
82
47
16
-7
-14
-7
8
19
19
11
9
10
2
-18
-49
-74
-84
-72
-41
-6
19
27
22
10
-6
-20
-24
-7
25
62
87
86
58
15
-26
-48
-50
-37
-22
-13
-16
-30
-42
-46
-34
-10
26
69
107
126
118
92
70
74
104
140
153
135
109
104
130
170
198
204
191
167
126
71
25
22
69
132
171
164
127
84
50
30
23
32
49
63
67
72
81
90
92
90
94
104
118
131
135
126
97
56
24
13
19
24
28
45
82
130
172
200
216
223
226
228
240
267
298
317
323
316
310
311
320
328
324
295
245
187
149
136
145
150
138
109
76
49
37
33
29
3
-48
-117
-185
-234
-261
-267
-263
-263
-288
-349
-431
-504
-534
-514
-466
-424
-403
-403
-413
-423
-427
-410
-375
-340
-328
-345
-377
-404
-428
-457
-486
-493
-474
-443
-411
-371
-311
-243
-194
-187
-212
-253
-290
-304
-276
-210
-132
-78
-57
-54
-56
-56
-51
-34
-5
31
61
74
74
71
81
106
138
164
184
202
222
241
258
277
296
300
280
241
202
168
136
105
88
107
154
200
214
197
173
165
173
180
174
158
142
125
117
129
172
225
253
242
213
201
216
239
252
248
232
203
165
134
129
153
184
204
194
155
104
66
62
83
97
88
67
57
66
82
94
98
86
55
9
-29
-39
-10
45
101
134
125
77
19
-23
-37
-31
-18
-4
8
4
-12
-23
-14
8
21
15
-4
-25
-51
-82
-108
-116
-107
-94
-81
-69
-48
-26
-15
-20
-39
-63
-88
-109
-122
-122
-114
-103
-89
-79
-78
-87
-100
-117
-136
-163
-196
-225
-236
-231
-213
-183
-137
-84
-39
-32
-69
-136
-196
-223
-216
-199
-195
-207
-219
-225
-221
-209
-189
-172
-173
-194
-219
-226
-216
-204
-198
-192
-182
-167
-148
-116
-64
-3
45
61
54
35
17
1
-12
-27
-42
-52
-43
-8
43
83
99
90
64
34
11
10
31
63
98
133
168
200
216
211
195
180
164
144
118
91
59
18
-27
-64
-80
-78
-63
-46
-26
-2
26
61
100
136
161
159
128
70
3
-54
-88
-91
-66
-24
12
26
14
-6
-8
22
83
159
219
237
210
162
130
130
154
182
207
234
261
278
261
205
125
49
-7
-34
-24
16
70
113
132
132
127
126
128
138
154
169
172
161
137
101
52
-6
-52
-66
-45
-9
20
26
16
8
9
12
13
10
9
12
21
38
62
86
99
88
55
13
-27
