9
4
3
5
13
23
34
40
39
30
19
12
9
6
0
1
8
23
36
43
45
38
25
5
-13
-23
-20
-10
-1
10
16
17
11
2
-7
-11
-8
-1
8
15
13
2
-9
-16
-16
-9
1
17
29
33
26
17
8
-1
-9
-9
-1
12
23
29
34
37
36
30
24
23
28
36
39
34
25
16
13
14
19
23
26
26
20
12
9
14
21
20
11
1
1
8
17
24
29
27
18
5
0
5
13
17
15
7
3
6
14
27
38
45
48
47
45
36
23
8
-3
-5
0
12
25
36
40
35
25
15
12
19
24
18
4
-5
0
14
26
29
25
18
16
21
28
34
30
17
4
-3
-5
-3
-2
-2
-4
-8
-9
-7
2
12
23
30
35
31
21
4
-11
-20
-21
-17
-11
-4
4
13
25
34
38
36
32
30
28
21
13
8
9
17
25
27
18
7
1
4
13
18
15
12
9
5
1
1
9
20
27
29
29
31
31
27
18
10
6
6
9
10
10
8
8
9
6
0
-4
-1
8
21
29
34
33
28
21
18
17
18
17
16
17
18
16
13
9
4
0
-1
0
4
7
4
5
11
15
14
8
-2
-9
-10
-9
-3
1
7
13
17
16
9
1
1
9
19
26
26
24
25
30
35
37
32
22
14
13
19
27
32
32
25
15
4
1
0
5
11
22
35
48
56
58
52
42
30
24
22
25
25
20
15
12
15
15
16
13
10
3
-7
-18
-24
-22
-17
-9
0
9
19
25
24
19
13
7
-2
-9
-11
-7
-3
0
4
14
24
30
29
23
17
14
14
17
20
25
30
34
42
52
60
63
61
52
38
23
7
-5
-11
-8
1
12
21
26
27
26
23
21
19
15
13
14
15
15
10
2
-3
-3
-3
-4
-3
-2
2
6
10
13
14
15
19
30
42
52
57
55
51
43
37
33
25
9
-10
-25
-30
-28
-20
-7
7
18
19
14
9
13
21
30
35
34
25
13
-2
-13
-17
-12
-5
7
17
26
27
18
4
-9
-16
-19
-17
-11
-1
11
20
23
21
21
20
19
16
15
9
2
-4
-5
-5
-3
0
3
8
13
15
14
12
13
15
18
21
24
21
13
5
3
10
23
34
40
41
38
36
34
28
23
21
28
34
36
29
19
10
6
5
9
18
25
31
32
29
25
20
17
19
25
30
31
25
12
-2
-11
-12
0
15
27
33
32
26
19
13
9
6
7
11
17
19
17
12
4
-6
-16
-20
-12
1
11
13
5
-5
-14
-17
-13
-3
10
20
22
22
17
9
2
-2
0
6
14
19
16
7
-1
1
12
27
36
38
34
27
20
16
16
20
26
32
39
47
54
58
58
49
38
27
24
28
33
34
29
24
24
28
33
37
38
32
20
8
2
2
5
5
1
-5
-11
-20
-31
-39
-39
-32
-23
-14
-4
3
4
-6
-19
-27
-27
-20
-11
0
8
14
12
10
8
5
8
17
29
39
38
30
15
1
-9
-12
-6
4
12
16
23
29
35
33
28
25
25
26
30
37
49
55
58
59
58
51
36
21
13
12
13
15
21
28
34
33
28
23
20
17
16
18
23
29
35
39
38
31
27
24
22
19
20
24
24
11
-8
-23
-32
-37
-40
-38
-27
-12
1
11
18
21
19
17
15
13
9
1
-6
-9
-10
-9
-6
-2
2
5
12
22
28
26
15
2
-5
-5
-3
1
6
8
9
13
16
17
14
9
5
7
12
17
19
18
18
22
30
36
39
35
25
16
11
12
14
14
14
14
14
14
17
22
25
25
20
15
12
15
21
27
30
31
30
26
26
26
27
30
30
24
15
7
8
17
30
39
42
39
34
29
25
24
27
32
34
33
29
26
23
18
14
14
11
9
8
13
20
20
13
4
-3
-6
-2
7
17
22
17
10
8
8
8
3
0
0
1
-3
-8
-8
-2
9
19
26
26
20
11
1
-4
-2
5
13
21
26
28
23
11
-1
-9
-9
-5
-2
0
2
4
5
5
5
4
4
5
7
11
17
22
23
19
12
4
-1
-3
0
7
14
18
17
18
16
13
9
10
17
25
29
26
25
24
22
18
13
12
12
10
5
3
5
6
6
8
13
23
33
39
38
36
32
30
27
20
7
-6
-21
-33
-36
-27
-5
22
45
56
51
40
27
17
12
14
15
13
11
11
15
19
17
7
-6
-14
-13
-9
-8
-8
-10
-11
-13
-14
-10
2
14
16
11
7
5
0
-7
-11
-6
-2
-2
-5
-3
-2
-8
-15
-15
-9
-3
-5
-6
-5
-2
0
3
11
19
20
12
1
-12
-17
-15
-4
10
24
33
36
36
33
29
23
16
7
1
-3
-2
-1
-3
-7
-9
-5
2
9
15
23
27
26
21
12
2
-8
-14
-15
-11
-4
4
8
15
22
25
25
22
16
8
4
4
8
13
16
16
14
12
7
1
-3
0
7
16
20
22
22
22
24
27
29
29
32
36
38
33
23
14
11
11
13
13
10
5
-1
-5
-2
6
12
12
10
8
5
4
11
22
36
44
39
26
13
-1
-16
-27
-28
-19
-6
5
12
17
22
24
27
32
39
43
42
35
26
13
-1
-12
-16
-12
-4
7
21
34
41
39
31
21
14
9
3
-3
-8
-9
-5
3
11
18
24
26
23
18
9
1
-8
-15
-17
-16
-11
-2
14
31
42
47
45
37
25
8
-6
-9
-3
5
8
9
8
9
14
18
20
19
15
12
11
13
20
31
39
39
32
25
22
24
27
31
36
37
30
15
-4
-17
-25
-30
-36
-38
-37
-32
-23
-7
17
41
52
47
33
20
13
10
12
19
25
30
31
31
27
15
-3
-21
-27
-23
-16
-15
-15
-13
-8
-5
-6
-4
4
17
29
35
32
24
14
6
2
3
6
3
-6
-14
-13
-2
11
16
16
14
8
0
-8
-7
-1
3
0
-5
-7
-6
-7
-7
-5
3
13
21
22
15
4
-7
-14
-16
-11
-1
12
23
29
30
28
25
21
13
5
0
1
-1
0
0
6
11
11
8
8
15
23
22
15
3
-6
-6
-1
5
6
8
12
20
25
29
31
29
23
17
15
17
20
18
14
10
9
7
8
9
10
12
14
17
18
13
4
0
3
12
20
26
30
28
24
18
16
21
29
36
34
24
7
-4
-5
8
25
34
34
29
27
28
32
31
24
16
6
-2
-6
-3
5
14
17
18
16
15
14
15
13
12
9
10
15
18
12
0
-14
-23
-30
-35
-38
-35
-23
-8
4
10
12
12
16
22
23
19
12
4
2
5
4
0
-3
1
11
18
21
23
26
28
26
24
23
25
25
25
24
25
25
22
17
9
4
-1
-2
-1
5
16
27
39
48
50
45
33
23
12
8
11
18
27
37
47
54
56
50
35
20
12
14
21
28
30
30
33
36
33
24
11
1
-6
-11
-19
-24
-25
-18
-7
8
23
33
36
36
34
32
26
16
11
8
9
11
10
8
6
3
3
3
5
5
4
0
-4
-11
-15
-15
-9
1
11
21
30
36
39
35
28
23
22
27
33
35
31
27
23
24
30
39
46
48
44
37
26
12
2
-1
2
13
23
26
22
12
5
-3
-4
0
6
11
11
3
-6
-10
-9
-4
1
4
8
8
6
1
-1
4
9
13
14
15
14
14
13
14
16
21
24
25
25
23
19
14
8
5
3
2
2
1
-1
-1
4
14
21
24
20
17
19
23
19
9
0
-5
-9
-9
-3
8
19
22
17
11
8
8
11
19
28
35
32
23
12
4
-3
-7
-6
-1
8
16
19
21
19
16
19
19
17
13
7
2
-2
-4
-5
-3
0
4
8
12
15
16
14
12
10
7
5
5
9
13
17
16
15
17
23
26
24
24
23
23
20
17
18
25
28
25
24
23
28
31
30
26
20
13
8
11
24
36
40
31
19
8
4
0
-1
7
16
23
21
14
7
3
6
13
24
32
33
28
21
16
9
5
4
9
14
17
17
15
15
17
17
22
30
41
48
54
59
59
55
48
37
26
14
1
-11
-17
-14
-4
7
13
13
12
10
8
-1
-11
-18
-17
-9
0
11
21
31
37
34
23
9
1
4
11
18
17
10
1
-9
-15
-13
-1
13
24
31
33
36
38
36
32
25
19
14
14
21
29
37
42
45
49
50
49
44
36
28
16
5
-4
-4
2
8
13
15
18
22
24
24
27
27
23
14
6
2
0
-3
-2
3
6
6
3
4
6
4
3
4
9
13
16
18
22
26
25
24
17
10
5
2
3
7
6
3
1
-1
-3
-6
-8
-6
1
7
13
16
21
22
21
19
20
24
27
27
24
19
13
2
-7
-15
-19
-20
-18
-9
5
16
25
30
33
32
25
16
10
8
9
9
8
5
3
4
13
24
31
35
34
29
19
7
3
8
21
34
38
35
24
11
-4
-15
-17
-11
-1
10
18
22
23
21
20
17
11
3
-6
-10
-12
-8
-2
2
3
5
9
18
26
30
29
23
12
4
0
2
5
5
4
5
14
24
31
28
17
1
-9
-11
-1
12
25
31
32
33
35
38
41
40
37
30
20
8
2
3
9
11
5
-6
-13
-13
-11
-10
-11
-12
-12
-9
-4
7
18
24
24
22
21
22
23
24
26
31
36
39
39
37
36
35
38
44
47
47
42
38
38
37
32
24
14
6
-1
-8
-10
-6
-1
2
0
-2
-2
-1
4
14
23
28
27
20
11
4
1
3
6
4
-3
-8
-9
-6
-1
0
0
-2
-3
-1
5
10
13
11
9
9
8
7
4
5
11
20
25
22
13
5
1
3
8
14
22
31
38
37
30
24
17
12
7
1
-2
-1
5
16
29
37
40
39
35
28
19
10
3
-2
-3
-3
1
3
5
3
1
-1
-1
1
9
20
23
21
17
17
19
20
17
14
13
12
12
17
24
25
19
12
13
16
14
5
-2
0
9
17
22
26
29
34
39
44
44
39
25
6
-11
-19
-14
3
18
25
21
9
-4
-10
-8
-1
6
6
4
2
2
4
9
17
23
29
32
36
41
40
31
11
-9
-19
-16
-4
11
25
34
40
40
36
33
34
39
46
51
57
57
47
29
10
-1
2
12
24
31
35
38
40
39
39
39
42
41
36
26
17
13
14
19
26
35
39
39
35
29
27
26
21
9
-6
-17
-22
-20
-11
3
18
28
32
31
27
16
4
0
6
16
20
15
11
12
8
-1
-19
-31
-33
-25
-11
0
2
-8
-22
-31
-31
-28
-24
-16
-1
16
23
20
10
3
-3
-8
-12
-16
-16
-12
2
17
27
25
16
7
2
3
4
6
10
18
29
39
42
40
43
57
80
97
103
100
89
76
59
41
25
15
12
15
24
33
38
34
22
5
-11
-20
-16
-7
3
9
8
1
-8
-21
-31
-39
-48
-56
-58
-54
-46
-41
-42
-50
-60
-67
-70
-68
-62
-59
-59
-61
-60
-54
-44
-36
-33
-30
-28
-26
-33
-42
-49
-50
-49
-49
-48
-42
-34
-27
-23
-17
-5
14
36
58
82
108
134
156
173
188
197
196
182
164
149
137
123
103
81
66
56
49
43
33
21
7
-5
-11
-14
-14
-12
-9
-9
-18
-31
-47
-63
-74
-80
-82
-87
-94
-99
-96
-87
-71
-57
-46
-40
-41
-43
-37
-22
-7
-1
1
6
15
15
6
-5
-11
-8
-1
9
21
34
43
47
49
48
43
35
29
27
29
32
37
40
39
37
37
37
36
31
22
15
5
-8
-23
-31
-30
-26
-24
-30
-36
-39
-40
-42
-44
-45
-44
-42
-39
-41
-43
-49
-55
-59
-56
-50
-40
-33
-29
-28
-30
-37
-45
-49
-47
-39
-29
-15
-1
14
32
55
82
117
160
202
239
267
283
289
286
273
255
235
219
203
184
158
124
86
53
33
23
15
3
-5
-2
6
9
4
-3
-5
-15
-40
-78
-118
-147
-165
-176
-177
-171
-163
-160
-153
-135
-104
-72
-40
-13
5
14
12
7
7
8
10
11
10
11
14
15
13
14
16
27
40
52
58
61
65
69
66
57
48
42
40
42
47
52
52
45
36
33
34
26
9
-9
-23
-30
-39
-52
-62
-71
-80
-96
-115
-127
-131
-127
-119
-107
-95
-89
-91
-96
-99
-100
-97
-89
-76
-65
-63
-68
-73
-74
-69
-64
-61
-62
-75
-95
-116
-125
-122
-112
-96
-68
-30
19
72
132
200
272
342
403
452
488
507
502
474
423
366
316
276
233
186
140
105
83
68
58
52
51
47
38
31
24
4
-40
-102
-162
-212
-261
-316
-371
-408
-425
-427
-418
-395
-362
-325
-283
-231
-166
-101
-51
-17
9
29
38
29
17
12
16
19
16
18
37
71
109
146
187
229
268
291
294
285
263
231
197
170
154
142
123
106
99
104
113
116
113
111
111
108
95
69
33
-14
-64
-113
-158
-197
-234
-270
-305
-336
-359
-368
-357
-324
-279
-236
-209
-193
-183
-178
-184
-201
-225
-255
-300
-357
-417
-469
-513
-559
-608
-655
-692
-720
-739
-743
-715
-642
-526
-378
-201
7
246
503
765
1018
1253
1454
1600
1681
1707
1691
1634
1539
1413
1265
1096
909
725
575
462
377
315
300
332
363
341
276
213
167
87
-64
-256
-430
-564
-692
-838
-987
-1100
-1157
-1164
-1129
-1069
-996
-913
-820
-712
-599
-488
-386
-303
-254
-238
-227
-198
-159
-132
-110
-55
34
125
187
233
297
377
442
475
491
505
500
460
395
335
296
266
239
226
236
262
284
290
280
257
215
147
62
-21
-89
-146
-212
-292
-369
-428
-464
-489
-514
-529
-524
-503
-472
-435
-387
-332
-282
-249
-226
-204
-191
-211
-276
-375
-474
-555
-619
-676
-728
-773
-811
-846
-885
-924
-947
-924
-839
-699
-523
-321
-85
187
479
762
1020
1257
1485
1690
1851
1939
1952
1910
1829
1710
1546
1353
1161
992
831
656
483
351
287
266
249
218
186
164
137
81
-14
-145
-303
-476
-644
-783
-891
-982
-1067
-1137
-1164
-1126
-1029
-899
-775
-675
-600
-533
-454
-351
-248
-175
-149
-153
-149
-122
-72
-16
41
99
162
243
345
454
537
579
590
595
604
605
588
561
535
513
474
413
348
299
273
248
204
136
57
-15
-80
-147
-219
-296
-370
-441
-509
-574
-629
-663
-670
-645
-589
-512
-435
-379
-341
-306
-266
-227
-201
-182
-169
-173
-210
-281
-361
-439
-517
-603
-689
-763
-818
-861
-891
-901
-882
-834
-759
-653
-509
-327
-102
167
465
766
1049
1309
1554
1779
1978
2134
2224
2227
2145
2005
1834
1634
1393
1122
847
595
374
186
42
-52
-114
-153
-152
-91
8
71
46
-57
-188
-316
-451
-606
-777
-943
-1092
-1217
-1304
-1345
-1339
-1290
-1189
-1045
-878
-715
-563
-419
-279
-160
-72
-9
41
84
121
152
181
207
233
267
327
410
491
552
588
609
615
607
590
566
532
495
471
463
445
389
315
265
250
236
203
163
130
78
-24
-163
-291
-387
-475
-584
-696
-771
-791
-781
-763
-743
-704
-635
-547
-468
-411
-373
-332
-286
-246
-220
-205
-206
-244
-335
-463
-585
-678
-751
-821
-886
-940
-979
-999
-988
-929
-824
-695
-545
-349
-92
206
510
808
1116
1436
1741
1990
2168
2281
2328
2305
2212
2061
1866
1632
1359
1076
822
618
459
323
204
118
80
82
116
168
214
215
135
-14
-187
-354
-535
-754
-991
-1186
-1306
-1369
-1401
-1389
-1308
-1170
-1009
-841
-656
-470
-315
-207
-119
-18
73
107
79
40
32
47
50
36
36
75
151
243
334
418
493
558
603
614
592
559
532
505
454
381
320
304
324
348
341
301
252
210
173
111
0
-145
-292
-425
-553
-683
-799
-876
-911
-909
-876
-816
-749
-687
-621
-540
-456
-397
-365
-331
-284
-257
-274
-319
-352
-369
-397
-445
-490
-505
-505
-524
-575
-641
-701
-750
-783
-781
-723
-604
-431
-218
42
347
687
1049
1413
1755
2046
2269
2427
2526
2550
2477
2305
2053
1749
1408
1064
762
518
310
122
-19
-73
-45
24
94
144
168
151
104
36
-72
-264
-536
-829
-1088
-1310
-1516
-1681
-1761
-1754
-1690
-1587
-1426
-1211
-979
-759
-537
-307
-93
70
181
251
274
247
195
158
151
144
122
102
118
185
283
380
454
511
564
617
650
648
622
603
600
593
578
572
579
560
496
409
344
291
201
38
-175
-391
-595
-793
-979
-1127
-1213
-1240
-1215
-1141
-1008
-823
-611
-412
-251
-126
-31
23
20
-48
-164
-298
-429
-543
-628
-679
-699
-698
-690
-680
-675
-672
-670
-674
-683
-692
-691
-677
-646
-575
-426
-184
125
465
827
1234
1673
2084
2404
2618
2739
2772
2706
2552
2330
2047
1696
1307
949
662
426
220
77
37
74
110
118
146
217
269
222
82
-82
-238
-426
-673
-947
-1193
-1388
-1538
-1634
-1662
-1623
-1547
-1441
-1297
-1095
-849
-596
-377
-198
-49
86
192
245
255
261
291
325
335
330
344
379
411
439
498
601
706
772
805
839
869
862
796
702
615
529
429
311
211
158
135
100
20
-92
-204
-300
-407
-537
-672
-780
-853
-906
-942
-950
-918
-854
-758
-636
-498
-358
-225
-98
10
71
69
19
-62
-173
-305
-434
-536
-619
-700
-767
-799
-792
-768
-756
-754
-754
-745
-719
-661
-576
-483
-380
-226
19
346
710
1083
1460
1826
2143
2381
2548
2652
2674
2585
2391
2127
1826
1495
1156
851
613
438
295
173
71
0
-47
-64
-50
-24
-33
-98
-199
-294
-390
-533
-736
-952
-1121
-1237
-1339
-1432
-1480
-1451
-1369
-1270
-1144
-950
-699
-461
-291
-174
-65
38
88
65
19
14
63
130
185
231
285
354
442
539
630
699
745
775
786
777
753
724
686
618
502
367
254
194
166
117
26
-83
-176
-262
-388
-571
-760
-897
-985
-1060
-1116
-1094
-968
-791
-632
-501
-358
-202
-79
-25
-29
-68
-139
-235
-325
-382
-418
-452
-481
-480
-452
-428
-426
-431
-431
-449
-510
-605
-693
-751
-787
-802
-766
-634
-405
-113
196
520
873
1259
1648
1997
2280
2498
2656
2736
2707
2564
2331
2039
1692
1305
929
622
393
197
19
-98
-113
-58
-15
-25
-50
-45
-20
-38
-136
-308
-511
-711
-893
-1057
-1204
-1333
-1435
-1495
-1491
-1409
-1263
-1088
-914
-746
-562
-354
-153
-2
89
145
192
234
259
266
277
303
344
384
413
444
485
535
587
631
670
699
708
686
633
573
534
525
528
503
428
316
191
57
-95
-270
-442
-599
-746
-887
-999
-1048
-1028
-962
-862
-724
-557
-393
-272
-205
-173
-157
-153
-168
-212
-282
-355
-405
-423
-431
-440
-439
-422
-413
-433
-482
-538
-600
-683
-780
-860
-907
-926
-925
-876
-748
-529
-235
122
534
979
1426
1856
2249
2569
2779
2869
2857
2759
2561
2267
1928
1605
1314
1020
712
430
229
114
40
-29
-88
-105
-78
-42
-32
-53
-105
-197
-347
-542
-742
-925
-1099
-1268
-1407
-1490
-1514
-1496
-1441
-1335
-1179
-994
-788
-564
-341
-152
-24
64
148
228
283
309
332
371
411
431
433
437
450
464
482
512
558
609
659
708
749
772
768
752
727
689
621
518
386
232
52
-148
-353
-560
-771
-968
-1106
-1155
-1140
-1100
-1045
-950
-819
-689
-579
-472
-355
-259
-224
-236
-253
-267
-309
-383
-442
-445
-419
-410
-423
-428
-417
-413
-438
-488
-550
-621
-698
-771
-825
-842
-795
-678
-507
-297
-42
284
677
1103
1531
1957
2366
2711
2938
3024
3005
2914
2764
2525
2170
1719
1253
851
529
247
-9
-192
-264
-269
-272
-263
-185
-55
18
-29
-145
-252
-364
-551
-811
-1054
-1220
-1340
-1467
-1589
-1649
-1611
-1492
-1326
-1140
-949
-745
-510
-253
-23
143
247
324
385
409
404
405
430
449
437
418
441
506
570
608
635
670
697
702
700
725
766
786
770
744
720
661
525
309
60
-186
-415
-631
-834
-1019
-1175
-1285
-1327
-1309
-1240
-1121
-937
-702
-467
-282
-151
-53
4
-16
-120
-271
-413
-522
-596
-631
-627
-597
-558
-510
-447
-377
-331
-335
-396
-505
-649
-801
-931
-1007
-1010
-933
-779
-549
-238
166
665
1222
1769
2238
2610
2890
3082
3161
3097
2893
2592
2258
1914
1552
1165
791
478
239
68
-34
-51
-10
24
14
-14
-33
-67
-155
-287
-422
-566
-771
-1029
-1265
-1432
-1572
-1727
-1847
-1853
-1756
-1643
-1537
-1369
-1095
-770
-476
-223
27
260
426
518
574
616
617
555
463
390
355
355
384
419
432
417
426
499
623
737
820
888
938
944
898
822
727
574
346
90
-123
-296
-494
-748
-992
-1135
-1169
-1153
-1124
-1063
-949
-807
-672
-547
-419
-308
-254
-252
-257
-257
-298
-408
-539
-613
-612
-575
-534
-480
-407
-339
-310
-323
-360
-415
-482
-556
-635
-723
-806
-848
-823
-726
-557
-303
50
467
908
1361
1833
2288
2659
2915
3083
3177
3158
2973
2661
2318
1998
1668
1282
859
471
170
-34
-160
-241
-306
-357
-373
-333
-271
-258
-343
-504
-688
-869
-1057
-1255
-1439
-1584
-1686
-1757
-1790
-1763
-1671
-1533
-1365
-1164
-934
-692
-470
-280
-120
16
138
244
327
384
423
464
503
531
541
544
556
580
617
675
760
850
920
965
995
1010
1004
983
953
888
739
501
235
-8
-249
-522
-798
-997
-1091
-1125
-1127
-1071
-939
-783
-674
-610
-519
-377
-242
-190
-235
-333
-439
-540
-628
-692
-719
-694
-622
-525
-435
-352
-264
-186
-172
-257
-396
-522
-627
-769
-959
-1126
-1183
-1117
-965
-733
-396
46
542
1045
1535
2004
2428
2767
2996
3105
3100
2993
2803
2529
2156
1713
1282
926
639
382
161
12
-59
-96
-121
-118
-77
-52
-90
-184
-292
-404
-550
-745
-965
-1193
-1423
-1632
-1765
-1793
-1752
-1694
-1615
-1463
-1220
-937
-679
-466
-284
-123
17
138
235
281
264
222
227
292
352
343
303
316
407
518
602
675
770
871
940
987
1042
1094
1085
988
836
656
428
141
-164
-425
-632
-829
-1040
-1229
-1343
-1357
-1288
-1164
-1017
-867
-711
-539
-358
-214
-151
-170
-235
-312
-394
-488
-583
-659
-693
-671
-590
-462
-324
-221
-175
-170
-179
-203
-292
-470
-689
-865
-955
-977
-955
-859
-642
-305
107
557
1035
1533
2013
2427
2737
2922
2969
2891
2716
2472
2155
1766
1341
950
640
406
220
81
12
13
38
46
31
16
7
-28
-126
-292
-506
-743
-977
-1182
-1354
-1514
-1665
-1772
-1781
-1683
-1531
-1377
-1215
-1018
-779
-521
-259
-7
209
362
455
514
550
543
480
395
334
306
283
245
209
208
262
372
522
689
856
1019
1170
1282
1319
1266
1133
933
674
372
54
-273
-609
-937
-1204
-1375
-1459
-1479
-1431
-1300
-1107
-904
-716
-537
-373
-264
-236
-256
-290
-348
-454
-602
-752
-866
-930
-934
-859
-731
-601
-487
-365
-218
-89
-41
-78
-160
-261
-388
-533
-652
-709
-702
-630
-452
-141
268
701
1128
1568
2024
2438
2743
2927
3009
2990
2842
2551
2163
1741
1333
950
593
269
11
-152
-223
-251
-265
-248
-160
-41
7
-75
-240
-409
-579
-802
-1089
-1372
-1587
-1733
-1844
-1918
-1930
-1874
-1757
-1575
-1320
-1013
-710
-443
-204
21
212
334
386
397
397
396
400
413
424
407
367
352
397
489
587
678
792
938
1080
1173
1209
1211
1173
1065
873
619
331
24
-298
-625
-922
-1162
-1315
-1376
-1344
-1241
-1086
-889
-668
-458
-292
-187
-130
-111
-135
-216
-346
-513
-693
-852
-954
-982
-938
-837
-690
-500
-296
-122
-20
8
-18
-73
-156
-277
-426
-558
-624
-603
-509
-348
-103
242
667
1120
1550
1934
2259
2501
2636
2660
2600
2486
2323
2091
1769
1380
995
678
431
209
4
-152
-226
-252
-279
-312
-308
-276
-275
-345
-456
-562
-682
-859
-1082
-1283
-1434
-1571
-1711
-1813
-1824
-1756
-1651
-1518
-1328
-1073
-785
-500
-226
33
262
438
554
598
560
467
379
335
317
286
240
208
222
289
412
568
724
856
975
1106
1226
1280
1239
1119
931
673
357
29
-266
-545
-821
-1067
-1215
-1254
-1215
-1130
-994
-814
-628
-464
-330
-224
-179
-215
-312
-437
-570
-699
-792
-826
-808
-768
-712
-627
-522
-419
-322
-236
-187
-220
-329
-459
-560
-644
-720
-753
-693
-547
-351
-102
243
681
1151
1604
2043
2463
2804
2996
3038
2980
2844
2613
2295
1946
1602
1243
845
451
130
-93
-259
-385
-432
-386
-297
-238
-228
-227
-228
-273
-401
-595
-815
-1040
-1275
-1501
-1680
-1790
-1844
-1848
-1787
-1642
-1428
-1178
-910
-629
-356
-121
65
214
341
428
468
466
443
405
350
292
251
239
251
286
348
436
543
665
801
927
1013
1042
1027
972
855
656
397
121
-152
-432
-714
-972
-1185
-1354
-1466
-1486
-1389
-1198
-966
-717
-472
-275
-174
-161
-185
-206
-258
-369
-498
-575
-591
-592
-612
-614
-557
-461
-383
-346
-324
-297
-289
-339
-429
-512
-542
-516
-440
-308
-110
150
462
812
1189
1565
1916
2225
2487
2689
2803
2801
2671
2433
2131
1813
1497
1176
845
524
252
43
-107
-201
-243
-255
-277
-314
-341
-353
-392
-504
-669
-843
-1005
-1177
-1362
-1534
-1669
-1765
-1816
-1802
-1719
-1586
-1428
-1236
-997
-736
-496
-289
-99
81
233
342
413
450
446
396
326
277
271
305
360
421
491
581
702
848
998
1125
1198
1196
1118
984
810
593
313
-29
-393
-736
-1042
-1300
-1492
-1589
-1577
-1471
-1302
-1093
-861
-622
-401
-237
-157
-152
-180
-227
-315
-462
-634
-762
-809
-786
-719
-623
-508
-390
-275
-161
-63
-8
-21
-87
-184
-292
-385
-420
-376
-267
-115
99
419
833
1280
1713
2127
2523
2851
3044
3081
2989
2793
2502
2135
1734
1334
948
587
278
38
-145
-284
-361
-352
-280
-213
-212
-277
-366
-451
-539
-659
-822
-1011
-1203
-1384
-1557
-1711
-1804
-1799
-1708
-1584
-1462
-1313
-1101
-839
-586
-366
-153
70
265
384
429
452
484
508
507
477
426
365
325
359
475
617
729
824
948
1096
1198
1212
1156
1049
855
540
150
-223
-552
-874
-1212
-1501
-1664
-1692
-1628
-1502
-1314
-1077
-827
-594
-392
-235
-152
-154
-229
-358
-527
-712
-866
-950
-961
-915
-823
-684
-518
-354
-213
-95
-1
60
74
31
-60
-172
-256
-269
-210
-102
51
293
656
1107
1569
1989
2363
2685
2915
3016
2992
2875
2687
2422
2083
1701
1316
948
600
279
5
-196
-314
-376
-421
-458
-470
-455
-452
-506
-626
-781
-948
-1125
-1312
-1488
-1639
-1782
-1917
-2008
-2006
-1909
-1753
-1569
-1352
-1101
-831
-552
-266
15
248
405
505
582
633
638
610
586
568
516
438
401
468
605
729
814
911
1056
1207
1287
1258
1137
955
718
429
91
-274
-633
-957
-1217
-1405
-1515
-1549
-1508
-1406
-1243
-1027
-783
-567
-425
-361
-343
-346
-383
-477
-614
-750
-837
-865
-857
-832
-780
-680
-540
-405
-327
-308
-301
-268
-215
-179
-169
-160
-129
-66
47
243
537
893
1266
1648
2050
2447
2762
2934
2974
2928
2816
2620
2334
1985
1619
1262
913
566
242
-18
-188
-279
-328
-356
-368
-367
-379
-417
-475
-541
-630
-766
-944
-1133
-1310
-1484
-1652
-1778
-1824
-1786
-1682
-1531
-1341
-1136
-929
-707
-455
-199
8
146
247
336
395
397
377
407
497
584
625
653
722
831
926
968
977
981
983
969
937
883
781
604
365
96
-184
-481
-787
-1061
-1265
-1399
-1482
-1519
-1493
-1392
-1231
-1034
-834
-666
-559
-511
-496
-500
-543
-634
-746
-829
-864
-863
-832
-753
-621
-457
-304
-181
-81
-6
21
-21
-119
-219
-277
-269
-198
-59
162
466
842
1268
1724
2188
2625
2984
3227
3330
3304
3171
2939
2600
2155
1653
1174
778
454
162
-100
-292
-385
-387
-339
-278
-239
-257
-335
-434
-530
-651
-840
-1086
-1329
-1537
-1734
-1935
-2088
-2124
-2041
-1893
-1730
-1555
-1347
-1099
-823
-536
-270
-48
126
277
419
534
592
599
590
598
617
624
623
654
740
863
984
1085
1177
1260
1312
1303
1229
1085
855
530
151
-223
-568
-905
-1232
-1497
-1647
-1683
-1646
-1542
-1347
-1072
-781
-539
-364
-260
-245
-323
-447
-561
-665
-789
-919
-990
-975
-920
-878
-823
-698
-503
-315
-206
-171
-160
-143
-124
-110
-82
-17
112
322
611
955
1315
1673
2034
2401
2740
2990
3108
3101
3010
2861
2634
2316
1934
1535
1134
718
315
4
-176
-271
-359
-444
-465
-400
-313
-290
-349
-455
-595
-784
-1024
-1282
-1524
-1742
-1934
-2068
-2105
-2051
-1951
-1837
-1679
-1431
-1106
-783
-525
-318
-123
62
200
294
382
481
549
565
568
607
661
672
648
671
782
923
1023
1088
1164
1238
1231
1113
938
766
571
290
-82
-469
-799
-1068
-1296
-1471
-1546
-1506
-1387
-1230
-1045
-829
-610
-435
-344
-341
-402
-515
-668
-835
-982
-1086
-1144
-1160
-1138
-1079
-980
-855
-732
-630
-531
-416
-297
-220
-195
-166
-64
118
351
619
942
1312
1690
2052
2407
2748
3010
3131
3126
3061
2938
2707
2370
2017
1729
1471
1156
779
444
231
113
14
-82
-146
-183
-249
-376
-530
-673
-816
-994
-1201
-1389
-1540
-1686
-1863
-2043
-2159
-2169
-2100
-2009
-1899
-1729
-1468
-1158
-880
-667
-483
-285
-84
79
197
296
391
460
498
539
614
706
784
864
979
1117
1223
1271
1288
1297
1266
1155
964
735
487
225
-44
-304
-547
-772
-953
-1068
-1123
-1151
-1155
-1107
-995
-855
-739
-657
-597
-575
-621
-729
-844
-906
-924
-935
-959
-976
-960
-905
-821
-721
-627
-568
-559
-575
-581
-561
-521
-446
-291
-26
322
697
1074
1467
1881
2286
2643
2930
3127
3210
3178
3067
2905
2673
2340
1931
1539
1212
921
633
384
231
159
96
16
-42
-71
-137
-283
-468
-624
-770
-988
-1287
-1580
-1782
-1912
-2023
-2106
-2102
-1997
-1840
-1674
-1489
-1255
-987
-729
-510
-333
-191
-78
8
62
71
54
65
150
289
426
537
659
827
1022
1188
1291
1341
1350
1315
1230
1102
942
739
476
155
-187
-496
-746
-942
-1089
-1173
-1173
-1106
-1006
-896
-787
-710
-687
-702
-708
-697
-716
-800
-897
-931
-903
-885
-908
-924
-876
-786
-724
-715
-715
-690
-654
-635
-629
-606
-541
-422
-234
33
365
730
1115
1524
1956
2380
2737
2995
3149
3215
3209
3137
2983
2721
2345
1909
1489
1123
787
466
192
15
-63
-87
-92
-78
-54
-60
-135
-273
-449
-659
-912
-1191
-1459
-1700
-1922
-2121
-2250
-2261
-2169
-2017
-1829
-1594
-1322
-1050
-813
-599
-396
-224
-115
-48
32
140
222
233
214
254
367
492
585
697
873
1067
1177
1173
1141
1141
1123
990
736
438
153
-128
-420
-696
-907
-1046
-1122
-1137
-1087
-1001
-906
-792
-635
-463
-355
-357
-437
-536
-628
-726
-821
-887
-909
-906
-899
-875
-821
-752
-693
-661
-649
-643
-632
-600
-526
-393
-200
41
319
619
937
1270
1628
2008
2377
2676
2859
2937
2950
2926
2843
2664
2390
2063
1726
1393
1061
751
490
293
154
56
-5
-45
-86
-156
-250
-348
-453
-596
-804
-1063
-1316
-1535
-1736
-1931
-2068
-2077
-1963
-1818
-1711
-1599
-1401
-1130
-887
-729
-600
-433
-263
-159
-119
-66
21
90
122
178
324
520
674
771
879
1017
1118
1117
1046
974
909
792
590
337
87
-139
-356
-561
-731
-842
-886
-880
-844
-790
-716
-622
-528
-463
-444
-464
-511
-571
-630
-669
-681
-685
-713
-755
-778
-763
-730
-716
-725
-733
-719
-691
-650
-594
-514
-419
-302
-126
139
477
833
1180
1544
1945
2340
2646
2823
2893
2901
2851
2723
2512
2234
1905
1541
1164
815
530
325
191
106
51
23
26
40
24
-55
-193
-362
-562
-803
-1068
-1321
-1546
-1755
-1942
-2051
-2038
-1930
-1801
-1677
-1508
-1259
-964
-698
-485
-303
-143
-36
-4
-21
-35
-26
-15
-7
17
89
212
375
564
758
923
1027
1075
1098
1096
1024
839
560
256
-16
-250
-462
-652
-809
-921
-982
-973
-890
-764
-647
-572
-519
-463
-415
-419
-492
-597
-678
-723
-748
-771
-774
-743
-698
-664
-638
-604
-561
-534
-525
-511
-483
-460
-442
-376
-201
74
389
708
1053
1447
1858
2228
2517
2715
2813
2815
2732
2577
2346
2055
1759
1513
1295
1034
720
444
291
246
228
197
172
151
97
-3
-115
-212
-344
-563
-836
-1076
-1257
-1431
-1627
-1775
-1798
-1716
-1611
-1507
-1347
-1094
-818
-609
-472
-350
-216
-118
-98
-122
-124
-92
-66
-64
-50
13
106
185
246
329
451
581
670
699
686
629
515
343
134
-93
-325
-544
-716
-825
-889
-919
-894
-796
-663
-551
-467
-370
-256
-193
-235
-342
-426
-456
-462
-466
-450
-417
-404
-417
-407
-343
-278
-287
-348
-374
-340
-309
-330
-345
-263
-79
151
410
723
1093
1470
1818
2143
2430
2623
2688
2677
2647
2573
2372
2037
1660
1323
1011
674
357
147
59
7
-74
-152
-156
-97
-62
-108
-203
-297
-403
-570
-810
-1069
-1299
-1497
-1674
-1797
-1811
-1718
-1581
-1439
-1262
-1012
-727
-494
-344
-232
-119
-41
-36
-73
-83
-49
-21
-31
-44
-20
44
132
248
390
520
591
596
571
525
436
283
83
-137
-359
-562
-730
-861
-970
-1043
-1029
-915
-757
-627
-529
-406
-244
-110
-67
-89
-111
-120
-158
-249
-359
-442
-498
-537
-556
-544
-517
-501
-491
-454
-384
-310
-252
-182
-61
116
334
593
894
1209
1502
1777
2052
2301
2462
2510
2490
2433
2307
2071
1764
1466
1191
894
562
269
77
-47
-177
-310
-366
-314
-226
-186
-192
-189
-186
-262
-459
-707
-918
-1097
-1311
-1560
-1747
-1786
-1702
-1580
-1436
-1232
-956
-676
-443
-239
-31
157
275
325
351
367
343
277
218
199
202
199
212
278
380
457
477
456
421
370
290
182
35
-171
-433
-700
-913
-1056
-1153
-1219
-1230
-1156
-1013
-858
-740
-665
-600
-525
-450
-392
-353
-327
-320
-341
-374
-395
-400
-412
-435
-436
-390
-314
-260
-239
-214
-141
-14
151
333
526
733
970
1247
1541
1806
2022
2205
2370
2484
2514
2462
2347
2151
1857
1507
1188
926
674
404
174
55
10
-58
-170
-246
-238
-207
-242
-340
-441
-532
-666
-856
-1051
-1206
-1341
-1483
-1595
-1617
-1556
-1476
-1391
-1244
-1001
-721
-488
-307
-135
31
141
185
217
276
316
288
220
203
257
317
333
348
431
562
652
660
616
556
452
267
24
-216
-435
-652
-868
-1038
-1131
-1166
-1170
-1140
-1048
-913
-784
-688
-615
-543
-474
-417
-380
-370
-396
-439
-473
-481
-488
-512
-524
-480
-393
-317
-281
-242
-143
7
159
303
479
705
954
1182
1396
1621
1846
2025
2134
2195
2240
2267
2250
2167
2015
1813
1583
1342
1083
803
525
290
112
-34
-166
-260
-287
-292
-347
-461
-562
-613
-685
-855
-1094
-1275
-1352
-1399
-1486
-1554
-1506
-1348
-1184
-1061
-921
-704
-460
-272
-142
0
169
305
358
359
360
358
317
250
215
233
276
311
350
398
432
426
393
357
309
215
67
-96
-245
-396
-576
-776
-960
-1099
-1188
-1228
-1223
-1178
-1104
-1009
-899
-786
-682
-605
-560
-553
-566
-580
-579
-556
-511
-451
-394
-369
-375
-380
-350
-284
-205
-111
42
270
543
811
1075
1354
1639
1894
2101
2262
2374
2422
2406
2363
2311
2207
2007
1737
1471
1241
1004
730
471
310
240
181
73
-55
-160
-243
-349
-492
-652
-808
-966
-1135
-1291
-1398
-1458
-1498
-1545
-1579
-1567
-1493
-1387
-1277
-1146
-962
-733
-499
-290
-94
109
290
416
490
540
571
566
541
539
572
595
579
564
591
623
598
533
493
480
409
228
-4
-215
-415
-650
-894
-1068
-1150
-1201
-1244
-1230
-1126
-991
-907
-866
-809
-730
-690
-726
-791
-830
-838
-836
-820
-778
-729
-710
-714
-690
-618
-520
-421
-290
-89
169
424
647
873
1135
1415
1663
1874
2084
2309
2509
2623
2637
2591
2522
2426
2263
2006
1683
1355
1066
815
585
380
226
109
-15
-168
-310
-401
-470
-574
-711
-825
-897
-986
-1132
-1295
-1424
-1529
-1645
-1742
-1742
-1634
-1498
-1385
-1246
-1017
-736
-492
-316
-162
6
151
242
303
376
455
506
529
561
608
642
646
653
700
769
804
768
675
555
421
266
88
-115
-335
-551
-735
-876
-993
-1103
-1191
-1216
-1170
-1090
-1019
-961
-899
-832
-782
-753
-722
-685
-668
-696
-749
-783
-780
-754
-717
-664
-581
-478
-362
-220
-37
184
423
672
935
1212
1484
1729
1948
2150
2331
2463
2531
2554
2541
2477
2337
2130
1898
1674
1439
1164
861
581
366
212
79
-52
-176
-269
-337
-405
-502
-629
-771
-922
-1088
-1260
-1414
-1546
-1665
-1774
-1830
-1800
-1705
-1592
-1463
-1262
-983
-696
-466
-277
-79
113
239
298
352
429
475
450
416
458
560
621
614
605
659
731
734
652
549
470
392
264
77
-135
-331
-500
-656
-808
-947
-1039
-1066
-1042
-997
-946
-887
-825
-771
-734
-710
-698
-716
-769
-835
-876
-876
-853
-834
-820
-787
-715
-614
-508
-397
-242
-21
247
515
770
1028
1293
1547
1778
1998
2206
2368
2455
2480
2471
2432
2341
2191
1995
1762
1492
1195
905
655
460
318
212
122
37
-32
-75
-118
-200
-325
-452
-571
-715
-922
-1158
-1360
-1516
-1653
-1771
-1826
-1798
-1721
-1630
-1501
-1287
-1008
-733
-508
-315
-125
47
169
242
301
369
434
478
511
544
574
574
552
545
567
575
523
426
350
318
288
198
43
-140
-317
-483
-627
-745
-837
-902
-927
-895
-830
-783
-783
-804
-803
-776
-759
-773
-802
-823
-829
-836
-856
-885
-908
-909
-871
-796
-695
-584
-461
-295
-61
232
545
847
1149
1469
1790
2078
2307
2486
2607
2650
2606
2510
2402
2264
2051
1760
1454
1178
916
656
439
314
258
190
92
21
12
10
-67
-210
-357
-490
-662
-898
-1147
-1346
-1508
-1671
-1814
-1863
-1799
-1687
-1590
-1486
-1321
-1092
-856
-649
-451
-239
-45
92
177
256
339
389
395
406
457
522
550
549
578
646
687
638
529
435
374
288
136
-64
-273
-477
-679
-842
-933
-957
-953
-942
-907
-836
-743
-661
-610
-589
-582
-571
-565
-589
-665
-763
-830
-849
-849
-852
-837
-777
-681
-578
-466
-319
-133
81
318
587
874
1148
1392
1628
1889
2164
2407
2568
2631
2616
2545
2422
2227
1964
1682
1435
1209
953
657
393
224
127
28
-79
-132
-114
-103
-181
-325
-448
-536
-656
-854
-1082
-1276
-1427
-1568
-1695
-1759
-1739
-1661
-1547
-1401
-1219
-1024
-833
-628
-401
-182
-22
76
159
261
359
412
423
440
481
527
552
564
596
647
678
654
581
492
401
288
134
-45
-211
-341
-448
-542
-615
-660
-692
-731
-769
-774
-733
-680
-640
-608
-572
-538
-533
-561
-607
-655
-714
-776
-823
-837
-825
-795
-738
-644
-525
-399
-254
-66
175
450
743
1046
1351
1641
1902
2131
2320
2450
2504
2487
2406
2263
2073
1857
1627
1372
1095
830
625
486
380
278
181
103
45
-1
-61
-160
-301
-452
-585
-707
-852
-1019
-1159
-1250
-1327
-1421
-1502
-1515
-1448
-1343
-1223
-1077
-913
-754
-603
-434
-243
-76
31
101
174
243
278
286
309
360
407
426
444
492
556
589
562
485
381
269
147
14
-136
-303
-477
-638
-764
-852
-908
-942
-957
-951
-920
-861
-781
-698
-637
-613
-612
-602
-581
-571
-596
-648
-694
-715
-715
-701
-669
-604
-511
-396
-257
-76
156
438
748
1060
1349
1601
1817
2013
2188
2319
2384
2385
2346
2281
2178
2013
1791
1553
1343
1151
945
712
491
314
165
12
-139
-255
-331
-409
-503
-583
-632
-693
-817
-990
-1143
-1252
-1365
-1508
-1636
-1669
-1602
-1493
-1381
-1240
-1033
-777
-530
-334
-188
-69
33
118
170
182
162
150
177
244
314
361
403
469
552
607
614
588
544
471
351
189
20
-141
-306
-475
-628
-736
-796
-829
-842
-828
-782
-725
-680
-645
-596
-529
-483
-504
-579
-651
-676
-665
-658
-663
-660
-639
-614
-585
-540
-469
-384
-282
-130
100
387
680
959
1240
1537
1835
2099
2303
2436
2501
2504
2455
2340
2137
1857
1549
1258
991
735
503
327
223
172
149
144
138
108
37
-66
-184
-320
-494
-715
-958
-1181
-1353
-1474
-1560
-1613
-1615
-1559
-1465
-1363
-1253
-1106
-909
-696
-515
-373
-239
-87
54
152
205
242
278
313
337
369
423
484
526
547
567
591
595
555
477
384
289
176
39
-113
-274
-443
-604
-726
-793
-820
-842
-856
-836
-777
-706
-661
-649
-653
-666
-684
-704
-718
-726
-732
-752
-786
-827
-845
-814
-734
-626
-503
-352
-158
84
362
663
973
1261
1509
1727
1943
2150
2307
2382
2381
2341
2264
2128
1921
1679
1458
1262
1053
802
536
322
193
120
62
13
-16
-44
-107
-211
-320
-417
-531
-687
-867
-1038
-1198
-1373
-1544
-1660
-1686
-1637
-1536
-1390
-1209
-1026
-852
-665
-445
-224
-60
40
110
191
260
286
281
286
325
376
403
405
417
462
508
499
424
335
286
275
240
147
9
-136
-275
-409
-533
-634
-708
-761
-792
-779
-716
-628
-563
-543
-545
-534
-510
-516
-586
-693
-781
-836
-882
-938
-971
-949
-880
-786
-668
-511
-322
-126
75
313
590
872
1125
1363
1611
1854
2041
2149
2200
2221
2210
2149
2023
1843
1631
1418
1228
1060
888
703
534
410
324
243
150
54
-34
-123
-219
-322
-434
-565
-716
-865
-992
-1105
-1224
-1342
-1425
-1454
-1438
-1388
-1294
-1149
-985
-835
-700
-540
-351
-179
-78
-28
26
104
173
205
224
271
344
403
425
434
452
474
474
455
435
410
359
270
161
42
-100
-263
-415
-525
-607
-697
-790
-838
-809
-743
-690
-661
-629
-585
-549
-532
-532
-551
-594
-649
-689
-711
-739
-787
-824
-812
-754
-678
-581
-428
-201
75
363
654
956
1254
1525
1766
1987
2180
2302
2324
2280
2228
2181
2076
1869
1601
1363
1191
1028
821
600
431
322
228
134
68
34
-27
-137
-250
-310
-356
-472
-667
-866
-1025
-1175
-1348
-1495
-1556
-1552
-1557
-1578
-1548
-1420
-1222
-1010
-794
-567
-362
-217
-121
-20
107
219
282
314
342
366
369
359
362
370
359
331
320
339
348
312
241
172
109
24
-97
-218
-310
-380
-456
-546
-633
-699
-745
-771
-767
-727
-669
-621
-593
-570
-544
-525
-529
-553
-583
-609
-633
-653
-657
-633
-586
-507
-381
-197
26
265
518
793
1078
1336
1568
1801
2036
2219
2294
2276
2235
2197
2124
1986
1804
1619
1430
1202
932
670
467
321
196
70
-43
-106
-118
-122
-166
-265
-392
-525
-666
-822
-986
-1143
-1297
-1441
-1544
-1571
-1536
-1487
-1444
-1374
-1261
-1129
-1002
-864
-691
-503
-350
-236
-118
28
167
254
292
319
355
384
403
429
465
483
459
415
397
409
398
317
184
61
-29
-123
-255
-393
-485
-535
-588
-649
-670
-627
-570
-545
-531
-481
-407
-370
-398
-448
-477
-499
-548
-622
-696
-750
-782
-789
-754
-683
-575
-424
-224
3
234
471
741
1047
1355
1632
1874
2081
2229
2299
2301
2258
2168
2010
1794
1566
1368
1192
1010
820
650
520
415
313
214
128
46
-51
-164
-277
-382
-504
-665
-843
-995
-1117
-1245
-1392
-1525
-1593
-1592
-1553
-1497
-1416
-1305
-1179
-1043
-890
-716
-552
-424
-324
-221
-114
-21
49
117
205
306
394
454
494
532
583
632
656
645
620
600
566
476
324
151
-2
-141
-283
-427
-547
-634
-697
-727
-713
-672
-641
-630
-602
-532
-444
-387
-379
-400
-438
-490
-560
-632
-701
-764
-803
-792
-721
-610
-485
-342
-168
45
289
556
832
1098
1344
1575
1797
1987
2114
2164
2162
2126
2037
1867
1633
1402
1216
1056
867
650
461
344
273
186
73
-27
-78
-110
-171
-273
-383
-479
-585
-722
-879
-1028
-1155
-1269
-1364
-1417
-1414
-1372
-1315
-1231
-1102
-946
-806
-691
-560
-387
-206
-68
21
100
182
235
245
255
305
379
436
472
517
584
642
663
644
597
523
437
344
235
85
-107
-288
-408
-488
-578
-691
-775
-793
-773
-765
-774
-763
-711
-643
-598
-584
-582
-582
-590
-617
-663
-712
-745
-760
-764
-754
-718
-644
-543
-423
-274
-77
170
444
714
966
1205
1439
1659
1848
1985
2065
2104
2119
2105
2029
1875
1666
1453
1268
1097
907
701
516
386
298
222
149
90
42
-30
-142
-264
-364
-442
-537
-671
-830
-979
-1101
-1186
-1242
-1278
-1300
-1297
-1251
-1167
-1067
-954
-811
-638
-479
-366
-284
-191
-76
29
102
154
205
253
292
332
378
413
423
417
407
402
395
380
344
264
146
22
-87
-195
-322
-446
-532
-572
-594
-613
-617
-600
-577
-562
-547
-534
-534
-555
-582
-600
-618
-655
-705
-743
-765
-783
-794
-775
-713
-625
-526
-403
-232
-15
229
482
747
1021
1292
1539
1750
1913
2022
2076
2088
2066
2001
1877
1696
1490
1295
1135
1007
893
767
623
468
322
196
89
-1
-79
-149
-220
-291
-366
-459
-581
-729
-872
-984
-1061
-1116
-1154
-1181
-1199
-1202
-1183
-1131
-1053
-959
-847
-700
-524
-359
-229
-116
-1
106
180
220
252
294
330
351
374
414
458
486
497
502
494
451
367
263
159
48
-80
-218
-348
-457
-545
-615
-658
-672
-664
-645
-608
-548
-482
-442
-444
-472
-501
-522
-549
-580
-602
-609
-622
-653
-687
-689
-646
-576
-492
-380
-225
-34
174
388
620
879
1150
1415
1653
1852
2009
2115
2163
2160
2107
1995
1821
1601
1386
1210
1071
930
758
571
411
304
233
166
89
19
-34
-86
-168
-277
-394
-505
-627
-769
-913
-1035
-1138
-1244
-1345
-1410
-1415
-1379
-1335
-1276
-1174
-1016
-824
-633
-463
-313
-181
-65
30
96
143
182
220
247
256
256
268
291
309
309
307
319
332
324
282
210
116
10
-94
-189
-273
-352
-423
-478
-523
-567
-604
-621
-618
-611
-605
-597
-584
-575
-581
-599
-617
-636
-664
-690
-705
-703
-686
-652
-596
-516
-409
-265
-81
127
338
546
768
1014
1267
1503
1712
1889
2029
2115
2140
2108
2028
1912
1760
1577
1377
1189
1028
879
719
553
411
305
210
108
8
-69
-139
-231
-342
-443
-528
-626
-759
-910
-1046
-1155
-1238
-1299
-1333
-1346
-1344
-1310
-1231
-1126
-1021
-908
-760
-575
-403
-284
-200
-112
-12
72
130
191
274
361
417
438
447
459
464
452
433
410
370
293
190
91
9
-74
-173
-273
-339
-367
-381
-416
-461
-494
-508
-513
-516
-509
-487
-467
-463
-472
-475
-472
-470
-483
-506
-528
-551
-579
-608
-608
-564
-479
-372
-247
-97
73
256
453
682
939
1186
1392
1562
1716
1843
1900
1882
1833
1796
1747
1631
1441
1237
1075
945
797
619
450
322
230
143
48
-32
-84
-123
-184
-278
-386
-485
-581
-695
-833
-976
-1100
-1202
-1290
-1352
-1370
-1335
-1259
-1152
-1020
-879
-753
-647
-538
-412
-290
-200
-131
-43
67
170
237
291
364
448
508
542
578
617
635
615
578
538
475
360
216
93
2
-94
-221
-355
-455
-524
-588
-649
-680
-666
-635
-621
-627
-629
-618
-605
-604
-606
-607
-621
-659
-711
-751
-762
-748
-721
-678
-613
-535
-451
-353
-224
-63
120
313
521
746
972
1178
1363
1536
1691
1812
1885
1923
1944
1937
1876
1745
1567
1376
1198
1035
870
688
495
315
168
52
-36
-94
-130
-170
-242
-343
-444
-532
-626
-744
-862
-952
-1020
-1102
-1199
-1261
-1257
-1208
-1157
-1102
-1011
-879
-750
-647
-550
-426
-274
-132
-16
80
177
273
364
444
511
551
564
575
603
637
640
592
511
435
383
342
287
198
80
-41
-146
-231
-313
-398
-467
-510
-532
-552
-576
-592
-592
-591
-611
-651
-688
-704
-700
-698
-709
-732
-759
-785
-808
-823
-822
-799
-748
-663
-543
-393
-230
-62
117
323
557
805
1043
1262
1454
1622
1761
1856
1892
1873
1819
1750
1647
1491
1295
1111
966
834
672
496
355
267
199
122
49
-1
-46
-123
-234
-344
-442
-552
-692
-847
-979
-1083
-1161
-1215
-1241
-1237
-1211
-1161
-1089
-1004
-903
-767
-588
-392
-232
-128
-50
37
135
218
272
309
346
381
403
407
400
393
394
399
398
384
370
357
324
248
137
34
-39
-99
-172
-247
-308
-355
-417
-497
-562
-589
-593
-599
-615
-620
-610
-594
-590
-603
-622
-634
-634
-633
-639
-652
-649
-627
-598
-569
-526
-450
-341
-221
-80
94
305
523
726
925
1138
1359
1562
1726
1843
1912
1938
1929
1888
1805
1684
1544
1407
1258
1070
854
657
519
426
341
247
149
59
-28
-113
-192
-265
-345
-442
-561
-686
-807
-924
-1037
-1134
-1192
-1189
-1142
-1076
-997
-896
-772
-652
-548
-440
-305
-162
-54
10
68
134
187
210
219
242
271
288
296
315
342
352
337
323
327
327
299
246
189
133
61
-39
-155
-275
-396
-521
-642
-754
-846
-913
-944
-935
-902
-864
-830
-788
-740
-701
-683
-677
-661
-630
-599
-584
-579
-568
-546
-514
-463
-379
-260
-137
-33
62
186
354
549
745
945
1165
1401
1631
1822
1958
2037
2056
2024
1959
1865
1728
1542
1337
1156
1005
842
641
427
249
130
45
-27
-84
-126
-172
-239
-321
-402
-491
-604
-745
-888
-1014
-1124
-1222
-1296
-1322
-1298
-1240
-1162
-1062
-940
-799
-653
-507
-364
-229
-121
-56
-38
-43
-48
-41
-31
-13
27
89
157
205
231
252
276
295
302
294
272
237
195
167
146
103
9
-113
-221
-305
-397
-513
-625
-690
-714
-728
-745
-741
-700
-643
-597
-567
-540
-508
-478
-459
-446
-427
-396
-361
-340
-340
-340
-311
-256
-201
-158
-93
26
185
340
483
650
865
1108
1330
1526
1708
1869
1980
2022
2010
1958
1860
1707
1516
1324
1154
999
840
669
503
366
262
174
87
3
-58
-97
-141
-213
-305
-398
-491
-602
-736
-877
-1002
-1103
-1178
-1220
-1221
-1181
-1099
-976
-838
-720
-630
-536
-416
-293
-201
-135
-67
10
62
81
94
127
162
173
189
249
342
416
448
460
467
455
422
396
387
355
253
101
-52
-186
-324
-466
-585
-667
-730
-788
-817
-792
-738
-694
-674
-651
-617
-589
-576
-570
-561
-556
-560
-565
-555
-536
-522
-520
-518
-511
-499
-475
-426
-337
-213
-71
78
244
430
628
815
985
1151
1329
1505
1658
1770
1839
1859
1819
1726
1609
1493
1368
1204
992
766
572
420
285
143
8
-86
-132
-151
-176
-216
-266
-320
-386
-462
-539
-620
-717
-823
-914
-966
-980
-971
-947
-911
-860
-790
-684
-545
-406
-303
-231
-157
-71
7
57
82
91
88
89
113
153
178
181
203
280
372
415
399
366
343
311
256
190
124
51
-38
-128
-205
-286
-392
-505
-585
-628
-663
-704
-728
-714
-677
-648
-628
-597
-548
-504
-478
-453
-413
-376
-369
-391
-403
-385
-359
-362
-392
-416
-411
-381
-330
-242
-102
80
283
501
741
999
1248
1463
1639
1776
1868
1914
1916
1875
1789
1661
1511
1353
1178
981
767
565
395
261
161
85
19
-45
-94
-102
-75
-58
-91
-182
-296
-411
-529
-655
-780
-881
-959
-1023
-1077
-1100
-1075
-1010
-936
-860
-767
-645
-504
-374
-269
-180
-99
-32
5
9
-5
-10
17
71
125
162
192
242
311
371
402
414
425
428
395
317
204
72
-77
-237
-384
-499
-589
-671
-746
-794
-802
-778
-736
-672
-582
-475
-371
-291
-245
-244
-285
-349
-408
-449
-476
-496
-507
-505
-496
-485
-469
-445
-420
-388
-330
-233
-112
9
135
300
520
763
990
1197
1402
1597
1744
1814
1814
1770
1692
1587
1464
1337
1202
1056
912
796
711
636
555
470
380
279
168
68
0
-55
-121
-194
-249
-289
-355
-478
-631
-760
-845
-915
-987
-1042
-1058
-1039
-1006
-960
-883
-778
-664
-554
-435
-305
-188
-111
-74
-60
-61
-97
-154
-195
-195
-165
-127
-77
7
122
236
328
393
436
445
411
338
239
121
-14
-148
-269
-370
-459
-529
-568
-571
-559
-550
-537
-499
-434
-367
-319
-288
-259
-226
-195
-174
-172
-192
-234
-281
-313
-325
-329
-332
-332
-331
-324
-306
-254
-164
-62
21
92
189
335
511
681
834
996
1169
1335
1468
1568
1647
1708
1737
1722
1657
1550
1409
1241
1046
834
617
418
256
137
52
-12
-59
-80
-80
-86
-128
-208
-301
-395
-495
-606
-711
-788
-840
-893
-954
-1005
-1034
-1051
-1059
-1032
-952
-831
-715
-628
-561
-496
-432
-380
-338
-291
-227
-153
-97
-68
-53
-21
33
92
141
193
263
334
381
394
399
400
378
316
229
149
88
33
-20
-76
-135
-206
-273
-318
-334
-326
-297
-252
-207
-181
-170
-155
-131
-122
-146
-193
-234
-265
-301
-341
-368
-372
-368
-374
-387
-397
-396
-393
-381
-350
-297
-234
-163
-65
76
255
449
646
850
1057
1246
1402
1523
1616
1671
1671
1616
1528
1419
1287
1130
965
812
677
557
453
367
291
214
139
69
-4
-97
-204
-306
-390
-465
-542
-616
-688
-772
-881
-1001
-1096
-1146
-1159
-1140
-1095
-1027
-950
-877
-809
-737
-643
-525
-396
-290
-219
-157
-87
-22
16
33
73
151
240
304
346
390
443
482
502
513
519
506
460
400
359
353
357
335
266
165
62
-17
-77
-132
-190
-237
-268
-291
-319
-355
-394
-430
-458
-481
-506
-540
-580
-613
-633
-645
-655
-661
-654
-643
-638
-642
-640
-613
-572
-528
-483
-421
-333
-223
-103
25
174
354
557
769
985
1205
1415
1588
1703
1767
1803
1821
1807
1745
1629
1470
1293
1119
951
780
600
428
291
183
80
-28
-131
-211
-269
-326
-378
-422
-470
-544
-645
-752
-854
-961
-1065
-1136
-1151
-1127
-1099
-1073
-1019
-923
-807
-703
-614
-518
-408
-310
-246
-209
-162
-90
-14
41
75
116
162
194
213
242
296
354
395
427
473
513
515
477
441
429
405
331
221
126
54
-32
-154
-284
-376
-425
-457
-488
-493
-455
-402
-375
-387
-410
-421
-429
-461
-521
-580
-616
-637
-659
-674
-653
-590
-516
-475
-463
-441
-383
-313
-265
-232
-179
-101
-18
64
185
378
626
872
1078
1252
1403
1518
1582
1598
1591
1574
1549
1499
1407
1266
1099
944
815
685
539
393
280
203
132
52
-27
-91
-149
-217
-297
-393
-508
-629
-720
-770
-818
-898
-999
-1067
-1084
-1087
-1095
-1078
-996
-866
-743
-651
-566
-459
-338
-231
-144
-73
-12
33
66
102
152
205
247
281
329
401
488
561
615
665
707
721
683
618
566
536
501
437
362
304
248
168
62
-48
-145
-233
-303
-339
-346
-357
-386
-415
-420
-419
-441
-473
-479
-456
-442
-459
-483
-480
-459
-451
-461
-471
-477
-496
-536
-566
-561
-536
-507
-461
-369
-223
-57
98
250
425
628
844
1062
1273
1472
1630
1729
1764
1746
1683
1578
1452
1327
1213
1097
957
792
615
453
312
194
95
10
-59
-115
-173
-244
-328
-409
-482
-565
-670
-786
-887
-970
-1055
-1144
-1213
-1241
-1247
-1259
-1274
-1251
-1175
-1078
-987
-879
-718
-519
-346
-234
-158
-74
18
87
129
170
234
303
354
391
431
469
487
489
503
551
614
656
659
629
574
501
428
372
330
277
193
86
-20
-117
-214
-314
-410
-491
-548
-582
-590
-585
-577
-570
-554
-526
-503
-496
-503
-507
-510
-529
-569
-605
-618
-604
-581
-555
-525
-491
-459
-423
-373
-303
-223
-146
-67
40
193
389
601
810
1009
1200
1369
1499
1589
1656
1713
1740
1709
1617
1499
1388
1281
1150
982
790
603
437
286
147
32
-48
-95
-128
-164
-211
-264
-319
-382
-465
-578
-717
-865
-1001
-1120
-1221
-1292
-1321
-1312
-1296
-1290
-1263
-1180
-1052
-921
-806
-679
-527
-387
-290
-218
-136
-49
9
43
98
191
274
312
334
391
481
564
620
670
723
753
741
706
679
659
622
554
464
367
270
178
91
6
-74
-139
-187
-234
-299
-374
-436
-473
-498
-521
-533
-525
-504
-495
-506
-529
-548
-554
-551
-532
-488
-414
-323
-238
-178
-142
-128
-135
-161
-200
-236
-255
-257
-238
-192
-111
-1
132
292
481
690
886
1059
1219
1378
1523
1632
1695
1715
1704
1661
1582
1468
1324
1152
958
754
558
386
252
158
90
29
-35
-92
-139
-188
-262
-361
-461
-539
-605
-680
-772
-859
-922
-966
-1004
-1033
-1029
-990
-937
-890
-840
-763
-662
-568
-493
-421
-332
-233
-152
-98
-54
-3
52
102
146
193
241
288
332
379
428
469
498
523
545
560
554
525
480
424
360
292
215
124
22
-80
-176
-265
-359
-450
-515
-545
-550
-550
-544
-516
-470
-434
-428
-440
-446
-448
-462
-490
-514
-516
-498
-472
-436
-385
-325
-278
-251
-229
-200
-168
-147
-134
-121
-109
-114
-140
-157
-132
-60
40
154
290
455
638
824
1004
1179
1331
1444
1518
1572
1606
1596
1527
1412
1277
1129
961
783
621
476
330
167
16
-101
-188
-264
-326
-350
-346
-357
-408
-472
-517
-550
-610
-702
-790
-849
-888
-921
-939
-935
-922
-913
-887
-811
-697
-582
-489
-389
-255
-110
3
74
137
206
263
289
302
324
353
362
348
335
340
355
362
359
355
352
346
334
319
303
292
288
277
243
178
104
43
-3
-54
-123
-210
-311
-423
-532
-610
-644
-645
-635
-618
-576
-509
-430
-354
-282
-219
-176
-159
-154
-149
-149
-159
-171
-160
-122
-77
-40
-14
1
-7
-42
-95
-151
-205
-257
-294
-301
-273
-227
-176
-110
-8
136
304
474
640
802
961
1108
1226
1298
1322
1316
1301
1264
1176
1033
876
732
596
439
271
130
39
-13
-53
-86
-106
-123
-140
-145
-133
-130
-175
-265
-354
-412
-455
-519
-602
-666
-694
-704
-729
-765
-775
-744
-676
-590
-491
-376
-254
-144
-55
13
75
127
148
130
96
73
66
45
1
-29
-4
66
135
178
216
276
345
398
427
446
457
453
425
370
288
190
91
6
-71
-159
-252
-327
-367
-384
-394
-394
-370
-328
-278
-224
-166
-111
-70
-39
-14
-5
-24
-72
-110
-121
-118
-125
-144
-164
-178
-191
-200
-207
-218
-241
-269
-293
-313
-341
-370
-390
-399
-410
-419
-408
-362
-291
-213
-115
27
218
435
655
872
1078
1257
1392
1482
1521
1508
1446
1345
1209
1043
852
663
506
387
293
217
168
150
148
137
102
44
-12
-54
-81
-119
-184
-265
-348
-436
-549
-692
-829
-925
-975
-994
-991
-964
-913
-846
-767
-677
-582
-502
-437
-362
-269
-192
-164
-158
-127
-57
5
13
-14
-27
-1
46
84
101
108
125
156
198
239
279
329
394
457
498
509
504
489
459
420
380
328
249
148
58
-14
-85
-174
-263
-322
-355
-386
-406
-383
-311
-221
-158
-128
-118
-111
-101
-95
-99
-124
-157
-177
-181
-185
-209
-247
-275
-285
-289
-306
-341
-388
-439
-484
-521
-548
-568
-573
-551
-503
-438
-362
-267
-143
9
179
359
539
716
884
1049
1202
1329
1417
1465
1483
1475
1428
1326
1182
1028
895
781
665
538
415
309
212
120
54
40
63
77
58
33
31
38
14
-51
-138
-232
-344
-475
-609
-742
-887
-1040
-1160
-1206
-1183
-1124
-1049
-947
-818
-676
-533
-383
-217
-54
83
188
268
325
338
306
251
209
189
169
123
59
10
3
22
51
88
147
232
314
379
438
502
559
583
564
518
451
359
239
103
-39
-173
-282
-353
-388
-408
-428
-447
-446
-419
-376
-326
-282
-245
-218
-195
-180
-183
-206
-239
-272
-303
-343
-382
-409
-415
-411
-399
-370
-322
-274
-250
-260
-287
-320
-362
-421
-492
-552
-582
-582
-565
-532
-470
-363
-221
-62
105
289
499
726
946
1145
1327
1485
1600
1658
1663
1633
1577
1486
1352
1187
1013
840
669
507
379
289
223
162
115
99
107
107
85
58
35
-4
-84
-185
-274
-352
-466
-633
-816
-961
-1047
-1098
-1134
-1148
-1126
-1065
-977
-872
-753
-619
-473
-328
-194
-76
25
104
153
178
186
184
166
136
110
101
101
103
114
152
204
246
276
322
398
473
514
525
530
523
480
405
329
268
198
104
11
-51
-89
-133
-184
-217
-222
-220
-227
-229
-215
-200
-205
-223
-225
-212
-207
-228
-251
-251
-226
-204
-208
-235
-269
-297
-315
-327
-330
-316
-282
-236
-199
-182
-188
-213
-259
-321
-387
-443
-481
-509
-539
-577
-613
-636
-633
-602
-540
-451
-320
-151
48
256
460
655
840
1018
1189
1349
1474
1545
1571
1570
1549
1486
1370
1232
1115
1022
906
742
570
442
356
270
171
103
85
78
34
-34
-65
-44
-28
-70
-168
-275
-380
-498
-637
-770
-881
-966
-1031
-1061
-1049
-1011
-970
-931
-878
-797
-685
-547
-397
-258
-149
-69
-10
32
61
85
102
101
79
45
8
-27
-52
-47
3
80
156
220
286
355
399
397
371
349
344
339
326
317
313
306
275
220
150
82
26
-13
-30
-39
-59
-88
-103
-94
-84
-101
-132
-146
-131
-122
-146
-186
-205
-205
-215
-249
-284
-298
-297
-302
-309
-297
-265
-239
-240
-265
-294
-316
-331
-348
-371
-412
-470
-538
-610
-675
-719
-737
-731
-709
-677
-627
-562
-485
-404
-317
-212
-78
88
279
482
686
880
1056
1213
1347
1457
1540
1587
1590
1560
1518
1463
1372
1234
1072
927
815
729
647
562
473
379
284
206
147
83
-7
-110
-190
-236
-281
-355
-457
-557
-646
-729
-815
-900
-979
-1051
-1106
-1126
-1108
-1070
-1028
-971
-880
-760
-636
-528
-431
-334
-244
-180
-148
-132
-111
-68
1
83
161
220
261
294
319
335
352
380
410
430
435
437
450
463
462
445
416
382
339
289
248
221
201
171
123
70
32
21
36
65
95
109
103
84
66
56
41
-1
-74
-153
-212
-251
-284
-322
-358
-385
-404
-419
-428
-431
-433
-438
-446
-454
-462
-462
-455
-436
-415
-407
-417
-442
-476
-515
-548
-575
-596
-615
-634
-652
-671
-685
-681
-648
-589
-509
-412
-293
-152
-2
146
300
474
670
876
1076
1258
1405
1509
1576
1616
1636
1634
1615
1591
1562
1506
1407
1276
1134
986
826
671
546
462
389
298
196
116
59
1
-75
-160
-238
-316
-402
-490
-579
-678
-792
-902
-982
-1033
-1082
-1133
-1165
-1169
-1164
-1164
-1144
-1064
-935
-805
-705
-629
-555
-484
-425
-376
-319
-243
-151
-54
41
124
195
262
330
396
449
483
504
526
563
606
643
665
671
659
624
562
483
411
365
329
277
207
138
101
95
97
89
71
60
71
98
125
130
111
77
41
-5
-63
-132
-196
-248
-295
-351
-412
-470
-518
-549
-561
-555
-541
-525
-504
-473
-440
-415
-399
-370
-323
-280
-266
-279
-290
-286
-284
-304
-339
-360
-365
-373
-398
-425
-443
-455
-467
-470
-450
-420
-388
-345
-263
-130
22
167
301
432
567
697
829
975
1133
1277
1388
1462
1506
1510
1474
1409
1328
1236
1123
991
857
746
658
570
458
326
200
105
42
-11
-60
-100
-129
-164
-229
-315
-396
-457
-517
-598
-698
-802
-896
-981
-1052
-1093
-1103
-1105
-1109
-1102
-1050
-948
-823
-702
-584
-460
-324
-197
-86
14
111
201
271
311
314
285
242
214
217
241
264
267
262
266
292
334
379
419
453
481
495
485
454
417
386
353
300
224
146
80
17
-56
-132
-192
-225
-239
-242
-227
-195
-159
-137
-125
-103
-58
-12
10
1
-14
-23
-32
-66
-118
-167
-198
-221
-245
-265
-269
-273
-289
-308
-306
-280
-258
-256
-256
-233
-201
-196
-227
-264
-278
-279
-285
-301
-313
-315
-317
-326
-329
-324
-322
-335
-364
-384
-381
-350
-301
-244
-181
-107
-23
65
160
267
401
556
712
850
966
1066
1152
1216
1253
1269
1272
1261
1235
1190
1132
1061
975
869
748
624
505
397
299
207
117
33
-42
-117
-194
-270
-341
-401
-453
-503
-554
-605
-657
-715
-778
-833
-864
-875
-883
-896
-907
-901
-869
-822
-762
-689
-594
-484
-372
-274
-190
-120
-55
9
68
118
160
203
245
289
323
345
360
368
371
370
370
381
406
443
482
504
502
484
465
454
442
415
367
301
229
161
99
38
-32
-105
-167
-200
-210
-218
-232
-236
-217
-177
-129
-78
-29
14
46
63
71
64
37
0
-28
-35
-42
-79
-150
-222
-268
-283
-293
-305
-316
-324
-329
-327
-311
-278
-242
-222
-224
-241
-262
-279
-291
-296
-300
-307
-321
-339
-357
-372
-377
-371
-355
-333
-309
-282
-249
-213
-184
-165
-148
-130
-111
-93
-68
-24
43
119
191
259
337
439
560
690
817
934
1034
1117
1185
1251
1309
1343
1336
1286
1198
1083
954
829
725
644
562
458
328
191
66
-39
-118
-176
-217
-252
-294
-352
-424
-495
-550
-581
-599
-627
-669
-727
-786
-841
-883
-909
-912
-894
-855
-804
-744
-674
-589
-491
-389
-306
-246
-183
-97
3
85
131
152
168
178
179
182
199
229
254
261
265
275
290
306
321
343
369
387
391
379
360
341
326
308
271
205
128
62
12
-33
-85
-130
-160
-178
-197
-218
-223
-193
-133
-61
-1
35
55
68
80
94
104
107
108
103
80
28
-48
-119
-165
-190
-214
-246
-276
-289
-289
-289
-290
-289
-280
-267
-250
-224
-199
-190
-200
-210
-205
-194
-195
-213
-240
-264
-280
-280
-258
-219
-193
-190
-199
-193
-163
-126
-95
-68
-40
-23
-22
-19
1
35
55
61
80
125
181
225
265
326
409
497
579
661
741
807
855
890
918
927
907
867
818
761
698
637
589
558
527
485
430
360
280
202
138
85
28
-35
-93
-134
-176
-236
-306
-370
-423
-483
-560
-633
-682
-702
-709
-705
-690
-658
-611
-556
-495
-431
-377
-343
-326
-311
-284
-244
-205
-179
-163
-141
-105
-65
-39
-36
-38
-27
8
63
127
189
240
274
298
320
344
361
363
346
311
262
204
155
129
123
117
97
66
32
0
-33
-62
-82
-98
-113
-129
-138
-139
-133
-119
-90
-54
-30
-35
-62
-78
-72
-50
-30
-15
1
13
7
-14
-35
-42
-36
-26
-24
-34
-52
-69
-80
-82
-75
-60
-38
-14
-1
-5
-22
-42
-55
-66
-84
-113
-150
-184
-205
-211
-211
-217
-233
-249
-257
-248
-229
-207
-182
-159
-137
-121
-114
-114
-114
-111
-104
-99
-99
-102
-102
-98
-91
-76
-48
-6
44
97
159
236
319
393
452
497
538
576
618
668
719
757
774
776
776
763
729
672
612
562
523
489
449
399
337
265
199
142
87
22
-53
-131
-209
-282
-343
-385
-418
-459
-510
-554
-575
-578
-578
-581
-584
-583
-576
-559
-529
-490
-456
-431
-402
-361
-307
-250
-191
-134
-80
-39
-7
27
68
114
155
185
200
201
192
177
165
160
166
175
172
144
103
68
54
56
57
49
36
21
5
-12
-26
-35
-42
-43
-38
-29
-21
-20
-21
-18
-7
11
35
67
94
104
104
110
134
167
191
199
197
197
199
200
191
169
132
93
62
44
25
-1
-32
-62
-89
-112
-131
-146
-164
-185
-204
-214
-218
-225
-242
-264
-281
-292
-299
-302
-303
-304
-311
-320
-325
-315
-295
-275
-269
-277
-286
-286
-275
-257
-232
-200
-161
-125
-101
-94
-87
-66
-29
13
47
80
122
176
234
294
357
417
469
515
566
630
695
739
758
761
760
756
747
730
709
693
672
636
575
499
427
366
307
237
160
93
38
-22
-94
-169
-231
-279
-326
-370
-408
-435
-458
-477
-486
-487
-495
-517
-539
-543
-524
-494
-464
-439
-414
-384
-352
-322
-305
-298
-288
-264
-221
-172
-129
-92
-60
-29
1
37
73
103
126
150
188
228
258
267
263
255
244
230
211
187
161
138
123
113
100
80
53
26
3
-14
-18
-9
13
32
38
42
55
76
91
92
86
89
101
110
110
103
100
104
106
107
105
108
106
92
65
37
18
6
-12
-46
-84
-114
-125
-125
-126
-132
-145
-159
-172
-181
-194
-212
-234
-250
-252
-249
-250
-258
-269
-287
-310
-330
-339
-332
-312
-288
-262
-231
-198
-173
-151
-128
-95
-61
-34
-19
-7
5
14
17
14
10
10
14
15
15
26
54
95
136
173
215
269
334
399
465
532
594
643
675
692
692
677
649
616
582
547
506
459
406
352
306
270
234
186
128
74
35
7
-16
-42
-74
-115
-169
-229
-281
-324
-367
-411
-451
-485
-520
-562
-600
-621
-618
-598
-566
-515
-445
-367
-298
-241
-186
-126
-67
-16
20
51
75
92
104
115
124
127
122
110
95
80
74
80
92
97
92
93
112
143
163
164
158
157
159
154
145
138
132
112
73
20
-30
-73
-104
-118
-113
-99
-94
-100
-100
-86
-65
-46
-24
12
64
113
146
164
176
185
191
194
196
189
165
126
81
40
-2
-47
-88
-118
-141
-166
-200
-235
-258
-264
-260
-258
-257
-249
-236
-223
-213
-205
-197
-191
-194
-205
-212
-210
-203
-204
-212
-222
-227
-223
-218
-215
-219
-229
-240
-239
-224
-203
-188
-179
-172
-159
-141
-118
-91
-61
-36
-19
-7
16
58
118
181
246
318
401
498
599
698
792
873
937
993
1048
1094
1118
1107
1071
1026
972
896
790
662
538
432
335
236
126
14
-86
-169
-240
-302
-354
-391
-411
-413
-402
-387
-377
-377
-380
-384
-386
-384
-386
-390
-403
-425
-453
-481
-508
-530
-538
-520
-483
-442
-415
-397
-378
-346
-305
-268
-249
-251
-249
-229
-196
-181
-191
-200
-181
-140
-112
-106
-103
-81
-37
16
73
134
193
246
293
347
406
462
508
546
567
568
549
521
489
441
381
325
287
262
232
199
174
157
142
123
105
94
88
77
65
59
50
31
0
-33
-67
-108
-161
-214
-248
-266
-292
-335
-385
-421
-440
-456
-476
-486
-479
-460
-444
-435
-435
-436
-432
-417
-389
-359
-337
-324
-307
-280
-245
-212
-187
-172
-168
-169
-164
-153
-146
-152
-166
-176
-176
-175
-179
-186
-186
-178
-160
-127
-78
-19
46
122
213
325
454
592
733
871
993
1100
1194
1271
1320
1341
1338
1324
1292
1229
1130
1005
877
759
649
532
401
270
153
56
-29
-107
-178
-236
-278
-306
-318
-308
-276
-241
-230
-252
-294
-337
-370
-401
-444
-503
-561
-595
-600
-593
-599
-619
-638
-639
-621
-594
-561
-523
-484
-444
-400
-361
-336
-332
-340
-337
-326
-318
-319
-302
-259
-209
-182
-166
-129
-54
36
109
166
222
287
352
414
477
542
605
652
674
668
643
609
571
518
446
359
281
229
205
189
171
147
126
112
103
91
78
74
89
111
120
106
82
67
66
63
47
17
-25
-72
-126
-188
-257
-323
-375
-405
-425
-446
-474
-493
-487
-465
-444
-436
-437
-432
-419
-399
-369
-328
-283
-243
-217
-195
-171
-148
-128
-113
-100
-93
-95
-108
-122
-131
-130
-126
-118
-117
-121
-139
-163
-186
-206
-222
-232
-233
-230
-229
-228
-219
-194
-152
-93
-16
73
165
262
375
511
659
799
919
1026
1127
1221
1297
1350
1376
1366
1307
1201
1068
936
813
685
542
385
233
104
5
-76
-142
-200
-249
-279
-288
-274
-234
-175
-109
-62
-47
-55
-63
-66
-81
-118
-169
-212
-258
-321
-408
-502
-586
-657
-713
-747
-769
-786
-803
-793
-745
-678
-621
-577
-521
-441
-354
-279
-225
-190
-171
-150
-112
-57
-18
-16
-32
-24
19
61
74
69
84
137
212
293
367
434
489
528
546
548
530
495
444
385
331
286
240
185
126
72
24
-25
-73
-107
-119
-123
-126
-111
-62
12
82
131
173
223
271
299
302
289
265
226
172
112
50
-13
-85
-164
-239
-300
-344
-370
-379
-381
-379
-372
-357
-341
-331
-331
-329
-314
-282
-241
-206
-181
-165
-144
-126
-120
-133
-160
-187
-207
-219
-230
-247
-267
-284
-289
-284
-279
-274
-270
-262
-254
-248
-244
-239
-238
-240
-239
-223
-185
-134
-74
0
92
195
299
403
512
628
749
867
974
1063
1132
1187
1234
1276
1296
1278
1223
1140
1040
925
806
696
599
504
398
295
207
134
56
-33
-109
-156
-181
-198
-199
-178
-148
-138
-161
-196
-226
-264
-330
-427
-524
-598
-649
-699
-759
-820
-870
-897
-908
-907
-893
-864
-818
-758
-693
-626
-550
-463
-365
-271
-188
-122
-71
-29
7
40
69
84
82
69
64
82
115
145
164
180
202
226
245
261
286
322
357
376
373
359
344
332
319
293
256
216
186
160
124
73
25
-4
-10
-5
-2
12
40
79
120
150
173
181
174
155
131
112
100
91
81
65
39
-5
-70
-146
-216
-270
-307
-332
-350
-360
-353
-327
-284
-239
-205
-181
-150
-107
-69
-57
-69
-89
-103
-113
-124
-136
-142
-139
-136
-140
-159
-191
-224
-246
-251
-247
-241
-229
-212
-201
-206
-218
-219
-208
-197
-198
-198
-182
-152
-125
-109
-88
-55
-16
19
57
108
169
224
267
313
373
445
522
604
702
801
881
930
959
988
1015
1019
986
928
864
813
764
703
622
530
434
335
241
156
85
26
-31
-87
-131
-155
-160
-162
-172
-196
-228
-261
-288
-312
-339
-373
-423
-483
-542
-593
-634
-673
-717
-768
-808
-825
-816
-794
-763
-720
-662
-590
-518
-448
-377
-297
-215
-138
-72
-16
29
67
105
140
158
146
119
105
120
139
136
114
105
131
179
217
232
238
245
252
256
257
261
265
258
238
209
178
155
138
124
111
96
85
75
69
66
70
85
99
104
106
124
154
182
193
187
176
159
130
89
45
8
-21
-43
-56
-67
-88
-122
-157
-186
-207
-235
-268
-296
-309
-301
-275
-237
-202
-176
-158
-141
-121
-106
-104
-118
-143
-171
-198
-213
-219
-219
-228
-248
-271
-280
-263
-229
-194
-169
-154
-140
-133
-132
-129
-108
-68
-28
-1
13
25
43
59
65
64
59
63
84
122
168
210
255
310
376
441
502
572
652
719
753
756
750
755
766
767
749
713
664
613
569
526
465
379
281
195
130
68
-1
-71
-125
-155
-171
-190
-212
-231
-239
-242
-248
-259
-269
-280
-298
-326
-356
-382
-409
-444
-479
-507
-527
-552
-586
-615
-625
-609
-579
-545
-508
-465
-414
-361
-310
-261
-209
-154
-105
-69
-43
-20
8
42
77
106
127
133
122
103
87
87
101
114
113
108
119
151
187
203
201
200
215
239
255
258
253
238
216
203
220
260
296
304
291
275
261
244
225
210
191
151
89
30
-7
-27
-53
-87
-116
-131
-140
-158
-186
-212
-232
-248
-265
-286
-312
-341
-370
-394
-410
-415
-414
-410
-401
-389
-379
-379
-385
-390
-382
-355
-306
-249
-204
-178
-159
-127
-83
-40
-15
-3
4
13
23
33
38
35
24
9
-7
-22
-33
-29
-3
40
87
132
183
243
302
358
414
483
561
643
725
807
883
934
956
952
934
901
851
791
739
699
649
572
470
366
283
210
131
47
-25
-78
-119
-157
-189
-213
-239
-277
-321
-357
-378
-398
-421
-444
-461
-473
-484
-499
-517
-542
-567
-581
-577
-561
-549
-542
-527
-496
-452
-399
-346
-301
-264
-231
-190
-135
-80
-33
12
62
110
137
139
133
138
151
160
157
147
129
110
94
85
84
94
113
138
155
163
177
205
248
290
320
334
331
317
301
294
300
314
326
322
301
266
228
191
152
104
49
0
-40
-75
-110
-140
-164
-187
-215
-243
-265
-276
-283
-288
-288
-282
-269
-249
-221
-198
-191
-203
-218
-222
-212
-198
-191
-193
-199
-211
-226
-240
-240
-216
-181
-151
-134
-124
-110
-91
-70
-45
-10
33
65
79
83
90
99
100
88
74
66
68
81
99
111
107
87
69
66
76
87
99
119
155
203
249
293
334
375
416
457
498
535
567
594
617
629
620
593
550
495
435
377
329
284
236
182
128
78
31
-17
-64
-106
-142
-173
-193
-197
-192
-199
-227
-270
-307
-327
-337
-345
-355
-364
-375
-387
-404
-422
-440
-465
-502
-545
-570
-560
-521
-474
-437
-406
-378
-350
-321
-289
-253
-216
-182
-148
-114
-82
-67
-66
-63
-40
-5
30
56
76
95
117
141
168
197
218
224
220
212
206
203
200
194
189
184
184
189
195
196
186
167
149
142
144
140
126
102
84
78
60
27
-11
-31
-28
-24
-35
-57
-72
-71
-61
-52
-47
-44
-47
-60
-79
-89
-84
-70
-63
-68
-78
-81
-78
-80
-90
-100
-103
-101
-96
-91
-81
-67
-57
-52
-47
-39
-33
-29
-26
-10
18
50
75
91
102
107
107
107
105
101
92
89
101
127
144
146
142
144
161
186
216
250
286
320
344
359
370
376
374
361
341
322
314
314
317
315
305
286
257
226
199
173
144
102
51
-1
-38
-58
-70
-77
-86
-101
-122
-151
-179
-197
-202
-206
-224
-255
-289
-320
-347
-377
-398
-405
-397
-388
-381
-376
-372
-366
-356
-341
-318
-295
-268
-238
-204
-182
-175
-171
-158
-137
-121
-116
-105
-77
-39
-10
5
22
47
78
104
121
138
151
158
153
141
132
135
149
167
179
185
186
188
187
182
177
174
175
169
148
114
84
71
73
79
80
68
47
25
1
-23
-55
-90
-116
-128
-130
-134
-148
-163
-167
-153
-128
-111
-113
-134
-158
-171
-165
-147
-128
-115
-112
-116
-117
-112
-97
-80
-69
-65
-65
-69
-75
-78
-75
-64
-48
-24
12
60
106
141
159
168
171
174
182
195
212
224
227
225
220
215
206
200
195
195
197
197
192
183
175
172
173
171
167
170
185
205
210
198
181
172
165
152
131
111
92
75
61
52
46
37
19
-6
-34
-62
-88
-111
-128
-142
-155
-169
-177
-178
-176
-177
-178
-175
-169
-164
-168
-174
-178
-181
-190
-210
-230
-245
-244
-231
-208
-177
-144
-116
-98
-88
-80
-69
-59
-52
-46
-41
-30
-15
5
21
22
15
11
25
48
65
68
61
53
49
45
49
56
65
70
74
85
101
114
116
105
88
69
54
48
52
55
50
31
8
-10
-15
-7
0
-5
-22
-40
-48
-45
-43
-45
-44
-36
-26
-15
0
19
30
22
-3
-25
-32
-25
-15
-13
-16
-20
-24
-20
-7
8
20
24
26
35
46
59
67
71
72
70
67
66
71
79
89
91
85
79
74
72
64
54
46
49
60
71
77
77
71
64
55
45
35
24
18
14
12
10
7
6
8
8
6
3
0
-5
-14
-22
-24
-15
1
20
31
32
21
7
1
2
9
14
18
17
12
3
-7
-10
-6
-1
0
-1
2
9
12
6
-1
-5
-3
2
4
9
12
13
8
-3
-15
-23
-24
-31
-49
-74
-96
-106
-104
-96
-94
-94
-96
-99
-105
-110
-111
-105
-92
-82
-80
-80
-78
-71
-62
-54
-45
-38
-32
-28
-26
-22
-19
-18
-16
-15
-16
-20
-22
-17
-7
1
1
-3
-5
-5
-2
5
17
32
46
56
65
75
78
67
44
17
-1
-7
-1
7
18
27
31
30
22
8
-8
-22
-25
-19
-7
6
15
19
22
23
21
18
16
21
33
46
52
51
44
38
30
21
16
17
26
39
49
54
51
44
38
33
27
24
25
30
35
39
43
49
55
57
55
53
54
57
64
71
74
73
68
64
62
58
52
45
42
42
42
44
48
55
59
57
50
45
42
38
34
30
23
16
14
19
32
38
39
36
39
47
52
48
37
27
20
11
-5
-23
-35
-36
-27
-16
-12
-15
-23
-33
-43
-54
-63
-66
-64
-53
-40
-29
-27
-32
-40
-49
-56
-61
-66
-70
-73
-77
-82
-90
-103
-115
-119
-111
-100
-95
-98
-105
-108
-107
-104
-102
-96
-82
-62
-37
-13
2
4
-3
-11
-12
-9
-2
7
20
38
55
70
81
88
94
99
102
100
91
77
68
68
75
83
90
99
107
113
108
96
85
81
77
63
44
28
23
30
40
51
52
44
33
29
28
27
22
15
7
-1
-10
-14
-10
-1
9
14
16
17
19
22
25
30
30
28
24
22
22
25
33
40
38
28
14
5
3
4
9
16
25
32
33
30
26
28
34
39
39
31
20
11
3
-3
-4
0
6
7
-1
-8
-13
-12
-9
-3
12
33
46
48
39
27
19
17
21
29
37
38
39
41
45
44
33
16
3
0
3
5
4
2
-2
-6
-12
-14
-14
-13
-17
-29
-44
-52
-57
-62
-69
-75
-73
-70
-72
-77
-77
-63
-50
-40
-37
-34
-29
-25
-21
-13
3
21
28
27
23
23
20
5
-21
-40
-41
-26
-10
-4
-7
-10
-8
-4
2
10
25
36
37
27
19
26
46
70
82
82
76
68
60
57
58
56
46
31
19
17
22
26
32
40
48
51
52
50
52
53
51
49
46
42
37
30
25
16
2
-9
-8
4
18
23
15
-2
-15
-25
-34
-41
-40
-31
-20
-14
-18
-24
-22
-15
-5
1
3
7
14
14
5
-9
-23
-27
-27
-27
-31
-36
-39
-40
-42
-44
-44
-40
-30
-12
4
14
15
14
12
14
15
11
5
-3
-10
-9
-2
11
26
34
33
25
19
24
33
37
28
19
18
19
11
-4
-14
-10
4
21
38
52
54
45
28
14
11
17
26
33
30
18
7
7
16
22
22
22
23
25
21
16
8
-3
-18
-30
-33
-30
-28
-31
-33
-40
-47
-53
-51
-45
-38
-36
-37
-36
-33
-27
-17
-2
11
11
-3
-24
-44
-54
-54
-45
-34
-28
-19
-4
19
37
45
47
55
67
80
88
84
73
60
54
60
70
78
82
83
84
80
75
71
67
63
64
74
88
93
86
72
62
58
54
53
59
72
88
99
105
106
102
92
77
66
57
47
32
19
15
20
27
31
31
27
17
-2
-25
-42
-51
-51
-47
-39
-32
-28
-31
-36
-42
-49
-56
-57
-55
-53
-57
-67
-75
-77
-73
-63
-51
-39
-29
-26
-25
-25
-23
-20
-20
-25
-29
-27
-20
-11
-2
5
9
9
10
17
24
24
11
-8
-19
-16
-2
17
35
43
41
33
26
29
38
49
52
48
41
35
29
27
29
35
40
39
34
31
38
47
55
56
52
41
21
3
-7
-5
5
15
31
51
67
66
47
21
1
-11
-15
-7
10
27
38
37
32
22
2
-26
-53
-69
-71
-65
-56
-53
-53
-55
-51
-37
-17
2
13
16
14
12
8
1
-8
-17
-19
-10
7
26
40
48
56
65
66
56
38
21
14
16
23
39
57
70
72
69
67
67
64
56
47
41
34
22
8
-1
0
6
10
10
6
1
-6
-13
-21
-29
-38
-45
-50
-50
-45
-34
-21
-10
-5
-5
-14
-24
-33
-38
-39
-35
