
18
18
19
18
18
19
17
17
18
19
19
18
17
19
18
18
18
19
19
17
18
19
18
15
11
9
9
8
8
9
8
5
0
0
4
6
5
4
4
8
11
14
15
16
14
13
14
14
14
10
5
2
3
4
5
5
5
4
4
5
4
4
3
5
8
12
15
16
15
13
8
5
6
11
16
17
14
12
13
17
15
14
13
14
14
14
14
14
14
15
14
15
14
14
14
14
13
14
14
14
14
14
14
14
14
14
14
13
14
14
14
14
15
14
14
15
15
15
16
20
23
26
26
24
23
25
25
22
18
13
12
13
15
16
15
13
13
14
14
14
13
14
14
13
14
15
14
15
20
24
27
25
24
23
25
26
24
23
25
27
24
24
25
25
25
25
28
32
31
26
25
27
27
27
25
25
25
25
21
17
13
14
15
16
14
10
11
16
18
17
13
14
16
16
16
14
15
16
14
14
16
16
16
13
15
16
16
14
14
14
10
6
3
4
5
5
4
4
5
5
4
4
4
5
5
4
5
5
4
4
5
6
5
4
5
5
4
5
4
5
4
4
5
5
4
4
4
5
5
4
5
5
5
4
4
5
5
6
8
13
17
17
14
14
16
16
15
14
15
17
15
14
14
15
13
8
4
4
5
5
4
4
5
5
5
8
13
16
16
15
18
22
25
26
26
26
27
26
25
24
22
17
12
14
16
17
15
14
16
17
17
19
23
27
27
23
18
14
13
14
16
16
15
15
16
15
14
14
14
11
6
1
3
6
7
2
-1
-2
1
4
9
14
16
14
15
21
26
26
21
20
23
26
27
26
28
28
25
23
24
26
23
17
13
14
16
17
14
14
16
16
14
14
16
16
16
15
15
15
16
14
16
21
25
27
27
25
26
25
24
20
17
13
9
5
4
4
6
6
5
5
4
5
4
5
4
4
5
4
5
4
3
3
1
-1
-3
0
6
12
15
15
14
13
14
15
14
15
13
14
14
14
13
14
14
16
17
21
25
26
25
22
24
26
26
25
24
25
25
24
24
25
24
21
17
14
13
14
14
14
16
19
22
24
21
16
14
15
18
17
14
12
15
18
21
22
25
27
26
23
23
24
20
13
10
13
17
15
12
14
21
25
26
23
24
25
25
24
24
25
25
23
21
16
14
13
14
16
15
14
14
15
14
14
13
12
14
14
14
14
14
14
13
14
14
14
14
14
14
15
13
14
14
14
14
14
14
14
13
14
13
14
14
14
14
14
13
14
15
14
14
14
15
14
14
14
14
14
14
14
14
14
14
14
14
14
14
15
14
15
14
13
13
13
14
14
14
14
14
14
14
13
14
14
15
13
14
15
14
14
14
15
14
16
20
24
26
26
24
24
24
25
25
24
25
24
24
24
25
25
25
24
24
25
25
24
25
25
25
25
25
25
24
24
25
25
25
24
25
25
24
23
20
16
13
13
14
16
15
14
13
14
15
15
13
14
14
15
14
14
15
13
13
14
16
20
24
26
25
24
24
25
26
25
24
23
25
25
24
24
25
26
26
29
31
30
26
23
24
26
26
24
25
26
27
26
25
25
26
26
26
26
26
26
26
25
24
19
15
10
9
10
14
15
17
16
14
14
15
16
16
17
22
25
26
25
25
26
27
26
22
19
16
13
14
15
16
16
14
15
15
15
15
15
15
15
15
15
14
16
15
13
9
4
3
5
6
5
3
4
5
5
4
4
4
5
4
4
5
6
8
12
16
16
16
14
15
16
14
14
15
16
15
15
15
16
15
14
15
15
15
13
14
15
16
15
15
16
16
13
9
9
13
16
16
15
14
14
16
15
15
15
16
16
15
14
14
15
15
15
15
16
15
15
15
15
15
15
15
15
16
15
16
19
23
27
28
25
20
16
13
15
15
16
16
15
15
15
15
16
19
22
23
20
15
12
16
23
27
26
24
23
22
18
13
13
16
18
18
21
25
26
27
25
24
25
26
26
25
26
26
24
24
22
17
12
5
4
5
5
5
4
4
5
4
4
5
5
4
4
3
5
5
4
4
5
5
4
4
5
5
4
5
8
13
16
16
15
15
14
13
9
7
11
16
19
16
13
14
13
10
7
9
15
20
17
13
13
16
17
13
13
15
17
15
13
14
16
15
15
16
19
21
24
26
28
26
26
25
27
28
26
25
25
28
26
25
26
27
26
26
26
26
27
25
26
26
26
26
25
23
19
15
12
14
16
15
14
18
21
26
25
20
14
12
15
18
17
13
14
16
17
15
14
16
17
16
13
15
17
16
14
15
17
16
13
9
7
5
3
4
5
4
4
5
5
5
3
5
5
7
8
12
16
16
10
4
2
4
6
4
3
5
5
5
6
9
13
12
7
3
2
5
7
8
9
15
17
16
14
14
13
10
4
1
4
7
6
3
3
5
6
4
4
4
4
0
-3
-2
2
7
11
16
15
14
13
17
23
25
25
24
24
25
25
24
24
25
23
25
24
25
25
24
25
25
25
24
26
29
31
30
24
19
15
14
15
17
16
14
15
15
16
15
15
15
15
16
15
15
16
16
15
15
17
20
23
26
28
27
25
25
26
25
19
14
12
19
25
27
26
25
26
26
25
26
25
23
19
14
13
14
19
19
23
25
27
25
21
16
17
21
26
26
20
15
13
15
17
15
16
15
15
14
14
14
13
8
4
3
6
6
4
3
4
5
5
5
4
4
5
5
4
5
5
5
5
5
5
4
4
4
4
4
5
4
6
4
6
10
14
16
16
15
12
8
4
3
5
6
5
3
4
5
5
4
3
4
5
4
4
4
5
5
5
8
13
17
17
15
14
15
16
15
14
16
19
21
24
26
26
21
16
13
15
15
16
14
15
16
16
16
19
23
25
24
22
21
25
27
27
25
25
26
25
22
16
13
14
16
20
24
26
26
26
26
25
26
26
26
25
25
24
21
17
14
14
15
17
16
14
16
16
14
14
15
15
15
14
15
16
15
14
15
15
15
16
18
23
26
26
26
25
23
19
15
13
14
16
16
15
17
22
25
25
20
14
12
14
16
14
8
2
3
7
11
13
15
16
15
15
15
15
15
15
14
15
15
15
16
15
16
15
14
15
16
15
12
7
4
4
5
6
7
9
14
16
13
4
0
0
1
0
0
2
7
9
10
12
16
17
15
13
13
14
13
13
14
15
15
16
20
24
27
26
23
23
24
24
22
17
16
19
23
26
27
25
24
26
26
25
24
24
25
26
24
24
26
25
25
25
24
25
25
24
24
25
25
24
24
25
26
29
30
29
23
17
15
16
17
12
10
13
21
26
26
25
26
25
23
18
14
11
7
4
3
4
6
5
4
4
5
5
2
1
1
0
1
5
11
15
14
12
11
12
11
6
1
0
1
0
-1
2
8
13
13
13
17
22
23
20
18
19
22
21
19
19
23
26
28
26
24
24
22
21
16
14
14
15
16
16
14
15
18
23
25
25
25
24
24
25
26
25
24
25
26
26
25
24
25
25
25
25
25
25
25
25
25
26
27
30
32
31
27
24
24
25
25
19
14
15
21
27
28
26
25
26
26
25
24
24
21
17
12
13
17
21
22
24
26
26
26
24
24
23
19
15
17
23
27
27
26
25
26
26
26
26
26
27
26
26
26
26
26
26
26
26
26
25
23
19
15
14
14
16
16
15
15
16
18
19
17
14
13
15
16
16
15
14
16
16
16
16
20
24
24
17
12
13
16
17
15
14
15
16
16
14
15
16
16
13
10
6
5
4
4
5
4
4
5
5
4
4
5
5
5
4
4
5
6
6
9
13
16
18
15
15
15
15
15
15
14
16
15
14
14
15
15
15
17
21
25
27
25
26
26
25
25
26
27
27
26
26
26
27
26
26
26
26
26
25
26
26
26
26
25
23
19
15
13
15
17
16
14
13
16
17
14
13
15
16
16
14
15
16
15
14
15
18
17
16
19
26
26
21
14
13
15
17
15
16
19
23
26
27
27
25
25
26
26
25
19
14
12
15
20
23
25
26
26
26
26
26
27
27
26
26
25
27
26
25
26
26
27
26
26
26
26
26
27
30
33
31
26
25
24
26
25
25
26
25
24
24
25
25
24
25
23
20
16
14
15
15
16
14
15
15
14
15
15
16
16
15
15
15
15
15
15
14
10
5
3
5
7
4
4
5
6
5
4
3
5
5
4
5
5
4
4
4
4
5
5
5
5
5
4
5
5
5
5
5
5
4
5
4
5
5
5
5
4
5
5
5
4
7
10
11
10
7
7
12
18
18
14
14
15
15
15
15
15
16
15
13
15
15
13
9
9
13
17
17
15
14
16
16
15
15
16
15
15
14
15
16
14
15
15
13
6
1
0
1
1
3
9
13
14
11
11
12
13
11
11
12
14
16
21
23
23
21
20
22
21
18
13
10
13
19
22
23
22
20
20
21
22
23
21
22
22
25
29
34
38
37
32
22
16
15
22
31
34
25
10
0
3
18
30
26
7
-13
-18
-9
1
6
6
3
3
1
0
6
16
21
18
10
7
12
19
24
27
29
25
17
7
8
16
26
26
19
11
7
8
14
21
23
17
10
4
5
11
15
15
11
4
3
7
12
15
15
13
8
4
3
6
12
16
15
14
11
8
9
17
26
29
25
22
22
23
27
32
36
36
31
28
30
30
28
23
20
18
10
1
-4
-2
1
5
8
13
13
8
8
20
35
43
42
44
57
72
74
63
51
53
65
71
52
9
-36
-58
-45
-23
-27
-65
-113
-138
-128
-105
-99
-110
-123
-122
-106
-85
-65
-49
-41
-31
-11
19
48
62
64
69
79
79
64
46
45
62
76
67
36
1
-21
-28
-30
-43
-77
-130
-172
-180
-154
-125
-119
-136
-152
-152
-130
-96
-57
-32
-28
-48
-74
-89
-88
-79
-73
-71
-83
-113
-156
-179
-144
-39
117
289
453
595
701
763
790
809
851
919
976
965
857
683
519
426
394
348
228
35
-167
-318
-415
-483
-545
-601
-650
-700
-736
-735
-687
-619
-567
-525
-455
-342
-226
-144
-85
-16
80
178
251
294
324
356
384
392
369
328
305
321
346
321
221
81
-27
-72
-72
-67
-95
-175
-286
-364
-353
-257
-155
-118
-142
-147
-77
45
137
152
120
121
194
302
356
306
183
74
42
75
103
74
-20
-148
-281
-396
-463
-468
-435
-429
-504
-660
-824
-904
-849
-697
-550
-510
-594
-728
-810
-783
-647
-468
-341
-351
-493
-669
-789
-855
-913
-933
-805
-455
90
750
1426
1939
2049
1690
1206
1203
2008
3233
3939
3373
1755
324
363
1871
3273
2849
577
-1704
-2217
-1095
17
-44
-906
-1640
-2049
-2491
-2837
-2456
-1304
-361
-551
-1558
-2191
-1794
-826
-24
454
806
922
486
-257
-417
577
2095
2809
2074
642
-131
390
1609
2383
2074
965
-127
-578
-357
106
330
71
-631
-1480
-2027
-1934
-1336
-831
-935
-1520
-1976
-1911
-1532
-1217
-969
-530
43
298
4
-383
-164
757
1691
1917
1423
810
616
882
1328
1702
1856
1678
1177
630
440
714
1074
1018
455
-213
-543
-497
-373
-420
-593
-719
-779
-921
-1201
-1421
-1313
-897
-535
-570
-932
-1212
-1070
-559
3
309
245
-86
-398
-364
99
670
868
532
-18
-316
-207
79
216
70
-303
-739
-1073
-1181
-1062
-865
-808
-1029
-1487
-1979
-2242
-2129
-1711
-1234
-883
-598
-141
630
1575
2383
2800
2784
2509
2341
2691
3654
4681
4837
3685
1961
1080
1743
3083
3454
2112
-45
-1459
-1501
-869
-604
-1032
-1772
-2427
-2929
-3242
-3153
-2561
-1821
-1500
-1795
-2289
-2382
-1859
-1015
-285
136
297
280
138
75
447
1395
2430
2710
1934
832
522
1305
2334
2560
1792
713
27
-121
15
167
133
-253
-989
-1761
-2140
-1998
-1645
-1517
-1756
-2106
-2221
-2027
-1753
-1584
-1384
-908
-259
104
-47
-289
17
934
1802
2017
1673
1349
1412
1759
2111
2319
2327
2082
1647
1262
1149
1250
1252
916
314
-264
-587
-670
-704
-852
-1125
-1432
-1692
-1859
-1883
-1749
-1538
-1398
-1408
-1486
-1480
-1299
-967
-578
-260
-122
-153
-196
-81
218
567
785
747
451
64
-130
27
337
382
-48
-693
-1106
-1110
-937
-931
-1228
-1715
-2166
-2368
-2177
-1584
-705
271
1154
1795
2111
2140
2039
2029
2333
3084
4143
4931
4677
3177
1365
794
2116
4105
4565
2545
-509
-2112
-1315
380
797
-595
-2437
-3339
-3295
-3070
-2876
-2349
-1612
-1497
-2369
-3331
-3179
-1893
-591
-82
-82
-23
19
-260
-461
264
1910
3193
2865
1230
-58
286
1904
3292
3281
1975
413
-413
-240
486
1042
887
-79
-1440
-2435
-2461
-1637
-838
-939
-1923
-2856
-2890
-2138
-1415
-1197
-1180
-921
-559
-543
-780
-567
481
1740
2188
1615
868
847
1575
2399
2827
2857
2589
2014
1298
956
1331
2003
2054
1073
-342
-1207
-1167
-712
-530
-875
-1574
-2341
-2891
-2949
-2449
-1754
-1443
-1744
-2275
-2445
-2052
-1377
-797
-472
-393
-506
-698
-733
-417
190
740
878
524
-33
-335
-126
379
623
222
-670
-1499
-1858
-1790
-1558
-1242
-647
397
1708
2749
2962
2232
1120
607
1419
3397
5433
6104
4667
1824
-416
-133
2640
5416
5259
1766
-2195
-3273
-1094
1520
1790
-262
-2563
-3695
-3902
-3711
-2867
-1280
-100
-707
-2754
-4222
-3695
-1828
-207
526
712
419
-672
-2018
-1987
292
3305
4308
2291
-783
-1953
-204
2753
4364
3543
1251
-721
-1249
-406
951
1798
1421
-195
-2146
-3101
-2427
-922
-124
-766
-2103
-2860
-2614
-1977
-1566
-1287
-748
-90
58
-512
-1057
-567
1026
2600
2947
2056
1057
996
1875
2940
3526
3392
2541
1238
200
221
1253
2166
1795
171
-1532
-2240
-1890
-1175
-769
-974
-1762
-2810
-3520
-3368
-2419
-1382
-1029
-1541
-2399
-2879
-2599
-1709
-695
-71
-104
-652
-1199
-1172
-380
756
1470
1252
296
-629
-815
-213
509
511
-497
-1966
-2888
-2502
-768
1668
3847
4859
4160
1932
-663
-1875
-525
2863
6097
6782
4160
-116
-2937
-1984
2185
6048
5871
1399
-3389
-4041
-351
3455
3467
64
-3442
-4980
-4978
-4049
-1825
1105
2106
-600
-4817
-6306
-3822
-293
1315
1258
1058
357
-1887
-4067
-2778
2282
6555
5481
11
-4383
-3768
614
4608
5464
3392
221
-2183
-2558
-701
2120
3636
2267
-1303
-4359
-4449
-1780
861
946
-1202
-3107
-3264
-2609
-2556
-2673
-1514
664
1593
-65
-2550
-2819
-114
3238
4556
3457
1563
460
622
1841
3663
5120
4897
2555
-445
-1693
-202
2411
3443
1775
-1200
-3203
-3217
-1940
-685
-276
-881
-2219
-3634
-4288
-3736
-2389
-1231
-1012
-1723
-2730
-3255
-2815
-1489
25
764
218
-1155
-2158
-1791
-135
1635
2190
1159
-559
-1579
-1257
-213
330
-247
-1385
-1865
-845
1563
4361
6076
5436
2401
-1171
-2400
278
5398
9303
8982
4450
-1168
-3771
-1369
3900
6997
4505
-1577
-5488
-3797
982
3692
2383
-703
-3150
-4833
-5838
-4641
-571
3388
3090
-1462
-5642
-5674
-2612
185
1568
2551
2956
998
-3205
-5982
-3784
2131
6304
4725
-907
-5002
-3739
1441
5759
5845
2328
-1644
-3458
-2470
385
3217
3777
1021
-3292
-5529
-3772
-112
1575
-31
-2588
-3385
-2544
-2077
-2638
-2617
-729
1684
1974
-446
-2986
-2612
793
4340
5278
3572
1289
209
680
2222
4079
5033
3851
817
-1745
-1569
944
2963
2304
-381
-2740
-3348
-2629
-1672
-1078
-1063
-1811
-3164
-4263
-4128
-2722
-1142
-613
-1385
-2670
-3431
-3142
-1940
-427
607
561
-523
-1784
-2075
-911
977
2155
1664
-143
-1905
-2404
-1553
-333
247
200
557
2206
4620
5926
4579
1167
-1618
-1153
2714
7331
9253
6840
1520
-2985
-3197
1125
6047
6534
1586
-4174
-5220
-1292
2578
2292
-945
-3468
-4321
-5123
-5868
-4233
26
2971
1115
-3558
-5833
-3814
-487
1234
1972
3084
3152
101
-4281
-5136
-562
5284
6572
2259
-3072
-4338
-806
3980
5975
3938
-182
-3286
-3469
-1019
2103
3561
2061
-1575
-4615
-4548
-1641
1089
1026
-1263
-3059
-2934
-2046
-1871
-1959
-972
801
1412
-37
-1781
-1313
1579
4477
4987
3069
663
-343
584
2727
4688
4972
2932
-285
-2256
-1433
1153
2791
1806
-963
-3355
-4050
-3294
-2017
-982
-735
-1618
-3324
-4693
-4532
-2784
-728
116
-733
-2439
-3624
-3383
-1807
155
1301
943
-590
-2095
-2312
-930
1061
2078
1237
-897
-2779
-3138
-1819
453
2866
4895
6030
5637
3522
705
-792
617
4594
8777
10289
7753
2473
-2036
-2362
1798
6609
7044
1928
-4320
-5977
-2092
2669
3388
-141
-4395
-6580
-6473
-4675
-1564
1468
1885
-1130
-4812
-5580
-3179
-360
1162
2202
3194
2397
-1134
-4399
-3100
2609
7371
6528
1256
-3242
-3439
-116
3695
5502
4281
585
-3273
-4312
-1539
2564
4091
1505
-2936
-5547
-4634
-1641
607
457
-1506
-3435
-4023
-3349
-2227
-1127
-39
812
789
-256
-1256
-704
1670
4292
5130
3632
1225
-22
857
3068
4793
4590
2446
-238
-1725
-1270
375
1638
1349
-500
-2843
-4293
-4083
-2631
-1251
-1097
-2223
-3649
-4299
-3831
-2643
-1420
-751
-922
-1710
-2385
-2237
-1239
-81
490
298
-327
-969
-1322
-1181
-636
-239
-616
-1720
-2636
-2282
-274
2867
5988
7635
6650
3294
-160
-724
2715
8079
11588
10705
5889
211
-2543
-431
4660
7789
5250
-1271
-5866
-4612
160
2817
786
-3551
-6727
-7724
-7044
-4681
-1045
1418
156
-3857
-6525
-5321
-1848
997
2543
3448
3007
99
-3477
-3510
1443
7208
8142
3412
-2326
-4122
-1192
3526
6484
5711
1559
-3288
-5226
-2688
1961
4303
2108
-2637
-5967
-5693
-2827
-38
680
-872
-3334
-4867
-4455
-2612
-772
97
134
-87
-346
-581
-301
1050
3101
4494
4234
2787
1571
1562
2631
3945
4553
3788
1757
-353
-1024
72
1525
1562
-139
-2287
-3500
-3504
-2894
-2277
-2024
-2414
-3420
-4369
-4356
-3229
-1902
-1446
-2020
-2828
-2993
-2237
-924
243
598
-29
-1003
-1316
-591
464
800
128
-961
-1789
-2077
-1580
171
3215
6358
7630
5927
2247
-841
-1036
2071
6703
9947
9480
5183
-338
-3135
-893
4629
8460
6713
517
-4838
-5133
-1254
2318
2324
-818
-4773
-7673
-8328
-5927
-1278
2366
1810
-2406
-6149
-6083
-2834
738
2910
3518
2312
-799
-3897
-3723
557
5506
6728
3528
-787
-2705
-1430
1595
4369
5081
2787
-1368
-4227
-3304
448
3369
2738
-797
-4338
-5541
-4117
-1435
555
443
-1687
-4151
-4978
-3595
-1148
788
1470
1043
11
-905
-772
923
3439
5057
4592
2574
758
532
1886
3664
4501
3677
1595
-399
-1018
-194
852
865
-272
-1763
-2905
-3447
-3249
-2329
-1370
-1460
-2839
-4294
-4385
-3088
-1732
-1395
-1916
-2488
-2623
-2276
-1510
-554
58
-97
-771
-1237
-1130
-787
-720
-1002
-1318
-1373
-954
272
2563
5436
7368
6737
3523
24
-648
2666
7797
10793
9125
3744
-1584
-3000
512
5996
8525
5444
-860
-5049
-4196
-516
1622
518
-2108
-4339
-5996
-7065
-6314
-3126
361
941
-1854
-5099
-5860
-3894
-738
2243
3940
3137
-76
-3010
-2405
1793
5940
6543
3715
327
-1185
-344
2003
4361
4896
2650
-1009
-3137
-2154
454
1884
915
-1435
-3569
-4615
-4338
-2908
-1239
-730
-1921
-3710
-4423
-3511
-1752
-103
973
1182
399
-677
-600
1289
3728
4677
3589
1924
1360
2101
3183
3742
3486
2405
833
-353
-360
488
894
50
-1449
-2450
-2606
-2434
-2333
-2203
-2062
-2361
-3320
-4259
-4158
-2889
-1524
-1209
-1961
-2773
-2782
-2031
-1100
-389
-9
-82
-664
-1409
-1711
-1383
-893
-725
-719
-208
1324
3782
6321
7489
6063
2494
-628
-376
3676
8609
10482
7674
2247
-1607
-829
3790
7774
6716
737
-5193
-6204
-2484
1416
1792
-1017
-4456
-6863
-7756
-6608
-3384
23
821
-1619
-4857
-6067
-4703
-2005
831
2885
2893
304
-2987
-3575
-143
4694
6942
5200
1531
-1008
-839
1620
4585
5752
3746
-342
-3284
-2581
889
3589
2808
-878
-4567
-5856
-4555
-2231
-756
-1127
-2973
-4862
-5407
-4374
-2676
-1293
-461
-52
-197
-914
-1333
-168
2608
5104
5238
3047
770
544
2407
4612
5388
4181
1694
-638
-1382
-105
2016
2901
1370
-1748
-4320
-4749
-3163
-1106
-261
-1272
-3390
-5096
-5238
-3851
-2013
-959
-1205
-2304
-3277
-3325
-2324
-818
410
787
204
-935
-1865
-1900
-1004
70
452
103
63
1552
4647
7719
8451
5852
1570
-997
580
5521
10220
11010
7083
1284
-1886
94
5223
8288
5657
-885
-5801
-5553
-1942
688
358
-1622
-3655
-5612
-7266
-7100
-4249
-585
796
-1021
-4051
-5836
-5347
-2679
1293
4359
3873
-227
-4150
-3694
1077
5870
6900
4353
1051
-752
-416
1791
4725
6141
4254
62
-2958
-2313
865
3154
2381
-722
-3872
-5327
-4708
-2772
-948
-612
-2081
-4234
-5439
-4908
-3096
-1018
411
577
-539
-1891
-1763
586
3712
5107
3808
1473
519
1598
3336
4205
3923
2996
1780
511
-230
81
1051
1503
680
-986
-2454
-3095
-2938
-2285
-1582
-1460
-2359
-3837
-4674
-4019
-2373
-1164
-1305
-2379
-3236
-3159
-2287
-1184
-320
22
-292
-1092
-1827
-1927
-1330
-521
48
571
1807
4174
6854
7995
6333
2843
474
1700
6086
10361
11026
7245
1672
-1403
489
5492
8514
5875
-760
-5811
-5542
-1689
1126
524
-2206
-4918
-6820
-7600
-6436
-3355
-514
-395
-2857
-5285
-5620
-4055
-1696
828
2719
2506
-179
-2953
-2557
1341
5437
6362
4041
1039
-384
272
2375
4712
5540
3586
-211
-2833
-2026
1169
3413
2477
-837
-3995
-5161
-4244
-2371
-1007
-1175
-2761
-4495
-5018
-4085
-2519
-1150
-255
5
-597
-1656
-1809
10
3008
4897
4197
1841
204
749
2867
4749
4966
3352
949
-692
-556
987
2386
2219
442
-1722
-2985
-2981
-2190
-1344
-1075
-1752
-3196
-4535
-4750
-3627
-2056
-1226
-1570
-2543
-3281
-3268
-2484
-1275
-219
76
-620
-1885
-2883
-2939
-1972
-419
1213
2745
4275
5670
6243
5304
3255
1889
3047
6674
10333
10951
7479
2173
-860
894
5686
8541
5895
-548
-5324
-4917
-1237
1120
112
-2516
-4572
-5878
-6876
-6710
-4487
-1547
-553
-2252
-4625
-5507
-4657
-2779
-173
2423
3035
510
-2951
-3370
356
4883
6258
4161
1381
196
736
2264
4147
5294
4312
1281
-1504
-1725
371
2313
2134
7
-2571
-4229
-4301
-2951
-1325
-955
-2299
-4139
-4866
-4164
-2922
-1852
-967
-385
-625
-1598
-1985
-524
2227
4142
3753
1778
252
533
2341
4307
5013
3841
1473
-411
-462
1013
2314
2065
463
-1294
-2342
-2583
-2191
-1425
-923
-1471
-3043
-4496
-4656
-3573
-2356
-1908
-2211
-2738
-3082
-3026
-2475
-1616
-946
-861
-1272
-1816
-2285
-2573
-2352
-1129
1210
4045
6279
6922
5634
3108
1000
1094
3913
7929
10305
8923
4287
-313
-1087
2836
7974
9200
4682
-2017
-5439
-3742
-85
1337
-511
-3657
-6143
-7403
-7188
-5137
-2075
-339
-1508
-4398
-6297
-5827
-3614
-749
1912
3003
1184
-2532
-4409
-1691
3782
7136
5742
1724
-905
-299
2445
5179
6183
4635
1235
-1624
-1627
993
3412
3113
328
-2681
-4082
-3684
-2342
-1168
-1176
-2701
-4787
-5739
-4769
-2799
-1340
-928
-1074
-1327
-1632
-1694
-809
1180
3182
3729
2525
790
73
954
2809
4371
4464
2740
176
-1403
-841
1149
2602
2140
77
-2198
-3482
-3327
-2000
-439
32
-1304
-3649
-5160
-4703
-2917
-1421
-1198
-1991
-2971
-3486
-3234
-2249
-1044
-476
-1038
-2272
-3110
-2882
-1794
-350
1439
3850
6402
7548
6042
2712
367
1436
5702
10401
12390
10274
5232
529
-370
3278
7947
8447
3216
-3552
-6133
-3305
932
2283
162
-3374
-6599
-8567
-8090
-4721
-648
542
-2184
-5920
-7199
-5528
-2727
-119
1896
2352
240
-3066
-3948
-487
4764
7304
5494
1735
-644
-307
2111
5143
6863
5553
1525
-2147
-2195
1270
4613
4443
856
-3244
-5210
-4496
-2288
-415
-398
-2459
-5074
-6145
-5019
-2981
-1601
-1203
-1256
-1542
-2031
-2046
-680
1734
3471
3263
1761
656
830
1900
3150
4041
3977
2589
597
-387
433
1940
2310
1069
-658
-1733
-2101
-2207
-2140
-1859
-1777
-2377
-3387
-3908
-3488
-2664
-2257
-2471
-2891
-3118
-3040
-2647
-1976
-1308
-1103
-1530
-2182
-2473
-2212
-1618
-708
996
3801
6860
8280
6718
3033
49
331
4039
8746
11200
9499
4493
-361
-1226
2672
7510
7981
2787
-3640
-5761
-2805
1050
1831
-535
-3761
-6373
-7947
-7681
-4997
-1465
-108
-2034
-5057
-6348
-5371
-3300
-868
1586
2713
1039
-2329
-3722
-887
4044
6752
5402
2033
-234
-27
2120
4836
6377
5251
1736
-1572
-1882
838
3696
3836
1069
-2454
-4487
-4242
-2452
-732
-639
-2500
-4937
-6005
-5053
-3191
-1850
-1383
-1365
-1604
-2105
-2264
-1094
1366
3531
3777
2239
624
390
1599
3360
4666
4654
2923
273
-1347
-555
1758
3119
2083
-369
-2247
-2715
-2342
-1818
-1371
-1339
-2247
-3865
-4867
-4209
-2523
-1500
-1931
-2997
-3503
-3199
-2586
-2006
-1502
-1263
-1568
-2248
-2686
-2458
-1604
-152
2134
5057
7342
7367
4847
1563
146
2021
6262
10117
10743
7240
1782
-1463
344
5722
9559
7733
1317
-4322
-4906
-1311
1951
1603
-1830
-5726
-8108
-8298
-6315
-3076
-730
-1190
-3937
-6262
-6121
-3990
-1514
514
1882
1754
-455
-3058
-2871
1068
5687
6978
4331
808
-435
1175
4130
6485
6643
4049
191
-1901
-446
2896
4552
2754
-940
-3741
-4305
-3173
-1631
-905
-1754
-3870
-5720
-5798
-4151
-2226
-1230
-1172
-1534
-2062
-2452
-1934
-22
2430
3713
3017
1278
149
505
2084
3986
5072
4379
1978
-518
-1085
633
2740
3005
1125
-1268
-2577
-2606
-2059
-1469
-1114
-1417
-2638
-4158
-4748
-3889
-2465
-1812
-2291
-3119
-3450
-3155
-2557
-1887
-1309
-1158
-1667
-2466
-2749
-2069
-647
1195
3487
6007
7565
6736
3705
870
1010
4669
9481
11969
10119
4923
2
-827
3060
7800
8190
2989
-3480
-5829
-3184
598
1706
-209
-3347
-6360
-8419
-8190
-5030
-1004
320
-2185
-5755
-6962
-5271
-2539
-200
1440
1821
210
-2393
-3157
-491
3681
5849
4717
2086
380
543
2248
4655
6307
5522
2207
-1165
-1634
1008
3878
4058
1362
-2090
-4147
-4026
-2284
-427
-196
-2198
-5000
-6277
-5162
-2990
-1559
-1326
-1662
-2114
-2519
-2301
-764
1649
3298
3058
1612
581
768
1806
3094
4206
4496
3309
1082
-455
35
1823
2793
1772
-395
-2092
-2616
-2300
-1658
-1066
-1043
-2004
-3506
-4340
-3768
-2440
-1715
-2189
-3198
-3706
-3343
-2509
-1771
-1403
-1404
-1654
-1998
-2251
-2228
-1756
-627
1363
4100
6722
7765
6258
3020
612
1406
5391
9856
11404
8584
3177
-846
-281
4282
8296
7204
1197
-4641
-5644
-2360
766
718
-1684
-4331
-6480
-7926
-7509
-4572
-1144
-438
-2956
-5787
-6230
-4547
-2429
-484
1255
1693
-207
-2903
-3060
395
4538
5761
3756
1178
288
1269
3260
5298
6098
4508
1148
-1328
-712
2217
4402
3650
507
-2741
-4169
-3346
-1300
125
-532
-3030
-5415
-5800
-4177
-2187
-1242
-1377
-1894
-2344
-2469
-1784
-19
2088
3157
2601
1279
521
867
1997
3351
4301
4077
2366
163
-739
409
2283
2802
1286
-1055
-2606
-2777
-2010
-1069
-646
-1232
-2690
-4040
-4195
-3112
-1938
-1801
-2676
-3594
-3749
-3144
-2288
-1631
-1418
-1712
-2295
-2665
-2396
-1480
-111
1780
4307
6818
7787
6187
3025
1017
2283
6384
10575
11845
9017
3721
-325
107
4600
8623
7498
1408
-4441
-5319
-1851
1398
1294
-1419
-4520
-6948
-8276
-7521
-4380
-959
-306
-2939
-6144
-7052
-5301
-2377
301
1730
1021
-1573
-3706
-2707
1260
4934
5403
3066
622
64
1435
3761
5863
6372
4418
997
-1215
-330
2637
4705
3857
682
-2618
-4171
-3474
-1393
307
7
-2405
-5170
-6114
-4663
-2193
-522
-389
-1379
-2611
-3129
-2159
194
2564
3344
2298
797
291
982
2177
3303
4017
3805
2378
512
-283
637
2210
2774
1735
-187
-1924
-2779
-2481
-1280
-170
-366
-2082
-4057
-4710
-3703
-2180
-1511
-2080
-3217
-3952
-3752
-2777
-1718
-1300
-1729
-2536
-3003
-2740
-1812
-344
1744
4353
6628
7196
5436
2552
1007
2541
6619
10684
11913
9122
3830
-268
114
4612
8675
7565
1441
-4438
-5269
-1683
1646
1475
-1416
-4638
-6997
-8092
-7087
-3826
-497
-127
-3100
-6492
-7308
-5266
-2056
744
2051
964
-2134
-4540
-3246
1467
5690
5947
2779
-321
-741
1384
4340
6403
6348
3896
446
-1439
-261
2755
4745
3881
754
-2542
-4149
-3470
-1354
364
26
-2438
-5270
-6345
-5013
-2470
-504
-166
-1357
-3092
-3928
-2756
134
2886
3557
2020
70
-432
736
2450
3661
4034
3520
2173
599
-92
648
1985
2455
1474
-248
-1662
-2287
-2159
-1485
-747
-745
-1918
-3569
-4310
-3514
-2082
-1500
-2267
-3517
-4068
-3547
-2462
-1533
-1260
-1823
-2939
-3766
-3403
-1712
589
2794
4786
6414
6804
5149
2312
841
2711
7154
11040
11371
7607
2201
-884
835
5738
8791
6199
-363
-5172
-4544
-516
2104
1080
-2051
-5090
-7226
-8001
-6523
-3101
-323
-785
-4008
-6901
-7094
-4754
-1428
1375
2232
238
-3369
-5117
-2486
2907
6576
5795
2115
-811
-811
1716
5021
7152
6590
3310
-483
-1768
400
3772
5107
3223
-375
-3300
-4096
-2737
-406
1006
39
-2953
-5806
-6412
-4588
-1945
-239
-205
-1589
-3441
-4257
-2797
540
3502
3919
1904
-307
-685
851
2926
4228
4225
3008
1204
-61
137
1530
2693
2401
807
-878
-1701
-1698
-1427
-1239
-1223
-1567
-2480
-3663
-4253
-3657
-2383
-1672
-2219
-3429
-4085
-3562
-2286
-1212
-1084
-1988
-3266
-3859
-3070
-1104
1281
3561
5526
6641
6038
3701
1284
1080
3899
8177
11081
10440
6246
1114
-1045
1725
6818
8751
4697
-2069
-5474
-3227
1125
2756
550
-3168
-6175
-7812
-7712
-5444
-2058
-268
-1777
-5160
-7369
-6801
-4103
-771
1718
1829
-993
-4638
-5262
-1253
4414
6978
4823
698
-1624
-692
2441
5779
7342
5850
1933
-1562
-1761
1329
4678
5225
2586
-1185
-3758
-4061
-2438
-273
648
-716
-3671
-6160
-6433
-4422
-1575
302
148
-1777
-3901
-4214
-1902
1648
3838
3204
746
-1144
-891
1185
3560
4773
4213
2305
333
-324
697
2292
2859
1798
-27
-1316
-1558
-1191
-853
-835
-1192
-1981
-3074
-3912
-3846
-2878
-1893
-1875
-2872
-3931
-4063
-3185
-2055
-1501
-1808
-2683
-3494
-3562
-2488
-356
2347
4962
6695
6705
4733
1867
291
1684
5670
9828
11274
8647
3360
-832
-469
4152
8358
7276
1137
-4588
-5031
-1045
2395
1964
-1374
-4962
-7436
-8409
-7196
-3820
-508
-187
-3170
-6631
-7678
-5877
-2600
609
2225
877
-2908
-5699
-3953
1757
6706
6916
3118
-707
-1632
366
3700
6526
7037
4379
149
-2184
-565
3278
5562
4268
628
-2731
-4115
-3354
-1351
314
98
-2207
-4979
-6137
-5035
-2766
-880
-271
-1089
-2804
-4092
-3432
-611
2542
3659
2172
-149
-1090
-2
2093
3782
4202
3204
1348
-152
-144
1335
2854
2898
1326
-646
-1801
-1904
-1441
-903
-630
-985
-2100
-3438
-4018
-3389
-2210
-1642
-2178
-3250
-3893
-3629
-2714
-1798
-1484
-1991
-2957
-3566
-3117
-1513
859
3557
6074
7471
6698
3904
1189
1280
4953
9908
12439
10429
5077
175
-582
3388
8510
9722
5215
-1487
-4923
-3240
449
2030
444
-2658
-5671
-7864
-8267
-6004
-2238
-116
-1604
-5162
-7479
-6859
-4065
-675
1903
2225
-403
-4216
-5538
-2372
3072
6428
5492
1865
-1177
-1408
1336
5352
7804
6524
2195
-1695
-1963
1172
4522
5178
2825
-785
-3579
-4267
-2780
-464
564
-873
-3792
-5920
-5830
-3945
-1689
-251
-234
-1650
-3564
-4199
-2349
1063
3445
3013
599
-1284
-946
1191
3471
4536
3965
2190
300
-388
656
2437
3144
1925
-238
-1635
-1605
-913
-583
-829
-1294
-1848
-2657
-3552
-3879
-3255
-2246
-1884
-2550
-3548
-3884
-3255
-2198
-1487
-1553
-2314
-3231
-3567
-2808
-986
1484
4136
6371
7242
5984
3200
1142
2081
6085
10546
12081
9190
3628
-562
-72
4517
8553
7408
1342
-4421
-5192
-1664
1570
1502
-900
-3482
-5727
-7702
-8058
-5432
-1384
304
-2086
-6062
-7843
-6263
-2923
257
2122
1736
-1085
-4329
-4608
-707
4488
6703
4608
745
-1426
-449
2765
6084
7271
5211
1126
-1852
-1349
1880
4674
4549
1686
-1877
-4139
-4164
-2252
89
791
-1157
-4490
-6623
-6026
-3448
-869
209
-575
-2600
-4382
-4145
-1308
2405
4198
2929
264
-1156
-271
1920
3826
4484
3677
1827
105
-138
1299
2961
3106
1523
-408
-1404
-1487
-1430
-1556
-1631
-1639
-2013
-2901
-3695
-3662
-2887
-2237
-2372
-3085
-3647
-3560
-2869
-1986
-1447
-1652
-2507
-3329
-3360
-2426
-863
1145
3671
6254
7497
6219
3141
891
1828
5834
10229
11768
9004
3530
-738
-328
4516
9275
8996
3316
-2953
-4827
-2144
1079
1509
-679
-3574
-6113
-7877
-7817
-5205
-1633
-265
-2421
-5962
-7677
-6400
-3244
117
2221
1752
-1388
-4795
-4954
-906
4266
6427
4423
666
-1592
-773
2535
6174
7479
5122
688
-2226
-1298
2253
5011
4627
1519
-2125
-4191
-3770
-1526
612
704
-1577
-4574
-6134
-5403
-3163
-862
277
-378
-2481
-4429
-4184
-1209
2560
4226
2714
-205
-1756
-735
1845
4135
4895
3881
1714
-246
-546
1054
2990
3240
1437
-809
-1784
-1426
-872
-832
-1067
-1309
-1871
-2982
-4030
-4078
-3052
-1970
-1858
-2715
-3649
-3845
-3201
-2223
-1589
-1748
-2629
-3555
-3664
-2600
-707
1514
3859
6007
6981
5767
2863
633
1486
5493
9981
11563
8761
3284
-887
-414
4202
8317
7237
1215
-4441
-5013
-1324
1847
1473
-1295
-4023
-6012
-7414
-7279
-4670
-1148
-10
-2498
-6171
-7691
-6101
-2818
392
2198
1529
-1554
-4689
-4607
-564
4373
6266
4141
475
-1517
-407
2988
6420
7417
4927
590
-2160
-1122
2477
5155
4496
1070
-2612
-4380
-3677
-1462
475
471
-1821
-4919
-6554
-5594
-2935
-543
153
-986
-3008
-4366
-3653
-745
2610
3987
2549
-40
-1279
-187
2178
4112
4621
3628
1708
29
-135
1413
3208
3360
1514
-781
-1819
-1435
-739
-587
-875
-1263
-1875
-2902
-3865
-3906
-2887
-1805
-1803
-2898
-3970
-3984
-2983
-1869
-1448
-1857
-2689
-3380
-3471
-2771
-1418
332
2372
4601
6408
6685
4892
2196
1054
3145
7535
11023
10619
6134
734
-1300
1794
7251
9795
6512
-117
-4572
-3867
-183
2091
1001
-2060
-5015
-6989
-7582
-6181
-3194
-890
-1450
-4352
-6811
-6772
-4496
-1383
1299
2221
325
-3331
-5179
-2471
3115
6728
5531
1483
-1359
-974
1762
4898
6674
5796
2355
-1284
-2012
813
4398
5341
2913
-866
-3583
-4105
-2616
-305
943
-304
-3496
-6221
-6377
-4094
-1322
67
-482
-2285
-3957
-4028
-1939
1197
3238
2907
980
-577
-475
1063
2955
4194
4178
2841
913
-232
340
2064
3241
2691
846
-913
-1736
-1765
-1432
-921
-522
-896
-2351
-4044
-4529
-3346
-1695
-1202
-2218
-3636
-4197
-3604
-2445
-1456
-1112
-1568
-2555
-3377
-3344
-2341
-826
814
2640
4673
6219
6170
4276
1995
1635
4304
8565
11211
9766
4774
-122
-893
3208
8412
9528
4970
-1503
-4628
-2948
309
1392
-279
-2903
-5187
-6908
-7401
-5645
-2396
-502
-1907
-5167
-7104
-6284
-3773
-1111
835
1180
-752
-3653
-4281
-913
3968
5986
3747
119
-1353
107
2869
5157
5916
4580
1636
-834
-642
2041
4541
4418
1752
-1462
-3390
-3359
-1712
284
750
-1325
-4642
-6439
-5265
-2459
-525
-545
-1719
-2834
-3284
-2746
-1008
1334
2756
2203
445
-615
47
1751
3240
3936
3821
2875
1336
193
484
1962
3069
2547
697
-1187
-2196
-2196
-1401
-312
51
-1178
-3465
-4918
-4231
-2259
-1090
-1710
-3188
-4087
-3949
-3189
-2233
-1388
-1135
-1800
-2895
-3390
-2832
-1755
-749
440
2422
4910
6521
6057
3838
1657
1451
3906
7884
10871
10462
6409
1627
302
3784
8455
8889
3710
-2632
-4750
-2177
912
1146
-863
-2964
-4702
-6528
-7368
-5590
-2167
-520
-2369
-5491
-6629
-5249
-3101
-1335
37
485
-892
-3160
-3513
-643
3139
4462
2812
610
0
1001
2654
4282
5151
4297
1836
-308
-128
2128
4141
3978
1738
-1069
-2915
-2987
-1495
146
120
-2044
-4680
-5580
-4295
-2372
-1407
-1564
-2113
-2606
-2901
-2577
-1226
686
1924
1779
838
203
389
1226
2431
3627
4076
3125
1220
-99
314
1920
3006
2436
573
-1332
-2259
-1928
-785
188
-26
-1614
-3518
-4273
-3439
-2043
-1485
-2164
-3313
-3962
-3772
-3020
-2152
-1549
-1456
-1864
-2405
-2619
-2368
-1906
-1480
-929
233
2296
4822
6622
6471
4240
1459
472
2585
6732
9962
9602
5585
1021
-76
3378
7842
8211
3205
-2969
-5147
-2737
373
881
-770
-2572
-4097
-5879
-7046
-5925
-2954
-940
-1722
-4044
-5557
-5533
-4525
-2618
111
2018
1004
-2310
-4304
-2347
1995
4850
4374
2038
204
-55
1213
3437
5306
5119
2604
-140
-588
1387
3440
3443
1454
-1004
-2651
-3012
-2176
-869
-393
-1548
-3573
-4823
-4562
-3517
-2580
-1813
-1101
-992
-1926
-2988
-2490
-73
2524
3246
1863
0
-579
658
2912
4685
4650
2684
278
-555
781
2823
3508
2170
-92
-1742
-2099
-1469
-593
-183
-676
-1951
-3291
-3888
-3548
-2825
-2414
-2527
-2867
-3085
-3044
-2784
-2388
-1992
-1775
-1830
-2112
-2506
-2859
-2915
-2329
-904
1226
3647
5741
6682
5762
3255
932
1077
4367
8719
10624
8118
2782
-1194
-483
4137
8005
6819
1062
-4295
-4978
-1701
1338
1409
-669
-3029
-5162
-6976
-7225
-4892
-1526
-232
-2094
-5069
-6693
-6393
-4642
-1678
1509
2389
-563
-4837
-5651
-1411
4152
6218
3997
639
-780
331
2900
5436
6308
4535
1204
-897
-41
2506
4016
3225
1009
-1258
-2838
-3271
-2282
-619
-49
-1585
-4127
-5575
-5069
-3485
-1999
-1071
-892
-1695
-2998
-3282
-1460
1506
3292
2687
787
-400
73
1723
3522
4516
4055
2279
429
-16
1145
2561
2776
1647
106
-1034
-1567
-1512
-946
-333
-464
-1637
-3158
-3965
-3687
-2848
-2162
-1954
-2228
-2841
-3413
-3405
-2630
-1625
-1174
-1460
-1970
-2249
-2367
-2489
-2351
-1501
131
2250
4529
6426
6889
5131
2099
463
2317
6870
10826
11112
7317
2018
-904
853
5646
8618
6131
-118
-4541
-3718
65
2074
602
-2299
-4526
-5998
-6861
-6087
-3305
-591
-600
-3354
-6272
-7100
-5554
-2457
984
2825
1301
-2677
-5192
-3128
2064
5764
5210
1974
-511
-468
1580
4215
5980
5625
3036
6
-988
695
3121
3837
2221
-460
-2621
-3406
-2691
-1090
14
-682
-3001
-5186
-5627
-4373
-2656
-1382
-756
-954
-2080
-3283
-2932
-455
2495
3532
2092
-48
-767
454
2579
4218
4488
3246
1237
-172
29
1524
2903
2928
1476
-578
-2120
-2392
-1384
30
538
-581
-2703
-4320
-4363
-3071
-1628
-1118
-1813
-3166
-4229
-4195
-2956
-1300
-373
-697
-1733
-2540
-2714
-2490
-2098
-1487
-630
375
1719
3783
6115
7021
5166
1651
-344
1456
6065
10033
10361
6782
1990
-149
2303
7035
8932
5150
-1409
-4989
-3357
172
1349
-255
-2334
-3894
-5743
-7526
-7122
-3930
-712
-577
-3270
-5911
-6535
-5271
-2760
391
2473
1356
-2473
-5108
-3197
1953
5736
5429
2564
284
50
1450
3613
5499
5659
3423
299
-1044
388
2809
3699
2255
-455
-2919
-4063
-3422
-1533
-100
-727
-3128
-5216
-5337
-3877
-2325
-1425
-1005
-1071
-1894
-2878
-2479
-44
2858
3834
2299
68
-645
717
3010
4666
4679
3014
716
-573
85
1942
3194
2709
916
-945
-1995
-2055
-1357
-440
-117
-980
-2728
-4223
-4436
-3353
-1958
-1372
-1984
-3210
-3996
-3674
-2483
-1297
-843
-1167
-1794
-2250
-2339
-2080
-1585
-1083
-848
-822
-313
1567
4718
7399
7386
4307
642
-181
3069
8228
11562
10654
6013
788
-1170
1701
6680
8546
4676
-1819
-5254
-3547
52
1496
272
-1754
-3807
-6236
-7971
-6822
-2950
140
-544
-3961
-6660
-6726
-4697
-1661
1399
2737
824
-3002
-4747
-2018
2946
5802
4887
2205
344
152
1344
3477
5454
5473
2887
-382
-1494
243
2742
3543
2060
-551
-2803
-3717
-3029
-1417
-329
-880
-2753
-4519
-5049
-4296
-2816
-1186
-111
-381
-1953
-3273
-2421
660
3658
4105
1973
-372
-663
1238
3652
4821
4138
2228
401
-141
837
2359
3013
2152
330
-1356
-2127
-1869
-1007
-296
-477
-1748
-3455
-4483
-4132
-2740
-1422
-1178
-2121
-3446
-4103
-3589
-2232
-855
-199
-535
-1527
-2410
-2456
-1554
-391
64
-576
-1732
-2194
-899
2305
6198
8502
7364
3225
-862
-1435
2378
8013
11541
10589
5841
568
-1390
1489
6492
8405
4496
-2244
-6000
-4326
-269
1805
829
-1501
-4012
-6575
-8017
-6355
-1997
1314
353
-3813
-7237
-7429
-4881
-1191
2158
3333
963
-3414
-5473
-2465
3295
6776
5639
1974
-835
-1217
642
3817
6481
6240
2504
-1904
-3101
-316
3296
4206
1871
-1629
-4094
-4552
-3088
-721
721
-187
-2917
-5266
-5526
-3927
-1838
-297
243
-474
-2092
-3111
-1952
1063
3583
3646
1788
206
267
1510
2824
3646
3778
2954
1341
21
156
1546
2642
2204
551
-1063
-1857
-1903
-1497
-898
-657
-1456
-3152
-4433
-4080
-2444
-1170
-1375
-2576
-3504
-3500
-2787
-1807
-890
-439
-799
-1692
-2199
-1657
-465
294
-36
-1139
-2196
-2516
-1649
666
4082
7137
7803
5242
1121
-1281
274
5031
9785
11262
8345
2899
-1188
-681
3934
8072
7033
987
-4863
-5780
-2326
1121
1646
-116
-2561
-5283
-7733
-7919
-4628
-151
1400
-1271
-5284
-7117
-5949
-3034
389
3103
3279
147
-3800
-4398
-428
4620
6336
4008
606
-946
-105
2066
4268
5172
3786
709
-1674
-1367
1044
3031
2809
728
-1739
-3381
-3559
-2236
-410
192
-1281
-3673
-4951
-4349
-2771
-1323
-353
-12
-646
-1961
-2528
-1157
1457
3270
3115
1753
684
672
1620
3080
4280
4210
2564
498
-255
777
2294
2663
1497
-331
-1791
-2391
-2129
-1307
-572
-685
-1877
-3439
-4193
-3543
-2082
-1078
-1342
-2550
-3623
-3667
-2624
-1198
-317
-486
-1416
-2211
-2098
-1109
-34
314
-259
-1326
-2245
-2478
-1711
63
2515
4993
6601
6470
4420
1609
187
1733
5689
9411
10018
6666
1542
-1409
344
5188
8155
5583
-862
-5662
-5250
-1430
1413
1203
-912
-3379
-5738
-7243
-6339
-2918
296
341
-2492
-5213
-5746
-4445
-2245
528
2859
2600
-827
-4344
-3933
582
5112
5923
3307
218
-1178
-558
1570
4190
5461
3890
358
-2159
-1608
1032
3068
2871
799
-1839
-3735
-3889
-2195
-57
457
-1329
-3882
-5052
-4171
-2248
-590
143
-179
-1325
-2444
-2332
-537
1936
3435
3172
1795
617
553
1672
3278
4275
3862
2260
674
235
930
1760
1832
1087
-2
-1014
-1676
-1732
-1206
-707
-1003
-2143
-3275
-3548
-2998
-2324
-2048
-2153
-2435
-2747
-2871
-2516
-1705
-954
-796
-1192
-1609
-1612
-1212
-654
-151
72
-274
-1214
-2182
-2293
-1142
802
2731
4264
5371
5703
4653
2494
985
2061
5674
9295
9904
6568
1354
-2042
-1062
3358
6983
5855
414
-4547
-4819
-1199
1893
1596
-1067
-3725
-5492
-6376
-5708
-3133
-350
135
-1940
-4296
-4990
-4097
-2288
291
2724
2751
-517
-4171
-4034
307
4779
5553
2934
-41
-1232
-447
1751
4331
5363
3342
-547
-2886
-1594
1724
3675
2671
-123
-2694
-3864
-3378
-1656
46
162
-1686
-4001
-4863
-3853
-2110
-747
14
175
-554
-1987
-2775
-1476
1564
4129
4277
2275
126
-417
902
3109
4833
4928
3121
489
-1091
-538
1374
2744
2321
424
-1631
-2716
-2526
-1550
-651
-565
-1454
-2820
-3847
-3933
-3088
-1953
-1378
-1747
-2627
-3185
-2952
-2147
-1290
-729
-574
-800
-1207
-1367
-914
17
790
768
-160
-1488
-2394
-2247
-1003
822
2643
4182
5254
5321
3840
1322
-315
858
4744
8746
9634
6307
1071
-1870
45
4997
7926
5357
-768
-4908
-3854
80
2267
999
-1720
-3726
-4914
-5688
-5281
-3084
-514
136
-1562
-3833
-4889
-4271
-2200
753
2930
2248
-1163
-3997
-3022
1093
4484
4486
2064
-185
-852
-11
1851
3846
4391
2512
-518
-2045
-900
1363
2417
1544
-316
-2037
-3005
-2869
-1676
-353
-175
-1396
-2909
-3558
-3248
-2455
-1279
187
976
-40
-2269
-3250
-1273
2330
4412
3466
1042
-316
300
1975
3498
4225
3830
2327
530
-271
419
1682
2185
1504
154
-1251
-2318
-2599
-1808
-555
-206
-1494
-3485
-4452
-3717
-2250
-1433
-1682
-2428
-3000
-3134
-2781
-1965
-972
-347
-441
-986
-1329
-1037
-251
533
868
580
-216
-1147
-1719
-1604
-937
-171
509
1499
3224
5169
5866
4297
1320
-665
253
3748
7360
8268
5404
615
-2253
-510
4338
7324
4920
-956
-4921
-4095
-780
1104
561
-822
-2222
-4203
-6207
-6021
-2900
521
1058
-1262
-3745
-4549
-3895
-2244
419
2963
2953
-303
-3799
-3755
-62
3709
4525
2654
208
-1317
-1327
391
3014
4312
2615
-859
-2879
-1756
949
2524
1953
152
-1663
-2810
-2867
-1787
-418
-30
-946
-2201
-2800
-2701
-2250
-1354
-21
800
26
-1787
-2491
-745
2214
3879
3217
1461
386
626
1762
3165
4151
3945
2340
358
-472
280
1487
1789
953
-315
-1426
-2231
-2543
-2088
-1150
-723
-1530
-3078
-4073
-3755
-2563
-1502
-1187
-1594
-2340
-2917
-2822
-1887
-596
193
22
-742
-1308
-1186
-485
342
841
754
143
-635
-1183
-1351
-1244
-966
-453
440
1811
3534
5007
5215
3565
947
-424
1162
5053
8368
8269
4440
-293
-2001
881
5605
7241
3630
-2070
-4692
-2714
585
1585
241
-1357
-2541
-4114
-5598
-5036
-2106
558
428
-1862
-3798
-4193
-3526
-1997
525
2675
2051
-1456
-4442
-3611
261
3401
3479
1504
-370
-1147
-754
787
2802
3567
1905
-982
-2402
-1097
1456
2844
2112
95
-1862
-2834
-2432
-976
361
305
-1223
-2899
-3360
-2486
-1114
15
540
162
-1060
-2112
-1615
505
2555
2853
1595
416
388
1217
2215
3092
3533
2948
1338
-100
-81
1151
2032
1533
165
-1012
-1645
-1948
-1882
-1267
-558
-702
-1976
-3427
-3827
-2944
-1613
-789
-852
-1635
-2641
-3152
-2612
-1220
19
176
-669
-1554
-1647
-928
63
832
1106
729
-189
-1053
-1145
-405
354
223
-822
-1848
-1713
123
3186
5982
6646
4371
527
-2014
-1145
2691
6881
8530
6338
1628
-2072
-1490
3059
7111
6158
617
-4443
-4907
-1731
1184
1749
720
-985
-3456
-5941
-6188
-3190
656
1839
-314
-3369
-4979
-4753
-3085
-240
2540
2812
-374
-4312
-4955
-1500
2689
3976
2075
-614
-1983
-1525
358
2778
4197
3253
430
-1896
-1755
405
2422
2741
1479
-356
-1842
-2312
-1501
-54
659
-152
-1757
-2739
-2553
-1778
-1013
-289
266
48
-1096
-2064
-1461
620
2450
2560
1261
62
-14
877
2010
2755
2701
1773
509
-157
241
1141
1537
1003
-72
-1101
-1772
-1947
-1549
-832
-482
-1024
-2163
-2971
-2805
-1902
-1059
-909
-1518
-2427
-2940
-2565
-1469
-454
-294
-980
-1731
-1762
-984
45
717
814
507
102
-136
-70
240
502
331
-400
-1317
-1740
-1171
396
2558
4619
5630
4744
2108
-587
-1017
1766
6129
8841
7604
3079
-1276
-1793
2039
6519
6852
2053
-3693
-5362
-2383
1328
2265
668
-1300
-2801
-4208
-4937
-3658
-790
1091
184
-2443
-4454
-4828
-3860
-1783
917
2401
794
-2934
-5072
-3201
923
3494
2887
633
-1110
-1505
-570
1476
3614
4026
1956
-888
-1859
-255
2091
3047
2160
334
-1426
-2375
-1954
-387
918
501
-1393
-2958
-2935
-1899
-1089
-722
-272
88
-442
-1707
-2194
-854
1327
2371
1597
162
-480
53
1251
2442
3003
2498
1187
116
148
974
1514
1196
419
-241
-736
-1219
-1485
-1226
-673
-554
-1260
-2308
-2810
-2390
-1522
-1012
-1222
-1830
-2250
-2188
-1773
-1290
-926
-751
-799
-987
-1072
-797
-158
531
863
666
175
-131
58
555
809
405
-516
-1398
-1736
-1363
-316
1344
3352
4904
4884
2842
-121
-1765
-432
3386
7129
7969
5013
301
-2372
-565
4148
7011
4622
-1253
-5251
-4102
141
2983
2469
103
-2203
-4051
-5239
-4652
-1900
1030
1423
-1078
-4208
-5700
-5020
-2706
369
2560
1886
-1658
-4992
-4667
-695
3380
4289
2028
-963
-2419
-1544
1099
3880
4744
2840
-289
-1892
-747
1730
3202
2700
963
-793
-1768
-1625
-554
545
609
-513
-1865
-2541
-2563
-2320
-1671
-382
770
394
-1581
-3204
-2490
188
2445
2555
1068
-285
-474
398
1782
2989
3185
2013
339
-326
529
1803
2107
1295
271
-330
-628
-842
-844
-590
-482
-909
-1646
-2086
-1968
-1574
-1307
-1329
-1620
-2072
-2439
-2403
-1907
-1300
-1011
-1107
-1279
-1217
-882
-424
-17
211
206
75
56
298
676
880
697
172
-508
-1159
-1585
-1507
-614
1160
3333
4850
4610
2433
-339
-1452
492
4593
7989
7936
4054
-1040
-3444
-1146
3798
6602
4226
-1275
-4701
-3263
661
2799
1820
-350
-2079
-3649
-5136
-4979
-2270
871
1206
-1662
-4857
-5712
-4180
-1644
839
2252
1279
-2006
-4855
-4146
-105
3627
4028
1633
-860
-1680
-789
1202
3415
4371
2908
-78
-1925
-937
1703
3357
2736
700
-1224
-2170
-1919
-658
766
1066
-306
-2407
-3694
-3519
-2367
-964
192
515
-502
-2322
-3229
-1939
777
2727
2563
965
-411
-566
469
2128
3582
3884
2660
797
-138
554
2020
2828
2358
1026
-428
-1414
-1513
-684
360
498
-676
-2293
-3082
-2730
-2018
-1705
-1780
-1912
-2142
-2659
-3120
-2832
-1704
-599
-433
-1153
-1871
-1827
-976
214
1166
1413
836
-66
-434
141
1136
1606
1129
59
-992
-1654
-1785
-1372
-577
335
1318
2506
3658
3903
2586
406
-743
592
3901
6839
6945
3688
-638
-2338
340
4918
6613
3344
-1769
-3870
-1806
1178
1942
773
-422
-1348
-2916
-4578
-4391
-1998
286
223
-1754
-3631
-4339
-3974
-2489
16
1940
1098
-2284
-4897
-3846
-42
2982
3087
1231
-489
-1008
-289
1401
3248
3807
2331
34
-937
137
1902
2666
2055
741
-621
-1576
-1615
-607
559
586
-788
-2427
-3048
-2431
-1249
-215
219
-220
-1351
-2255
-1911
-309
1395
2019
1414
330
-357
-139
1035
2641
3657
3278
1743
262
-50
858
2068
2557
1940
587
-742
-1382
-1140
-401
115
-155
-1186
-2346
-2889
-2587
-1904
-1515
-1697
-2190
-2566
-2587
-2230
-1614
-1004
-733
-919
-1279
-1336
-890
-183
395
657
670
571
477
500
706
984
1065
779
268
-164
-408
-667
-1141
-1681
-1819
-1119
496
2584
4193
4245
2402
-253
-1663
-372
3128
6533
7311
4618
266
-2248
-583
3840
6577
4471
-772
-4268
-3265
213
2375
1953
354
-1305
-3249
-5109
-5138
-2555
568
1264
-948
-3874
-5396
-5059
-3176
-219
2300
2058
-1415
-5101
-5171
-1292
2964
4119
2090
-681
-2061
-1421
833
3494
4691
3257
284
-1548
-718
1655
3307
3156
1710
-67
-1415
-1674
-640
786
1104
-189
-1949
-2728
-2289
-1413
-660
-59
177
-432
-1695
-2378
-1418
686
2203
1946
396
-927
-909
437
2240
3429
3317
1986
340
-445
192
1704
2836
2627
1137
-677
-1704
-1446
-286
789
821
-431
-2249
-3419
-3199
-1934
-735
-526
-1376
-2620
-3406
-3186
-2008
-566
177
-242
-1289
-1885
-1413
-211
920
1450
1304
650
-139
-464
122
1321
2162
1886
694
-515
-1033
-843
-413
-265
-694
-1544
-2114
-1516
551
3233
4889
4246
1517
-1440
-2250
156
4417
7406
6564
2237
-2123
-2605
1508
6576
7711
3601
-2057
-4365
-2180
1371
2864
1802
-300
-2459
-4451
-5407
-4132
-1166
933
222
-2509
-4888
-5459
-4256
-1843
830
2006
303
-3131
-4965
-3122
814
3431
3121
1054
-818
-1449
-551
1690
4069
4656
2696
-110
-1165
273
2502
3454
2638
928
-662
-1510
-1308
-275
663
565
-542
-1756
-2397
-2497
-2196
-1341
-159
310
-720
-2415
-2888
-1366
810
1733
975
-321
-938
-529
645
2069
2932
2509
1067
-32
315
1704
2732
2569
1577
511
-277
-667
-484
180
642
163
-1148
-2356
-2643
-2061
-1297
-997
-1365
-2148
-2797
-2804
-2107
-1206
-723
-841
-1232
-1450
-1258
-661
164
879
1124
821
346
231
678
1345
1667
1344
569
-140
-348
-40
363
349
-294
-1324
-2282
-2777
-2555
-1484
337
2338
3525
3053
1045
-1161
-1735
290
4041
7096
7080
3648
-737
-2366
465
5392
7724
5000
-329
-3416
-2142
1102
2773
2028
399
-1152
-2994
-4806
-4856
-2379
549
985
-1502
-4546
-5796
-4832
-2495
149
1695
761
-2287
-4706
-3838
-167
3095
3492
1553
-491
-1090
-62
2001
3994
4481
2847
355
-779
300
2244
3165
2567
1265
35
-889
-1317
-987
-183
163
-587
-1996
-3057
-3228
-2670
-1754
-822
-396
-947
-2160
-2823
-1949
39
1618
1677
523
-603
-718
250
1662
2691
2815
2114
1213
801
1096
1765
2262
2218
1600
681
-105
-429
-296
-47
-97
-626
-1465
-2216
-2492
-2216
-1717
-1491
-1773
-2313
-2609
-2355
-1681
-999
-638
-605
-669
-635
-478
-237
133
639
1033
959
426
-19
188
947
1532
1342
508
-306
-576
-305
98
151
-428
-1525
-2624
-3110
-2748
-1815
-723
400
1584
2529
2544
1315
-315
-662
1312
4716
7056
6231
2537
-1165
-1653
1678
5855
6787
3273
-1591
-3490
-1315
2008
3065
1403
-1036
-2810
-3975
-4574
-3894
-1919
-316
-769
-2849
-4574
-4761
-3760
-2160
-238
1088
344
-2369
-4400
-3140
685
3621
3384
1069
-714
-692
673
2469
3900
4091
2652
571
-369
548
2206
2991
2353
825
-841
-2002
-2070
-968
339
488
-855
-2620
-3529
-3297
-2434
-1403
-498
-236
-1030
-2357
-2834
-1633
439
1706
1358
138
-664
-471
419
1466
2270
2523
2079
1257
764
1042
1775
2239
2045
1369
536
-272
-825
-756
-37
621
297
-1070
-2451
-2755
-1959
-1015
-794
-1343
-2109
-2548
-2431
-1852
-1148
-709
-671
-823
-886
-798
-602
-227
351
810
680
-4
-523
-208
750
1470
1299
437
-396
-659
-377
12
31
-475
-1230
-1785
-1942
-1900
-1947
-2070
-1906
-1065
491
2253
3349
3106
1684
176
-78
1564
4461
6835
6775
3905
357
-582
2216
5947
6430
2718
-1713
-2930
-846
1386
1517
239
-903
-1848
-3243
-4447
-4009
-1949
-224
-492
-2313
-4038
-4629
-3988
-2248
72
1526
669
-1988
-3828
-2756
418
2891
2935
1345
-36
-273
464
1754
3098
3619
2646
786
-316
266
1654
2253
1495
88
-1085
-1635
-1458
-668
70
-138
-1347
-2492
-2585
-1829
-1128
-878
-832
-926
-1386
-1980
-1886
-742
662
1201
680
-128
-444
-84
752
1731
2351
2183
1392
785
974
1703
2203
2086
1608
1120
644
116
-257
-193
166
246
-336
-1275
-1870
-1767
-1297
-1036
-1217
-1655
-2092
-2381
-2395
-2018
-1364
-816
-660
-767
-796
-614
-358
-137
89
306
369
234
127
290
641
852
735
406
81
-145
-259
-246
-145
-123
-342
-748
-1102
-1222
-1190
-1229
-1460
-1742
-1734
-1097
266
2007
3336
3446
2216
593
76
1558
4410
6706
6558
3704
96
-1332
810
4681
6515
4244
-230
-2965
-2164
248
1344
484
-863
-1749
-2695
-3955
-4394
-3069
-1046
-408
-1716
-3504
-4253
-3803
-2633
-993
549
706
-1097
-3244
-3221
-601
2249
2902
1451
-141
-494
271
1514
2768
3399
2733
1068
-146
166
1411
2109
1676
752
-6
-611
-1117
-1147
-573
-110
-560
-1686
-2449
-2311
-1735
-1344
-1186
-1068
-1113
-1449
-1681
-1238
-237
530
560
197
65
322
747
1236
1779
2110
1902
1357
1144
1547
2032
1949
1395
997
986
938
513
-15
-219
-203
-459
-1120
-1728
-1848
-1618
-1513
-1741
-2054
-2129
-1911
-1588
-1368
-1347
-1482
-1587
-1437
-992
-487
-214
-208
-216
-6
365
668
785
813
898
1045
1142
1111
968
798
672
600
515
307
-65
-483
-746
-776
-738
-908
-1365
-1855
-1992
-1593
-770
282
1435
2450
2828
2195
950
321
1385
3915
6283
6644
4468
1175
-716
437
3706
6015
4883
1031
-2180
-2230
48
1787
1350
-486
-2252
-3427
-4028
-3714
-2353
-965
-971
-2462
-4026
-4444
-3785
-2668
-1376
-253
-149
-1436
-2903
-2695
-529
1816
2526
1600
368
-131
269
1368
2764
3615
3118
1547
277
374
1485
2362
2224
1254
49
-894
-1224
-859
-245
-126
-809
-1791
-2362
-2367
-2133
-1842
-1405
-943
-908
-1448
-1944
-1583
-371
771
1012
439
-180
-238
321
1188
1940
2180
1788
1170
981
1424
1986
2050
1605
1131
871
598
110
-367
-490
-330
-337
-774
-1418
-1827
-1807
-1519
-1282
-1333
-1701
-2177
-2399
-2131
-1511
-950
-738
-789
-806
-626
-296
96
513
848
917
687
436
522
953
1347
1345
971
535
292
291
448
613
573
166
-495
-1013
-1042
-667
-382
-624
-1333
-2005
-2157
-1716
-937
-12
1026
2042
2600
2306
1346
549
782
2267
4309
5590
4948
2425
-260
-793
1499
4529
5193
2556
-1062
-2545
-1199
903
1493
284
-1500
-2878
-3680
-3848
-3161
-1907
-1095
-1492
-2721
-3721
-3860
-3208
-2015
-585
352
-35
-1537
-2593
-1786
480
2341
2477
1314
226
107
935
2188
3165
3192
2127
732
118
651
1630
2083
1650
612
-527
-1287
-1322
-724
-142
-257
-1105
-2054
-2514
-2385
-1872
-1177
-587
-544
-1236
-2113
-2216
-1151
375
1218
915
39
-502
-280
509
1404
1973
1958
1430
866
794
1270
1823
1996
1771
1365
860
259
-209
-233
91
206
-303
-1202
-1869
-1946
-1580
-1167
-1051
-1376
-1976
-2375
-2134
-1346
-624
-481
-809
-1068
-917
-445
78
491
705
652
418
306
594
1164
1555
1419
897
473
463
739
912
748
342
-51
-273
-334
-328
-355
-482
-719
-993
-1213
-1372
-1520
-1632
-1560
-1174
-509
296
1118
1826
2191
2004
1426
1122
1802
3444
4972
5004
3216
970
287
1834
4050
4599
2771
158
-1173
-816
-36
19
-550
-1090
-1550
-2323
-3277
-3611
-2882
-1737
-1270
-1855
-2889
-3519
-3324
-2385
-1113
-159
-111
-910
-1671
-1425
-133
1252
1795
1445
858
622
897
1576
2372
2769
2317
1242
478
745
1686
2221
1736
628
-314
-715
-687
-459
-268
-413
-1032
-1816
-2227
-2075
-1668
-1348
-1164
-1082
-1210
-1533
-1655
-1152
-190
535
555
133
-126
77
590
1144
1568
1737
1585
1266
1122
1358
1774
1959
1683
1092
501
121
-37
-67
-66
-136
-390
-863
-1389
-1670
-1565
-1290
-1221
-1475
-1804
-1893
-1706
-1425
-1179
-974
-823
-780
-787
-643
-231
299
655
696
553
467
594
917
1247
1348
1114
705
440
483
678
720
471
71
-256
-425
-517
-624
-749
-858
-980
-1187
-1457
-1654
-1637
-1428
-1167
-914
-531
179
1174
2057
2331
1877
1193
1112
2120
3829
5079
4780
2944
946
506
2027
3997
4319
2405
-233
-1603
-1227
-258
83
-360
-1116
-1968
-2901
-3519
-3247
-2199
-1327
-1428
-2292
-3081
-3242
-2784
-1895
-810
-36
-149
-1070
-1821
-1410
106
1637
2167
1636
782
394
797
1778
2720
2942
2222
1121
569
960
1761
2086
1587
629
-225
-696
-770
-551
-305
-443
-1148
-2071
-2602
-2471
-1924
-1368
-1036
-1050
-1458
-2015
-2121
-1365
-92
806
778
130
-371
-221
552
1561
2288
2309
1624
797
534
998
1671
1933
1636
1054
468
11
-207
-103
180
263
-127
-872
-1552
-1813
-1606
-1187
-937
-1122
-1661
-2137
-2129
-1601
-930
-547
-569
-776
-855
-636
-173
330
659
718
589
459
464
627
872
1072
1094
881
520
228
179
348
496
372
-52
-545
-813
-766
-581
-526
-732
-1113
-1467
-1620
-1530
-1323
-1191
-1194
-1125
-679
203
1191
1823
1905
1629
1399
1570
2281
3315
4079
3948
2881
1652
1249
1906
2820
2955
2060
792
-82
-404
-490
-575
-641
-765
-1230
-2141
-3047
-3288
-2708
-1883
-1534
-1846
-2435
-2810
-2703
-2073
-1090
-214
24
-454
-1035
-931
3
1148
1801
1816
1536
1323
1335
1611
2071
2431
2358
1847
1299
1100
1216
1299
1079
567
-64
-612
-915
-949
-920
-1108
-1559
-2033
-2290
-2335
-2265
-2069
-1721
-1404
-1372
-1577
-1612
-1169
-411
223
490
507
502
617
921
1413
1912
2113
1886
1494
1346
1559
1847
1861
1534
1073
698
479
362
255
77
-207
-570
-940
-1234
-1389
-1406
-1368
-1391
-1527
-1702
-1776
-1685
-1483
-1267
-1096
-974
-861
-712
-485
-182
146
420
579
621
626
698
864
1022
1033
881
693
593
567
518
391
214
20
-186
-397
-587
-742
-868
-948
-963
-956
-1036
-1246
-1450
-1456
-1241
-999
-919
-957
-843
-349
490
1371
1968
2146
2022
1845
1883
2340
3181
3963
4019
3100
1838
1319
1948
2911
2983
1850
382
-426
-456
-321
-475
-847
-1262
-1786
-2467
-3006
-3000
-2487
-1977
-1899
-2185
-2466
-2501
-2257
-1728
-964
-265
-54
-376
-674
-338
602
1505
1845
1701
1469
1377
1441
1669
2037
2297
2118
1508
898
662
720
736
530
163
-301
-829
-1272
-1416
-1275
-1162
-1349
-1753
-2079
-2157
-2014
-1723
-1351
-1039
-946
-1022
-999
-668
-127
363
655
792
876
977
1166
1478
1823
1994
1883
1612
1411
1366
1363
1266
1060
802
523
222
-62
-269
-417
-605
-887
-1192
-1402
-1492
-1529
-1560
-1564
-1526
-1491
-1501
-1503
-1388
-1133
-833
-600
-446
-317
-166
12
225
475
701
790
714
593
597
763
949
990
851
622
401
228
117
70
50
-25
-210
-470
-688
-769
-721
-660
-713
-924
-1202
-1376
-1331
-1117
-920
-857
-847
-677
-234
379
961
1407
1751
2023
2168
2156
2156
2442
3050
3570
3439
2568
1599
1340
1892
2468
2193
1045
-152
-663
-561
-473
-769
-1274
-1676
-1960
-2273
-2573
-2627
-2350
-1979
-1806
-1882
-2016
-1998
-1721
-1193
-562
-109
-45
-237
-256
180
885
1404
1517
1403
1322
1336
1387
1502
1702
1824
1614
1089
605
464
563
568
327
-22
-335
-625
-922
-1137
-1190
-1179
-1270
-1465
-1619
-1643
-1575
-1445
-1222
-941
-755
-740
-730
-506
-73
322
516
592
706
881
1041
1174
1330
1484
1522
1391
1181
1030
986
975
901
699
374
12
-255
-354
-354
-419
-656
-992
-1250
-1309
-1217
-1118
-1126
-1217
-1301
-1293
-1164
-940
-697
-551
-554
-607
-523
-227
146
393
464
461
488
556
651
776
881
864
690
483
388
403
404
317
177
36
-120
-300
-461
-553
-600
-648
-710
-786
-893
-1027
-1092
-988
-771
-646
-724
-870
-818
-465
32
448
733
1005
1374
1789
2084
2132
2011
1991
2312
2872
3193
2846
1965
1246
1242
1734
1938
1373
370
-385
-630
-664
-813
-1046
-1220
-1405
-1769
-2216
-2425
-2239
-1865
-1591
-1500
-1509
-1560
-1582
-1399
-869
-171
260
195
-103
-142
274
906
1375
1496
1328
1058
909
1018
1312
1516
1400
1013
627
444
446
485
425
198
-196
-645
-959
-1042
-998
-1014
-1153
-1330
-1473
-1581
-1635
-1544
-1276
-974
-834
-873
-902
-740
-396
-11
298
491
568
575
638
874
1229
1474
1432
1184
975
947
1020
1036
952
805
600
322
22
-182
-244
-260
-358
-556
-784
-983
-1131
-1206
-1183
-1111
-1089
-1160
-1231
-1180
-1005
-805
-648
-498
-318
-147
-41
29
167
400
633
752
753
736
772
840
872
835
742
614
460
295
146
24
-78
-186
-324
-497
-670
-795
-854
-886
-941
-1019
-1065
-1042
-986
-972
-1020
-1050
-944
-667
-332
-107
-28
80
453
1122
1832
2251
2255
2024
1880
2066
2574
3101
3218
2712
1861
1271
1304
1690
1805
1325
508
-188
-586
-818
-993
-1095
-1160
-1364
-1783
-2215
-2364
-2173
-1848
-1598
-1490
-1516
-1631
-1670
-1401
-797
-180
76
-37
-172
-12
419
886
1191
1280
1196
1059
1037
1205
1431
1497
1322
1029
758
539
350
206
108
-42
-354
-785
-1150
-1312
-1311
-1290
-1346
-1482
-1644
-1747
-1705
-1491
-1200
-971
-863
-797
-666
-428
-116
232
568
820
928
919
922
1038
1237
1397
1434
1381
1309
1235
1127
978
825
688
524
277
-38
-328
-507
-583
-645
-782
-1002
-1222
-1345
-1342
-1270
-1196
-1139
-1075
-997
-924
-850
-711
-473
-194
22
134
195
288
441
613
745
806
808
778
738
691
623
533
430
311
160
-27
-206
-325
-387
-448
-572
-763
-956
-1062
-1045
-961
-919
-983
-1102
-1162
-1092
-924
-729
-559
-411
-253
-24
340
854
1448
1968
2254
2245
2060
2013
2382
3088
3600
3368
2428
1481
1235
1674
2091
1847
981
38
-541
-754
-830
-930
-1096
-1367
-1770
-2198
-2419
-2290
-1932
-1629
-1571
-1702
-1841
-1835
-1605
-1127
-506
-9
114
-87
-237
1
585
1174
1478
1473
1303
1132
1100
1284
1569
1676
1419
935
546
420
449
430
269
-32
-432
-848
-1139
-1234
-1222
-1252
-1365
-1490
-1581
-1644
-1638
-1475
-1166
-875
-749
-719
-591
-287
82
376
576
737
872
973
1078
1250
1448
1547
1479
1323
1208
1148
1064
910
720
526
313
72
-139
-277
-386
-562
-813
-1034
-1144
-1181
-1221
-1279
-1310
-1290
-1244
-1190
-1098
-948
-760
-574
-405
-244
-87
65
218
371
505
592
635
666
718
777
800
750
644
537
463
404
306
142
-70
-295
-498
-647
-722
-739
-756
-828
-957
-1092
-1167
-1142
-1025
-871
-767
-748
-758
-689
-488
-206
54
253
447
742
1177
1691
2148
2398
2373
2170
2058
2302
2845
3225
2963
2080
1187
888
1164
1433
1196
501
-251
-765
-1025
-1131
-1163
-1218
-1422
-1792
-2167
-2341
-2254
-2008
-1738
-1521
-1405
-1413
-1464
-1352
-923
-271
266
401
198
30
217
739
1279
1548
1498
1286
1104
1081
1220
1388
1382
1109
699
390
291
298
230
-3
-370
-776
-1113
-1296
-1326
-1286
-1272
-1321
-1415
-1513
-1540
-1402
-1079
-710
-489
-465
-473
-319
16
393
678
831
862
817
804
947
1247
1513
1533
1289
970
777
751
792
782
658
411
83
-230
-437
-515
-526
-572
-721
-967
-1204
-1295
-1187
-983
-857
-883
-969
-979
-867
-687
-492
-304
-147
-61
-37
15
179
426
637
721
687
613
571
595
662
691
596
375
144
19
-8
-51
-198
-405
-578
-679
-748
-826
-896
-925
-910
-886
-892
-915
-901
-818
-689
-577
-508
-442
-313
-105
139
365
592
911
1383
1931
2332
2385
2124
1860
1944
2431
2965
3044
2468
1569
952
948
1302
1432
994
181
-534
-886
-977
-1034
-1150
-1305
-1517
-1830
-2175
-2353
-2219
-1837
-1433
-1211
-1230
-1390
-1455
-1196
-575
127
505
408
118
79
465
1048
1460
1533
1364
1140
1018
1074
1267
1412
1302
911
457
174
99
95
35
-128
-409
-801
-1181
-1360
-1289
-1153
-1173
-1368
-1570
-1644
-1555
-1307
-921
-533
-356
-432
-531
-379
39
487
747
800
752
711
755
924
1155
1283
1210
1008
835
759
734
709
673
590
392
86
-200
-347
-369
-389
-493
-672
-870
-1044
-1144
-1124
-1000
-872
-847
-905
-935
-840
-632
-404
-231
-130
-72
-3
120
298
462
538
515
466
467
519
560
543
479
401
314
200
58
-88
-205
-293
-380
-504
-667
-829
-927
-934
-890
-863
-888
-933
-942
-883
-776
-660
-569
-508
-456
-381
-252
-62
152
352
545
808
1227
1770
2251
2424
2202
1813
1686
2090
2800
3172
2704
1585
642
561
1179
1619
1215
173
-733
-1037
-954
-917
-1029
-1132
-1232
-1543
-2062
-2399
-2206
-1630
-1161
-1069
-1203
-1304
-1277
-1070
-590
100
607
556
110
-113
271
982
1461
1490
1275
1063
916
873
1017
1266
1316
953
378
-2
-29
86
73
-127
-427
-754
-1039
-1180
-1151
-1090
-1155
-1323
-1439
-1436
-1373
-1264
-1028
-676
-410
-396
-505
-430
-57
408
696
746
683
631
653
784
1013
1216
1233
1046
817
719
754
795
751
619
423
177
-72
-230
-262
-251
-324
-516
-750
-920
-986
-956
-858
-739
-686
-745
-845
-846
-680
-424
-217
-119
-82
-38
39
152
290
425
501
481
396
323
319
371
420
401
289
119
-44
-136
-149
-150
-212
-369
-583
-769
-854
-821
-725
-656
-676
-771
-864
-868
-749
-555
-384
-306
-304
-298
-229
-105
30
145
240
328
435
612
923
1375
1864
2200
2201
1866
1471
1428
1926
2636
2880
2251
1105
307
406
1059
1391
893
-102
-867
-1056
-921
-853
-945
-1068
-1215
-1497
-1860
-2004
-1730
-1212
-831
-780
-937
-1086
-1094
-871
-365
272
664
544
108
-127
150
734
1186
1263
1051
756
559
578
821
1089
1089
729
236
-77
-116
-37
-25
-147
-385
-693
-978
-1115
-1072
-964
-926
-985
-1077
-1166
-1231
-1191
-948
-568
-299
-311
-467
-466
-192
173
402
467
479
493
496
530
666
858
934
807
616
547
622
709
724
688
596
403
141
-42
-38
63
70
-100
-369
-613
-748
-720
-548
-380
-400
-622
-828
-804
-573
-341
-245
-249
-267
-271
-240
-125
85
283
347
273
177
161
216
281
312
280
166
-13
-172
-224
-174
-109
-114
-216
-371
-518
-589
-551
-451
-397
-464
-618
-735
-713
-556
-370
-276
-310
-389
-392
-269
-83
57
100
71
19
-18
1
100
260
388
399
327
332
573
1071
1642
1981
1869
1375
901
933
1602
2440
2683
1966
774
63
352
1189
1607
1115
115
-622
-769
-594
-469
-491
-583
-783
-1162
-1583
-1725
-1441
-956
-631
-619
-819
-1058
-1177
-1014
-489
182
539
316
-209
-444
-91
572
1036
1060
773
440
257
317
583
836
800
437
28
-126
-25
83
33
-139
-346
-578
-812
-944
-913
-810
-784
-871
-997
-1093
-1132
-1058
-838
-567
-435
-513
-639
-584
-295
69
313
365
298
258
370
648
960
1135
1105
954
830
815
901
1015
1069
986
755
470
272
254
356
406
260
-60
-383
-556
-590
-584
-597
-615
-658
-790
-992
-1093
-952
-652
-441
-452
-569
-584
-422
-173
47
186
233
208
157
151
225
342
428
432
347
194
32
-62
-36
62
97
-35
-286
-484
-506
-403
-335
-406
-578
-738
-801
-743
-597
-441
-370
-409
-472
-455
-348
-230
-153
-96
-21
62
136
215
315
417
489
536
598
713
917
1238
1613
1853
1769
1394
1057
1129
1646
2189
2219
1588
739
322
552
995
1047
563
-68
-450
-587
-696
-830
-849
-762
-808
-1127
-1500
-1590
-1334
-976
-752
-697
-759
-902
-1019
-891
-435
102
325
134
-161
-192
91
455
687
734
639
463
325
348
516
643
565
325
103
-4
-44
-92
-168
-273
-436
-655
-859
-971
-993
-971
-938
-910
-926
-1002
-1056
-968
-730
-496
-399
-407
-373
-213
27
264
445
561
604
606
647
778
947
1045
1032
973
956
990
1010
967
870
744
609
471
340
216
75
-92
-251
-357
-424
-523
-684
-835
-883
-834
-795
-836
-900
-876
-749
-609
-532
-496
-430
-312
-188
-99
-29
60
172
271
320
301
245
209
242
330
384
302
88
-124
-200
-137
-70
-131
-311
-506
-620
-638
-606
-577
-585
-637
-709
-748
-723
-636
-508
-379
-298
-297
-336
-308
-157
62
238
333
396
475
557
630
743
970
1315
1688
1954
1999
1791
1468
1330
1618
2191
2525
2164
1232
416
308
804
1206
966
213
-480
-751
-742
-757
-862
-927
-958
-1137
-1502
-1788
-1706
-1304
-920
-789
-863
-984
-1062
-1012
-703
-153
319
352
-4
-271
-73
445
844
894
725
537
411
386
521
749
823
566
135
-137
-125
-8
-11
-175
-412
-661
-877
-978
-927
-826
-815
-908
-997
-1019
-1002
-937
-752
-452
-220
-220
-362
-377
-125
248
508
586
575
564
581
646
792
967
1034
919
719
610
638
690
657
551
454
386
298
166
25
-82
-161
-222
-253
-262
-331
-521
-743
-796
-612
-386
-383
-618
-818
-750
-484
-274
-246
-294
-277
-189
-103
-36
49
144
202
218
225
217
158
82
91
209
290
180
-74
-258
-252
-156
-148
-276
-448
-576
-624
-591
-502
-433
-457
-553
-608
-546
-422
-331
-286
-224
-127
-57
-51
-47
43
202
324
341
303
290
327
364
375
382
404
423
408
374
362
379
409
455
560
761
1017
1221
1271
1138
928
848
1061
1493
1789
1597
949
321
208
601
985
868
276
-332
-589
-539
-450
-461
-515
-587
-770
-1088
-1351
-1327
-1025
-711
-621
-749
-928
-1028
-980
-745
-358
-14
40
-209
-463
-398
-14
389
547
462
304
201
187
271
429
535
462
230
30
1
80
110
42
-65
-176
-316
-474
-561
-530
-456
-446
-515
-605
-680
-713
-648
-455
-233
-153
-245
-337
-246
14
261
370
361
333
348
424
542
657
711
695
649
605
550
481
437
447
468
407
244
63
-33
-26
12
3
-79
-213
-363
-472
-493
-433
-363
-353
-404
-461
-490
-493
-463
-363
-204
-92
-127
-266
-340
-244
-46
91
96
19
-50
-57
7
114
196
181
79
-21
-48
-33
-51
-112
-145
-121
-103
-162
-259
-290
-211
-99
-59
-113
-182
-184
-122
-46
5
25
26
20
28
75
157
224
228
183
143
157
214
265
262
203
119
48
4
-15
-18
-11
-7
-22
-59
-78
-50
5
33
45
142
413
798
1080
1068
801
551
619
1074
1628
1829
1434
686
163
258
779
1114
862
219
-295
-426
-382
-435
-548
-528
-435
-569
-1014
-1420
-1380
-939
-536
-484
-705
-950
-1079
-1036
-739
-230
177
136
-284
-593
-416
91
486
542
402
262
172
144
253
497
681
607
342
154
164
242
226
134
53
-40
-226
-447
-529
-425
-297
-326
-506
-687
-756
-687
-507
-288
-162
-218
-362
-381
-171
132
309
303
225
198
239
319
426
538
597
556
453
367
331
322
320
329
321
225
22
-195
-288
-231
-139
-141
-259
-413
-518
-540
-488
-400
-327
-311
-348
-380
-357
-264
-132
-9
75
129
205
358
571
739
723
481
159
40
316
826
1089
719
-106
-698
-523
191
659
370
-370
-830
-676
-255
-80
-242
-440
-461
-421
-499
-622
-550
-221
124
197
-39
-348
-445
-211
225
550
496
102
-269
-252
131
503
539
283
4
-120
-107
-28
66
103
-12
-263
-496
-566
-491
-395
-362
-415
-560
-767
-903
-815
-521
-245
-197
-330
-414
-293
-28
228
426
624
873
1122
1276
1303
1277
1309
1458
1672
1806
1717
1389
1004
814
909
1073
979
536
1
-296
-321
-323
-486
-722
-850
-881
-986
-1210
-1367
-1285
-1043
-863
-840
-886
-913
-910
-830
-574
-162
147
117
-133
-211
87
534
756
669
493
436
502
608
718
788
730
518
290
202
227
195
28
-171
-297
-392
-550
-736
-824
-781
-727
-772
-893
-988
-996
-913
-761
-578
-451
-441
-483
-432
-214
76
280
343
346
383
470
569
657
738
799
806
746
653
584
559
555
533
457
320
154
29
-7
5
-30
-167
-352
-482
-513
-491
-477
-490
-516
-556
-596
-596
-517
-379
-257
-192
-163
-112
-22
91
207
324
438
523
558
553
543
561
609
650
635
551
447
390
399
419
379
278
173
125
121
79
-65
-282
-443
-418
-221
-39
-101
-432
-775
-802
-466
-75
0
-266
-537
-508
-229
-5
-2
-88
-65
52
91
0
-76
4
174
253
162
-6
-120
-126
-44
65
96
-35
-285
-473
-452
-288
-189
-265
-428
-527
-530
-494
-442
-362
-283
-280
-357
-414
-353
-184
-16
60
22
-75
-135
-78
91
249
265
150
50
96
269
446
534
529
498
524
672
937
1213
1342
1254
1047
920
997
1219
1389
1338
1053
682
415
344
403
430
295
5
-326
-577
-718
-773
-772
-743
-751
-874
-1104
-1287
-1255
-1004
-714
-580
-637
-770
-829
-719
-436
-90
140
142
5
-59
69
309
495
553
528
481
430
388
380
401
400
336
227
121
29
-57
-137
-192
-229
-292
-412
-552
-637
-621
-534
-457
-451
-505
-544
-496
-363
-203
-76
5
54
93
158
270
407
505
519
490
491
536
567
550
519
521
527
474
354
235
182
184
170
89
-50
-192
-286
-320
-326
-356
-430
-521
-583
-597
-582
-559
-541
-526
-512
-491
-451
-383
-296
-202
-113
-39
19
65
118
187
266
337
395
441
465
456
431
419
435
450
420
349
282
251
238
201
131
55
-4
-61
-129
-191
-210
-194
-185
-214
-259
-277
-263
-246
-234
-195
-126
-67
-56
-70
-43
42
138
197
221
228
226
216
229
287
359
378
322
240
194
206
252
304
339
325
233
75
-85
-160
-94
79
212
126
-205
-556
-616
-301
93
172
-140
-513
-589
-359
-121
-89
-180
-205
-142
-125
-193
-219
-89
124
237
156
-36
-177
-148
54
295
372
188
-109
-245
-98
156
251
119
-91
-215
-234
-209
-165
-117
-117
-207
-338
-403
-355
-257
-189
-180
-220
-297
-361
-324
-156
39
94
-28
-181
-202
-75
92
197
216
165
82
44
114
278
433
481
422
341
314
361
462
571
632
621
572
541
552
568
548
501
472
486
505
448
286
89
-11
33
118
75
-133
-368
-458
-389
-299
-309
-398
-471
-492
-498
-506
-478
-388
-274
-208
-207
-231
-236
-200
-101
54
193
208
82
-55
-50
100
250
271
176
58
-11
-20
18
60
49
-41
-157
-213
-197
-168
-179
-215
-241
-260
-286
-300
-275
-219
-176
-166
-167
-163
-168
-171
-124
2
148
213
161
76
82
200
339
383
325
245
224
262
309
314
280
235
196
163
120
66
21
5
10
-13
-96
-206
-265
-238
-174
-154
-208
-299
-359
-356
-295
-212
-158
-162
-205
-225
-179
-82
4
45
54
67
100
138
170
197
227
253
260
238
199
173
187
235
266
230
126
25
2
61
126
120
36
-66
-127
-135
-112
-91
-84
-104
-141
-170
-165
-127
-79
-40
-9
20
37
39
44
78
141
199
215
191
159
147
162
190
209
200
160
104
68
58
65
63
47
13
-39
-110
-169
-178
-142
-115
-141
-205
-254
-254
-222
-189
-166
-147
-125
-97
-59
-15
26
56
92
158
281
436
551
527
317
22
-119
103
609
977
756
-47
-823
-853
-49
833
907
73
-850
-1012
-433
134
128
-248
-472
-424
-416
-600
-691
-419
26
191
-79
-498
-691
-518
-72
428
654
367
-254
-614
-290
437
860
627
65
-283
-250
-31
173
293
273
62
-231
-376
-274
-64
65
56
-77
-323
-577
-612
-303
121
259
-7
-366
-450
-206
139
379
447
345
130
-31
54
363
652
688
497
292
219
273
403
559
660
595
350
77
-27
87
289
391
300
49
-220
-357
-296
-117
16
-18
-205
-419
-522
-460
-293
-153
-132
-209
-288
-298
-228
-98
57
174
199
143
87
98
174
278
373
417
359
209
81
99
246
361
317
143
-22
-86
-68
-33
-20
-25
-37
-59
-109
-190
-273
-311
-265
-157
-73
-114
-292
-482
-510
-319
-72
0
-160
-368
-404
-254
-81
-15
-35
-58
-73
-119
-179
-179
-90
24
74
35
-51
-117
-123
-59
34
77
20
-107
-196
-178
-84
-26
-70
-189
-294
-324
-282
-224
-206
-249
-326
-393
-429
-454
-475
-465
-388
-269
-184
-171
-178
-114
37
217
383
556
767
993
1171
1258
1248
1187
1160
1274
1512
1674
1518
1050
589
469
674
850
684
210
-269
-502
-500
-446
-482
-617
-788
-947
-1083
-1161
-1119
-946
-742
-644
-687
-762
-752
-629
-422
-165
71
163
60
-75
4
334
669
759
628
487
458
502
559
614
632
528
307
111
47
55
1
-133
-263
-361
-487
-639
-719
-666
-576
-580
-677
-761
-760
-683
-549
-368
-200
-143
-190
-193
-37
213
388
431
435
484
551
587
612
676
758
779
711
592
474
380
330
334
334
238
28
-183
-259
-199
-136
-177
-317
-469
-567
-587
-542
-471
-441
-480
-543
-551
-476
-364
-266
-191
-121
-48
11
56
105
185
291
380
411
389
363
382
438
474
453
393
331
290
262
226
175
111
39
-35
-106
-174
-228
-257
-265
-266
-286
-321
-342
-330
-292
-249
-214
-187
-166
-147
-120
-72
-4
60
108
140
178
227
270
289
288
293
315
339
342
328
309
284
245
204
175
151
109
47
-5
-32
-55
-91
-127
-137
-133
-152
-197
-225
-205
-159
-132
-133
-149
-163
-165
-142
-89
-31
0
8
21
52
84
106
132
183
235
247
208
160
144
161
181
175
137
75
8
-34
-40
-29
-38
-81
-138
-176
-186
-179
-171
-181
-204
-237
-260
-257
-225
-186
-162
-163
-167
-148
-105
-64
-46
-41
-21
24
69
85
77
74
95
130
154
153
132
111
106
122
139
132
95
48
17
11
21
25
12
-14
-40
-49
-38
-30
-43
-69
-84
-73
-52
-41
-39
-27
2
32
40
30
27
48
86
115
119
106
102
118
144
159
150
127
104
90
73
48
17
-5
-23
-48
-84
-115
-125
-122
-131
-153
-172
-178
-176
-168
-145
-111
-82
-73
-77
-69
-43
-10
19
43
55
52
48
61
95
120
122
111
108
114
115
111
109
107
95
75
61
60
61
52
37
30
22
5
-17
-18
1
17
5
-25
-48
-50
-34
-15
-3
-8
-22
-28
-12
16
31
25
11
8
15
17
11
6
9
11
10
8
7
5
-2
-4
4
11
-2
-36
-61
-52
-22
-11
-40
-86
-106
-84
-46
-33
-54
-83
-92
-77
-56
-47
-48
-46
-38
-33
-38
-50
-52
-36
-7
15
16
-9
-37
-38
-3
41
58
33
-3
-13
13
47
57
43
28
26
30
27
22
25
40
49
44
31
25
26
25
19
14
14
15
16
14
13
14
14
7
-4
-16
-18
-8
9
17
7
-8
-10
9
34
44
31
12
4
12
30
46
52
50
42
36
35
38
47
55
59
48
22
0
-2
15
31
26
1
-23
-31
-24
-18
-23
-37
-51
-60
-65
-70
-72
-70
-58
-46
-40
-39
-38
-30
-14
5
23
38
43
38
33
40
55
65
62
48
39
38
45
50
47
40
31
19
4
-11
-16
-9
1
-4
-28
-56
-63
-46
-27
-27
-48
-65
-62
-40
-15
-3
-6
-19
-25
-16
4
20
26
24
27
36
44
43
36
36
44
52
48
30
10
1
8
21
23
8
-16
-35
-43
-37
-26
-23
-33
-50
-54
-43
-30
-29
-36
-37
-26
-12
-7
-6
-5
4
19
31
32
22
13
22
48
68
67
47
30
34
45
48
38
25
17
18
20
16
3
-6
-6
0
3
-4
-21
-33
-30
-14
-3
-7
-23
-30
-22
-6
1
-4
-12
-11
-3
5
8
7
4
6
13
20
26
27
27
29
37
45
45
35
23
20
26
36
34
20
5
3
11
18
13
-1
-13
-13
-6
-1
-3
-7
-6
0
7
7
1
-2
4
13
23
24
18
13
19
33
42
36
26
22
27
35
39
37
32
27
23
24
26
23
15
5
0
3
3
-3
-10
-10
-5
0
0
-5
-10
-13
-9
0
3
-3
-17
-23
-14
2
8
3
-2
9
28
38
31
20
22
34
45
38
24
14
20
30
36
31
21
13
13
22
30
28
18
8
7
14
17
9
-4
-11
-6
3
2
-9
-16
-9
8
23
24
15
11
19
30
38
37
34
35
40
41
35
29
30
37
43
45
39
28
18
17
25
27
12
-14
-30
-25
-12
-13
-25
-31
-24
-16
-17
-25
-24
-14
-8
-16
-29
-32
-21
-8
-4
-9
-15
-18
-18
-16
-8
0
2
-7
-13
-6
7
17
17
14
17
21
15
10
15
24
31
26
17
12
11
13
17
21
21
16
6
2
3
4
1
-5
-9
-7
-6
-9
-14
-12
-2
7
7
2
-1
2
4
5
3
6
10
13
14
14
15
17
17
19
22
27
26
24
25
29
33
31
24
16
15
17
17
12
6
1
-1
1
2
3
3
-2
-4
-2
3
6
5
4
5
6
6
8
15
23
25
22
19
21
25
26
26
27
23
16
9
9
13
14
11
9
8
5
4
7
17
25
21
14
11
19
26
26
23
23
25
26
24
24
26
28
30
31
31
33
33
30
25
20
12
5
5
6
7
3
-3
-8
-6
0
5
2
-6
-11
-9
-2
6
6
2
-2
-2
3
13
23
28
27
26
27
31
35
37
36
35
35
30
22
16
17
22
25
20
10
1
-2
0
5
3
-5
-14
-14
-7
-4
-4
-3
6
13
10
3
3
13
23
26
24
23
24
28
32
36
36
31
20
12
16
24
29
26
19
17
20
23
22
19
19
22
22
21
21
21
22
21
20
20
22
24
30
39
44
45
38
36
39
48
49
45
39
41
46
44
36
26
24
25
25
21
15
7
-4
-12
-12
-9
-11
-22
-31
-31
-23
-16
-16
-18
-18
-15
-14
-10
-1
13
20
20
16
16
20
26
31
35
36
32
24
24
29
34
31
21
16
18
22
20
13
7
4
-1
-3
-4
-6
-9
-14
-14
-10
-8
-9
-12
-11
-3
7
13
15
13
15
21
30
33
30
25
28
37
41
38
33
34
40
48
46
44
38
35
32
30
29
25
20
12
7
5
5
6
5
4
4
6
8
10
9
8
7
9
10
9
9
13
19
24
26
26
26
29
32
35
37
35
32
28
26
25
27
25
26
27
25
23
18
10
4
2
5
7
5
1
-2
-2
0
4
5
5
1
-1
-2
-2
2
8
13
15
13
13
17
23
24
20
15
11
10
8
4
0
-4
-7
-9
-7
-3
0
2
3
4
4
5
4
4
4
2
-1
-5
-3
1
5
3
-1
-4
-1
2
8
13
14
13
11
11
13
15
17
21
23
20
13
12
18
24
25
21
19
22
24
22
21
22
23
20
16
16
20
27
31
28
24
24
27
32
37
37
35
32
28
27
28
32
32
30
26
25
26
27
30
35
38
31
24
21
24
28
26
23
23
26
27
24
21
22
26
27
25
25
26
30
32
31
28
26
24
25
25
23
24
24
22
18
18
23
32
33
25
12
8
14
21
19
14
11
11
13
13
12
12
11
11
12
13
14
17
22
22
19
11
8
11
13
12
9
6
4
3
2
3
1
-2
-5
-2
3
4
1
-2
0
7
11
10
8
4
2
1
2
4
5
4
4
5
5
5
4
5
4
4
1
1
4
8
8
6
0
-1
0
4
6
5
3
2
1
-1
-3
-2
5
12
14
12
12
13
17
20
20
19
14
11
9
12
14
12
10
10
8
6
7
11
21
26
25
23
22
25
29
30
30
28
26
24
24
25
25
23
24
29
32
33
30
31
35
39
37
34
29
27
27
27
28
30
32
30
25
23
25
26
24
24
24
25
26
24
22
20
18
13
7
2
0
-3
-2
2
4
1
-3
-1
6
11
7
1
-1
3
4
-1
-6
-8
-5
-3
-2
0
5
10
12
14
14
12
12
11
13
12
7
3
2
6
10
13
15
18
17
20
24
27
26
26
30
34
33
26
21
20
19
14
11
13
18
18
15
13
16
18
16
12
9
8
6
8
14
19
18
14
14
17
20
21
23
26
28
26
24
25
27
27
25
26
27
29
30
32
31
26
23
24
26
26
24
21
19
15
12
14
16
16
14
14
15
16
15
13
15
17
15
14
14
16
16
13
14
16
17
18
21
26
26
26
25
25
29
32
31
29
27
25
23
22
18
17
20
26
28
25
20
16
13
14
15
15
13
7
2
2
5
7
5
3
3
3
1
-2
-1
4
7
5
2
2
2
0
-3
-3
0
0
-6
-11
-9
-4
-3
-5
-6
-3
2
2
4
4
6
6
4
6
8
12
16
16
14
14
13
15
15
14
14
16
21
24
25
22
20
20
24
29
33
30
27
25
25
25
26
26
26
26
27
26
24
21
17
14
13
15
19
22
25
27
26
26
27
31
33
31
26
24
26
30
32
31
28
26
30
35
40
38
36
35
37
37
34
32
33
35
31
24
18
17
18
13
5
0
1
4
3
-4
-9
-10
-6
-2
-1
-2
-6
-9
-10
-6
-2
-1
-1
0
1
0
-2
-3
0
3
4
0
-4
-4
