SAMPLES:	17965
BITSPERSAMPLE:	16
CHANNELS:	1
SAMPLERATE:	16000
NORMALIZED:	FALSE
30
26
21
17
13
12
15
21
23
19
13
10
11
12
12
12
11
12
12
12
12
12
12
12
12
11
12
13
12
12
11
10
7
4
4
4
5
4
4
4
4
5
5
4
5
4
5
5
5
5
4
3
5
7
10
13
16
15
13
12
11
8
4
1
3
5
5
6
9
14
14
8
2
2
5
4
0
-2
-3
-2
1
4
5
4
4
4
6
7
10
14
17
16
13
13
15
16
14
13
14
16
14
13
14
15
15
15
17
22
25
23
19
14
12
14
15
14
9
5
5
11
15
15
14
14
14
14
14
13
14
14
15
14
14
14
16
20
25
27
26
23
23
25
25
21
15
12
13
15
15
15
14
14
15
14
14
14
15
14
14
14
14
14
14
14
14
14
13
11
7
4
7
12
17
20
20
23
25
25
24
23
24
23
21
16
15
21
27
28
24
25
26
27
24
20
19
21
19
12
8
10
14
15
12
10
8
6
3
3
6
10
12
14
15
15
13
13
15
16
13
7
3
3
4
7
10
14
17
16
13
13
15
16
14
14
14
14
14
13
14
14
15
14
14
15
14
14
14
14
14
10
7
5
5
9
13
16
16
13
9
7
4
2
4
6
6
4
2
4
6
5
5
10
15
16
11
6
2
3
8
14
16
15
12
14
15
15
13
13
14
14
10
5
3
3
4
5
5
8
12
15
15
13
13
14
15
14
13
14
15
14
10
6
3
3
5
6
6
5
4
4
5
4
5
4
5
5
5
4
3
0
-1
0
4
10
12
11
12
16
19
17
9
4
8
12
11
8
7
11
11
9
8
10
12
10
10
13
18
20
18
15
13
8
7
9
10
9
7
8
10
12
10
8
10
12
13
13
16
21
22
20
18
19
21
21
20
20
20
20
20
20
20
20
20
21
20
20
20
20
20
21
20
20
20
20
18
15
12
8
7
10
11
10
9
9
9
10
12
16
20
20
16
9
5
8
14
17
19
21
22
21
18
18
21
22
20
17
15
12
9
8
10
11
11
8
9
10
10
9
8
10
11
9
9
7
4
1
1
5
7
5
2
1
3
3
5
10
14
16
16
16
17
16
15
15
15
13
9
4
5
6
6
6
6
7
8
7
7
7
8
7
7
6
7
7
6
7
7
7
7
7
7
7
7
7
7
7
7
6
7
6
7
7
7
8
10
14
21
26
27
26
24
23
20
16
13
13
17
16
15
14
15
15
15
15
15
15
16
15
15
15
15
15
13
10
7
4
4
7
14
17
16
15
14
15
15
15
15
16
19
23
25
25
26
26
27
26
26
25
26
27
26
23
20
15
9
3
2
4
6
9
11
14
11
6
2
4
11
15
14
10
4
2
4
5
6
6
4
4
5
5
3
4
6
8
10
14
17
16
15
13
10
6
2
3
6
7
4
3
3
1
-1
-2
3
6
9
10
13
16
17
13
13
15
15
13
13
14
15
14
13
14
15
15
13
13
15
14
14
16
18
22
26
30
30
25
20
17
20
21
21
20
19
19
20
20
20
20
21
20
20
19
21
24
26
27
27
25
25
25
27
27
25
25
27
27
25
20
22
24
25
24
24
28
31
30
27
26
25
26
24
23
21
17
10
5
4
4
5
5
5
3
4
5
5
4
4
4
6
4
4
5
5
5
3
4
5
5
4
5
5
4
4
4
5
5
4
4
5
5
4
2
1
-1
-2
0
4
6
5
4
4
5
5
4
4
5
4
5
4
5
5
4
5
7
10
14
12
8
3
3
5
6
5
4
4
4
4
3
5
5
4
4
6
11
14
15
14
13
11
9
6
4
5
9
13
11
5
0
2
7
7
5
4
5
6
4
3
5
6
5
4
5
5
4
4
4
5
5
4
3
5
3
-2
-3
-2
2
5
9
11
15
16
14
13
14
15
16
13
12
9
9
11
17
23
26
24
24
25
26
26
24
26
29
32
29
25
21
16
13
14
15
16
15
14
15
16
14
14
15
16
15
14
15
17
14
14
14
16
15
13
14
16
14
7
2
4
9
14
16
19
22
22
18
15
13
12
9
6
3
4
6
6
5
2
1
3
6
9
10
9
5
2
0
2
5
5
5
6
10
14
16
16
15
13
14
15
15
14
16
20
24
26
25
24
24
25
25
25
24
24
24
24
24
24
25
25
25
24
25
24
25
24
25
25
24
24
25
25
21
16
12
13
15
14
14
14
14
14
14
16
19
24
26
26
26
29
32
31
25
23
24
27
27
25
24
26
26
26
24
24
22
18
13
13
16
17
15
13
15
16
16
13
14
15
11
6
3
3
5
8
11
15
15
16
16
16
15
15
15
14
14
14
15
15
16
15
15
18
22
24
26
26
26
24
21
18
14
14
15
17
16
14
15
15
16
15
11
8
5
4
5
4
5
4
4
5
5
4
5
4
4
4
5
5
5
4
5
6
6
5
7
13
18
17
15
13
16
16
14
14
15
15
15
15
15
15
14
15
15
16
15
16
15
15
15
15
15
15
16
14
15
15
15
15
15
15
14
15
16
16
15
14
16
15
15
16
18
23
27
26
25
23
19
15
13
14
17
16
13
13
16
16
15
14
14
15
14
14
15
16
15
14
15
16
15
10
7
7
11
16
18
16
16
15
15
15
14
15
15
15
16
18
21
24
24
20
15
13
14
16
16
13
10
6
7
12
16
18
16
13
13
13
9
4
2
5
9
14
13
15
17
16
14
14
15
16
15
16
18
21
20
16
12
13
16
17
16
14
14
14
11
5
3
3
5
6
4
3
4
4
0
0
4
11
13
10
8
10
12
11
10
10
13
13
13
16
21
23
20
17
19
22
21
19
19
23
28
27
26
25
26
26
26
25
25
26
26
26
25
25
22
18
14
13
14
16
16
15
15
15
15
15
16
16
16
16
21
25
26
27
25
25
25
26
26
26
26
26
26
26
27
26
26
26
26
25
25
26
26
25
25
26
26
26
24
23
21
18
15
13
16
16
15
16
20
25
27
26
25
25
26
26
25
26
25
26
28
28
27
23
20
19
17
13
10
10
11
13
12
12
12
12
12
12
12
12
13
13
15
19
24
25
22
19
20
21
19
12
9
9
9
7
1
-2
-2
0
1
2
5
6
5
4
8
13
16
18
20
27
30
31
28
26
26
26
25
26
26
26
26
25
21
17
13
14
16
18
15
13
16
17
15
13
15
13
9
3
4
10
17
17
15
15
15
16
15
15
19
22
26
29
31
31
32
33
33
32
31
25
20
14
10
8
4
0
-2
-3
-5
-8
-10
-5
-1
0
-3
-6
-4
-1
3
9
17
24
28
30
31
34
34
33
33
33
32
28
22
18
17
17
17
16
14
9
7
7
8
5
-1
-6
-4
0
3
6
8
7
5
3
6
14
18
17
15
16
23
27
27
26
30
37
45
44
39
33
31
30
30
26
24
23
18
8
-5
-13
-16
-17
-20
-23
-25
-26
-27
-27
-21
-12
-4
2
8
11
16
20
27
36
41
46
47
48
47
41
35
32
32
28
25
18
12
8
4
3
1
-1
-3
-3
-6
-9
-10
-6
2
7
6
4
6
11
17
23
26
26
24
26
30
34
37
40
45
51
49
40
31
29
30
29
24
17
11
4
-2
-6
-7
-9
-11
-15
-13
-10
-5
-2
1
5
9
11
12
12
14
23
34
44
42
33
18
15
22
32
37
30
13
-2
-7
3
15
16
5
-6
-7
0
2
0
-3
2
8
8
2
-1
6
21
34
37
29
19
15
20
31
43
49
42
33
30
35
38
34
23
14
12
14
14
6
-1
-5
-3
-1
-3
-10
-14
-16
-12
-6
-3
-1
4
13
24
34
39
39
38
34
31
31
34
34
32
29
28
31
33
32
27
21
17
14
11
6
0
-6
-9
-11
-14
-18
-22
-27
-29
-33
-38
-41
-42
-37
-29
-18
-8
0
7
14
27
39
52
60
64
66
70
72
68
59
51
48
47
40
29
19
12
5
-4
-10
-16
-18
-21
-24
-24
-21
-18
-18
-17
-14
-8
2
6
9
13
23
33
39
40
41
42
43
44
43
41
40
40
44
48
47
39
30
26
28
32
33
30
26
17
8
1
-6
-10
-14
-22
-32
-43
-49
-47
-40
-33
-31
-30
-26
-20
-15
-11
-8
0
11
20
29
36
45
52
56
60
64
68
73
74
76
76
72
65
58
52
47
40
31
22
10
-3
-16
-30
-40
-47
-53
-59
-61
-59
-49
-34
-19
-4
10
25
38
48
61
73
82
84
85
88
90
90
85
72
54
34
20
16
19
19
18
17
18
18
16
15
13
8
0
-8
-16
-24
-30
-37
-46
-62
-89
-120
-141
-147
-141
-133
-128
-120
-105
-87
-71
-54
-37
-13
12
35
56
77
94
109
120
125
125
115
91
67
51
43
32
13
-9
-24
-33
-40
-45
-40
-25
-10
-7
-11
-9
9
42
74
97
97
77
50
40
53
71
69
48
22
6
0
2
9
18
18
6
-10
-14
-2
18
41
61
74
70
51
35
35
46
51
40
19
-3
-20
-31
-35
-36
-36
-36
-40
-41
-41
-40
-36
-30
-24
-20
-18
-17
-14
-10
-6
2
8
11
9
6
6
9
10
7
5
-1
-5
-13
-18
-20
-18
-19
-22
-32
-40
-43
-40
-34
-27
-22
-21
-20
-16
-13
-14
-18
-17
-10
1
11
16
17
18
21
25
26
27
29
33
37
37
37
41
47
47
37
26
18
12
8
4
4
4
-1
-12
-22
-28
-29
-29
-30
-32
-35
-35
-33
-27
-23
-20
-18
-16
-16
-13
-7
3
19
34
49
60
65
66
68
74
76
66
48
29
20
16
11
-9
-43
-82
-110
-117
-111
-112
-129
-155
-165
-148
-113
-86
-81
-86
-81
-54
-17
18
43
60
71
75
73
72
77
93
114
129
126
111
101
119
170
230
262
240
178
118
117
186
278
308
228
85
-20
-18
53
99
50
-70
-175
-203
-162
-117
-111
-135
-146
-129
-109
-111
-121
-96
-20
63
95
58
-2
-18
39
132
187
163
83
13
6
58
110
108
41
-39
-77
-66
-46
-60
-100
-127
-124
-115
-126
-155
-173
-166
-144
-122
-113
-116
-126
-122
-92
-41
4
15
-7
-23
-7
38
78
92
85
78
84
93
91
78
64
55
44
27
5
-14
-26
-31
-38
-51
-72
-96
-109
-98
-65
-37
-36
-56
-65
-43
1
31
26
-2
-16
1
35
58
54
37
28
31
33
31
32
42
51
50
38
30
31
31
24
11
-4
-20
-32
-33
-19
-1
0
-18
-38
-39
-21
1
13
19
22
29
41
53
62
62
55
47
40
38
32
25
13
-1
-9
-7
-3
-7
-21
-32
-32
-21
-12
-14
-18
-14
-3
11
17
16
8
-3
-5
4
16
22
17
12
11
15
17
15
13
14
19
23
30
36
43
47
51
58
64
59
40
22
21
34
44
39
25
15
14
16
16
8
-7
-27
-38
-26
-3
6
-7
-25
-27
-14
-7
-12
-15
-8
4
8
-1
-12
-17
-13
-8
-8
-16
-26
-30
-25
-18
-18
-26
-41
-49
-44
-29
-18
-23
-38
-47
-40
-24
-10
-7
-14
-20
-20
-10
6
21
26
30
40
49
46
34
29
42
66
75
57
29
13
19
31
33
18
-1
-12
-10
-5
-4
-16
-31
-40
-36
-27
-25
-36
-51
-57
-54
-52
-57
-66
-71
-65
-55
-52
-55
-52
-31
5
49
92
135
176
208
223
229
241
266
294
305
282
229
165
115
91
74
36
-40
-130
-191
-208
-211
-235
-294
-365
-414
-428
-420
-404
-386
-364
-348
-347
-354
-345
-297
-221
-151
-113
-104
-97
-63
8
96
162
180
159
146
178
243
290
278
221
169
160
182
196
165
89
3
-51
-45
30
161
292
345
257
73
-53
31
322
617
669
407
28
-161
-10
324
527
417
115
-106
-112
-7
40
-5
-51
-58
-97
-226
-360
-345
-153
64
121
-20
-221
-316
-251
-91
57
118
68
-67
-211
-250
-130
63
145
30
-179
-283
-207
-70
-28
-94
-151
-115
-34
-11
-70
-136
-115
-1
116
131
35
-71
-64
66
211
258
204
138
118
128
130
129
148
171
145
56
-41
-71
-27
23
-6
-129
-280
-365
-350
-287
-265
-319
-406
-460
-458
-425
-401
-410
-440
-470
-475
-438
-370
-307
-277
-280
-293
-284
-254
-216
-181
-145
-99
-51
-18
6
45
116
197
241
238
266
446
826
1277
1520
1340
829
423
579
1321
2082
2110
1183
-69
-654
-149
833
1228
575
-541
-1174
-1021
-612
-543
-766
-804
-521
-344
-668
-1218
-1304
-640
257
600
158
-546
-800
-384
342
870
958
673
225
-118
-109
316
855
1013
587
-72
-390
-172
218
299
-20
-422
-599
-549
-502
-614
-800
-837
-644
-405
-406
-702
-988
-904
-441
28
135
-106
-368
-363
-70
315
573
599
452
308
346
583
844
928
775
521
354
361
465
518
446
303
172
59
-83
-219
-228
-84
28
-101
-434
-670
-586
-293
-104
-166
-341
-424
-360
-237
-126
-34
37
57
11
-67
-118
-88
38
190
231
73
-180
-301
-181
36
105
-54
-293
-422
-391
-294
-234
-256
-345
-454
-522
-510
-440
-359
-307
-282
-260
-224
-198
-213
-273
-328
-325
-263
-203
-178
-189
-222
-270
-287
-181
125
639
1289
1907
2210
1939
1178
477
506
1456
2746
3346
2555
721
-755
-525
1227
2596
1788
-793
-2812
-2583
-933
13
-536
-1405
-1407
-975
-1246
-2168
-2410
-1220
429
927
-93
-1420
-1697
-764
504
1275
1386
1067
488
-162
-403
244
1550
2427
1920
346
-837
-545
757
1591
1109
-83
-796
-623
-212
-290
-787
-1078
-857
-514
-600
-1146
-1629
-1562
-974
-329
-75
-295
-702
-880
-576
117
811
1098
878
448
280
630
1303
1788
1703
1157
648
580
890
1179
1141
800
373
29
-173
-234
-221
-259
-445
-733
-978
-1091
-1090
-1016
-894
-766
-730
-823
-933
-890
-641
-315
-105
-109
-270
-411
-356
-66
297
490
385
98
-110
-43
264
554
549
204
-225
-418
-306
-113
-78
-206
-349
-450
-568
-708
-728
-546
-310
-280
-543
-882
-971
-660
-77
528
998
1347
1610
1706
1532
1229
1262
2017
3231
3934
3243
1384
-189
-35
1718
3238
2730
336
-1947
-2350
-1105
43
-130
-1211
-2011
-2042
-1803
-1827
-1967
-1735
-1084
-533
-583
-1135
-1578
-1374
-524
493
1132
1131
603
-25
-185
475
1666
2477
2144
881
-172
-72
974
1822
1574
413
-693
-962
-467
51
-58
-772
-1476
-1630
-1292
-987
-1089
-1454
-1641
-1415
-943
-583
-541
-680
-638
-191
465
852
750
494
617
1213
1826
1996
1735
1405
1284
1380
1553
1599
1323
692
-1
-343
-245
-91
-306
-888
-1457
-1702
-1659
-1552
-1511
-1536
-1598
-1678
-1735
-1706
-1564
-1318
-1006
-702
-533
-562
-650
-532
-113
378
617
535
358
292
329
373
410
448
380
102
-282
-556
-714
-987
-1457
-1775
-1416
-217
1445
2887
3416
2636
831
-851
-1008
857
3698
5606
5209
2686
-235
-1295
542
3719
4946
2401
-1854
-3674
-1528
1577
1762
-955
-3042
-2418
-1046
-1694
-3671
-3750
-924
1846
1317
-1937
-4346
-3553
-585
1976
2676
1707
-114
-1855
-2322
-646
2458
4600
3730
429
-2260
-1756
1354
3854
3272
401
-1779
-1426
394
1274
233
-1443
-1937
-963
59
-314
-1919
-3150
-2676
-886
505
253
-1229
-2419
-2191
-677
1066
1884
1288
-147
-1040
-312
1673
3257
3106
1614
464
792
2077
2882
2455
1361
652
682
897
622
-126
-703
-649
-266
-311
-1111
-2107
-2412
-1788
-953
-822
-1527
-2296
-2323
-1581
-750
-436
-659
-1006
-1109
-878
-444
-17
214
208
89
26
90
262
499
689
618
169
-413
-667
-421
-51
-94
-661
-1387
-1894
-2119
-2172
-2087
-1822
-1411
-918
-297
574
1652
2610
3059
2886
2411
2236
2907
4412
5902
6064
4270
1607
325
1715
4407
5345
2908
-1167
-3443
-2402
58
890
-793
-3142
-4016
-3307
-2559
-2787
-3357
-3076
-1911
-1113
-1666
-2965
-3395
-2137
-57
1293
1262
453
-224
-339
203
1426
2938
3703
2871
985
-195
522
2378
3390
2461
465
-811
-569
346
566
-278
-1323
-1645
-1363
-1389
-2180
-3114
-3244
-2449
-1532
-1283
-1720
-2250
-2290
-1617
-417
781
1331
1005
320
192
1092
2582
3690
3735
2883
1986
1842
2496
3196
3158
2345
1420
941
771
411
-274
-892
-1108
-1118
-1428
-2198
-2996
-3234
-2780
-2102
-1836
-2216
-2865
-3126
-2651
-1712
-929
-677
-783
-819
-569
-127
353
790
1060
1000
673
467
681
1102
1207
805
261
-10
-37
-147
-488
-953
-1461
-2059
-2688
-3067
-2924
-2230
-1156
82
1250
2076
2353
2110
1645
1477
2173
3909
5949
6803
5437
2530
277
550
3121
5695
5820
3003
-750
-2616
-1553
625
1105
-894
-3367
-4076
-3205
-2726
-3472
-4064
-3115
-1432
-1059
-2518
-4072
-3832
-1806
437
1503
1152
1
-1025
-1053
307
2469
4025
3802
2000
218
113
1814
3671
3799
2006
-35
-623
175
828
242
-1085
-1899
-1736
-1299
-1463
-2307
-3181
-3428
-2925
-2079
-1498
-1593
-2226
-2676
-2163
-640
958
1515
906
212
603
2083
3542
3985
3471
2799
2585
2812
3087
3050
2578
1850
1224
904
685
177
-676
-1469
-1821
-1825
-1939
-2433
-3106
-3502
-3370
-2910
-2577
-2632
-2856
-2772
-2200
-1488
-1106
-1115
-1126
-793
-194
318
516
492
498
703
1040
1278
1246
1011
786
678
557
268
-143
-534
-926
-1501
-2295
-3010
-3202
-2613
-1291
488
2235
3270
3042
1680
183
-120
1438
4290
6896
7626
5776
2285
-458
-154
3191
6585
6427
2258
-2287
-3104
-126
2649
1858
-1503
-3861
-3734
-3062
-3782
-4836
-3861
-1025
599
-1170
-4714
-6363
-4449
-733
1895
2134
608
-1392
-2648
-2074
681
4233
5871
3943
-50
-2428
-894
3050
5583
4458
1107
-1178
-767
973
1661
574
-946
-1425
-977
-897
-1938
-3419
-4043
-3286
-1868
-1027
-1461
-2782
-3786
-3351
-1419
770
1633
707
-787
-1021
710
3311
4906
4542
2952
1770
2037
3365
4444
4300
3093
1761
1038
891
797
379
-313
-1033
-1666
-2292
-2985
-3564
-3687
-3270
-2790
-2928
-3757
-4449
-4057
-2613
-1224
-937
-1676
-2416
-2267
-1226
48
902
1078
708
186
-3
456
1414
2271
2380
1570
341
-497
-473
112
398
-316
-1923
-3512
-4032
-3031
-869
1619
3559
4225
3217
883
-1360
-1596
1095
5468
8647
8225
4222
-708
-3008
-823
4213
7718
6131
436
-4203
-3577
873
3688
1815
-2077
-3635
-2583
-2328
-4326
-5604
-3178
1066
2205
-1492
-6289
-7425
-4204
185
2610
2355
274
-2481
-4355
-3524
385
4850
6068
2740
-2081
-3730
-663
3950
5636
3269
-144
-1165
412
1945
1397
-507
-1631
-1105
-98
-194
-1630
-3222
-3677
-2749
-1351
-765
-1573
-3091
-3828
-2772
-441
1414
1402
-126
-1331
-647
1710
3974
4521
3312
1781
1452
2630
4218
4740
3639
1748
477
501
1189
1361
495
-881
-1894
-2275
-2455
-2845
-3233
-3109
-2511
-2232
-2903
-4040
-4380
-3302
-1623
-753
-1205
-2209
-2678
-2212
-1124
72
924
1068
471
-298
-366
611
1973
2624
2076
860
-92
-339
-182
-199
-715
-1678
-2751
-3350
-2738
-495
2851
5720
6339
4064
135
-2882
-2731
899
5978
9337
8738
4498
-430
-2239
783
6238
9023
5986
-424
-4187
-2190
2212
3304
6
-3337
-3284
-1822
-2691
-5148
-4741
-311
3254
1112
-4893
-8336
-5981
-803
2610
2878
1199
-1407
-4032
-4534
-1164
4233
6859
4019
-1541
-4357
-1937
3044
5875
4452
807
-1372
-471
1733
2335
596
-1475
-1737
-421
427
-502
-2476
-3757
-3319
-1590
-126
-504
-2785
-4886
-4285
-912
2241
2167
-743
-3055
-2064
1483
4540
4971
3211
1278
828
2083
3983
5058
4446
2513
591
-108
455
1147
809
-560
-1899
-2364
-2280
-2553
-3315
-3687
-3036
-2047
-2009
-3147
-4217
-3936
-2459
-1129
-969
-1786
-2642
-2815
-2169
-980
269
1005
869
93
-552
-360
688
1857
2255
1586
391
-507
-802
-887
-1215
-1649
-1620
-771
836
2975
5175
6306
5020
1374
-2211
-2528
1352
6817
9790
8069
2997
-1584
-2107
1867
6660
7246
2327
-3585
-4652
-502
3209
1841
-2543
-4506
-2866
-1737
-3735
-5669
-3309
1816
3759
-112
-5788
-7708
-4782
-81
3319
4172
2141
-2184
-6135
-6118
-1294
4677
6753
3412
-1851
-3892
-823
4196
6086
3060
-1526
-2940
-365
2581
2495
-32
-1921
-1634
-376
64
-786
-2272
-3401
-3176
-1366
554
302
-2442
-4939
-4157
-400
2825
2682
-33
-2047
-1129
1952
4569
4833
3116
1365
1125
2233
3324
3364
2470
1426
735
311
-154
-722
-1143
-1215
-1198
-1676
-2837
-3976
-4084
-3036
-1906
-1853
-2842
-3746
-3600
-2533
-1482
-1203
-1671
-2270
-2388
-1876
-1050
-329
114
354
459
418
310
381
734
1056
851
-7
-1086
-1798
-1841
-1260
-225
1162
2886
4789
6165
5829
3226
-287
-1809
594
5646
9554
9167
4584
-960
-3453
-1058
4094
7123
4745
-968
-4365
-2653
754
807
-2410
-4165
-2269
-462
-2739
-6864
-6919
-1615
3492
2993
-1879
-5546
-4917
-1600
1541
3268
3232
1057
-2358
-4143
-2027
2562
5410
3944
-27
-2406
-1136
1967
3503
2053
-652
-1862
-681
1284
1851
423
-1741
-2916
-2349
-736
318
-417
-2510
-3952
-3151
-879
394
-602
-2368
-2552
-926
525
380
-382
130
2125
3888
3956
2691
1545
1442
2253
3359
4076
3705
1951
-389
-1677
-958
804
1501
39
-2538
-4245
-4217
-3253
-2539
-2390
-2432
-2539
-2969
-3617
-3700
-2622
-924
42
-519
-2001
-3001
-2616
-1104
496
1188
656
-585
-1540
-1431
-307
974
1424
716
-598
-1594
-1779
-1429
-1178
-1288
-1327
-544
1504
4472
7093
7634
5198
1107
-1424
134
5049
9609
10236
6350
643
-2912
-1780
3010
7023
6050
667
-3793
-3217
263
1170
-1877
-4580
-3635
-1800
-3545
-7629
-8044
-2523
3596
3821
-1654
-6856
-7238
-3425
1384
4730
5181
2132
-2795
-5541
-3082
2814
6738
5127
-25
-3418
-1956
2399
5103
3779
235
-1957
-1234
846
1772
604
-1603
-3126
-2986
-1607
-583
-1365
-3558
-4862
-3506
-646
628
-1052
-3518
-3618
-967
1742
2085
595
-244
1004
3373
4891
4639
3299
2167
2077
3016
4224
4532
3149
577
-1455
-1551
-239
479
-627
-2667
-3868
-3739
-3352
-3602
-4014
-3668
-2738
-2411
-3259
-4316
-4125
-2473
-676
-146
-956
-1991
-2210
-1477
-321
686
1175
994
338
-252
-309
126
601
690
205
-874
-2288
-3331
-3136
-1361
1564
4774
7231
7697
5336
1035
-2235
-1508
3284
8870
11331
9139
3849
-1192
-2720
385
5489
7514
3740
-2581
-5238
-2311
1447
777
-3351
-5658
-4203
-2688
-4307
-6596
-5019
53
3254
1064
-3987
-6766
-5102
-742
3364
4948
2875
-1854
-5577
-4590
756
5747
6035
2049
-1910
-2348
421
3404
4030
2120
-410
-1435
-498
923
1042
-409
-2109
-2682
-2016
-1154
-1217
-2356
-3524
-3403
-1929
-708
-1277
-2992
-3431
-1355
1433
2046
116
-1542
-175
3655
6661
6378
3567
1103
1035
2998
5068
5601
4265
1872
-318
-1314
-950
-28
288
-546
-2063
-3405
-4166
-4451
-4332
-3701
-2778
-2359
-3082
-4502
-5251
-4333
-2148
-197
239
-875
-2377
-2876
-1826
77
1502
1612
678
-342
-754
-529
18
575
715
-122
-1987
-3768
-3726
-1050
3195
6826
8115
6645
3219
-456
-2208
-511
4105
8876
10554
7781
2192
-2465
-2787
1454
6363
6864
1872
-3943
-4993
-1240
1881
397
-3453
-4974
-3657
-3161
-5096
-6227
-3398
1269
2698
-634
-4991
-6116
-3456
625
3670
4106
1371
-2933
-4977
-2048
3821
7225
5071
-132
-3236
-1836
1984
4481
3760
806
-1889
-2408
-803
1080
1315
-344
-2386
-3184
-2529
-1583
-1527
-2364
-3018
-2592
-1496
-1096
-2032
-3142
-2609
-189
2162
2321
388
-1290
-502
2634
5803
6615
4666
1832
643
2095
4780
6154
4848
1814
-740
-1437
-706
91
79
-680
-1785
-3018
-4162
-4724
-4258
-3035
-2098
-2366
-3676
-4818
-4661
-3239
-1679
-1084
-1529
-2143
-2094
-1356
-552
-213
-280
-289
54
519
606
141
-480
-759
-763
-1074
-1933
-2640
-2069
238
3630
6775
8274
7135
3540
-496
-1903
970
6448
10498
9976
5129
-657
-3296
-943
4251
7323
4823
-1296
-5196
-3582
391
1168
-2105
-4995
-4435
-2900
-4076
-6699
-6062
-1155
3175
2290
-2519
-6112
-5522
-1871
2338
5183
5030
1304
-3421
-4441
23
5899
7279
3035
-2143
-3277
-174
3401
4170
2003
-962
-2531
-1900
2
1200
265
-2232
-4077
-3596
-1497
-188
-1176
-3388
-4395
-3197
-1300
-817
-1883
-2599
-1501
621
1759
1149
96
371
2276
4460
5322
4453
2858
1998
2533
3806
4512
3871
2206
499
-484
-660
-471
-440
-817
-1567
-2562
-3655
-4495
-4496
-3418
-2005
-1599
-2740
-4355
-4756
-3461
-1662
-845
-1291
-2083
-2252
-1595
-569
233
439
110
-325
-437
-221
-34
-124
-428
-863
-1534
-2364
-2654
-1409
1639
5386
7830
7430
4312
444
-1499
60
4377
8751
10258
7644
2305
-2263
-2644
1533
6436
6957
1958
-3873
-4828
-767
2636
824
-4208
-6955
-5613
-3642
-4110
-5315
-3830
-66
1853
-414
-4318
-5528
-2629
2167
5678
5924
2716
-2024
-4665
-2490
3120
7110
5574
-20
-4193
-3080
1855
5688
4996
733
-3259
-3976
-1655
934
1205
-1048
-3763
-4699
-3498
-1815
-1499
-2694
-3843
-3556
-2207
-1417
-2022
-2971
-2498
-251
2148
2735
1310
-247
184
2851
5818
6767
5130
2504
1110
1866
3750
4826
3914
1564
-499
-1033
-448
-189
-964
-2033
-2460
-2525
-3199
-4419
-4843
-3652
-1939
-1590
-2986
-4529
-4525
-2987
-1356
-816
-1250
-1685
-1395
-501
266
360
-5
-87
459
1075
911
-74
-990
-1106
-782
-1007
-2045
-2841
-1901
1249
5384
8199
7795
4147
-446
-2661
-580
4618
9309
10082
6310
729
-2370
-400
5042
8940
7237
1111
-3876
-3672
-125
1611
-551
-3746
-4799
-4440
-5179
-6592
-5578
-1368
2312
1537
-2920
-6548
-6108
-2210
2415
5270
4818
1131
-3126
-3903
263
5936
7847
4399
-812
-2981
-732
3335
5609
4389
707
-2721
-3517
-1522
983
1344
-901
-3677
-4607
-3413
-1875
-1692
-2742
-3568
-3272
-2511
-2492
-3240
-3368
-1776
748
2123
1266
-561
-975
1059
4206
6159
5766
3817
2080
1809
2983
4487
4963
3795
1626
-185
-811
-649
-642
-1089
-1535
-1782
-2391
-3751
-5050
-4943
-3324
-1794
-1977
-3648
-5004
-4662
-2981
-1423
-976
-1411
-1824
-1598
-855
-118
293
531
874
1218
1121
396
-513
-946
-812
-729
-1257
-2099
-2146
-423
2964
6591
8421
7096
3129
-962
-2134
883
6292
10297
9879
5196
-273
-2216
926
6122
7999
3982
-2677
-5955
-3535
750
1678
-1318
-4406
-5013
-4696
-5627
-6552
-4603
-206
2452
441
-4243
-6950
-5188
-310
4398
6036
3457
-1766
-5587
-4390
1329
6802
7381
2990
-2048
-3326
-197
4174
5908
3630
-647
-3450
-2887
-166
1701
760
-2211
-4660
-4801
-3211
-1980
-2399
-3657
-3991
-2925
-1809
-2012
-3043
-3089
-1287
1140
2220
1359
-124
-371
1346
4091
6061
5983
4084
1948
1247
2371
4124
4771
3530
1167
-785
-1412
-1046
-620
-669
-1145
-1972
-3223
-4598
-5224
-4481
-2949
-2058
-2655
-4121
-5014
-4479
-2903
-1421
-881
-1228
-1710
-1636
-972
-206
298
643
1049
1313
964
-19
-912
-952
-290
55
-615
-1640
-1381
1199
5254
8311
8058
4319
-416
-2629
-487
4625
9118
9813
6102
365
-3415
-2370
2602
6817
5789
15
-5137
-5233
-1678
515
-885
-3327
-4053
-4032
-5485
-7344
-6173
-1519
2422
1683
-2711
-6246
-5948
-2431
1956
4953
4748
994
-3605
-4552
-104
6085
8302
4754
-771
-3167
-967
3084
5270
4048
653
-2323
-2951
-1313
644
817
-1154
-3623
-4606
-3696
-2278
-1929
-2782
-3611
-3404
-2531
-2118
-2479
-2625
-1517
522
2026
1997
987
479
1410
3394
5200
5771
4881
3211
1919
1883
2986
4082
3940
2390
417
-907
-1393
-1480
-1421
-1201
-1176
-2042
-3826
-5339
-5262
-3721
-2270
-2228
-3369
-4407
-4434
-3605
-2619
-1923
-1485
-1095
-707
-471
-484
-525
-154
795
1810
2000
972
-620
-1601
-1425
-686
-401
-781
-850
670
3962
7488
8846
6712
2320
-1003
-370
4132
9265
11135
8189
2338
-2352
-2515
1784
6535
6896
1964
-3873
-5431
-2433
613
268
-2085
-3350
-3539
-4942
-7310
-7153
-2856
2014
2554
-1555
-5952
-6735
-3753
751
4420
5250
2255
-2656
-4921
-1604
4778
8356
6099
754
-2581
-1615
1871
4644
4765
2352
-918
-2859
-2287
-144
1228
309
-2165
-4128
-4331
-3335
-2577
-2785
-3430
-3570
-3041
-2592
-2813
-3165
-2484
-523
1459
1981
1054
191
748
2615
4590
5604
5352
4168
2784
2056
2382
3207
3454
2628
1271
164
-575
-1266
-1855
-1932
-1577
-1619
-2684
-4244
-5051
-4496
-3259
-2552
-2914
-3822
-4316
-3892
-2859
-1944
-1580
-1539
-1296
-729
-303
-440
-816
-579
581
1796
1778
243
-1657
-2484
-1911
-826
-150
222
1271
3653
6589
8021
6307
2178
-1187
-677
3801
8951
10787
7852
2311
-1652
-938
3726
7786
6742
941
-4309
-4477
-989
912
-1001
-3648
-3759
-2699
-3879
-6885
-7421
-3413
1575
2495
-1224
-5487
-6281
-3076
1806
5288
5062
1026
-3848
-5271
-1588
4236
7319
5491
970
-2171
-1637
1591
4520
4687
2046
-1178
-2550
-1536
287
910
-358
-2531
-3986
-3870
-2799
-2227
-2875
-3889
-3906
-2876
-2157
-2598
-3224
-2498
-486
1119
1171
436
440
1590
3004
3845
4094
4071
3862
3499
3234
3222
3194
2803
2191
1765
1453
658
-818
-2160
-2381
-1623
-1177
-2012
-3632
-4688
-4533
-3791
-3399
-3495
-3514
-3152
-2797
-2929
-3350
-3324
-2407
-995
34
104
-588
-1206
-908
422
1903
2286
1116
-763
-2005
-2023
-1310
-577
152
1448
3652
6166
7545
6499
3255
11
-465
2732
7491
10195
8612
3728
-833
-1429
2464
7143
7587
2611
-3308
-4714
-1493
1215
-227
-3531
-4395
-2901
-2987
-5944
-7886
-5162
107
2389
-413
-4815
-6253
-3623
904
4488
5090
2116
-2599
-5170
-2850
2773
6857
6047
1660
-1992
-1867
1396
4618
5024
2401
-996
-2519
-1422
674
1457
59
-2389
-4003
-3855
-2659
-1951
-2521
-3637
-3971
-3256
-2592
-2865
-3393
-2737
-720
1131
1402
506
95
1101
2876
4198
4541
4189
3606
3135
3059
3411
3671
3156
1935
952
834
927
111
-1512
-2520
-2091
-1275
-1699
-3334
-4497
-4114
-3069
-2863
-3598
-4073
-3590
-2799
-2604
-2929
-2978
-2328
-1310
-512
-293
-641
-1150
-1121
-157
1209
1808
994
-625
-1831
-1984
-1362
-429
858
2870
5497
7667
7866
5477
1842
-263
1229
5695
9956
10659
6967
1458
-1614
285
5339
8405
5806
-507
-4671
-3437
132
736
-2387
-5046
-4392
-2842
-4026
-6948
-7088
-2955
1433
1538
-2313
-5908
-6059
-2899
1515
4785
4760
990
-3639
-4529
-89
5956
8233
5279
542
-1732
-419
2513
4497
4212
1966
-662
-1823
-905
764
1148
-453
-2791
-4134
-3987
-3242
-2929
-3154
-3271
-2901
-2517
-2839
-3704
-3892
-2439
-27
1466
1031
-216
-271
1468
3632
4615
4287
3694
3558
3716
3808
3810
3634
2936
1754
882
910
1178
427
-1403
-2853
-2783
-1906
-1834
-2981
-4202
-4452
-4000
-3701
-3732
-3598
-3102
-2691
-2780
-3173
-3292
-2764
-1667
-460
238
37
-767
-1248
-686
631
1605
1404
197
-1185
-2037
-2088
-1263
449
2857
5383
7141
7237
5304
2153
-177
368
3993
8371
10154
7660
2489
-1402
-771
3814
7824
6742
938
-4191
-4066
-276
1484
-1281
-4957
-5224
-3087
-2950
-5737
-7321
-4526
148
1708
-1072
-4782
-5864
-3768
5
3536
4690
2081
-2623
-4881
-1762
4236
7504
5443
895
-1583
-427
2459
4468
4330
2224
-612
-2330
-1722
392
1631
433
-2306
-4289
-4290
-3119
-2346
-2555
-3085
-3168
-2899
-2921
-3355
-3370
-2135
-58
1333
1018
-237
-609
799
3046
4495
4484
3632
2873
2669
3031
3676
3999
3379
1943
694
436
719
404
-813
-2015
-2378
-2265
-2567
-3355
-3843
-3614
-3243
-3449
-4054
-4220
-3570
-2685
-2411
-2876
-3353
-3036
-1872
-619
-119
-502
-1117
-1172
-469
486
992
697
-219
-1237
-1828
-1710
-887
583
2741
5382
7481
7473
4754
988
-748
1361
6054
9945
10227
6622
1527
-1386
280
5139
8320
5903
-443
-4689
-3290
583
1249
-2167
-5181
-4645
-2964
-3928
-6682
-6838
-2954
1124
1170
-2382
-5599
-5670
-2834
1093
4057
4155
913
-3147
-3929
-6
5334
7331
4685
451
-1564
-306
2452
4325
4066
1966
-567
-1902
-1369
125
856
-131
-2170
-3719
-3890
-3162
-2638
-2782
-3101
-3060
-2892
-3167
-3694
-3451
-1870
169
1135
586
-286
3
1621
3387
4153
3913
3478
3396
3505
3446
3219
3006
2707
2073
1238
675
470
77
-879
-1905
-2259
-2089
-2285
-3141
-3849
-3690
-3158
-3276
-4081
-4549
-4038
-3128
-2747
-2963
-3074
-2582
-1661
-797
-350
-426
-798
-924
-395
506
975
524
-508
-1389
-1685
-1352
-355
1439
3920
6367
7555
6475
3386
238
-412
2470
7184
10404
9695
5375
432
-1403
1429
6352
8250
4440
-1912
-4806
-2320
1115
502
-3349
-5509
-4124
-2728
-4476
-7087
-6095
-1542
1678
179
-3905
-6095
-4640
-1114
2292
4091
3207
-177
-3375
-2911
1507
6001
6548
3289
-107
-677
1302
3576
4347
3236
991
-1015
-1567
-655
353
69
-1444
-2883
-3289
-3002
-2965
-3455
-3857
-3576
-2899
-2725
-3428
-4167
-3622
-1559
631
1293
377
-452
293
2280
3909
4205
3691
3409
3629
3849
3698
3318
2953
2606
2225
1863
1436
617
-656
-1778
-2055
-1694
-1714
-2671
-3854
-4186
-3648
-3268
-3699
-4383
-4399
-3694
-3054
-2995
-3190
-3000
-2231
-1225
-490
-342
-708
-1072
-825
94
993
1084
303
-699
-1336
-1540
-1409
-702
1024
3747
6563
7991
6926
3680
237
-870
1514
5998
9418
9095
4945
-98
-1992
995
6096
7985
4081
-2231
-4953
-2329
1179
637
-3201
-5493
-4248
-2734
-4185
-6775
-6254
-2204
1123
318
-3224
-5616
-4875
-1819
1751
4015
3348
-231
-3718
-3302
1324
6043
6628
3189
-481
-1262
671
3051
3987
3043
992
-784
-1172
-282
563
162
-1314
-2647
-3003
-2703
-2585
-2949
-3339
-3234
-2755
-2549
-2970
-3478
-3078
-1481
344
1050
387
-455
-88
1598
3392
4080
3633
2999
2948
3376
3675
3507
3040
2587
2259
1956
1476
632
-496
-1414
-1628
-1358
-1510
-2600
-3922
-4300
-3594
-2916
-3155
-3848
-3935
-3249
-2648
-2720
-3013
-2758
-1908
-1092
-785
-889
-1029
-923
-491
128
550
417
-227
-916
-1237
-1183
-928
-358
985
3373
6186
7866
6944
3607
197
-360
2848
7629
10321
8713
3817
-748
-1355
2525
7204
7654
2671
-3263
-4615
-1219
1622
-59
-4023
-5423
-3664
-2773
-5005
-7262
-5579
-1035
1400
-734
-4662
-6202
-4223
-550
2630
3829
2206
-1440
-3988
-2413
2543
6482
5956
2131
-903
-684
1705
3696
3877
2516
651
-663
-775
80
797
391
-1010
-2370
-2936
-2894
-2881
-3136
-3348
-3208
-2896
-2894
-3331
-3603
-2891
-1188
412
755
-15
-511
342
2107
3440
3653
3287
3181
3483
3764
3733
3463
3064
2558
2083
1825
1641
1034
-161
-1336
-1713
-1366
-1252
-2068
-3366
-4105
-3895
-3373
-3291
-3632
-3816
-3591
-3328
-3412
-3636
-3413
-2511
-1368
-669
-704
-1137
-1315
-793
269
1179
1264
481
-558
-1227
-1421
-1381
-1102
-164
1787
4439
6723
7327
5617
2437
26
570
4257
8676
10433
7875
2650
-1250
-605
3967
7927
6808
1014
-4095
-3986
-215
1617
-1021
-4692
-5148
-3196
-2998
-5549
-7038
-4425
6
1518
-1132
-4710
-5732
-3643
-15
3201
4105
1629
-2613
-4546
-1557
4080
7197
5285
929
-1498
-353
2551
4561
4400
2350
-354
-2062
-1660
285
1695
885
-1700
-3981
-4422
-3406
-2449
-2419
-2912
-3153
-3062
-3128
-3455
-3399
-2337
-619
580
480
-401
-707
378
2335
3886
4229
3621
2894
2673
3040
3690
4132
3935
3067
1991
1217
756
276
-280
-599
-665
-1064
-2199
-3474
-3833
-3141
-2472
-2808
-3836
-4425
-4036
-3244
-2872
-3034
-3169
-2800
-2011
-1283
-1018
-1199
-1387
-1095
-248
649
927
408
-396
-794
-656
-504
-848
-1430
-1279
416
3445
6478
7836
6593
3426
495
162
3150
7639
10345
8919
3918
-1271
-2747
642
5762
7487
3639
-2370
-4911
-2394
1038
812
-2523
-4756
-4127
-3313
-4736
-6505
-5173
-1148
1345
-334
-4088
-5941
-4304
-521
3143
4665
2777
-1569
-4614
-2814
2901
7350
6459
1565
-2362
-2028
1531
4884
5478
3116
-446
-2733
-2174
557
2839
2335
-797
-4057
-5014
-3494
-1444
-850
-1961
-3449
-4029
-3625
-2972
-2449
-1767
-730
161
215
-477
-908
-107
1879
3952
4846
4142
2633
1744
2385
4126
5501
5278
3527
1486
382
407
809
809
227
-702
-1812
-2963
-3742
-3642
-2777
-2103
-2526
-3854
-4918
-4823
-3826
-2887
-2607
-2807
-2970
-2804
-2317
-1665
-1048
-633
-416
-204
125
416
422
190
22
21
-148
-814
-1682
-1912
-858
1413
4262
6767
7799
6386
2791
-784
-1381
2078
7322
10324
8638
3468
-1235
-1760
2369
7584
8894
4548
-1705
-4144
-1397
1931
930
-3539
-6362
-5172
-3117
-3748
-5737
-5109
-1449
1154
-400
-4221
-6028
-4021
79
3452
4089
1419
-2835
-4826
-1844
4002
7114
4431
-986
-3462
-895
3703
6091
4724
1102
-2103
-2753
-491
2659
3561
899
-3248
-5394
-4185
-1478
-44
-878
-2829
-4217
-4332
-3599
-2808
-2279
-1705
-804
10
-40
-930
-1345
77
2987
5266
5068
2793
780
1016
3316
5680
6188
4503
1869
-21
-243
816
1867
1757
332
-1588
-3037
-3589
-3342
-2624
-1948
-2006
-3168
-4821
-5604
-4708
-2836
-1594
-1842
-2909
-3470
-2945
-1822
-852
-311
-59
34
-7
-103
-111
37
291
507
412
-306
-1558
-2548
-2258
-416
2244
4722
6382
6717
5178
2045
-691
-431
3476
8564
11096
9144
4061
-513
-1144
2651
7325
7857
2887
-3098
-4322
-603
2276
-81
-5056
-6773
-4089
-1684
-3094
-5854
-5433
-1787
752
-610
-3877
-5271
-3424
134
2972
3234
546
-3059
-3972
-534
4440
6142
3115
-1088
-2015
927
4475
5367
3228
79
-1796
-1368
699
2494
2183
-388
-3338
-4398
-3067
-1032
-401
-1634
-3342
-3948
-3266
-2328
-1972
-1967
-1601
-825
-389
-817
-1483
-1062
1013
3656
4934
3935
1789
673
1737
4066
5650
5236
3241
1121
123
476
1416
1866
1266
-108
-1560
-2585
-3033
-2892
-2328
-1916
-2369
-3707
-4936
-4944
-3707
-2341
-1947
-2584
-3397
-3512
-2737
-1563
-642
-269
-273
-325
-291
-217
-99
157
523
697
312
-685
-1822
-2306
-1592
119
2064
3687
4995
5921
5746
3834
1075
-173
1783
5973
9262
8914
4885
79
-1690
1026
5349
6284
2083
-3134
-3794
180
2982
327
-4931
-6728
-3924
-1412
-2965
-6142
-6070
-2261
969
240
-3108
-5299
-4299
-968
2429
3727
1975
-1489
-3396
-1443
2944
5682
4333
664
-1475
-285
2551
4150
3282
965
-978
-1417
-420
1002
1497
318
-1882
-3399
-3055
-1500
-564
-1294
-2893
-3797
-3419
-2514
-2010
-1966
-1803
-1203
-528
-329
-580
-517
608
2529
3937
3742
2353
1386
1972
3593
4726
4446
3125
1742
929
743
975
1307
1277
455
-1098
-2677
-3416
-3054
-2207
-1860
-2514
-3785
-4734
-4651
-3634
-2499
-2083
-2535
-3221
-3348
-2681
-1621
-724
-267
-249
-555
-906
-865
-208
698
1114
661
-332
-1234
-1649
-1513
-924
-63
945
2315
4380
6659
7475
5421
1469
-1102
333
4927
8868
8744
4475
-604
-2337
784
5845
7661
3933
-1807
-3790
-867
2012
199
-4471
-6317
-3727
-1270
-3021
-6685
-6850
-2533
1501
955
-3042
-6008
-5190
-1367
2821
4705
2814
-1642
-4655
-2788
2730
6618
5188
400
-2571
-1098
2706
5019
4174
1349
-1239
-2039
-811
1309
2387
1189
-1546
-3637
-3599
-2071
-956
-1316
-2492
-3180
-2974
-2543
-2502
-2557
-1990
-768
179
-15
-983
-1262
195
2719
4394
3962
2154
916
1428
3060
4296
4299
3364
2178
1154
512
478
977
1352
806
-757
-2521
-3463
-3201
-2227
-1508
-1832
-3211
-4705
-5068
-3912
-2243
-1563
-2350
-3591
-3895
-2899
-1445
-570
-566
-1003
-1305
-1151
-532
290
868
875
394
-187
-605
-904
-1142
-1157
-781
-50
1091
2978
5550
7485
6847
3327
-530
-1213
2306
7276
9511
7017
1667
-2245
-1428
3368
7459
6417
916
-3548
-2840
802
1686
-1827
-5303
-4608
-1737
-1771
-5366
-7617
-4891
107
1849
-1182
-5275
-6244
-3398
972
4020
3844
511
-3274
-3759
64
4757
5769
2440
-1409
-1907
904
3861
4353
2400
-220
-1778
-1551
1
1454
1345
-519
-2701
-3460
-2480
-1078
-735
-1678
-2940
-3541
-3319
-2765
-2314
-1960
-1475
-872
-508
-633
-852
-313
1300
3126
3816
2974
1651
1247
2115
3451
4265
4106
3026
1447
169
5
921
1787
1372
-377
-2282
-3128
-2713
-1799
-1337
-1785
-2889
-3893
-4125
-3555
-2781
-2443
-2656
-3056
-3205
-2863
-2055
-1082
-429
-419
-861
-1156
-860
-91
634
895
649
140
-365
-731
-936
-999
-950
-749
-110
1494
4239
7079
7917
5452
1099
-1544
157
5217
9753
10293
6442
1029
-1903
-19
4985
8123
5721
-211
-3698
-1798
1676
1211
-2997
-5536
-3630
-1079
-2566
-6622
-7477
-3094
1918
2164
-2205
-6380
-6468
-2616
2237
4860
3482
-883
-4447
-3551
1417
5870
5648
1414
-2312
-2083
1299
4325
4473
2060
-744
-1978
-1166
627
1710
1044
-950
-2730
-3016
-1948
-881
-972
-2047
-2949
-2899
-2275
-1975
-2238
-2368
-1658
-400
278
-274
-1227
-934
1186
3686
4460
3048
1174
799
2108
3696
4299
3736
2456
976
-45
38
1064
1783
1025
-906
-2484
-2666
-1906
-1367
-1602
-2313
-3061
-3669
-4000
-3834
-3201
-2557
-2366
-2587
-2744
-2475
-1837
-1154
-702
-567
-610
-555
-216
273
559
478
218
29
-147
-533
-1092
-1445
-1313
-749
245
2025
4691
7111
7256
4277
143
-1534
1175
6467
10268
9642
5043
-121
-1914
1096
6140
8041
4197
-2110
-4808
-2012
1679
1074
-2967
-5168
-3425
-1549
-3321
-6660
-6441
-1860
2152
1195
-3371
-6544
-5332
-992
3051
3997
1252
-2975
-4787
-1976
3267
6159
4315
130
-2201
-1052
1814
3794
3658
1758
-624
-1905
-1184
800
2114
1457
-620
-2444
-2859
-2021
-955
-655
-1358
-2393
-2845
-2540
-2147
-2099
-1849
-754
541
518
-1124
-2531
-1571
1551
4295
4485
2487
500
221
1635
3609
4919
4698
2797
265
-1048
-135
1886
2704
1215
-1393
-3082
-3025
-2013
-1240
-1264
-1970
-2961
-3763
-3974
-3509
-2680
-1967
-1719
-2009
-2555
-2799
-2348
-1426
-707
-577
-759
-779
-540
-247
17
315
541
443
2
-495
-859
-1196
-1585
-1680
-837
1305
4265
6597
6630
3930
284
-1254
1060
5922
9922
10218
6554
1406
-1493
228
5117
8284
5847
-476
-4603
-2909
1419
2447
-1019
-4440
-4150
-2182
-2693
-5564
-6475
-3192
1042
1587
-1904
-5470
-5605
-2443
1378
3362
2458
-616
-3486
-3493
-196
3672
4676
2205
-978
-1758
281
2922
3798
2403
74
-1406
-1140
392
1771
1744
214
-1695
-2617
-2127
-1039
-559
-1129
-2123
-2644
-2488
-2187
-2145
-2021
-1291
-260
-20
-1063
-2242
-1744
747
3356
3898
2245
371
151
1622
3453
4465
4284
3042
1273
9
180
1498
2421
1677
-335
-2040
-2419
-1846
-1324
-1383
-1936
-2727
-3512
-3926
-3641
-2785
-1986
-1822
-2280
-2818
-2888
-2381
-1609
-978
-671
-601
-584
-521
-369
-52
452
931
1003
504
-256
-781
-941
-1059
-1379
-1583
-971
859
3519
5878
6608
5053
2024
-287
251
3819
8088
9807
7384
2368
-1417
-803
3686
7618
6531
786
-4243
-3925
221
2439
-61
-3924
-4652
-2697
-2188
-4474
-6051
-3777
335
1594
-1350
-5086
-5795
-3082
697
3118
2923
180
-3282
-4403
-1591
3039
5305
3305
-593
-2469
-872
2263
4068
3326
955
-1170
-1622
-294
1590
2385
1359
-704
-2239
-2294
-1283
-432
-569
-1447
-2247
-2549
-2612
-2670
-2357
-1285
-36
89
-1282
-2642
-2003
731
3367
3736
2003
304
343
1897
3577
4375
4127
3040
1482
190
18
1027
2118
1948
310
-1651
-2635
-2403
-1723
-1355
-1456
-1872
-2547
-3350
-3765
-3282
-2145
-1328
-1521
-2370
-2938
-2734
-2000
-1180
-526
-220
-402
-879
-1065
-559
356
993
983
481
-169
-738
-1078
-1130
-1044
-1072
-1152
-686
983
3728
6241
6738
4480
879
-1159
441
4948
9156
9845
6304
1039
-1879
20
5015
8069
5614
-254
-3668
-1790
1727
1559
-2261
-4724
-3155
-947
-2339
-5905
-6376
-2181
2094
1619
-2808
-6344
-5862
-2323
1490
3381
2281
-1244
-4374
-3796
605
4831
4857
1076
-2380
-2397
320
2973
3723
2559
443
-1323
-1465
290
2488
3012
1237
-1278
-2472
-1825
-543
-33
-625
-1649
-2370
-2612
-2583
-2342
-1683
-686
-85
-621
-1891
-2339
-871
1681
3260
2814
1331
515
973
2087
3172
3945
3996
2814
792
-484
220
2098
2936
1588
-788
-2203
-2038
-1267
-939
-1157
-1605
-2262
-3152
-3791
-3534
-2472
-1512
-1407
-1995
-2567
-2683
-2348
-1654
-720
18
-31
-866
-1616
-1383
-283
696
799
218
-367
-576
-515
-432
-487
-785
-1292
-1614
-1003
1106
4293
6888
6908
3887
-86
-1668
885
6012
10084
10279
6507
1348
-1504
237
5098
8248
5872
-336
-4477
-3141
610
1449
-1288
-3438
-2524
-1246
-2932
-5993
-5844
-1568
2367
1682
-2636
-6044
-5642
-2234
1614
3660
2634
-1052
-4657
-4737
-698
3959
5009
1948
-1700
-2356
163
3173
4166
2812
541
-928
-703
881
2478
2651
1042
-1225
-2505
-2117
-875
-138
-525
-1579
-2493
-2866
-2767
-2349
-1693
-1020
-775
-1219
-1958
-2064
-942
927
2312
2427
1676
1095
1270
2019
2925
3681
3863
3014
1377
167
501
1966
2844
1958
-65
-1623
-1898
-1407
-1010
-995
-1236
-1761
-2643
-3494
-3568
-2598
-1293
-758
-1441
-2749
-3608
-3307
-1947
-370
361
-239
-1540
-2224
-1495
131
1351
1368
484
-438
-790
-516
30
285
-182
-1228
-2017
-1644
154
2860
5507
6926
6076
2957
-618
-1850
704
5511
9063
8644
4461
-421
-2154
812
5809
7717
3969
-2175
-4758
-1896
2075
2171
-1157
-3483
-2918
-2199
-3747
-5541
-4135
-139
2035
-176
-4414
-6495
-4834
-1043
2233
2888
212
-4003
-5863
-2854
2842
6035
4055
-481
-2932
-1547
1657
3845
3817
2042
-219
-1470
-764
1324
2890
2428
287
-1795
-2418
-1614
-546
-347
-1186
-2232
-2583
-2240
-1963
-2147
-2251
-1661
-746
-475
-1046
-1470
-766
834
2188
2480
1890
1203
1144
1983
3318
4157
3625
1940
451
372
1522
2530
2280
901
-645
-1555
-1633
-1104
-442
-291
-1091
-2532
-3572
-3330
-2009
-797
-796
-2014
-3394
-3776
-2869
-1439
-570
-750
-1557
-2139
-1957
-1100
-99
479
386
-166
-663
-687
-254
258
453
143
-619
-1523
-1991
-1432
316
2770
5048
6216
5595
3259
533
-421
1734
5967
9266
8933
4812
-377
-2842
-643
4271
7127
4708
-927
-4192
-2199
1837
2661
-489
-3494
-3369
-2032
-2738
-4864
-4875
-1798
1007
263
-3093
-5413
-4693
-1962
715
1914
958
-1772
-4173
-3621
73
3774
4128
1269
-1505
-1486
911
3294
3922
2765
833
-644
-725
656
2346
2746
1315
-850
-2106
-1837
-818
-213
-494
-1303
-2078
-2566
-2792
-2731
-2224
-1302
-486
-469
-1309
-2069
-1610
149
1976
2535
1754
790
756
1721
2921
3598
3470
2701
1775
1270
1438
1904
1968
1302
229
-698
-1200
-1320
-1199
-1040
-1148
-1718
-2520
-3010
-2861
-2312
-1893
-1909
-2261
-2649
-2793
-2531
-1892
-1189
-848
-1034
-1429
-1493
-980
-136
549
790
669
468
371
361
348
297
143
-271
-995
-1647
-1487
-11
2493
4980
6168
5243
2491
-494
-1570
395
4422
7919
8441
5418
786
-1950
-321
4368
7379
5074
-654
-3952
-1752
2461
3110
-449
-3683
-3430
-1839
-2471
-4751
-4930
-1816
1243
708
-2809
-5674
-5398
-2465
987
2797
1663
-1815
-4741
-4037
179
4174
4389
1188
-1851
-1919
556
3145
3994
2899
837
-784
-815
791
2643
2933
1177
-1240
-2408
-1700
-202
510
-188
-1595
-2532
-2446
-1767
-1279
-1250
-1318
-1171
-1023
-1192
-1399
-938
345
1650
2035
1508
984
1238
2146
3008
3315
3080
2602
2153
1863
1703
1564
1363
1098
745
210
-493
-1063
-1149
-845
-755
-1372
-2422
-3049
-2725
-1872
-1454
-1962
-2912
-3351
-2833
-1842
-1283
-1574
-2261
-2507
-1960
-1083
-587
-616
-628
-132
631
954
574
71
207
948
1391
700
-909
-2241
-2195
-767
1098
2590
3702
4631
4815
3325
491
-1476
-304
3801
7866
8628
5352
499
-2095
-238
4407
7213
4884
-672
-3873
-1765
2357
3061
-386
-3560
-3279
-1684
-2407
-4851
-5106
-1896
1279
729
-2885
-5822
-5638
-2834
658
2832
2065
-1616
-5374
-5429
-1143
3711
4796
1784
-1742
-2445
-252
2513
3784
3093
1260
-402
-786
312
1905
2549
1594
-249
-1587
-1619
-760
-139
-464
-1387
-2042
-2121
-2148
-2564
-2893
-2263
-751
319
-169
-1618
-2187
-845
1409
2667
2213
1106
769
1466
2405
2942
3122
3125
2788
2029
1342
1334
1825
1929
1123
-111
-943
-1140
-1087
-1138
-1331
-1638
-2035
-2323
-2265
-2027
-2106
-2604
-2961
-2694
-2140
-2001
-2326
-2468
-2052
-1486
-1283
-1319
-1108
-537
65
445
645
754
775
792
948
1109
859
10
-1028
-1612
-1499
-943
-150
1077
2952
4916
5584
3936
790
-1254
72
4389
8605
9380
5920
774
-1988
-48
4800
7694
5265
-447
-3727
-1610
2515
3101
-607
-4003
-3619
-1557
-1857
-4385
-5153
-2321
968
734
-2806
-5891
-5720
-2760
709
2552
1563
-1789
-4780
-4176
215
4548
4727
909
-2764
-2786
373
3555
4387
2890
581
-964
-869
694
2479
2967
1659
-439
-1779
-1664
-701
-30
-270
-1144
-1961
-2378
-2610
-2865
-2804
-1895
-410
412
-358
-2002
-2638
-1222
1240
2772
2482
1251
531
918
1984
3041
3651
3577
2777
1627
875
1033
1802
2277
1798
531
-769
-1464
-1456
-1095
-862
-1110
-1868
-2748
-3179
-2919
-2357
-2152
-2517
-3001
-3053
-2687
-2374
-2366
-2354
-1941
-1227
-733
-725
-880
-672
22
809
1213
1111
787
634
817
1130
1151
592
-433
-1467
-2013
-1795
-798
844
2827
4521
4997
3616
927
-1166
-633
2821
7043
8864
6629
1796
-1849
-1166
3279
7094
6030
713
-3520
-2500
1738
3427
343
-3578
-3830
-1365
-749
-3365
-5534
-3955
-393
846
-1434
-4373
-5059
-3399
-986
848
1182
-534
-3312
-4457
-2195
1798
3833
2331
-561
-1671
-191
2151
3406
3013
1573
64
-551
258
1977
3121
2468
322
-1656
-2020
-863
413
521
-583
-1933
-2649
-2662
-2417
-2102
-1480
-560
-70
-790
-2314
-3012
-1678
913
2654
2357
910
46
497
1731
2992
3834
3835
2708
1029
158
812
2094
2483
1576
256
-663
-1211
-1561
-1413
-655
-97
-762
-2476
-3823
-3707
-2530
-1568
-1558
-2232
-2966
-3368
-3252
-2529
-1443
-663
-749
-1493
-1999
-1566
-358
813
1278
990
365
-61
106
885
1765
1945
1045
-427
-1506
-1670
-1190
-621
-135
548
1714
3181
4212
3922
2117
-73
-673
1477
5278
7844
6863
2897
-649
-410
3497
7030
6077
1072
-3084
-2512
1044
2489
-118
-3328
-3297
-1031
-660
-3406
-5858
-4722
-1205
739
-677
-3545
-5036
-4140
-1716
658
1390
-245
-3008
-4177
-2188
1393
3336
2206
-314
-1501
-365
1834
3209
2896
1459
232
242
1404
2587
2619
1343
-278
-1082
-729
84
350
-301
-1315
-1891
-1887
-1866
-2174
-2328
-1667
-479
64
-672
-1827
-1933
-606
1041
1705
1200
365
69
607
1787
3092
3739
3161
1695
558
729
1886
2716
2291
924
-359
-904
-844
-626
-546
-724
-1227
-1955
-2537
-2603
-2211
-1862
-1990
-2536
-3067
-3225
-2963
-2447
-1913
-1587
-1559
-1645
-1508
-1016
-423
-90
-67
-47
239
720
1098
1194
1089
935
744
444
72
-232
-438
-704
-1135
-1475
-1143
320
2696
4883
5394
3505
232
-2010
-1210
2459
6577
8208
6045
1502
-1960
-1340
2955
6735
5825
791
-3271
-2543
967
2236
-199
-2800
-2520
-1081
-1954
-4775
-5651
-2820
672
924
-2078
-5069
-5557
-3670
-842
1420
1666
-654
-3799
-4582
-1735
2309
3913
2149
-601
-1585
-271
1904
3323
3298
2102
651
-23
482
1575
2198
1781
638
-459
-932
-753
-365
-298
-733
-1394
-1869
-1994
-1853
-1516
-1025
-602
-634
-1218
-1847
-1763
-725
658
1445
1234
491
82
544
1720
2925
3397
2824
1637
773
903
1762
2384
2083
1088
159
-290
-464
-708
-1020
-1180
-1186
-1354
-1912
-2636
-3014
-2780
-2235
-1937
-2170
-2727
-3200
-3277
-2829
-1941
-993
-535
-780
-1282
-1311
-584
482
1236
1345
955
517
502
1030
1642
1669
991
240
6
33
-373
-1300
-1965
-1606
-220
1654
3411
4336
3657
1373
-995
-1247
1473
5567
8066
6935
2766
-1331
-1892
1743
6114
6524
2091
-2839
-3455
-117
2367
1034
-1756
-2214
-617
-579
-3399
-5825
-4443
-427
1827
-18
-3921
-6211
-5216
-1982
1160
2109
141
-3234
-4970
-3115
1007
3867
3237
284
-1895
-1397
1047
3271
3752
2582
947
51
388
1608
2776
2910
1689
-134
-1242
-954
82
588
-7
-1117
-1867
-2041
-2011
-1961
-1662
-1014
-513
-833
-1914
-2713
-2130
-265
1450
1593
249
-1027
-801
874
2704
3513
3103
2035
1030
657
1139
2100
2665
2193
934
-234
-709
-611
-363
-211
-297
-862
-1968
-3089
-3390
-2640
-1610
-1366
-2181
-3325
-3840
-3381
-2327
-1339
-891
-1050
-1481
-1676
-1346
-602
228
897
1271
1232
802
349
388
1012
1669
1678
941
4
-545
-618
-580
-805
-1296
-1636
-1231
255
2446
4187
4184
2129
-688
-2079
-620
3101
6696
7559
4773
189
-2496
-742
3972
6865
4618
-688
-3634
-1763
1660
2127
-371
-2074
-1249
-504
-2403
-5164
-4946
-1391
1583
698
-2954
-5745
-5546
-2954
166
1966
1175
-1829
-4477
-3965
-379
3013
3217
676
-1578
-1363
771
2809
3423
2715
1557
807
902
1679
2423
2389
1459
250
-493
-527
-202
-41
-332
-993
-1673
-2030
-2026
-1935
-1943
-1879
-1527
-1157
-1307
-1913
-2075
-1108
383
1031
348
-664
-714
378
1760
2619
2745
2271
1484
961
1296
2371
3173
2760
1293
-156
-732
-472
42
305
65
-767
-1989
-2978
-3069
-2258
-1396
-1437
-2466
-3583
-3809
-3021
-1933
-1319
-1368
-1723
-1907
-1664
-1042
-293
336
764
995
974
683
407
614
1373
2050
1886
881
-125
-375
-21
95
-602
-1807
-2627
-2335
-837
1357
3364
4183
3153
621
-1769
-1934
925
5246
7954
6817
2480
-1673
-2094
1671
6020
6381
1986
-2888
-3418
265
3370
2425
-741
-2140
-1246
-1100
-3196
-4945
-3486
-93
1253
-1046
-4498
-5833
-4331
-1531
752
1304
-297
-2969
-4254
-2518
944
3034
2240
91
-910
46
1858
3134
3311
2536
1349
531
659
1530
2263
2123
1144
-21
-663
-498
119
403
-157
-1215
-1947
-2044
-1979
-2150
-2226
-1771
-1201
-1410
-2385
-2882
-1889
-19
1067
561
-642
-1036
-76
1510
2654
2843
2274
1514
1146
1475
2313
3024
2989
2125
946
107
-130
30
198
80
-480
-1461
-2529
-3061
-2657
-1700
-1167
-1676
-2779
-3428
-3085
-2182
-1505
-1381
-1559
-1656
-1513
-1152
-657
-109
413
827
1003
846
500
398
868
1643
1978
1399
295
-429
-290
234
187
-854
-2310
-3115
-2655
-1119
895
2777
3801
3166
828
-1705
-2101
681
5118
8160
7636
3877
-427
-1937
724
5210
6942
3672
-1546
-3360
-372
3211
2983
-214
-2113
-1220
-461
-2281
-4734
-4287
-1007
1364
177
-3215
-5607
-5311
-2874
115
1790
727
-2554
-5136
-4187
-174
3367
3599
1180
-995
-1003
753
2714
3662
3218
1778
382
125
1202
2595
2951
1853
167
-821
-596
144
255
-632
-1709
-2000
-1586
-1468
-2135
-2806
-2475
-1388
-854
-1536
-2545
-2513
-1244
154
644
306
-32
198
895
1666
2238
2491
2375
2018
1777
1973
2487
2782
2412
1494
584
106
33
68
3
-249
-777
-1592
-2400
-2721
-2375
-1806
-1693
-2235
-2958
-3253
-2986
-2484
-2026
-1607
-1184
-933
-1012
-1177
-907
-23
992
1431
1103
478
199
527
1192
1671
1589
1006
358
38
0
-130
-602
-1287
-1897
-2246
-2206
-1548
-88
1886
3413
3353
1414
-1156
-2140
-128
3977
7309
7221
3559
-907
-2449
479
5448
7795
5091
-32
-2440
-252
3049
3088
39
-2101
-1278
-45
-1482
-4454
-5075
-2201
857
544
-2739
-5610
-5662
-3287
-422
1107
318
-2302
-4522
-3907
-465
2880
3234
857
-1312
-1004
1219
3151
3424
2426
1307
831
1100
1813
2431
2387
1519
318
-455
-487
-184
-181
-672
-1318
-1744
-1970
-2248
-2581
-2623
-2139
-1447
-1172
-1514
-1945
-1811
-1080
-319
45
161
362
675
950
1290
1942
2744
3079
2623
1893
1711
2257
2867
2833
2105
1154
420
57
16
85
-84
-722
-1624
-2259
-2328
-2084
-2000
-2228
-2528
-2655
-2632
-2592
-2511
-2272
-1895
-1565
-1405
-1310
-1080
-629
-51
467
767
782
612
511
676
1014
1200
1049
741
581
600
528
168
-381
-916
-1399
-1915
-2399
-2548
-2000
-599
1373
3095
3528
2220
-3
-1328
-277
3012
6622
8056
6071
2018
-736
483
4777
7940
6530
1692
-1956
-1476
1296
2486
1022
-749
-957
-810
-2318
-4770
-5284
-2742
366
720
-2080
-5308
-6137
-4105
-923
1201
983
-1251
-3655
-4057
-1817
1397
3051
2151
67
-1012
-183
1665
3038
3179
2373
1415
995
1335
2050
2391
1873
778
-130
-440
-459
-643
-959
-1070
-1042
-1364
-2199
-2973
-2970
-2159
-1216
-819
-1123
-1782
-2204
-1843
-642
716
1264
714
-164
-297
628
1967
2873
3018
2634
2143
1874
1971
2318
2570
2395
1770
992
395
64
-159
-451
-833
-1220
-1566
-1904
-2241
-2477
-2521
-2436
-2389
-2439
-2441
-2245
-1895
-1585
-1407
-1289
-1143
-978
-816
-582
-176
352
780
908
757
571
634
1014
1476
1626
1243
504
-148
-362
-189
-31
-298
-1069
-2012
-2617
-2525
-1692
-320
1267
2594
3078
2353
782
-432
46
2526
5661
7140
5516
1812
-801
332
4462
7575
6219
1339
-2461
-1881
1491
3275
1498
-1526
-2643
-1787
-1412
-2738
-4137
-3591
-1551
-404
-1561
-3929
-5265
-4387
-1955
290
795
-762
-3048
-3886
-2132
1033
3033
2393
198
-1120
-287
1770
3207
3124
2062
1043
654
935
1629
2250
2188
1186
-248
-1205
-1246
-763
-440
-561
-982
-1548
-2184
-2658
-2605
-1940
-1098
-693
-969
-1641
-2134
-1945
-968
329
1155
1036
284
-287
-97
795
1883
2612
2639
2027
1314
1150
1688
2406
2664
2297
1549
676
-95
-421
-92
480
436
-609
-2006
-2729
-2459
-1796
-1483
-1714
-2225
-2701
-2930
-2751
-2151
-1422
-1003
-1081
-1401
-1506
-1137
-396
370
796
734
369
121
323
911
1450
1514
1061
467
186
345
641
628
155
-487
-895
-1025
-1197
-1622
-2059
-2076
-1519
-543
717
2132
3199
3127
1747
167
92
2237
5436
7367
6362
2957
-100
22
3337
6431
5702
1475
-2075
-1692
1151
2343
407
-2000
-2103
-778
-1001
-3440
-5436
-4534
-1615
262
-637
-3208
-5066
-4748
-2530
46
1175
33
-2340
-3651
-2415
486
2597
2360
563
-697
-207
1393
2623
2685
1940
1220
1022
1287
1631
1644
1120
257
-414
-462
-30
232
-170
-1010
-1582
-1514
-1196
-1257
-1732
-2000
-1644
-1083
-1065
-1624
-1940
-1367
-300
287
46
-422
-392
133
638
847
937
1117
1348
1551
1790
2072
2182
1955
1606
1517
1673
1624
1113
501
289
385
187
-588
-1472
-1822
-1636
-1487
-1761
-2226
-2444
-2342
-2200
-2215
-2292
-2225
-1920
-1445
-989
-792
-929
-1126
-924
-206
555
791
513
290
513
926
1032
795
646
850
1149
1155
863
552
325
19
-421
-780
-905
-990
-1313
-1797
-2032
-1684
-716
742
2351
3387
3025
1295
-395
-207
2332
5578
6981
5251
1549
-1228
-710
2773
6063
5874
2157
-1593
-2015
399
2097
925
-1439
-2148
-1135
-914
-2719
-4598
-4091
-1649
-90
-1115
-3538
-5021
-4494
-2559
-479
543
-196
-2171
-3518
-2603
56
2089
1835
104
-943
-231
1415
2568
2627
1970
1262
966
1177
1593
1733
1364
726
234
69
94
77
-147
-623
-1184
-1523
-1505
-1386
-1517
-1882
-2100
-1934
-1575
-1331
-1234
-1118
-937
-803
-735
-587
-265
135
460
678
817
864
848
952
1368
1998
2431
2353
1887
1464
1373
1528
1661
1587
1234
603
-173
-794
-1017
-948
-970
-1329
-1889
-2334
-2511
-2455
-2254
-2014
-1930
-2132
-2415
-2349
-1779
-1070
-718
-772
-839
-599
-156
179
303
392
621
933
1120
1079
921
855
966
1136
1173
995
670
335
92
-30
-89
-215
-522
-1004
-1524
-1915
-2050
-1843
-1221
-203
1013
2040
2443
1997
980
245
783
2870
5449
6605
5115
1887
-349
616
4066
6608
5422
1359
-1791
-1413
1089
2165
422
-2026
-2636
-1671
-1415
-2778
-4117
-3637
-1867
-928
-1897
-3726
-4644
-3904
-2098
-433
51
-916
-2461
-3027
-1766
495
1964
1684
389
-411
61
1343
2443
2736
2257
1486
999
1149
1817
2417
2315
1401
237
-433
-395
-100
-101
-470
-864
-1100
-1389
-1925
-2415
-2320
-1599
-953
-1139
-2053
-2726
-2318
-1015
161
420
-106
-643
-596
29
835
1435
1637
1459
1116
928
1103
1561
2012
2217
2140
1858
1434
975
713
853
1233
1310
654
-520
-1456
-1584
-1122
-821
-1176
-1966
-2569
-2611
-2243
-1861
-1723
-1813
-1969
-2041
-1931
-1603
-1089
-529
-125
-2
-70
-61
218
674
1000
1026
894
873
1044
1243
1311
1250
1148
1030
883
735
619
477
192
-238
-682
-1032
-1313
-1561
-1714
-1730
-1722
-1808
-1771
-1088
464
2254
3108
2395
766
-258
470
2793
5299
6249
4807
1915
-64
761
3776
6013
4998
1465
-1348
-1269
534
1298
55
-1604
-2022
-1634
-2001
-3383
-4288
-3492
-1712
-812
-1705
-3478
-4470
-3823
-2029
-355
105
-829
-2235
-2707
-1531
565
1992
1810
638
-37
593
1936
2781
2573
1797
1280
1377
1815
2107
1974
1482
900
503
378
371
228
-171
-686
-1035
-1099
-1085
-1332
-1879
-2329
-2271
-1803
-1470
-1606
-1920
-1860
-1290
-618
-284
-314
-414
-305
74
585
971
1022
808
679
920
1385
1649
1502
1226
1252
1636
1977
1862
1319
784
642
822
881
484
-234
-815
-984
-923
-1033
-1467
-2003
-2297
-2228
-1934
-1656
-1545
-1589
-1647
-1553
-1252
-846
-504
-326
-287
-267
-108
278
801
1208
1282
1056
808
801
1057
1358
1441
1198
760
403
305
383
378
133
-252
-575
-786
-983
-1227
-1462
-1641
-1827
-2091
-2354
-2407
-2069
-1300
-204
984
1903
2175
1677
794
331
1011
2812
4700
5187
3589
1000
-290
1113
4007
5436
3684
261
-1670
-791
1063
1359
-125
-1503
-1607
-1401
-2227
-3636
-3954
-2665
-1209
-1193
-2556
-3872
-3985
-2873
-1288
-154
-143
-1226
-2408
-2408
-933
942
1870
1537
733
376
744
1570
2432
2928
2803
2160
1488
1284
1599
2023
2106
1721
1060
376
-197
-613
-809
-759
-646
-865
-1650
-2678
-3203
-2770
-1760
-1093
-1327
-2116
-2600
-2266
-1356
-537
-231
-324
-419
-269
84
492
893
1272
1555
1622
1469
1252
1185
1356
1655
1823
1640
1154
716
718
1183
1674
1666
1046
214
-306
-306
-20
116
-179
-851
-1565
-1961
-1916
-1614
-1358
-1310
-1412
-1510
-1499
-1348
-1054
-646
-243
-30
-106
-334
-374
27
742
1283
1225
649
113
106
563
980
969
586
139
-164
-267
-171
35
104
-199
-764
-1181
-1172
-911
-793
-1002
-1402
-1772
-1977
-1997
-1906
-1862
-1952
-2031
-1804
-1134
-142
961
1983
2668
2738
2214
1641
1801
3018
4717
5676
4966
2935
1267
1584
3665
5305
4467
1556
-935
-1201
-16
501
-469
-1761
-2121
-1904
-2321
-3515
-4213
-3420
-1807
-999
-1739
-3168
-3855
-3159
-1570
-93
457
-115
-1221
-1767
-1004
717
2159
2364
1549
772
797
1478
2131
2293
2013
1613
1339
1221
1148
1020
848
703
557
255
-314
-1012
-1521
-1622
-1434
-1330
-1620
-2230
-2714
-2646
-2051
-1417
-1210
-1402
-1531
-1259
-728
-323
-186
-89
194
574
796
836
941
1272
1637
1726
1523
1318
1328
1472
1551
1500
1364
1138
816
556
561
798
936
718
234
-198
-398
-415
-377
-377
-511
-875
-1388
-1748
-1679
-1260
-916
-1007
-1449
-1768
-1580
-966
-375
-159
-257
-353
-244
13
274
500
714
858
810
560
276
179
328
556
590
296
-208
-645
-820
-745
-583
-505
-616
-920
-1268
-1397
-1157
-728
-507
-732
-1218
-1543
-1457
-1095
-814
-858
-1164
-1435
-1362
-814
126
1258
2304
2929
2893
2316
1798
2052
3298
4923
5809
5150
3235
1442
1211
2678
4325
4315
2340
-55
-1098
-574
226
132
-747
-1536
-1845
-2075
-2634
-3186
-3031
-2054
-1073
-1085
-2193
-3424
-3617
-2487
-836
167
-82
-1209
-2150
-1920
-426
1353
2138
1534
382
-101
505
1625
2434
2562
2128
1458
923
828
1174
1571
1546
991
228
-349
-578
-566
-528
-640
-934
-1317
-1670
-1942
-2072
-1942
-1545
-1154
-1120
-1455
-1731
-1538
-927
-320
-47
-108
-295
-372
-160
355
899
1111
922
690
787
1152
1395
1311
1103
1063
1178
1202
1005
729
582
595
630
562
379
145
-92
-300
-442
-481
-454
-477
-667
-997
-1267
-1263
-989
-713
-705
-933
-1061
-812
-300
92
129
-21
-28
195
421
432
293
245
389
568
569
353
75
-81
-78
-42
-140
-406
-680
-762
-643
-560
-728
-1069
-1261
-1102
-756
-587
-756
-1060
-1183
-1036
-801
-670
-649
-647
-676
-837
-1112
-1262
-1029
-390
441
1242
1921
2434
2669
2549
2277
2317
3041
4272
5251
5147
3818
2118
1344
2084
3497
3925
2497
124
-1347
-1046
46
298
-715
-1930
-2294
-2028
-2100
-2770
-3245
-2805
-1811
-1281
-1678
-2472
-2801
-2302
-1275
-329
14
-361
-990
-1093
-287
943
1674
1505
937
733
1105
1652
1915
1792
1452
1117
967
1078
1280
1227
743
73
-356
-410
-363
-538
-947
-1354
-1575
-1636
-1659
-1711
-1784
-1843
-1832
-1720
-1536
-1382
-1306
-1203
-924
-493
-141
-60
-155
-134
145
535
802
876
850
824
840
942
1143
1350
1406
1275
1082
943
850
762
729
790
836
700
401
157
126
219
219
36
-248
-485
-583
-546
-482
-538
-749
-954
-961
-769
-571
-511
-519
-437
-234
-31
62
47
1
-19
-6
13
14
-1
-10
-7
-31
-128
-267
-358
-370
-382
-483
-634
-716
-679
-615
-629
-714
-786
-799
-775
-724
-640
-536
-451
-410
-402
-429
-489
-520
-438
-274
-216
-417
-791
-1051
-977
-562
82
871
1712
2384
2613
2320
1795
1581
2117
3357
4647
5041
4027
2163
880
1290
2977
4169
3411
1121
-775
-889
198
752
-49
-1345
-1913
-1724
-1759
-2484
-3166
-2889
-1838
-1134
-1519
-2572
-3262
-2979
-1914
-753
-188
-518
-1377
-1875
-1332
-7
1074
1167
555
142
424
1089
1552
1616
1497
1430
1433
1427
1377
1274
1101
873
629
379
66
-350
-805
-1164
-1330
-1354
-1415
-1674
-2080
-2360
-2262
-1865
-1526
-1486
-1606
-1564
-1241
-816
-502
-315
-138
98
374
658
925
1133
1249
1316
1415
1566
1690
1715
1668
1622
1580
1476
1285
1075
928
847
761
594
327
9
-246
-334
-284
-275
-480
-860
-1192
-1304
-1224
-1101
-1023
-995
-995
-1000
-948
-781
-523
-291
-171
-126
-60
66
198
279
318
367
430
449
382
275
233
289
345
249
-36
-373
-568
-548
-438
-460
-705
-1037
-1207
-1098
-857
-746
-874
-1114
-1237
-1139
-894
-665
-550
-524
-502
-441
-358
-278
-185
-54
73
92
-45
-279
-471
-490
-257
227
878
1571
2192
2628
2745
2480
2038
1928
2590
3849
4819
4539
2935
1154
693
1929
3515
3584
1702
-595
-1455
-717
119
-177
-1227
-1869
-1803
-1824
-2523
-3368
-3380
-2391
-1300
-1096
-1873
-2816
-2992
-2137
-812
94
52
-701
-1357
-1171
-93
1138
1633
1191
494
377
950
1568
1658
1301
979
935
1023
1044
946
719
340
-62
-253
-211
-248
-614
-1122
-1351
-1219
-1084
-1268
-1655
-1873
-1740
-1418
-1182
-1152
-1218
-1169
-881
-440
-69
104
159
253
432
636
838
1053
1231
1267
1163
1071
1115
1230
1258
1154
1009
894
781
609
389
193
85
73
97
44
-150
-421
-613
-625
-517
-448
-535
-747
-940
-976
-840
-650
-538
-517
-497
-421
-322
-232
-95
133
375
473
372
192
116
221
428
557
456
133
-214
-364
-289
-168
-185
-365
-610
-822
-939
-929
-829
-769
-849
-1004
-1062
-947
-762
-643
-595
-524
-370
-180
-45
-13
-39
-7
162
408
564
533
391
294
286
293
250
182
100
-69
-364
-648
-683
-341
297
1066
1787
2225
2141
1572
1026
1178
2239
3632
4335
3702
2048
540
351
1591
3014
3052
1396
-574
-1220
-438
357
15
-1021
-1525
-1217
-1074
-1861
-2963
-3118
-2034
-802
-644
-1629
-2738
-2961
-2110
-793
128
87
-789
-1685
-1686
-624
699
1270
875
215
67
490
976
1154
1115
1093
1106
1026
833
626
444
290
232
323
382
94
-565
-1156
-1205
-786
-471
-703
-1355
-1882
-1859
-1325
-727
-532
-819
-1187
-1160
-673
-124
127
134
205
453
713
833
875
978
1164
1332
1392
1314
1144
999
989
1082
1085
867
523
270
201
228
227
147
-24
-295
-613
-843
-877
-752
-610
-593
-753
-1035
-1271
-1271
-994
-628
-444
-529
-712
-749
-537
-181
133
267
230
134
90
105
128
159
235
328
312
131
-82
-147
-50
40
-21
-210
-416
-557
-609
-556
-432
-326
-302
-317
-288
-214
-168
-173
-154
-41
118
212
204
174
216
325
408
381
275
203
245
362
437
382
179
-122
-419
-567
-466
-130
362
962
1607
2067
2000
1333
532
343
1160
2564
3513
3095
1414
-185
-152
1609
3290
2911
587
-1470
-1477
-107
554
-330
-1535
-1691
-1114
-1154
-2208
-3171
-2901
-1606
-519
-556
-1548
-2581
-2773
-1858
-381
633
470
-604
-1510
-1331
-158
1070
1503
1103
497
280
533
940
1194
1215
1085
908
752
660
619
567
477
391
331
185
-190
-737
-1141
-1119
-768
-550
-834
-1473
-1911
-1743
-1145
-669
-656
-925
-1051
-838
-438
-90
113
206
251
321
480
713
894
922
862
859
929
923
762
587
592
760
857
710
392
127
49
108
153
64
-177
-471
-674
-694
-569
-428
-394
-502
-709
-906
-947
-746
-410
-189
-245
-475
-611
-483
-164
153
332
336
196
12
-60
80
357
559
534
327
105
-11
-14
32
62
41
-46
-175
-286
-330
-290
-211
-175
-234
-363
-463
-441
-282
-71
76
104
52
4
9
60
144
250
329
289
109
-75
-76
114
276
197
-86
-351
-444
-404
-359
-426
-654
-988
-1219
-1079
-484
353
1093
1512
1532
1185
649
346
750
1921
3194
3526
2419
631
-239
742
2651
3423
2037
-252
-1311
-574
472
333
-680
-1214
-908
-779
-1578
-2621
-2697
-1673
-615
-490
-1250
-2161
-2549
-2132
-1039
111
475
-269
-1389
-1679
-691
766
1495
1137
388
102
456
1000
1319
1371
1301
1179
998
815
720
689
623
505
404
295
14
-490
-954
-1018
-681
-402
-621
-1264
-1780
-1724
-1199
-716
-661
-953
-1200
-1104
-701
-267
-41
-44
-95
-16
203
424
534
569
639
756
830
785
663
569
576
674
769
740
535
246
44
8
66
100
72
7
-90
-217
-334
-394
-407
-421
-426
-400
-396
-504
-682
-719
-492
-178
-86
-274
-452
-349
-43
163
148
89
149
228
168
38
62
262
402
318
146
101
177
205
123
23
-48
-141
-248
-274
-209
-182
-259
-306
-201
-72
-135
-343
-406
-187
90
131
-61
-244
-267
-191
-134
-121
-117
-108
-98
-81
-61
-55
-38
29
117
106
-64
-294
-408
-349
-234
-208
-327
-558
-830
-1044
-1067
-844
-443
14
489
995
1423
1531
1223
818
905
1769
2957
3506
2788
1241
181
617
2135
3142
2466
653
-601
-359
578
779
-58
-916
-950
-579
-763
-1609
-2210
-1865
-964
-474
-843
-1655
-2199
-2058
-1280
-295
263
-29
-906
-1490
-1108
-17
861
907
378
-23
74
465
779
896
924
949
936
835
690
583
530
486
421
338
191
-104
-522
-819
-759
-449
-345
-753
-1402
-1693
-1363
-784
-520
-724
-1061
-1159
-956
-643
-386
-222
-109
-3
116
238
333
389
448
558
707
809
791
684
618
711
926
1067
960
638
332
251
380
518
476
221
-137
-437
-566
-521
-403
-335
-364
-455
-559
-649
-669
-535
-249
26
87
-84
-273
-251
-10
258
392
398
360
318
290
326
470
655
736
654
501
408
414
469
517
513
387
102
-247
-472
-471
-350
-326
-491
-733
-875
-870
-813
-790
-766
-672
-536
-466
-501
-540
-458
-265
-90
-37
-108
-219
-271
-192
16
249
354
276
120
56
152
316
399
321
140
-6
-27
27
23
-110
-299
-432
-493
-548
-638
-722
-768
-786
-768
-632
-277
289
914
1363
1444
1169
857
971
1718
2719
3211
2734
1636
841
1029
1978
2758
2597
1592
561
176
341
434
118
-337
-533
-557
-859
-1564
-2189
-2162
-1535
-959
-995
-1585
-2210
-2381
-1951
-1135
-401
-233
-730
-1386
-1467
-748
227
706
503
77
-63
157
480
706
811
827
772
711
719
770
744
612
497
492
468
214
-254
-640
-682
-456
-315
-517
-962
-1302
-1284
-965
-632
-522
-621
-740
-729
-594
-409
-215
-21
133
184
145
122
209
393
577
692
746
776
803
832
873
944
1030
1054
943
715
489
382
389
400
331
179
-23
-246
-441
-522
-453
-337
-338
-512
-738
-858
-827
-710
-586
-508
-507
-593
-690
-673
-481
-205
-18
-3
-79
-95
35
280
548
737
781
680
533
470
545
680
745
682
521
317
134
43
88
186
174
-15
-245
-328
-256
-188
-239
-346
-390
-383
-428
-533
-574
-449
-241
-122
-169
-285
-308
-170
67
277
364
305
173
90
140
284
383
336
174
13
-76
-107
-116
-110
-103
-136
-229
-339
-388
-351
-277
-235
-267
-360
-462
-501
-447
-347
-292
-330
-421
-487
-489
-449
-419
-423
-438
-423
-378
-344
-354
-357
-241
46
437
814
1125
1362
1495
1480
1384
1404
1701
2177
2488
2324
1734
1143
996
1339
1730
1631
934
55
-489
-579
-519
-625
-887
-1100
-1211
-1391
-1734
-2031
-1959
-1488
-986
-859
-1138
-1481
-1538
-1231
-726
-259
-35
-143
-438
-564
-255
358
843
927
768
698
808
924
940
976
1141
1302
1226
896
532
336
297
293
246
126
-101
-429
-736
-849
-737
-573
-570
-767
-1005
-1102
-1016
-845
-704
-626
-583
-559
-553
-539
-448
-241
19
223
314
332
342
368
424
534
691
798
732
501
278
240
378
506
458
253
35
-76
-81
-48
-33
-67
-176
-348
-520
-608
-589
-538
-548
-632
-723
-752
-698
-602
-506
-437
-389
-325
-209
-41
128
244
314
391
507
626
676
647
596
593
641
689
687
639
575
527
510
509
494
438
349
251
162
76
-12
-72
-99
-132
-219
-341
-422
-420
-386
-388
-434
-462
-437
-377
-319
-279
-249
-220
-193
-168
-142
-105
-35
70
157
158
84
48
155
360
501
465
308
190
210
319
380
312
153
12
-37
-7
29
19
-35
-110
-205
-316
-403
-408
-320
-204
-146
-185
-274
-335
-310
-212
-113
-84
-133
-187
-159
-40
90
143
108
63
81
175
291
351
310
210
158
207
289
273
137
-7
-46
-6
-15
-111
-204
-208
-152
-138
-207
-307
-363
-346
-272
-193
-180
-253
-347
-355
-266
-177
-179
-234
-246
-187
-136
-156
-209
-219
-176
-138
-153
-207
-257
-262
-207
-90
78
267
436
574
690
806
923
1007
1051
1109
1251
1436
1485
1270
909
719
862
1108
1054
583
27
-196
-50
103
-51
-426
-696
-704
-617
-661
-834
-962
-939
-828
-743
-712
-724
-771
-812
-750
-548
-338
-304
-427
-486
-312
-19
155
148
126
236
424
530
502
435
416
447
476
474
422
305
145
21
9
75
95
-28
-253
-441
-493
-439
-399
-455
-568
-634
-601
-534
-522
-559
-553
-442
-291
-196
-173
-143
-53
69
171
236
281
306
317
348
420
488
479
398
337
348
383
361
283
220
207
200
140
33
-60
-101
-99
-102
-156
-258
-366
-426
-427
-409
-411
-430
-443
-436
-414
-365
-284
-189
-120
-84
-46
27
118
189
228
252
284
318
343
361
386
423
455
460
423
363
319
314
321
287
183
51
-50
-96
-121
-163
-227
-300
-371
-427
-446
-412
-349
-309
-311
-320
-283
-199
-118
-82
-70
-33
39
96
105
87
95
145
198
213
206
218
259
295
300
293
296
303
283
235
190
167
144
98
36
-7
-28
-45
-75
-102
-107
-89
-70
-59
-55
-48
-31
0
50
98
106
46
-41
-62
44
227
329
240
26
-105
-4
247
408
321
79
-81
-35
107
145
24
-126
-156
-75
-37
-129
-270
-302
-180
-25
8
-106
-252
-290
-187
-25
61
4
-134
-213
-148
0
96
79
17
0
26
41
21
1
9
29
40
36
3
-68
-148
-169
-102
-21
-28
-132
-236
-254
-191
-118
-82
-79
-82
-76
-63
-48
-32
-3
51
110
131
93
35
31
104
198
232
184
104
64
94
159
196
159
67
-16
-41
-25
-20
-63
-132
-188
-209
-214
-224
-252
-280
-286
-267
-243
-232
-215
-159
-59
31
61
49
68
181
361
510
543
463
375
402
573
770
817
653
413
305
395
535
534
353
129
9
-3
-16
-110
-253
-345
-346
-326
-382
-518
-633
-627
-511
-393
-368
-441
-531
-543
-428
-235
-79
-48
-113
-146
-66
87
205
241
238
255
302
349
369
356
319
295
311
338
306
182
34
-45
-34
-5
-41
-147
-260
-320
-311
-276
-267
-307
-366
-383
-343
-291
-277
-291
-279
-218
-133
-66
-28
-1
33
85
153
223
271
279
268
271
303
336
334
295
247
213
193
172
151
130
104
65
15
-36
-80
-120
-154
-171
-167
-163
-179
-219
-254
-259
-235
-203
-178
-172
-179
-182
-161
-109
-50
-9
8
19
39
70
102
132
157
171
163
136
115
113
127
141
139
116
77
38
15
13
18
9
-18
-47
-62
-66
-74
-87
-100
-107
-105
-95
-81
-67
-57
-52
-47
-41
-28
-6
21
36
40
43
56
80
100
105
99
89
84
86
96
106
104
85
67
64
79
96
99
86
71
60
55
50
45
38
27
8
-14
-30
-29
-19
-17
-35
-59
-65
-51
-32
-27
-31
-29
-23
-18
-18
-18
-13
-9
-10
-10
-5
-2
3
16
35
47
50
50
60
69
62
50
54
73
83
69
47
39
45
44
32
17
4
-10
-23
-30
-34
-47
-68
-87
-95
-97
-105
-111
-106
-99
-98
-100
-93
-75
-58
-53
-48
-31
-7
11
18
28
51
78
94
96
94
98
109
117
118
113
108
106
104
103
98
87
71
55
38
22
4
-11
-19
-22
-32
-48
-64
-70
-66
-63
-68
-80
-87
-82
-69
-58
-57
-65
-70
-62
-44
-21
-7
-5
-10
-13
-11
-8
-7
-4
10
22
26
18
10
10
15
15
7
-5
-15
-18
-17
-18
-28
-40
-45
-37
-24
-21
-27
-36
-40
-41
-35
-28
-19
-15
-14
-16
-17
-14
-12
-4
13
31
43
47
52
59
65
68
69
71
79
85
89
81
64
50
50
66
80
76
61
50
46
43
40
33
27
15
-5
-24
-35
-36
-32
-32
-40
-56
-71
-76
-71
-57
-45
-39
-41
-44
-45
-36
-22
-10
-7
-11
-14
-13
-11
-8
-4
7
15
15
3
-6
-2
14
29
29
18
0
-12
-16
-14
-10
-14
-27
-39
-46
-47
-45
-41
-37
-32
-33
-37
-36
-28
-19
-11
-7
-7
-7
-3
10
24
34
37
37
41
53
66
77
83
82
78
72
66
64
62
60
52
39
21
8
4
4
3
-4
-17
-30
-41
-44
-39
-31
-28
-33
-43
-53
-56
-55
-48
-40
-34
-27
-21
-16
-17
-18
-12
5
27
41
42
37
35
35
36
42
59
81
87
56
-2
-48
-38
30
104
105
0
-140
-199
-116
29
86
-11
-159
-208
-128
-37
-46
-121
-142
-69
8
-9
-101
-150
-82
53
142
114
2
-87
-65
57
180
199
115
22
14
81
147
152
117
94
103
117
101
55
16
20
63
102
84
8
-74
-97
-47
22
44
1
-64
-99
-86
-57
-42
-44
-46
-37
-27
-25
-26
-23
-10
11
27
23
-2
-31
-30
2
38
44
18
-13
-26
-19
-1
22
34
18
-15
-41
-37
-17
-8
-16
-22
-15
-15
-32
-51
-45
-14
15
17
-9
-37
-40
-17
14
31
26
14
9
14
16
13
8
10
19
24
19
6
-1
11
33
47
33
3
-18
-11
15
37
36
16
-7
-20
-19
-10
-2
-6
-11
-12
-7
-3
-5
-4
7
22
25
9
-13
-20
-8
10
12
-2
-15
-17
-9
-5
-9
-14
-12
-8
-9
-19
-31
-39
-37
-28
-20
-17
-16
-14
-12
-8
2
14
22
22
15
10
12
15
16
17
25
37
37
18
1
3
27
39
27
1
-10
4
26
32
17
-4
-18
-19
-14
-11
-12
-13
-12
-12
-12
-11
-11
-9
-3
8
15
11
0
-6
3
17
24
17
10
11
18
19
14
10
14
15
6
-9
-20
-19
-14
-14
-22
-33
-39
-36
-25
-19
-20
-28
-37
-39
-33
-25
-19
-17
-16
-15
-13
-12
-13
-13
-9
1
12
15
4
-11
-13
1
17
21
13
8
10
14
12
10
9
12
12
11
11
13
13
12
10
9
5
-5
-15
-16
-12
-10
-12
-14
-12
-8
-5
-4
1
8
13
14
9
7
10
10
10
9
9
11
9
8
8
9
9
7
8
9
9
8
8
8
9
9
8
9
8
8
8
8
8
7
6
7
7
7
8
6
2
-4
-9
-5
5
10
10
6
5
7
8
9
12
17
22
21
15
11
10
12
11
8
6
6
7
8
7
7
7
6
5
4
4
6
5
5
4
4
5
5
4
5
5
4
4
3
5
5
4
5
5
5
4
4
4
2
-2
-6
-7
-5
-4
-2
1
3
4
5
5
5
6
5
5
5
5
5
5
3
3
2
-2
-2
0
3
3
0
-3
-3
2
8
10
7
3
2
5
5
5
3
4
6
6
6
3
3
6
12
13
10
5
2
3
10
15
17
15
13
15
21
25
27
24
23
24
25
23
18
17
19
22
21
13
4
0
3
9
13
14
13
12
12
13
16
17
19
22
27
28
20
10
6
12
19
18
9
1
2
7
12
16
21
24
24
17
11
14
21
28
25
18
13
13
17
23
25
24
24
24
25
24
25
27
29
29
24
18
19
26
30
28
25
25
29
30
29
26
25
26
27
26
23
22
20
16
12
8
2
-3
-8
-9
-5
0
2
0
-2
-2
1
5
9
11
10
8
9
13
17
17
12
8
6
8
10
11
10
8
10
12
16
19
21
23
25
26
27
24
24
23
25
25
24
20
15
10
4
2
3
3
0
-3
-2
-1
-2
-3
-2
3
6
5
3
8
16
22
24
23
22
20
16
16
21
28
28
25
23
24
26
25
25
27
32
32
29
24
26
33
38
38
34
29
25
23
24
26
26
18
6
-5
-5
1
6
4
-1
-3
-2
1
5
9
15
22
26
25
20
18
19
22
26
26
25
23
23
27
29
32
30
25
21
19
20
25
25
20
14
13
13
11
5
3
6
14
15
10
0
-4
1
10
15
14
10
11
12
13
13
14
18
22
22
17
11
10
13
19
23
22
19
17
13
11
10
11
10
5
1
1
5
11
15
15
15
14
14
17
23
26
26
28
30
33
31
29
29
33
34
31
25
25
28
32
33
29
25
21
16
10
7
5
4
5
3
0
-1
-1
-1
-3
-3
1
8
12
12
11
11
12
12
12
13
18
20
19
14
11
14
21
25
24
19
19
22
24
26
27
27
27
25
25
25
25
21
14
9
5
1
-3
-4
2
5
5
0
-3
-2
0
4
4
5
8
11
12
6
1
3
6
6
3
1
1
0
-1
3
12
19
16
8
3
8
13
11
6
6
9
11
6
1
2
7
12
16
15
16
19
25
32
33
30
25
24
25
27
27
26
26
25
27
25
26
28
32
37
38
36
30
23
20
23
27
25
20
15
14
13
11
6
6
14
20
20
18
18
19
19
16
13
11
6
1
-1
0
-3
-7
-8
-5
-2
0
1
3
6
5
3
4
5
5
4
3
4
2
-1
-1
6
13
13
10
13
21
25
24
24
30
35
33
26
23
26
27
25
24
26
27
26
26
30
34
32
27
23
25
29
29
30
31
29
25
23
25
28
27
24
20
17
14
13
17
22
26
24
19
14
11
9
7
3
3
4
5
3
1
2
5
9
9
8
3
1
3
7
11
10
5
0
-1
-1
-2
-1
2
6
5
3
3
4
2
-1
-2
3
8
7
2
-1
3
8
7
3
2
5
7
11
13
16
15
12
12
15
16
15
13
13
14
15
14
13
15
16
16
20
25
26
24
23
26
29
28
24
20
18
20
21
21
22
22
24
27
29
26
24
24
28
28
26
23
20
18
14
12
14
17
17
14
12
13
14
12
6
2
3
6
6
4
3
4
5
5
3
2
0
-2
-1
1
5
6
4
4
6
5
2
0
-2
0
3
8
13
12
8
6
8
14
17
14
13
16
21
25
25
23
25
28
32
34
34
31
26
21
23
29
33
29
25
23
26
27
26
25
27
31
32
28
26
25
25
24
26
28
26
21
20
25
28
27
22
19
18
20
21
21
22
20
19
20
20
21
19
18
20
21
21
17
14
11
9
9
11
11
12
12
16
20
19
13
8
8
11
10
7
3
2
4
4
1
-3
-3
0
3
6
4
4
4
6
7
9
13
16
16
13
11
14
18
22
23
25
25
25
24
23
23
25
23
22
23
24
24
23
23
24
25
24
24
26
26
24
22
21
24
22
17
13
12
13
13
12
11
12
13
10
5
2
3
5
6
5
4
4
5
5
4
5
5
4
1
-2
-4
0
3
5
5
4
5
5
5
6
11
15
16
14
14
15
14
14
14
14
14
15
14
14
14
16
17
21
24
22
16
11
13
20
25
26
24
24
25
26
25
24
25
25
24
24
24
24
26
27
32
36
36
35
31
29
26
27
28
31
32
30
27
24
26
26
26
25
25
24
22
16
8
4
3
4
4
1
-1
-1
0
3
6
6
4
4
4
4
1
1
3
8
8
7
5
7
8
7
6
6
7
8
8
12
17
18
17
15
15
17
17
16
15
14
16
16
14
15
16
16
15
15
16
16
16
15
16
16
16
13
10
7
4
2
1
2
7
12
13
11
7
6
9
14
14
14
12
13
14
14
13
12
14
14
14
13
13
14
14
13
13
15
14
12
11
13
12
8
2
1
4
7
5
3
4
6
4
3
6
12
16
12
6
3
4
4
5
3
5
6
5
8
13
16
15
13
13
14
14
15
18
22
21
18
15
22
27
28
23
21
24
26
25
24
23
26
25
24
27
31
30
24
17
17
19
20
19
18
18
20
19
19
21
24
26
25
24
23
23
21
16
13
10
10
6
3
2
5
7
9
10
16
20
18
14
13
16
17
15
13
15
17
15
13
15
17
16
14
15
17
19
19
21
26
25
19
11
7
6
5
3
2
1
0
-1
1
4
8
6
3
4
7
11
13
14
14
15
12
12
13
14
14
13
14
13
14
14
15
20
25
26
24
23
24
25
24
23
23
24
24
24
23
24
24
23
23
24
24
24
23
22
24
25
23
21
18
14
11
12
15
15
13
11
13
15
15
15
16
22
26
26
23
22
23
24
24
24
23
24
23
23
22
24
27
29
30
29
26
24
24
23
23
21
17
13
13
14
14
11
9
10
13
12
6
4
9
19
25
25
23
21
19
16
13
13
15
13
8
3
6
12
17
17
16
17
23
29
34
33
30
26
25
26
23
18
13
8
5
4
5
6
7
9
13
17
17
12
6
4
8
12
16
14
9
4
3
5
5
6
4
6
11
15
16
14
14
15
14
11
6
1
-2
-2
-1
0
0
-1
-2
1
8
13
13
11
10
11
13
12
11
11
13
11
9
8
6
2
2
7
13
14
14
16
20
25
28
29
29
27
21
15
10
8
7
6
4
0
-3
1
9
15
16
16
15
15
15
15
15
16
15
15
11
6
2
4
7
6
5
6
13
22
26
29
30
32
31
26
24
22
19
12
7
3
5
7
10
15
22
28
30
31
31
30
27
25
24
26
24
19
11
7
6
10
15
19
18
14
17
25
33
36
31
25
24
26
26
23
20
17
9
1
-1
3
10
11
10
9
14
20
20
18
17
16
13
9
6
6
4
0
-5
-5
0
7
10
10
11
16
24
28
28
26
24
23
18
11
5
3
5
4
0
-3
-3
-2
1
5
10
12
14
15
14
13
14
11
4
-2
-8
-10
-8
-9
-9
-8
-3
2
6
10
16
20
23
21
19
20
21
20
17
12
10
9
10
11
11
11
12
16
23
29
32
34
36
37
36
33
27
22
19
18
19
19
15
10
10
13
19
23
24
27
27
26
24
24
26
26
25
23
20
17
15
13
15
15
15
15
17
21
24
26
25
26
29
31
28
23
17
16
15
11
7
4
3
4
7
12
19
24
26
25
24
25
29
31
26
19
14
11
7
5
6
11
16
19
22
25
28
28
27
29
30
27
21
17
17
20
17
11
7
8
10
6
2
4
13
22
26
25
23
22
24
24
21
17
13
12
11
8
4
3
3
5
6
5
6
9
13
16
15
16
20
23
18
11
8
14
14
7
1
2
6
7
4
5
11
16
15
13
13
13
14
13
13
14
11
7
3
2
4
6
10
13
15
15
13
13
15
17
22
24
25
25
24
24
24
24
24
23
25
25
26
31
35
37
35
31
30
32
30
27
21
18
16
15
14
14
16
15
14
11
8
5
5
5
5
5
6
8
12
16
14
9
4
3
5
6
5
4
4
5
5
4
4
5
5
5
4
5
5
5
4
4
4
2
-1
-3
0
5
6
9
10
10
6
2
2
5
5
5
3
4
4
3
-1
-3
-2
1
3
4
3
1
0
4
10
13
10
5
4
6
10
13
17
16
13
8
7
14
20
18
14
14
17
19
19
21
26
28
24
17
14
13
13
11
6
4
4
7
11
15
16
16
15
15
18
19
24
26
27
26
25
25
26
26
24
20
18
17
21
26
28
26
24
24
26
27
27
25
25
25
22
17
13
13
15
19
21
24
26
27
26
25
27
27
26
25
27
27
26
25
26
29
32
31
28
26
24
25
24
24
25
25
26
29
31
30
22
15
10
11
11
12
15
21
22
21
19
19
20
21
20
19
20
21
20
19
19
21
20
18
18
13
10
9
14
21
23
21
20
24
27
26
21
13
13
15
16
15
13
15
13
9
4
2
5
7
5
3
4
6
6
3
1
0
-1
-1
1
5
7
4
2
4
6
5
4
7
12
16
16
14
12
13
13
11
7
3
4
5
6
5
3
3
5
9
12
13
15
15
13
13
15
15
14
14
14
14
15
14
14
18
23
26
26
24
23
25
26
25
26
29
32
30
26
24
25
27
24
19
14
11
15
17
15
15
13
15
16
15
14
14
15
13
7
3
3
5
6
4
5
9
14
17
16
15
14
15
16
18
22
23
19
13
12
13
14
8
2
2
5
6
5
4
4
6
4
4
4
6
5
4
5
4
3
0
-3
-3
-5
-4
-1
6
10
10
9
9
12
16
20
20
17
12
8
7
8
10
13
15
17
14
12
10
13
20
26
27
21
16
18
22
25
21
15
11
13
17
13
8
6
10
17
19
16
12
13
16
17
14
14
15
17
15
14
14
15
10
6
7
12
15
10
3
2
5
8
6
3
3
5
9
12
14
17
17
15
14
15
16
15
15
14
15
16
14
15
15
16
17
20
24
26
25
24
23
25
24
24
22
19
15
12
14
16
17
16
16
22
27
24
19
16
19
27
28
25
22
23
26
26
23
23
26
26
25
24
25
26
24
23
25
25
24
23
24
26
26
24
23
18
13
12
14
17
18
14
13
14
15
14
13
15
16
16
14
15
15
16
15
14
12
7
5
8
14
18
16
15
18
25
27
26
24
23
22
19
13
12
13
15
13
9
9
16
24
28
26
24
26
31
31
27
20
16
19
22
21
16
12
10
10
10
11
11
11
12
17
20
19
15
10
9
11
12
11
12
15
18
19
15
11
11
16
19
22
22
19
19
19
20
21
19
16
13
11
9
10
11
12
11
11
11
11
12
11
11
11
11
11
12
11
11
11
12
11
11
11
11
11
13
16
19
16
10
7
10
14
12
9
10
12
12
10
9
11
13
11
10
12
12
11
11
14
18
19
15
10
9
10
11
14
18
20
21
20
21
21
20
20
20
20
20
19
20
21
20
20
19
20
17
12
9
10
11
12
10
8
6
3
2
4
6
5
3
4
7
11
13
15
16
15
13
13
13
10
4
1
8
15
17
14
13
17
22
20
15
11
13
16
16
15
14
14
14
14
14
15
14
14
14
14
14
13
15
14
14
14
14
14
15
17
22
26
23
18
15
18
25
25
18
14
16
22
21
14
10
12
14
9
3
1
8
14
16
14
12
16
16
14
13
14
14
14
13
13
15
15
14
16
20
23
26
24
19
13
11
12
10
5
0
-1
0
0
0
5
11
14
13
14
18
23
21
16
12
9
4
0
1
5
7
5
3
4
7
9
14
20
27
27
24
23
24
25
25
24
25
25
25
24
24
25
25
23
24
25
25
26
29
31
30
26
24
25
24
24
24
24
25
25
24
25
25
25
24
24
25
25
24
24
24
24
24
25
25
24
23
24
25
25
26
29
32
32
27
20
16
16
16
17
19
19
20
22
25
27
23
17
13
13
11
6
3
2
4
4
0
-3
0
4
7
6
8
11
16
18
18
19
20
17
13
11
12
12
7
1
1
5
9
11
13
15
16
14
13
13
10
6
2
3
5
4
0
-4
-4
-1
4
9
17
23
26
22
16
16
22
27
25
21
21
24
25
23
22
24
24
23
21
23
24
23
22
23
25
24
21
23
25
24
21
22
25
27
26
28
30
29
24
22
25
26
21
14
12
15
16
14
13
16
19
17
15
13
13
15
15
12
7
3
4
5
6
4
4
7
12
16
17
15
14
17
22
25
25
21
16
13
14
16
18
16
17
20
26
28
26
23
23
26
26
24
24
22
18
13
12
15
18
16
15
14
16
16
14
15
15
15
15
15
16
16
15
14
14
12
8
3
4
5
5
5
4
5
8
10
13
12
6
1
0
0
-1
-1
-1
5
7
5
3
6
11
15
16
14
12
12
14
14
16
17
21
24
23
22
22
24
27
28
28
30
29
25
18
14
14
14
16
14
14
16
16
17
20
24
25
21
17
14
16
17
17
15
14
14
15
15
15
15
16
17
17
21
25
27
25
24
23
21
17
14
14
16
17
15
13
16
18
17
16
19
26
29
26
22
22
25
24
20
13
8
5
7
12
18
18
14
13
15
17
17
15
20
27
26
20
15
13
15
16
15
13
15
17
15
13
16
21
24
26
25
24
23
19
16
15
14
14
16
16
15
16
14
15
17
22
25
26
24
25
25
25
25
24
24
23
18
14
12
15
16
15
16
15
15
15
14
15
16
15
16
14
13
10
5
3
4
5
4
4
5
5
4
4
5
5
5
5
4
5
4
3
2
0
1
6
10
13
10
8
9
12
11
9
11
17
20
22
20
20
18
13
9
8
8
7
5
2
4
6
10
13
15
15
13
13
13
11
8
5
6
12
16
13
7
5
9
16
16
15
16
22
27
25
23
22
24
23
18
13
13
19
24
26
25
23
23
24
25
24
23
23
24
23
20
16
13
10
7
4
2
4
5
7
10
12
16
16
15
17
21
26
27
23
23
24
25
25
24
25
25
26
25
26
29
31
29
26
24
24
25
25
25
23
19
16
16
19
23
23
20
16
16
21
23
20
13
11
15
17
12
4
5
13
17
13
7
8
16
20
16
13
14
17
16
14
15
16
15
15
15
14
10
5
3
4
7
5
3
5
8
12
15
16
17
14
15
15
14
9
4
2
4
6
5
4
4
7
5
4
6
13
15
10
5
2
4
6
5
3
1
-1
-2
0
3
6
5
5
9
14
16
15
11
12
11
8
4
2
4
5
5
4
4
6
5
4
4
5
8
10
13
15
15
14
13
13
11
8
4
4
10
14
12
6
3
8
16
18
14
12
12
14
15
13
13
12
9
4
2
4
6
5
4
4
6
9
13
16
15
13
12
14
15
13
11
9
7
3
3
7
14
17
15
13
18
25
30
30
30
28
27
24
23
23
20
15
8
4
3
6
6
4
4
4
5
5
4
4
4
5
5
4
4
5
5
5
3
3
2
0
0
4
9
13
12
11
10
12
13
12
11
11
9
6
2
1
5
6
6
3
6
12
15
15
13
13
12
13
14
14
13
13
14
14
13
14
13
13
13
13
14
14
14
14
13
14
14
12
14
14
14
13
13
13
10
8
4
4
6
10
16
16
14
12
12
15
13
8
4
2
4
5
7
11
13
14
14
12
12
13
14
13
13
14
14
14
14
13
13
14
14
14
14
13
15
13
13
16
20
23
26
25
23
23
25
28
28
25
22
22
24
28
26
20
15
16
25
31
33
31
27
25
23
21
17
14
13
15
17
16
15
13
16
17
14
13
15
16
15
13
11
9
5
1
0
-1
-2
-3
-1
-1
0
3
7
12
12
10
11
16
21
22
20
19
19
20
21
20
17
14
10
8
10
11
11
9
9
10
12
11
10
10
10
10
11
10
11
11
10
11
11
10
11
10
11
11
10
11
11
11
10
11
9
7
4
2
4
11
15
16
14
13
16
21
25
25
23
23
23
23
23
24
23
22
17
14
13
13
13
13
14
15
18
21
24
24
17
13
15
22
26
27
24
23
22
22
23
24
24
23
23
24
26
29
31
31
30
26
23
24
26
25
23
24
25
25
25
23
25
25
25
24
25
24
24
24
25
25
23
21
16
14
14
15
15
15
15
15
16
15
15
15
15
15
15
14
12
7
2
3
5
4
0
0
6
12
13
13
18
25
29
27
26
28
30
25
18
13
11
11
9
6
3
6
11
18
22
26
28
27
26
22
19
19
22
22
19
15
11
6
5
7
11
17
15
14
15
19
25
26
25
24
24
25
23
20
14
12
12
19
23
25
25
25
25
24
22
22
23
24
22
17
14
12
10
7
4
2
3
4
6
11
15
17
15
13
14
15
15
14
15
13
10
4
1
3
6
7
3
3
5
6
5
3
3
7
11
15
16
15
13
12
9
4
2
4
6
6
4
3
5
5
5
3
4
6
5
3
5
6
6
6
8
14
17
15
13
13
15
15
14
12
12
9
4
1
3
4
5
4
4
5
5
4
4
5
4
5
4
5
5
4
5
5
5
4
4
5
6
8
12
16
15
11
8
12
16
17
14
12
13
16
16
14
13
14
15
14
12
9
5
3
3
4
5
5
4
4
5
6
11
17
23
26
24
19
15
12
13
14
16
14
11
7
10
12
15
15
15
13
15
14
14
14
14
14
14
14
14
14
14
14
14
14
14
13
14
15
15
14
15
14
14
13
13
14
12
8
5
6
11
15
15
14
13
13
15
14
14
14
14
14
13
10
6
4
2
4
6
5
4
4
5
5
5
5
7
12
15
15
13
13
13
12
10
4
1
4
6
6
4
3
5
6
5
4
5
5
4
4
5
6
5
4
