SAMPLES:	14267
BITSPERSAMPLE:	16
CHANNELS:	1
SAMPLERATE:	16000
NORMALIZED:	FALSE
25
24
23
23
25
24
21
18
14
12
12
13
15
15
13
13
13
14
13
13
13
13
12
14
14
14
13
13
14
14
15
12
13
13
13
13
14
13
14
14
14
14
13
14
14
14
14
13
14
13
13
13
13
13
13
13
13
13
14
16
20
24
25
24
24
24
24
25
29
31
29
26
24
25
25
24
24
25
25
24
24
24
25
24
25
24
24
25
24
24
25
25
24
25
25
24
25
24
24
24
24
20
16
13
13
16
16
15
14
15
17
18
19
22
26
26
25
24
24
26
26
24
24
25
25
25
23
23
24
22
18
14
14
17
23
23
20
17
15
14
15
15
15
15
15
14
13
8
7
10
13
11
4
2
5
10
12
13
16
18
17
14
14
17
15
15
13
15
15
14
13
15
16
16
14
15
16
15
14
16
16
14
13
15
16
15
14
15
16
15
13
15
15
15
15
14
16
16
14
13
13
15
16
16
15
14
14
15
15
15
15
14
15
16
14
16
15
15
15
15
15
15
14
15
14
15
16
16
17
20
23
26
26
24
23
24
26
26
23
25
26
24
19
15
15
20
24
23
19
13
12
15
17
17
15
15
14
15
15
14
15
16
15
16
15
15
15
16
15
16
16
18
22
24
26
25
24
25
25
26
25
24
20
16
16
18
21
20
15
12
15
17
16
14
14
15
18
17
17
22
26
27
26
23
24
26
25
24
24
25
25
24
24
24
26
25
24
24
25
25
25
23
22
18
14
12
14
17
16
14
13
17
17
14
14
16
16
15
14
15
16
15
14
13
10
6
2
2
6
10
12
13
16
14
7
4
8
14
13
5
1
3
8
8
5
5
11
18
18
15
14
15
16
14
14
15
16
15
15
16
16
16
14
15
16
15
11
9
10
12
17
16
16
14
15
16
16
14
14
15
15
15
15
14
15
16
16
16
19
22
25
26
25
24
24
25
24
24
24
25
25
24
23
25
25
24
24
25
25
25
24
24
25
24
23
25
25
24
24
25
26
25
24
24
25
24
23
24
26
25
25
24
25
25
24
23
26
26
24
26
29
33
32
28
25
25
26
27
25
27
26
26
25
26
26
26
26
25
24
22
19
18
20
26
28
26
24
24
27
27
26
24
26
27
24
18
13
12
15
18
22
23
22
19
20
24
27
27
26
25
24
26
26
26
25
25
27
26
26
25
24
20
15
13
14
18
16
14
13
15
16
15
14
15
16
14
14
16
16
15
14
16
16
15
15
15
16
15
14
15
16
15
15
15
16
15
13
15
16
14
14
15
16
14
14
15
16
14
14
14
16
14
15
15
15
15
14
15
17
16
16
18
24
26
21
14
12
14
16
17
15
14
15
16
15
14
15
16
16
15
15
15
15
15
15
15
14
15
15
16
16
15
14
15
16
15
15
15
16
15
16
19
24
27
27
25
26
26
26
26
25
26
26
26
25
26
25
23
23
18
13
12
16
19
17
13
13
16
17
15
14
16
17
15
14
14
17
16
13
11
8
6
4
5
5
5
4
4
5
5
4
4
7
8
11
13
17
18
16
14
14
16
16
14
15
15
15
13
8
6
7
13
16
17
15
14
16
17
19
23
26
27
26
25
25
26
26
25
21
19
19
23
25
27
27
25
25
26
25
26
26
26
27
26
25
26
26
25
26
26
27
26
26
26
27
27
26
26
27
27
25
26
25
26
26
26
27
26
26
26
26
25
26
26
25
26
26
25
25
27
26
26
26
26
25
26
27
26
26
26
25
26
26
27
26
25
21
17
14
14
16
21
25
27
27
26
26
26
26
26
26
26
26
26
26
26
26
26
27
26
25
23
19
16
13
15
20
24
25
26
26
26
25
27
27
27
24
21
21
23
25
24
19
16
15
12
12
12
13
13
13
13
14
13
13
13
13
13
13
13
13
13
13
13
13
12
13
13
12
13
15
19
23
25
24
23
23
24
27
28
29
28
25
24
24
25
23
18
13
13
14
16
15
14
15
15
16
14
15
15
15
14
15
15
15
16
15
15
14
12
7
4
7
10
10
6
3
4
6
5
4
4
4
4
4
5
4
5
5
4
4
5
3
4
5
5
4
4
5
5
4
4
5
5
5
7
11
16
18
15
11
6
5
5
5
6
5
4
4
5
5
5
4
5
5
4
5
9
13
13
8
4
5
11
15
14
7
2
2
6
6
4
4
4
6
5
3
4
7
6
6
11
15
19
17
14
15
16
15
14
14
15
15
14
15
15
12
6
3
4
6
5
5
4
5
5
4
4
4
5
4
3
5
4
4
4
5
5
4
4
5
4
4
4
5
4
4
4
5
4
4
5
4
4
4
4
4
5
5
4
5
4
5
5
4
4
4
4
5
5
5
5
5
4
4
4
5
4
4
4
4
5
4
4
5
5
5
4
5
5
4
4
5
5
4
5
5
4
5
4
5
4
5
4
4
4
4
5
5
4
5
5
5
4
5
4
6
5
4
4
5
5
3
4
5
5
4
4
3
2
0
0
4
9
12
13
10
8
4
2
3
6
6
4
3
5
6
6
8
11
16
16
14
12
14
15
14
13
14
14
15
13
11
7
4
2
5
5
5
4
4
5
5
4
3
5
5
4
4
5
6
4
4
5
5
4
5
5
5
4
5
5
5
5
4
4
5
4
5
4
5
4
5
4
5
5
4
5
4
5
5
4
4
5
4
5
5
4
5
4
5
4
5
4
5
4
4
5
4
6
8
13
16
16
13
12
14
15
14
14
14
14
14
14
14
14
14
14
14
14
15
13
14
14
14
14
14
14
14
13
14
15
14
13
14
14
11
6
3
3
5
6
7
5
4
4
4
5
4
5
4
4
5
4
4
5
4
5
5
5
5
5
4
5
4
4
5
5
5
5
5
4
4
4
4
5
5
4
5
3
5
4
4
5
5
5
4
4
5
5
4
5
6
10
13
15
15
13
13
13
14
13
13
13
14
13
14
13
14
13
13
13
14
13
13
14
14
14
13
13
13
14
12
14
15
13
13
14
14
14
13
14
14
14
13
13
14
14
13
12
14
11
8
3
2
5
6
4
4
4
6
4
3
4
6
5
4
4
5
7
9
13
15
14
13
13
14
14
14
13
13
14
14
14
13
13
14
12
13
13
13
13
13
13
14
13
13
14
13
13
14
13
13
14
14
14
13
13
14
18
21
24
26
25
23
23
24
24
24
23
23
24
24
24
23
23
24
23
24
25
26
27
30
30
28
26
23
24
25
25
24
25
25
25
21
17
14
13
11
7
7
8
10
10
5
2
3
7
8
6
4
4
5
5
3
5
6
5
3
4
6
6
3
2
5
6
7
6
5
6
7
7
7
7
7
7
7
7
7
7
7
8
7
8
7
7
7
7
7
6
8
8
7
7
6
7
6
9
13
17
18
16
14
14
13
9
5
3
5
6
7
7
7
7
7
6
7
7
6
7
7
10
13
16
17
17
15
15
16
16
17
15
16
17
22
24
26
25
22
17
15
13
16
19
23
24
21
16
12
13
16
17
15
14
15
15
15
15
14
15
16
15
15
15
16
14
15
15
15
15
15
15
14
16
14
12
7
3
4
5
6
4
3
5
6
5
4
5
6
4
3
4
5
4
4
4
5
5
4
4
5
5
3
4
5
4
4
5
5
4
4
5
5
4
4
5
5
5
4
4
5
3
-1
-3
-1
4
5
5
5
8
12
17
17
14
15
22
26
22
13
10
13
17
15
13
13
15
15
14
14
14
15
14
13
15
14
14
13
14
15
13
14
15
15
14
14
14
14
14
14
14
15
15
14
15
15
14
14
14
14
14
14
14
14
14
14
15
15
15
14
13
14
14
14
14
14
14
14
14
14
14
14
15
14
14
14
14
14
14
14
14
15
14
13
14
15
15
14
14
15
15
15
20
24
28
26
24
24
25
24
24
24
25
25
24
24
24
24
23
20
15
13
12
13
15
15
13
13
13
14
12
13
15
14
13
14
13
13
14
13
13
14
14
14
14
14
14
13
13
14
13
14
14
14
14
14
14
14
13
13
13
14
14
13
14
14
13
13
13
14
14
14
14
14
14
13
14
14
14
13
14
14
13
14
14
14
14
12
14
14
13
9
5
4
3
5
8
11
13
15
13
13
12
13
14
14
14
13
14
13
13
13
14
13
14
13
14
14
13
13
14
14
13
14
17
21
24
25
24
24
23
23
24
23
24
24
24
24
24
24
24
24
23
23
25
27
29
30
29
25
24
24
25
24
24
24
25
25
24
24
24
25
24
24
24
24
24
24
25
25
24
24
24
24
25
24
20
16
14
14
16
16
15
15
16
15
15
14
15
15
15
14
15
16
15
11
8
9
11
9
5
3
5
5
5
4
7
12
15
18
17
16
19
23
23
17
12
13
16
18
15
13
15
16
15
14
15
17
15
14
15
17
16
14
14
16
14
15
15
16
15
14
15
18
20
22
23
20
16
14
18
25
28
23
16
15
19
25
26
26
24
25
25
25
25
25
23
21
18
13
12
14
16
16
14
14
15
16
14
14
15
16
15
14
16
16
16
14
15
16
15
14
15
16
15
16
18
20
24
26
26
24
24
25
26
25
24
24
25
25
24
23
25
25
25
24
24
25
25
24
25
25
25
24
24
25
25
23
23
22
17
14
14
15
16
17
19
23
28
29
32
36
39
37
31
29
32
38
40
37
31
26
26
31
37
38
36
35
43
51
52
48
46
56
68
66
44
12
-6
-3
7
3
-22
-51
-72
-82
-92
-104
-110
-103
-91
-88
-100
-119
-129
-119
-91
-62
-50
-61
-87
-113
-121
-104
-72
-52
-66
-109
-154
-170
-149
-96
-9
111
230
288
249
151
111
226
464
671
680
469
200
84
206
437
540
390
81
-162
-192
-73
10
-63
-229
-341
-341
-314
-358
-434
-404
-229
-67
-100
-297
-416
-274
31
232
189
15
-82
-18
143
292
350
288
155
65
114
260
348
285
144
62
67
72
20
-43
-53
-46
-107
-237
-329
-300
-200
-151
-214
-326
-382
-338
-231
-125
-67
-70
-109
-132
-84
38
178
262
262
218
188
205
258
312
335
311
251
179
128
120
146
164
133
52
-36
-79
-67
-40
-39
-79
-137
-186
-210
-205
-179
-147
-132
-146
-176
-195
-174
-113
-48
-27
-55
-88
-75
-11
59
91
86
72
64
52
26
-8
-31
-43
-66
-124
-212
-298
-353
-396
-470
-586
-699
-755
-780
-868
-1071
-1307
-1389
-1204
-790
-281
216
667
1028
1221
1232
1204
1388
1925
2663
3183
3082
2381
1652
1589
2255
2862
2515
1234
20
-258
146
218
-536
-1529
-1928
-1731
-1680
-2204
-2846
-2882
-2270
-1700
-1731
-2149
-2278
-1762
-896
-232
-33
-129
-186
55
637
1354
1822
1784
1423
1256
1577
2093
2252
1911
1443
1219
1158
976
635
358
202
-86
-679
-1354
-1712
-1653
-1480
-1530
-1828
-2148
-2299
-2251
-2039
-1700
-1321
-1055
-966
-898
-591
4
618
946
999
1067
1340
1688
1886
1907
1905
1938
1890
1693
1484
1451
1553
1544
1267
820
425
184
43
-86
-238
-447
-766
-1173
-1500
-1570
-1404
-1268
-1390
-1699
-1882
-1728
-1348
-1017
-881
-851
-780
-629
-443
-250
-41
162
291
307
243
177
154
156
137
57
-102
-341
-646
-1006
-1442
-1961
-2477
-2770
-2585
-1847
-771
251
919
1193
1240
1265
1433
1901
2764
3842
4597
4459
3430
2295
2023
2826
3805
3743
2316
497
-376
12
633
284
-1043
-2195
-2299
-1821
-1858
-2627
-3172
-2717
-1787
-1541
-2211
-2810
-2420
-1288
-386
-222
-489
-661
-495
52
906
1712
1931
1454
927
1120
1973
2617
2391
1597
1038
1051
1259
1206
903
618
366
-109
-838
-1424
-1495
-1227
-1196
-1683
-2327
-2590
-2380
-2043
-1821
-1618
-1323
-1084
-1049
-987
-508
352
1044
1138
884
889
1380
1965
2172
1992
1767
1710
1737
1733
1761
1883
1938
1676
1106
563
356
436
478
234
-289
-934
-1510
-1821
-1737
-1398
-1234
-1565
-2201
-2564
-2307
-1692
-1270
-1267
-1422
-1388
-1138
-866
-654
-381
0
288
243
-78
-319
-204
149
351
158
-311
-744
-977
-1140
-1483
-2088
-2698
-2855
-2234
-959
436
1396
1740
1685
1553
1558
1842
2570
3762
4966
5335
4322
2493
1384
2140
4111
5136
3699
728
-1184
-616
1069
1348
-472
-2592
-3095
-2261
-1867
-2663
-3487
-3070
-1894
-1528
-2474
-3499
-3238
-1822
-510
-152
-517
-940
-1006
-519
575
1826
2286
1487
311
264
1698
3226
3287
1980
820
833
1486
1683
1210
698
445
1
-939
-1829
-1923
-1359
-1082
-1664
-2628
-3121
-2906
-2405
-1988
-1630
-1296
-1190
-1384
-1456
-865
321
1346
1561
1115
759
1049
1856
2634
2983
2900
2626
2396
2331
2440
2583
2503
2037
1342
812
639
557
169
-506
-1042
-1223
-1387
-1932
-2647
-2876
-2410
-1878
-2013
-2727
-3186
-2811
-1922
-1304
-1306
-1560
-1498
-982
-362
-32
-39
-110
-3
242
399
351
206
112
25
-265
-884
-1686
-2323
-2495
-2139
-1425
-565
354
1324
2205
2638
2356
1641
1342
2225
4157
5929
6092
4216
1539
257
1658
4600
6117
4213
232
-2182
-1017
1673
2098
-643
-3482
-3376
-1259
-609
-2597
-4505
-3571
-886
89
-1839
-4159
-4067
-1790
273
658
-149
-1127
-1709
-1373
285
2452
3140
1444
-801
-824
1658
3946
3661
1548
217
775
1856
1880
1059
564
553
70
-1250
-2367
-2192
-1133
-656
-1474
-2779
-3394
-3110
-2520
-1978
-1343
-729
-756
-1599
-2254
-1469
570
2174
2055
861
298
1056
2234
2818
2919
3141
3355
2902
1870
1338
1990
3062
3164
1931
361
-451
-409
-146
-140
-469
-1120
-2030
-2817
-2926
-2316
-1739
-1976
-2891
-3529
-3213
-2292
-1613
-1514
-1605
-1446
-1108
-895
-813
-558
-11
496
537
135
-187
30
631
952
506
-502
-1427
-1868
-1957
-2007
-2040
-1770
-922
528
2237
3508
3597
2388
857
552
2293
5250
7384
6983
4137
988
233
2670
5908
6218
2450
-2143
-3035
349
3611
2477
-1959
-4603
-2883
19
-399
-3833
-5636
-3242
297
409
-2996
-5638
-4458
-991
1240
880
-818
-2302
-2764
-1566
1313
4006
3776
444
-2448
-1416
2604
5219
3909
795
-503
682
2042
1926
1157
1019
1056
-10
-1922
-2870
-1929
-400
-183
-1511
-3005
-3590
-3424
-2955
-2069
-792
-111
-1017
-2784
-3225
-1202
1741
3006
1932
388
355
1738
3039
3472
3540
3719
3611
2823
1975
2050
2965
3471
2643
949
-419
-875
-752
-622
-762
-1271
-2169
-3169
-3669
-3334
-2589
-2264
-2725
-3516
-3873
-3460
-2589
-1814
-1441
-1402
-1474
-1512
-1413
-1001
-178
741
1116
668
-64
-222
356
926
705
-300
-1460
-2197
-2255
-1504
79
2175
4074
4973
4348
2330
28
-735
1278
5259
8438
8183
4364
-195
-1815
919
5480
7156
3550
-2361
-4789
-1628
2664
2262
-2626
-5980
-4029
-327
-590
-4445
-5931
-2144
2358
1723
-3282
-6498
-4369
411
3262
2736
208
-2737
-4537
-3182
1566
5968
5276
-252
-4591
-2730
3203
6548
4110
-632
-2504
-656
1700
2158
1486
1172
768
-939
-3211
-3698
-1667
575
395
-1963
-3955
-4017
-2946
-2016
-1228
-225
225
-871
-2657
-2782
-328
2695
3550
1945
165
305
2231
4298
5220
4826
3592
2224
1588
2251
3698
4361
3044
360
-1681
-1746
-610
-134
-1069
-2428
-3059
-3134
-3524
-4175
-4060
-2834
-1760
-2291
-4086
-5173
-4188
-1940
-459
-795
-2143
-2950
-2447
-1026
420
1184
1019
193
-606
-739
-202
322
151
-716
-1667
-2034
-1401
447
3340
6267
7496
5812
1945
-1435
-1607
1951
6927
9756
8241
3319
-1331
-1934
2069
6888
7415
2431
-3468
-4463
-249
3334
1428
-3607
-5386
-2266
390
-2019
-6355
-5878
-25
4169
1354
-4971
-7116
-2815
2991
5049
3088
-99
-2495
-3063
-716
3982
7178
5071
-730
-3879
-711
4937
6358
2227
-2298
-2601
52
1447
485
-321
344
418
-1856
-4434
-3955
-723
1335
-129
-3028
-4135
-3271
-2441
-2134
-1039
735
878
-1533
-3668
-2167
2163
5018
3928
1074
140
1853
3936
4558
4171
3924
3721
2774
1368
897
1973
3232
2680
36
-2789
-3705
-2582
-1141
-979
-2180
-3758
-4824
-4998
-4207
-2756
-1594
-1769
-3222
-4499
-4142
-2311
-621
-314
-1051
-1655
-1606
-1276
-948
-345
604
1129
416
-1101
-1964
-1426
-440
-456
-1522
-2092
-733
2420
5886
7943
7460
4408
360
-1870
-156
4784
9444
10228
6408
810
-2243
-307
4800
7988
5588
-336
-3594
-976
3445
3181
-2155
-6201
-4590
-1062
-1929
-6580
-7941
-2736
3150
2226
-4495
-8705
-5239
2323
6942
5828
1383
-2859
-4591
-2556
2692
7515
7419
2136
-2984
-2494
2783
6615
4706
-531
-3453
-2005
786
1684
1083
913
789
-1192
-4405
-5408
-2679
644
598
-2470
-4814
-4510
-3123
-2193
-945
1145
1988
-382
-3837
-3799
851
5821
6441
3095
204
781
3615
5664
5633
4508
3553
2873
2002
1104
955
1700
2163
931
-1822
-4168
-4408
-2944
-1738
-2127
-3667
-5045
-5454
-4866
-3616
-2308
-1821
-2613
-3908
-4148
-2678
-651
209
-410
-1214
-1084
-375
-78
-252
-89
592
815
-235
-1936
-2879
-2520
-1558
-690
437
2635
5696
7842
7058
3269
-811
-1538
2367
8241
11520
9610
4042
-857
-1376
2618
7270
7715
2780
-3135
-4248
-79
3516
1404
-4199
-6618
-3809
-1094
-3374
-7740
-7323
-1311
3234
631
-5810
-8045
-3209
3810
6936
4876
239
-4093
-5967
-3780
1729
6193
5106
-622
-4731
-2576
3249
6028
2931
-2107
-3723
-1289
1586
2238
1321
239
-1262
-3570
-5056
-3708
-472
1199
-434
-3381
-4861
-4558
-3705
-2427
-182
1816
1156
-2128
-4476
-2736
1924
5409
5355
3107
1419
1639
3307
5241
6299
5832
4215
2650
2031
2120
2119
1668
903
-149
-1587
-3074
-3843
-3539
-2808
-2787
-3951
-5528
-6118
-5056
-3203
-2229
-2915
-4288
-4656
-3396
-1486
-330
-387
-1011
-1307
-922
-148
463
578
293
-73
-387
-803
-1440
-2023
-2011
-1025
958
3662
6434
8024
7073
3524
-359
-1194
2462
8230
11557
9665
4024
-909
-1359
2684
7280
7667
2774
-3077
-4216
-111
3507
1451
-4175
-6660
-3839
-1060
-3348
-7772
-7351
-1276
3298
711
-5643
-7818
-3078
3897
7450
6269
2341
-1973
-4335
-2548
2878
7334
6092
154
-4045
-1911
3828
6439
3160
-2132
-4168
-2138
778
1998
1540
62
-2453
-5187
-5772
-3027
562
1169
-1727
-4839
-5398
-4038
-2639
-1360
419
1596
339
-2495
-3371
-416
3866
5550
3930
1771
1561
3061
4609
5356
5472
5072
3991
2535
1608
1744
2325
2096
522
-1576
-2893
-3004
-2649
-2692
-3216
-3832
-4428
-5058
-5328
-4592
-3038
-1984
-2547
-4161
-4975
-3849
-1614
-104
-198
-1134
-1636
-1232
-305
688
1475
1640
714
-1050
-2498
-2655
-1802
-905
-69
1701
4821
7700
7820
4481
107
-1565
1248
6780
11161
11371
7316
1810
-1231
465
5318
8487
6104
-254
-4435
-2447
2449
3403
-1350
-6176
-5692
-2048
-1561
-5392
-7796
-4548
692
1293
-3248
-6774
-4597
1220
5425
5521
2590
-1377
-4380
-3965
838
6771
8245
3548
-2404
-3287
1386
5980
5500
825
-3321
-3932
-1858
581
1999
1773
-574
-4316
-6821
-5700
-1872
923
194
-2743
-4889
-5060
-4123
-2715
-664
1331
1434
-825
-3052
-2392
1058
4440
5490
4550
3261
2575
2636
3569
5277
6697
6293
3744
736
-400
989
3011
2970
129
-3408
-4869
-3744
-2119
-2105
-3617
-5018
-5328
-4921
-4401
-3772
-3019
-2658
-3059
-3634
-3383
-2148
-797
-153
-244
-619
-918
-845
-116
1082
1783
1032
-881
-2445
-2491
-1426
-473
151
1652
4777
7991
8374
4738
-484
-3040
-679
4869
9515
10065
6299
917
-2141
-402
4651
7991
5593
-804
-4911
-3052
1173
1434
-2888
-5916
-3705
-117
-1347
-6629
-8785
-4294
1417
1155
-4435
-7982
-4946
1596
5874
5730
2693
-1216
-4131
-3657
977
6203
6694
1820
-2740
-1604
3709
6925
4871
538
-1797
-1715
-1379
-1257
0
1924
1493
-2662
-7234
-7546
-3303
847
698
-3097
-6518
-6810
-4479
-1595
335
771
-165
-1600
-2093
-744
1864
4184
5124
4802
4070
3655
3791
4379
5194
5815
5540
3840
1287
-309
471
2606
3068
113
-4236
-6054
-4004
-974
-725
-3628
-6596
-6894
-4913
-3009
-2597
-3185
-3721
-3830
-3588
-2924
-1791
-624
-35
-131
-472
-610
-341
452
1645
2442
1750
-504
-2777
-3248
-1688
506
2208
3738
5732
7400
6872
3532
-515
-1885
1035
6462
10496
10095
5423
-58
-2061
891
5592
6684
2168
-3801
-5077
-824
3046
1071
-4617
-6969
-3540
121
-1737
-6758
-7611
-2399
2350
447
-5643
-8122
-3676
3244
6509
4554
117
-3361
-3564
184
5715
8427
5521
-166
-2655
344
4918
6016
3241
81
-1121
-1126
-1109
-656
553
909
-1361
-5168
-7112
-5375
-1933
-273
-1696
-4483
-6169
-5723
-3743
-1447
91
277
-679
-1706
-1486
492
3334
5296
5236
3749
2706
3387
5142
6206
5705
4345
3088
2046
1119
882
1700
2323
842
-2558
-5057
-4403
-1877
-874
-2793
-5630
-6766
-5883
-4495
-3621
-3131
-2921
-3372
-4299
-4475
-2960
-521
1018
743
-543
-1427
-1231
-135
1382
2622
2584
696
-2109
-3664
-2506
615
3621
5311
6102
6514
5869
3379
210
-723
2310
7496
10678
9038
3570
-1767
-3116
321
5393
7199
3470
-2620
-5131
-1896
2524
2059
-3172
-6846
-4782
-652
-833
-5340
-7649
-3912
1466
1764
-3019
-6457
-4145
1471
5087
4463
1209
-1861
-2374
728
5558
7624
4359
-979
-2422
1427
5676
5519
1933
-705
-679
-7
-301
-622
-38
176
-1541
-4249
-5433
-4251
-2421
-1919
-2931
-4315
-5081
-4916
-3853
-2219
-730
-112
-451
-1014
-791
718
3008
4804
5028
3845
2673
2869
4395
5908
6136
4922
2986
1169
208
702
2379
3450
1790
-2445
-6070
-5916
-2585
-68
-1236
-4685
-6816
-6155
-4371
-3412
-3260
-3010
-2778
-3279
-4110
-3825
-1905
333
1223
538
-645
-1296
-1037
111
1699
2552
1477
-1224
-3446
-3119
-190
3599
6570
8075
7822
5504
1843
-660
606
5575
10884
12540
9226
3217
-1424
-1639
2413
7000
7433
2561
-3286
-4380
-233
3378
1262
-4630
-7780
-5620
-2454
-2909
-5454
-5215
-1591
675
-1614
-5433
-5576
-1252
3519
4969
2849
-705
-3185
-2571
1398
5814
6374
2163
-2422
-2271
2476
6666
6200
2150
-1485
-2410
-1318
202
1251
1255
-354
-3221
-5576
-5602
-3397
-1115
-959
-3137
-5768
-6650
-5115
-2394
-401
-157
-1167
-2059
-1722
4
2385
4330
4996
4270
2953
2346
3253
5181
6642
6473
4798
2684
1114
524
979
2062
2546
1038
-2339
-5326
-5520
-3116
-961
-1524
-4265
-6492
-6423
-4728
-3180
-2642
-2777
-3100
-3498
-3715
-3141
-1551
236
957
204
-1089
-1564
-666
967
2097
1798
131
-1833
-2746
-2005
-71
2242
4526
6536
7433
6108
2749
-328
-266
3586
8693
11293
9385
4238
-484
-1214
2599
7343
7907
2895
-3146
-4358
-590
2176
-571
-5898
-7447
-4202
-1687
-3807
-7131
-5959
-794
2074
-831
-5614
-6342
-2210
2618
4470
3058
54
-2456
-2227
1620
6365
7271
3022
-1894
-2080
2342
6199
5699
2228
-585
-1338
-1041
-467
519
1351
508
-2368
-5259
-5707
-3595
-1241
-927
-2814
-5196
-6216
-5231
-3021
-1075
-469
-1099
-1843
-1539
93
2349
4116
4594
3804
2668
2405
3511
5225
6191
5697
4126
2353
1065
699
1399
2499
2439
128
-3425
-5554
-4657
-2123
-931
-2412
-5020
-6352
-5704
-4218
-3130
-2685
-2664
-3077
-3820
-4126
-3136
-1059
704
916
-201
-1245
-1093
144
1445
1798
825
-1049
-2682
-2791
-884
2272
5295
7219
7685
6492
3778
892
239
3200
8127
11146
9495
4173
-699
-1274
2711
7369
7775
2676
-3694
-5612
-2217
1260
-227
-5150
-7421
-4619
-1295
-2564
-6738
-7474
-2682
2227
1350
-4009
-7120
-4138
1948
5559
4386
396
-2953
-3130
319
5094
7231
4705
146
-1570
1185
5006
5705
3014
-35
-1230
-991
-447
254
1018
679
-1695
-4853
-6064
-4110
-865
529
-1235
-4556
-6601
-5811
-2980
-309
515
-465
-1860
-2249
-1118
1108
3456
4772
4322
2574
1199
1724
3953
6033
6257
4596
2354
733
143
541
1634
2479
1677
-1208
-4556
-5814
-4120
-1429
-596
-2480
-5270
-6567
-5660
-3709
-2209
-1776
-2192
-2989
-3613
-3410
-2060
-132
1093
778
-578
-1561
-1243
-58
709
214
-1227
-2469
-2393
-510
2875
6657
9100
8593
5022
639
-1067
1808
7532
11796
11219
6177
536
-1382
1717
6734
8486
4558
-1739
-4415
-1594
1963
657
-4655
-7782
-5652
-2433
-3346
-7028
-7530
-3057
1222
196
-4494
-6943
-4272
986
4689
4821
1892
-1769
-2793
694
6157
8164
4408
-1023
-2152
1885
6263
6572
3350
71
-1299
-1259
-612
552
1649
1182
-1549
-4977
-6476
-4997
-2126
-532
-1585
-4319
-6419
-6192
-3912
-1411
-355
-866
-1760
-1893
-997
641
2689
4632
5536
4721
2865
1876
3121
5811
7570
6702
3788
984
26
916
2234
2427
940
-1511
-3585
-4361
-3937
-3133
-2754
-3124
-4083
-5133
-5608
-5057
-3709
-2454
-2135
-2749
-3436
-3259
-2040
-456
566
578
-79
-582
-300
639
1391
1121
-222
-1784
-2528
-2006
-425
1903
4758
7484
8635
6912
2916
-432
-19
4467
9790
11748
8657
2639
-2067
-2208
2017
6692
7083
2188
-3575
-4699
-1026
1757
-737
-5742
-7008
-3468
-771
-3148
-7157
-6457
-944
2793
309
-4952
-6427
-2453
2832
5106
3717
537
-2196
-2427
786
5377
7040
3826
-904
-1968
1525
5334
5429
2270
-862
-2021
-1613
-459
1057
1954
687
-2791
-6033
-6294
-3527
-503
17
-2228
-5142
-6363
-5130
-2600
-638
-203
-795
-1326
-1219
-436
1090
3310
5306
5621
3939
1993
1994
4195
6555
6876
4867
2007
15
-274
885
2283
2312
183
-3034
-5052
-4520
-2463
-1245
-2142
-4227
-5636
-5518
-4470
-3420
-2694
-2280
-2382
-3101
-3761
-3256
-1378
617
1182
120
-1285
-1667
-785
596
1501
1271
-185
-2155
-3320
-2680
-402
2475
5025
6788
7240
5739
2596
-196
-151
3376
8196
10823
9154
4141
-636
-1428
2451
7287
7840
2777
-3242
-4394
-616
2118
-633
-5917
-7326
-3713
-675
-2604
-6501
-6323
-1602
1885
20
-4417
-5808
-2598
1963
4359
3728
1067
-1811
-2425
703
5445
7107
3696
-1108
-1997
1670
5450
5425
2244
-797
-1825
-1293
-177
978
1397
106
-2746
-5328
-5658
-3603
-1093
-379
-2063
-4638
-5861
-4726
-2262
-401
-134
-897
-1517
-1323
-260
1469
3401
4667
4526
3282
2303
2771
4436
5885
5928
4553
2588
881
9
278
1375
2066
995
-1787
-4431
-4996
-3512
-1909
-1912
-3407
-4972
-5485
-4876
-3663
-2409
-1661
-1854
-2829
-3636
-3238
-1533
405
1215
435
-1105
-1980
-1343
403
1905
1904
189
-2225
-3770
-3349
-1015
2185
5003
6665
6884
5574
3070
703
495
3443
8004
10783
9259
4077
-1197
-2688
664
5774
7566
3711
-2457
-4991
-2096
1493
364
-4486
-6993
-4400
-1060
-2110
-5983
-6612
-2220
1964
825
-3884
-6181
-3429
1395
4187
3748
1306
-1345
-2274
-90
4032
6294
4220
103
-1357
1257
4523
4725
2146
-217
-773
-444
-289
-66
436
181
-1768
-4379
-5390
-3951
-1706
-949
-2230
-4135
-4991
-4323
-2813
-1406
-645
-544
-739
-714
-78
1234
2866
4123
4378
3655
2823
2918
4084
5349
5607
4633
3000
1326
61
-232
736
2018
1660
-1200
-4752
-5991
-4076
-1417
-969
-2991
-5184
-5616
-4548
-3345
-2654
-2283
-2185
-2573
-3153
-3041
-1797
-116
831
554
-440
-1224
-1136
-139
1083
1450
312
-1817
-3472
-3390
-1486
1323
4057
6182
7272
6680
4172
974
-418
1761
6499
10291
9938
5386
45
-1823
1276
6354
8169
4265
-2005
-4631
-1783
1802
664
-4286
-6996
-4585
-1266
-2205
-6012
-6717
-2401
1915
1092
-3438
-5994
-3803
724
3881
4191
2145
-839
-2386
-370
4216
7072
5128
530
-1707
337
3655
4542
2739
548
-546
-838
-814
-358
290
100
-1531
-3705
-4791
-4072
-2374
-1225
-1593
-3183
-4705
-4891
-3547
-1643
-371
-185
-698
-1152
-818
713
3052
4889
4961
3450
2085
2434
4241
5799
5832
4548
2856
1288
123
-70
1017
2292
1743
-1298
-4842
-6035
-4243
-1719
-1066
-2641
-4736
-5699
-5216
-3876
-2377
-1398
-1521
-2654
-3716
-3466
-1790
130
970
458
-617
-1256
-966
82
1227
1607
682
-1200
-2860
-3160
-1941
41
2124
4305
6514
7662
6293
2621
-623
-277
4048
9176
11023
8057
2479
-1487
-790
3828
7881
6866
1060
-4088
-3764
352
1979
-1683
-6215
-6045
-2211
-804
-4153
-7355
-5223
267
2570
-741
-5208
-5567
-1667
2716
4572
3461
468
-2334
-2264
1570
6135
6879
3022
-1219
-1581
1443
3996
3805
1956
306
-766
-1519
-1531
-467
626
117
-2155
-4478
-5066
-3744
-1825
-854
-1563
-3451
-5040
-4919
-3019
-773
273
-75
-723
-580
538
2109
3491
4193
4036
3386
3026
3459
4377
4978
4728
3633
2040
550
-31
675
1817
1678
-550
-3561
-5060
-4198
-2418
-1773
-2799
-4338
-5071
-4711
-3794
-2863
-2173
-1884
-2107
-2648
-2900
-2282
-861
502
854
73
-934
-1075
-116
1104
1464
531
-1131
-2478
-2755
-1839
28
2634
5616
7868
7755
4661
470
-1309
1376
6839
10845
10199
5276
-461
-3034
-730
4360
7414
4965
-1154
-5063
-3307
803
1228
-2871
-6083
-4406
-1003
-1562
-5802
-7539
-3461
1956
2324
-2386
-6256
-4964
-56
4083
4887
2643
-772
-2765
-1298
2908
6130
5271
1512
-1014
-74
2517
3745
2875
1276
39
-843
-1328
-910
283
898
-339
-2989
-5101
-5118
-3339
-1546
-1317
-2721
-4413
-4906
-3818
-2050
-834
-636
-931
-895
-151
1147
2660
3999
4656
4291
3298
2777
3493
4968
5892
5408
3761
1805
375
82
978
2044
1627
-848
-3818
-4972
-3791
-2079
-1823
-3096
-4472
-4927
-4630
-4087
-3342
-2363
-1643
-1820
-2746
-3350
-2645
-809
900
1268
274
-917
-1038
103
1518
2047
1363
26
-1224
-1987
-2125
-1538
-199
1750
3992
5958
6718
5443
2510
-20
268
3881
8571
10953
9146
4247
-259
-928
2627
6640
6262
875
-4416
-4228
448
3174
183
-4786
-5705
-2430
-469
-2845
-5878
-4710
-327
1914
-403
-4017
-4710
-2054
1433
3608
3605
1273
-2053
-3159
102
5313
7195
3670
-1395
-2742
295
3821
4474
2552
239
-1235
-1773
-1290
103
1240
630
-1740
-4098
-4682
-3409
-1658
-891
-1655
-3389
-4759
-4559
-2809
-874
-124
-534
-939
-546
341
1137
1874
2831
3733
3944
3410
2908
3166
4078
4853
4711
3410
1500
173
362
1566
1958
286
-2479
-4024
-3324
-1795
-1477
-2688
-4036
-4395
-4020
-3643
-3332
-2756
-2112
-2055
-2687
-3188
-2695
-1278
154
736
300
-640
-1255
-914
305
1503
1611
371
-1362
-2408
-2292
-1456
-546
356
1768
4016
6380
7209
5304
1497
-1411
-829
3210
7835
9564
7000
1922
-1836
-1225
3079
6508
4738
-1235
-5407
-3524
1472
2849
-1315
-5720
-5153
-1506
-734
-4204
-6834
-4444
360
1831
-1359
-4960
-4836
-1260
2647
4389
3247
0
-2935
-2524
1711
6082
6162
1974
-1848
-1493
1911
4399
3974
1896
25
-1158
-1729
-1252
333
1587
684
-2319
-5120
-5461
-3389
-1043
-490
-1978
-4064
-5057
-4317
-2463
-616
440
566
80
-455
-360
823
2830
4608
5072
4099
2721
2221
3033
4441
5236
4653
2918
1090
302
800
1606
1316
-475
-2620
-3545
-2929
-2022
-2150
-3259
-4227
-4346
-3981
-3726
-3515
-2975
-2302
-2153
-2682
-3138
-2693
-1383
-45
513
133
-662
-1030
-372
1068
2206
2012
544
-1092
-1861
-1699
-1247
-923
-440
849
3195
5856
7214
5899
2316
-1039
-1373
1928
6589
9197
7771
3178
-1262
-1939
1935
6763
7363
2558
-2839
-3332
406
2337
-886
-5363
-5508
-1991
-656
-3961
-7331
-5634
-352
2509
220
-3888
-5209
-2767
1147
3920
3988
1178
-2511
-3507
-72
5005
6817
3763
-688
-2092
265
3438
4534
3153
672
-1456
-2325
-1604
139
1394
764
-1687
-4325
-5326
-4188
-2030
-625
-1042
-2914
-4715
-4905
-3140
-590
1038
938
-228
-1107
-834
519
2306
3794
4443
4132
3316
2786
3058
3993
4943
5154
4181
2263
426
-213
437
1163
652
-1112
-2908
-3669
-3471
-3108
-3106
-3415
-3784
-4084
-4208
-3984
-3375
-2668
-2299
-2398
-2587
-2310
-1417
-357
220
97
-306
-323
334
1275
1753
1377
538
7
17
-63
-921
-2256
-2835
-1696
946
4008
6351
7077
5590
2253
-966
-1381
2024
7137
10100
8496
3427
-1231
-1759
2253
7010
7476
2484
-3394
-4510
-793
2078
-62
-4525
-5741
-3064
-1315
-3422
-6048
-4576
-2
2227
-516
-4860
-5908
-2599
2148
4780
3537
-738
-4636
-4209
1006
6398
6589
1517
-3322
-3107
1267
5056
5137
2326
-791
-2485
-2324
-654
1399
2103
412
-2794
-5230
-5181
-2976
-597
72
-1296
-3411
-4587
-4034
-2250
-402
584
526
-136
-745
-730
249
2115
4147
5178
4517
2816
1708
2284
4021
5360
5169
3513
1347
-178
-320
688
1559
931
-1222
-3448
-4304
-3786
-3022
-2866
-3241
-3724
-4169
-4523
-4476
-3759
-2682
-1993
-2079
-2504
-2476
-1687
-585
159
292
85
-47
122
598
1202
1597
1440
679
-354
-1257
-1841
-2051
-1739
-695
1137
3541
5864
6894
5458
1884
-1280
-961
3362
8614
10598
7665
2076
-1833
-1017
3661
7668
6669
1217
-3219
-2337
1521
2124
-2392
-6801
-5830
-1478
-190
-3813
-7131
-5255
-217
2099
-382
-4064
-4778
-2097
1552
3730
3170
162
-2887
-2687
1373
5555
5453
1244
-2329
-1534
2245
4722
3757
940
-1157
-1653
-1143
-270
529
568
-718
-2821
-4293
-4104
-2635
-1195
-827
-1665
-3076
-4094
-3920
-2486
-644
458
353
-421
-920
-539
774
2633
4292
4910
4187
2841
2141
2799
4322
5433
5079
3202
844
-543
-266
897
1331
150
-1981
-3661
-4159
-3802
-3280
-3003
-3126
-3672
-4399
-4766
-4371
-3390
-2452
-2066
-2229
-2474
-2244
-1320
-61
834
924
428
4
134
738
1333
1481
1121
509
-151
-934
-1924
-2742
-2653
-1297
906
3226
5176
6241
5541
2759
-503
-1303
1819
6850
9769
8141
3199
-1213
-1628
2256
6826
7305
2649
-2615
-3141
561
2468
-986
-5820
-5936
-1846
-105
-3880
-8197
-6768
-643
3307
1294
-3464
-5688
-3817
65
3327
4142
1785
-2088
-3537
-216
5028
6665
3028
-1585
-2199
1099
4096
3889
1505
-542
-1305
-1328
-989
-204
596
387
-1236
-3296
-4261
-3518
-1885
-823
-1200
-2668
-3999
-4033
-2573
-530
820
887
135
-496
-349
700
2401
4135
4965
4294
2704
1716
2316
3884
4900
4518
3131
1577
399
-122
118
671
553
-845
-2911
-4329
-4421
-3692
-3077
-3034
-3466
-4060
-4423
-4144
-3148
-1983
-1440
-1746
-2305
-2294
-1431
-131
903
1190
743
43
-266
136
966
1565
1430
563
-644
-1704
-2249
-2156
-1620
-985
-241
1176
3677
6394
7281
5012
903
-1615
9
4953
9524
10196
6462
1345
-847
1737
6246
7326
2805
-3243
-4752
-1064
2033
-190
-5022
-6042
-2136
820
-1839
-6955
-7721
-2710
2474
2427
-1966
-5547
-4840
-629
3867
5582
3278
-1350
-4205
-2243
2949
6261
4565
208
-1956
-204
2713
3534
2100
425
-376
-837
-1352
-1274
-291
446
-461
-2707
-4389
-4115
-2404
-918
-828
-2071
-3631
-4239
-3225
-1188
387
567
-108
-447
-38
673
1465
2622
3984
4589
3854
2598
2212
3025
4106
4499
3995
2762
1045
-486
-848
100
1003
263
-2081
-4241
-4667
-3640
-2683
-2761
-3529
-4139
-4199
-3809
-3126
-2297
-1672
-1602
-1948
-2076
-1496
-410
529
860
635
235
71
378
1045
1583
1499
797
-33
-613
-1073
-1683
-2283
-2356
-1575
59
2481
5349
7387
6763
3053
-1350
-2762
384
5897
9701
9110
4615
-530
-2395
516
5215
6384
2106
-3298
-4059
-318
1935
-1018
-5429
-5397
-1364
415
-3198
-7619
-6701
-943
3283
1726
-3217
-6094
-4232
668
4907
5532
2119
-2560
-4213
-1006
4029
5834
2861
-1295
-2239
368
3190
3550
1926
225
-792
-1496
-1841
-1238
68
643
-571
-2845
-4344
-3994
-2320
-757
-514
-1769
-3472
-3994
-2599
-354
906
590
-193
-268
271
796
1426
2659
4065
4442
3443
2210
1988
2745
3596
3979
3781
2786
954
-811
-1173
-57
835
-168
-2685
-4700
-4833
-3657
-2707
-2742
-3336
-3741
-3668
-3265
-2779
-2365
-2083
-1893
-1690
-1390
-960
-403
203
663
784
604
407
474
800
1111
1096
690
115
-362
-722
-1220
-1983
-2640
-2441
-836
2057
5341
7535
7191
4048
-104
-2194
-263
4661
9121
9848
6190
739
-2304
-446
4341
6760
3596
-2150
-4345
-1297
1940
341
-4177
-5596
-2594
-554
-3599
-8191
-7753
-1796
3190
1982
-3355
-6697
-4825
321
4642
5268
1972
-2630
-4480
-1518
3726
6264
3955
-292
-2127
-528
1978
2907
2148
880
-303
-1382
-1950
-1367
115
1113
424
-1649
-3511
-3782
-2554
-1158
-818
-1585
-2533
-2834
-2425
-1683
-789
257
1074
945
-228
-1244
-530
2020
4571
5109
3553
1724
1307
2354
3754
4556
4393
3174
1178
-613
-1008
85
1230
804
-1306
-3595
-4506
-3847
-2651
-2018
-2303
-3165
-4023
-4355
-3887
-2786
-1658
-1126
-1287
-1655
-1680
-1251
-624
-38
442
768
832
652
476
570
914
1193
1095
576
-135
-777
-1299
-1843
-2427
-2668
-1970
-48
2702
5255
6344
5115
1975
-1060
-1447
1736
6553
9440
8029
3201
-1361
-1895
2116
6857
7306
2523
-2744
-3230
395
2308
-708
-4862
-4797
-1364
-437
-4178
-7531
-5252
579
3242
123
-4594
-5862
-3215
516
3059
3477
1311
-2447
-4498
-2123
2916
5556
3288
-914
-2452
-470
2065
2610
1485
216
-673
-1372
-1506
-498
1055
1498
-21
-2380
-3623
-2987
-1470
-569
-893
-1992
-3045
-3391
-2711
-1198
352
937
182
-1197
-1850
-872
1376
3462
4008
2925
1525
1261
2345
3740
4384
4056
3049
1615
178
-415
314
1481
1394
-510
-2873
-3932
-3432
-2550
-2255
-2511
-2940
-3473
-3981
-3932
-2989
-1715
-1089
-1383
-1924
-2021
-1656
-1151
-583
101
645
623
71
-369
-113
693
1341
1302
686
-21
-505
-865
-1340
-1929
-2356
-2312
-1565
137
2863
5846
7302
5708
1668
-1894
-2006
1716
6680
9374
7907
3364
-642
-488
3935
8175
7284
1597
-3112
-2524
719
759
-3161
-5606
-3023
660
-520
-5661
-7729
-3177
3054
3943
-962
-5850
-5996
-2023
2481
4695
3531
-422
-4415
-4779
-639
4289
5280
1846
-1967
-2464
-57
2239
2606
1592
360
-683
-1383
-1190
129
1581
1573
-380
-2905
-4012
-2981
-973
153
-491
-2208
-3539
-3530
-2310
-738
282
261
-668
-1722
-1827
-458
1721
3290
3400
2537
1829
1825
2277
2920
3744
4356
3811
1819
-245
-498
1136
2528
1728
-813
-2957
-3435
-2890
-2507
-2543
-2595
-2661
-3116
-3795
-3862
-2848
-1420
-724
-1132
-1956
-2316
-1967
-1206
-372
296
513
136
-458
-550
160
1100
1414
861
-55
-727
-936
-808
-646
-857
-1673
-2723
-3046
-1821
907
4143
6354
6156
3291
-601
-2622
-830
3921
8504
9883
7165
2142
-1606
-1070
3204
6653
4965
-679
-4388
-2647
1188
1499
-1927
-4067
-2398
-638
-2851
-6811
-6772
-1707
2944
2268
-2363
-5887
-5535
-2393
1212
3365
2549
-1228
-4934
-4523
338
5051
5010
852
-2595
-2051
1095
3386
3332
1998
726
-216
-844
-664
555
1808
1552
-513
-2880
-3698
-2609
-939
-283
-1104
-2561
-3421
-3101
-2013
-1044
-697
-807
-981
-1064
-984
-449
759
2185
2895
2505
1728
1615
2419
3475
3986
3622
2530
1235
513
835
1683
1808
557
-1288
-2341
-2149
-1512
-1360
-1809
-2438
-3015
-3529
-3726
-3173
-1930
-837
-807
-1837
-2909
-2923
-1718
-160
672
377
-563
-1244
-1070
-160
763
1009
510
-182
-504
-405
-222
-209
-405
-869
-1680
-2606
-2989
-2188
-67
2901
5714
6945
5436
1639
-1885
-2155
1530
6746
9936
9079
4834
32
-1820
967
6009
8082
4405
-1563
-3630
-458
2688
1026
-3328
-4692
-2125
-566
-3225
-6588
-5431
-421
2601
273
-4438
-6460
-4242
-139
2799
2848
-68
-4015
-5535
-2596
2625
5361
3340
-775
-2604
-807
2258
3801
3228
1657
168
-735
-709
344
1721
2112
793
-1517
-3227
-3318
-2133
-884
-567
-1355
-2678
-3655
-3616
-2543
-1116
-176
-62
-487
-925
-921
-154
1319
2745
3089
2156
1102
1313
2831
4272
4348
3114
1645
895
1065
1728
2153
1688
276
-1320
-2123
-1911
-1426
-1517
-2246
-2986
-3204
-2927
-2495
-2154
-1986
-2043
-2327
-2632
-2597
-2024
-1145
-519
-551
-1086
-1487
-1205
-335
477
693
394
99
118
282
287
131
36
3
-316
-1167
-2217
-2652
-1808
330
3117
5486
6218
4538
1024
-2105
-2330
990
5726
8465
7117
2571
-1756
-2283
1629
6373
6947
2271
-3004
-3530
226
2549
78
-3748
-3750
-576
211
-3625
-7344
-5604
160
3495
984
-4281
-7120
-5582
-1367
2625
3827
1079
-3697
-5909
-2674
3317
6196
3551
-1001
-2492
-197
2658
3469
2607
1552
735
-41
-351
380
1571
1719
127
-2190
-3531
-3128
-1644
-464
-601
-2009
-3595
-4069
-3072
-1506
-587
-629
-956
-917
-561
-189
318
1239
2231
2465
1732
1007
1427
2884
4082
3980
2819
1639
1172
1389
1831
1977
1433
181
-1242
-2096
-2107
-1697
-1483
-1721
-2312
-3069
-3719
-3791
-2958
-1628
-904
-1536
-2978
-3740
-2898
-1100
96
-180
-1323
-2004
-1505
-244
818
1063
603
16
-216
-63
186
358
535
703
416
-768
-2463
-3398
-2546
-211
2347
4162
5005
4717
2965
225
-1560
-337
3780
8107
9510
6923
2133
-1375
-787
3493
7344
6397
1013
-3409
-2565
1265
2149
-1479
-4794
-3659
-671
-1230
-5331
-7248
-3658
1531
2328
-1825
-6151
-6674
-3630
484
3430
3518
224
-4067
-4987
-862
4517
5782
2230
-1653
-1846
936
3245
3362
2305
1394
701
-9
-267
365
1253
1181
-220
-2049
-3084
-2859
-1871
-1062
-1130
-2028
-2973
-3165
-2575
-1857
-1445
-1097
-541
-152
-399
-838
-369
1252
2822
3089
2316
1860
2391
3253
3588
3374
3016
2573
1934
1419
1449
1698
1258
-112
-1460
-1772
-1261
-1040
-1679
-2630
-3127
-3112
-3013
-2971
-2751
-2323
-2082
-2342
-2838
-2931
-2309
-1317
-639
-644
-1070
-1288
-891
-25
792
1138
956
496
143
224
767
1364
1420
697
-454
-1474
-2087
-2351
-2308
-1763
-433
1708
4055
5317
4261
1063
-2084
-2411
906
5689
8410
7023
2525
-1686
-2176
1635
6261
6815
2175
-3041
-3335
912
3645
918
-3844
-4627
-1272
377
-2980
-7086
-5960
-392
2845
-204
-5902
-7896
-4348
1226
4488
3715
-167
-4484
-5816
-2434
3236
6085
3570
-1243
-3067
-305
3693
5029
3345
1055
-66
-177
106
840
1941
2329
939
-1684
-3594
-3420
-1720
-241
-195
-1433
-2967
-3889
-3833
-2915
-1515
-183
437
-54
-1247
-1887
-942
1126
2622
2491
1515
1217
1939
2749
3091
3474
4173
4273
2907
939
240
1268
2359
1814
-90
-1702
-2086
-1747
-1545
-1703
-2018
-2433
-2975
-3451
-3562
-3286
-2875
-2519
-2210
-1941
-1835
-1947
-2045
-1793
-1166
-557
-336
-394
-278
231
847
1160
1100
917
806
730
624
515
405
148
-437
-1345
-2313
-2916
-2654
-1114
1650
4656
6132
4709
950
-2450
-2590
1112
6281
9475
8695
4537
-201
-2010
791
5835
7921
4269
-1666
-3656
-381
2726
780
-3793
-4858
-1606
211
-3117
-7469
-6584
-1019
2525
120
-4871
-6885
-4609
-788
1876
2300
214
-3333
-5174
-2597
2736
5665
3456
-808
-2136
387
3298
3676
2210
1114
946
736
215
291
1337
2166
1328
-1045
-3196
-3505
-2042
-391
-91
-1339
-3049
-3986
-3700
-2516
-1022
190
524
-274
-1583
-2073
-884
1352
3039
3201
2306
1468
1266
1644
2510
3739
4639
4211
2391
562
236
1343
2312
1886
337
-1176
-1960
-2131
-2002
-1710
-1483
-1738
-2645
-3712
-4122
-3533
-2428
-1638
-1600
-2098
-2608
-2737
-2315
-1375
-249
413
149
-680
-1030
-239
1170
2028
1771
905
272
228
618
1142
1433
1048
-189
-1798
-2926
-3118
-2613
-1867
-943
444
2340
4061
4424
2754
-84
-1865
-698
3094
6901
7779
4842
176
-2474
-683
4032
6944
4758
-325
-2731
-371
2474
864
-3765
-5375
-1978
1170
-1155
-6582
-8161
-3739
1384
1564
-2569
-6097
-5976
-3062
389
2585
2161
-982
-4230
-3900
430
4675
4746
1339
-1228
-392
2194
3559
3016
1969
1429
1108
680
560
1023
1387
761
-713
-1947
-2183
-1714
-1282
-1230
-1493
-2055
-2888
-3537
-3274
-1975
-523
-35
-727
-1720
-1933
-963
755
2347
3017
2498
1294
441
797
2370
4214
5039
4152
2109
414
304
1587
2771
2508
859
-953
-1868
-1834
-1466
-1282
-1484
-2134
-3095
-3862
-3837
-3004
-2104
-1911
-2413
-2899
-2802
-2209
-1550
-1062
-728
-531
-489
-464
-184
407
998
1231
1092
856
739
766
916
1133
1180
737
-131
-863
-1047
-1031
-1523
-2574
-3304
-2756
-753
2061
4548
5303
3372
-448
-3349
-2569
1859
6767
8523
5950
1063
-2419
-1652
2862
6918
6129
856
-3519
-2715
1072
2104
-1081
-3905
-2733
-412
-1941
-6564
-8216
-3991
1553
2263
-2065
-6356
-6772
-3873
-156
2524
2830
135
-3666
-4582
-813
4348
5862
2844
-693
-1017
1288
3202
3397
2909
2588
1868
419
-581
143
1929
2662
1193
-1404
-3133
-3047
-1774
-611
-502
-1575
-3113
-3981
-3490
-2024
-687
-250
-603
-1168
-1495
-1303
-351
1241
2649
2866
1783
498
313
1480
3097
4032
3791
2696
1561
1166
1673
2401
2413
1478
267
-523
-967
-1507
-2047
-2017
-1438
-1257
-2217
-3702
-4296
-3443
-2060
-1400
-1785
-2634
-3267
-3288
-2507
-1113
118
363
-328
-984
-767
188
1157
1687
1786
1541
1023
536
501
906
1174
784
-102
-887
-1271
-1522
-1999
-2636
-3001
-2678
-1451
664
3124
4651
3901
944
-2085
-2452
738
5558
8744
8157
4303
154
-762
2604
7067
7635
2965
-2416
-3076
561
2706
35
-3758
-3393
137
801
-3603
-7781
-6040
-159
2886
-172
-5485
-7533
-5107
-907
2234
2914
784
-2844
-4649
-2062
3142
5954
3781
-419
-1817
581
3502
4024
2688
1648
1516
1348
842
879
1790
2377
1358
-824
-2399
-2286
-1134
-387
-779
-1926
-2978
-3365
-3018
-2227
-1417
-953
-1029
-1548
-2055
-1859
-587
1219
2331
1983
781
154
851
2273
3316
3524
3144
2492
1784
1446
1899
2822
3119
2089
360
-787
-878
-583
-621
-969
-1332
-1874
-2882
-3945
-4103
-3046
-1736
-1473
-2497
-3738
-3948
-2860
-1267
-207
-118
-646
-1056
-854
-113
714
1255
1463
1476
1337
1025
700
698
1152
1635
1447
361
-981
-1651
-1422
-1077
-1558
-2886
-4059
-3977
-2342
283
2916
4466
4018
1491
-1725
-3255
-1505
2772
6749
7572
4625
264
-1693
884
5993
8657
5767
-134
-3202
-1026
2425
1979
-1910
-4080
-2241
-369
-2733
-7121
-7451
-2391
2282
1002
-4705
-8602
-7163
-2331
1954
3345
1507
-2249
-4874
-3360
1716
5775
5046
1062
-1302
236
3231
4423
3657
2875
2742
2185
809
-24
824
2364
2521
662
-1694
-2709
-2144
-1256
-1202
-1979
-2836
-3299
-3461
-3439
-3018
-2065
-1107
-985
-1778
-2369
-1545
511
2184
2148
894
169
981
2539
3349
2946
2136
1779
1935
2272
2677
3087
3056
2154
722
-290
-395
-118
-249
-912
-1656
-2242
-2832
-3435
-3656
-3256
-2668
-2584
-3071
-3438
-3060
-2114
-1306
-1060
-1152
-1123
-784
-259
284
788
1215
1472
1495
1321
1094
996
1129
1379
1421
1003
252
-399
-660
-694
-921
-1602
-2613
-3565
-4056
-3867
-2994
-1499
530
2652
3781
2817
37
-2384
-1954
1727
6327
8635
7104
2962
-523
-276
3866
8208
8205
3495
-1061
-905
2403
3152
-671
-4449
-3527
-179
-598
-5805
-9573
-6725
-279
2326
-1533
-7190
-8921
-5788
-882
2564
2931
233
-3405
-4304
-625
4772
6789
3886
-104
-726
2017
4572
4708
3531
2849
2583
1743
656
653
1840
2566
1486
-733
-2354
-2653
-2366
-2325
-2497
-2538
-2671
-3367
-4360
-4600
-3432
-1563
-493
-942
-2032
-2213
-932
869
1927
2032
1913
2031
2084
1873
1959
2858
3952
4009
2838
1698
1705
2450
2695
2005
1016
288
-317
-994
-1425
-1343
-1208
-1751
-2935
-3854
-3813
-3119
-2614
-2654
-2861
-2798
-2508
-2244
-1947
-1331
-484
53
-37
-302
-10
874
1589
1541
1011
686
751
839
716
609
704
743
361
-367
-992
-1242
-1255
-1330
-1659
-2329
-3312
-4306
-4721
-4063
-2352
-112
1985
3337
3465
2273
532
-160
1518
5185
8540
8996
5954
1689
-214
2080
6611
8891
6111
384
-3024
-1384
2251
2668
-1085
-4695
-4493
-2301
-2512
-5587
-7286
-4767
-799
-168
-3503
-6837
-6714
-3553
52
2177
2041
-296
-3093
-3193
757
5747
7084
3894
247
162
3030
5176
4721
3097
2219
2065
1642
906
608
839
778
-194
-1793
-3283
-4059
-3844
-2855
-1958
-2141
-3488
-4899
-5111
-3894
-2076
-677
-249
-752
-1572
-1689
-416
1764
3425
3592
2688
1905
1872
2327
2880
3429
3736
3275
1996
872
992
2165
2981
2399
819
-638
-1420
-1705
-1675
-1311
-939
-1297
-2628
-4035
-4264
-3105
-1682
-1214
-1783
-2503
-2636
-2184
-1475
-632
274
890
806
173
-256
123
1131
1983
1997
1124
-48
-687
-333
610
1106
477
-860
-1831
-1841
-1290
-953
-1171
-1769
-2461
-3066
-3445
-3496
-3248
-2814
-2174
-1090
664
2888
4719
5017
3436
1246
695
3036
7097
9971
9340
5474
1303
324
3449
7533
7919
3436
-1816
-3034
-579
659
-1932
-5108
-4672
-1907
-1935
-6125
-9604
-7696
-2234
907
-871
-4601
-6245
-4840
-1813
1323
3245
2618
-288
-2547
-1178
3084
6192
5446
2493
918
1914
3544
3770
2781
1983
1823
1525
629
-218
-305
-49
-556
-2082
-3535
-3760
-2933
-2278
-2555
-3323
-3751
-3648
-3353
-2947
-2158
-1054
-321
-491
-1092
-986
350
2146
3110
2786
1965
1707
2243
2970
3323
3281
3017
2503
1767
1219
1267
1660
1660
999
236
-62
-128
-556
-1286
-1625
-1331
-1118
-1721
-2814
-3309
-2685
-1624
-1200
-1696
-2391
-2436
-1724
-893
-558
-673
-696
-288
280
511
314
102
253
679
946
736
153
-360
-397
14
337
22
-868
-1649
-1753
-1334
-1000
-1070
-1352
-1576
-1749
-1974
-2190
-2269
-2237
-2201
-2058
-1393
241
2795
5360
6448
5146
2297
307
1250
4937
8867
10138
7618
2868
-702
-219
3914
7603
6598
1201
-3538
-3431
-186
867
-2218
-5557
-5013
-2066
-1700
-5239
-8265
-6543
-1690
959
-1014
-4733
-6011
-3754
29
2865
3399
1587
-1096
-2074
160
3990
5902
4284
1259
120
1606
3574
3933
2804
1581
944
520
19
-298
-304
-434
-1095
-2024
-2668
-2908
-3026
-3091
-2903
-2579
-2605
-3066
-3232
-2421
-1004
-81
-149
-588
-542
162
1131
1991
2503
2464
1985
1683
2094
2900
3206
2678
1932
1639
1703
1638
1367
1154
964
503
-150
-474
-305
-222
-768
-1631
-2035
-1783
-1468
-1618
-2055
-2274
-2134
-1911
-1842
-1866
-1770
-1389
-747
-125
62
-295
-690
-437
477
1260
1196
508
42
231
683
832
617
346
153
-82
-387
-604
-682
-770
-941
-1027
-934
-900
-1205
-1679
-1826
-1487
-1132
-1330
-2030
-2597
-2449
-1473
151
2180
4157
5267
4813
3047
1402
1550
3991
7409
9392
8137
4055
-8
-730
2584
6665
6952
2344
-3203
-4779
-2039
573
-589
-4037
-5610
-4221
-2998
-4453
-6734
-6242
-2789
-34
-790
-3716
-5345
-4062
-1042
1720
2920
2046
-327
-2088
-974
2722
5757
5348
2461
560
1383
3212
3597
2439
1446
1409
1371
445
-765
-1121
-584
-221
-830
-2144
-3320
-3760
-3412
-2698
-2251
-2447
-3004
-3234
-2809
-2041
-1337
-695
2
480
408
108
415
1589
2809
3089
2456
1839
1890
2390
2788
2886
2757
2350
1609
814
402
394
339
-59
-564
-847
-1015
-1380
-1841
-1934
-1562
-1243
-1455
-1991
-2284
-2158
-1874
-1571
-1125
-616
-454
-760
-973
-489
469
1060
871
394
314
690
1065
1127
949
669
297
-95
-293
-201
-56
-171
-544
-874
-982
-1006
-1113
-1220
-1156
-1045
-1207
-1639
-1828
-1355
-551
-243
-809
-1713
-2137
-1833
-1154
-388
563
1856
3326
4515
4931
4319
3010
2124
2965
5636
8260
8264
4926
609
-1052
1377
5391
6678
3394
-1718
-4077
-2283
287
-403
-3989
-6219
-4621
-1893
-2283
-5724
-7739
-5325
-856
1030
-950
-3807
-4283
-2008
1226
3563
3836
1833
-913
-1556
1218
5051
6075
3468
489
419
2690
4119
3142
1261
399
435
106
-778
-1249
-954
-781
-1488
-2605
-3206
-3156
-2994
-2902
-2594
-2184
-2337
-3165
-3604
-2553
-460
957
677
-442
-718
488
2313
3501
3548
2813
2007
1705
2044
2654
2988
2815
2328
1723
964
117
-388
-203
308
299
-585
-1751
-2328
-2081
-1501
-1215
-1479
-2110
-2618
-2503
-1719
-863
-619
-975
-1237
-924
-354
-107
-171
-14
586
1212
1370
1110
833
749
734
648
529
459
432
376
231
-32
-358
-578
-574
-504
-690
-1211
-1698
-1695
-1184
-626
-501
-866
-1364
-1549
-1235
-640
-205
-243
-680
-1169
-1428
-1436
-1259
-838
20
1416
3129
4540
4866
3775
1973
1030
2210
5207
8039
8441
5729
1670
-610
760
4276
5935
3120
-2250
-5373
-3901
-714
-335
-3256
-5599
-4563
-2245
-2513
-5388
-6834
-4273
-128
1283
-949
-3732
-4027
-1782
1149
3251
3764
2348
-181
-1460
382
4090
6069
4434
1256
-55
1173
2599
2312
1033
458
697
486
-635
-1610
-1504
-856
-874
-1835
-2901
-3275
-2976
-2487
-2153
-2111
-2404
-2854
-2971
-2328
-1077
64
452
112
-300
-91
884
2129
2953
3039
2628
2203
2066
2197
2431
2580
2451
1912
1073
315
-11
63
145
-120
-719
-1369
-1820
-2007
-1951
-1704
-1442
-1449
-1839
-2297
-2297
-1633
-676
-2
149
2
-98
-17
202
504
863
1194
1353
1275
1055
874
860
1020
1237
1301
1009
365
-297
-525
-206
209
110
-594
-1331
-1485
-1094
-751
-866
-1258
-1505
-1508
-1480
-1496
-1353
-905
-379
-170
-413
-814
-950
-658
-187
-14
-407
-1108
-1412
-714
984
3022
4494
4737
3657
1850
496
788
3030
6012
7491
5853
1870
-1347
-929
2638
5389
3740
-1412
-5331
-4682
-1301
249
-1664
-4117
-3961
-2100
-1916
-4246
-5993
-4265
-315
1930
596
-2297
-3555
-2095
792
3229
3945
2556
8
-1418
97
3592
5734
4385
1158
-487
670
2562
2854
1702
769
567
112
-1026
-1820
-1390
-494
-546
-1709
-2843
-3166
-3005
-2836
-2509
-1910
-1652
-2321
-3314
-3279
-1795
22
842
550
68
144
788
1637
2349
2651
2470
2112
2022
2257
2447
2355
2150
2012
1740
1074
211
-351
-411
-265
-311
-696
-1337
-2021
-2400
-2195
-1560
-1084
-1219
-1754
-2046
-1728
-1044
-488
-296
-350
-412
-335
-32
531
1243
1764
1752
1199
554
349
712
1279
1562
1357
780
119
-325
-379
-157
-28
-283
-835
-1355
-1647
-1747
-1716
-1553
-1354
-1324
-1505
-1631
-1459
-1105
-885
-871
-856
-709
-549
-469
-345
-83
76
-231
-977
-1598
-1512
-659
553
1757
2865
3780
4094
3398
1987
1042
1787
4194
6555
6646
3809
21
-1488
696
4403
5656
2688
-2024
-4307
-2828
-409
-492
-2988
-4684
-3589
-1572
-1765
-4214
-5610
-3579
167
1878
237
-2425
-3136
-1284
1574
3653
3952
2357
-7
-930
938
4109
5330
3286
252
-648
862
2341
2003
604
-240
-318
-574
-1325
-1837
-1600
-1116
-1168
-1849
-2638
-3071
-2999
-2467
-1694
-1150
-1251
-1882
-2373
-2081
-976
333
1136
1176
810
674
1160
2112
2985
3286
2903
2150
1539
1454
1873
2355
2346
1671
708
15
-206
-228
-391
-705
-981
-1202
-1569
-2087
-2355
-2001
-1235
-741
-907
-1395
-1572
-1259
-795
-465
-183
175
412
271
-42
19
648
1347
1507
1129
737
669
760
760
722
761
691
240
-417
-743
-530
-221
-330
-773
-1063
-1024
-962
-1098
-1219
-1057
-759
-708
-971
-1223
-1183
-940
-746
-684
-626
-450
-155
143
271
124
-201
-403
-259
73
148
-286
-974
-1361
-1104
-284
838
2071
3174
3654
3028
1488
151
350
2413
5088
6311
4838
1523
-1024
-586
2327
4516
3170
-931
-4001
-3432
-734
504
-914
-2654
-2401
-1037
-1127
-3044
-4255
-2734
282
1797
607
-1643
-2631
-1624
477
2334
2907
1778
-350
-1665
-719
1819
3517
2759
604
-511
343
1717
1848
798
-21
100
439
149
-524
-779
-476
-245
-539
-1155
-1697
-2045
-2167
-1896
-1264
-775
-954
-1621
-1963
-1447
-424
308
375
114
88
499
1085
1449
1450
1288
1259
1414
1518
1355
1021
801
784
746
457
15
-265
-244
-90
-61
-240
-563
-932
-1201
-1168
-772
-282
-125
-424
-836
-931
-644
-238
51
167
105
-153
-464
-517
-171
292
459
278
72
81
202
264
332
526
701
567
125
-256
-289
-102
-15
-175
-494
-843
-1079
-1025
-664
-326
-430
-958
-1367
-1200
-611
-185
-285
-738
-1081
-985
-478
108
379
190
-221
-447
-282
133
497
591
360
-103
-592
-897
-916
-683
-248
350
1041
1689
2162
2340
2094
1473
980
1394
2877
4347
4227
2156
-241
-781
962
3046
3112
893
-1537
-2075
-861
103
-544
-1966
-2392
-1490
-749
-1422
-2796
-3082
-1681
108
664
-245
-1514
-1961
-1208
318
1691
1940
848
-538
-706
669
2215
2383
1244
299
549
1378
1560
871
154
26
170
29
-355
-565
-562
-708
-1115
-1444
-1474
-1484
-1762
-2024
-1772
-1130
-844
-1290
-1850
-1627
-602
315
387
-119
-370
40
758
1221
1241
1031
876
885
1006
1106
1069
897
708
610
563
427
142
-200
-450
-545
-525
-479
-490
-599
-742
-780
-648
-461
-378
-382
-290
-37
180
155
12
110
547
966
945
533
213
350
798
1121
1066
732
377
187
223
418
573
474
92
-358
-629
-680
-664
-711
-819
-944
-1121
-1387
-1640
-1658
-1320
-805
-502
-665
-1115
-1357
-1053
-365
222
390
247
114
174
376
592
746
798
729
550
323
144
105
227
386
356
30
-399
-597
-475
-306
-411
-794
-1178
-1355
-1348
-1251
-1034
-567
203
1116
1829
2012
1653
1195
1279
2188
3503
4358
4124
2928
1616
1172
1897
3018
3260
2043
168
-937
-722
-65
-167
-1126
-1971
-2029
-1761
-2013
-2767
-3118
-2496
-1463
-1052
-1563
-2306
-2433
-1741
-665
195
456
136
-288
-167
679
1652
1966
1570
1196
1401
1867
1899
1416
1016
1104
1328
1128
512
-23
-228
-377
-768
-1262
-1536
-1574
-1675
-1994
-2332
-2417
-2221
-1925
-1681
-1534
-1479
-1444
-1244
-745
-69
444
615
636
842
1316
1822
2122
2209
2218
2212
2161
2043
1897
1740
1542
1290
1009
712
385
41
-255
-465
-667
-971
-1348
-1617
-1655
-1548
-1482
-1514
-1527
-1433
-1293
-1179
-1027
-726
-322
-5
131
205
387
691
998
1222
1369
1449
1433
1312
1147
1027
996
1009
961
753
386
-4
-255
-347
-426
-626
-919
-1191
-1403
-1582
-1690
-1628
-1406
-1218
-1240
-1398
-1428
-1187
-784
-419
-161
21
127
136
148
349
756
1112
1145
904
707
744
869
842
656
498
457
404
204
-101
-348
-440
-433
-459
-613
-870
-1087
-1135
-1030
-936
-970
-1079
-1132
-1068
-903
-656
-328
48
450
926
1529
2159
2556
2552
2289
2145
2419
3057
3617
3567
2732
1599
992
1267
1831
1690
560
-755
-1285
-1038
-937
-1578
-2440
-2599
-1999
-1581
-2051
-2929
-3137
-2330
-1249
-760
-935
-1235
-1235
-869
-196
623
1159
1022
475
358
1068
1938
2026
1360
894
1202
1728
1622
898
324
321
490
290
-238
-663
-817
-912
-1107
-1304
-1405
-1523
-1773
-2002
-1944
-1586
-1234
-1147
-1246
-1232
-941
-472
-8
364
636
791
844
907
1120
1474
1763
1807
1627
1394
1220
1111
1054
1053
1031
835
408
-72
-344
-348
-305
-465
-848
-1238
-1419
-1357
-1189
-1070
-1069
-1135
-1170
-1114
-981
-823
-648
-416
-114
177
342
347
312
413
697
1016
1167
1085
903
800
822
872
837
689
488
305
178
86
-23
-180
-358
-500
-586
-644
-692
-716
-730
-769
-815
-763
-563
-352
-308
-406
-403
-139
248
499
525
463
478
605
789
934
958
839
677
624
698
744
626
394
197
85
2
-90
-168
-249
-415
-668
-860
-850
-704
-631
-725
-859
-856
-710
-556
-491
-474
-431
-373
-356
-355
-274
-101
33
0
-151
-241
-186
-95
-110
-233
-353
-416
-468
-509
-424
-105
384
847
1170
1417
1676
1863
1812
1573
1525
1997
2774
3113
2466
1190
347
630
1530
1793
800
-684
-1355
-889
-297
-638
-1675
-2228
-1740
-988
-1042
-1864
-2414
-1991
-1003
-309
-233
-474
-676
-661
-285
464
1140
1112
396
-124
310
1295
1728
1217
570
644
1191
1288
657
-7
-63
244
251
-189
-660
-884
-1017
-1210
-1306
-1190
-1117
-1364
-1730
-1743
-1339
-995
-1066
-1281
-1135
-594
-122
-44
-145
-18
408
844
1034
1015
971
1008
1112
1230
1297
1228
987
680
501
538
630
530
176
-229
-445
-449
-441
-589
-841
-1003
-985
-885
-840
-866
-860
-757
-597
-452
-325
-188
-44
93
254
487
744
884
854
791
874
1089
1241
1200
1054
973
980
962
843
659
485
316
118
-98
-284
-422
-543
-672
-790
-872
-921
-958
-981
-954
-857
-733
-652
-629
-594
-473
-282
-104
20
109
189
250
307
422
609
768
765
615
480
485
591
662
620
482
306
130
-5
-82
-135
-227
-379
-541
-644
-661
-619
-570
-553
-576
-605
-603
-543
-426
-258
-76
44
60
30
75
239
441
573
618
623
601
528
435
399
444
483
419
251
74
-49
-131
-204
-251
-239
-203
-238
-371
-500
-502
-394
-319
-363
-448
-446
-370
-342
-399
-439
-376
-269
-219
-230
-224
-175
-119
-73
-9
53
42
-63
-164
-165
-87
-47
-100
-189
-231
-222
-228
-297
-386
-409
-344
-280
-307
-371
-324
-108
135
234
221
292
572
966
1284
1421
1389
1276
1205
1303
1583
1856
1853
1481
960
626
607
711
646
334
-37
-277
-421
-647
-955
-1109
-954
-697
-720
-1093
-1452
-1401
-954
-485
-286
-328
-422
-429
-292
0
367
608
579
389
314
464
660
681
558
485
495
412
138
-147
-214
-114
-119
-352
-643
-785
-797
-820
-884
-905
-891
-941
-1058
-1082
-900
-626
-468
-458
-440
-301
-104
32
103
201
368
540
637
646
627
643
719
813
847
766
596
431
349
337
318
230
85
-67
-181
-257
-317
-374
-420
-446
-459
-476
-485
-459
-392
-316
-272
-258
-236
-177
-89
6
97
180
259
333
394
424
408
386
421
515
574
508
348
221
200
225
195
97
-5
-64
-108
-178
-265
-332
-369
-403
-445
-474
-464
-429
-402
-398
-392
-355
-296
-244
-217
-190
-126
-22
86
151
153
113
93
144
262
380
421
380
307
261
247
247
249
237
186
87
-12
-50
-26
-13
-62
-147
-197
-189
-145
-84
-2
67
49
-93
-259
-261
-4
363
535
336
-62
-250
14
510
759
530
114
-17
227
466
365
72
2
246
423
194
-266
-463
-207
173
238
-85
-488
-650
-500
-195
28
8
-225
-445
-432
-219
-61
-111
-241
-231
-82
-1
-89
-187
-110
97
194
64
-141
-189
-37
139
152
0
-162
-207
-148
-96
-130
-206
-224
-145
-46
-37
-134
-217
-169
-14
109
107
38
25
112
229
289
258
170
90
79
145
226
230
148
54
13
5
-27
-72
-78
-46
-52
-142
-264
-319
-276
-191
-129
-105
-84
-39
24
75
108
154
239
345
412
411
392
442
595
778
864
779
576
407
405
553
675
600
319
-3
-188
-203
-156
-180
-313
-491
-610
-638
-642
-695
-764
-734
-581
-426
-423
-554
-623
-466
-148
113
158
34
-66
14
260
515
623
560
433
354
341
348
342
331
310
252
143
15
-82
-127
-133
-130
-160
-256
-405
-523
-525
-413
-295
-281
-377
-471
-459
-336
-185
-80
-31
-2
30
66
113
187
282
363
407
420
423
415
384
353
362
400
393
279
103
-26
-55
-31
-52
-163
-325
-460
-520
-522
-513
-528
-556
-570
-563
-546
-526
-484
-397
-279
-172
-110
-87
-57
25
170
322
394
352
268
250
334
440
465
395
305
262
254
236
195
160
141
111
48
-29
-75
-85
-90
-120
-162
-190
-199
-193
-171
-125
-66
-32
-41
-64
-49
19
108
177
205
212
220
235
259
294
330
354
340
294
240
208
200
197
179
144
97
48
-2
-57
-116
-161
-175
-162
-162
-201
-256
-280
-261
-233
-231
-243
-239
-216
-185
-144
-85
-27
-11
-39
-65
-45
7
43
48
50
67
80
59
21
16
59
99
79
11
-35
-17
24
13
-63
-138
-151
-117
-102
-138
-202
-247
-259
-257
-265
-295
-346
-389
-396
-355
-297
-257
-229
-172
-74
34
102
145
230
410
654
880
1035
1129
1180
1171
1085
994
1034
1230
1380
1205
681
149
-2
227
404
153
-411
-826
-838
-674
-699
-947
-1121
-1024
-808
-743
-865
-966
-867
-597
-299
-94
-41
-125
-204
-69
316
686
719
433
207
320
614
707
497
263
258
380
348
105
-134
-202
-171
-205
-344
-508
-644
-748
-790
-741
-656
-659
-769
-849
-763
-544
-362
-310
-309
-238
-71
107
218
276
355
498
664
757
739
671
653
712
766
722
582
422
306
234
177
118
43
-71
-217
-337
-387
-394
-424
-486
-519
-495
-466
-485
-510
-452
-313
-196
-167
-174
-117
17
163
273
359
432
472
468
464
511
593
640
606
518
433
377
334
268
176
76
-20
-118
-227
-331
-399
-422
-425
-446
-490
-542
-576
-570
-514
-429
-355
-312
-271
-191
-76
28
101
176
278
372
401
370
352
414
531
601
553
416
300
278
320
333
267
154
54
-24
-102
-177
-212
-200
-188
-230
-319
-401
-427
-383
-295
-203
-153
-147
-151
-119
-41
57
145
211
242
240
223
232
287
358
383
332
234
150
115
118
120
94
37
-40
-129
-210
-249
-241
-215
-215
-262
-332
-385
-396
-361
-298
-245
-217
-202
-183
-151
-111
-53
28
111
153
140
114
138
216
297
326
292
225
169
153
177
201
188
132
59
-8
-72
-136
-173
-166
-143
-149
-203
-267
-295
-268
-204
-144
-116
-127
-145
-134
-84
-12
61
119
156
168
165
171
204
250
285
294
278
250
214
183
171
179
187
166
105
22
-45
-57
-22
9
-14
-91
-161
-175
-141
-109
-111
-131
-141
-128
-107
-87
-77
-69
-56
-31
-1
20
21
16
34
77
115
117
92
77
92
115
118
97
74
65
65
59
39
15
-7
-18
-22
-26
-41
-58
-61
-44
-30
-40
-67
-82
-71
-50
-41
-42
-40
-32
-24
-16
0
24
39
35
27
39
75
108
115
96
82
90
106
109
88
66
58
60
55
42
23
4
-24
-51
-64
-61
-63
-84
-108
-111
-96
-88
-96
-106
-96
-72
-56
-53
-54
-52
-52
-53
-42
-12
21
34
26
22
31
42
38
29
37
57
62
40
14
16
35
36
7
-29
-37
-24
-13
-21
-38
-47
-44
-36
-28
-24
-27
-35
-40
-29
0
30
40
31
22
37
66
85
77
66
75
104
127
126
106
90
80
74
65
63
69
76
67
41
11
-9
-17
-26
-36
-45
-44
-46
-61
-79
-83
-69
-61
-73
-93
-103
-98
-86
-67
-39
-13
-11
-29
-36
-12
27
52
56
52
50
48
39
42
65
93
103
82
46
20
15
28
40
39
20
-13
-40
-46
-31
-13
-13
-32
-54
-58
-47
-31
-19
-4
14
24
20
13
20
45
72
82
71
52
36
36
53
74
82
60
22
-10
-19
-14
-8
-14
-30
-52
-73
-87
-88
-80
-76
-84
-99
-110
-109
-96
-80
-67
-60
-57
-57
-59
-56
-40
-13
10
16
8
2
8
25
42
58
66
63
49
36
39
55
66
61
47
32
18
7
-1
3
13
13
-4
-24
-25
-7
13
18
8
-3
-2
8
24
34
39
41
42
39
35
37
52
70
79
71
53
38
36
43
52
52
33
6
-16
-22
-18
-16
-24
-37
-49
-58
-61
-59
-50
-37
-25
-22
-27
-36
-39
-30
-9
7
8
-5
-18
-16
-2
16
22
16
7
2
2
9
15
23
24
18
4
-16
-26
-24
-14
-10
-15
-24
-32
-33
-28
-18
-5
4
6
3
3
12
23
31
34
39
44
44
39
38
47
61
64
54
40
33
35
40
42
40
35
24
6
-6
-7
-1
-4
-20
-36
-42
-41
-37
-33
-25
-13
-9
-17
-29
-27
-6
20
32
29
24
28
37
42
43
39
37
35
31
27
26
22
17
14
15
13
1
-18
-29
-28
-19
-18
-28
-42
-50
-51
-44
-31
-15
-5
-9
-21
-21
0
31
50
50
39
41
58
77
90
93
94
95
92
82
71
67
70
74
70
56
34
14
8
18
28
16
-22
-59
-66
-48
-35
-48
-70
-73
-58
-45
-49
-56
-50
-27
2
19
20
12
12
34
65
82
71
46
39
54
71
69
48
27
23
32
38
29
13
1
-3
-9
-27
-47
-55
-53
-55
-73
-96
-110
-107
-94
-84
-87
-97
-105
-97
-80
-70
-75
-78
-61
-28
-5
-10
-20
0
47
86
90
73
74
106
139
147
136
131
139
143
134
119
112
105
97
88
82
71
45
15
3
14
23
7
-23
-40
-38
-32
-36
-50
-56
-54
-49
-50
-52
-49
-34
-17
-10
-17
-26
-19
3
29
47
53
51
49
49
55
64
63
54
42
35
26
8
-16
-32
-36
-43
-62
-95
-122
-138
-145
-151
-160
-171
-183
-195
-201
-192
-173
-157
-150
-146
-132
-105
-76
-56
-37
-14
13
36
55
69
84
102
120
135
142
144
142
142
146
149
147
140
132
123
114
104
90
75
65
53
41
27
13
4
-2
-8
-15
-20
-17
-7
3
6
4
3
18
43
71
94
107
107
100
99
123
174
226
240
199
132
83
82
117
147
126
53
-38
-98
-112
-111
-127
-159
-183
-199
-239
-308
-370
-369
-305
-239
-240
-310
-384
-394
-322
-220
-148
-136
-158
-164
-130
-68
-8
34
73
114
139
122
79
63
105
176
211
178
111
65
65
98
134
151
132
89
46
27
31
48
69
95
116
107
67
25
20
62
124
170
172
129
70
47
88
166
216
207
163
130
113
91
69
71
100
112
68
-15
-77
-89
-63
-39
-38
-65
-119
-176
-204
-184
-143
-126
-143
-167
-176
-176
-175
-166
-131
-81
-44
-38
-54
-68
-62
-33
14
55
65
41
8
-3
12
34
47
46
38
24
8
-8
-15
-8
9
24
19
-8
-41
-55
-38
-5
19
22
8
-6
-5
13
34
52
58
58
51
43
39
48
65
83
88
75
51
29
23
37
58
66
53
22
-5
-17
-14
1
14
16
2
-22
-48
-60
-63
-59
-52
-45
-40
-44
-53
-58
-53
-41
-33
-31
-32
-26
-20
-14
-9
1
14
26
33
32
25
10
5
16
35
42
25
0
-10
-3
6
5
1
-7
-14
-23
-24
-16
-7
0
5
12
15
5
-5
2
28
48
44
27
19
29
43
51
54
57
55
47
35
32
33
32
26
21
19
14
3
-8
-15
-13
-8
-8
-14
-28
-41
-49
-43
-32
-25
-24
-26
-29
-32
-36
-34
-24
-15
-13
-16
-18
-18
-20
-17
-7
11
21
18
10
8
11
12
12
15
19
17
8
-1
0
7
10
6
0
-4
-10
-14
-10
0
7
3
-7
-14
-14
-11
-9
-10
-11
-9
-8
-5
-5
-2
6
17
24
24
20
20
26
32
37
43
46
47
43
36
29
29
33
35
33
29
26
22
19
16
15
13
10
5
-1
-2
0
3
2
1
1
4
6
5
4
4
5
5
4
5
5
4
1
-2
-9
-14
-18
-20
-21
-22
-26
-29
-30
-31
-33
-31
-29
-27
-29
-30
-29
-27
-23
-20
-16
-14
-15
-14
-8
-1
1
0
2
7
13
13
14
21
32
37
33
30
34
39
41
40
40
41
42
39
35
32
30
28
25
21
15
9
4
2
1
-1
-1
1
1
-1
-2
1
6
4
0
-2
3
10
12
13
16
20
20
19
20
25
28
26
26
25
27
25
20
16
14
13
12
8
4
1
-2
-2
0
0
-1
-3
-4
1
4
2
-2
-5
0
6
10
12
15
17
21
22
24
26
29
35
42
44
43
42
46
52
54
52
49
51
56
54
48
43
46
52
55
52
50
48
44
39
34
34
35
36
35
30
23
12
7
6
9
12
9
3
-3
-9
-10
-9
-9
-11
-12
-11
-8
-6
-12
-16
-15
-9
-3
0
-2
-1
0
-2
-3
-1
3
7
6
3
3
8
9
3
-5
-7
-1
3
-1
-5
-4
1
-1
-9
-13
-8
4
9
8
4
4
5
5
3
4
5
5
3
3
3
1
-1
-1
3
6
5
3
3
7
13
17
18
18
15
15
20
26
31
30
29
29
28
24
21
23
24
20
12
8
8
7
4
2
5
7
5
4
7
15
18
16
16
22
30
35
33
30
30
30
34
32
29
25
23
25
28
26
24
24
26
24
19
14
13
15
15
13
10
11
18
26
31
33
30
29
28
29
29
28
28
33
39
41
35
25
19
22
28
31
31
30
26
22
15
9
6
6
9
12
12
6
-2
-5
-1
5
4
0
0
5
10
8
2
-2
0
4
5
6
4
4
1
0
0
2
3
3
3
8
12
15
13
11
10
9
6
0
-4
-3
0
1
-1
-2
-4
-4
-2
2
7
7
4
0
0
-1
-2
-2
1
3
1
-4
-4
2
7
5
3
7
13
15
10
8
10
20
25
25
20
20
26
32
34
28
25
27
35
41
39
35
33
36
35
31
25
23
25
26
25
21
17
17
20
27
31
31
27
22
22
24
28
30
29
26
25
25
25
19
15
13
12
9
3
-3
-3
0
4
7
9
7
3
-2
-1
3
8
9
9
7
6
7
9
8
8
4
2
1
5
10
13
9
2
-3
-4
-1
1
3
5
5
4
3
5
7
11
14
16
15
13
13
15
16
15
14
14
15
14
15
14
15
12
8
4
2
4
5
5
2
-1
-2
-2
2
8
14
18
20
22
25
27
28
28
28
29
31
38
40
37
32
32
33
31
24
20
23
27
27
24
24
27
26
24
22
25
26
23
18
14
13
13
14
15
15
14
8
3
3
4
5
6
4
4
5
6
5
2
-1
-4
-6
-7
-4
3
9
10
8
9
14
18
20
20
23
23
19
12
5
3
3
4
3
4
6
8
6
3
0
2
8
14
16
13
12
13
17
21
24
24
26
30
34
37
35
32
33
33
31
25
21
21
22
24
19
14
7
1
-2
-4
-1
1
2
-1
0
4
10
10
4
-1
1
5
5
5
4
4
5
4
4
4
6
8
11
15
16
14
13
15
19
20
19
14
10
4
3
4
6
4
6
10
16
16
15
15
21
26
27
24
23
23
21
17
13
12
14
17
15
13
14
15
15
14
17
20
23
19
13
11
14
15
15
15
19
24
27
25
23
24
25
25
24
24
27
29
30
29
21
14
9
7
8
9
9
9
9
9
8
8
9
8
8
8
8
9
10
11
14
17
16
9
6
4
4
1
0
3
6
6
4
4
5
6
5
3
5
6
4
4
5
5
5
3
4
5
4
3
4
6
4
3
1
2
-1
-3
-2
5
11
14
13
13
13
14
13
13
15
21
27
28
24
19
16
20
25
27
26
27
31
33
32
27
24
24
26
25
26
26
27
26
24
24
22
18
14
15
20
26
28
26
25
26
27
27
26
27
26
23
19
15
13
12
10
8
11
13
14
11
10
13
16
13
9
8
14
17
13
3
0
4
7
6
3
3
5
7
8
13
18
17
15
15
16
16
15
13
16
17
14
10
6
4
6
9
12
10
4
2
5
7
4
-1
-4
-1
2
2
0
-1
0
4
9
11
7
0
-2
5
9
12
15
21
25
25
23
23
23
24
23
24
23
24
23
23
24
26
29
28
26
20
17
17
18
17
11
7
6
9
11
7
3
2
5
10
15
17
15
13
13
14
15
15
12
14
17
21
24
24
24
25
25
25
25
27
27
22
20
21
23
23
22
21
22
24
22
21
22
24
22
20
21
25
28
28
24
19
14
14
16
18
14
15
17
17
15
14
16
17
17
16
20
25
28
27
28
32
31
25
18
16
18
19
21
22
26
28
26
25
25
25
22
19
19
23
26
24
18
12
12
16
17
16
14
14
12
10
7
9
14
19
16
15
14
16
16
15
15
15
13
7
3
3
8
13
15
11
4
2
4
7
6
5
4
5
4
1
-3
-2
4
6
4
3
5
9
12
14
14
13
8
4
2
4
6
5
3
4
8
12
16
15
14
15
14
14
14
16
19
25
24
20
13
11
13
15
17
16
20
24
27
25
22
23
26
30
31
30
27
23
19
15
12
14
15
14
8
4
1
5
9
11
13
15
13
8
2
2
6
7
4
3
4
6
4
2
4
6
6
4
7
14
18
17
15
13
16
16
14
14
15
16
15
14
16
18
20
22
27
28
26
20
16
16
18
23
27
25
18
11
11
16
19
16
13
14
15
16
13
14
16
16
15
14
15
16
15
14
15
16
15
14
15
16
15
14
14
16
15
14
14
16
16
12
5
0
-3
-2
0
3
5
4
1
-3
-2
3
10
12
12
9
10
11
11
10
11
10
11
10
11
10
10
11
10
11
10
11
10
11
10
13
17
21
22
21
18
19
19
20
19
20
20
21
21
20
20
20
20
20
20
20
19
20
20
21
21
22
23
26
29
29
30
33
38
38
31
27
26
27
25
23
24
26
25
23
24
26
25
24
23
24
22
16
13
14
17
16
15
14
15
17
16
12
9
5
3
5
5
6
5
5
5
4
4
4
5
6
9
14
17
18
14
13
16
16
14
13
15
16
16
13
15
16
14
8
4
4
4
5
3
0
-1
-2
1
4
6
5
4
7
10
12
10
4
2
3
6
6
4
4
5
6
5
4
3
6
6
3
3
4
4
1
-3
-4
-2
1
4
6
7
10
14
16
17
14
13
15
19
22
24
25
25
24
25
24
25
25
24
24
24
25
26
28
31
31
26
18
13
14
16
17
15
14
16
17
15
14
15
18
21
23
26
27
27
25
24
26
28
27
24
23
23
22
18
15
12
12
13
13
13
13
12
13
15
18
21
24
25
24
23
24
27
30
29
23
17
15
17
18
18
16
14
12
7
2
-3
0
3
5
4
4
5
4
6
4
5
5
4
4
4
5
5
4
4
5
5
5
5
5
4
4
4
4
4
4
4
4
3
3
1
-1
-4
-4
2
7
5
3
4
6
5
4
6
10
11
6
1
2
7
7
4
3
5
6
5
3
4
6
8
12
15
16
15
14
15
20
25
26
24
21
17
14
14
13
13
9
5
2
4
6
5
4
4
4
5
3
4
5
5
4
4
7
12
16
20
25
25
25
24
27
30
32
30
26
27
31
33
29
21
15
17
20
19
15
12
11
10
9
12
17
20
21
18
14
12
10
8
9
11
10
9
9
11
10
9
9
10
10
9
9
10
11
9
7
6
5
2
1
4
8
6
1
-2
-2
0
1
3
5
3
-1
-4
-2
1
3
4
4
6
6
4
4
3
5
6
5
4
4
4
4
2
-1
-5
-1
7
12
13
13
14
20
28
29
26
24
24
27
27
26
26
26
26
26
25
25
22
17
13
14
17
17
13
13
16
16
15
13
16
16
15
14
15
16
15
14
15
16
15
14
15
17
19
19
24
29
31
30
26
21
19
21
27
27
22
14
12
17
22
25
25
23
19
15
11
14
16
16
14
14
15
10
4
2
4
6
5
3
5
6
5
4
4
9
15
16
15
15
15
15
15
14
15
18
21
23
25
24
21
16
13
13
17
17
15
13
15
16
15
14
15
16
15
13
15
18
20
20
24
27
24
16
11
14
16
16
14
14
16
16
14
14
16
16
15
14
15
15
16
14
14
16
16
13
8
5
4
5
6
5
5
5
8
13
17
15
9
4
5
7
8
7
5
5
6
5
4
4
5
5
5
4
4
5
5
4
3
3
2
-1
-3
0
5
6
4
3
4
4
2
1
4
8
4
-2
-5
1
6
5
3
3
4
6
4
3
5
5
5
7
16
25
27
24
24
26
27
24
24
28
32
32
27
25
25
27
