
13
32
55
67
60
41
22
9
7
14
30
43
40
19
-10
-26
-18
8
33
42
32
8
-13
-15
-1
20
25
13
-7
-26
-38
-45
-43
-35
-29
-33
-50
-72
-87
-91
-81
-60
-42
-39
-54
-70
-73
-57
-32
-10
-3
-10
-25
-33
-30
-18
-3
12
22
24
17
8
6
16
31
40
37
24
9
1
2
14
25
26
16
3
-4
-4
0
6
11
11
4
-3
-5
2
12
20
26
28
23
17
14
22
37
50
56
53
47
41
38
38
38
37
32
24
15
6
2
2
6
12
15
15
11
6
3
5
12
20
25
22
14
10
13
20
27
32
31
27
21
17
15
17
19
18
16
16
16
14
8
5
6
8
5
-2
-6
-5
-3
-1
0
2
5
8
12
15
18
20
23
25
26
25
27
29
32
27
19
14
13
12
5
-3
-9
-10
-8
-8
-7
-3
-1
-2
-5
-5
0
4
4
4
8
14
16
14
13
14
15
13
13
14
15
12
8
4
4
5
5
4
4
4
3
4
8
12
13
9
7
9
13
13
7
-1
-5
-4
0
2
0
-1
-2
0
4
9
14
18
22
26
33
39
40
42
45
48
49
46
41
36
32
31
30
29
27
28
31
38
46
52
54
54
50
45
39
34
30
27
28
29
29
21
8
0
0
4
4
-3
-15
-22
-21
-18
-12
-5
0
3
2
2
7
14
22
27
30
27
21
22
27
34
35
28
19
14
11
10
7
4
2
-4
-5
-3
1
-1
-10
-19
-18
-13
-15
-26
-35
-34
-23
-13
-14
-22
-27
-24
-15
-4
7
13
20
29
41
49
52
52
53
62
70
72
64
52
45
46
53
53
42
21
4
-3
1
9
9
1
-8
-10
-3
4
2
-2
-3
7
20
26
23
19
22
34
48
56
51
39
27
28
39
53
57
51
44
44
46
42
29
18
14
15
12
2
-9
-17
-21
-23
-22
-23
-26
-33
-37
-34
-28
-26
-29
-27
-18
-6
-1
-7
-12
-14
-11
-4
0
1
-6
-13
-16
-12
-6
-4
-7
-9
-7
-4
0
0
-1
0
8
18
22
18
14
16
23
29
31
35
46
56
64
68
69
69
70
77
88
91
82
68
64
70
77
76
67
55
42
30
23
20
21
16
5
-7
-14
-21
-26
-25
-17
-6
4
6
8
18
36
57
73
80
79
78
81
87
96
104
109
108
99
83
65
49
37
29
23
8
-16
-46
-69
-76
-81
-93
-118
-147
-167
-178
-185
-195
-205
-208
-205
-200
-194
-186
-177
-169
-166
-164
-155
-137
-117
-98
-79
-53
-24
-5
1
3
20
55
100
130
132
115
102
111
142
176
188
173
136
100
82
87
113
155
209
258
275
235
155
100
126
239
360
394
296
127
4
10
127
246
261
152
-5
-118
-153
-131
-89
-55
-54
-109
-212
-309
-333
-273
-174
-101
-86
-129
-201
-251
-224
-112
25
94
53
-46
-104
-72
16
90
109
82
49
28
13
-1
-2
18
47
58
34
-20
-73
-98
-72
-12
40
39
-14
-75
-97
-71
-31
-10
-16
-37
-50
-49
-35
-21
-15
-4
13
25
15
-16
-32
-10
38
70
63
34
4
-6
4
21
33
21
-13
-56
-82
-82
-66
-58
-70
-97
-120
-137
-145
-148
-138
-114
-95
-91
-101
-106
-95
-70
-39
-11
12
28
38
56
89
123
145
148
148
154
166
178
189
197
199
190
177
172
172
167
150
128
107
86
60
32
10
5
7
5
-13
-37
-50
-44
-23
5
28
48
67
81
83
77
81
113
166
209
211
170
119
92
105
139
155
135
83
20
-31
-62
-80
-96
-108
-122
-136
-156
-183
-199
-193
-170
-142
-125
-122
-125
-127
-112
-70
-16
20
19
-7
-26
-24
-14
-11
-23
-42
-63
-92
-135
-190
-243
-285
-313
-331
-350
-379
-415
-445
-456
-443
-409
-368
-333
-308
-282
-240
-178
-107
-43
0
25
52
106
197
303
385
419
409
383
365
371
420
536
717
913
1032
991
793
566
498
694
1030
1209
988
433
-84
-211
48
336
309
-34
-413
-616
-674
-718
-729
-611
-404
-331
-518
-788
-836
-578
-224
-22
-1
-43
-74
-102
-87
68
366
610
591
316
31
-26
146
354
424
335
173
19
-101
-180
-207
-176
-128
-129
-224
-398
-561
-608
-496
-293
-137
-151
-340
-585
-707
-602
-325
-63
9
-124
-293
-292
-63
268
505
565
509
467
515
626
724
767
765
741
677
542
365
235
205
218
156
-29
-272
-464
-547
-534
-485
-473
-546
-676
-765
-725
-574
-429
-387
-445
-505
-483
-382
-268
-199
-184
-185
-170
-137
-98
-55
0
65
129
170
172
138
103
119
209
316
345
262
139
90
148
247
292
242
144
78
93
172
248
265
225
173
156
191
267
370
469
510
450
314
205
226
379
554
610
503
321
216
261
381
426
325
157
52
59
84
14
-156
-305
-328
-244
-193
-291
-494
-634
-594
-438
-337
-372
-460
-471
-388
-298
-255
-214
-124
-17
27
-4
-35
-1
77
138
175
225
292
329
301
256
273
350
394
333
198
93
72
99
106
70
18
-33
-78
-111
-114
-94
-90
-144
-239
-304
-299
-258
-254
-305
-354
-354
-319
-303
-330
-359
-349
-316
-310
-356
-437
-510
-540
-524
-488
-477
-520
-601
-681
-731
-750
-764
-783
-804
-825
-856
-900
-910
-802
-511
-37
557
1189
1766
2162
2256
2023
1646
1483
1847
2692
3453
3354
2118
483
-224
637
2182
2692
1361
-822
-2118
-1848
-907
-519
-908
-1408
-1573
-1678
-2073
-2484
-2282
-1365
-419
-221
-806
-1459
-1478
-795
130
838
1165
1123
745
227
18
513
1527
2284
2128
1208
348
193
610
953
821
391
59
-87
-310
-790
-1301
-1435
-1111
-730
-783
-1337
-1971
-2193
-1849
-1192
-633
-462
-686
-1020
-1078
-657
81
749
1061
1031
888
849
985
1231
1471
1598
1571
1429
1246
1072
928
848
855
881
766
391
-156
-608
-751
-628
-486
-556
-848
-1182
-1347
-1260
-1005
-765
-683
-760
-857
-810
-564
-210
114
316
394
385
345
339
438
650
891
1014
923
660
389
280
366
499
471
198
-207
-537
-678
-668
-617
-607
-672
-815
-993
-1106
-1065
-893
-722
-665
-715
-767
-714
-517
-214
104
317
345
231
145
250
546
842
922
742
468
312
350
478
530
416
168
-102
-301
-412
-483
-579
-716
-883
-1075
-1273
-1389
-1288
-923
-438
-70
44
-3
29
367
1073
1940
2539
2511
1930
1374
1456
2220
3028
3131
2367
1283
598
591
940
1102
794
146
-531
-1050
-1428
-1687
-1727
-1473
-1120
-1076
-1542
-2205
-2453
-1987
-1122
-481
-404
-723
-1029
-1044
-722
-151
489
927
939
595
284
384
880
1389
1555
1379
1118
951
825
627
400
303
384
443
209
-364
-994
-1311
-1209
-927
-809
-1004
-1393
-1745
-1874
-1688
-1226
-696
-385
-399
-543
-500
-157
320
714
969
1141
1247
1247
1159
1091
1141
1278
1353
1226
885
471
163
47
50
24
-135
-430
-782
-1079
-1212
-1163
-1038
-983
-1049
-1153
-1184
-1112
-983
-849
-731
-639
-573
-504
-391
-240
-111
-42
-5
60
144
176
130
66
53
74
45
-68
-239
-444
-687
-933
-1071
-1021
-841
-647
-451
-139
340
883
1364
1776
2148
2380
2324
2050
1959
2414
3239
3677
3046
1530
246
268
1472
2500
2072
322
-1352
-1808
-1265
-783
-908
-1264
-1392
-1478
-1916
-2485
-2454
-1570
-545
-295
-886
-1528
-1525
-962
-355
51
393
723
774
388
-47
100
946
1828
1951
1251
431
200
588
1052
1127
811
392
53
-237
-532
-769
-849
-813
-837
-1055
-1406
-1701
-1802
-1696
-1441
-1128
-889
-847
-961
-977
-657
-52
508
750
706
643
784
1147
1593
1950
2085
1971
1712
1492
1437
1517
1570
1432
1054
531
42
-274
-388
-413
-523
-837
-1307
-1729
-1908
-1820
-1632
-1521
-1527
-1597
-1684
-1726
-1595
-1210
-714
-409
-448
-653
-700
-445
-10
364
504
376
114
-50
25
239
362
283
93
-79
-215
-347
-464
-571
-751
-1073
-1447
-1654
-1562
-1203
-656
55
877
1606
1981
1923
1644
1491
1723
2419
3430
4300
4363
3261
1569
647
1418
3207
4117
2874
205
-1885
-2119
-1025
-62
-93
-896
-1863
-2678
-3263
-3431
-2940
-1924
-1046
-1031
-1936
-2945
-3060
-2036
-588
366
525
218
-155
-389
-271
457
1663
2616
2562
1568
557
400
1100
1908
2133
1703
1009
421
20
-280
-491
-535
-434
-435
-822
-1588
-2336
-2589
-2199
-1480
-954
-960
-1430
-1929
-1957
-1324
-325
471
660
329
-36
34
649
1548
2343
2759
2725
2338
1836
1529
1619
2037
2430
2378
1680
538
-497
-870
-505
32
-32
-939
-2136
-2823
-2695
-2126
-1676
-1621
-1895
-2286
-2555
-2481
-2004
-1329
-806
-656
-795
-946
-843
-402
225
729
853
607
282
213
495
917
1148
987
524
53
-157
-92
-6
-197
-742
-1449
-2006
-2197
-1971
-1388
-504
627
1805
2596
2545
1658
605
309
1235
3024
4709
5223
4028
1723
59
691
3336
5450
4507
780
-2676
-3151
-1015
1044
1105
-409
-2029
-3106
-3843
-4122
-3362
-1663
-316
-611
-2363
-4018
-4210
-2884
-983
546
1194
790
-475
-1792
-1970
-408
2074
3679
3200
1207
-448
-358
1187
2678
2940
2099
1085
499
194
-140
-398
-267
148
260
-384
-1560
-2541
-2731
-2087
-1093
-454
-689
-1706
-2722
-2782
-1594
122
1229
1137
247
-467
-267
844
2216
3089
3112
2504
1810
1493
1685
2172
2547
2462
1833
900
70
-357
-361
-201
-245
-727
-1600
-2520
-3048
-2932
-2326
-1744
-1717
-2322
-3040
-3182
-2522
-1526
-870
-849
-1225
-1541
-1454
-857
54
813
981
582
140
171
654
1126
1206
924
538
252
112
71
27
-176
-646
-1341
-2040
-2423
-2200
-1213
474
2435
3846
3790
2012
-476
-1803
-660
2506
5771
7147
5826
2579
-508
-1038
1775
5687
6793
3382
-1799
-4150
-2131
1354
2646
1187
-1061
-2794
-4266
-5327
-4617
-1714
1154
1106
-1959
-5104
-5644
-3678
-1101
758
1634
1292
-536
-2925
-3645
-1295
2694
5030
3816
487
-1769
-1210
1104
2895
3019
2076
1160
622
151
-393
-664
-350
296
605
112
-1073
-2363
-3072
-2774
-1614
-404
-177
-1306
-2917
-3464
-2184
36
1464
1234
99
-525
-22
1072
1939
2310
2415
2441
2351
2100
1802
1642
1702
1883
1921
1549
758
-95
-564
-552
-408
-574
-1157
-1868
-2305
-2296
-2028
-1870
-2043
-2401
-2587
-2412
-2015
-1666
-1502
-1502
-1544
-1433
-983
-270
307
390
97
-90
135
630
1092
1358
1365
1054
510
52
-42
120
153
-203
-922
-1822
-2598
-2762
-1815
285
2815
4540
4385
2205
-756
-2318
-859
3174
7257
8597
6182
1512
-2294
-2424
1445
6217
7423
3445
-2379
-4868
-2468
1411
2734
1114
-1163
-2898
-4634
-5986
-4960
-1129
2347
1866
-2124
-5580
-5666
-3347
-1003
565
1617
1520
-583
-3460
-4092
-1093
3265
5275
3588
209
-1856
-1271
1020
3026
3362
2197
848
359
503
389
-162
-401
120
709
343
-1007
-2336
-2745
-2204
-1275
-582
-617
-1523
-2689
-2962
-1762
72
1013
501
-463
-498
640
1982
2547
2266
1771
1601
1791
2039
2071
1833
1478
1169
894
517
65
-204
-149
-101
-585
-1623
-2533
-2594
-1849
-1082
-1044
-1826
-2891
-3526
-3278
-2231
-1025
-477
-890
-1764
-2230
-1805
-704
464
1132
1025
294
-458
-506
392
1663
2340
1882
622
-554
-932
-478
191
348
-260
-1236
-1879
-1631
-309
1849
4062
5085
3938
991
-1728
-1848
1272
5600
7767
5801
1035
-2621
-1859
2852
7234
6970
1994
-3257
-4368
-1366
1870
2246
351
-1469
-2426
-3358
-4255
-3697
-1258
1028
801
-1682
-3933
-4174
-2789
-989
583
1453
815
-1363
-3312
-2852
37
2913
3454
1751
-229
-841
42
1491
2450
2288
1154
-7
-186
662
1501
1316
204
-831
-1019
-598
-424
-976
-1820
-2101
-1552
-897
-1044
-1903
-2357
-1581
-156
557
36
-811
-765
383
1823
2700
2712
2021
1089
642
1233
2533
3340
2709
1013
-400
-613
59
642
557
-55
-803
-1476
-2033
-2376
-2350
-1948
-1468
-1349
-1811
-2609
-3160
-2996
-2124
-1051
-455
-689
-1472
-2015
-1669
-546
545
877
475
-31
-105
276
773
1071
1046
740
318
-41
-292
-551
-917
-1308
-1496
-1245
-316
1444
3686
5245
4727
1956
-1254
-2244
189
4575
7822
7530
3783
-692
-2276
536
5198
6895
3300
-2621
-5545
-3487
515
2474
1679
-8
-1547
-3381
-5126
-4898
-1966
1386
2039
-461
-3676
-5126
-4250
-1842
954
2647
1799
-1360
-4239
-4015
-639
2962
3901
2040
-422
-1386
-481
1244
2460
2412
1250
-49
-397
397
1353
1312
196
-920
-1076
-498
-229
-838
-1808
-2195
-1687
-900
-722
-1423
-2311
-2318
-1086
499
1074
254
-871
-884
436
1963
2466
1792
810
460
994
1885
2331
1930
1008
295
193
436
498
184
-325
-813
-1210
-1432
-1360
-1082
-946
-1218
-1745
-2124
-2126
-1860
-1557
-1359
-1336
-1498
-1709
-1734
-1482
-1142
-930
-788
-474
2
302
212
6
120
545
805
556
-22
-509
-731
-791
-730
-335
710
2474
4430
5425
4395
1555
-1206
-1588
1104
5158
7646
6566
2460
-1620
-2187
1479
5944
6439
1824
-3910
-5886
-3488
-205
1050
605
-159
-1482
-3998
-6181
-5345
-1413
2185
2229
-814
-3865
-4738
-3503
-1171
1306
2725
1919
-767
-3053
-2730
11
2820
3588
2210
183
-912
-454
1046
2360
2422
1222
-134
-504
140
790
604
-216
-827
-789
-484
-551
-1129
-1745
-1849
-1369
-798
-703
-1134
-1509
-1233
-413
244
306
176
531
1379
1992
1853
1280
992
1291
1877
2273
2165
1479
480
-215
-121
494
774
222
-752
-1406
-1545
-1516
-1535
-1454
-1244
-1232
-1641
-2167
-2312
-2009
-1620
-1412
-1322
-1260
-1314
-1516
-1611
-1299
-660
-135
-64
-365
-662
-636
-234
335
733
700
245
-366
-826
-990
-879
-563
-5
972
2521
4331
5406
4667
2158
-449
-958
1474
5479
8371
8011
4363
-87
-1788
883
5477
7157
3537
-2478
-5635
-3960
-383
1282
430
-1107
-2371
-3880
-5333
-4986
-2175
930
1464
-844
-3592
-4513
-3285
-863
1588
2801
1780
-927
-2980
-2322
584
3205
3580
1982
78
-788
-310
1016
2237
2407
1329
-110
-706
-156
710
909
262
-643
-1211
-1372
-1429
-1580
-1654
-1378
-867
-677
-1169
-1887
-1893
-863
395
777
151
-480
-111
1192
2463
2848
2316
1484
1002
1144
1744
2319
2322
1507
220
-759
-862
-273
234
48
-740
-1592
-2152
-2429
-2461
-2145
-1533
-1094
-1319
-2092
-2695
-2532
-1704
-825
-410
-569
-1093
-1593
-1610
-901
236
1049
975
158
-690
-939
-505
213
662
453
-408
-1477
-2109
-1900
-880
714
2683
4655
5806
5243
3022
655
175
2417
6060
8398
7339
3254
-835
-1464
1986
6104
6422
2092
-3033
-4594
-2388
92
253
-1050
-1842
-2127
-3196
-4782
-4872
-2596
160
873
-772
-2957
-3952
-3326
-1462
880
2397
1821
-560
-2581
-2221
236
2574
3060
1926
555
-73
176
1030
2015
2395
1630
109
-954
-702
431
1180
758
-472
-1569
-1946
-1716
-1322
-1082
-1044
-1134
-1332
-1656
-1910
-1649
-657
526
913
208
-591
-196
1416
2870
2982
2045
1254
1251
1687
2047
2231
2218
1760
796
-134
-387
-25
248
-52
-759
-1497
-2148
-2652
-2713
-2119
-1291
-1040
-1680
-2624
-3014
-2587
-1773
-1118
-837
-876
-1102
-1322
-1293
-870
-176
448
685
460
-20
-361
-248
274
757
645
-208
-1333
-1990
-1806
-1015
-4
1281
3105
5037
5696
4019
877
-1127
87
4032
7974
9133
6671
2207
-1078
-543
3434
6998
6062
708
-4451
-5132
-1892
1153
1360
-303
-1926
-3297
-4829
-5509
-3906
-791
1064
32
-2624
-4488
-4386
-2615
1
2228
2490
277
-2598
-3341
-1127
2015
3501
2688
827
-598
-824
242
1969
3030
2355
410
-1047
-785
621
1598
1295
175
-793
-1105
-912
-683
-779
-1173
-1501
-1527
-1488
-1720
-1952
-1459
-146
908
581
-739
-1337
-129
1991
3159
2619
1308
548
730
1415
2118
2534
2331
1331
-1
-747
-453
325
627
79
-904
-1761
-2299
-2535
-2394
-1855
-1276
-1224
-1859
-2657
-2917
-2454
-1683
-1084
-812
-803
-1003
-1284
-1327
-856
-32
582
551
-44
-713
-990
-731
-199
84
-289
-1208
-1998
-1887
-525
1860
4550
6394
6187
3678
416
-924
1243
5696
9120
8741
4586
-469
-2757
-587
4174
7276
5657
384
-4264
-4972
-2348
423
1088
-233
-2456
-4791
-6327
-5779
-2885
430
1471
-489
-3537
-5165
-4343
-1683
1391
3176
2390
-544
-3182
-3019
-73
3072
3922
2344
124
-1030
-636
805
2297
2765
1750
8
-1043
-727
280
873
659
-68
-976
-1823
-2185
-1734
-874
-521
-1030
-1771
-2020
-1808
-1519
-1057
-96
979
1177
221
-787
-499
1134
2811
3290
2486
1289
664
995
1923
2619
2413
1344
92
-671
-765
-423
1
132
-339
-1343
-2301
-2587
-2170
-1624
-1494
-1807
-2226
-2458
-2419
-2167
-1830
-1533
-1267
-929
-562
-424
-666
-1011
-972
-427
196
373
27
-461
-714
-732
-804
-1143
-1587
-1654
-824
1090
3660
5782
6156
4300
1341
-451
633
4190
7758
8534
5553
779
-1991
-251
4451
7329
4956
-965
-5273
-4858
-1556
761
583
-827
-2277
-3899
-5490
-5599
-3373
-324
1012
-198
-2554
-4191
-4129
-2202
922
3389
3111
44
-3058
-3149
-66
3386
4404
2675
62
-1377
-836
1046
2764
2943
1368
-759
-1817
-1160
399
1399
957
-631
-2256
-2897
-2374
-1387
-839
-1083
-1775
-2327
-2427
-2097
-1447
-588
240
628
358
-223
-348
464
1864
2947
3061
2321
1378
904
1193
2034
2752
2601
1440
-9
-778
-604
-98
31
-332
-889
-1473
-2075
-2506
-2449
-1932
-1431
-1384
-1753
-2177
-2350
-2148
-1596
-947
-650
-925
-1401
-1444
-847
-29
470
445
20
-548
-914
-786
-279
-10
-541
-1734
-2771
-2776
-1380
1143
3959
5872
5851
3802
923
-828
40
3429
7384
9105
6950
2134
-1631
-1032
3576
7916
7579
2389
-3324
-5099
-2603
759
1851
423
-2004
-4296
-5875
-5844
-3600
-373
1202
-249
-3277
-5203
-4678
-2258
723
2852
2790
254
-2848
-3514
-723
3154
4740
3115
300
-1247
-762
969
2698
3281
2103
-221
-1917
-1626
92
1315
830
-790
-2153
-2530
-2113
-1382
-749
-608
-1137
-1954
-2360
-2049
-1340
-615
68
629
658
-61
-856
-581
1071
3001
3714
2749
1018
-100
162
1505
2806
2931
1647
-118
-1134
-996
-315
138
104
-337
-1155
-2186
-2847
-2572
-1585
-838
-1003
-1782
-2366
-2319
-1818
-1220
-745
-540
-696
-1063
-1242
-941
-273
370
666
530
53
-550
-968
-979
-727
-706
-1266
-2079
-2151
-601
2405
5425
6602
5076
1800
-949
-1076
1858
6146
8834
7688
3152
-1383
-2011
2045
7146
8305
4025
-2208
-5499
-4206
-719
1692
1683
-292
-3331
-6253
-7311
-5320
-1388
1475
1106
-1802
-4667
-5442
-3785
-629
2400
3445
1587
-1833
-3790
-2283
1579
4631
4671
2179
-617
-1751
-672
1717
3622
3489
1296
-1229
-2102
-931
849
1537
630
-1136
-2670
-3211
-2583
-1281
-282
-342
-1342
-2444
-2873
-2419
-1302
48
1029
1097
316
-469
-342
809
2255
3162
3146
2289
1049
221
511
1762
2837
2626
1200
-311
-944
-731
-296
-63
-124
-584
-1519
-2572
-2996
-2436
-1454
-1026
-1521
-2382
-2807
-2514
-1786
-1034
-553
-513
-860
-1202
-1072
-459
151
328
158
-22
-147
-383
-707
-891
-944
-1169
-1558
-1421
49
2781
5546
6717
5416
2279
-633
-986
2053
6756
9697
8344
3403
-1287
-1767
2336
6996
7370
2616
-3236
-5572
-3722
-651
1002
983
-166
-2589
-5833
-7557
-5605
-1132
1967
1163
-2265
-5146
-5582
-3661
-405
2672
3647
1529
-2115
-3988
-2211
1760
4692
4638
2228
-428
-1485
-395
1930
3669
3393
1267
-1038
-1844
-894
621
1261
489
-1128
-2544
-3015
-2534
-1693
-1166
-1245
-1753
-2321
-2641
-2477
-1669
-363
796
1055
359
-418
-272
910
2320
3108
3035
2325
1368
704
871
1808
2625
2377
1104
-210
-709
-429
37
224
-16
-686
-1609
-2336
-2437
-1974
-1507
-1522
-1983
-2480
-2648
-2374
-1751
-1068
-723
-917
-1354
-1455
-963
-243
148
79
-117
-170
-190
-404
-792
-1126
-1278
-1273
-980
36
2112
4763
6548
6034
3277
302
-267
2550
7007
9773
8459
3604
-1408
-2763
498
5232
6815
3619
-1373
-3921
-2962
-930
-95
-250
-436
-1246
-3678
-6451
-6608
-3265
678
1604
-923
-4179
-5456
-4159
-1305
1567
2856
1660
-1079
-2862
-1935
924
3347
3787
2547
866
-184
1
1389
3023
3493
2246
246
-1015
-955
-165
462
384
-541
-2040
-3320
-3504
-2515
-1318
-989
-1681
-2666
-3177
-2914
-1916
-471
750
972
132
-793
-646
685
2204
2904
2649
1965
1374
1172
1486
2105
2410
1921
954
330
346
432
49
-540
-773
-734
-1005
-1666
-2057
-1747
-1238
-1314
-1987
-2530
-2452
-1989
-1618
-1453
-1356
-1273
-1253
-1211
-993
-640
-391
-377
-467
-459
-329
-229
-336
-723
-1287
-1719
-1567
-427
1782
4519
6521
6386
3808
434
-990
1109
5509
8931
8598
4517
-299
-1979
907
5616
7343
3916
-1758
-4750
-3383
-445
794
110
-896
-1937
-3915
-6196
-6339
-3348
334
1319
-983
-4140
-5548
-4425
-1487
1788
3458
2192
-1077
-3340
-2332
1115
4040
4411
2643
532
-470
52
1562
2894
2953
1664
94
-584
-191
520
753
255
-767
-1895
-2632
-2633
-2022
-1379
-1265
-1775
-2570
-3185
-3212
-2399
-912
480
855
70
-869
-692
805
2528
3202
2585
1478
826
1014
1812
2600
2668
1709
243
-669
-452
363
726
196
-766
-1534
-1963
-2161
-2048
-1544
-1036
-1157
-1993
-2833
-2900
-2167
-1270
-804
-911
-1367
-1758
-1665
-974
-100
332
118
-377
-706
-774
-736
-702
-735
-937
-1265
-1251
-202
2110
4886
6520
5721
2772
-244
-819
1932
6289
9013
7774
3181
-1273
-1817
2085
6665
7149
2612
-2988
-5094
-3183
-350
854
533
-446
-2316
-5107
-6927
-5540
-1531
1664
1356
-1780
-4904
-5806
-4058
-616
2618
3493
1298
-2064
-3501
-1690
1738
4053
3924
2052
69
-673
264
2187
3615
3362
1594
-291
-942
-213
873
1131
195
-1327
-2471
-2703
-2233
-1668
-1438
-1575
-1940
-2454
-2963
-3037
-2182
-513
984
1206
105
-1066
-914
697
2546
3310
2736
1621
913
1021
1743
2521
2713
1984
659
-406
-544
84
654
470
-459
-1597
-2391
-2575
-2182
-1503
-1035
-1211
-2004
-2831
-2979
-2220
-1060
-336
-528
-1346
-1986
-1831
-948
41
531
367
-196
-739
-928
-675
-255
-164
-664
-1418
-1607
-486
2019
5047
7048
6675
3953
732
-397
1861
6252
9672
9374
5189
94
-1784
1187
6099
7835
4179
-1818
-5181
-4185
-1274
638
957
256
-1678
-4921
-7535
-6829
-2814
1099
1606
-1184
-4465
-5751
-4410
-1211
2195
3652
1955
-1516
-3546
-2205
1214
3767
3849
2148
286
-601
-92
1553
3249
3573
2079
-31
-1002
-290
1028
1499
636
-944
-2294
-2814
-2454
-1663
-1129
-1293
-1990
-2656
-2896
-2679
-2054
-1021
117
649
174
-672
-687
529
2076
2802
2487
1747
1172
1016
1423
2287
2879
2334
788
-467
-421
451
857
283
-661
-1315
-1696
-2019
-2116
-1788
-1369
-1413
-1971
-2504
-2544
-2103
-1477
-976
-869
-1258
-1834
-1994
-1425
-503
86
37
-370
-674
-657
-439
-329
-609
-1287
-1951
-1912
-649
1777
4603
6588
6595
4400
1234
-672
416
4192
8118
9079
5899
752
-2174
-252
4814
8149
6315
733
-3931
-4612
-2360
-133
579
71
-1430
-4057
-6706
-6968
-3841
359
2006
-84
-3739
-5945
-5337
-2442
1162
3412
2720
-436
-3266
-3050
105
3442
4469
3078
927
-395
-235
1212
3007
3768
2695
508
-1053
-896
451
1510
1251
-192
-1871
-2818
-2708
-2009
-1492
-1563
-2069
-2656
-3078
-3079
-2370
-1018
257
599
-61
-845
-813
161
1478
2475
2799
2383
1468
706
807
1785
2710
2544
1274
-19
-307
340
945
724
-221
-1233
-1843
-2013
-1879
-1548
-1238
-1320
-1964
-2804
-3157
-2689
-1757
-1039
-949
-1388
-1922
-2064
-1554
-607
166
252
-261
-807
-946
-748
-554
-602
-957
-1560
-2088
-1854
-191
2790
5861
7289
6100
3012
205
-63
2863
7279
10015
8687
3855
-848
-1486
2468
7179
7918
3744
-1724
-4310
-3302
-1046
364
633
-115
-2276
-5412
-7264
-5761
-1796
1255
982
-1876
-4745
-5676
-4215
-1045
2186
3315
1335
-2135
-3902
-2206
1589
4463
4541
2324
-215
-1256
-195
2110
3898
3750
1743
-566
-1477
-603
929
1605
813
-841
-2250
-2714
-2290
-1550
-1105
-1271
-1949
-2748
-3223
-3043
-2104
-675
523
722
-126
-1067
-963
355
1930
2701
2443
1678
1038
940
1516
2408
2805
2147
860
-5
46
471
507
56
-511
-1047
-1653
-2189
-2271
-1864
-1491
-1649
-2221
-2664
-2593
-2060
-1384
-949
-1045
-1620
-2152
-2004
-1089
-58
325
-49
-610
-805
-606
-349
-314
-588
-1143
-1774
-1999
-1251
699
3450
5961
6884
5351
2014
-780
-516
3202
7842
9764
7228
2006
-1798
-1014
3695
8005
7671
2622
-2955
-4906
-2981
-117
1236
811
-863
-3571
-6390
-7141
-4511
-279
1984
568
-2913
-5590
-5812
-3551
132
3201
3424
470
-3024
-3694
-899
2768
4410
3442
1279
-466
-856
366
2532
4004
3380
1033
-1080
-1401
-200
1063
1323
518
-871
-2262
-3007
-2662
-1517
-569
-665
-1716
-2900
-3417
-2945
-1608
33
1065
806
-403
-1255
-669
1119
2786
3218
2395
1154
421
644
1617
2587
2731
1844
557
-276
-380
-151
-40
-145
-416
-945
-1741
-2398
-2365
-1655
-1017
-1206
-2143
-2989
-3002
-2228
-1335
-953
-1212
-1746
-2019
-1699
-903
-121
159
-147
-674
-938
-710
-177
168
-127
-1046
-1991
-2164
-1139
938
3524
5777
6599
5208
2181
-292
116
3707
8081
9857
7391
2312
-1468
-795
3759
7925
7492
2465
-2913
-4604
-2591
83
1114
527
-993
-3371
-6007
-6936
-4709
-749
1599
507
-2679
-5242
-5533
-3515
-180
2671
3035
488
-2725
-3465
-889
2726
4485
3575
1354
-383
-640
637
2629
3872
3227
1018
-1078
-1576
-472
1004
1610
906
-730
-2436
-3291
-2863
-1601
-571
-602
-1662
-2976
-3629
-3113
-1571
214
1194
809
-424
-1208
-588
1155
2788
3278
2615
1561
874
878
1505
2367
2826
2364
1136
-58
-547
-426
-242
-278
-453
-796
-1496
-2349
-2641
-1993
-1074
-984
-1944
-2995
-3130
-2349
-1446
-1051
-1181
-1507
-1699
-1532
-987
-356
-34
-99
-261
-253
-125
-85
-219
-526
-1023
-1643
-1998
-1483
282
3006
5618
6673
5294
2128
-693
-933
1971
6262
8916
7730
3201
-1299
-1920
2014
6711
7280
2798
-2699
-4705
-2834
-171
895
528
-554
-2648
-5583
-7230
-5460
-1274
1663
903
-2398
-5233
-5706
-3804
-540
2474
3311
1173
-2201
-3662
-1736
1884
4234
3946
1962
66
-555
337
2138
3575
3425
1589
-634
-1628
-864
759
1787
1304
-525
-2620
-3697
-3200
-1761
-677
-790
-1875
-3045
-3539
-3068
-1750
-109
953
722
-525
-1501
-1054
677
2470
3221
2788
1752
810
513
1115
2255
2968
2493
1127
-43
-330
-51
116
-27
-306
-758
-1558
-2401
-2551
-1791
-944
-1034
-2059
-3012
-3090
-2510
-1983
-1796
-1745
-1696
-1737
-1797
-1553
-929
-352
-244
-469
-569
-390
-202
-247
-506
-887
-1328
-1583
-1164
284
2589
5006
6443
5940
3445
412
-810
1202
5424
8817
8598
4582
-294
-2042
878
5650
7350
3863
-1788
-4712
-3348
-394
1102
803
-235
-2020
-4865
-7156
-6274
-2213
1497
1515
-1701
-4884
-5607
-3862
-884
1918
3000
1396
-1783
-3621
-2171
1407
4134
4246
2424
439
-466
58
1661
3309
3665
2196
-120
-1560
-1196
369
1662
1514
-159
-2333
-3579
-3148
-1643
-486
-615
-1764
-2953
-3420
-2933
-1625
8
1070
823
-408
-1290
-771
835
2300
2829
2574
2011
1405
1030
1322
2297
3124
2833
1435
-35
-648
-392
140
424
195
-614
-1705
-2403
-2247
-1569
-1209
-1567
-2236
-2587
-2452
-2103
-1782
-1534
-1385
-1422
-1621
-1731
-1483
-906
-339
-110
-223
-381
-346
-181
-139
-358
-761
-1219
-1620
-1677
-818
1382
4448
6798
6739
4032
563
-842
1325
5820
9368
9091
4879
-179
-1971
1101
6296
8647
5644
-258
-4263
-4117
-1663
193
602
207
-1063
-3731
-6614
-6974
-3768
435
1937
-189
-3596
-5466
-4786
-2178
1001
2963
2259
-670
-3213
-2862
217
3436
4476
3220
1132
-340
-501
664
2464
3595
3001
959
-1000
-1451
-325
1173
1671
635
-1375
-3123
-3529
-2486
-1014
-408
-1100
-2365
-3138
-2943
-1979
-693
435
869
339
-639
-973
-50
1559
2702
2810
2201
1459
959
983
1695
2688
3017
2157
747
-60
91
512
510
116
-353
-932
-1747
-2430
-2410
-1766
-1299
-1582
-2287
-2676
-2504
-2103
-1795
-1582
-1424
-1423
-1574
-1585
-1205
-614
-260
-310
-479
-461
-287
-186
-232
-378
-705
-1337
-1977
-1795
-63
2931
5753
6707
5120
2025
-325
86
3470
7713
9612
7320
2226
-1669
-982
3734
8042
7646
2626
-2788
-4672
-2993
-479
924
1174
355
-2108
-5628
-7480
-5418
-874
2046
949
-2558
-5173
-5223
-3153
-101
2612
3325
1164
-2322
-3921
-1957
1878
4383
4049
1900
-164
-935
-114
1828
3590
3627
1581
-1032
-2113
-1001
1008
2034
1247
-749
-2672
-3466
-2858
-1480
-463
-620
-1799
-3033
-3369
-2569
-1127
178
749
486
-156
-476
-73
893
1968
2788
3091
2655
1636
822
1074
2262
3178
2817
1477
281
-148
-109
-73
-115
-245
-717
-1637
-2518
-2709
-2179
-1574
-1464
-1833
-2297
-2565
-2551
-2272
-1853
-1514
-1415
-1483
-1480
-1227
-731
-161
254
359
160
-198
-527
-699
-721
-798
-1217
-1939
-2296
-1345
1211
4414
6509
6176
3591
538
-613
1443
5703
9200
9056
4890
-476
-2976
-653
4388
7558
5834
554
-3986
-4714
-2276
484
1529
596
-1840
-5028
-7328
-6734
-3096
866
1892
-561
-4020
-5695
-4680
-1779
1501
3367
2419
-873
-3779
-3537
-170
3526
4822
3379
846
-916
-907
829
3156
4279
3114
502
-1437
-1340
203
1518
1489
198
-1555
-2890
-3180
-2381
-1201
-675
-1276
-2507
-3387
-3270
-2198
-710
486
846
348
-412
-634
48
1334
2590
3248
2994
1939
777
458
1332
2633
3130
2348
934
-172
-592
-497
-135
209
60
-889
-2204
-2929
-2602
-1795
-1419
-1737
-2312
-2698
-2819
-2704
-2292
-1671
-1224
-1274
-1645
-1811
-1449
-711
15
439
444
74
-410
-589
-252
230
142
-808
-2011
-2386
-1285
1084
3888
6026
6383
4442
1190
-917
276
4445
8597
9397
5950
599
-2775
-1642
3038
7198
6901
2026
-3473
-5385
-3191
185
1841
1108
-1246
-4284
-6683
-6677
-3730
108
1759
143
-3014
-5206
-5102
-2723
872
3570
3188
-260
-3765
-3950
-559
3387
4845
3390
772
-1072
-1107
670
3136
4391
3201
379
-1790
-1741
-33
1484
1485
48
-1822
-3050
-3080
-2131
-1065
-761
-1381
-2278
-2703
-2466
-1844
-1056
-137
666
777
-77
-1197
-1283
289
2653
4115
3660
1843
247
142
1515
3200
3871
3023
1212
-471
-1185
-782
193
860
552
-697
-2145
-2917
-2689
-1856
-1139
-1061
-1663
-2531
-3052
-2846
-2061
-1245
-879
-1047
-1492
-1833
-1727
-1041
-27
737
792
207
-483
-748
-477
-39
8
-614
-1579
-2110
-1534
264
2824
5282
6504
5570
2729
-119
-506
2466
6998
9723
8331
3566
-976
-1530
2389
6970
7347
2518
-3432
-5589
-3177
430
1980
1143
-847
-3341
-5875
-6925
-5049
-1253
1325
628
-2298
-4809
-5223
-3441
-250
2790
3533
990
-2883
-4397
-1851
2570
5135
4238
1350
-998
-1302
400
2866
4242
3281
618
-1529
-1484
231
1650
1482
34
-1645
-2788
-3063
-2433
-1360
-731
-1082
-2020
-2702
-2738
-2262
-1369
-84
1081
1193
-29
-1487
-1570
209
2668
4050
3531
1767
236
113
1444
3150
3872
3022
1178
-471
-1038
-486
475
941
407
-915
-2270
-2913
-2621
-1779
-1064
-993
-1622
-2519
-3079
-2933
-2203
-1376
-939
-1057
-1504
-1817
-1626
-914
-24
617
745
343
-358
-882
-748
3
595
160
-1254
-2541
-2544
-1029
1410
4011
5983
6336
4454
1185
-1157
-500
3083
7225
8932
6722
1913
-1858
-1290
3262
7306
6285
523
-4840
-5336
-1743
1578
1851
-83
-2301
-4231
-5803
-5942
-3712
-389
1236
-134
-2976
-4824
-4528
-2412
540
2825
2714
-100
-3270
-3541
-242
3723
4915
2812
-158
-1464
-573
1405
3047
3349
2045
-77
-1466
-1086
481
1561
1085
-521
-2039
-2684
-2465
-1805
-1181
-1006
-1422
-2136
-2626
-2555
-1903
-816
349
908
310
-1020
-1650
-494
1862
3600
3478
1949
475
107
903
2266
3354
3387
2129
282
-936
-855
87
887
884
46
-1267
-2485
-2973
-2457
-1436
-876
-1292
-2277
-2999
-3017
-2470
-1735
-1144
-952
-1252
-1784
-2017
-1584
-608
370
795
463
-314
-874
-696
115
853
782
-213
-1543
-2365
-2150
-935
837
2680
4246
5160
4911
3281
1076
69
1684
5400
8619
8545
4728
-37
-1762
1062
5606
7118
3710
-1615
-4265
-2961
-447
408
-347
-1157
-1843
-3359
-5257
-5458
-3072
-66
867
-727
-3061
-4327
-3888
-1891
852
2609
1780
-1072
-3158
-2276
753
3133
3185
1655
241
-152
414
1528
2565
2691
1530
-194
-1178
-858
77
545
115
-862
-1811
-2326
-2200
-1544
-896
-882
-1570
-2321
-2440
-1864
-1019
-259
290
429
-39
-747
-739
555
2419
3388
2748
1264
304
552
1627
2656
2947
2289
1024
-136
-557
-166
510
761
218
-934
-2087
-2631
-2366
-1639
-1068
-1101
-1740
-2572
-3037
-2828
-2137
-1489
-1242
-1324
-1468
-1523
-1423
-1027
-303
399
551
65
-524
-600
-98
523
737
304
-653
-1654
-2078
-1644
-619
633
2158
4037
5525
5246
2817
-52
-733
1832
6029
8878
8305
4553
184
-1458
1050
5332
6879
3596
-1693
-4282
-2788
-90
781
-89
-1094
-2098
-3972
-5910
-5584
-2456
812
1232
-1201
-3999
-5040
-3897
-1198
1766
3035
1324
-2043
-3750
-1932
1691
3823
3142
1076
-382
-497
433
1829
2885
2706
1177
-587
-1202
-410
801
1285
663
-665
-1932
-2438
-1991
-1140
-739
-1100
-1755
-2113
-2098
-1912
-1486
-636
297
517
-222
-1013
-648
976
2663
3158
2329
1077
388
646
1603
2584
2819
1965
483
-636
-751
-120
430
323
-382
-1252
-1911
-2188
-2075
-1721
-1433
-1502
-1934
-2390
-2497
-2199
-1769
-1479
-1357
-1289
-1244
-1260
-1247
-982
-403
220
506
356
11
-217
-195
27
277
312
-62
-768
-1453
-1786
-1639
-904
672
3051
5302
5898
4094
987
-1104
-465
2684
6336
7947
6056
1647
-1925
-1412
2915
6773
5927
815
-3875
-4445
-1882
309
554
-50
-679
-2131
-4618
-6108
-4529
-845
1615
848
-1993
-4387
-4835
-3235
-309
2401
2921
612
-2549
-3538
-1380
1915
3635
2940
1004
-579
-933
-1
1561
2574
2102
397
-1188
-1452
-445
759
1144
511
-633
-1610
-2028
-1930
-1614
-1341
-1187
-1202
-1506
-2035
-2257
-1543
-11
1210
1029
-287
-1180
-430
1475
2912
2866
1797
829
591
1018
1799
2535
2659
1795
332
-735
-763
-70
504
442
-241
-1288
-2335
-2874
-2544
-1613
-906
-1047
-1869
-2678
-2945
-2618
-1941
-1233
-826
-931
-1441
-1911
-1863
-1145
-71
745
798
135
-598
-698
-70
698
953
553
-210
-1027
-1713
-2044
-1751
-747
784
2542
4138
4929
4253
2187
47
-321
1905
5538
7952
6997
2959
-1126
-1703
1862
6078
6431
2121
-2976
-4542
-2325
406
1134
259
-915
-2390
-4454
-5777
-4483
-1054
1494
906
-1899
-4230
-4491
-2920
-460
1779
2398
587
-2399
-3791
-2093
1194
3211
2694
751
-815
-1086
-115
1492
2682
2387
577
-1325
-1683
-324
1328
1780
817
-668
-1717
-1937
-1452
-669
-131
-270
-1080
-2058
-2524
-2067
-833
455
866
35
-1289
-1703
-476
1599
2930
2681
1421
351
170
810
1822
2624
2626
1624
203
-609
-321
518
944
525
-439
-1448
-2165
-2378
-1994
-1263
-793
-1056
-1905
-2703
-2888
-2347
-1380
-510
-275
-872
-1849
-2338
-1807
-602
388
574
83
-554
-891
-740
-161
545
902
592
-231
-1075
-1546
-1595
-1373
-994
-410
561
2074
3884
5108
4713
2621
314
-75
2349
6068
8049
6241
1697
-1850
-1204
2985
6449
5523
1004
-2881
-3268
-1361
-36
-114
-355
-397
-1546
-4164
-6025
-4752
-1110
1575
1118
-1570
-4108
-4898
-3550
-542
2485
3158
565
-3130
-4441
-2186
1395
3285
2626
741
-779
-1169
-298
1430
2875
2762
1035
-807
-1182
-26
1327
1666
887
-365
-1439
-1913
-1603
-759
-115
-306
-1189
-1983
-2097
-1609
-921
-323
-18
-198
-744
-1014
-398
881
1877
1940
1324
726
556
849
1520
2255
2419
1596
283
-437
-111
559
632
19
-695
-1184
-1610
-1990
-1957
-1368
-795
-957
-1843
-2691
-2793
-2108
-1141
-489
-519
-1175
-1930
-2104
-1472
-502
89
27
-394
-733
-763
-446
149
755
922
408
-461
-1027
-989
-709
-743
-1168
-1459
-967
579
2825
4810
5329
3794
1081
-675
354
3966
7690
8541
5498
708
-1943
-161
4336
7088
5166
148
-3655
-3740
-1438
476
931
518
-543
-2667
-5146
-5825
-3518
70
1872
601
-2323
-4601
-4851
-2921
236
2592
2131
-1061
-4217
-4363
-1381
1994
3110
1756
-371
-1588
-1268
262
2017
2784
1980
311
-786
-523
605
1508
1507
637
-624
-1612
-1769
-1076
-232
-55
-677
-1490
-1885
-1786
-1442
-977
-440
-89
-230
-728
-943
-359
823
1825
2021
1433
659
378
844
1679
2142
1789
909
225
133
371
464
279
-23
-382
-872
-1379
-1559
-1275
-882
-892
-1427
-2110
-2423
-2109
-1345
-665
-609
-1221
-1918
-2008
-1386
-597
-219
-337
-661
-901
-901
-587
-14
547
767
562
142
-206
-327
-237
-105
-202
-717
-1488
-1927
-1326
595
3253
5262
5269
3093
183
-1277
16
3459
6846
7691
4985
425
-2304
-601
4069
7011
4984
-241
-3872
-3357
-551
1339
1391
624
-547
-2605
-4892
-5286
-2818
481
1565
-337
-3272
-4954
-4596
-2612
46
1859
1319
-1411
-3923
-3714
-873
2051
2849
1579
-191
-1147
-854
516
2210
2998
2129
326
-782
-348
934
1815
1724
841
-455
-1666
-2089
-1361
-125
409
-264
-1460
-2228
-2315
-1975
-1316
-384
305
65
-928
-1481
-642
1108
2346
2242
1279
508
488
1062
1757
2127
1916
1219
503
217
346
508
423
141
-223
-680
-1183
-1460
-1298
-902
-756
-1096
-1661
-2027
-2014
-1744
-1421
-1228
-1266
-1481
-1649
-1567
-1277
-1013
-905
-870
-779
-643
-532
-409
-162
195
444
347
-47
-385
-332
5
100
-439
-1341
-1811
-1212
464
2677
4579
5205
3926
1255
-953
-688
2383
6257
7964
5938
1492
-1890
-1254
2991
6956
6705
2212
-2575
-3891
-1783
810
1700
1017
-395
-2402
-4663
-5672
-4100
-854
1372
781
-1935
-4642
-5600
-4201
-1049
1967
2525
-52
-3564
-4717
-2409
1230
3206
2513
445
-1160
-1339
-126
1735
3023
2708
946
-800
-1048
257
1768
2111
1074
-477
-1503
-1546
-902
-303
-335
-969
-1637
-1877
-1798
-1749
-1668
-1136
-191
369
-103
-1061
-1210
-45
1475
2073
1585
913
794
1154
1610
2011
2251
2047
1310
511
241
484
674
429
-94
-603
-1036
-1355
-1374
-1071
-855
-1155
-1823
-2259
-2116
-1669
-1379
-1406
-1592
-1736
-1718
-1504
-1189
-971
-925
-906
-769
-590
-499
-385
7
636
1055
890
324
-46
151
640
749
103
-955
-1676
-1620
-944
90
1573
3482
4900
4415
1781
-1114
-1592
1294
5675
8285
7032
2686
-1437
-1884
1816
6150
6614
2328
-2852
-4462
-2110
851
1676
729
-461
-1761
-3716
-5373
-4778
-1752
1224
1547
-889
-4008
-5643
-4778
-1730
1744
3013
706
-3362
-5406
-3447
670
3397
3060
858
-1037
-1399
-239
1656
3086
3037
1586
-6
-488
221
1235
1733
1466
530
-748
-1727
-1786
-982
-95
151
-328
-1231
-2241
-2882
-2487
-944
678
910
-451
-1927
-1924
-383
1391
2267
2165
1593
981
658
974
1928
2841
2853
1842
602
0
173
642
937
882
414
-467
-1460
-1979
-1676
-923
-519
-915
-1798
-2476
-2564
-2212
-1796
-1553
-1516
-1655
-1934
-2191
-2124
-1541
-658
-25
-40
-537
-923
-738
-41
723
1121
1020
603
201
82
276
562
599
129
-827
-1885
-2419
-1940
-440
1575
3365
4216
3633
1692
-528
-1222
788
4612
7422
6639
2472
-1737
-2220
1599
6194
7127
3433
-1486
-3564
-2124
248
1225
860
125
-1057
-3090
-4904
-4603
-2100
256
285
-1672
-3641
-4359
-3819
-2283
-155
1281
540
-2030
-3914
-3027
-114
2206
2372
1050
-272
-780
-324
961
2406
2856
1797
190
-428
358
1523
1934
1405
438
-509
-1149
-1224
-731
-186
-245
-1039
-2061
-2668
-2499
-1563
-296
466
22
-1366
-2409
-1924
-55
1832
2473
1759
587
-47
298
1392
2545
2986
2398
1213
285
149
627
1154
1338
1092
436
-540
-1479
-1834
-1388
-655
-507
-1300
-2497
-3210
-3027
-2249
-1478
-1167
-1461
-2164
-2744
-2631
-1748
-695
-195
-400
-823
-925
-549
139
873
1343
1287
772
273
283
783
1259
1212
593
-271
-1010
-1435
-1573
-1583
-1535
-1217
-210
1579
3428
4065
2761
302
-1315
-436
2741
6059
6917
4357
158
-2231
-577
3781
6772
5485
1138
-2325
-2523
-687
638
690
315
-306
-1989
-4436
-5515
-3707
-435
1246
-37
-2867
-4975
-5204
-3587
-865
1435
1494
-976
-3771
-4074
-1443
1761
3028
2057
371
-611
-488
505
1864
2799
2589
1355
127
-141
524
1341
1631
1229
311
-763
-1444
-1312
-613
-184
-586
-1437
-1906
-1702
-1251
-952
-708
-388
-289
-698
-1208
-991
126
1291
1569
997
438
552
1208
1864
2154
2042
1688
1321
1129
1099
1049
871
655
435
14
-752
-1538
-1749
-1219
-538
-500
-1276
-2276
-2792
-2604
-2025
-1498
-1294
-1439
-1790
-2099
-2108
-1689
-942
-195
181
25
-437
-688
-319
583
1443
1674
1187
469
122
338
792
998
728
103
-637
-1344
-1924
-2205
-1944
-1035
355
1830
2915
3170
2375
856
-375
-80
2174
5237
6819
5276
1404
-1688
-1153
2677
6197
5919
1990
-2071
-3138
-1400
676
1383
878
-255
-2048
-4189
-5202
-3797
-849
1050
213
-2520
-4903
-5339
-3684
-909
1326
1400
-886
-3575
-4071
-1744
1372
2772
1902
188
-770
-442
810
2269
3083
2655
1284
121
99
999
1829
1912
1308
387
-538
-1113
-1029
-457
-81
-400
-1157
-1731
-1886
-1779
-1452
-827
-237
-328
-1130
-1664
-988
540
1575
1322
358
-200
115
972
1853
2399
2343
1643
765
454
975
1765
2018
1483
537
-354
-936
-1077
-729
-188
-83
-815
-2033
-2862
-2726
-1870
-1073
-953
-1543
-2353
-2760
-2458
-1674
-974
-743
-854
-911
-728
-455
-194
210
870
1462
1471
869
301
416
1113
1667
1514
769
-12
-403
-384
-278
-478
-1133
-1950
-2420
-2241
-1426
-42
1803
3457
3682
1799
-997
-2157
-111
3999
7115
6819
3287
-798
-2153
509
5004
7170
4776
-35
-2914
-1985
607
1881
1387
453
-572
-2430
-4597
-4941
-2582
326
877
-1280
-3970
-5200
-4599
-2638
-68
1652
926
-1971
-4361
-3740
-559
2377
3014
1712
84
-717
-302
1240
3150
4050
3101
1098
-174
231
1592
2518
2326
1302
95
-784
-1090
-889
-546
-439
-699
-1264
-2020
-2682
-2726
-1850
-572
22
-582
-1655
-1978
-1145
142
1002
1184
938
546
283
528
1391
2308
2456
1730
957
911
1404
1659
1350
876
616
396
-94
-713
-1038
-997
-970
-1247
-1675
-1962
-2065
-2095
-2035
-1795
-1513
-1509
-1844
-2124
-1902
-1190
-443
-72
-84
-202
-171
89
515
948
1208
1202
1003
789
702
777
958
1111
1033
583
-112
-658
-772
-655
-845
-1618
-2620
-3160
-2772
-1424
580
2561
3478
2539
194
-1749
-1426
1454
5205
7314
6215
2609
-617
-447
3300
7191
7263
3199
-1321
-2726
-1110
883
1607
1427
714
-1150
-4028
-5825
-4568
-1192
1088
235
-2697
-5178
-5670
-4199
-1618
745
1325
-474
-3148
-4086
-2173
1031
2998
2742
1286
162
91
974
2325
3391
3386
2206
781
292
974
1962
2292
1757
735
-366
-1227
-1488
-1001
-250
-110
-985
-2352
-3252
-3127
-2155
-995
-369
-660
-1578
-2239
-1860
-516
898
1504
1177
462
5
154
916
1990
2813
2845
2044
1009
502
773
1406
1807
1684
1080
167
-774
-1322
-1193
-648
-377
-822
-1694
-2351
-2490
-2309
-2073
-1839
-1621
-1562
-1713
-1838
-1596
-959
-256
127
71
-226
-382
-93
583
1192
1253
766
230
152
567
1077
1246
914
259
-352
-617
-525
-365
-449
-862
-1480
-2140
-2677
-2866
-2487
-1469
39
1672
2857
2980
1869
258
-463
744
3582
6337
6941
4636
1035
-718
1265
5326
7387
5054
297
-2673
-1987
344
1452
823
-233
-1148
-2549
-4312
-4891
-3315
-913
-30
-1431
-3734
-5103
-4719
-2814
-322
1270
721
-1561
-3390
-2828
-214
2272
2927
1906
503
-198
199
1535
3081
3742
2906
1192
-18
116
1197
2131
2088
951
-729
-2005
-2108
-1136
-130
-138
-1189
-2381
-2918
-2730
-2091
-1161
-214
90
-702
-1983
-2385
-1214
697
1858
1642
664
-96
-133
548
1653
2638
2836
2038
869
306
726
1619
2180
2014
1242
226
-605
-863
-473
105
164
-583
-1695
-2428
-2440
-1992
-1571
-1436
-1567
-1840
-2096
-2106
-1715
-1080
-609
-537
-679
-687
-447
-90
279
629
799
577
105
-69
380
1051
1219
732
170
61
249
221
-151
-506
-572
-530
-718
-1196
-1731
-2083
-2170
-1997
-1602
-989
-48
1361
2968
3876
3204
1259
-231
492
3429
6496
7171
4655
732
-1449
19
3876
6514
5318
1306
-1998
-2326
-656
667
731
122
-927
-2860
-5143
-5837
-3812
-648
791
-603
-3313
-5120
-4965
-3075
-437
1405
1058
-1252
-3329
-2984
-328
2417
3303
2284
631
-440
-334
927
2609
3465
2735
1011
-265
-224
715
1533
1604
953
-52
-977
-1447
-1353
-968
-710
-807
-1239
-1886
-2491
-2609
-1925
-794
-135
-520
-1470
-1896
-1233
62
1086
1314
832
94
-321
59
1201
2401
2756
2034
923
379
753
1611
2249
2234
1562
546
-339
-683
-419
58
158
-411
-1382
-2170
-2373
-2042
-1521
-1140
-1102
-1492
-2177
-2693
-2491
-1500
-357
115
-303
-1046
-1356
-925
-20
828
1183
927
344
-64
28
519
1038
1256
1059
529
-76
-395
-218
242
501
256
-354
-970
-1360
-1485
-1396
-1216
-1182
-1421
-1646
-1181
407
2636
4168
3824
1780
-240
-218
2372
5815
7364
5540
1612
-1249
-650
2781
5844
5726
2624
-711
-1942
-1205
-147
294
352
74
-1215
-3544
-5322
-4778
-2217
46
83
-1868
-4099
-5128
-4414
-2258
213
1309
116
-2258
-3442
-2184
412
2237
2306
1246
168
-232
294
1565
2807
3055
2121
901
393
670
1099
1281
1275
1056
384
-645
-1407
-1419
-946
-654
-855
-1390
-2014
-2509
-2514
-1765
-652
-104
-605
-1532
-1799
-1061
0
561
499
254
195
366
692
1138
1606
1904
1909
1701
1446
1257
1187
1262
1395
1331
879
176
-364
-486
-382
-447
-838
-1352
-1732
-1940
-2061
-2096
-1964
-1730
-1640
-1835
-2118
-2101
-1648
-1043
-687
-671
-750
-658
-349
89
589
1032
1194
939
488
321
682
1270
1534
1247
689
282
180
236
271
224
86
-204
-687
-1225
-1528
-1437
-1168
-1167
-1648
-2275
-2360
-1422
379
2287
3378
3132
1794
314
-144
1085
3572
5743
5780
3255
90
-747
1816
5426
6433
3692
-304
-2324
-1706
-269
365
194
-287
-1300
-3092
-4750
-4825
-3117
-1126
-531
-1640
-3462
-4735
-4613
-2934
-493
1119
674
-1347
-2937
-2432
-121
2161
2883
2054
796
169
509
1536
2642
3141
2637
1426
399
299
1034
1790
1801
958
-250
-1192
-1487
-1167
-637
-429
-820
-1635
-2421
-2768
-2504
-1736
-890
-538
-930
-1627
-1836
-1204
-160
615
871
778
538
284
266
736
1507
1981
1801
1278
982
1078
1309
1478
1588
1544
1123
386
-177
-190
96
111
-344
-958
-1412
-1708
-1936
-1996
-1782
-1475
-1417
-1696
-2021
-2018
-1573
-897
-355
-213
-430
-648
-464
183
905
1203
937
455
258
544
1065
1390
1288
881
457
210
141
163
195
170
38
-187
-399
-475
-399
-296
-350
-664
-1180
-1713
-2029
-1996
-1678
-1275
-853
-200
913
2257
3071
2712
1415
310
579
2440
4801
5883
4579
1676
-382
413
3403
5557
4503
1070
-1741
-2116
-1003
-295
-490
-860
-1213
-2189
-3785
-4716
-3908
-2011
-766
-1129
-2550
-3851
-4176
-3199
-1223
633
1009
-341
-1986
-2139
-504
1529
2453
2021
1086
556
765
1519
2311
2577
2106
1305
862
1028
1397
1407
928
263
-261
-530
-602
-611
-738
-1074
-1497
-1782
-1880
-1936
-1987
-1827
-1345
-859
-843
-1302
-1629
-1249
-283
579
798
455
52
28
483
1192
1752
1823
1414
944
881
1275
1714
1796
1524
1170
889
626
340
151
134
136
-99
-621
-1209
-1618
-1762
-1681
-1470
-1296
-1342
-1623
-1883
-1802
-1352
-828
-524
-462
-468
-411
-244
90
595
1072
1191
868
466
455
874
1285
1291
967
647
462
304
151
173
383
460
137
-395
-698
-667
-619
-808
-1107
-1281
-1369
-1559
-1848
-2025
-1987
-1808
-1484
-811
341
1698
2655
2753
2075
1301
1309
2557
4579
6076
5787
3619
1046
87
1492
3852
4774
3165
282
-1642
-1639
-617
27
-173
-882
-1843
-3013
-3979
-3998
-2913
-1618
-1243
-2028
-3217
-3857
-3463
-2117
-426
613
254
-1124
-2074
-1403
561
2278
2572
1689
779
659
1259
2008
2441
2415
2042
1574
1261
1178
1212
1192
1013
617
33
-537
-818
-786
-777
-1115
-1692
-2120
-2229
-2197
-2143
-1940
-1552
-1295
-1439
-1707
-1521
-751
81
431
321
175
286
666
1228
1825
2150
1929
1311
866
1029
1625
2083
2043
1604
1052
564
228
143
307
468
259
-401
-1156
-1534
-1420
-1121
-1013
-1195
-1509
-1768
-1880
-1793
-1479
-1030
-654
-495
-500
-495
-372
-108
289
739
1014
907
542
358
621
1076
1237
981
652
567
641
610
446
321
264
84
-320
-762
-978
-927
-766
-660
-704
-950
-1338
-1632
-1594
-1284
-1072
-1279
-1802
-2161
-1857
-717
943
2429
3031
2537
1445
664
917
2322
4243
5460
4861
2559
310
202
2466
4877
4896
2318
-639
-1862
-1334
-464
-183
-390
-908
-1988
-3550
-4645
-4299
-2744
-1317
-1126
-2103
-3330
-3886
-3336
-1823
-88
829
371
-880
-1592
-904
794
2310
2796
2310
1505
1010
1126
1809
2670
3099
2665
1572
576
318
745
1203
1089
340
-634
-1365
-1657
-1626
-1517
-1510
-1642
-1899
-2263
-2638
-2750
-2345
-1563
-967
-991
-1424
-1586
-1077
-158
616
966
1003
942
955
1168
1580
1954
2010
1775
1574
1602
1672
1557
1363
1335
1385
1147
523
-85
-257
-76
2
-305
-874
-1417
-1734
-1756
-1557
-1367
-1426
-1695
-1861
-1697
-1339
-1050
-868
-637
-347
-191
-217
-180
151
622
847
698
455
450
704
987
1106
1022
784
468
208
132
207
242
95
-186
-479
-733
-935
-1025
-968
-899
-1030
-1375
-1672
-1659
-1381
-1130
-1141
-1388
-1650
-1694
-1387
-714
254
1357
2335
2869
2752
2130
1560
1738
2961
4694
5721
5022
2840
834
717
2509
4301
4096
1825
-732
-1921
-1674
-1004
-657
-735
-1247
-2300
-3589
-4275
-3779
-2504
-1474
-1348
-1976
-2742
-3062
-2582
-1324
144
936
568
-483
-1101
-527
964
2355
2783
2174
1175
583
813
1668
2483
2566
1746
562
-164
-50
550
951
746
0
-948
-1715
-2020
-1824
-1419
-1212
-1397
-1833
-2246
-2423
-2223
-1616
-853
-413
-563
-999
-1100
-570
299
993
1250
1153
936
840
1047
1533
2000
2093
1751
1262
985
1021
1192
1253
1088
749
368
62
-124
-227
-313
-440
-619
-843
-1095
-1333
-1476
-1445
-1273
-1121
-1135
-1296
-1429
-1382
-1152
-841
-550
-363
-320
-344
-262
5
344
575
666
718
777
769
679
630
720
839
781
501
186
31
31
10
-160
-433
-641
-676
-604
-595
-745
-996
-1199
-1242
-1110
-858
-639
-642
-922
-1276
-1397
-1194
-871
-638
-418
76
982
2066
2852
2976
2468
1796
1628
2383
3799
4918
4719
3085
1171
532
1592
3069
3214
1632
-390
-1415
-1321
-1015
-1099
-1356
-1514
-1827
-2569
-3340
-3398
-2580
-1552
-1073
-1321
-1935
-2416
-2336
-1483
-157
813
736
-181
-918
-640
516
1666
2085
1754
1171
848
970
1385
1756
1814
1527
1093
738
548
474
438
353
118
-319
-841
-1230
-1363
-1334
-1319
-1409
-1580
-1778
-1923
-1873
-1533
-1055
-766
-833
-1033
-977
-522
124
644
877
868
763
744
926
1252
1519
1583
1488
1349
1192
1001
858
898
1066
1097
777
211
-273
-423
-273
-88
-144
-516
-1020
-1364
-1417
-1287
-1159
-1103
-1102
-1184
-1360
-1493
-1346
-856
-275
54
15
-197
-270
-18
506
1034
1253
1076
736
588
752
1021
1116
955
671
416
235
99
-18
-105
-167
-246
-414
-693
-991
-1154
-1093
-900
-791
-924
-1254
-1527
-1478
-1086
-621
-420
-575
-848
-937
-752
-452
-221
-85
89
453
1054
1795
2484
2912
2945
2631
2268
2290
2916
3804
4166
3451
1974
770
638
1359
1912
1525
378
-729
-1270
-1387
-1457
-1563
-1588
-1629
-1959
-2555
-2927
-2638
-1856
-1184
-1015
-1239
-1513
-1594
-1336
-688
148
711
670
228
-51
187
810
1436
1803
1817
1525
1109
865
965
1264
1430
1270
849
356
-56
-299
-365
-385
-550
-912
-1331
-1641
-1822
-1909
-1856
-1625
-1367
-1336
-1558
-1737
-1552
-1026
-477
-157
-53
-4
91
250
492
813
1113
1238
1150
984
923
1019
1172
1255
1208
1040
795
553
404
375
378
278
30
-268
-467
-521
-514
-560
-694
-847
-924
-896
-800
-688
-591
-532
-527
-560
-548
-412
-162
91
241
286
300
356
471
628
769
819
742
599
489
450
430
369
260
112
-78
-295
-476
-566
-603
-676
-824
-993
-1114
-1167
-1161
-1110
-1040
-981
-931
-848
-719
-597
-526
-468
-346
-153
34
148
204
251
300
333
367
445
594
804
1062
1361
1688
1996
2207
2253
2134
1966
1954
2211
2579
2656
2160
1303
677
675
1040
1108
545
-311
-871
-953
-878
-977
-1212
-1362
-1393
-1474
-1664
-1777
-1627
-1275
-954
-818
-843
-924
-940
-768
-368
83
288
152
-58
6
380
764
897
819
711
656
622
597
599
577
435
190
-27
-140
-220
-337
-444
-484
-530
-702
-950
-1083
-1013
-874
-833
-893
-954
-961
-916
-780
-531
-270
-179
-276
-343
-174
171
435
471
370
309
349
443
540
613
644
627
594
585
581
531
442
388
417
467
434
293
143
80
99
124
108
67
12
-71
-186
-282
-290
-216
-152
-185
-304
-411
-414
-301
-153
-75
-109
-198
-233
-164
-47
19
2
-39
-49
-48
-100
-215
-313
-303
-197
-111
-167
-364
-562
-599
-456
-273
-207
-288
-425
-507
-499
-411
-271
-133
-74
-121
-201
-206
-108
9
56
26
-22
-51
-57
-40
5
50
44
-31
-110
-118
-45
48
109
164
261
403
567
776
1078
1428
1650
1586
1329
1206
1466
1992
2344
2164
1527
885
655
853
1123
1104
734
235
-179
-467
-663
-742
-684
-614
-755
-1153
-1570
-1700
-1487
-1141
-913
-903
-1061
-1253
-1290
-1030
-543
-112
7
-148
-305
-238
58
431
727
842
752
562
465
568
768
866
776
579
384
217
84
12
-12
-85
-289
-579
-810
-911
-926
-938
-965
-1000
-1060
-1138
-1158
-1033
-793
-576
-479
-445
-358
-185
11
177
328
484
610
676
722
809
929
1009
1011
983
963
924
818
675
570
512
436
307
174
88
21
-97
-260
-400
-469
-496
-533
-591
-646
-664
-630
-551
-472
-447
-465
-442
-311
-124
-1
19
14
78
206
322
384
407
404
368
300
243
222
205
145
40
-67
-143
-207
-283
-371
-454
-538
-631
-719
-758
-729
-662
-616
-613
-627
-617
-566
-483
-385
-286
-207
-160
-130
-75
31
159
260
308
330
353
378
401
434
480
506
472
396
341
347
387
403
367
292
197
112
70
101
182
251
252
202
161
185
280
409
537
650
747
820
837
791
731
743
865
1018
1052
888
604
386
347
430
464
330
71
-170
-298
-344
-402
-509
-627
-708
-756
-801
-843
-847
-810
-752
-703
-668
-654
-658
-647
-557
-383
-217
-164
-216
-255
-189
-50
64
113
117
112
104
107
138
193
229
206
134
54
-2
-16
10
33
-2
-110
-218
-243
-183
-124
-131
-190
-240
-249
-225
-179
-118
-52
7
65
150
254
342
377
370
361
371
379
356
311
277
257
228
163
77
5
-40
-76
-127
-195
-267
-336
-405
-470
-506
-489
-434
-385
-391
-446
-496
-477
-385
-286
-254
-292
-335
-324
-257
-181
-139
-143
-172
-208
-232
-233
-208
-162
-116
-98
-125
-183
-231
-231
-185
-132
-118
-154
-217
-258
-230
-132
-13
56
44
-10
-40
-3
92
187
216
162
77
60
186
477
891
1337
1674
1760
1580
1334
1332
1707
2264
2595
2399
1737
1008
672
885
1338
1481
1017
171
-560
-862
-820
-698
-673
-808
-1128
-1560
-1885
-1867
-1522
-1132
-959
-1036
-1221
-1360
-1330
-1037
-527
-56
97
-83
-306
-283
17
424
749
885
800
561
366
400
637
842
807
548
260
108
102
139
112
-24
-242
-466
-632
-726
-757
-729
-663
-630
-705
-856
-928
-796
-501
-226
-120
-155
-185
-101
87
300
468
561
573
540
526
591
714
801
778
665
548
480
443
396
340
290
240
147
-3
-170
-284
-322
-328
-367
-465
-589
-687
-723
-692
-613
-521
-458
-451
-482
-490
-415
-258
-74
74
158
191
188
170
172
236
361
477
490
382
239
161
166
186
165
109
44
-31
-123
-204
-226
-204
-209
-283
-386
-446
-446
-418
-383
-333
-276
-251
-272
-282
-211
-60
94
174
177
152
151
203
297
398
456
444
391
361
388
439
459
428
366
293
213
130
76
71
89
75
11
-60
-90
-74
-46
-38
-60
-104
-149
-161
-136
-98
-70
-41
5
42
26
-20
-12
83
185
200
147
124
175
230
217
152
113
132
168
169
127
70
32
22
20
-9
-66
-103
-86
-43
-38
-86
-141
-151
-120
-81
-51
-35
-43
-67
-71
-24
46
82
64
30
26
60
118
181
221
199
116
30
17
76
138
142
97
42
-8
-56
-91
-83
-30
21
15
-59
-148
-183
-130
-25
53
43
-41
-117
-119
-57
9
25
4
-18
-30
-48
-77
-89
-57
-5
13
-34
-108
-147
-125
-68
-29
-39
-100
-177
-218
-193
-118
-55
-47
-87
-126
-132
-112
-90
-78
-72
-68
-75
-101
-136
-148
-122
-75
-57
-106
-196
-263
-257
-187
-111
-81
-110
-166
-195
-159
-65
38
94
80
24
-15
3
68
128
142
112
79
72
92
124
158
186
187
145
78
32
38
78
98
64
-18
-99
-135
-104
-29
30
26
-34
-80
-42
95
285
472
636
761
814
770
675
650
786
1026
1167
1035
669
316
230
435
691
693
319
-247
-664
-708
-453
-196
-213
-537
-958
-1200
-1154
-931
-739
-689
-744
-810
-847
-849
-776
-576
-281
-48
-8
-126
-220
-142
105
398
595
608
438
223
166
359
642
744
560
262
84
83
135
124
51
-38
-140
-266
-379
-427
-418
-410
-425
-439
-426
-408
-395
-349
-233
-79
22
34
24
83
219
357
436
451
436
424
436
478
516
494
411
335
336
380
366
252
105
11
-30
-82
-177
-289
-375
-435
-492
-557
-624
-676
-696
-674
-631
-604
-601
-585
-512
-393
-271
-182
-123
-72
-9
60
123
169
197
215
225
223
202
167
135
121
116
102
66
13
-34
-58
-61
-74
-124
-199
-262
-285
-275
-248
-216
-183
-154
-126
-83
-18
57
116
161
217
293
360
397
410
415
408
384
365
377
405
407
362
314
317
395
524
660
763
795
741
633
550
561
661
764
760
599
342
127
53
107
164
107
-83
-319
-506
-593
-584
-517
-454
-462
-556
-671
-712
-633
-474
-319
-238
-241
-297
-341
-311
-193
-39
70
84
31
-18
-4
79
190
267
272
212
132
83
75
83
80
64
35
-7
-70
-146
-205
-229
-231
-240
-274
-328
-378
-399
-381
-332
-278
-238
-222
-215
-196
-147
-66
25
89
114
123
141
172
196
208
230
264
277
238
165
107
101
137
175
178
119
8
-105
-155
-128
-76
-75
-149
-259
-346
-371
-336
-274
-237
-250
-292
-317
-307
-271
-219
-150
-75
-30
-32
-50
-41
9
82
148
184
172
123
80
82
120
143
123
81
51
33
12
-11
-28
-41
-60
-88
-113
-127
-131
-124
-105
-83
-68
-68
-63
-38
4
47
74
82
88
113
169
239
288
298
287
279
280
285
299
323
343
325
265
201
175
187
204
191
147
93
51
36
37
38
25
-4
-38
-64
-72
-64
-41
-12
8
12
6
-1
8
35
72
108
128
128
119
118
133
151
149
120
80
46
27
10
-13
-36
-50
-59
-73
-98
-126
-141
-134
-120
-120
-136
-149
-140
-116
-93
-84
-78
-70
-57
-40
-20
-2
9
11
17
29
42
40
28
18
24
38
48
42
18
-14
-41
-47
-45
-58
-93
-134
-157
-159
-158
-162
-168
-173
-181
-186
-187
-181
-176
-167
-150
-115
-78
-58
-55
-56
-49
-39
-28
-11
16
39
40
12
-26
-42
-28
1
11
-11
-53
-94
-109
-101
-80
-67
-67
-81
-97
-100
-80
-47
-12
10
15
8
0
1
18
54
97
126
107
45
-23
-44
-6
51
72
41
-14
-50
-44
-2
58
121
196
305
454
608
700
698
661
716
929
1212
1354
1220
895
629
608
789
947
875
552
138
-165
-260
-205
-156
-234
-436
-670
-846
-935
-937
-855
-725
-638
-673
-808
-914
-862
-643
-371
-195
-189
-308
-406
-362
-165
61
182
161
73
8
11
74
157
207
182
93
0
-49
-68
-88
-110
-120
-139
-206
-305
-369
-351
-282
-228
-223
-242
-260
-254
-203
-105
12
94
127
145
184
248
319
389
456
505
511
485
455
444
443
428
392
340
278
204
131
71
19
-36
-103
-160
-188
-193
-201
-225
-253
-273
-283
-288
-283
-257
-216
-178
-159
-149
-131
-109
-93
-86
-79
-68
-57
-50
-46
-40
-35
-31
-31
-44
-71
-101
-109
-89
-75
-95
-144
-182
-188
-172
-154
-135
-120
-123
-148
-167
-142
-79
-16
10
23
51
100
154
199
237
271
291
301
316
341
363
367
359
350
337
321
309
317
329
313
268
230
229
248
242
203
160
142
138
126
111
116
146
174
184
176
161
153
164
191
216
214
183
148
129
121
110
93
78
62
32
-8
-51
-81
-105
-138
-180
-223
-258
-276
-272
-258
-253
-271
-305
-327
-318
-274
-216
-172
-167
-200
-232
-221
-163
-101
-70
-64
-62
-52
-43
-39
-35
-28
-22
-26
-38
-54
-78
-100
-110
-103
-92
-102
-137
-177
-196
-185
-166
-160
-177
-194
-194
-170
-140
-119
-109
-96
-72
-39
-5
22
39
55
73
101
131
147
132
95
64
60
81
99
89
55
20
2
-1
0
-1
-13
-35
-65
-80
-65
-32
-15
-34
-72
-92
-77
-37
4
27
29
23
17
16
18
19
26
42
56
55
41
27
25
24
7
-17
-27
-14
13
37
52
66
86
117
160
220
304
410
523
602
604
534
463
485
618
749
727
523
271
152
204
298
280
127
-60
-181
-230
-254
-284
-304
-304
-309
-351
-422
-476
-464
-371
-243
-154
-156
-236
-298
-255
-105
49
102
44
-35
-54
-9
44
66
62
46
18
-26
-76
-106
-107
-93
-95
-136
-208
-282
-330
-334
-305
-265
-244
-261
-306
-337
-314
-235
-139
-77
-62
-76
-81
-47
31
128
197
205
159
106
95
132
188
221
202
138
62
15
12
31
33
3
-44
-94
-130
-145
-135
-109
-92
-107
-143
-172
-172
-136
-79
-26
2
-6
-31
-33
17
102
170
179
137
97
98
138
185
204
186
141
93
63
47
35
13
-8
-18
-22
-48
-100
-146
-139
-85
-40
-44
-81
-101
-78
-28
21
47
53
51
61
93
133
161
165
162
174
193
200
189
176
182
198
203
180
136
97
89
107
116
91
44
13
17
31
26
-3
-28
-31
-20
-13
-14
-10
3
22
41
54
65
82
106
138
166
173
165
150
149
160
170
161
134
96
68
59
61
52
21
-22
-57
-71
-71
-79
-103
-131
-146
-144
-138
-137
-144
-153
-156
-153
-146
-141
-139
-137
-138
-142
-149
-158
-158
-145
-129
-126
-140
-168
-188
-183
-157
-134
-135
-160
-187
-193
-177
-151
-132
-127
-132
-140
-139
-124
-96
-68
-52
-51
-59
-65
-56
-33
-7
14
21
22
18
15
18
34
56
70
67
56
50
61
83
101
105
97
89
89
100
116
122
116
102
93
94
98
97
92
90
88
90
90
95
99
99
93
89
93
104
111
114
115
112
99
85
82
92
103
97
75
50
42
50
65
73
72
69
70
82
96
104
99
93
97
110
121
115
97
79
74
79
80
66
40
17
6
4
0
-11
-21
-26
-30
-38
-46
-44
-35
-28
-25
-25
-23
-23
-28
-33
-33
-23
-17
-22
-34
-45
-49
-45
-45
-53
-68
-84
-95
-100
-100
-100
-103
-108
-116
-119
-121
-123
-124
-124
-121
-114
-109
-110
-117
-119
-111
-99
-93
-96
-101
-100
-95
-89
-83
-72
-63
-61
-64
-62
-51
-39
-34
-35
-33
-26
-20
-19
-17
-10
1
7
8
4
3
5
12
18
21
20
19
22
25
26
24
27
36
42
39
33
33
44
55
63
68
72
73
69
69
75
85
94
97
94
89
85
86
91
96
98
94
87
81
76
74
74
77
81
78
69
55
47
50
58
66
64
55
45
42
46
51
53
54
54
53
53
50
53
56
63
69
65
55
44
41
49
54
51
37
25
20
19
13
4
-3
-9
-12
-17
-23
-27
-31
-31
-28
-28
-33
-37
-36
-30
-24
-25
-29
-31
-27
-23
-21
-29
-36
-39
-36
-33
-37
-49
-56
-55
-49
-47
-54
-64
-66
-61
-52
-45
-45
-50
-55
-53
-44
-34
-32
-36
-38
-38
-34
-34
-32
-34
-33
-33
-34
-36
-37
-33
-27
-24
-29
-36
-39
-37
-26
-16
-11
-13
-18
-21
-15
-5
1
0
0
3
6
8
10
13
19
22
24
27
34
38
42
45
49
53
57
60
64
69
76
86
95
98
96
96
104
116
122
120
110
102
98
98
100
106
108
101
89
79
81
92
106
117
121
118
110
105
108
118
126
125
114
99
85
76
72
73
76
76
65
49
35
31
37
48
55
55
50
46
42
39
39
43
47
45
37
23
10
-1
-6
-2
2
-5
-23
-44
-51
-43
-33
-32
-39
-45
-47
-45
-47
-48
-46
-44
-44
-49
-57
-63
-63
-58
-51
-48
-51
-56
-62
-62
-58
-52
-47
-45
-50
-55
-58
-54
-48
-44
-43
-45
-50
-55
-57
-51
-44
-42
-51
-60
-60
-53
-48
-49
-55
-54
-48
-40
-36
-33
-31
-30
-27
-23
-18
-15
-13
-14
-10
-4
2
4
4
6
10
11
9
6
9
20
27
27
24
27
33
37
38
42
47
49
47
46
55
66
70
67
66
71
78
82
87
96
105
105
102
100
106
114
117
116
119
123
122
116
111
114
120
123
117
109
105
104
106
110
109
104
94
83
79
76
71
64
59
56
55
46
35
28
29
35
38
34
26
21
22
26
26
24
22
20
16
10
4
1
-3
-8
-13
-13
-19
-27
-34
-33
-28
-28
-38
-48
-50
-46
-47
-51
-54
-51
-49
-51
-54
-53
-47
-45
-47
-50
-46
-40
-37
-39
-41
-40
-41
-44
-44
-42
-40
-44
-54
-58
-50
-38
-34
-38
-42
-41
-37
-31
-25
-17
-16
-20
-24
-23
-16
-10
-12
-14
-12
-8
-9
-14
-16
-11
-5
-1
2
3
2
-1
-4
2
12
19
17
14
16
23
29
33
35
39
38
33
29
30
33
39
41
39
33
27
22
20
27
36
42
39
31
27
33
41
47
54
62
65
59
47
45
53
64
69
68
66
65
62
61
66
78
87
85
78
71
67
66
69
75
81
80
67
49
41
45
52
51
41
26
17
11
11
13
17
20
16
8
1
1
4
5
7
8
7
0
-9
-17
-17
-9
-1
-3
-16
-30
-34
-30
-24
-22
-26
-31
-33
-30
-27
-27
-29
-30
-29
-28
-29
-34
-36
-32
-28
-29
-38
-45
-40
-28
-23
-27
-31
-30
-22
-14
-6
-3
-3
-7
-7
-4
-1
-2
-6
-5
-4
-7
-15
-20
-14
0
7
1
-11
-18
-11
5
17
22
20
16
16
19
22
23
26
27
28
23
17
14
22
37
46
40
27
21
26
37
46
48
46
43
43
44
46
49
53
54
53
49
44
41
38
38
37
36
34
28
22
20
22
26
28
31
34
33
24
15
15
27
38
36
27
19
17
19
22
25
27
26
24
20
19
16
19
25
32
31
24
19
19
24
26
26
26
24
18
10
6
7
9
8
7
7
6
2
1
7
18
24
20
13
13
20
28
30
27
22
18
16
14
13
10
5
-2
-6
-8
-4
-3
-2
-1
1
-3
-7
-9
-4
2
5
3
-3
-4
-3
1
0
-3
-9
-11
-11
-11
-13
-16
-18
-13
-6
1
3
0
-3
2
13
22
22
17
14
19
26
30
27
24
23
24
24
20
16
16
23
26
23
17
16
22
26
27
25
28
32
35
33
33
32
30
28
25
25
25
24
25
25
24
25
28
32
33
31
27
25
26
27
26
26
26
24
20
14
12
10
9
5
1
0
0
-2
-2
3
9
13
14
12
13
20
24
24
21
22
24
25
20
16
13
11
11
12
14
13
13
12
12
14
13
12
13
19
24
25
24
22
23
23
19
15
14
18
23
23
18
12
11
18
26
28
29
27
26
25
26
27
29
31
31
26
18
10
8
12
18
19
12
4
-1
2
9
15
16
13
9
6
3
4
5
9
12
10
6
2
3
6
6
4
4
6
8
8
5
3
6
10
15
14
9
4
3
4
5
4
3
5
6
5
4
4
5
6
8
11
13
7
1
0
4
7
4
-1
-4
-6
-5
-2
5
9
8
3
-1
0
4
9
18
28
31
28
21
17
21
27
28
26
24
21
20
17
15
14
18
22
22
19
15
12
14
21
24
26
26
25
26
25
27
31
34
32
26
21
17
12
9
9
13
17
13
6
2
4
10
14
15
15
14
10
5
3
4
4
5
5
4
1
0
-1
0
3
9
14
15
13
11
14
19
26
29
30
26
19
14
16
24
27
26
25
24
21
17
15
19
25
27
25
23
24
25
26
26
26
26
